5.1829e-122
5.1829e-122
5.1829e-122
5.1829e-122
2.1146e-29
5.1829e-122
5.1829e-122
5.1829e-122
5.1829e-122
5.1829e-122
2.2562e-26
5.1829e-122
5.1829e-122
5.1829e-122
5.1829e-122
5.1829e-122
5.1829e-122
5.1829e-122
4.4948e-34
5.1829e-122
1.8873e-35
5.1829e-122
6.015e-26
5.1829e-122
5.1829e-122
5.1829e-122
5.1829e-122
5.1829e-122
5.1829e-122
5.1829e-122
5.1829e-122
5.1829e-122
5.1829e-122
5.1829e-122
5.1829e-122
5.1829e-122
5.1829e-122
1.3067e-23
5.1829e-122
5.1829e-122
5.1829e-122
1.2334e-23
3.6778e-41
5.1829e-122
5.1829e-122
5.1829e-122
5.1829e-122
5.1829e-122
5.1829e-122
5.1829e-122
3.1612e-22
5.1829e-122
5.1829e-122
5.1829e-122
5.1829e-122
5.1829e-122
5.1829e-122
1.8757e-30
5.1829e-122
1.2598e-30
5.1829e-122
1.2637e-37
5.1829e-122
7.0967e-30
8.2102e-27
5.1829e-122
5.1829e-122
5.1829e-122
5.1829e-122
5.1829e-122
5.1829e-122
5.1829e-122
5.1829e-122
5.1829e-122
5.1829e-122
5.1829e-122
5.1829e-122
8.2971e-19
5.1829e-122
5.1829e-122
5.031e-39
1.3282e-27
5.1829e-122
8.721e-31
3.2107e-23
1.2548e-44
5.1829e-122
5.1829e-122
5.1829e-122
5.1829e-122
5.1829e-122
5.1829e-122
4.736e-34
4.4108e-27
5.1829e-122
2.6021e-31
9.6202e-16
3.6959e-39
5.1829e-122
5.1829e-122
5.1829e-122
5.1829e-122
5.1829e-122
5.1829e-122
5.1829e-122
8.0354e-46
5.1829e-122
5.1829e-122
5.1829e-122
5.1829e-122
5.1829e-122
5.1829e-122
5.1829e-122
5.1829e-122
5.1829e-122
5.1829e-122
5.1829e-122
4.4111e-25
5.1829e-122
5.1829e-122
5.1829e-122
1.2173e-28
4.7931e-28
5.1829e-122
5.1829e-122
5.1829e-122
5.1829e-122
5.1829e-122
5.1829e-122
5.1829e-122
2.3878e-49
5.1829e-122
6.5597e-35
5.0061e-25
5.1829e-122
5.1829e-122
5.1829e-122
5.1829e-122
5.1829e-122
5.1829e-122
2.7383e-22
5.1829e-122
5.1829e-122
2.6132e-23
5.1829e-122
5.1829e-122
5.1829e-122
5.1829e-122
5.1829e-122
5.8262e-30
5.1829e-122
3.2437e-34
1.1308e-23
5.1829e-122
4.1947e-22
5.1829e-122
5.1829e-122
5.1829e-122
5.1829e-122
1.6165e-23
5.1829e-122
5.1829e-122
5.1829e-122
5.1829e-122
1.2069e-33
5.1829e-122
5.1829e-122
2.4109e-36
5.1829e-122
5.1829e-122
5.1829e-122
1.7897e-24
5.1829e-122
5.1829e-122
5.1829e-122
5.1829e-122
1.5259e-48
5.1829e-122
5.1829e-122
5.1829e-122
5.1829e-122
5.1829e-122
5.1829e-122
5.1829e-122
5.1829e-122
5.1829e-122
5.1829e-122
3.5767e-40
5.1829e-122
5.1829e-122
1.0249e-32
5.1829e-122
5.1829e-122
5.1829e-122
5.1829e-122
5.1829e-122
5.1829e-122
5.1829e-122
6.8484e-38
5.1829e-122
5.1829e-122
1.6601e-34
5.1829e-122
5.1829e-122
5.1829e-122
5.1829e-122
5.1829e-122
2.0939e-14
1.6254e-27
5.1829e-122
4.2764e-37
5.1829e-122
5.1829e-122
1.0827e-17
5.1829e-122
9.6514e-44
3.5869e-40
5.1829e-122
5.1829e-122
6.1817e-41
5.1829e-122
5.1829e-122
5.1829e-122
5.1829e-122
9.6088e-35
5.1829e-122
5.1829e-122
5.1829e-122
5.1829e-122
5.1829e-122
5.1829e-122
5.1829e-122
5.1829e-122
5.1829e-122
5.1829e-122
5.1829e-122
1.1077e-12
5.1829e-122
2.6315e-43
5.1829e-122
5.1829e-122
5.1829e-122
5.1829e-122
5.1829e-122
5.1829e-122
5.1829e-122
5.1829e-122
5.1829e-122
5.1829e-122
5.1829e-122
5.1829e-122
5.1829e-122
5.1829e-122
5.1829e-122
4.4945e-27
5.1829e-122
6.2713e-28
5.7573e-39
5.1829e-122
5.1829e-122
4.9142e-28
8.8326e-15
5.1829e-122
5.1829e-122
5.1829e-122
5.1829e-122
5.1829e-122
2.1589e-26
5.1829e-122
5.1829e-122
5.1829e-122
7.8431e-29
5.1829e-122
5.1829e-122
5.1829e-122
5.1829e-122
5.1829e-122
5.1829e-122
5.1829e-122
5.1829e-122
7.3102e-25
5.1829e-122
5.1829e-122
5.1829e-122
5.1829e-122
5.1829e-122
5.1829e-122
5.1829e-122
5.1829e-122
1.2168e-34
5.1829e-122
5.1829e-122
5.1829e-122
5.1829e-122
5.1829e-122
2.8326e-17
5.1829e-122
5.1829e-122
5.7691e-24
5.1829e-122
5.1829e-122
5.1829e-122
5.1829e-122
5.1829e-122
5.1829e-122
5.1829e-122
1.1978e-22
5.1829e-122
5.1829e-122
1.2446e-39
5.7427e-22
5.1829e-122
5.1829e-122
5.1829e-122
5.1829e-122
5.1829e-122
5.1829e-122
5.1829e-122
5.1829e-122
5.1829e-122
5.1829e-122
5.1829e-122
3.2285e-25
5.1829e-122
2.9929e-32
6.8886e-47
5.1829e-122
2.423e-30
5.1829e-122
5.1829e-122
5.1829e-122
5.1829e-122
5.1829e-122
3.193e-27
3.1951e-40
5.1829e-122
5.1829e-122
5.1829e-122
5.1829e-122
5.1829e-122
5.1829e-122
5.1829e-122
5.1829e-122
1.1658e-35
5.1829e-122
3.5173e-27
5.1829e-122
5.1829e-122
5.1829e-122
8.9086e-23
5.1829e-122
5.1829e-122
5.1829e-122
5.1829e-122
5.1829e-122
5.1829e-122
1.8926e-25
2.2068e-32
5.1829e-122
5.1829e-122
5.1829e-122
1.8534e-23
5.1829e-122
1.6467e-19
5.1829e-122
1.1194e-39
5.1829e-122
5.1829e-122
5.1829e-122
5.1829e-122
5.1829e-122
5.1829e-122
5.1829e-122
5.1829e-122
5.1829e-122
5.1829e-122
5.1829e-122
5.1829e-122
5.1829e-122
5.1829e-122
1.9271e-27
2.3559e-34
8.0681e-23
5.1829e-122
5.1829e-122
5.1829e-122
5.1829e-122
5.1829e-122
5.1829e-122
5.1829e-122
5.1829e-122
2.2812e-29
5.1829e-122
5.1829e-122
3.7115e-29
5.1829e-122
5.1829e-122
5.1829e-122
5.1829e-122
5.1829e-122
5.1829e-122
3.757e-32
5.1829e-122
4.6867e-20
5.1829e-122
5.1829e-122
2.1175e-31
2.6953e-31
5.1829e-122
5.1829e-122
5.1829e-122
1.746e-31
5.1829e-122
2.9488e-23
1.0276e-34
4.0901e-43
5.1829e-122
5.1829e-122
5.1829e-122
5.1829e-122
1.9064e-26
5.1829e-122
5.1829e-122
5.1829e-122
3.4258e-25
5.1829e-122
1.5873e-21
5.1829e-122
1.386e-19
5.1829e-122
5.1829e-122
5.1829e-122
3.8171e-26
5.1829e-122
5.1829e-122
5.1829e-122
5.1829e-122
5.1829e-122
5.1829e-122
5.1829e-122
5.1829e-122
1.4293e-33
5.1829e-122
5.1829e-122
5.1829e-122
2.7026e-33
5.1829e-122
5.1829e-122
5.1829e-122
5.1829e-122
5.9122e-35
5.1829e-122
5.1829e-122
5.1829e-122
5.1829e-122
5.1829e-122
5.1829e-122
5.1829e-122
5.1829e-122
5.1829e-122
1.645e-31
5.1829e-122
3.8063e-24
5.1829e-122
5.1829e-122
5.5907e-46
5.1829e-122
5.1829e-122
5.1829e-122
5.1829e-122
2.108e-14
2.4803e-34
1.8604e-52
5.1829e-122
8.2373e-38
1.5939e-47
5.1829e-122
5.1829e-122
5.1829e-122
5.1829e-122
6.8221e-26
8.8768e-29
5.1829e-122
1.6358e-34
5.1829e-122
5.1829e-122
5.1829e-122
5.1829e-122
2.7811e-39
6.4623e-44
5.0782e-31
5.1829e-122
5.1829e-122
5.1829e-122
5.1829e-122
5.1829e-122
3.6503e-37
5.1829e-122
5.1829e-122
5.1829e-122
5.1829e-122
4.162e-48
7.7482e-18
5.1829e-122
1.3102e-34
5.1829e-122
5.1829e-122
5.1829e-122
5.1829e-122
3.9506e-26
5.1829e-122
4.1224e-16
1.5722e-27
5.1829e-122
5.1829e-122
5.1829e-122
2.6273e-33
5.1829e-122
5.1829e-122
3.431e-41
5.1829e-122
5.1829e-122
5.8688e-49
5.1829e-122
5.1829e-122
5.1829e-122
5.1829e-122
5.1829e-122
5.1829e-122
5.1829e-122
5.1829e-122
5.1829e-122
5.1829e-122
5.1829e-122
5.1829e-122
5.1829e-122
5.1829e-122
8.3888e-39
5.1829e-122
6.3473e-34
5.1829e-122
5.1829e-122
5.1829e-122
4.8445e-33
5.1829e-122
1.5048e-19
5.1829e-122
5.1829e-122
4.46e-19
5.1829e-122
5.1829e-122
5.1829e-122
5.1829e-122
5.1829e-122
5.1829e-122
5.1829e-122
3.0044e-36
5.1829e-122
5.1829e-122
1.3815e-19
5.1829e-122
1.9773e-19
3.0609e-29
5.1829e-122
5.1829e-122
5.1829e-122
5.1829e-122
2.5094e-22
5.1829e-122
5.1829e-122
5.1829e-122
5.1829e-122
5.1829e-122
5.1829e-122
5.1829e-122
5.1829e-122
5.1829e-122
5.1829e-122
5.1829e-122
2.0475e-25
5.1829e-122
3.8014e-33
5.1829e-122
8.2479e-31
1.7746e-30
5.1829e-122
5.1829e-122
5.1829e-122
5.1829e-122
5.1829e-122
5.1829e-122
1.4043e-19
5.1829e-122
5.1829e-122
2.7919e-40
4.209e-25
5.1829e-122
1.041e-24
5.1829e-122
5.1829e-122
5.1829e-122
5.1829e-122
2.7981e-40
5.1829e-122
5.1829e-122
5.1829e-122
5.1829e-122
5.1829e-122
5.1829e-122
5.1829e-122
5.1829e-122
5.1829e-122
5.1829e-122
1.6829e-26
5.1829e-122
2.8172e-13
1.263e-28
5.1829e-122
9.9752e-36
5.1829e-122
2.8258e-27
1.1807e-37
3.4288e-24
5.1829e-122
1.585e-31
5.1829e-122
5.1829e-122
5.1829e-122
5.1829e-122
5.1829e-122
5.1829e-122
5.1829e-122
2.045e-32
5.1829e-122
5.1829e-122
2.6001e-26
5.1829e-122
5.1829e-122
5.1829e-122
5.1829e-122
6.3001e-30
5.1829e-122
5.1829e-122
5.1829e-122
5.1829e-122
5.1829e-122
8.1081e-35
5.1829e-122
3.6475e-23
5.1829e-122
2.1682e-26
5.1829e-122
5.1829e-122
5.1829e-122
5.1829e-122
8.599e-32
5.1829e-122
5.1829e-122
5.1829e-122
5.1829e-122
5.1829e-122
5.1829e-122
5.1829e-122
5.1829e-122
5.1829e-122
5.1829e-122
5.1829e-122
4.664e-40
5.1829e-122
2.6485e-22
5.1829e-122
5.1829e-122
5.1829e-122
2.475e-58
3.2975e-21
2.9892e-46
5.1829e-122
1.0269e-30
5.1829e-122
5.1829e-122
5.1829e-122
5.1829e-122
5.1829e-122
5.1829e-122
5.1829e-122
5.1829e-122
6.1734e-32
5.1829e-122
5.1829e-122
1.6032e-43
5.1829e-122
5.1829e-122
5.1829e-122
5.1829e-122
5.1829e-122
5.1829e-122
5.1829e-122
5.1829e-122
5.1829e-122
5.1829e-122
5.1829e-122
1.4175e-43
5.1829e-122
5.1829e-122
1.5346e-31
3.4276e-27
5.1829e-122
5.1829e-122
5.1829e-122
5.1829e-122
5.1829e-122
4.6268e-24
5.1829e-122
5.1829e-122
5.1829e-122
5.1829e-122
5.1829e-122
5.1829e-122
1.4267e-26
5.1829e-122
1.6058e-33
5.1829e-122
5.1829e-122
5.1829e-122
5.1829e-122
5.1829e-122
5.1829e-122
5.1829e-122
5.1829e-122
5.1829e-122
9.1625e-27
5.1829e-122
5.1829e-122
5.1829e-122
3.3919e-54
5.1829e-122
5.1829e-122
2.9913e-39
5.1829e-122
3.1701e-27
3.6215e-31
5.1829e-122
5.1829e-122
5.1829e-122
5.1829e-122
5.1829e-122
1.1329e-31
5.1829e-122
5.1829e-122
1.1739e-36
5.1829e-122
5.1829e-122
5.1829e-122
5.1829e-122
5.1829e-122
7.9464e-46
5.1829e-122
5.1829e-122
4.7611e-32
1.9458e-22
5.1829e-122
5.1829e-122
5.1829e-122
1.3563e-39
5.1829e-122
5.1829e-122
5.1829e-122
5.1829e-122
5.1829e-122
2.1722e-20
9.0313e-35
1.3874e-22
5.1829e-122
5.1829e-122
5.1829e-122
5.1829e-122
5.1829e-122
3.496e-16
5.1829e-122
5.1829e-122
4.9475e-26
5.1829e-122
5.1829e-122
5.1829e-122
5.1829e-122
2.2742e-20
5.1829e-122
5.1829e-122
2.2178e-28
5.1829e-122
7.8928e-22
5.1829e-122
5.1829e-122
5.1829e-122
5.1829e-122
5.1829e-122
5.1829e-122
5.1829e-122
5.1829e-122
5.1829e-122
5.1829e-122
5.1829e-122
5.1829e-122
5.1829e-122
2.6622e-35
1.2532e-29
5.1829e-122
5.1829e-122
5.1829e-122
5.1829e-122
5.1829e-122
2.3849e-39
5.1829e-122
5.1829e-122
5.1829e-122
5.1829e-122
8.208e-34
5.1829e-122
5.6761e-34
5.1829e-122
1.3744e-20
2.703e-31
5.1829e-122
5.1829e-122
5.1829e-122
5.1829e-122
5.1829e-122
5.1829e-122
3.0976e-41
2.2939e-45
5.1829e-122
2.9945e-24
5.1829e-122
1.5762e-23
5.1829e-122
3.7824e-41
5.1829e-122
5.1829e-122
5.1829e-122
5.1829e-122
5.1829e-122
5.1829e-122
5.1829e-122
5.1829e-122
5.1829e-122
5.1829e-122
5.1829e-122
5.1829e-122
5.1829e-122
5.1829e-122
1.3368e-33
1.9831e-32
5.1829e-122
5.1829e-122
5.1829e-122
5.1829e-122
5.1829e-122
5.1829e-122
5.1829e-122
5.1829e-122
2.4108e-36
5.1829e-122
5.1829e-122
5.1829e-122
5.1829e-122
5.1829e-122
2.1251e-22
5.1829e-122
5.1829e-122
1.6365e-34
5.1829e-122
5.1829e-122
5.1829e-122
5.1829e-122
5.1829e-122
5.1829e-122
5.1829e-122
5.1829e-122
2.3548e-20
5.1829e-122
2.5975e-37
8.6818e-32
5.1829e-122
1.5993e-14
7.4654e-20
9.7988e-50
5.1829e-122
5.1829e-122
5.1829e-122
5.1829e-122
5.1829e-122
2.4678e-46
5.1829e-122
5.1829e-122
5.1829e-122
5.1829e-122
5.1829e-122
5.8032e-25
5.1829e-122
5.1829e-122
5.1829e-122
5.1829e-122
5.1829e-122
5.1829e-122
5.1829e-122
5.1829e-122
8.0535e-23
5.1829e-122
5.1829e-122
5.1829e-122
5.1829e-122
5.1829e-122
5.1829e-122
5.1829e-122
5.1829e-122
5.1829e-122
1.5876e-17
3.8952e-35
5.1829e-122
5.1829e-122
3.3305e-36
5.1829e-122
5.1829e-122
2.551e-27
5.1829e-122
5.1829e-122
5.1829e-122
5.0863e-29
2.2546e-38
5.1829e-122
4.3784e-30
1.3863e-43
5.1829e-122
5.1829e-122
5.1829e-122
5.1829e-122
5.1829e-122
5.1829e-122
5.1829e-122
5.3721e-33
5.1829e-122
5.1829e-122
7.6307e-42
5.1829e-122
5.751e-38
5.1829e-122
8.4471e-22
1.4428e-27
1.5363e-31
5.1829e-122
5.1829e-122
5.1829e-122
5.1829e-122
5.1829e-122
5.526e-57
5.1829e-122
5.1829e-122
5.1829e-122
5.1829e-122
5.1829e-122
5.1829e-122
5.1829e-122
5.1829e-122
5.1829e-122
5.1829e-122
5.1829e-122
1.992e-25
5.1829e-122
5.2151e-32
5.1829e-122
5.1829e-122
5.1829e-122
5.1829e-122
5.1829e-122
4.7536e-31
5.1829e-122
5.1829e-122
5.1829e-122
5.1829e-122
5.1829e-122
5.1829e-122
5.1829e-122
4.3028e-30
5.1829e-122
5.1829e-122
5.0725e-44
5.1829e-122
5.1829e-122
5.1829e-122
5.1829e-122
1.5856e-33
5.1829e-122
5.1829e-122
5.1829e-122
5.1829e-122
5.1829e-122
5.1829e-122
5.1829e-122
5.9803e-25
5.1829e-122
5.1829e-122
5.1829e-122
7.9201e-18
5.1829e-122
5.1829e-122
5.1829e-122
1.9528e-32
5.1829e-122
1.0591e-33
5.1829e-122
9.7456e-17
5.1829e-122
3.714e-19
1.1115e-42
5.1829e-122
5.1829e-122
1.3788e-37
5.6275e-31
5.1829e-122
5.1829e-122
5.1829e-122
5.1829e-122
1.2828e-27
3.0151e-26
1.5124e-28
4.2614e-23
1.2842e-29
5.1829e-122
2.4281e-32
3.007e-21
1.2339e-16
5.1829e-122
1.0983e-19
5.1829e-122
5.1829e-122
6.4492e-11
5.1829e-122
5.1829e-122
2.4321e-27
5.1829e-122
5.1829e-122
5.1829e-122
1.031e-45
5.1829e-122
5.1829e-122
1.0377e-33
5.1829e-122
1.1822e-17
6.4465e-19
2.0409e-38
5.1829e-122
1.2035e-37
5.1829e-122
5.7624e-41
5.1829e-122
5.1829e-122
5.1829e-122
5.1829e-122
5.1829e-122
5.1829e-122
5.1829e-122
5.1829e-122
5.1829e-122
1.7022e-25
5.1829e-122
5.1829e-122
7.1633e-29
5.1829e-122
5.1829e-122
5.1829e-122
5.1829e-122
5.1829e-122
5.1829e-122
5.1829e-122
2.1389e-36
5.1829e-122
5.1829e-122
5.1829e-122
5.1829e-122
5.1829e-122
5.1829e-122
5.1829e-122
5.1829e-122
5.8487e-13
5.1829e-122
7.5445e-27
2.1125e-39
5.1829e-122
5.1829e-122
5.1829e-122
5.1829e-122
5.1829e-122
2.5742e-35
5.1829e-122
5.1829e-122
5.1829e-122
5.1829e-122
5.1829e-122
2.1322e-40
1.3638e-41
5.1829e-122
5.1829e-122
5.1829e-122
5.1829e-122
8.6599e-24
5.1829e-122
2.7265e-42
5.1829e-122
1.0565e-24
5.1829e-122
5.1829e-122
5.1829e-122
5.1829e-122
1.4451e-30
2.3557e-45
5.1829e-122
5.1829e-122
5.1829e-122
5.1829e-122
5.1829e-122
5.1829e-122
5.1829e-122
5.1829e-122
5.1829e-122
5.1829e-122
5.1829e-122
2.3465e-11
5.1829e-122
5.1829e-122
5.1829e-122
5.1829e-122
5.1829e-122
5.1829e-122
5.1829e-122
5.1829e-122
5.1829e-122
5.1829e-122
1.3611e-38
5.1829e-122
5.1829e-122
5.1829e-122
5.1829e-122
5.1829e-122
1.6992e-32
5.1829e-122
5.1829e-122
5.1829e-122
5.1829e-122
5.1829e-122
5.1829e-122
5.1829e-122
5.1829e-122
5.1829e-122
5.1829e-122
5.1829e-122
3.2189e-19
9.553e-38
5.1829e-122
5.1829e-122
5.1829e-122
5.1829e-122
5.1829e-122
5.1829e-122
4.1768e-44
5.1829e-122
5.1829e-122
5.1829e-122
5.1829e-122
5.1829e-122
5.1829e-122
5.1829e-122
1.4558e-33
5.1829e-122
8.8062e-36
5.1829e-122
2.1937e-31
5.1829e-122
5.1829e-122
4.7374e-33
5.1829e-122
5.1829e-122
5.1829e-122
5.1829e-122
3.2275e-32
5.1829e-122
5.9971e-20
5.1829e-122
5.1829e-122
2.9995e-20
5.1829e-122
5.1829e-122
5.1829e-122
5.1829e-122
5.1829e-122
5.1829e-122
5.1829e-122
2.9189e-27
3.63e-46
3.3127e-28
5.1829e-122
9.2574e-41
5.1829e-122
1.9e-16
9.1163e-34
5.1829e-122
7.6464e-43
5.1829e-122
5.1829e-122
4.1852e-33
5.1829e-122
5.1829e-122
5.1829e-122
5.1829e-122
5.1829e-122
4.6511e-37
5.1829e-122
1.7078e-30
5.1829e-122
5.1829e-122
5.1829e-122
5.1829e-122
5.1829e-122
6.0976e-31
5.1829e-122
5.1829e-122
5.1829e-122
5.1829e-122
5.1829e-122
5.1829e-122
5.1829e-122
5.1829e-122
1.6323e-16
5.1829e-122
5.1829e-122
5.1829e-122
5.1829e-122
1.6015e-35
5.1829e-122
5.1829e-122
5.1829e-122
5.1829e-122
5.1829e-122
5.1829e-122
5.1829e-122
5.1829e-122
5.1829e-122
5.1829e-122
5.1829e-122
5.1829e-122
5.1829e-122
5.1829e-122
6.3471e-25
3.4155e-26
5.1829e-122
5.1829e-122
1.7208e-33
5.1829e-122
5.1829e-122
5.1829e-122
5.1829e-122
5.1829e-122
5.1829e-122
1.885e-43
5.1829e-122
5.1829e-122
5.1829e-122
1.7011e-18
5.1829e-122
1.653e-32
5.1829e-122
5.1829e-122
5.1829e-122
5.1829e-122
5.1829e-122
5.1829e-122
5.1829e-122
5.1829e-122
5.1829e-122
2.4027e-28
5.1829e-122
1.3231e-35
5.1829e-122
4.4433e-31
5.1829e-122
5.1829e-122
5.1829e-122
4.3689e-33
1.408e-30
1.7522e-28
5.1829e-122
5.1829e-122
5.1829e-122
5.1829e-122
5.1829e-122
5.1829e-122
5.1829e-122
5.1829e-122
5.1829e-122
5.1829e-122
5.1829e-122
5.1829e-122
1.5406e-30
6.9244e-29
5.1829e-122
9.0698e-39
5.1829e-122
5.1829e-122
5.1829e-122
1.2338e-23
5.1829e-122
1.9198e-24
1.0808e-24
2.7899e-25
5.1829e-122
1.9988e-30
3.7106e-46
5.1829e-122
5.1829e-122
5.1829e-122
5.1829e-122
5.1829e-122
5.1829e-122
5.1829e-122
5.1829e-122
3.2963e-41
5.1829e-122
1.9364e-36
5.1829e-122
5.1829e-122
5.1829e-122
5.1829e-122
5.1829e-122
5.1829e-122
1.8104e-14
5.1829e-122
5.1829e-122
5.1829e-122
5.0533e-29
5.1829e-122
5.1829e-122
5.1829e-122
5.1829e-122
1.6816e-30
5.1829e-122
5.1829e-122
5.1829e-122
5.1829e-122
5.1829e-122
9.5356e-39
5.1829e-122
5.1829e-122
2.9286e-25
2.357e-44
5.1829e-122
5.1829e-122
5.1829e-122
7.994e-35
5.1829e-122
7.7923e-19
5.1829e-122
5.1829e-122
2.9659e-39
3.2967e-28
5.1829e-122
2.4444e-28
5.1829e-122
5.1829e-122
5.1829e-122
5.1829e-122
3.302e-44
5.1829e-122
5.1829e-122
5.1829e-122
5.1829e-122
5.1829e-122
1.1621e-46
5.1829e-122
5.1829e-122
5.1829e-122
4.1924e-36
5.1829e-122
4.1795e-30
1.7262e-43
5.1829e-122
5.1829e-122
5.1829e-122
5.1829e-122
1.5742e-23
5.1829e-122
5.1829e-122
2.1229e-31
5.1829e-122
5.1829e-122
5.1829e-122
1.0015e-36
5.1829e-122
5.1829e-122
5.1829e-122
1.34e-32
4.7868e-50
5.1829e-122
5.1829e-122
9.6076e-25
5.1829e-122
5.1829e-122
5.1829e-122
5.1829e-122
5.1829e-122
1.9125e-28
3.8261e-26
3.6095e-36
5.6808e-33
5.1829e-122
5.1829e-122
5.1829e-122
5.1829e-122
4.4848e-29
4.2752e-29
5.1829e-122
4.274e-25
5.1829e-122
1.4518e-26
3.5519e-31
5.1829e-122
5.1829e-122
5.1829e-122
5.1829e-122
5.1829e-122
6.1204e-30
5.1829e-122
5.1829e-122
5.1829e-122
4.6241e-25
5.1829e-122
2.4324e-28
5.1829e-122
5.1829e-122
5.1829e-122
5.282e-39
5.1829e-122
5.6498e-22
5.1829e-122
5.1829e-122
6.5276e-28
3.2288e-16
5.1829e-122
3.3351e-26
5.1829e-122
5.1829e-122
5.1829e-122
1.3177e-29
5.1829e-122
5.1829e-122
5.1829e-122
5.1829e-122
5.9241e-23
5.1829e-122
5.1829e-122
9.1531e-28
5.1829e-122
1.359e-25
5.1829e-122
5.1829e-122
5.1829e-122
5.1829e-122
5.1829e-122
5.1829e-122
5.1829e-122
5.1829e-122
5.1829e-122
5.1829e-122
5.1829e-122
5.1829e-122
5.1829e-122
5.1829e-122
5.1829e-122
9.9508e-18
5.1829e-122
5.1829e-122
5.1829e-122
2.1458e-35
5.1829e-122
5.1829e-122
5.1829e-122
5.1829e-122
5.1829e-122
5.1829e-122
5.1829e-122
8.4599e-34
5.1829e-122
5.1829e-122
5.4379e-51
5.1829e-122
5.1829e-122
1.6209e-26
5.1829e-122
5.1829e-122
5.4843e-33
5.1829e-122
5.1829e-122
5.1829e-122
5.1829e-122
5.1829e-122
5.1829e-122
5.1829e-122
5.1829e-122
5.1829e-122
2.7943e-24
5.1829e-122
5.1829e-122
5.1829e-122
5.1829e-122
5.1829e-122
5.1829e-122
5.8054e-23
5.1829e-122
5.1829e-122
5.1829e-122
5.1829e-122
6.9297e-31
5.1829e-122
8.9591e-22
2.1169e-24
5.1829e-122
5.1829e-122
5.1829e-122
5.1829e-122
6.5894e-25
5.1829e-122
5.1829e-122
5.1829e-122
1.0038e-32
5.1829e-122
1.3555e-42
5.1829e-122
5.1829e-122
1.0309e-29
5.1829e-122
5.1829e-122
1.1911e-35
5.1829e-122
3.274e-25
5.3947e-26
1.4899e-18
5.1829e-122
5.1829e-122
5.1829e-122
5.1829e-122
5.1829e-122
5.1829e-122
2.09e-36
2.379e-36
5.1829e-122
5.1829e-122
2.0368e-34
1.496e-33
1.2197e-32
5.1829e-122
5.1829e-122
5.1829e-122
2.1081e-26
5.1829e-122
5.1829e-122
5.1829e-122
1.0014e-33
5.1829e-122
1.8969e-35
5.1829e-122
4.5585e-40
5.1829e-122
6.4597e-36
2.7033e-30
2.8059e-32
5.1829e-122
5.1829e-122
5.1829e-122
5.1829e-122
5.1829e-122
3.9074e-29
1.1389e-34
5.1829e-122
5.1829e-122
5.1829e-122
5.1829e-122
5.1829e-122
5.1829e-122
2.0837e-30
5.1829e-122
5.1829e-122
5.1829e-122
5.1829e-122
5.1829e-122
5.1829e-122
5.1829e-122
5.1829e-122
5.1586e-26
1.5657e-41
5.1829e-122
9.1198e-25
5.1829e-122
1.0174e-39
5.1829e-122
5.1829e-122
5.1829e-122
5.1829e-122
5.1829e-122
5.1829e-122
1.0829e-37
1.5271e-27
5.1829e-122
6.1733e-38
5.1829e-122
3.2963e-31
5.1829e-122
5.1829e-122
4.5262e-39
1.1642e-45
5.1829e-122
5.1829e-122
5.1829e-122
5.3144e-39
5.1829e-122
5.1829e-122
5.7623e-26
5.1829e-122
1.6975e-19
7.835e-46
1.2173e-27
5.1829e-122
5.1829e-122
5.1829e-122
5.1829e-122
8.4146e-12
5.1829e-122
5.1829e-122
5.1829e-122
1.5551e-43
3.3927e-34
5.1829e-122
5.1829e-122
2.1085e-37
5.1829e-122
5.1829e-122
5.1829e-122
3.1871e-19
1.9807e-33
5.1829e-122
5.1829e-122
5.1829e-122
5.1829e-122
5.1829e-122
5.1829e-122
5.0356e-53
5.1829e-122
5.1829e-122
5.1829e-122
5.1829e-122
5.1829e-122
5.1829e-122
5.1829e-122
5.1829e-122
5.1829e-122
5.1829e-122
5.1829e-122
5.1829e-122
3.8916e-25
5.1829e-122
6.716e-18
9.6048e-22
5.1829e-122
5.1829e-122
3.1947e-32
5.1829e-122
5.1829e-122
4.7051e-45
5.1829e-122
5.1829e-122
2.2245e-31
5.1829e-122
5.1829e-122
5.1829e-122
5.1829e-122
5.1829e-122
5.1829e-122
5.1829e-122
3.4295e-27
2.3965e-33
5.1829e-122
5.1829e-122
5.1829e-122
5.1829e-122
5.1829e-122
5.1829e-122
5.1829e-122
5.1829e-122
5.1829e-122
5.1829e-122
5.1829e-122
9.7317e-24
5.1829e-122
5.1829e-122
5.1829e-122
1.104e-25
5.1829e-122
5.1829e-122
5.1829e-122
5.1829e-122
3.6122e-30
5.1829e-122
5.1829e-122
5.1829e-122
2.0466e-25
3.7144e-37
5.1829e-122
5.1829e-122
9.7227e-23
3.3731e-45
5.1829e-122
5.1829e-122
5.1829e-122
7.77e-22
5.1829e-122
5.1829e-122
5.1829e-122
5.1829e-122
5.1829e-122
4.1577e-27
5.1829e-122
5.1829e-122
5.1829e-122
5.1829e-122
5.1829e-122
5.1829e-122
6.0296e-32
5.1829e-122
5.1829e-122
5.1829e-122
5.1829e-122
3.1866e-32
5.1829e-122
9.136e-38
5.1829e-122
3.8527e-23
5.1829e-122
5.1829e-122
5.1829e-122
5.1829e-122
5.1829e-122
5.1829e-122
5.1829e-122
5.1829e-122
2.6829e-25
5.1829e-122
5.1829e-122
5.1829e-122
5.1829e-122
5.1829e-122
5.1829e-122
5.1829e-122
4.1947e-21
5.1829e-122
3.8146e-36
5.1829e-122
5.1829e-122
5.1829e-122
5.1829e-122
5.1829e-122
5.1829e-122
3.6898e-19
5.1829e-122
5.1829e-122
5.1829e-122
5.1829e-122
5.1829e-122
5.1829e-122
1.0754e-27
2.8172e-37
5.1829e-122
1.7303e-33
5.1829e-122
4.0235e-45
6.2065e-36
5.1829e-122
5.1829e-122
5.1829e-122
5.1829e-122
5.1829e-122
1.2711e-48
5.1829e-122
5.1829e-122
5.1829e-122
5.1829e-122
5.1829e-122
5.1829e-122
5.1829e-122
5.1829e-122
2.473e-42
5.1829e-122
1.1547e-12
6.5926e-25
5.1829e-122
8.5631e-22
5.1829e-122
5.1829e-122
7.9172e-18
5.1829e-122
5.1829e-122
5.1829e-122
1.2172e-21
5.1829e-122
5.1829e-122
3.3469e-37
5.1829e-122
5.1829e-122
5.1829e-122
1.0299e-43
5.1829e-122
7.7051e-24
4.4708e-34
5.1829e-122
5.1829e-122
5.0299e-18
1.1192e-36
5.1829e-122
5.1829e-122
5.1829e-122
5.1829e-122
5.1829e-122
5.1829e-122
5.1829e-122
5.1829e-122
5.1829e-122
5.1829e-122
5.1829e-122
5.1829e-122
3.1837e-27
1.9286e-42
5.1829e-122
5.1829e-122
5.1829e-122
5.1829e-122
5.1829e-122
5.1829e-122
5.1829e-122
5.1829e-122
5.1829e-122
7.9696e-25
5.1829e-122
5.1829e-122
5.1829e-122
5.1829e-122
5.1829e-122
5.1829e-122
5.1829e-122
5.1829e-122
5.1829e-122
9.487e-43
5.1829e-122
5.1829e-122
1.8392e-47
5.1829e-122
5.1829e-122
5.1829e-122
5.1829e-122
5.1829e-122
5.1829e-122
1.4793e-28
5.1829e-122
5.1829e-122
1.4047e-28
5.1829e-122
5.1829e-122
5.1829e-122
6.9624e-30
5.1829e-122
5.1829e-122
5.1829e-122
4.0163e-45
5.1829e-122
5.1829e-122
8.4627e-21
5.9723e-20
4.2411e-30
5.1829e-122
2.1867e-34
5.1829e-122
5.1829e-122
5.1829e-122
5.1829e-122
3.6016e-14
1.4114e-34
5.1829e-122
5.1829e-122
2.1331e-49
4.15e-22
5.1829e-122
5.1829e-122
5.1829e-122
5.1829e-122
3.3468e-25
3.1085e-37
1.569e-46
1.6417e-29
5.1829e-122
1.3971e-31
5.1829e-122
5.1829e-122
5.1829e-122
5.1829e-122
1.4239e-35
5.1829e-122
5.1829e-122
5.1829e-122
5.1829e-122
5.1829e-122
5.1829e-122
5.1829e-122
5.1829e-122
5.1829e-122
5.1829e-122
5.1829e-122
4.2813e-34
5.1829e-122
5.1829e-122
5.1829e-122
5.1829e-122
2.7216e-24
5.1829e-122
5.1829e-122
5.1829e-122
1.3397e-24
5.1829e-122
5.1829e-122
1.9714e-36
5.1829e-122
5.1829e-122
6.8704e-40
5.1829e-122
9.5679e-27
5.1829e-122
5.1829e-122
5.1829e-122
5.1829e-122
2.2162e-36
5.1829e-122
5.1829e-122
5.1829e-122
5.1829e-122
5.1829e-122
5.1829e-122
5.1829e-122
3.866e-35
5.1829e-122
5.1829e-122
5.1829e-122
2.5317e-35
5.1829e-122
5.1829e-122
5.1829e-122
5.1829e-122
5.1829e-122
5.1829e-122
5.1829e-122
7.0087e-39
5.1829e-122
5.1829e-122
5.1829e-122
5.1829e-122
1.6445e-31
5.1829e-122
5.1829e-122
5.1829e-122
5.1829e-122
5.1829e-122
5.1829e-122
5.1829e-122
5.1829e-122
5.1829e-122
5.1829e-122
5.1829e-122
5.1829e-122
1.5786e-27
5.1829e-122
5.1829e-122
5.1829e-122
5.1829e-122
2.5656e-19
5.1829e-122
5.1829e-122
5.1829e-122
5.1829e-122
3.4633e-23
5.1829e-122
1.5675e-31
5.1829e-122
5.1829e-122
5.1829e-122
5.1829e-122
1.0888e-30
5.1829e-122
5.1829e-122
5.1829e-122
5.1829e-122
5.1829e-122
5.1829e-122
5.1829e-122
5.1829e-122
5.1829e-122
5.1829e-122
5.1829e-122
5.1829e-122
5.1829e-122
5.1829e-122
5.1829e-122
1.3108e-23
1.4807e-17
5.1829e-122
5.1829e-122
5.1948e-28
5.1829e-122
5.1829e-122
5.1829e-122
5.1829e-122
5.1829e-122
5.1829e-122
5.1829e-122
8.5223e-34
5.1829e-122
5.1829e-122
5.1829e-122
5.1829e-122
5.1829e-122
5.1829e-122
5.1829e-122
5.1829e-122
5.1829e-122
5.1829e-122
5.1829e-122
5.1829e-122
5.1829e-122
5.1829e-122
1.9549e-25
5.1829e-122
5.1829e-122
5.1829e-122
5.1829e-122
5.1829e-122
5.1829e-122
5.1829e-122
2.0344e-27
1.2991e-38
5.1829e-122
5.1829e-122
1.1942e-30
5.1829e-122
1.4949e-32
1.9523e-33
5.1829e-122
5.1829e-122
5.1829e-122
5.1829e-122
1.1426e-33
5.1829e-122
2.8042e-39
5.1829e-122
9.0476e-16
5.1829e-122
5.1829e-122
5.1829e-122
5.1829e-122
4.3897e-39
5.1829e-122
5.1829e-122
5.1829e-122
5.1829e-122
5.1829e-122
5.1829e-122
5.1829e-122
5.1829e-122
5.1829e-122
5.1829e-122
5.1829e-122
5.1829e-122
5.1829e-122
5.8958e-22
5.1829e-122
5.1829e-122
5.1829e-122
9.5252e-50
6.3366e-41
5.1829e-122
5.1829e-122
5.1829e-122
1.9093e-41
5.1829e-122
5.1829e-122
3.1498e-35
5.1829e-122
1.9684e-31
2.4019e-27
5.1829e-122
5.1829e-122
2.8334e-28
5.1829e-122
3.0497e-11
1.6894e-31
8.316e-30
5.1829e-122
4.1787e-63
1.2762e-29
5.1829e-122
5.1829e-122
5.1829e-122
1.1025e-33
5.1829e-122
5.1829e-122
5.1829e-122
5.1829e-122
4.4474e-32
5.1829e-122
8.4065e-44
5.1829e-122
5.1829e-122
1.1021e-47
5.1829e-122
1.8838e-27
7.0282e-17
5.1829e-122
5.1829e-122
5.1829e-122
5.1829e-122
5.1829e-122
3.6361e-30
5.1829e-122
5.1829e-122
3.4728e-24
5.1829e-122
5.1829e-122
2.3563e-35
5.1829e-122
5.1829e-122
5.1829e-122
5.1829e-122
5.1829e-122
5.1829e-122
7.0417e-20
5.1829e-122
5.1829e-122
5.1829e-122
5.1829e-122
1.3819e-45
5.1829e-122
5.1829e-122
5.1829e-122
5.1829e-122
5.1829e-122
1.16e-39
5.1829e-122
5.1829e-122
5.1829e-122
5.1829e-122
5.1829e-122
5.1829e-122
5.1829e-122
5.1829e-122
5.1829e-122
5.1829e-122
5.1829e-122
5.1829e-122
9.9037e-21
5.1829e-122
5.1829e-122
5.1829e-122
5.1829e-122
3.5169e-33
7.0748e-40
2.3401e-28
5.1829e-122
6.8148e-37
5.1829e-122
5.1829e-122
5.1829e-122
2.3064e-22
5.1829e-122
3.0445e-33
5.1829e-122
8.5392e-41
5.1829e-122
1.2294e-31
5.1829e-122
1.246e-33
5.1829e-122
5.1829e-122
5.1829e-122
5.1829e-122
5.1829e-122
5.1829e-122
9.5621e-43
5.1829e-122
5.1829e-122
5.1829e-122
1.4504e-29
5.1829e-122
5.9908e-25
5.1829e-122
5.1829e-122
5.1829e-122
5.1829e-122
3.1575e-31
5.1829e-122
5.1829e-122
1.7202e-24
5.1829e-122
5.1829e-122
5.1829e-122
5.1829e-122
8.9741e-25
5.1829e-122
5.1829e-122
5.1829e-122
5.1829e-122
5.1829e-122
1.2184e-36
1.56e-47
4.607e-26
5.1829e-122
5.1829e-122
5.1829e-122
5.1829e-122
5.1829e-122
1.41e-39
5.1829e-122
5.1829e-122
5.1829e-122
5.1829e-122
5.1829e-122
6.648e-30
1.4278e-41
9.1185e-29
5.1829e-122
5.1829e-122
2.5189e-34
3.5508e-29
2.6051e-46
5.1829e-122
5.1829e-122
5.1829e-122
5.1829e-122
5.1829e-122
5.1829e-122
5.1829e-122
5.1829e-122
5.1829e-122
5.1829e-122
5.1829e-122
4.5724e-47
5.1829e-122
5.1829e-122
5.1829e-122
5.1829e-122
5.1829e-122
5.1829e-122
5.1829e-122
1.2269e-34
5.1829e-122
5.1829e-122
1.1363e-23
1.4994e-48
5.1829e-122
5.2816e-40
5.1829e-122
4.4135e-46
2.1535e-37
5.1829e-122
5.1829e-122
1.591e-33
1.7434e-36
5.1829e-122
9.2126e-21
5.1829e-122
7.8904e-28
7.3134e-35
5.1829e-122
5.1829e-122
5.1829e-122
5.1829e-122
5.1829e-122
5.1829e-122
5.1829e-122
5.1829e-122
5.1829e-122
5.1829e-122
5.1829e-122
5.1829e-122
5.1829e-122
5.1829e-122
5.1829e-122
5.1829e-122
5.1829e-122
3.5754e-34
5.1829e-122
5.1829e-122
2.7412e-17
5.6317e-22
5.2907e-20
5.1829e-122
2.814e-34
5.1829e-122
5.1829e-122
5.1829e-122
5.1829e-122
5.1829e-122
1.4875e-31
5.1829e-122
5.1829e-122
5.1829e-122
8.3951e-32
5.1829e-122
1.2235e-32
3.1395e-26
5.1829e-122
3.0881e-32
5.1829e-122
5.1829e-122
5.1829e-122
5.1829e-122
5.1829e-122
1.148e-30
5.1829e-122
5.1829e-122
3.3047e-25
5.1829e-122
5.1829e-122
1.2295e-18
5.1829e-122
5.1829e-122
5.1829e-122
5.1829e-122
5.1829e-122
3.2332e-28
9.8575e-27
4.2976e-38
5.1829e-122
5.1829e-122
5.1829e-122
5.1829e-122
1.362e-43
5.1829e-122
5.1829e-122
5.1829e-122
5.1829e-122
5.1829e-122
5.1829e-122
5.1829e-122
5.1829e-122
5.1829e-122
5.1829e-122
5.1829e-122
1.0509e-18
5.1829e-122
5.1829e-122
5.1829e-122
5.6221e-30
5.1829e-122
5.1829e-122
5.1829e-122
5.1829e-122
4.9209e-35
1.2908e-32
5.1829e-122
5.1829e-122
5.1829e-122
5.1829e-122
3.0979e-26
5.1829e-122
1.2483e-27
5.1829e-122
5.1829e-122
5.1829e-122
2.3621e-20
5.1829e-122
5.1829e-122
2.155e-42
5.1829e-122
5.1829e-122
9.8732e-27
5.1829e-122
5.1829e-122
5.1829e-122
3.087e-30
1.5948e-25
5.1829e-122
5.1829e-122
5.1829e-122
5.1829e-122
2.0527e-28
3.1141e-34
5.1829e-122
5.1829e-122
1.4514e-39
5.1829e-122
5.1829e-122
5.1829e-122
5.1829e-122
5.1829e-122
5.1829e-122
5.1829e-122
5.1829e-122
5.1829e-122
5.1829e-122
5.7117e-51
5.1829e-122
5.1829e-122
3.1453e-25
2.6348e-20
5.1829e-122
5.1829e-122
5.1829e-122
5.1829e-122
5.1829e-122
4.1706e-35
2.1421e-44
5.1829e-122
1.0764e-33
5.1829e-122
5.1829e-122
5.1829e-122
5.1829e-122
5.1829e-122
5.1829e-122
5.1829e-122
5.1829e-122
5.1829e-122
5.1829e-122
5.1829e-122
6.2668e-22
5.1829e-122
5.1829e-122
5.1829e-122
5.1829e-122
5.1829e-122
1.6248e-36
5.1829e-122
5.1829e-122
5.1829e-122
5.1829e-122
5.1829e-122
5.1829e-122
5.1829e-122
5.1829e-122
5.1829e-122
3.8565e-22
5.1829e-122
5.1829e-122
1.1441e-35
5.1829e-122
3.4767e-38
5.1829e-122
2.5404e-21
5.1829e-122
5.1829e-122
5.1829e-122
5.1829e-122
1.2243e-24
7.7314e-23
8.6826e-19
1.243e-19
5.1829e-122
5.5571e-44
5.1829e-122
8.1103e-21
5.1829e-122
5.1829e-122
1.919e-15
5.1829e-122
5.1829e-122
5.1829e-122
5.1829e-122
5.1829e-122
5.1829e-122
5.1829e-122
5.1829e-122
1.1583e-31
5.1829e-122
5.1829e-122
5.1829e-122
1.8834e-33
5.1829e-122
5.1829e-122
5.1829e-122
5.1829e-122
5.1829e-122
5.1829e-122
5.1829e-122
5.1829e-122
5.1829e-122
5.1829e-122
5.1829e-122
5.1829e-122
9.8449e-30
5.1829e-122
5.1829e-122
5.1829e-122
5.1829e-122
2.0996e-44
5.1829e-122
5.1829e-122
5.1829e-122
5.1829e-122
6.0259e-35
2.4311e-26
5.1829e-122
5.1829e-122
5.1829e-122
5.1829e-122
5.1829e-122
5.1829e-122
5.1829e-122
7.3733e-25
5.1829e-122
5.1829e-122
5.1829e-122
3.4628e-36
5.1829e-122
1.9754e-35
5.1829e-122
5.1829e-122
5.1829e-122
5.1829e-122
5.4224e-34
5.1829e-122
5.1829e-122
5.1829e-122
5.1829e-122
5.1829e-122
6.9935e-34
1.7698e-36
5.1829e-122
5.1829e-122
5.1829e-122
5.1829e-122
5.1829e-122
5.1829e-122
5.1829e-122
5.1829e-122
5.1829e-122
5.1829e-122
4.5546e-34
5.1829e-122
5.5886e-37
5.1829e-122
2.8814e-29
5.1829e-122
5.1829e-122
3.7435e-20
5.1829e-122
3.8444e-28
5.1829e-122
5.1829e-122
3.8488e-32
5.1829e-122
5.1829e-122
5.3197e-32
5.1829e-122
5.1829e-122
5.1829e-122
5.1829e-122
5.1829e-122
1.3964e-30
5.1829e-122
2.4522e-21
5.1829e-122
5.1829e-122
1.6203e-18
4.3775e-25
2.2891e-33
5.1829e-122
5.1829e-122
8.7859e-33
1.4215e-19
5.1829e-122
5.1829e-122
2.9583e-24
5.1829e-122
5.1829e-122
5.1829e-122
5.1829e-122
5.1829e-122
5.1829e-122
5.1829e-122
5.1829e-122
7.7169e-18
5.1829e-122
1.1549e-28
5.1829e-122
4.5343e-24
5.1829e-122
2.3919e-42
3.6546e-28
8.7326e-26
5.1829e-122
2.4495e-33
5.1829e-122
5.1829e-122
5.1829e-122
7.2008e-46
5.1829e-122
5.1829e-122
5.1829e-122
2.8861e-24
5.1829e-122
5.1829e-122
5.1829e-122
2.3688e-30
5.1829e-122
5.1829e-122
5.1829e-122
5.1829e-122
5.1829e-122
9.7446e-33
5.1829e-122
9.7503e-31
5.1829e-122
4.4297e-48
1.2689e-16
5.1829e-122
5.1829e-122
2.4467e-42
6.382e-26
5.1829e-122
3.4176e-31
5.1829e-122
2.3425e-21
5.1829e-122
5.1829e-122
3.8985e-36
5.1829e-122
5.1829e-122
5.1829e-122
4.3563e-17
5.1829e-122
1.8092e-28
5.1829e-122
5.1829e-122
5.1829e-122
5.1829e-122
5.1829e-122
5.1829e-122
1.0448e-24
5.1829e-122
5.1829e-122
5.1865e-43
3.4592e-19
5.1829e-122
5.1829e-122
5.1829e-122
1.2653e-32
5.1829e-122
5.1829e-122
5.1829e-122
5.1829e-122
5.1829e-122
5.1829e-122
5.1829e-122
5.1829e-122
5.1829e-122
5.1829e-122
5.1829e-122
5.9845e-43
8.4766e-29
5.1829e-122
1.0364e-30
5.1829e-122
5.1829e-122
5.1829e-122
5.1829e-122
5.1829e-122
2.2704e-37
5.1829e-122
5.1829e-122
5.1829e-122
5.1829e-122
5.1829e-122
5.1829e-122
5.1829e-122
5.1829e-122
5.1829e-122
1.5886e-36
5.1829e-122
6.2852e-38
5.1829e-122
5.1829e-122
9.7532e-41
5.1829e-122
5.1829e-122
5.1829e-122
5.1829e-122
5.0228e-30
3.2934e-29
5.1829e-122
5.1829e-122
5.1829e-122
5.1829e-122
5.1829e-122
5.1829e-122
7.0942e-26
5.1829e-122
5.1829e-122
6.1177e-20
5.1829e-122
5.1829e-122
7.8968e-24
1.1545e-30
5.1829e-122
5.1829e-122
2.1019e-20
5.1829e-122
5.1829e-122
5.1829e-122
5.1829e-122
5.1829e-122
5.1829e-122
1.8495e-38
5.1829e-122
2.8551e-22
5.1829e-122
5.1829e-122
5.1829e-122
5.1829e-122
5.1829e-122
5.1829e-122
5.1829e-122
4.6695e-28
5.1829e-122
7.6779e-35
5.1829e-122
5.1829e-122
5.1829e-122
5.1829e-122
5.1829e-122
5.1829e-122
5.1829e-122
6.923e-36
5.1829e-122
5.1829e-122
5.1829e-122
5.1829e-122
5.1829e-122
5.1829e-122
5.1829e-122
5.1829e-122
5.1829e-122
5.1829e-122
5.1829e-122
1.3014e-35
5.1829e-122
5.1829e-122
5.1829e-122
1.3475e-22
5.299e-37
5.1829e-122
5.1829e-122
2.2328e-33
5.1829e-122
5.1829e-122
5.1829e-122
5.1829e-122
5.1829e-122
1.2104e-37
5.1829e-122
5.2932e-34
5.1829e-122
1.0606e-32
2.5086e-36
5.1829e-122
5.1829e-122
4.5619e-34
1.9033e-27
5.1829e-122
5.1829e-122
1.1812e-27
5.1829e-122
5.1829e-122
5.1829e-122
4.3693e-42
5.1829e-122
8.9579e-26
8.6684e-21
7.2505e-31
6.8165e-24
5.1829e-122
5.1829e-122
5.2964e-36
3.5822e-22
5.1829e-122
5.1829e-122
5.1829e-122
5.1829e-122
5.1829e-122
5.1829e-122
1.7487e-26
5.1829e-122
5.1829e-122
5.1829e-122
5.1829e-122
2.8851e-50
7.0157e-29
5.1829e-122
5.1829e-122
5.1829e-122
5.1829e-122
5.1829e-122
5.1829e-122
5.1829e-122
5.1829e-122
1.3094e-33
5.1829e-122
1.5672e-32
9.9208e-28
5.1829e-122
5.1829e-122
5.1829e-122
5.1829e-122
5.1829e-122
5.1829e-122
5.1829e-122
8.7279e-24
1.6772e-26
5.1829e-122
5.1829e-122
5.1829e-122
5.1829e-122
5.1829e-122
9.5867e-43
5.1829e-122
5.1829e-122
5.1829e-122
5.1829e-122
1.4443e-29
5.1829e-122
5.1829e-122
5.1829e-122
5.1829e-122
5.1829e-122
5.1829e-122
6.6627e-32
5.1829e-122
5.1829e-122
5.1829e-122
5.1829e-122
5.1829e-122
5.1829e-122
5.1829e-122
4.1994e-30
5.1829e-122
5.1829e-122
5.1829e-122
2.6978e-35
1.5394e-28
3.0758e-41
5.1829e-122
8.6668e-22
2.1734e-26
3.3864e-33
5.1829e-122
5.1829e-122
3.9759e-37
5.1829e-122
1.2542e-26
2.5272e-43
5.1829e-122
5.1829e-122
2.8752e-19
5.1829e-122
5.1829e-122
5.1829e-122
5.1829e-122
5.1829e-122
5.1829e-122
5.1829e-122
5.1829e-122
5.1829e-122
5.1829e-122
9.8563e-27
5.1829e-122
5.1829e-122
5.1829e-122
6.6619e-18
5.1829e-122
2.0086e-22
2.0765e-23
5.1829e-122
5.1829e-122
4.3269e-24
4.4707e-23
5.1829e-122
5.1829e-122
5.1829e-122
3.6042e-29
5.1829e-122
5.5767e-34
1.0638e-18
5.1829e-122
5.1829e-122
4.679e-32
5.1829e-122
5.1829e-122
5.1829e-122
3.9861e-38
5.1829e-122
2.4533e-24
4.2096e-23
5.1829e-122
5.1829e-122
5.1829e-122
5.1829e-122
4.0867e-27
5.1829e-122
5.1829e-122
5.1829e-122
5.1829e-122
5.9029e-35
5.1829e-122
5.1829e-122
4.5034e-23
2.3138e-25
5.1829e-122
5.1829e-122
5.1829e-122
6.5871e-29
5.1829e-122
2.5119e-35
5.1829e-122
5.1829e-122
5.1829e-122
5.1829e-122
5.1829e-122
2.9178e-29
3.4664e-33
5.1829e-122
5.1829e-122
5.1829e-122
5.1829e-122
3.0787e-49
5.1829e-122
5.1829e-122
5.1829e-122
5.1829e-122
6.2333e-27
5.1829e-122
5.1829e-122
4.3932e-18
5.1829e-122
5.1829e-122
5.1829e-122
5.1829e-122
5.1829e-122
7.7602e-19
5.1829e-122
5.1829e-122
3.271e-33
5.1829e-122
4.0766e-30
5.1829e-122
2.7106e-52
6.2851e-21
5.1829e-122
5.1829e-122
5.1829e-122
1.0814e-25
5.1829e-122
5.1829e-122
4.4046e-24
5.1829e-122
5.1829e-122
5.1829e-122
5.1829e-122
5.1829e-122
5.1829e-122
5.1829e-122
5.1829e-122
5.1829e-122
9.0145e-35
7.6859e-34
5.1829e-122
5.1829e-122
5.1829e-122
9.747e-28
5.1829e-122
5.1829e-122
5.1829e-122
5.1829e-122
9.0702e-37
5.1829e-122
8.4679e-32
5.1829e-122
2.6683e-32
5.1829e-122
5.1829e-122
5.1829e-122
5.1829e-122
4.0901e-30
5.1829e-122
7.4967e-28
1.0273e-42
5.1829e-122
5.1829e-122
5.1829e-122
2.708e-25
5.1829e-122
1.863e-48
5.1829e-122
3.8935e-40
5.1829e-122
5.38e-30
1.2483e-42
5.1829e-122
5.1829e-122
5.1829e-122
5.1829e-122
5.1829e-122
5.1829e-122
5.1829e-122
5.1829e-122
3.0963e-29
5.4585e-35
5.1829e-122
5.1829e-122
5.1829e-122
5.1829e-122
5.1829e-122
5.1829e-122
5.1829e-122
5.1829e-122
5.1829e-122
3.6233e-26
2.8888e-26
5.1829e-122
5.1829e-122
3.3497e-31
5.1829e-122
1.0835e-22
5.1829e-122
1.7862e-37
5.1829e-122
5.1829e-122
1.4131e-23
5.1829e-122
5.1829e-122
5.1829e-122
5.1829e-122
6.4564e-24
5.1829e-122
5.1829e-122
7.3019e-20
5.1829e-122
3.0563e-26
5.1829e-122
2.3311e-28
5.1829e-122
5.1829e-122
5.1829e-122
5.1829e-122
5.1829e-122
2.9292e-40
5.1829e-122
5.1829e-122
3.2444e-25
5.1829e-122
3.1494e-46
1.4912e-49
5.1829e-122
5.1829e-122
5.1829e-122
5.1829e-122
5.1829e-122
1.2401e-34
1.6567e-27
5.1829e-122
5.1829e-122
5.1829e-122
5.1829e-122
5.1829e-122
5.1829e-122
5.1829e-122
1.9681e-28
5.1829e-122
5.1829e-122
3.2606e-36
5.1829e-122
5.1829e-122
5.1829e-122
1.7352e-28
2.7634e-29
5.1829e-122
7.1072e-40
5.1829e-122
5.1829e-122
5.1829e-122
6.3488e-31
5.1829e-122
5.1829e-122
5.1829e-122
2.4908e-41
5.1829e-122
5.1829e-122
5.1829e-122
5.1829e-122
5.1829e-122
1.9018e-18
5.1829e-122
5.1829e-122
5.1829e-122
5.1829e-122
5.1829e-122
5.1829e-122
1.8519e-22
1.4077e-34
5.1829e-122
5.1829e-122
5.1829e-122
5.1829e-122
1.501e-27
5.2257e-27
5.1829e-122
5.1829e-122
5.1829e-122
5.1829e-122
5.1829e-122
5.1829e-122
5.1829e-122
5.3131e-27
9.032e-25
5.1829e-122
5.1829e-122
5.1829e-122
2.2243e-26
6.1357e-22
5.1829e-122
6.9294e-34
5.1829e-122
5.1829e-122
5.1829e-122
5.1829e-122
5.1829e-122
1.0249e-32
5.1829e-122
5.1829e-122
5.1829e-122
5.1286e-26
3.1499e-34
1.9463e-25
5.1829e-122
5.1829e-122
5.1829e-122
2.7404e-25
1.171e-29
5.1829e-122
5.1829e-122
5.1829e-122
5.1829e-122
5.1829e-122
5.1829e-122
5.1829e-122
5.1829e-122
5.1829e-122
5.1829e-122
1.5603e-22
4.2707e-34
5.1829e-122
2.3345e-37
5.1829e-122
5.1829e-122
5.1829e-122
5.1829e-122
5.1829e-122
5.1829e-122
5.1829e-122
5.1829e-122
5.1829e-122
5.1829e-122
5.1829e-122
5.1829e-122
5.1829e-122
5.1829e-122
5.1829e-122
5.1829e-122
3.0351e-35
4.0651e-25
5.1829e-122
5.5988e-24
3.0501e-19
5.1829e-122
9.458e-18
5.1829e-122
5.1829e-122
1.3621e-20
1.7584e-35
7.9739e-27
7.1662e-27
5.1829e-122
5.1829e-122
5.1829e-122
9.9885e-22
5.1829e-122
5.1829e-122
5.1829e-122
5.1829e-122
5.1829e-122
6.1784e-29
2.7072e-45
5.1829e-122
2.1348e-22
5.1829e-122
5.1829e-122
1.314e-27
5.1829e-122
5.1829e-122
4.8301e-42
5.4071e-29
5.1829e-122
9.0866e-48
5.1829e-122
5.1829e-122
5.1829e-122
5.1829e-122
5.1829e-122
9.7905e-25
5.1829e-122
5.1829e-122
5.1829e-122
5.1829e-122
5.1829e-122
1.3153e-33
5.9069e-30
5.1829e-122
5.1829e-122
5.1829e-122
1.1923e-32
4.6041e-24
5.1829e-122
5.1829e-122
5.1829e-122
1.2426e-27
5.1829e-122
5.1829e-122
2.5298e-33
7.8735e-49
5.1829e-122
1.1964e-24
1.8968e-34
5.1829e-122
5.1829e-122
2.2409e-26
5.1829e-122
5.1829e-122
5.1829e-122
5.1829e-122
5.1829e-122
9.3212e-27
5.1829e-122
5.1829e-122
5.1829e-122
1.7052e-37
7.6888e-36
5.1829e-122
5.1829e-122
5.1829e-122
5.1829e-122
1.6408e-33
5.1829e-122
3.1605e-41
5.1829e-122
3.98e-48
5.1829e-122
5.7695e-41
6.8852e-32
5.1829e-122
2.2467e-45
5.1829e-122
5.1829e-122
5.1829e-122
5.1829e-122
5.1829e-122
5.9623e-22
5.1829e-122
5.1829e-122
1.5961e-32
6.1643e-25
5.1829e-122
5.1829e-122
5.1829e-122
5.1829e-122
5.1829e-122
5.1829e-122
5.1829e-122
6.1695e-24
5.1829e-122
4.0687e-29
5.1829e-122
7.0493e-43
4.2081e-27
5.1829e-122
5.1829e-122
5.1829e-122
5.1829e-122
3.2397e-29
5.1829e-122
5.1829e-122
5.1829e-122
1.3676e-34
2.2808e-29
6.8817e-38
2.998e-37
5.1829e-122
5.7107e-45
5.1829e-122
7.4117e-27
5.1829e-122
5.1829e-122
5.1829e-122
5.1829e-122
2.2353e-39
2.7266e-29
5.0033e-26
5.1829e-122
5.1829e-122
5.2037e-22
5.1829e-122
5.1829e-122
1.0447e-21
8.9978e-24
1.1701e-31
5.1829e-122
5.1829e-122
5.1829e-122
5.1829e-122
5.1829e-122
5.1829e-122
5.1829e-122
5.1829e-122
5.1829e-122
2.182e-39
1.1941e-39
4.1656e-50
5.1829e-122
8.8116e-32
5.1829e-122
5.1829e-122
1.951e-44
1.5765e-30
2.4656e-31
5.1829e-122
6.3307e-19
5.1829e-122
5.1829e-122
5.1829e-122
5.1829e-122
5.1829e-122
5.1829e-122
5.1829e-122
5.1829e-122
5.1829e-122
8.5607e-28
5.1829e-122
5.1829e-122
1.144e-34
5.1829e-122
4.1576e-14
5.1829e-122
5.1829e-122
5.1829e-122
5.1829e-122
5.1829e-122
5.1829e-122
5.1829e-122
5.1829e-122
5.1829e-122
5.1829e-122
5.1829e-122
5.1829e-122
5.1829e-122
9.3537e-34
5.1829e-122
5.1829e-122
5.1829e-122
5.1829e-122
5.1829e-122
5.1829e-122
5.1829e-122
5.1829e-122
5.1829e-122
5.1829e-122
5.1829e-122
5.1829e-122
6.3528e-33
2.4882e-45
5.2626e-39
5.1829e-122
5.1829e-122
5.1829e-122
5.1829e-122
5.1829e-122
5.1829e-122
5.1829e-122
1.6094e-24
5.1829e-122
5.1829e-122
5.1829e-122
1.5621e-40
5.1829e-122
3.5285e-21
3.2966e-17
5.1829e-122
5.1829e-122
5.1829e-122
5.1829e-122
1.3822e-35
5.1829e-122
5.1829e-122
6.7286e-32
5.1829e-122
5.1829e-122
5.1829e-122
5.1829e-122
2.6325e-31
8.077e-25
1.006e-37
5.1829e-122
5.1829e-122
5.1829e-122
5.1829e-122
5.1829e-122
6.5923e-42
8.5165e-25
5.1829e-122
1.8108e-30
5.1829e-122
5.1829e-122
5.1829e-122
5.1829e-122
2.5103e-32
5.1829e-122
5.1829e-122
5.1829e-122
5.1829e-122
2.6963e-31
5.2321e-18
5.1829e-122
2.4578e-32
2.408e-26
5.1829e-122
3.6933e-23
5.1829e-122
5.1829e-122
5.1829e-122
5.1829e-122
5.1829e-122
5.1829e-122
9.196e-24
4.7191e-17
5.1829e-122
5.1829e-122
5.1829e-122
5.1829e-122
2.1967e-42
5.1829e-122
3.9205e-49
5.1829e-122
5.1829e-122
5.1829e-122
7.9333e-44
5.1829e-122
2.1958e-33
5.1829e-122
5.1829e-122
5.1829e-122
5.1829e-122
5.1829e-122
5.1829e-122
5.1829e-122
5.1829e-122
4.4855e-27
5.1829e-122
5.1829e-122
2.9397e-19
5.1829e-122
5.1829e-122
5.1829e-122
5.1829e-122
5.1829e-122
5.1829e-122
5.1829e-122
5.1829e-122
5.1829e-122
1.366e-32
5.1829e-122
5.1829e-122
5.1829e-122
5.1829e-122
2.793e-21
5.5313e-27
5.1829e-122
5.9516e-23
5.1829e-122
7.3162e-20
8.8415e-44
5.1829e-122
5.1829e-122
5.1829e-122
5.1829e-122
4.5491e-12
5.1829e-122
5.1829e-122
1.3985e-32
5.1829e-122
5.1829e-122
5.1829e-122
4.3181e-29
1.8268e-29
5.1829e-122
5.1829e-122
5.1829e-122
5.1829e-122
5.1829e-122
5.1829e-122
5.1829e-122
5.1829e-122
5.1829e-122
5.1829e-122
5.1829e-122
5.1829e-122
5.1465e-45
5.1829e-122
5.1829e-122
5.1829e-122
3.3323e-33
5.1829e-122
4.1295e-27
1.1615e-23
5.1829e-122
5.1829e-122
3.6069e-28
5.1829e-122
5.0871e-35
5.1829e-122
5.1829e-122
5.1829e-122
5.1829e-122
9.6152e-34
5.1829e-122
2.9479e-20
5.1829e-122
5.1829e-122
5.1829e-122
5.1829e-122
5.1829e-122
1.1845e-27
5.1829e-122
1.5294e-22
3.553e-34
5.1829e-122
5.1829e-122
1.2063e-24
3.694e-34
1.8629e-29
5.1829e-122
5.1829e-122
5.1829e-122
5.1829e-122
4.2103e-22
5.1829e-122
5.1829e-122
5.1829e-122
3.5652e-29
5.3237e-46
5.1829e-122
5.1829e-122
7.5155e-32
5.1829e-122
5.1829e-122
2.1138e-27
4.4025e-23
9.2498e-18
5.1829e-122
5.1829e-122
5.1829e-122
5.1829e-122
5.1829e-122
5.1829e-122
5.1829e-122
5.1829e-122
5.1829e-122
5.1829e-122
5.1829e-122
5.1829e-122
5.1829e-122
2.1033e-21
5.1829e-122
5.1829e-122
5.1829e-122
5.1829e-122
5.1829e-122
5.1829e-122
5.1829e-122
5.1829e-122
5.1829e-122
5.5662e-23
1.9996e-32
5.1829e-122
9.5405e-23
5.1829e-122
2.9495e-39
5.1829e-122
5.1829e-122
5.1829e-122
5.1829e-122
5.1829e-122
5.1829e-122
5.1829e-122
5.1829e-122
5.1829e-122
5.1829e-122
5.1829e-122
5.1829e-122
5.1829e-122
5.1829e-122
5.1829e-122
5.1829e-122
2.3434e-40
1.8918e-20
5.1829e-122
5.1829e-122
5.1829e-122
5.1829e-122
5.1829e-122
5.1829e-122
5.1829e-122
2.1928e-29
5.1829e-122
5.1829e-122
5.1829e-122
5.1829e-122
5.1829e-122
5.1829e-122
2.4208e-22
5.1829e-122
5.1829e-122
5.1829e-122
5.1829e-122
5.1829e-122
5.1829e-122
5.1829e-122
5.1829e-122
5.1829e-122
5.1829e-122
5.1829e-122
5.1829e-122
9.9747e-20
5.1829e-122
5.1829e-122
5.1829e-122
5.1829e-122
3.9745e-22
5.1829e-122
5.1829e-122
5.1829e-122
5.1829e-122
5.1829e-122
5.1829e-122
1.9024e-28
5.1829e-122
5.1829e-122
5.1829e-122
5.1829e-122
5.1829e-122
5.1829e-122
5.1829e-122
2.8746e-31
5.1829e-122
4.6863e-21
5.1829e-122
5.1829e-122
5.1829e-122
5.1829e-122
1.0389e-47
5.1829e-122
5.1829e-122
5.5501e-31
1.4846e-36
5.1829e-122
5.1829e-122
3.7243e-23
2.6636e-31
8.2145e-37
3.0984e-33
5.1829e-122
5.1829e-122
7.5224e-30
1.1472e-35
2.3744e-46
5.1829e-122
5.1829e-122
5.1829e-122
6.9696e-21
5.1829e-122
5.1829e-122
5.1829e-122
5.1829e-122
5.1829e-122
5.1829e-122
1.8479e-32
5.1829e-122
1.6969e-25
5.1829e-122
2.4527e-39
5.1829e-122
5.1829e-122
8.2753e-46
1.1734e-28
3.6247e-30
5.1829e-122
5.1829e-122
5.1829e-122
4.8992e-24
5.1829e-122
5.1829e-122
5.1829e-122
5.1829e-122
5.1829e-122
5.1829e-122
5.1829e-122
5.1829e-122
1.1158e-29
5.1829e-122
1.5392e-20
4.0713e-41
5.1829e-122
5.1829e-122
5.1829e-122
5.1829e-122
5.1829e-122
5.1829e-122
1.8025e-30
2.1293e-17
5.1829e-122
5.1829e-122
1.1866e-29
5.1829e-122
5.1829e-122
5.1829e-122
9.8334e-31
5.1829e-122
5.98e-31
5.1829e-122
5.1829e-122
1.4742e-30
5.1829e-122
2.7294e-24
5.1829e-122
5.1829e-122
5.1829e-122
5.1829e-122
5.1829e-122
5.1829e-122
6.6068e-27
5.1829e-122
5.1829e-122
5.1829e-122
5.1829e-122
5.1829e-122
5.1829e-122
5.1829e-122
5.1829e-122
5.1829e-122
5.1829e-122
5.1829e-122
5.1829e-122
5.1829e-122
3.4711e-16
5.1829e-122
2.2886e-33
5.1829e-122
5.1829e-122
5.1829e-122
5.1829e-122
5.1829e-122
5.1829e-122
5.0418e-31
5.1829e-122
7.2588e-22
9.8862e-20
5.1829e-122
5.1829e-122
5.1829e-122
5.1829e-122
5.1829e-122
1.4414e-47
5.1829e-122
5.1829e-122
5.1829e-122
5.1829e-122
5.1829e-122
5.1829e-122
5.1829e-122
5.1829e-122
5.1829e-122
9.2844e-28
5.1829e-122
5.1829e-122
5.1829e-122
7.9019e-25
5.1829e-122
5.1829e-122
5.1829e-122
5.1829e-122
5.1829e-122
5.1829e-122
5.1829e-122
5.1829e-122
5.4691e-38
5.1829e-122
5.1829e-122
5.1829e-122
2.8218e-13
5.1829e-122
1.1108e-36
5.1829e-122
5.1829e-122
5.1829e-122
5.1829e-122
5.1829e-122
5.1829e-122
2.2652e-19
5.1829e-122
5.1829e-122
5.1829e-122
2.7371e-50
5.1829e-122
5.1829e-122
1.5338e-22
1.1112e-24
3.1404e-39
5.1829e-122
3.6038e-17
5.1829e-122
7.9804e-42
5.1829e-122
5.1829e-122
1.2454e-30
5.1829e-122
5.1829e-122
5.1829e-122
2.8847e-33
1.5361e-29
4.5637e-23
3.8909e-29
5.1829e-122
5.1829e-122
1.0186e-32
5.1829e-122
5.1829e-122
5.1829e-122
5.1829e-122
3.2529e-24
4.02e-34
5.1829e-122
5.1829e-122
8.1605e-32
5.1829e-122
5.1829e-122
5.1829e-122
8.289e-28
5.1829e-122
5.1829e-122
3.6474e-37
5.1829e-122
5.1829e-122
3.3182e-17
5.1829e-122
6.5192e-29
6.2247e-45
5.1829e-122
5.1829e-122
5.1829e-122
5.1829e-122
1.0027e-45
5.1829e-122
3.7503e-22
5.1829e-122
5.1829e-122
5.1829e-122
5.1829e-122
5.1829e-122
3.072e-28
1.7614e-35
5.1829e-122
9.5672e-27
1.4512e-31
5.1829e-122
2.2449e-31
3.9127e-28
5.5962e-39
5.1829e-122
5.1829e-122
5.1829e-122
5.1829e-122
5.1829e-122
5.1829e-122
2.5568e-25
5.1829e-122
5.1829e-122
5.1829e-122
5.1829e-122
1.7837e-34
3.2047e-27
4.8576e-31
5.1829e-122
1.1528e-29
5.1829e-122
1.144e-41
5.1829e-122
5.1829e-122
5.1829e-122
5.1829e-122
9.558e-40
5.1829e-122
5.1829e-122
5.1829e-122
5.1829e-122
5.1829e-122
8.2542e-33
1.2194e-32
5.1829e-122
5.1829e-122
2.6301e-32
5.1829e-122
5.1829e-122
5.1829e-122
2.7807e-20
1.7655e-27
7.0678e-26
5.1829e-122
5.1829e-122
5.1829e-122
5.1829e-122
5.1829e-122
1.0784e-21
2.6543e-42
8.1033e-31
5.1829e-122
5.1829e-122
5.1829e-122
5.1829e-122
1.931e-36
5.1829e-122
5.1829e-122
5.1829e-122
5.1829e-122
5.1829e-122
7.5884e-33
1.3853e-32
4.2235e-42
5.1829e-122
5.1829e-122
5.1829e-122
5.1829e-122
5.1829e-122
8.7164e-18
2.9596e-39
5.1829e-122
5.1829e-122
5.1829e-122
5.1829e-122
5.1829e-122
5.1829e-122
5.1829e-122
5.1829e-122
7.2326e-28
5.1829e-122
5.1829e-122
3.8589e-34
5.1829e-122
1.463e-29
5.1829e-122
5.1829e-122
5.1829e-122
5.1829e-122
5.1829e-122
5.1829e-122
5.1829e-122
5.1829e-122
5.1829e-122
5.1829e-122
2.4426e-33
5.1829e-122
5.1829e-122
5.1829e-122
5.1829e-122
3.6437e-34
5.1829e-122
5.1829e-122
9.9805e-26
1.9439e-44
3.8964e-41
5.1829e-122
4.1778e-34
1.2189e-35
5.1829e-122
6.2714e-36
5.1829e-122
5.1829e-122
1.064e-45
5.1829e-122
5.1829e-122
5.1829e-122
1.6524e-27
5.1829e-122
5.1829e-122
5.1829e-122
5.1829e-122
5.1829e-122
3.0387e-27
2.0036e-27
5.1829e-122
5.1829e-122
5.1829e-122
6.9329e-19
5.1829e-122
5.1829e-122
2.6903e-40
5.1829e-122
5.1829e-122
5.1829e-122
5.1829e-122
5.1829e-122
5.1829e-122
5.1829e-122
8.2963e-39
1.2469e-19
5.1829e-122
1.3938e-21
2.7405e-27
5.1829e-122
5.1829e-122
5.1829e-122
5.1829e-122
4.8266e-13
3.8437e-25
5.1829e-122
5.1829e-122
5.1829e-122
5.1829e-122
4.3916e-23
5.1829e-122
5.1829e-122
5.1829e-122
8.1991e-35
5.1829e-122
1.6727e-28
5.1829e-122
5.1829e-122
5.1829e-122
5.1829e-122
5.1829e-122
5.1829e-122
4.9603e-20
5.1829e-122
2.1807e-26
5.1829e-122
5.1829e-122
1.0882e-42
5.1829e-122
5.1829e-122
5.1829e-122
5.1829e-122
6.0177e-37
5.1829e-122
3.8706e-25
5.1829e-122
5.1829e-122
5.1829e-122
5.1829e-122
5.1829e-122
5.1829e-122
6.7319e-44
5.1829e-122
5.1829e-122
5.1829e-122
5.1829e-122
4.074e-35
5.1829e-122
1.8365e-32
5.143e-41
5.1829e-122
2.8885e-34
3.388e-32
5.1829e-122
5.1829e-122
6.7069e-41
5.1829e-122
5.1829e-122
5.1829e-122
5.1829e-122
5.1829e-122
9.7255e-20
5.1829e-122
5.1829e-122
8.9677e-23
5.1829e-122
5.1829e-122
5.1829e-122
5.1829e-122
5.1829e-122
5.1829e-122
5.1829e-122
5.1829e-122
1.2786e-48
5.1829e-122
5.1829e-122
4.5442e-52
3.323e-42
5.1829e-122
1.9289e-48
5.1829e-122
5.1829e-122
5.1829e-122
5.1829e-122
5.1829e-122
5.1829e-122
2.0087e-40
5.1829e-122
5.1829e-122
5.1829e-122
5.1829e-122
5.1829e-122
5.1829e-122
6.7756e-31
6.7478e-29
5.1829e-122
5.1829e-122
3.8703e-44
5.1829e-122
7.5847e-22
5.1829e-122
5.1829e-122
5.1829e-122
5.1829e-122
7.4465e-22
1.3774e-19
1.8009e-25
3.4716e-35
5.4293e-44
5.1829e-122
5.1829e-122
5.1829e-122
5.1829e-122
5.1829e-122
5.1829e-122
3.3022e-40
5.1829e-122
5.1829e-122
9.4926e-21
2.0671e-47
2.2728e-32
5.1829e-122
5.1829e-122
5.1829e-122
5.1829e-122
5.1829e-122
6.0667e-32
5.1829e-122
2.713e-27
3.0869e-24
5.1829e-122
5.1829e-122
5.1829e-122
5.1829e-122
1.9642e-36
9.0066e-17
3.9721e-25
5.1829e-122
5.1829e-122
5.1829e-122
6.372e-53
2.0404e-38
5.1829e-122
5.1829e-122
7.7372e-32
5.1829e-122
5.1829e-122
5.1829e-122
1.3545e-24
1.6956e-23
5.6776e-52
5.1829e-122
5.1829e-122
4.6653e-19
5.1829e-122
5.1829e-122
1.794e-25
1.3069e-38
2.3077e-19
2.1361e-17
5.1829e-122
5.1829e-122
5.1829e-122
8.6999e-34
5.1829e-122
1.6896e-29
5.1829e-122
5.1829e-122
5.1829e-122
5.1829e-122
5.1829e-122
5.1829e-122
5.1829e-122
5.1829e-122
5.1829e-122
5.1829e-122
5.1829e-122
5.1829e-122
1.8569e-55
7.7014e-46
5.1829e-122
5.1829e-122
5.1829e-122
1.902e-29
1.0086e-60
5.1829e-122
4.6843e-33
5.1829e-122
5.1829e-122
5.1829e-122
4.7714e-28
5.1829e-122
5.1829e-122
5.1829e-122
5.1829e-122
5.1829e-122
5.1829e-122
1.5e-39
6.2793e-42
5.1829e-122
5.1829e-122
3.1836e-17
5.1829e-122
2.1479e-30
1.5399e-30
5.1829e-122
5.1829e-122
1.4885e-26
5.1829e-122
5.1829e-122
1.7179e-27
4.6664e-20
5.1829e-122
5.1829e-122
5.1829e-122
5.1829e-122
5.1829e-122
5.1829e-122
5.1829e-122
5.1829e-122
5.1829e-122
5.1829e-122
5.1829e-122
1.1647e-20
1.2738e-36
5.1829e-122
5.1829e-122
5.1829e-122
5.1829e-122
4.1148e-46
5.1829e-122
2.2839e-37
5.1829e-122
5.1829e-122
5.1829e-122
5.1829e-122
5.1829e-122
2.1757e-48
5.1829e-122
5.1829e-122
2.5312e-28
5.1829e-122
5.1829e-122
9.7102e-35
5.1829e-122
5.1829e-122
2.6078e-15
5.1829e-122
5.1829e-122
2.9426e-35
4.504e-22
5.1829e-122
5.1829e-122
5.1829e-122
5.1829e-122
5.1829e-122
5.1829e-122
5.1829e-122
5.1829e-122
2.4071e-37
5.1829e-122
2.8749e-34
5.1829e-122
5.1829e-122
5.1829e-122
2.1069e-25
5.1829e-122
6.6048e-23
5.1829e-122
5.1829e-122
5.1829e-122
5.1829e-122
5.1829e-122
1.6937e-36
5.1829e-122
5.1829e-122
5.1829e-122
5.1829e-122
1.2518e-24
5.1829e-122
5.1829e-122
5.1829e-122
5.1829e-122
5.1829e-122
5.1829e-122
3.2205e-30
7.7659e-25
5.1829e-122
5.1829e-122
5.1829e-122
5.1829e-122
5.1829e-122
5.1829e-122
1.6913e-16
5.1829e-122
5.1829e-122
5.1829e-122
2.7625e-29
5.1829e-122
5.1829e-122
2.3489e-25
5.1829e-122
5.1829e-122
5.1829e-122
7.6248e-29
5.1829e-122
5.1829e-122
5.1829e-122
1.0191e-27
5.1829e-122
5.1829e-122
5.1829e-122
1.2466e-26
5.1829e-122
1.0777e-40
4.1845e-47
7.828e-31
5.0331e-49
5.1829e-122
5.1829e-122
5.1829e-122
5.1829e-122
5.1829e-122
2.9039e-20
5.1829e-122
5.1829e-122
3.9407e-18
5.1829e-122
5.1829e-122
5.1829e-122
4.7834e-25
2.1029e-27
5.1829e-122
1.2789e-22
5.1521e-26
6.9927e-48
3.3374e-26
5.1829e-122
5.1829e-122
8.3818e-27
5.1829e-122
5.1829e-122
5.1829e-122
5.1829e-122
5.1829e-122
1.994e-19
1.7013e-24
5.1829e-122
5.1829e-122
5.1829e-122
5.1829e-122
5.1829e-122
2.5326e-35
5.1829e-122
5.1829e-122
5.1829e-122
5.1829e-122
4.1179e-24
5.1829e-122
5.1829e-122
1.4054e-34
1.8284e-27
4.2241e-25
5.1829e-122
8.7027e-30
5.1829e-122
5.1829e-122
8.8654e-25
5.1829e-122
5.1829e-122
5.1829e-122
5.1829e-122
5.1829e-122
5.1829e-122
5.1829e-122
5.1829e-122
5.1829e-122
5.1829e-122
5.1829e-122
5.1829e-122
5.1829e-122
5.1829e-122
5.1829e-122
5.1829e-122
8.936e-30
5.037e-45
5.1829e-122
5.1829e-122
5.1829e-122
5.2147e-36
3.1209e-37
5.1829e-122
5.1829e-122
5.1829e-122
6.2741e-52
5.1829e-122
5.1829e-122
5.1829e-122
5.1829e-122
5.1829e-122
5.1829e-122
3.7904e-17
5.1829e-122
7.2998e-27
5.1829e-122
3.3301e-22
5.1829e-122
3.0284e-39
5.1829e-122
3.0084e-27
5.1829e-122
1.2487e-48
5.1829e-122
5.1829e-122
5.1829e-122
5.1829e-122
5.1829e-122
5.1829e-122
5.1829e-122
5.1829e-122
5.1829e-122
5.7633e-19
1.002e-31
9.0721e-19
5.1829e-122
1.331e-28
1.4662e-25
5.1829e-122
2.1165e-30
5.1829e-122
5.1829e-122
5.1829e-122
8.575e-47
5.1829e-122
6.2603e-29
5.1829e-122
5.1829e-122
5.1829e-122
5.1829e-122
5.1829e-122
2.9199e-20
5.1829e-122
5.1829e-122
5.1829e-122
5.1829e-122
5.1829e-122
5.1829e-122
9.3244e-31
5.1829e-122
5.1829e-122
5.1829e-122
4.0487e-27
6.9062e-17
5.1829e-122
1.4599e-41
1.255e-29
5.1829e-122
5.1829e-122
5.1829e-122
5.1829e-122
5.1829e-122
5.1829e-122
5.1829e-122
5.1829e-122
5.9055e-20
5.1829e-122
5.1829e-122
5.1829e-122
3.7002e-28
5.1829e-122
5.1829e-122
7.7012e-32
5.1829e-122
7.768e-28
1.0481e-26
5.1829e-122
7.2795e-25
5.1829e-122
3.0045e-40
5.1829e-122
5.1829e-122
5.1829e-122
5.1829e-122
5.1829e-122
5.1829e-122
3.1311e-34
5.1829e-122
5.1829e-122
5.1829e-122
5.1829e-122
5.3208e-29
5.1829e-122
5.1829e-122
5.1829e-122
5.1829e-122
3.6874e-26
5.1829e-122
5.1829e-122
4.4875e-38
3.4948e-37
5.1829e-122
5.1829e-122
5.1829e-122
5.1829e-122
5.1829e-122
3.7698e-34
5.1829e-122
5.1829e-122
5.1829e-122
5.1829e-122
5.1829e-122
5.1829e-122
5.1829e-122
2.9624e-28
5.1829e-122
5.1829e-122
5.2387e-24
5.1829e-122
5.1829e-122
5.1829e-122
5.1829e-122
5.1829e-122
5.1829e-122
5.1829e-122
7.7334e-28
5.1829e-122
1.2856e-36
5.1829e-122
5.1829e-122
5.1829e-122
5.1829e-122
5.1829e-122
5.1829e-122
2.369e-35
5.1829e-122
5.1829e-122
1.6982e-26
5.1829e-122
5.1829e-122
5.1829e-122
2.6128e-22
5.1829e-122
1.1412e-22
2.334e-20
5.1829e-122
8.1177e-24
8.3998e-41
4.5691e-29
5.1829e-122
5.1829e-122
5.1829e-122
5.1829e-122
5.1829e-122
5.1829e-122
5.1829e-122
5.1829e-122
5.2714e-48
5.1829e-122
5.1829e-122
1.4919e-23
5.1829e-122
5.1829e-122
5.1829e-122
5.1829e-122
5.1829e-122
1.1052e-30
5.1829e-122
5.1829e-122
5.1829e-122
2.1973e-35
1.8351e-32
5.1829e-122
1.0883e-35
5.1829e-122
5.1829e-122
8.418e-46
5.1829e-122
5.1829e-122
5.1829e-122
5.1829e-122
7.8667e-29
1.1474e-31
2.388e-31
5.5055e-39
5.1829e-122
1.3613e-28
5.1829e-122
4.7262e-28
5.1829e-122
5.1829e-122
1.0388e-39
5.1829e-122
5.1829e-122
5.1829e-122
5.1829e-122
5.1829e-122
5.0145e-28
5.1829e-122
5.1829e-122
5.1829e-122
1.7351e-31
5.1829e-122
5.1829e-122
9.2312e-22
6.2641e-31
5.1829e-122
1.8057e-35
5.1829e-122
5.1829e-122
5.1829e-122
3.3778e-25
5.1829e-122
5.1829e-122
5.1829e-122
5.1829e-122
5.1829e-122
5.1829e-122
7.4753e-42
5.1829e-122
5.1829e-122
5.1829e-122
5.1829e-122
5.1829e-122
5.1829e-122
2.8213e-31
5.1829e-122
5.1829e-122
5.1829e-122
5.1829e-122
5.1829e-122
5.1829e-122
5.1829e-122
5.1829e-122
5.1829e-122
5.1829e-122
5.1829e-122
3.1055e-24
5.1829e-122
2.1757e-31
5.1829e-122
5.1829e-122
9.5417e-18
5.1829e-122
5.1829e-122
5.1829e-122
5.1829e-122
5.1829e-122
5.1829e-122
5.1829e-122
4.7108e-29
2.8062e-20
5.1829e-122
5.1829e-122
1.2385e-34
5.1829e-122
5.1829e-122
5.1829e-122
1.3656e-28
5.1829e-122
5.1829e-122
5.1829e-122
1.5447e-32
8.3375e-27
5.1829e-122
5.1829e-122
1.1323e-38
5.1829e-122
5.1829e-122
5.1829e-122
1.1675e-31
5.1829e-122
5.1829e-122
5.1829e-122
5.1829e-122
7.9931e-34
6.4339e-25
1.5788e-35
1.6946e-29
5.1829e-122
5.1829e-122
1.7018e-41
5.1829e-122
1.557e-42
8.2776e-34
5.1829e-122
5.1829e-122
4.3179e-33
1.8644e-44
3.0972e-25
5.1829e-122
5.1829e-122
5.1829e-122
5.1829e-122
2.7161e-27
5.1829e-122
5.1829e-122
5.7321e-48
2.3447e-23
5.1829e-122
5.1829e-122
6.9617e-24
2.1524e-36
5.1829e-122
5.1829e-122
5.1829e-122
5.1829e-122
5.1829e-122
5.1829e-122
5.1829e-122
2.7361e-27
1.0294e-27
5.1829e-122
5.1829e-122
5.1829e-122
5.1829e-122
5.1829e-122
5.1829e-122
1
2.5102e-30
5.1829e-122
7.3978e-13
5.1829e-122
5.1829e-122
5.1829e-122
5.1829e-122
1.952e-35
1.0039e-24
5.1829e-122
5.1829e-122
5.1829e-122
5.1829e-122
6.0902e-24
1.8711e-25
4.1067e-43
3.3692e-19
5.1829e-122
5.1829e-122
5.1829e-122
5.1829e-122
4.9786e-28
9.6517e-35
5.1829e-122
5.1829e-122
5.1829e-122
6.1284e-29
2.84e-48
5.1829e-122
3.2763e-43
1.8256e-25
1.0637e-34
5.1829e-122
5.1829e-122
5.1829e-122
5.1829e-122
5.1829e-122
5.1829e-122
5.1829e-122
5.1829e-122
5.1829e-122
5.1829e-122
5.1829e-122
1.229e-24
2.2946e-19
5.1829e-122
4.3943e-43
5.1829e-122
5.1829e-122
5.1829e-122
5.1829e-122
5.1829e-122
5.1829e-122
5.1829e-122
5.6347e-24
1.8557e-26
5.1829e-122
3.377e-36
5.1829e-122
1.0905e-22
5.1829e-122
1.7555e-20
5.1829e-122
5.1829e-122
5.1829e-122
6.9122e-38
1.5853e-33
8.8411e-23
5.1829e-122
5.1829e-122
5.1829e-122
4.831e-42
5.1829e-122
5.1829e-122
5.028e-31
5.1829e-122
9.5865e-34
5.1829e-122
5.1829e-122
5.1829e-122
5.1829e-122
5.1829e-122
8.9202e-33
4.7841e-32
5.1829e-122
5.1829e-122
5.1829e-122
5.1829e-122
5.1829e-122
5.1829e-122
5.1829e-122
5.1829e-122
8.9316e-28
5.1829e-122
5.1829e-122
5.1829e-122
5.1829e-122
5.1829e-122
5.1829e-122
5.1829e-122
5.1829e-122
5.1829e-122
5.1829e-122
1.1981e-34
5.1829e-122
5.1829e-122
2.09e-38
5.1829e-122
1.2573e-36
5.1829e-122
5.1829e-122
5.1829e-122
1.3174e-28
5.1829e-122
5.1829e-122
5.6165e-45
5.1829e-122
1.2249e-37
5.1829e-122
5.3432e-36
5.1829e-122
5.1829e-122
2.2365e-30
5.1829e-122
5.1829e-122
3.4232e-22
5.1829e-122
5.1829e-122
5.1829e-122
5.1829e-122
1.5904e-31
5.1829e-122
1.0227e-34
9.1163e-48
5.1829e-122
7.7654e-31
5.1829e-122
5.1829e-122
5.1829e-122
6.9725e-25
5.1829e-122
5.1829e-122
5.1829e-122
2.375e-23
2.3241e-37
5.1829e-122
3.2991e-29
5.1829e-122
5.1829e-122
5.1829e-122
5.1829e-122
5.1829e-122
5.1829e-122
8.957e-25
5.1829e-122
5.1829e-122
5.1829e-122
3.1457e-61
2.0594e-32
5.1829e-122
9.8336e-30
5.1829e-122
5.6883e-25
5.1829e-122
1.9415e-32
5.1829e-122
5.1829e-122
8.1505e-21
5.1829e-122
5.1829e-122
5.1829e-122
5.1829e-122
5.3492e-23
1.0349e-25
5.1829e-122
5.1829e-122
2.3964e-29
5.1829e-122
3.8068e-42
5.1829e-122
5.1829e-122
5.1829e-122
5.1829e-122
5.1829e-122
3.7781e-31
1.1451e-24
5.1829e-122
5.1829e-122
6.2044e-23
5.1829e-122
5.1829e-122
5.1829e-122
7.7169e-25
5.1829e-122
5.1829e-122
5.1829e-122
2.1012e-27
5.1829e-122
3.7733e-35
1.7675e-17
4.3086e-31
5.1829e-122
5.1829e-122
5.1829e-122
5.1829e-122
1.0365e-36
5.1829e-122
8.169e-35
5.1829e-122
5.1829e-122
5.1829e-122
5.1829e-122
4.999e-33
5.1829e-122
5.1829e-122
4.8754e-53
5.1829e-122
5.1829e-122
5.1829e-122
5.1829e-122
5.1829e-122
5.1829e-122
5.1829e-122
7.8951e-35
5.1829e-122
5.1829e-122
5.1829e-122
5.1829e-122
5.1829e-122
3.8095e-30
5.1829e-122
5.1829e-122
1.6434e-40
4.102e-36
5.1829e-122
5.1829e-122
7.2296e-27
5.1829e-122
5.1829e-122
5.1829e-122
5.1829e-122
1.1358e-21
5.1829e-122
5.1829e-122
5.1829e-122
5.1829e-122
5.1829e-122
5.1829e-122
5.1829e-122
3.435e-30
5.1829e-122
5.1829e-122
5.1829e-122
5.1829e-122
1.669e-34
5.1829e-122
5.1829e-122
5.1829e-122
5.1829e-122
5.1829e-122
5.1829e-122
5.1829e-122
5.1829e-122
5.1829e-122
5.1829e-122
5.1829e-122
5.1829e-122
5.1829e-122
1.1814e-22
1.7395e-26
5.1829e-122
5.1829e-122
5.1829e-122
5.1829e-122
5.1829e-122
6.3938e-34
5.1829e-122
1.3972e-24
5.1829e-122
1.5174e-45
1.8398e-38
5.1829e-122
5.1829e-122
1.6567e-23
5.1829e-122
9.9903e-21
1.5867e-24
5.1829e-122
2.0339e-35
7.7746e-21
8.8199e-32
5.1829e-122
5.1829e-122
5.1829e-122
5.1829e-122
5.1829e-122
5.1829e-122
5.1829e-122
5.1829e-122
3.5953e-23
5.1829e-122
5.1829e-122
2.1238e-26
5.1829e-122
5.1829e-122
5.1829e-122
5.1829e-122
5.1829e-122
5.1829e-122
7.7976e-22
1.285e-29
5.4847e-37
5.1829e-122
5.1829e-122
9.1763e-37
5.1829e-122
5.1829e-122
5.1829e-122
3.9753e-23
2.8371e-21
1.9564e-37
3.3864e-20
5.1829e-122
9.2782e-31
5.1829e-122
5.1829e-122
9.2336e-52
5.1829e-122
1.841e-31
5.1829e-122
5.1829e-122
5.1829e-122
1.3598e-25
1.226e-29
6.0414e-22
1.5748e-19
5.1829e-122
5.1829e-122
2.2542e-37
5.1829e-122
5.1829e-122
5.1829e-122
4.0183e-23
5.1829e-122
9.1479e-37
8.1029e-38
9.6402e-48
5.1829e-122
5.1829e-122
5.1829e-122
5.1829e-122
5.1829e-122
5.1829e-122
5.1829e-122
5.1829e-122
5.1829e-122
5.1829e-122
5.1829e-122
5.1829e-122
5.1829e-122
5.1829e-122
5.1829e-122
5.1829e-122
5.1829e-122
5.1829e-122
5.1829e-122
5.1829e-122
2.3788e-21
5.1829e-122
5.1829e-122
5.1829e-122
5.1829e-122
5.1829e-122
5.1829e-122
5.1829e-122
6.785e-18
5.1829e-122
5.1829e-122
5.1829e-122
2.7196e-20
7.1213e-24
5.1829e-122
5.1829e-122
1.0119e-23
5.1829e-122
3.4156e-33
5.1829e-122
5.1829e-122
1.9946e-26
5.1829e-122
5.1829e-122
5.1829e-122
5.1829e-122
1.0818e-29
2.4376e-48
5.1829e-122
5.1829e-122
1.3927e-41
5.1829e-122
5.1829e-122
8.5669e-31
2.8195e-31
5.1829e-122
5.1829e-122
1.8129e-18
1.7353e-28
5.1829e-122
5.1829e-122
3.6635e-24
5.1829e-122
5.1829e-122
1.2692e-28
5.1829e-122
2.556e-21
5.1829e-122
5.1829e-122
4.2973e-16
1.5045e-10
5.1829e-122
5.1829e-122
3.8256e-38
4.5409e-23
5.1829e-122
6.4918e-35
5.1829e-122
5.1829e-122
5.1829e-122
5.1829e-122
5.1829e-122
2.5843e-22
8.3344e-33
5.1829e-122
5.1829e-122
5.1829e-122
5.1829e-122
1.9481e-26
5.1829e-122
5.1829e-122
5.1829e-122
5.1829e-122
2.5657e-53
5.1829e-122
4.3672e-15
1.8853e-29
3.9836e-32
5.1829e-122
5.1829e-122
5.1829e-122
5.0859e-31
5.1829e-122
6.93e-27
2.643e-17
5.1829e-122
5.1829e-122
5.1829e-122
1.1247e-17
5.1829e-122
5.4003e-19
1.3663e-34
5.1829e-122
5.1829e-122
5.1829e-122
5.1829e-122
5.1829e-122
5.1829e-122
1.0291e-36
5.1829e-122
5.1829e-122
5.1829e-122
5.9937e-29
5.1829e-122
2.0544e-22
2.7149e-36
5.1829e-122
5.1829e-122
5.1829e-122
2.4548e-32
5.1829e-122
8.5896e-35
3.8187e-28
4.4792e-28
5.1829e-122
5.1087e-32
5.1829e-122
1.4736e-29
5.1829e-122
1.6377e-21
5.1829e-122
5.1829e-122
1.2115e-21
5.1829e-122
1.1204e-29
5.1829e-122
2.2825e-30
5.1829e-122
5.1829e-122
5.1829e-122
4.9561e-23
5.1829e-122
2.4587e-34
5.1829e-122
5.1829e-122
5.1829e-122
5.1829e-122
6.8458e-33
5.1829e-122
7.0563e-24
5.1829e-122
5.1829e-122
5.1829e-122
1.3546e-31
4.4851e-32
5.4471e-28
5.1829e-122
2.3391e-35
5.1829e-122
5.1829e-122
5.1829e-122
1.2865e-23
5.639e-48
1.1483e-34
5.1829e-122
4.7241e-29
5.1829e-122
5.1829e-122
7.8117e-36
4.7055e-38
5.1829e-122
5.1829e-122
5.1829e-122
1.7444e-26
5.1829e-122
5.1829e-122
5.1829e-122
5.1829e-122
5.1829e-122
5.1829e-122
5.1829e-122
5.1829e-122
1.8654e-23
2.0831e-14
8.0244e-31
1.9274e-37
5.1829e-122
5.1829e-122
5.1829e-122
5.1829e-122
5.1829e-122
5.1829e-122
9.2929e-38
1.3842e-28
5.1829e-122
2.2116e-23
5.1829e-122
5.1829e-122
5.1829e-122
5.1829e-122
5.1829e-122
5.1829e-122
6.6542e-26
5.1829e-122
4.1133e-44
3.2441e-31
5.1829e-122
5.1829e-122
5.1829e-122
5.1829e-122
1.6467e-36
5.1829e-122
9.2951e-43
1.5803e-33
5.1829e-122
5.1829e-122
5.1829e-122
5.1829e-122
4.981e-40
5.1829e-122
5.1829e-122
5.1829e-122
5.1829e-122
5.1829e-122
5.1829e-122
5.1829e-122
5.1829e-122
5.1829e-122
5.1829e-122
5.1829e-122
1.9109e-23
2.6746e-46
5.1829e-122
9.0442e-31
5.1829e-122
6.7027e-32
3.5333e-33
5.1829e-122
5.1829e-122
5.1829e-122
5.1829e-122
5.1829e-122
5.1095e-16
5.1829e-122
5.1829e-122
5.791e-31
5.1829e-122
5.1829e-122
6.156e-29
9.3293e-30
3.9738e-30
5.1829e-122
5.1829e-122
5.1829e-122
4.3633e-29
5.1829e-122
5.1829e-122
5.1829e-122
4.7275e-30
5.1829e-122
5.1829e-122
5.1829e-122
5.1829e-122
8.078e-16
3.9331e-24
5.1829e-122
5.1829e-122
5.1829e-122
5.1829e-122
1.1098e-29
5.1829e-122
1.8814e-26
2.0159e-33
4.3613e-30
5.1829e-122
5.1829e-122
1.5469e-36
5.1829e-122
5.1829e-122
1.1672e-30
1.2036e-25
5.1829e-122
1.8105e-36
5.1829e-122
5.1829e-122
5.1829e-122
5.1829e-122
1.5402e-19
5.1829e-122
1.6935e-24
5.1829e-122
5.1829e-122
1.0945e-21
8.7349e-36
1.3012e-31
5.1829e-122
5.1829e-122
5.1829e-122
5.1829e-122
5.1829e-122
5.1829e-122
5.1829e-122
4.0373e-12
5.5825e-16
5.1829e-122
5.1829e-122
5.1829e-122
5.1829e-122
5.1829e-122
5.1829e-122
5.1829e-122
1.2839e-25
5.1829e-122
3.503e-22
1.6664e-30
5.1829e-122
5.1829e-122
5.1829e-122
5.1829e-122
5.1829e-122
1.5137e-37
3.2459e-36
5.1829e-122
5.1829e-122
5.1829e-122
5.1829e-122
5.1829e-122
5.1829e-122
5.1829e-122
5.1829e-122
5.1829e-122
5.1829e-122
5.1829e-122
5.1829e-122
5.1829e-122
5.1829e-122
1.9495e-22
1.529e-29
5.1829e-122
1.4211e-35
3.049e-39
5.1829e-122
5.1829e-122
5.1829e-122
1.6352e-24
1.2268e-43
5.1829e-122
5.1829e-122
5.1829e-122
5.1829e-122
5.1829e-122
5.1829e-122
5.1829e-122
4.0015e-39
5.1829e-122
6.7432e-25
5.1829e-122
2.7037e-23
1.9917e-46
5.1829e-122
5.1829e-122
5.1829e-122
1.1837e-32
5.1829e-122
1.6203e-39
3.3152e-26
6.6437e-37
5.1829e-122
5.1829e-122
5.1829e-122
5.1829e-122
7.0306e-18
5.1829e-122
5.1829e-122
5.1829e-122
5.1829e-122
2.2232e-27
3.832e-48
5.1829e-122
1.0181e-26
5.1829e-122
5.1829e-122
5.1829e-122
1.1195e-22
5.1829e-122
1.0603e-29
5.1829e-122
5.1829e-122
5.1829e-122
9.7334e-32
5.1829e-122
5.1829e-122
5.1829e-122
9.0827e-41
5.1829e-122
5.1829e-122
5.1829e-122
5.1829e-122
5.1829e-122
1.8511e-43
5.1829e-122
8.2706e-32
4.2802e-33
5.1829e-122
5.1829e-122
5.1829e-122
7.0849e-20
5.1829e-122
5.1829e-122
6.7853e-24
5.1829e-122
5.1829e-122
5.1829e-122
5.1829e-122
5.1829e-122
1.2932e-32
5.1829e-122
6.0118e-24
5.1829e-122
5.1829e-122
1.6431e-36
5.1829e-122
4.2807e-49
5.1829e-122
5.1829e-122
5.1829e-122
5.1829e-122
5.1829e-122
5.1829e-122
5.1829e-122
5.1829e-122
5.1829e-122
5.1829e-122
5.1829e-122
1.9875e-25
2.0661e-38
5.1829e-122
5.1829e-122
9.275e-35
5.1829e-122
5.1829e-122
5.1829e-122
5.1829e-122
1.8379e-43
5.6122e-33
4.6756e-35
5.1829e-122
5.1829e-122
5.1829e-122
5.1829e-122
3.3694e-31
8.6714e-34
5.1829e-122
5.1829e-122
1.6076e-37
2.3308e-26
5.1829e-122
5.1829e-122
5.1829e-122
1.0355e-32
5.1829e-122
2.6292e-37
5.1829e-122
5.1829e-122
5.1829e-122
3.0028e-46
2.1755e-41
5.1829e-122
5.1829e-122
5.1829e-122
5.1829e-122
5.1829e-122
5.1829e-122
5.1829e-122
5.1829e-122
5.1829e-122
5.1829e-122
2.5235e-35
5.1829e-122
5.1829e-122
1.1269e-23
3.789e-45
5.1829e-122
2.8968e-18
5.1829e-122
5.1829e-122
5.1829e-122
5.1829e-122
7.8731e-29
5.1829e-122
5.1829e-122
2.0514e-49
5.1829e-122
5.1829e-122
1.3656e-34
2.2909e-29
5.1829e-122
5.1829e-122
5.1829e-122
4.341e-23
5.1829e-122
5.4396e-45
1.1781e-19
5.1829e-122
5.1829e-122
5.1829e-122
5.1829e-122
5.1829e-122
5.1829e-122
1.1667e-20
5.1829e-122
5.1829e-122
5.1829e-122
5.1829e-122
5.1829e-122
1.0192e-38
5.1829e-122
5.1829e-122
5.1829e-122
5.1829e-122
3.7251e-29
5.1829e-122
3.7864e-34
5.1829e-122
5.1829e-122
4.9385e-45
2.9183e-26
5.1829e-122
5.1829e-122
5.1829e-122
5.1829e-122
1.5966e-31
5.1829e-122
1.0522e-20
1.0974e-41
5.1829e-122
5.1829e-122
5.1829e-122
5.1829e-122
5.1829e-122
2.1294e-30
5.1829e-122
6.7507e-25
5.1829e-122
5.1829e-122
5.1829e-122
5.1829e-122
5.1829e-122
5.1829e-122
1.8593e-36
5.1829e-122
5.1829e-122
5.1829e-122
3.328e-36
5.1829e-122
5.1829e-122
1.0199e-22
8.414e-45
5.1829e-122
5.1829e-122
5.1829e-122
5.1829e-122
2.166e-21
5.1829e-122
5.1829e-122
5.1829e-122
5.1829e-122
1.5375e-20
5.1829e-122
5.1829e-122
5.1829e-122
5.1829e-122
5.1829e-122
5.1829e-122
3.5516e-23
5.1829e-122
5.1829e-122
5.1829e-122
5.1829e-122
5.1829e-122
5.1829e-122
5.1829e-122
5.1829e-122
5.1829e-122
3.6701e-30
8.2672e-37
5.1829e-122
5.1829e-122
5.1829e-122
2.56e-37
5.1829e-122
5.1829e-122
5.1829e-122
5.1829e-122
5.1829e-122
5.1829e-122
5.1829e-122
5.1829e-122
5.1829e-122
5.1829e-122
5.1829e-122
5.1829e-122
5.1829e-122
5.1829e-122
5.1829e-122
5.1829e-122
5.1829e-122
5.1829e-122
5.1829e-122
5.1829e-122
5.1829e-122
5.1829e-122
5.1829e-122
2.9436e-24
5.1829e-122
5.1829e-122
5.1829e-122
5.1829e-122
2.4579e-33
5.1829e-122
5.1829e-122
8.3511e-42
5.1829e-122
5.1829e-122
5.1829e-122
5.1829e-122
5.1829e-122
5.1829e-122
5.1829e-122
3.2714e-17
5.1829e-122
5.1829e-122
9.4539e-38
5.1829e-122
5.1829e-122
5.1829e-122
5.1829e-122
5.1829e-122
8.9847e-31
5.1829e-122
5.1829e-122
1.107e-20
5.1829e-122
5.1829e-122
5.1829e-122
5.1829e-122
5.1829e-122
1.9353e-34
3.7606e-42
5.1829e-122
5.1829e-122
5.1829e-122
5.1829e-122
5.1829e-122
4.1744e-24
5.1829e-122
5.1829e-122
1.7275e-26
1.9368e-25
1.9737e-25
5.1829e-122
5.1829e-122
5.1829e-122
1.7662e-23
5.1829e-122
5.1829e-122
5.1829e-122
5.1829e-122
5.1829e-122
5.1829e-122
5.1829e-122
5.1829e-122
5.1829e-122
5.1829e-122
5.1829e-122
5.1829e-122
4.4132e-32
5.1829e-122
5.1829e-122
5.1829e-122
2.262e-25
5.1829e-122
5.1829e-122
1.5123e-28
1.8275e-21
5.1829e-122
5.1829e-122
5.1829e-122
5.1829e-122
5.1829e-122
5.1829e-122
1.8315e-15
8.8182e-45
5.1829e-122
4.5972e-26
5.1829e-122
5.1829e-122
5.1829e-122
5.1829e-122
3.365e-36
5.1829e-122
5.1829e-122
5.1829e-122
5.1829e-122
1.4349e-28
5.1829e-122
5.1829e-122
5.1829e-122
1.1816e-30
5.1829e-122
5.1406e-27
5.1829e-122
5.1829e-122
5.1829e-122
4.1176e-27
5.1829e-122
4.8985e-33
5.1829e-122
5.1829e-122
1.7606e-21
5.1829e-122
5.1829e-122
5.1829e-122
3.7865e-33
5.1829e-122
5.1829e-122
5.1829e-122
7.4783e-18
4.3063e-30
4.6847e-24
5.1829e-122
2.9716e-24
5.1829e-122
5.1829e-122
5.1829e-122
3.5603e-31
1.0583e-20
5.1829e-122
5.1829e-122
6.7587e-35
5.1829e-122
5.1829e-122
5.1829e-122
1.4592e-27
5.1829e-122
3.1659e-35
2.32e-29
5.1829e-122
3.9183e-19
5.1829e-122
1.875e-17
5.1829e-122
5.1829e-122
5.1829e-122
5.1829e-122
5.1829e-122
5.839e-28
5.1829e-122
5.1829e-122
5.1829e-122
5.1829e-122
5.1829e-122
4.1121e-37
1.4227e-27
5.1829e-122
5.1829e-122
5.1829e-122
1.307e-26
4.0776e-26
5.1829e-122
1.716e-39
2.8357e-27
2.931e-34
6.3295e-37
2.5372e-20
5.1829e-122
5.1829e-122
5.1829e-122
5.1829e-122
5.1829e-122
5.1829e-122
5.0254e-28
3.8697e-34
1.9947e-15
5.1829e-122
4.4601e-24
5.1829e-122
5.1829e-122
5.1829e-122
5.1829e-122
5.1829e-122
1.0026e-29
5.1829e-122
5.1829e-122
4.3734e-43
5.1829e-122
5.1829e-122
5.1829e-122
2.9478e-30
5.1829e-122
5.1829e-122
5.1829e-122
5.1829e-122
2.4842e-50
5.1829e-122
5.1829e-122
5.1829e-122
5.1829e-122
2.2822e-26
6.5519e-38
5.1829e-122
5.1829e-122
5.1829e-122
5.1829e-122
5.1829e-122
5.1829e-122
5.1829e-122
1.9343e-38
5.1829e-122
6.7044e-43
5.1829e-122
2.586e-35
5.1829e-122
2.4126e-26
5.1829e-122
1.1158e-31
5.1829e-122
1.9816e-37
5.1829e-122
5.1829e-122
8.4675e-40
5.1829e-122
1.1171e-34
5.1829e-122
5.1829e-122
5.1829e-122
5.1829e-122
3.3141e-39
3.2883e-36
3.4718e-27
5.1829e-122
5.1829e-122
5.1829e-122
5.1829e-122
5.1829e-122
5.1829e-122
5.1829e-122
5.9597e-43
5.4768e-25
1.6505e-31
5.1829e-122
5.1829e-122
5.1829e-122
3.7919e-33
8.8672e-34
2.15e-33
5.1829e-122
5.1829e-122
5.1829e-122
5.1829e-122
5.1829e-122
5.1829e-122
5.1829e-122
5.1829e-122
5.1829e-122
2.8551e-28
3.7699e-19
5.1829e-122
5.1829e-122
5.1829e-122
5.1829e-122
5.1829e-122
3.6729e-31
5.1829e-122
5.1829e-122
5.1829e-122
1.2953e-26
5.1829e-122
5.1829e-122
5.1829e-122
5.1829e-122
