1167.7
2.4922e-10
1.6866e-10
1.2019e-23
7.2881e-17
1.9324e-10
2.6802e-10
1.2019e-23
0.00086133
5.3551e-10
1795.8
1.2019e-23
4077.6
0.00060068
0.0023038
1.2019e-23
3294.6
1.2019e-23
1.8191e-10
1.8867e-10
2.8013e-10
0.00052535
8.0036e-10
0.00059142
1.5516e-16
1049.6
0.00081407
0.0018661
0.00089992
2180.4
2.0304e-16
1.2019e-23
0.00065063
482.48
5.907e-17
4656.6
618.44
8.6163e-10
0.00081408
0.0013717
0.0012082
0.0014231
5.3041e-17
2254
1723
4.6887e-17
602.49
6.0508e-10
1.2019e-23
865.47
1.2019e-23
1.2019e-23
0.0030066
1.7232e-16
0.0013337
1282.2
8.9392e-17
1.8991e-10
1.0287e-16
5.0935e-17
0.00039386
1.0321e-09
3.1954e-09
6.1384e-17
1702.1
7275.7
1759
0.00076446
1.2019e-23
1.2478e-16
2.4672e-10
1.2019e-23
2.4188e-10
0.0017672
1.2019e-23
1906.1
7.3135e-17
0.0015707
3581.1
0.00068042
1300
1876.5
1.2019e-23
5787.7
4.3896e-10
1100
0.0010468
1.2019e-23
1.2019e-23
3289.9
3.2888e-17
0.0022994
4.0886e-10
8.3448e-10
2463
2.538e-16
0.0012801
6.0734e-10
2160.1
818.51
1.664e-16
2.7416e-10
0.00078351
857.19
0.0037381
7268.7
2714.1
2.195e-10
6.5985e-17
1.4799e-10
0.00062505
1.2019e-23
3768.6
1080.8
4.576e-10
1.529e-10
1.4749e-16
1.2019e-23
2816
1.2019e-23
1.2019e-23
6.1465e-17
2346.7
740.86
0.00069643
1.0851e-09
7.5563e-17
5.0982e-10
1.2019e-23
4.2822e-10
0.0020875
1.2019e-23
0.0012209
1304.7
8.2789e-17
1564
2228.8
1.2019e-23
1761.4
1.1546e-09
2.4873e-10
1.2019e-23
1.2019e-23
825.27
2.3457e-16
1.8067e-10
3377.3
1.0095e-16
0.00079427
1.2019e-23
1.2019e-23
1.2019e-23
0.00095384
6.9228e-10
1.2019e-23
3076.3
6.3835e-17
2034.3
955.87
1.2019e-23
1.2019e-23
3.8208e-10
3497.2
5.1802e-10
1.2588e-16
2.4893e-10
7.2824e-17
8.4075e-10
1.2019e-23
1418.6
0.0010517
4.2705e-10
2.09e-10
4.1435e-17
2.5619e-10
2.9846e-10
1.2019e-23
3.1777e-17
6.2219e-17
1.2019e-23
1146.3
3.527e-10
0.00059321
996.47
0.00061314
1.0984e-16
1.2019e-23
1742
1.2019e-23
0.00081759
8.6366e-10
0.0013866
1.5663e-10
0.0018798
2.9489e-10
1.6725e-16
6.2421e-17
0.0014445
0.001718
942.88
5.0737e-17
5.8665e-10
9.1961e-10
5.0859e-10
2793
1300.7
0.0024399
928.59
1.8658e-10
0.00097449
1.2019e-23
1.2019e-23
0.0013698
0.0025765
1978.3
1.2019e-23
1.2019e-23
1530.3
0.00067958
4.5731e-10
0.00063931
4.1159e-10
1842.9
0.00032559
0.00048897
4.9478e-10
0.00075158
1.2019e-23
1277.9
0.0035283
0.0019987
1.2019e-23
1.2019e-23
2312.5
0.00086999
1.2019e-23
0.00096111
8.6168e-10
4.8333e-10
6.3576e-10
9.5496e-17
1.176e-16
1030.3
0.0024287
1.2019e-23
1.3627e-16
3366
1.2019e-23
0.00072393
5.2358e-17
0.00034682
0.00091622
0.00088349
1274.8
0.0014862
1.2019e-23
3211
9.9338e-10
0.00044836
1.8113e-10
5.7128e-10
3.5117e-10
3.241e-10
9.3752e-10
3503
1.2019e-23
3.5434e-10
1.5083e-16
2.7109e-10
1.2019e-23
0.0010087
4.9723e-10
0.00059477
2.8537e-16
1.0449e-16
4.1656e-10
2.6922e-10
1473.3
1.2019e-23
5.6039e-17
0.0016754
9.3672e-10
4749.9
1.2019e-23
3177.9
2146.8
1129.7
5.4974e-10
1.2019e-23
0.00090241
1540.5
8.063e-17
4.7021e-10
1.1197e-16
1.2019e-23
0.0017577
3.9371e-17
0.00036309
6929.3
1.2123e-16
4.692e-17
1.2019e-23
4.6621e-10
2561.5
779.65
5.1675e-10
2.2754e-10
3.2545e-10
2129.9
1.771e-10
4.8248e-10
0.00088434
0.0013259
3.4136e-10
6582.7
0.00058053
4.9714e-10
0.00076538
1.2019e-23
1.2019e-23
1.2019e-23
0.006768
1525.6
1.28e-09
2.0742e-10
7.8183e-17
1325.6
1.0449e-09
1.7065e-16
0.00084539
0.00035839
862.91
0.00050633
0.00082116
8.1078e-17
0.00080687
0.00053862
3.9287e-10
1.2019e-23
1.0308e-16
3636.1
2.6117e-10
3902.6
689.49
3254.8
0.0012491
1.2019e-23
1.2019e-23
0.001038
0.00072645
1.2019e-23
2719.5
3184.2
1244.3
2546.2
1.2019e-23
1.2019e-23
1.4941e-16
1.4373e-09
0.00040653
1.3461e-16
2259.5
2407.6
0.0011957
3.8928e-10
9.4563e-17
0.0019852
0.00051719
1.2105e-16
2.8729e-16
0.00072993
0.0044335
1.2019e-23
0.00088346
3.3509e-10
1.2019e-23
2.7135e-10
4689.1
2193.5
1.6293e-16
6.3355e-10
7.6642e-17
3.0639e-16
5.7274e-17
3771.3
1.3318e-16
1.5039e-16
7.3244e-17
2613.2
7.643e-17
1.2019e-23
2250.8
1.2831e-09
1030.6
1.2019e-23
5.5554e-10
0.0063316
5.4437e-10
0.00070583
0.0018054
1.3148e-16
1508.4
2761.8
0.0013126
2.3591e-10
0.0010955
1.2019e-23
0.00076905
2.6202e-10
0.00073872
1.7542e-10
3.7824e-10
1.2019e-23
0.00072383
1.0216e-16
2.1736e-16
1971.9
1340.5
0.0014734
3.6067e-10
0.0013244
4.6075e-17
1.3451e-16
931.43
8.0323e-17
1.8363e-10
7.1259e-10
2.8651e-16
1.2019e-23
3.8899e-10
4.7583e-10
2384.4
2091.4
1534.7
0.0018587
8.6291e-17
2.3572e-10
0.0015169
1201.6
3356.8
1935.2
3.1843e-10
0.0011014
1.2019e-23
2240.3
0.0019945
1123.4
0.0005675
0.00024586
1514.6
1.9152e-16
0.002498
0.0009379
4118.9
1048.4
1433.9
1.2019e-23
1.5678e-09
1560.5
4.483e-10
0.0010355
0.0019953
9.4959e-17
1.2385e-16
2.5739e-10
2.2995e-10
7281.5
1992.9
1385.7
1.2019e-23
0.0022697
1.2019e-23
0.0010863
3140.6
2156.7
0.00071247
1597.4
0.0017768
0.0012269
1.2019e-23
8.1224e-10
8.9124e-17
2.2658e-10
1.2019e-23
0.00081656
1.0142e-16
1.2019e-23
1.2019e-23
3.7165e-10
4.4624e-17
0.00066405
0.00043052
0.0015025
1306.2
7.4728e-10
1.1806e-16
1.2019e-23
3.5326e-10
4.0501e-10
0.0021133
0.00096577
1688.6
4.0617e-10
0.00048025
1623
0.0012577
3.4833e-10
1.2019e-23
0.0011066
5.7171e-17
6145.3
7.5827e-10
9.338e-17
1088.1
1.2019e-23
0.0023378
2.8776e-17
0.00098337
6.9775e-10
1.2019e-23
793.03
1.2019e-23
8.9718e-10
0.00074649
4.3699e-10
0.00041716
6.614e-10
0.0010961
0.0013346
1.2019e-23
0.0014556
0.0015602
2475.2
1.2019e-23
1234.6
2.9909e-10
0.0019762
3274.4
0.0029929
0.0015452
783.96
0.0011517
832.74
1.2019e-23
0.00053336
1938.2
0.0015725
0.0013303
1.2019e-23
1.1206e-16
830.77
1498.8
3.847e-10
1532.5
1.2019e-23
1.2019e-23
1.6484e-10
3383.7
2264.9
1937.5
1.2019e-23
0.00049506
904.55
8050.5
1.2019e-23
1.2019e-23
1.0235e-16
3499.1
0.002051
954.14
0.0015369
752.98
1.0331e-16
2.1058e-10
7.3338e-17
2.0607e-10
2010.6
0.00067507
0.0015317
0.0013492
9.3389e-10
2724.4
8.0696e-10
5.9263e-17
1618
1.6743e-10
1.2019e-23
1.5308e-16
0.0016007
971.11
0.00068275
1.7187e-16
3.3759e-10
8.7068e-10
1.2019e-23
1450.5
4.1959e-16
4.6482e-17
1.2019e-23
0.0010344
6.9407e-10
1788.7
2479.1
4.2622e-10
3403.2
2.1514e-16
2.7679e-10
3.7308e-10
6.0272e-10
0.00055677
1.2019e-23
9.6741e-17
2.8727e-10
4.3045e-10
6.5584e-17
4.5064e-10
2060.1
9.1867e-11
1.2019e-23
2317
4.7531e-10
9.4059e-17
1.2019e-23
1.2019e-23
3.9439e-17
1.2019e-23
7702.4
0.00057134
3398.7
0.0011136
0.0012416
1.8868e-16
2148.3
1174.4
5.7661e-10
1.2019e-23
4.9308e-10
0.0024515
0.00021745
5.0477e-17
1.2019e-23
7.5388e-17
1.0389e-16
3.9769e-10
1598.6
1.2019e-23
1413.4
4115
1.7124e-10
0.0008468
2.5679e-16
1.8976e-10
4.0353e-10
0.0014708
3.16e-10
6.0715e-10
1.2019e-23
1.0119e-09
0.0023365
5.8537e-10
5.7387e-17
1501.9
2.419e-10
829.75
1.2019e-23
3784.8
1546.5
4.5073e-10
0.00068186
3.6286e-10
3.1877e-10
1629.4
1.2019e-23
1256.1
1878.8
8.4957e-17
1.2019e-23
1.5886e-16
1.8093e-09
6.5787e-17
9.2767e-17
4.8809e-10
2311
4.7852e-10
9.2777e-10
0.0030502
1.0404e-09
1.2019e-23
0.001697
1.2019e-23
0.0010801
3556.5
1.2019e-23
1383.3
2555.2
5229.3
1.2019e-23
2.2573e-10
0.0017789
2.7301e-10
0.000556
2042.3
0.00081104
1583.9
5.2391e-10
1.2019e-23
2008.7
1.2019e-23
2.1173e-10
1.3398e-16
0.002884
4.0527e-10
7.3644e-10
2.1029e-10
3.5532e-10
4.3771e-10
1.2019e-23
0.00076583
6.2266e-10
1.2019e-23
1.2019e-23
3.384e-10
3767.9
0.00072154
8.3811e-17
2.2125e-16
1351.5
1530.8
4.5829e-10
9.6085e-17
2.9064e-10
2.3364e-10
2223.5
0.0010193
1.5063e-10
0.00093151
3320.9
1.1924e-16
2.4365e-10
2407.9
3202
0.0016385
3217.1
2265
8.2647e-17
1326.8
0.0011559
0.0030391
0.0072387
0.0005197
2.1731e-10
1.2019e-23
5702.3
0.0015847
1.2019e-23
3.9e-17
5.0883e-10
1.2019e-23
1.0868e-09
2.4751e-10
0.0023665
3885.5
7.9541e-17
2202.7
9.0118e-10
0.0008678
1.1171e-16
1.3617e-16
5.7802e-17
1458.7
849.13
1999.3
2877.2
1.2019e-23
6.5612e-17
5.8354e-10
3038.9
0.0010604
6.82e-17
1129.6
9.9008e-17
1.2019e-23
0.0006183
4.5371e-10
1.2019e-23
5.3664e-10
5156.8
1.777e-16
0.0011849
5.2174e-17
2734.1
3704.9
0.00051661
2.992e-10
3.1892e-10
3.4571e-17
3125.8
2311.8
1.1437e-16
1.4692e-16
1847.4
0.0025378
885.62
6416.4
0.00073223
1.2019e-23
1.2019e-23
8.0333e-10
1.4112e-16
1807.5
1.2019e-23
1.2019e-23
0.0019156
1.2019e-23
0.0019163
1683.9
2270.8
1.1865e-16
0.00077057
1.5534e-16
0.0021506
0.0044192
6866.2
1.031e-16
2358.3
1.4589e-16
2.2639e-10
1455.8
0.00050738
1.2019e-23
4.1634e-10
2.7971e-16
1.2019e-23
1.9533e-16
0.004277
5.9032e-17
1.124e-16
0.0020421
1.5437e-09
1.2019e-23
1.5516e-16
3.7764e-10
6.9341e-10
4777.9
2088.7
3129.5
2791.2
8.6979e-17
1.2019e-23
0.00083632
5.4366e-10
1049.8
9.1971e-17
2211.4
9.4789e-10
3933.2
3512.7
1.3381e-16
0.0006127
4433.6
2.5133e-10
3.0718e-10
0.0005106
3.1307e-10
2563.8
2193.1
2408
0.00092385
5.2471e-10
1871.1
0.00050283
2.6334e-10
1.2019e-23
6.7672e-10
1201.2
5.7562e-10
4.0453e-10
3.2197e-10
0.0030701
5.8085e-10
3.7426e-10
1.1304e-10
1688
2174.4
5391.6
1278.3
1.2019e-23
1.2019e-23
4.8667e-17
0.00094423
0.0025268
9.799e-17
0.0030482
1.2019e-23
2808.5
1.2019e-23
1.2019e-23
0.0003295
1.2019e-23
6.2365e-10
1.2019e-23
2529.7
1.2019e-23
8.6922e-10
1553
8.2063e-10
0.00057271
2.5509e-10
5.4884e-17
1.2019e-23
1.2482e-09
2740.2
2388.5
7.6699e-10
9.7269e-10
2004.9
3.0652e-16
4351.4
1.2019e-23
9.0194e-10
1.2019e-23
0.0032928
1.2019e-23
1.2019e-23
0.004395
2533.1
2434.5
1.2019e-23
6.0659e-17
1.2019e-23
927.72
1.2019e-23
1.4364e-10
3220.6
4.9827e-17
0.00098738
6466.8
1.5288e-16
7628.9
972.81
2.7139e-16
0.00057851
3.1114e-10
1.2019e-23
827.79
6.8016e-10
3.8087e-10
1.2019e-23
0.00080637
0.0013044
1273.7
3614.5
1775.9
0.0014176
1.2908e-09
4.1553e-10
4.5514e-10
8.0672e-17
0.0005164
0.00084803
2.0631e-16
1.4234e-16
2.2684e-10
6.3317e-10
2.1226e-16
1521.3
2670.6
0.001553
1.2019e-23
5.7086e-17
4852.9
2394.5
1.1995e-16
2969.8
2.4607e-10
1196.6
2505.7
1879.2
1.9094e-10
1.2019e-23
3231.8
1.2019e-23
8.5112e-10
3209.1
0.00041159
1.2019e-23
1043.4
0.0012772
0.0021878
6.7644e-10
0.00065565
3.6244e-10
8.4368e-17
4.3605e-10
2.0996e-16
0.0028793
3.7482e-10
1070.5
2.8761e-10
0.00063419
2092.5
0.0019839
1.6259e-16
0.0010226
1.2019e-23
0.0016404
1.2019e-23
0.00067055
2735.4
0.0044409
1.2019e-23
2494.9
0.0019626
0.00077019
7.3979e-17
1.0447e-16
0.00074836
1.2019e-23
1.2019e-23
3.7768e-10
3494.3
9.3163e-17
5.5978e-10
1.2019e-23
1.2019e-23
8.5423e-11
1.2019e-23
0.0010983
4.51e-17
1.2019e-23
0.0014808
2.2736e-16
3125.4
0.00063279
2072.7
3692.7
8.4896e-10
1.2019e-23
1320.5
1480.7
1.943e-10
5.3221e-10
0.0007727
1.2019e-23
3.1376e-10
1.2019e-23
9.4054e-17
0.0026155
1859.5
0.0031924
1.2019e-23
1713.1
0.0014863
1.2019e-23
0.0014668
1.7343e-16
1.2019e-23
5.8453e-10
1.2019e-23
3.5581e-10
1.2019e-23
0.001329
1.2019e-23
9.9715e-17
1.2019e-23
0.00063469
1.2019e-23
5.3885e-10
1.8268e-10
3.852e-17
3723.8
0.0010559
0.0005471
1.2019e-23
1.2019e-23
1.2019e-23
1.2019e-23
1.2019e-23
1.4592e-16
8.6432e-17
1.2019e-23
0.00067072
1.3955e-09
0.0021169
0.0012298
4476.4
1.3664e-16
1198
0.00087153
0.0010125
2.4604e-10
0.0029228
0.0043504
1.1482e-09
7.0194e-17
1.4485e-16
15965
3901
1.2019e-23
4.9964e-10
4046.6
2.1712e-10
1809.6
1.1206e-09
0.0020872
12270
0.00079816
0.00098778
0.0014099
0.0018608
0.00045644
3619.8
2026.3
3.006e-10
4220.2
8.6946e-17
1.2019e-23
6.0046e-10
1697.7
1.2019e-23
9528.9
1.0548e-16
993.63
1845.6
1.2019e-23
1283.1
1.1202e-16
4.2381e-10
0.0029702
1479.9
3374.3
1.2555e-09
1015.3
0.0027811
3.4465e-10
2.1409e-10
1.2019e-23
0.0014334
2136.2
774.48
1.2019e-23
6032.8
2.6326e-16
1.1503e-09
0.0011011
3388.8
0.003339
0.0046016
1.2019e-23
1.2019e-23
1.2019e-23
8.3274e-10
2098.3
1.1311e-16
0.0015718
5097.9
3.2922e-10
1.2019e-23
0.00062414
1.2019e-23
1.2019e-23
1.2019e-23
902.27
8.5419e-10
8.7893e-17
1.2019e-23
0.00079892
1.2306e-16
712.99
4031.4
1.2019e-23
1.2019e-23
0.0012008
1.2019e-23
1.2019e-23
1.2019e-23
4.0793e-10
0.0028797
0.00096316
1049.2
6577.7
1.4324e-16
7890.2
0.0012398
4.367e-10
3.9609e-10
0.0030132
4.5847e-10
0.00064541
5899.6
2466.5
5.3885e-10
1.8555e-10
1.2019e-23
4.1828e-17
1.2019e-23
6.0687e-10
3.6822e-10
1.2019e-23
1.2019e-23
2.1203e-10
1.1681e-16
7.2079e-10
8635
2363.6
6.9412e-10
1.506e-16
4.2538e-17
3.8543e-09
1.2019e-23
1.2019e-23
0.0012686
1.2019e-23
1.2941e-16
9.7353e-10
0.001207
1147.6
0.00037058
2923.3
3.3023e-10
1.2019e-23
1.2019e-23
6.0305e-17
1.2019e-23
5751.3
4.8521e-10
0.0093213
1.3044e-16
1.2019e-23
2.7859e-10
1.2019e-23
1.7366e-10
1.2019e-23
4887.4
2175.7
0.0028065
0.00086583
0.00073371
2005.8
0.0011387
4.7092e-10
0.0015918
3505
0.00047683
7.1669e-17
1.2019e-23
0.00096424
1.4448e-16
0.0014036
1.2019e-23
4.3245e-10
1.2019e-23
0.0018398
2.5082e-10
1.2019e-23
0.0017138
0.0011136
0.0010434
1210.6
0.0012415
2092.2
4.7319e-10
2.8627e-16
1.2019e-23
1.2638e-16
4946.4
1097.3
1.2019e-23
2304.6
0.0028064
0.0017808
1.9934e-10
0.00072695
745.1
1.6947e-16
0.0017257
1606.7
1.738e-10
2524.9
1.2019e-23
0.001065
0.00086032
0.0014032
4.0593e-17
5.8618e-10
0.00080978
6.1526e-17
0.0024525
0.00041645
9.3328e-17
0.0020418
0.0023514
8.4386e-17
1.2019e-23
0.003114
0.00086175
1.2019e-23
5.5888e-10
0.0013484
0.00089503
5274.4
0.00022912
2190.5
1.7108e-16
1.617e-16
7.7033e-17
5.9626e-17
3919
0.0019837
5.2537e-10
2902
4.1872e-10
1833.7
1789.2
0.00060293
1.8031e-16
0.0011724
2.2483e-10
1712.4
5.742e-10
0.00043779
960.99
2146
2137.5
2241.5
897.04
1.577e-16
1.2295e-10
2948.9
1.2019e-23
2238.1
0.0012236
1434.6
1.2019e-23
0.00055084
5.0859e-17
7952.1
2189.9
3305.9
5.8853e-17
0.0015717
0.00072068
1.2019e-23
0.00054838
1464.4
0.0013703
6.9581e-17
771.54
3.349e-10
1.2019e-23
0.0010433
0.0013209
9624.2
0.0011202
4.9502e-17
4.3968e-16
0.0011149
0.00038029
2.4843e-10
0.0015133
1.3031e-16
1.2019e-23
7.7882e-17
2.6723e-10
1.0052e-16
0.0012269
3.0149e-10
2044.4
0.0018211
1.2019e-23
0.0011492
4467.2
1.2019e-23
1.2019e-23
4.731e-10
1124.3
3210.8
1.5031e-16
9.5572e-17
1310.5
6.0852e-10
1.2019e-23
1.2019e-23
0.0013151
0.00077073
2146.6
0.00062772
0.0019291
6.6103e-10
0.0015054
1.2019e-23
0.0017456
0.0010882
5.5412e-10
1.713e-16
1.2019e-23
0.0018326
1831.5
0.00070943
1.2019e-23
1.2019e-23
933.73
0.0010873
4.9082e-10
1.2019e-23
0.00098605
1.2019e-23
1.2019e-23
3.8847e-10
0.0011088
2.4914e-10
1.2019e-23
2.9242e-10
4.2172e-10
3.9313e-10
1.5397e-16
0.00091609
5.7727e-10
1.42e-16
1531.9
1.2019e-23
0.00056094
1.2019e-23
4.3634e-16
6.3793e-10
2656.6
1.2019e-23
7.4427e-10
0.0010317
2.131e-10
1.2019e-23
2446
1.0705e-09
1.8304e-09
4467
1.9605e-16
4220.1
1331.9
1.939e-10
9.115e-17
1590.6
2005.3
0.00035877
1.2019e-23
1.2019e-23
887.57
0.0030074
4.2696e-10
1.2019e-23
1.2019e-23
1.2019e-23
3.7019e-10
1806.5
1.2019e-23
6.0126e-17
2.8481e-10
0.0023113
3.9541e-10
2.3606e-10
1.2019e-23
0.0010223
1.2019e-23
0.0010558
1.2019e-23
6.1691e-10
1555.4
0.0013085
1.2019e-23
4.9822e-10
1.8834e-16
2.7734e-16
0.0011109
3.0089e-10
6423.1
1.2019e-23
1.2019e-23
1.2019e-23
1424.7
0.00071197
1.2019e-23
0.0017936
1.2019e-23
1.052e-16
0.0013645
3.8294e-10
1713.2
0.00071081
3.3807e-10
1.7551e-16
2702.7
2880.1
0.002244
6.582e-10
0.0005675
6153.7
1.3369e-16
2234.8
2231.2
1.2019e-23
9.2753e-17
1.056e-16
4.8502e-17
0.0006186
3.8199e-10
1.17e-10
4.4504e-16
0.00074833
1759.5
1.0721e-09
1.2019e-23
1180.3
1.616e-10
0.00065305
0.0040039
8.5409e-10
8.6131e-10
5.1444e-10
5.9956e-10
3976.3
0.0020322
4.953e-17
1702.7
0.0022474
3817.2
4506.6
2357.2
2120.5
7.5233e-17
5.8806e-17
1.2019e-23
1.2019e-23
3078.3
6.8469e-17
1203.8
2476.2
0.00084029
1.2019e-23
1.2019e-23
1.2019e-23
4113.4
1.2019e-23
3.8396e-17
0.00076972
0.0014869
1212.2
1.2019e-23
1.7853e-16
1697.9
4.1055e-10
5990.8
6.4043e-10
2.0493e-16
4.4241e-10
1.2019e-23
1326.6
2.2466e-10
0.0011385
1.2019e-23
5.4371e-10
1.2019e-23
1.2019e-23
1.2019e-23
1448.3
689.22
1.6408e-16
2635.2
4111.7
3139.9
0.00072297
1.2019e-23
1.2019e-23
1.0339e-16
1164.5
1.2019e-23
2.5309e-10
1.2019e-23
1.2019e-23
1.3964e-16
4.8615e-10
1.1153e-16
935.34
1.2019e-23
1.2019e-23
2.1934e-09
0.00041142
0.00089452
1.0923e-16
1.842e-10
0.0016681
4.8446e-16
1.6253e-16
2578.5
1038.1
1.6525e-09
1.2019e-23
0.0012928
1.2019e-23
9.8749e-17
5.2419e-17
3092.3
0.0010981
0.0017234
0.0010326
1.2019e-23
0.0006882
1515.8
4.9044e-10
2469.4
0.00090416
1.4289e-16
4.4361e-17
2549.1
7.3512e-17
0.0011224
0.0005231
1608.6
1.3218e-16
1483.6
2.4331e-10
2780.4
1.3952e-16
1.4192e-10
1.2019e-23
2264.2
6883.1
0.0017979
0.0036356
5542.9
1.076e-09
0.00095075
4.4066e-10
1664.6
3109.6
1.058e-09
0.00055283
1.7413e-10
683.74
2.3119e-10
0.0011539
3.6685e-10
1.8663e-09
0.0014179
0.00088766
0.00043071
0.00082127
1.1023e-16
1228.4
1.2019e-23
5048.7
2.4019e-10
4376.5
0.0015723
2.4283e-10
3.7044e-10
3.3594e-10
1.2019e-23
2.9664e-10
2639.4
7.1377e-10
3450.7
5.8754e-10
3.8419e-10
5.0383e-16
4814.2
5.5266e-17
3.5221e-10
5083.9
0.0024106
1025.9
2196
1.9268e-16
4.5218e-10
1.2019e-23
0.0042806
2.9856e-16
2930.8
5.965e-17
3.6139e-17
1.114e-16
1.3688e-16
4.5947e-17
1.9933e-16
4.2088e-10
1090.8
1.2019e-23
1.2019e-23
2.3408e-16
1.2019e-23
3.5405e-10
0.00042817
8.8445e-17
1.2019e-23
5.3386e-10
2.2099e-16
0.00098708
3409.3
7.5393e-10
0.00074488
1.2019e-23
1435.3
1186.9
1384.8
2600.6
2.1756e-10
5.2179e-17
9.4012e-17
4.3376e-10
3079.5
1.545e-16
1.1405e-09
8.0102e-17
1.406e-16
0.00059933
2193.2
1.2019e-23
6.2398e-17
5044.8
3818.9
6.4345e-10
2.4341e-10
1.2019e-23
3.3863e-10
1.2019e-23
852.53
3.0286e-10
2067.3
0.010145
0.001314
1383.3
1.5111e-10
1.2019e-23
0.0003727
2269.3
3295.5
2.3884e-10
0.0016592
2.1835e-09
3466.5
9.5812e-17
1479.9
1.4611e-09
1.2019e-23
2163
1201.1
1.2019e-23
5.5544e-10
4.7753e-10
1.4383e-16
3.1008e-10
0.0011945
1.2019e-23
0.00025598
1138.8
2454.8
7.035e-17
1.2019e-23
2.3789e-10
2.9014e-10
1.2019e-23
1.2019e-23
1.2019e-23
1.0057e-10
0.00049714
1177.7
1530.7
1046.4
1.2019e-23
1.5799e-16
0.0031861
0.0023795
4.9412e-09
1.0479e-16
1.2019e-23
1.2019e-23
6.836e-10
0.0019711
0.00086738
0.00035638
4.9888e-10
1.2019e-23
3.6242e-16
6.7668e-10
4897.1
2.8022e-16
1.2019e-23
7454.4
8.4438e-10
7896.7
1.2019e-23
1.2019e-23
1.2019e-23
2.2119e-10
1308.4
1.2019e-23
2018.4
1.2019e-23
1.2912e-09
6483.7
0.0018868
0.0026755
2224.5
2.3439e-16
0.0014435
2893.5
0.0012842
2385.9
11282
4.5859e-17
1.2019e-23
1.2019e-23
6559.6
2148.9
1.2019e-23
0.0014593
1.5064e-16
1.2019e-23
0.0018982
3.3988e-10
0.0013308
4.7216e-10
1.2019e-23
5.6468e-17
0.00047643
2122.5
4090.9
1.2019e-23
1.2019e-23
0.00074344
8563.2
0.0013541
9.3352e-17
1.2019e-23
3259.4
6.2379e-10
0.0013658
0.00061283
1634.3
9.4506e-17
1.2019e-23
1.2019e-23
0.0068453
0.0058108
7776.9
1.2019e-23
0.0017338
0.0010021
1776.3
1.2313e-09
3.8247e-10
2.9569e-10
3223.6
3.1037e-10
0.0018629
1.2019e-23
1841.2
0.0012055
1.2019e-23
0.00056528
0.0014796
0.00068691
1.8507e-16
0.0010198
8233.1
1179.1
0.00087776
1.2019e-23
2510.9
3.67e-17
6.4109e-10
0.0011675
599.56
4532.5
1803.1
1.2019e-23
2847.4
3170.3
2.1663e-10
0.0018242
5.727e-10
1.5688e-16
6.1116e-17
2939.6
1.2019e-23
1136.3
0.0010561
1.2345e-16
2080.2
3449.5
5.2872e-10
1.6714e-16
5.6977e-10
1.2785e-09
0.0018252
1835
1.2019e-23
2.3024e-10
1.2019e-23
0.0086214
5.5134e-10
0.00053536
0.0023907
2.2825e-10
1686.7
1.2019e-23
1862.3
1.2019e-23
1894.9
2.2753e-16
1.2019e-23
22244
0.0021119
1891.5
0.0013515
0.00069201
5.5299e-10
3.824e-17
7761.3
0.00079334
0.00068983
7.3743e-10
2993.4
6.9412e-17
3.4634e-17
2104.8
0.00096512
3696.7
1.2019e-23
0.0010454
1.2019e-23
1690.6
1.7262e-09
0.0029115
2.9421e-10
1479
2.3563e-16
4.302e-10
5592.4
3.4715e-10
6.3256e-17
2173.5
1.6446e-10
8.0191e-10
2.0127e-10
3.1565e-10
4.0629e-10
35638
1229.8
1.3152e-16
1.2019e-23
1589.4
1.2019e-23
7793.4
4245.2
1216.4
8.5777e-17
9.462e-10
0.00057176
3928.6
5.3508e-10
3.4508e-17
3739.7
2073.2
1.2019e-23
959.07
1.2019e-23
1.2019e-23
2.9873e-16
4429.1
1.2007e-09
0.00058066
1.2019e-23
2032.5
1.2019e-23
1.5749e-16
0.0019588
1872.5
0.0026245
1.2019e-23
2.2818e-17
2385.4
1446.6
2.5203e-16
0.0013304
5.2707e-10
1245.8
1.2019e-23
0.0034209
1.2019e-23
2.6327e-10
1.3267e-16
0.00069354
5.1458e-10
6.4608e-17
755.21
9.609e-10
1658.8
1.2019e-23
0.00064373
1.2019e-23
4.5477e-10
1.2019e-23
7.7792e-17
2090.5
3.1736e-10
1806.4
0.0020512
0.00079015
2291.8
0.0015803
1.6945e-10
5.9754e-10
1058.1
1256.4
1.2019e-23
2.3636e-16
4.1644e-10
5.9796e-10
0.0018066
829.37
0.0018151
1522.5
5533.8
0.00094342
9.124e-17
1.1314e-09
2537.7
2.7199e-10
1.2019e-23
2.0274e-09
9.8273e-17
4.8752e-10
0.0015577
7.972e-10
0.00091991
7.4724e-17
3084.4
4.0189e-10
2.0109e-10
1.2322e-16
7.5841e-17
1641.8
3702.8
1.2019e-23
2.7413e-10
1837.2
4935.3
1481.9
4728
8.26e-10
3.7692e-10
4.1735e-10
4.5751e-16
5.5775e-17
6.8879e-10
9.6887e-10
1.2019e-23
1161.5
0.00057581
8.1822e-17
968.77
1.2019e-23
1101.9
1.2019e-23
1.2019e-23
1437.1
8.7898e-17
0.0013039
7120.4
1.2019e-23
2548.1
0.0020605
0.0030283
1.2019e-23
1637.9
4.9459e-10
4781.3
0.0016191
5.3301e-17
1.2019e-23
3.1661e-10
4130.4
6.4929e-10
2.3346e-17
5.2594e-10
1.2019e-23
0.0037878
0.0063576
1.2019e-23
2.6335e-17
747.43
623.63
1701
4797.4
1.2019e-23
3591.7
0.001302
3695.1
1.2019e-23
0.00036156
1.5745e-16
4.772e-10
1.2019e-23
2103
0.00095337
1.0313e-09
1.2019e-23
1.7051e-10
2298.5
3059.5
2.9879e-10
1398.4
1.2019e-23
4.191e-16
0.00084743
3522.4
1364.2
1.656e-16
5.7222e-10
0.0029306
0.0016154
969.38
0.00095142
0.00062584
0.0012935
4.5089e-10
3.8736e-17
0.00087951
1.1486e-16
1.2019e-23
0.0025019
4280.7
0.0031047
0.0010869
0.00114
4204.9
1.2019e-23
4169.4
1.8677e-16
2.5278e-16
0.00098959
4016.6
1340.2
0.00043681
0.0018124
2.8279e-16
1.2019e-23
2.1967e-10
6.7144e-10
3.0534e-10
4.638e-17
1.2019e-23
2.7659e-10
0.00076792
0.00078443
0.00049757
5.4451e-10
1.2019e-23
0.0012954
5290.8
2569.9
2.943e-10
2.447e-10
0.0022921
2.9706e-10
1.2019e-23
3.3423e-10
1.0264e-16
0.0033732
1.2502e-09
6.6041e-10
3.9062e-16
4.7659e-10
7.0199e-10
1301.9
0.0029508
2680.2
1.2019e-23
2360.5
1.2019e-23
1.2019e-23
0.00079265
4.0836e-10
0.0018523
1462
1.2019e-23
0.00078355
1.2019e-23
1.2019e-23
0.0017985
1.2019e-23
1.0499e-16
1.2019e-23
1.1053e-16
1.4879e-16
1.2019e-23
0.0020618
0.0010211
5.2e-10
1.2019e-23
0.001485
0.0020403
1.2019e-23
0.00058568
0.00096221
1.1404e-09
3520.7
8.8586e-17
6843.8
4699.5
8.9421e-17
1.3397e-16
1.2019e-23
1984.2
9.9182e-17
1.414e-16
8.7464e-10
1.2019e-23
0.001489
1.0656e-16
1.2019e-23
3272.4
1.2019e-23
1.2019e-23
3.6209e-10
1.2019e-23
1048
2.788e-10
1.2019e-23
1.2019e-23
1.2019e-23
3342.7
2.4716e-16
0.00093638
1.2019e-23
5.6694e-17
5.982e-17
5.1264e-10
0.00052395
1902.3
8209.8
