4.7692e-59
4.7692e-59
4.7692e-59
3.6082e-33
4.7692e-59
4.7692e-59
4.7692e-59
4.7692e-59
4.7692e-59
4.7692e-59
1.3909e-29
4.7692e-59
4.7692e-59
1.4075e-31
4.7692e-59
1.5691e-35
4.7692e-59
4.7692e-59
4.7692e-59
4.7692e-59
4.7692e-59
4.7692e-59
5.6024e-18
4.7692e-59
4.7692e-59
4.7692e-59
4.7692e-59
1.1849e-33
3.8797e-21
4.7692e-59
4.7692e-59
4.7692e-59
8.1135e-34
4.7692e-59
4.7692e-59
4.7692e-59
4.7692e-59
4.7692e-59
3.4785e-24
4.7692e-59
4.7692e-59
4.7692e-59
4.7692e-59
4.1768e-31
4.7692e-59
1.2852e-33
4.7692e-59
1.1555e-33
9.5327e-36
4.7692e-59
4.7692e-59
4.7692e-59
9.1494e-27
4.7692e-59
4.7692e-59
4.7692e-59
4.7692e-59
4.7692e-59
4.7692e-59
4.7692e-59
4.7692e-59
4.7692e-59
8.2652e-24
4.7692e-59
4.7692e-59
6.5469e-35
4.7692e-59
1.5789e-23
4.7692e-59
4.7692e-59
4.7692e-59
4.7692e-59
4.7692e-59
4.7692e-59
1.1022e-31
4.7692e-59
4.7692e-59
4.7692e-59
4.8784e-24
4.7692e-59
4.7692e-59
4.7692e-59
4.7692e-59
5.9022e-21
1.0224e-30
1.0426e-35
4.7692e-59
6.906e-34
4.1914e-29
1.0789e-24
1.0668e-30
4.7692e-59
4.7692e-59
4.7692e-59
1.0989e-25
2.5214e-38
4.7692e-59
7.5583e-28
4.7692e-59
4.7692e-59
4.7692e-59
4.7692e-59
1.61e-30
4.7692e-59
1.0335e-36
1.5112e-32
4.7692e-59
5.7863e-33
7.5861e-27
4.7692e-59
4.7692e-59
4.7692e-59
4.7692e-59
4.7692e-59
4.7692e-59
4.7692e-59
4.7692e-59
4.7692e-59
2.962e-26
4.7692e-59
4.7692e-59
4.7692e-59
4.7692e-59
4.7692e-59
8.4403e-23
4.7692e-59
4.7692e-59
4.7692e-59
7.3106e-36
4.7692e-59
4.7692e-59
4.3163e-23
4.7692e-59
4.7692e-59
9.4717e-35
4.7692e-59
4.7692e-59
4.7692e-59
4.7692e-59
4.7692e-59
4.7692e-59
4.7692e-59
8.5407e-38
3.4157e-19
6.4743e-31
4.7692e-59
2.5632e-32
4.7692e-59
2.367e-34
4.7692e-59
1.3569e-31
4.2598e-28
1.3082e-31
4.7692e-59
3.1269e-25
4.7692e-59
3.3661e-37
8.8594e-27
4.7692e-59
4.7692e-59
2.7562e-39
4.7692e-59
5.3986e-28
4.7692e-59
4.7692e-59
4.7692e-59
4.7692e-59
4.7692e-59
4.7692e-59
4.7692e-59
6.8698e-28
6.0966e-28
4.7692e-59
4.7692e-59
4.7692e-59
4.7692e-59
4.7692e-59
2.9081e-30
4.7692e-59
2.2999e-22
1.6099e-35
2.7057e-34
4.7692e-59
4.7692e-59
4.7692e-59
4.7692e-59
4.7692e-59
4.7692e-59
6.6593e-31
4.7692e-59
4.7692e-59
4.7692e-59
4.7692e-59
4.7692e-59
4.7692e-59
4.7692e-59
7.5635e-28
4.7692e-59
3.1162e-23
4.7692e-59
1.9395e-33
2.7074e-32
3.0644e-21
2.9223e-28
4.7692e-59
7.2321e-27
4.7692e-59
1.5269e-27
6.6299e-26
4.7692e-59
3.3413e-23
4.7692e-59
2.3889e-31
4.7692e-59
4.7692e-59
1.4549e-32
4.7692e-59
4.7692e-59
4.7692e-59
4.7692e-59
4.7692e-59
4.7692e-59
3.3917e-26
4.7692e-59
4.7692e-59
4.132e-30
9.7497e-19
6.7425e-23
4.7692e-59
4.7692e-59
4.7692e-59
4.7692e-59
7.708e-37
4.7692e-59
4.7692e-59
2.9933e-31
3.7698e-27
4.7692e-59
4.7692e-59
1.9519e-29
1.8695e-29
4.7692e-59
4.7692e-59
4.7692e-59
4.7692e-59
7.9125e-34
4.7692e-59
6.6894e-31
4.7692e-59
4.7692e-59
4.7692e-59
3.4251e-33
4.7692e-59
4.7692e-59
4.7692e-59
9.1047e-32
4.7692e-59
5.2708e-38
4.7692e-59
4.7692e-59
4.0259e-31
4.7692e-59
9.2269e-35
1.3637e-27
4.7692e-59
1.3364e-23
4.7692e-59
4.9783e-31
4.7692e-59
2.1233e-37
4.7692e-59
4.7692e-59
4.7692e-59
2.0195e-30
4.7692e-59
1.2556e-34
1.3195e-30
1.7672e-34
4.7692e-59
4.7692e-59
8.0821e-25
4.7692e-59
4.7692e-59
4.7692e-59
1.737e-28
1.1347e-38
4.7692e-59
4.7692e-59
4.7692e-59
4.7692e-59
4.7692e-59
6.4365e-24
2.3289e-30
4.7692e-59
4.7692e-59
7.5195e-26
4.7692e-59
4.7692e-59
4.7692e-59
4.7692e-59
4.7692e-59
6.7211e-31
7.9762e-27
4.7692e-59
4.7692e-59
4.7692e-59
4.7692e-59
4.7692e-59
4.7692e-59
4.7692e-59
8.2138e-26
4.7692e-59
8.3643e-12
4.7692e-59
4.7692e-59
1.4771e-27
4.7692e-59
4.7692e-59
4.7692e-59
9.4162e-35
4.7692e-59
4.7692e-59
4.5269e-36
8.6226e-36
4.7692e-59
4.0144e-30
4.2785e-31
5.2496e-35
4.7692e-59
4.7692e-59
4.7692e-59
4.7692e-59
4.7692e-59
4.7692e-59
2.4428e-22
4.7692e-59
4.7692e-59
4.7692e-59
9.6218e-27
5.4974e-37
4.1006e-29
3.5691e-29
4.7692e-59
4.7692e-59
4.7692e-59
1.2791e-35
3.3508e-20
4.7692e-59
1.3046e-22
2.0385e-32
4.7692e-59
4.8262e-34
4.7692e-59
4.7692e-59
4.7692e-59
4.7692e-59
4.7692e-59
4.7692e-59
6.0388e-38
4.7692e-59
4.7692e-59
4.7692e-59
4.7692e-59
4.7692e-59
4.7692e-59
1.5303e-36
4.7692e-59
4.7692e-59
4.7692e-59
4.7692e-59
4.7692e-59
4.7692e-59
4.7692e-59
4.7692e-59
9.5472e-34
4.7692e-59
1.6795e-31
4.7692e-59
4.7692e-59
2.0481e-26
4.7692e-59
4.7692e-59
4.7692e-59
4.7692e-59
4.7692e-59
7.4092e-40
2.1232e-32
8.0971e-28
1.4243e-23
2.1544e-33
4.7692e-59
4.7692e-59
4.7692e-59
4.7692e-59
6.2762e-25
4.7692e-59
4.7692e-59
4.7692e-59
4.7692e-59
1.1715e-29
4.7692e-59
4.7692e-59
4.7692e-59
4.7692e-59
4.7692e-59
5.3243e-36
4.7692e-59
4.7692e-59
4.7692e-59
6.682e-26
4.7692e-59
4.7692e-59
4.7692e-59
4.7692e-59
3.4781e-26
4.7692e-59
4.7692e-59
4.7692e-59
4.7692e-59
1.8354e-22
1.3016e-24
4.7692e-59
4.7692e-59
1.5381e-19
4.7692e-59
6.5204e-30
4.7692e-59
4.7692e-59
2.7779e-31
3.0872e-25
4.7692e-59
4.4418e-31
5.2026e-35
4.7692e-59
4.7692e-59
3.86e-33
9.9981e-36
4.7692e-59
4.7692e-59
4.7692e-59
4.7692e-59
1.0977e-24
4.7692e-59
1.0816e-32
4.7692e-59
4.7692e-59
4.7692e-59
4.7692e-59
4.7692e-59
1.217e-37
4.7692e-59
1.2073e-32
4.9812e-31
4.7692e-59
7.2243e-33
4.7692e-59
2.5971e-30
2.7691e-33
4.7692e-59
2.7904e-24
1.6005e-30
4.7692e-59
4.7692e-59
4.7692e-59
4.7692e-59
4.7692e-59
1.7679e-29
6.3962e-26
5.9389e-33
4.7692e-59
1.8355e-30
4.7692e-59
4.7692e-59
1.8526e-29
3.7472e-30
7.9801e-29
4.7692e-59
4.7692e-59
4.7692e-59
4.7692e-59
4.7692e-59
4.7692e-59
4.7692e-59
3.1519e-21
9.3098e-24
4.7692e-59
4.7692e-59
4.9372e-30
4.7692e-59
4.7692e-59
4.7692e-59
4.7692e-59
4.7692e-59
4.7692e-59
2.122e-27
3.0957e-40
4.7692e-59
2.9015e-31
7.8372e-27
4.7692e-59
4.7692e-59
9.9365e-23
4.7692e-59
2.1429e-31
4.7692e-59
4.7692e-59
1.9294e-27
4.7692e-59
1.8566e-30
4.7692e-59
6.4018e-28
4.5527e-30
4.7692e-59
4.7692e-59
3.235e-26
4.7692e-59
3.1216e-35
4.7692e-59
4.7692e-59
4.7692e-59
4.7692e-59
4.7692e-59
4.7692e-59
4.7692e-59
4.7692e-59
4.7692e-59
1.0428e-30
7.2757e-29
3.051e-29
7.4278e-34
3.148e-29
4.7692e-59
9.3784e-35
4.7692e-59
1.0917e-26
4.7692e-59
8.6124e-32
4.7692e-59
4.7692e-59
4.7692e-59
4.7692e-59
4.7692e-59
4.7692e-59
4.7692e-59
4.7692e-59
4.7692e-59
4.7692e-59
4.7692e-59
1.5641e-36
4.7692e-59
4.7692e-59
1.6718e-37
8.8308e-24
4.7692e-59
4.7692e-59
4.7692e-59
6.8367e-20
7.7914e-31
4.7692e-59
1.237e-22
4.7692e-59
4.7692e-59
2.6273e-25
1.5331e-12
1.6036e-14
4.7692e-59
4.7692e-59
4.7692e-59
4.7692e-59
4.7692e-59
4.7692e-59
4.7692e-59
2.4507e-38
5.3744e-28
2.7519e-25
4.7692e-59
9.2361e-30
5.1887e-39
4.7692e-59
7.8779e-28
4.7692e-59
7.4411e-33
4.7692e-59
4.7692e-59
1.2534e-13
4.7692e-59
4.7692e-59
1.6276e-31
4.7692e-59
4.7692e-59
4.7692e-59
4.7692e-59
4.7692e-59
4.7692e-59
3.8145e-29
4.7692e-59
4.7692e-59
4.7692e-59
4.7692e-59
2.2232e-38
4.7692e-59
4.7692e-59
5.1668e-35
4.7692e-59
4.7692e-59
4.7692e-59
4.7692e-59
4.7692e-59
1.7925e-29
4.7692e-59
4.7692e-59
4.7158e-26
4.7692e-59
4.7692e-59
4.7692e-59
4.7692e-59
6.2089e-31
8.462e-29
4.7692e-59
8.4688e-45
4.7692e-59
4.7692e-59
4.7692e-59
5.4252e-28
4.7692e-59
1.6453e-30
4.7692e-59
4.7692e-59
4.7692e-59
9.8339e-19
4.7692e-59
4.7692e-59
2.0246e-28
4.7692e-59
4.7692e-59
4.7692e-59
5.2771e-29
4.7692e-59
4.7692e-59
4.5425e-32
4.7692e-59
4.7692e-59
4.7692e-59
6.1449e-31
4.7692e-59
4.7692e-59
4.7692e-59
4.7692e-59
3.756e-38
4.7692e-59
1.6963e-22
4.7692e-59
2.7454e-30
1.2162e-30
4.7692e-59
4.7692e-59
5.7958e-27
4.7692e-59
4.7692e-59
4.7692e-59
8.6451e-32
4.7692e-59
4.7692e-59
1.9215e-33
6.3962e-28
4.7692e-59
4.7692e-59
4.7692e-59
5.3715e-32
4.7692e-59
8.2686e-31
4.7515e-33
2.1251e-28
4.7692e-59
4.7692e-59
4.7692e-59
4.7692e-59
4.7692e-59
4.7692e-59
5.5625e-31
4.7692e-59
4.7692e-59
4.7692e-59
4.7692e-59
4.7692e-59
7.6867e-32
4.7692e-59
4.7692e-59
4.7692e-59
4.7692e-59
4.7692e-59
4.7692e-59
4.7692e-59
4.7692e-59
4.7692e-59
4.7692e-59
4.7692e-59
4.7692e-59
4.7692e-59
4.7692e-59
4.7692e-59
4.7692e-59
4.7692e-59
4.7692e-59
1.1879e-27
4.7692e-59
4.7692e-59
4.7692e-59
4.7692e-59
4.7692e-59
2.0654e-32
4.7692e-59
1.8005e-23
4.7692e-59
2.6285e-28
4.7692e-59
4.7692e-59
2.1588e-33
4.7692e-59
4.7692e-59
7.846e-30
4.7692e-59
2.1071e-30
5.4937e-32
4.7692e-59
4.7692e-59
4.7692e-59
4.7692e-59
4.7692e-59
4.7692e-59
4.7692e-59
4.7692e-59
1.7745e-28
4.7692e-59
4.7692e-59
4.7692e-59
4.7692e-59
4.7692e-59
8.6942e-37
9.1528e-29
5.6366e-11
4.7692e-59
4.7692e-59
4.7692e-59
6.7414e-35
4.7692e-59
1.8856e-36
1.2101e-34
4.7692e-59
4.7692e-59
4.7692e-59
4.7692e-59
4.7692e-59
4.7692e-59
5.3916e-27
1.0012e-24
4.7692e-59
4.7692e-59
4.7692e-59
2.78e-31
4.7692e-59
4.7692e-59
1.4213e-29
4.7692e-59
4.7692e-59
4.7692e-59
1.2862e-29
4.7692e-59
4.7692e-59
4.7692e-59
4.7692e-59
8.5603e-16
4.7692e-59
4.7692e-59
4.7692e-59
4.7692e-59
4.7692e-59
4.7692e-59
4.7692e-59
4.7692e-59
4.7692e-59
4.7692e-59
3.7986e-30
4.7692e-59
4.7692e-59
4.7692e-59
4.7692e-59
2.7779e-32
1.029e-26
2.2961e-18
4.7692e-59
4.7692e-59
2.559e-17
4.7692e-59
4.7692e-59
2.1228e-25
4.7692e-59
4.7692e-59
4.7692e-59
2.2841e-30
6.5848e-35
4.7692e-59
2.455e-26
4.7692e-59
4.7692e-59
2.2181e-35
4.7692e-59
4.7692e-59
5.1618e-19
4.7692e-59
9.5376e-36
4.7692e-59
4.7692e-59
4.7692e-59
4.7692e-59
4.7692e-59
4.7692e-59
4.7692e-59
4.7692e-59
4.7692e-59
4.7692e-59
4.7692e-59
1.8597e-23
4.7692e-59
2.4162e-25
4.7692e-59
6.976e-31
8.9289e-28
4.7692e-59
4.7692e-59
4.7692e-59
4.7692e-59
1.3528e-19
4.7692e-59
4.7692e-59
4.7692e-59
4.7692e-59
4.7692e-59
6.0508e-24
1.5837e-23
4.7692e-59
3.5822e-32
4.3853e-24
4.7692e-59
4.7692e-59
1.2991e-33
4.7692e-59
2.7318e-29
1.7692e-29
4.7692e-59
1.1341e-19
4.7692e-59
4.7692e-59
4.7692e-59
3.8012e-32
4.7692e-59
4.7692e-59
2.7511e-17
4.0946e-31
8.9439e-28
4.7692e-59
4.7692e-59
4.7692e-59
4.7692e-59
2.8235e-27
4.7692e-59
4.7692e-59
4.7692e-59
4.7692e-59
4.7692e-59
4.7692e-59
4.7692e-59
4.7692e-59
4.04e-32
4.7692e-59
4.7692e-59
4.7692e-59
3.3333e-28
4.7692e-59
4.7692e-59
4.4981e-31
4.7692e-59
4.7692e-59
4.7692e-59
7.7627e-22
4.7692e-59
4.7692e-59
5.3051e-29
8.0861e-23
3.2156e-22
4.7692e-59
8.7867e-27
4.7692e-59
4.7692e-59
4.7692e-59
4.7692e-59
4.7692e-59
2.4795e-31
4.7692e-59
4.7692e-59
4.7692e-59
4.7692e-59
4.7692e-59
4.7692e-59
4.7692e-59
2.0174e-21
4.7692e-59
4.7692e-59
4.7692e-59
4.7692e-59
5.4678e-33
4.7692e-59
4.7692e-59
6.3002e-29
4.7692e-59
4.7692e-59
4.7692e-59
1.1301e-30
7.2388e-34
4.7692e-59
7.8154e-34
6.7884e-32
4.7692e-59
4.7692e-59
2.9738e-24
4.7692e-59
4.7692e-59
4.7692e-59
4.7692e-59
1.8551e-36
4.7692e-59
4.7692e-59
4.7692e-59
4.7692e-59
4.7692e-59
4.7692e-59
4.7692e-59
4.7692e-59
4.7692e-59
4.7692e-59
4.7692e-59
4.7692e-59
4.7692e-59
4.7692e-59
4.7692e-59
4.7692e-59
1.4611e-24
4.7692e-59
3.0318e-28
4.7692e-59
4.7692e-59
4.7692e-59
7.3461e-33
4.7692e-59
1.51e-09
4.7692e-59
8.3924e-26
4.7692e-59
4.7692e-59
4.7692e-59
4.7692e-59
4.7692e-59
1.1173e-26
4.7692e-59
4.7692e-59
4.7692e-59
4.7692e-59
4.7692e-59
4.8298e-28
3.0068e-25
4.7692e-59
4.7692e-59
4.7692e-59
1.6793e-24
4.7692e-59
4.7692e-59
4.7692e-59
4.7692e-59
4.7692e-59
4.7692e-59
4.7692e-59
4.7692e-59
4.7692e-59
3.5228e-29
4.7692e-59
4.7692e-59
4.7692e-59
8.7005e-27
4.7692e-59
2.0168e-37
1.2853e-28
4.7692e-59
4.7692e-59
4.7692e-59
4.7692e-59
4.7692e-59
4.7692e-59
1.9334e-31
6.1877e-26
4.7692e-59
4.7692e-59
4.7692e-59
4.7692e-59
4.7692e-59
4.7692e-59
4.7692e-59
4.7692e-59
4.7692e-59
4.7692e-59
4.7692e-59
4.7692e-59
4.7692e-59
4.7692e-59
5.0515e-26
4.7692e-59
4.7692e-59
4.7692e-59
4.7692e-59
5.663e-25
7.1155e-31
4.7692e-59
1.7049e-38
8.5299e-37
6.0833e-33
5.9789e-21
4.7692e-59
4.8902e-35
4.3997e-23
4.7692e-59
4.7692e-59
4.4429e-30
2.9549e-31
1.6523e-26
4.7692e-59
4.7692e-59
4.7692e-59
4.7692e-59
8.461e-25
4.7692e-59
2.6969e-24
4.7692e-59
4.7692e-59
4.7692e-59
4.7692e-59
4.7692e-59
2.1904e-29
4.7692e-59
1.2499e-28
1.857e-26
4.7692e-59
4.7692e-59
4.7692e-59
2.0708e-30
4.6641e-31
4.7692e-59
6.1359e-30
3.4405e-27
4.7692e-59
4.7692e-59
2.5188e-23
4.7692e-59
4.7692e-59
4.7692e-59
2.1525e-33
4.7692e-59
4.7692e-59
6.0728e-28
4.7692e-59
4.7692e-59
4.7692e-59
1.4411e-34
4.7692e-59
5.7576e-30
4.7692e-59
4.7692e-59
4.7692e-59
1.4834e-38
4.7692e-59
4.7692e-59
4.7692e-59
4.7692e-59
3.0115e-28
3.8138e-31
4.7692e-59
4.7692e-59
4.7692e-59
5.3274e-29
5.2005e-32
4.7692e-59
5.6457e-25
1.9561e-24
4.7692e-59
8.1611e-36
1.0598e-25
4.7692e-59
4.7692e-59
4.7692e-59
4.7692e-59
4.7692e-59
2.5499e-23
4.7692e-59
4.7692e-59
4.7692e-59
7.7563e-36
4.7692e-59
4.7692e-59
4.7692e-59
4.7692e-59
4.7692e-59
4.7692e-59
4.7692e-59
1.2035e-28
6.0756e-29
6.5152e-26
4.7692e-59
5.0649e-27
4.7692e-59
4.7692e-59
3.8026e-29
4.7692e-59
4.7692e-59
4.7692e-59
5.5709e-22
4.7692e-59
4.7692e-59
5.4244e-23
4.7692e-59
4.7692e-59
4.7135e-25
2.0955e-29
4.7692e-59
4.7692e-59
2.625e-15
4.7692e-59
8.5851e-24
6.5358e-38
4.7692e-59
7.5897e-33
4.7692e-59
4.7692e-59
4.7692e-59
6.2703e-32
4.7692e-59
9.2941e-23
4.0377e-34
1.4201e-26
4.7692e-59
4.7692e-59
3.9167e-24
4.7692e-59
2.2913e-19
4.7692e-59
4.7692e-59
4.7692e-59
4.7692e-59
4.7692e-59
4.7692e-59
4.7692e-59
4.7692e-59
4.7692e-59
4.7692e-59
4.7692e-59
4.7692e-59
4.7692e-59
4.7692e-59
4.7692e-59
1.0841e-22
4.7692e-59
4.7692e-59
4.7692e-59
6.9801e-33
1.0862e-29
7.085e-33
4.7692e-59
3.3653e-27
2.3383e-16
4.7692e-59
1.2227e-31
2.4093e-32
4.7692e-59
4.7692e-59
8.2209e-24
4.7692e-59
4.7692e-59
4.7692e-59
4.7692e-59
4.7692e-59
4.7692e-59
4.7692e-59
4.7692e-59
4.7692e-59
4.7692e-59
3.6675e-35
2.4532e-30
4.7692e-59
2.4092e-28
3.3886e-30
4.7692e-59
4.7692e-59
4.7692e-59
4.7692e-59
4.7692e-59
1.7543e-33
4.7692e-59
1.8528e-23
4.7692e-59
4.7692e-59
4.7692e-59
4.7692e-59
4.7692e-59
4.3911e-24
4.7692e-59
4.7692e-59
4.7692e-59
4.7692e-59
4.7692e-59
4.7692e-59
4.7692e-59
4.7692e-59
3.7251e-22
2.3693e-29
1.4956e-19
2.1353e-27
4.7692e-59
4.7692e-59
4.7692e-59
4.7692e-59
4.7692e-59
4.7692e-59
4.7692e-59
4.7692e-59
4.2772e-23
2.3658e-27
4.7692e-59
1.7579e-42
4.7692e-59
4.7692e-59
4.7692e-59
4.7692e-59
4.7692e-59
4.7692e-59
4.7692e-59
4.7692e-59
4.1116e-34
4.7692e-59
4.7692e-59
4.7692e-59
4.347e-29
6.1842e-26
4.9167e-29
2.4879e-28
4.7692e-59
4.7692e-59
4.7692e-59
4.7692e-59
4.7692e-59
4.7692e-59
4.7692e-59
4.7692e-59
4.7692e-59
4.7692e-59
4.7692e-59
1.6531e-27
6.6555e-30
4.7692e-59
4.7692e-59
4.7692e-59
2.4304e-31
3.1397e-11
4.7692e-59
4.7692e-59
4.7692e-59
4.7692e-59
7.6884e-32
4.7692e-59
4.7692e-59
4.7692e-59
4.7692e-59
4.7692e-59
4.7692e-59
4.7692e-59
4.7692e-59
1.5772e-29
4.7692e-59
4.6316e-27
4.7692e-59
4.7692e-59
4.7692e-59
4.7692e-59
4.7692e-59
4.4153e-22
4.7692e-59
5.4791e-23
4.7692e-59
4.7692e-59
4.7692e-59
1.5353e-32
4.7692e-59
4.7692e-59
4.7692e-59
4.7692e-59
4.7692e-59
4.7692e-59
4.7692e-59
5.7465e-34
4.7692e-59
4.7692e-59
4.7692e-59
4.7692e-59
4.7692e-59
4.7692e-59
4.7692e-59
4.7692e-59
3.4137e-29
7.2579e-37
2.7247e-26
4.7692e-59
4.7692e-59
4.7692e-59
4.7692e-59
4.1435e-33
2.4232e-23
4.0114e-23
2.1944e-16
1.2563e-29
5.2197e-29
4.7692e-59
4.7692e-59
4.7692e-59
4.7692e-59
4.7692e-59
4.7692e-59
4.7692e-59
4.7692e-59
1.6593e-26
1.2616e-35
5.3894e-19
1.1091e-30
4.7692e-59
4.7692e-59
4.7692e-59
4.7692e-59
4.7692e-59
4.7692e-59
2.7161e-32
1.6807e-21
4.7692e-59
1.5175e-24
4.7692e-59
3.791e-22
1.0628e-32
4.7692e-59
4.7692e-59
5.8401e-28
4.7692e-59
4.7692e-59
4.7692e-59
4.7692e-59
3.1335e-23
4.7692e-59
4.7692e-59
4.7692e-59
4.7692e-59
4.7692e-59
4.7692e-59
4.7692e-59
4.7692e-59
4.7692e-59
4.7692e-59
1.823e-33
4.7692e-59
4.7692e-59
4.7692e-59
4.7692e-59
4.7692e-59
4.7692e-59
4.7692e-59
4.7515e-34
1.2766e-32
4.7692e-59
4.7692e-59
7.4613e-22
6.1583e-30
2.3284e-34
4.7692e-59
4.7692e-59
3.7926e-29
4.7692e-59
9.0622e-29
4.7692e-59
4.7692e-59
4.7692e-59
4.7692e-59
4.7692e-59
5.5256e-30
4.7692e-59
4.7692e-59
1.4201e-33
8.2157e-36
4.7692e-59
4.7692e-59
9.7214e-32
4.7639e-15
4.7692e-59
1.2695e-26
4.7692e-59
4.7692e-59
4.7692e-59
4.7692e-59
4.7692e-59
4.7692e-59
4.7692e-59
4.7692e-59
1.036e-26
4.7692e-59
4.7692e-59
4.7692e-59
4.7692e-59
4.7692e-59
4.7692e-59
4.7692e-59
4.7692e-59
4.7692e-59
4.7692e-59
4.7692e-59
3.2517e-27
4.7692e-59
4.7692e-59
2.9878e-31
4.7692e-59
4.7692e-59
4.7692e-59
4.7692e-59
4.7692e-59
4.7692e-59
4.2671e-29
2.5404e-25
6.7997e-25
4.7692e-59
4.7692e-59
1.9557e-36
4.7692e-59
4.7692e-59
4.7692e-59
4.7692e-59
4.7692e-59
4.7692e-59
4.7692e-59
4.7692e-59
4.7692e-59
4.7692e-59
4.7692e-59
4.7692e-59
4.7692e-59
4.7692e-59
4.4189e-23
4.7692e-59
4.7692e-59
4.7692e-59
4.7692e-59
4.7692e-59
4.7692e-59
4.7692e-59
4.1003e-44
4.7692e-59
4.7692e-59
4.7692e-59
4.7692e-59
7.5963e-29
4.7692e-59
4.7692e-59
4.7692e-59
4.7692e-59
4.7692e-59
1.866e-30
4.7692e-59
3.5538e-26
4.7692e-59
4.7692e-59
3.1055e-26
4.7692e-59
4.6359e-35
4.7692e-59
4.7692e-59
4.7692e-59
4.7692e-59
2.4017e-17
1.7029e-38
4.7692e-59
4.7692e-59
4.7692e-59
1.7315e-29
4.7692e-59
4.7692e-59
5.7802e-23
1.1425e-24
4.7692e-59
4.7692e-59
3.0619e-29
4.7692e-59
3.1764e-27
4.7692e-59
4.7692e-59
4.7692e-59
4.7692e-59
4.7692e-59
4.7692e-59
1.2684e-29
4.7692e-59
8.0868e-33
2.7656e-34
4.7692e-59
4.7692e-59
4.7692e-59
4.7692e-59
4.7692e-59
2.7435e-26
4.7692e-59
4.7692e-59
4.7692e-59
1.3158e-29
4.7692e-59
4.7692e-59
4.7692e-59
4.7692e-59
4.7692e-59
1.7195e-35
4.7692e-59
4.7692e-59
4.7692e-59
4.7692e-59
3.6981e-27
2.6106e-20
3.0351e-30
4.7692e-59
1.3345e-25
1.328e-27
2.6547e-30
3.3257e-25
4.7692e-59
7.8352e-38
4.7692e-59
4.7692e-59
4.7692e-59
4.7692e-59
5.7313e-32
4.7692e-59
4.7692e-59
1.8412e-32
4.7692e-59
4.7692e-59
2.6585e-32
4.7692e-59
4.7692e-59
8.2779e-28
4.7692e-59
6.7833e-33
4.7692e-59
4.5406e-20
4.7692e-59
4.7692e-59
4.7692e-59
2.8245e-31
4.7692e-59
9.6587e-27
4.7692e-59
4.7692e-59
4.7692e-59
4.7692e-59
4.7692e-59
8.0384e-36
4.8048e-28
2.1621e-27
4.7692e-59
4.7692e-59
4.7692e-59
1.128e-23
4.7692e-59
4.099e-29
1.2501e-29
7.8013e-27
2.3174e-31
4.7692e-59
4.7692e-59
4.7692e-59
4.7692e-59
4.7692e-59
8.964e-31
4.7692e-59
4.7692e-59
2.2243e-30
4.7692e-59
4.7692e-59
1.7309e-24
4.7692e-59
4.7692e-59
4.7692e-59
4.7692e-59
4.7692e-59
4.7692e-59
1.5519e-26
3.9212e-31
4.7692e-59
4.7692e-59
2.631e-33
4.7692e-59
7.6589e-36
4.7692e-59
4.7692e-59
4.7692e-59
4.7692e-59
4.7692e-59
4.7692e-59
4.7692e-59
4.7692e-59
4.7692e-59
5.8053e-27
1.3554e-33
4.7692e-59
4.7692e-59
4.7692e-59
4.7692e-59
2.2294e-29
4.6007e-33
4.7692e-59
4.7692e-59
8.1671e-23
4.7692e-59
4.7692e-59
4.7692e-59
4.7692e-59
4.7692e-59
4.7692e-59
4.7692e-59
4.7692e-59
4.7692e-59
4.7692e-59
4.7692e-59
7.3317e-28
3.3973e-25
3.3568e-29
4.7692e-59
4.7692e-59
7.0992e-28
4.7692e-59
6.3087e-28
4.7692e-59
4.7692e-59
4.7692e-59
4.7692e-59
1.5156e-29
2.9829e-31
4.7692e-59
4.7692e-59
3.5393e-30
4.7692e-59
4.7692e-59
2.8971e-32
4.7692e-59
4.7692e-59
4.7692e-59
4.7692e-59
4.7692e-59
4.7692e-59
1.3249e-26
8.8755e-36
8.8246e-32
4.7692e-59
4.7692e-59
4.7692e-59
1.551e-29
4.7692e-59
4.9718e-35
1.7075e-27
4.7692e-59
4.7692e-59
4.7692e-59
4.7692e-59
2.574e-30
4.7692e-59
4.7692e-59
1.4175e-28
4.7692e-59
4.7692e-59
3.6877e-38
4.7692e-59
2.9264e-29
4.7692e-59
4.7692e-59
4.7692e-59
4.7692e-59
4.7692e-59
9.5095e-25
4.7692e-59
4.7692e-59
4.7692e-59
4.7692e-59
4.7692e-59
8.7299e-36
2.0786e-26
4.7692e-59
4.7692e-59
4.7692e-59
3.3989e-33
6.4068e-12
1.4108e-31
4.7692e-59
4.7692e-59
4.7692e-59
4.7692e-59
4.7692e-59
4.7692e-59
4.7692e-59
4.7692e-59
1.9034e-20
4.7692e-59
3.1998e-28
7.1305e-24
2.8286e-23
4.7692e-59
4.7692e-59
4.7692e-59
4.7692e-59
4.7692e-59
4.7692e-59
4.7692e-59
4.7692e-59
3.0668e-18
4.7692e-59
6.4592e-31
4.7692e-59
1.0958e-18
4.7692e-59
4.7692e-59
2.2807e-31
4.7692e-59
4.7692e-59
4.7692e-59
4.7692e-59
7.2185e-24
3.7825e-29
4.7692e-59
4.7692e-59
4.7692e-59
4.7692e-59
4.7692e-59
3.2591e-31
4.7692e-59
4.7692e-59
4.7692e-59
1.367e-25
1.0315e-30
4.7692e-59
4.7692e-59
4.7692e-59
4.7692e-59
4.7692e-59
4.7692e-59
4.8573e-12
6.639e-31
4.7692e-59
4.7692e-59
4.7692e-59
4.7692e-59
4.7692e-59
1.3841e-29
4.7692e-59
4.7692e-59
4.7692e-59
4.7692e-59
6.0838e-26
4.7692e-59
1.8611e-30
2.4149e-33
4.7692e-59
4.7692e-59
2.4017e-23
4.7692e-59
4.7692e-59
4.7692e-59
4.7692e-59
7.3061e-30
4.7692e-59
4.7692e-59
1.2607e-17
4.7692e-59
5.925e-20
2.6982e-19
1.4989e-32
4.7692e-59
4.7692e-59
4.7692e-59
1.7471e-26
4.7692e-59
4.7692e-59
4.7692e-59
4.7692e-59
4.7692e-59
4.7692e-59
4.7692e-59
4.7692e-59
9.4018e-28
4.7692e-59
4.7692e-59
4.7692e-59
4.7692e-59
6.82e-34
4.7692e-59
4.7692e-59
4.7692e-59
4.7692e-59
9.536e-28
4.7692e-59
4.4653e-16
6.1314e-32
4.7692e-59
4.7692e-59
1.8104e-27
4.7692e-59
2.5294e-27
4.7692e-59
4.7692e-59
2.0951e-19
4.7692e-59
4.7692e-59
4.7692e-59
8.5096e-18
1.3418e-30
7.6801e-22
4.7692e-59
4.7692e-59
6.3318e-32
1.2393e-26
7.7089e-36
1.3414e-17
4.7692e-59
4.7692e-59
4.7692e-59
4.7692e-59
4.7692e-59
4.7692e-59
4.2958e-28
4.7692e-59
4.7692e-59
4.7692e-59
4.7692e-59
1.2535e-32
4.7692e-59
2.711e-35
5.6571e-32
4.7692e-59
4.7692e-59
4.7692e-59
4.7692e-59
4.7692e-59
4.7692e-59
4.7692e-59
4.7692e-59
1.2188e-34
8.272e-24
4.7692e-59
4.7692e-59
1.2564e-26
4.7692e-59
2.6915e-35
4.7692e-59
4.7692e-59
4.7692e-59
4.7692e-59
4.7692e-59
5.0099e-32
1.1369e-32
4.7692e-59
2.18e-29
8.3968e-32
1.1027e-32
4.7692e-59
4.7692e-59
2.672e-26
4.7692e-59
4.7692e-59
4.7692e-59
2.5584e-27
5.9077e-16
8.4522e-36
4.7692e-59
4.7692e-59
2.5029e-29
2.4549e-25
1.7054e-31
3.9643e-31
4.7692e-59
5.0346e-32
4.7692e-59
4.7692e-59
1.0687e-31
4.7692e-59
1.6354e-35
4.7692e-59
4.7692e-59
4.7692e-59
4.7692e-59
4.7692e-59
4.7692e-59
9.5957e-24
4.7692e-59
6.3089e-34
4.7692e-59
4.7692e-59
4.7692e-59
4.7692e-59
4.7692e-59
4.7692e-59
4.7692e-59
4.7692e-59
3.9572e-39
4.7692e-59
4.7692e-59
4.7692e-59
4.7692e-59
4.7692e-59
6.303e-32
4.7692e-59
4.7692e-59
1.4399e-35
4.7692e-59
4.7692e-59
2.7476e-30
4.2026e-37
4.7692e-59
4.7692e-59
1.1727e-30
2.1253e-30
4.7692e-59
1.7635e-38
4.7692e-59
3.1622e-23
4.7692e-59
4.7692e-59
1.7865e-25
4.7692e-59
4.7692e-59
4.7692e-59
2.663e-20
4.7692e-59
4.7692e-59
4.7692e-59
4.7692e-59
1.0468e-24
1.094e-30
4.7692e-59
4.7692e-59
4.7692e-59
4.7692e-59
1.6543e-31
4.7692e-59
1.3107e-31
9.7108e-23
4.7692e-59
2.3719e-23
4.7692e-59
4.7692e-59
1.8541e-21
4.7692e-59
4.7692e-59
9.6096e-28
4.7692e-59
4.7692e-59
1.814e-27
1.0489e-32
4.7692e-59
3.0458e-28
6.6625e-27
4.7692e-59
4.7692e-59
4.7692e-59
1.4832e-27
4.7692e-59
4.7692e-59
4.7692e-59
4.7692e-59
4.7692e-59
4.7692e-59
4.7692e-59
4.7692e-59
2.7425e-16
4.7692e-59
4.7692e-59
4.7692e-59
8.744e-29
4.7692e-59
4.7692e-59
4.7692e-59
4.7692e-59
4.7692e-59
4.9984e-25
3.1e-24
4.7692e-59
4.7692e-59
5.0091e-18
4.7692e-59
4.7692e-59
4.7692e-59
4.7692e-59
4.7692e-59
4.7692e-59
4.7692e-59
4.7692e-59
8.4872e-24
4.7692e-59
1.9332e-24
4.7692e-59
4.7692e-59
7.1416e-32
4.7692e-59
4.7692e-59
1.5763e-22
2.0067e-31
2.3416e-31
4.7692e-59
4.7692e-59
4.7692e-59
4.7692e-59
4.7692e-59
4.7692e-59
3.6927e-31
4.7692e-59
4.7692e-59
4.7692e-59
1.773e-27
4.7692e-59
2.8796e-38
4.7692e-59
4.7692e-59
4.7692e-59
4.7692e-59
4.7692e-59
4.5847e-27
4.7692e-59
4.7692e-59
4.7692e-59
4.7692e-59
4.7692e-59
4.7692e-59
5.5977e-32
4.7692e-59
4.7692e-59
4.7592e-25
4.7692e-59
4.7692e-59
4.7692e-59
4.1234e-33
4.7692e-59
1.3657e-27
4.7692e-59
4.7692e-59
4.7692e-59
2.1602e-27
4.7692e-59
5.7942e-16
1.1243e-25
4.7692e-59
4.7692e-59
4.7692e-59
4.7692e-59
5.9814e-18
4.5286e-31
4.7692e-59
4.7692e-59
4.7692e-59
4.7692e-59
2.1336e-29
8.2525e-31
3.7791e-30
1.0022e-27
3.9123e-22
4.7692e-59
1.0046e-27
6.7849e-30
7.6039e-26
1.6423e-27
3.0294e-28
3.899e-28
4.7692e-59
4.7692e-59
4.7692e-59
4.7692e-59
4.7692e-59
4.7692e-59
4.7692e-59
4.7692e-59
4.7692e-59
4.7692e-59
4.7692e-59
4.7692e-59
4.7692e-59
4.7692e-59
4.7692e-59
4.7692e-59
4.7692e-59
4.7692e-59
1.9986e-23
4.7692e-59
4.7692e-59
1.0836e-27
1.2923e-28
4.7692e-59
4.7692e-59
7.3579e-34
4.7692e-59
4.7692e-59
1.3168e-22
4.7692e-59
4.7692e-59
7.9995e-33
4.4652e-38
4.7692e-59
4.7692e-59
4.7692e-59
1.6555e-27
4.7692e-59
1.3847e-31
4.7692e-59
7.1014e-28
4.7692e-59
6.5659e-29
4.7692e-59
4.7692e-59
1.1701e-26
4.7692e-59
4.7692e-59
4.7692e-59
4.7692e-59
4.7692e-59
4.7692e-59
4.7692e-59
4.7692e-59
4.1802e-22
6.3078e-26
4.7692e-59
4.7692e-59
4.7692e-59
4.7692e-59
4.7692e-59
5.7618e-27
4.7692e-59
1.8814e-32
4.7692e-59
4.7692e-59
4.7692e-59
4.7692e-59
1.9974e-22
6.563e-31
4.7692e-59
2.4966e-28
4.7692e-59
4.7692e-59
1.9868e-32
4.7692e-59
4.7692e-59
4.7692e-59
1.692e-32
4.4539e-38
4.7692e-59
4.7692e-59
4.7692e-59
4.7692e-59
4.7692e-59
1.391e-19
4.7692e-59
1.6559e-33
4.7692e-59
4.7692e-59
4.7692e-59
7.0249e-20
3.9699e-20
2.1628e-19
3.6735e-20
4.7692e-59
4.7692e-59
4.7692e-59
4.7692e-59
4.7692e-59
4.7692e-59
4.7692e-59
9.3574e-30
4.7692e-59
1.6787e-30
3.3425e-28
4.7692e-59
4.7692e-59
3.0839e-29
6.3345e-30
4.7692e-59
4.7692e-59
4.7692e-59
4.7692e-59
4.7692e-59
4.7692e-59
4.7692e-59
4.7692e-59
4.7692e-59
4.9239e-35
4.7692e-59
4.7692e-59
4.7692e-59
4.7692e-59
2.208e-36
6.2596e-26
4.7692e-59
1.1284e-35
1.131e-27
4.7692e-59
4.7692e-59
3.5434e-28
2.1893e-35
4.7692e-59
4.7692e-59
4.7692e-59
1.1271e-31
4.7692e-59
4.7692e-59
1.8082e-29
1.2107e-31
4.7692e-59
4.7692e-59
1.1181e-30
4.7692e-59
4.7692e-59
9.5954e-29
4.9158e-37
2.1695e-25
9.8408e-31
4.7692e-59
6.8773e-32
4.7692e-59
4.7692e-59
4.7692e-59
4.7692e-59
4.7692e-59
1.6757e-29
4.7692e-59
4.7692e-59
4.7692e-59
4.7692e-59
4.7692e-59
4.7692e-59
4.7692e-59
6.3657e-26
4.7692e-59
4.7692e-59
4.7692e-59
4.7692e-59
1.5159e-29
4.7692e-59
4.7692e-59
4.7692e-59
4.7692e-59
4.7692e-59
3.6401e-21
1.1634e-24
8.4099e-25
2.2534e-15
4.7692e-59
4.7692e-59
5.2814e-30
4.7692e-59
4.7692e-59
4.7692e-59
4.7692e-59
4.7692e-59
4.104e-33
4.8305e-24
4.7692e-59
4.7692e-59
1.3347e-28
4.7692e-59
4.7692e-59
1.2643e-24
9.447e-29
4.7692e-59
4.7692e-59
4.7692e-59
4.7692e-59
4.7692e-59
8.8997e-34
9.5559e-36
2.9174e-31
4.7692e-59
4.7692e-59
4.7692e-59
4.7692e-59
4.7692e-59
4.7692e-59
7.9736e-29
4.7692e-59
4.7692e-59
9.2656e-25
1.8019e-23
4.7692e-59
1.4926e-25
4.7692e-59
4.7692e-59
2.5403e-29
4.7692e-59
3.139e-27
4.7692e-59
4.7692e-59
8.0682e-31
5.4902e-32
4.7692e-59
1.6232e-29
4.7692e-59
1.5006e-37
4.7692e-59
4.5259e-16
4.7692e-59
4.7692e-59
4.7692e-59
4.7692e-59
4.7692e-59
4.7692e-59
4.7692e-59
8.3535e-36
1.7526e-29
1.4656e-35
4.7692e-59
4.7692e-59
4.7692e-59
4.7692e-59
4.7692e-59
2.9758e-39
4.7692e-59
4.7692e-59
4.7692e-59
8.3259e-34
4.7692e-59
2.7902e-30
4.7692e-59
1.1669e-28
4.7692e-59
4.7692e-59
4.7692e-59
2.4369e-34
3.827e-31
8.9403e-26
2.3293e-33
4.7692e-59
2.693e-29
4.7692e-59
4.7692e-59
4.9393e-33
4.7692e-59
2.7643e-36
4.7692e-59
4.7692e-59
4.7692e-59
4.7692e-59
4.7692e-59
4.7692e-59
8.311e-35
4.7692e-59
6.1872e-26
4.7692e-59
4.7692e-59
4.7692e-59
4.7692e-59
4.7692e-59
4.7692e-59
5.372e-31
4.7692e-59
4.7692e-59
4.7692e-59
4.7692e-59
4.7692e-59
1.2234e-28
4.7692e-59
1.5866e-28
4.7692e-59
5.3016e-29
1.5897e-27
2.8765e-32
4.7692e-59
6.5527e-37
4.7692e-59
4.7692e-59
4.7692e-59
4.7692e-59
4.7692e-59
4.7692e-59
4.7692e-59
4.7692e-59
4.7692e-59
1
4.7692e-59
4.7692e-59
4.7692e-59
2.9304e-17
7.4603e-22
4.7692e-59
4.7692e-59
4.7692e-59
2.5986e-23
4.7692e-59
1.8202e-24
3.7502e-26
8.2217e-37
7.8795e-24
1.2843e-27
4.7692e-59
1.4049e-27
4.7692e-59
4.8625e-21
4.7692e-59
4.7692e-59
4.7692e-59
6.3343e-27
2.0408e-40
4.7692e-59
4.7692e-59
7.067e-37
4.7692e-59
4.7692e-59
4.7692e-59
4.7692e-59
4.7692e-59
4.7692e-59
4.7692e-59
4.7692e-59
2.0405e-25
3.7573e-37
6.3338e-27
4.7692e-59
5.4292e-29
4.7692e-59
4.7692e-59
4.7692e-59
1.0208e-32
4.7692e-59
4.7692e-59
4.7692e-59
4.7692e-59
4.7692e-59
4.7692e-59
4.7692e-59
4.7692e-59
4.7692e-59
8.0068e-28
2.5551e-33
4.7692e-59
8.0694e-29
4.7692e-59
1.3053e-29
4.7692e-59
3.0965e-30
4.7692e-59
9.1794e-32
1.5284e-23
5.1457e-34
4.7692e-59
8.866e-30
1.9765e-34
1.3189e-31
4.7692e-59
1.3577e-21
4.7692e-59
4.7692e-59
4.7692e-59
4.7692e-59
4.7692e-59
4.7692e-59
4.7692e-59
4.7692e-59
3.486e-32
2.3087e-24
4.7692e-59
2.9362e-31
4.7692e-59
4.7692e-59
4.7692e-59
4.7692e-59
4.7692e-59
4.7692e-59
1.4741e-36
4.7692e-59
4.7692e-59
4.7692e-59
4.7692e-59
4.7692e-59
4.7692e-59
2.6129e-32
1.5645e-30
7.8593e-27
4.7692e-59
1.6136e-25
4.7692e-59
1.2812e-29
1.9087e-25
1.9682e-27
4.7692e-59
4.7692e-59
1.8179e-24
4.7692e-59
4.7692e-59
1.8419e-27
4.7692e-59
4.7692e-59
4.7692e-59
4.7692e-59
8.9181e-29
4.7692e-59
4.7692e-59
3.4302e-30
4.7692e-59
4.7692e-59
3.247e-36
4.7692e-59
4.7692e-59
4.7692e-59
4.7692e-59
3.3101e-26
4.7692e-59
4.7692e-59
4.7692e-59
4.7692e-59
4.7692e-59
5.342e-27
4.7692e-59
2.4556e-37
1.3106e-27
4.7692e-59
1.2351e-28
2.2427e-37
1.5547e-26
4.7692e-59
4.7692e-59
4.7692e-59
2.0042e-34
4.7692e-59
4.7692e-59
4.7692e-59
4.7692e-59
4.7692e-59
4.7692e-59
4.7692e-59
4.7692e-59
6.2662e-31
1.224e-20
4.7692e-59
4.7692e-59
4.7692e-59
4.7692e-59
4.7692e-59
4.7692e-59
4.5608e-12
4.7692e-59
4.7692e-59
4.7692e-59
4.7692e-59
4.7692e-59
4.7692e-59
1.0838e-34
4.7692e-59
2.8827e-20
4.7692e-59
4.7692e-59
3.4839e-33
5.6276e-14
7.778e-31
4.7692e-59
4.7692e-59
2.0421e-33
6.8063e-28
2.1988e-29
4.7692e-59
4.7692e-59
4.7692e-59
1.8976e-23
4.7692e-59
4.7692e-59
4.7692e-59
7.5167e-29
5.3988e-32
4.7692e-59
4.7692e-59
4.7692e-59
1.9302e-36
4.7692e-59
4.7692e-59
4.7692e-59
8.8443e-32
4.7692e-59
4.7692e-59
4.7692e-59
4.7692e-59
5.1053e-28
4.7692e-59
3.4852e-23
4.7692e-59
4.7692e-59
4.7692e-59
4.7692e-59
4.7692e-59
1.7096e-10
4.7692e-59
4.7692e-59
4.1457e-28
3.3118e-32
2.0122e-31
4.7692e-59
1.6202e-26
4.7692e-59
9.1622e-30
4.7692e-59
1.3714e-30
4.7692e-59
1.1541e-28
4.7692e-59
4.7692e-59
4.7692e-59
4.7692e-59
4.7692e-59
4.7692e-59
6.614e-30
4.7692e-59
4.7692e-59
4.7692e-59
4.7692e-59
4.7692e-59
4.7692e-59
4.7692e-59
4.7692e-59
4.7692e-59
1.1002e-15
4.7692e-59
4.7692e-59
4.7692e-59
4.7692e-59
4.7692e-59
4.7692e-59
4.7692e-59
8.7564e-33
4.7692e-59
4.7692e-59
4.7692e-59
4.7692e-59
4.7692e-59
1.0507e-16
4.7024e-33
4.7692e-59
4.7692e-59
4.7692e-59
4.7692e-59
2.8736e-41
1.5281e-28
4.7692e-59
4.7692e-59
1.5937e-32
4.7692e-59
1.5136e-19
4.7692e-59
4.7692e-59
4.7692e-59
3.4389e-38
4.7692e-59
5.4294e-31
4.7692e-59
2.6774e-16
5.446e-39
9.0447e-29
1.7415e-27
4.7692e-59
4.7692e-59
4.7692e-59
4.7692e-59
4.7692e-59
4.7692e-59
6.6422e-33
4.7692e-59
4.7692e-59
4.7692e-59
5.6616e-30
4.7692e-59
1.1586e-26
4.7692e-59
4.7692e-59
4.7692e-59
4.7692e-59
4.7692e-59
4.7692e-59
2.3943e-29
3.0782e-31
4.7692e-59
4.4907e-33
2.4881e-28
4.7692e-59
4.7692e-59
4.7692e-59
4.7692e-59
4.7692e-59
4.7692e-59
4.0656e-36
4.7692e-59
4.7692e-59
4.7692e-59
4.7692e-59
4.7692e-59
4.7692e-59
4.7692e-59
4.7692e-59
4.7692e-59
4.7692e-59
4.7692e-59
8.1008e-31
4.7692e-59
4.7692e-59
4.7692e-59
4.7692e-59
4.7692e-59
8.0379e-31
4.7692e-59
4.7692e-59
2.2284e-22
3.3465e-28
4.7692e-59
2.5521e-24
4.7692e-59
2.8124e-19
4.7692e-59
4.7692e-59
4.7692e-59
4.7692e-59
4.7692e-59
1.6239e-30
4.7692e-59
4.7692e-59
6.2451e-32
4.7692e-59
4.7692e-59
4.7692e-59
2.53e-32
1.4428e-28
4.7692e-59
4.7692e-59
5.1423e-18
4.7692e-59
4.7692e-59
3.7374e-36
4.7692e-59
4.7692e-59
1.2131e-36
2.6288e-25
4.7692e-59
4.7692e-59
4.7692e-59
2.4115e-35
4.7692e-59
4.7692e-59
1.4148e-41
4.7692e-59
4.7692e-59
4.7692e-59
4.7692e-59
4.7692e-59
4.7692e-59
4.0671e-32
4.7692e-59
1.6234e-31
4.7692e-59
1.3084e-16
3.0438e-33
4.7692e-59
4.7692e-59
3.9496e-34
4.7692e-59
4.7692e-59
2.0728e-31
3.1055e-36
4.7692e-59
4.7692e-59
4.7692e-59
1.1775e-20
2.227e-32
4.7692e-59
2.2031e-28
4.7692e-59
4.7692e-59
4.7692e-59
4.7692e-59
4.7692e-59
4.7692e-59
4.7692e-59
2.9883e-29
4.7692e-59
4.2612e-35
4.7692e-59
1.2451e-25
4.7692e-59
4.7692e-59
4.7692e-59
4.7692e-59
4.7692e-59
4.7692e-59
4.7692e-59
4.7692e-59
4.7692e-59
1.1134e-38
3.6621e-33
1.0101e-32
2.4397e-30
4.7692e-59
4.7692e-59
4.7692e-59
1.5446e-36
3.1631e-32
4.7692e-59
4.7692e-59
4.7692e-59
4.8207e-38
8.7345e-36
4.7692e-59
4.7692e-59
4.7692e-59
4.7692e-59
4.7692e-59
4.7692e-59
7.8108e-31
3.0906e-35
4.7692e-59
9.9224e-27
8.5873e-30
4.7692e-59
4.7692e-59
4.7692e-59
4.7692e-59
2.8684e-36
2.2183e-27
4.7692e-59
9.8813e-25
4.7692e-59
4.7692e-59
4.7692e-59
8.0002e-33
4.7692e-59
1.7193e-35
4.7692e-59
4.7692e-59
4.7692e-59
4.7692e-59
4.7692e-59
4.7692e-59
4.7692e-59
4.7692e-59
4.7692e-59
3.6022e-30
4.7692e-59
4.2353e-38
4.7692e-59
7.3944e-32
4.3226e-25
4.7692e-59
4.7692e-59
4.7692e-59
4.7692e-59
4.7692e-59
3.2652e-34
6.9979e-32
4.6289e-36
6.4645e-26
4.7692e-59
4.7692e-59
1.1905e-28
4.7692e-59
4.0709e-37
4.7692e-59
6.0753e-35
4.7692e-59
4.7692e-59
1.5122e-30
1.1026e-13
4.7692e-59
4.7692e-59
9.1526e-29
4.7692e-59
3.756e-34
2.9852e-30
4.7692e-59
4.7692e-59
1.9854e-21
4.7692e-59
3.4792e-25
4.9363e-28
4.7692e-59
4.7692e-59
4.7692e-59
1.0386e-33
4.7692e-59
4.7692e-59
4.7692e-59
4.7692e-59
1.2189e-29
4.7692e-59
4.7692e-59
4.7692e-59
3.5049e-30
4.7692e-59
4.7692e-59
1.1473e-31
4.7692e-59
4.7692e-59
1.8674e-33
4.7692e-59
1.8008e-28
4.7692e-59
3.4624e-31
4.5106e-33
4.7692e-59
4.7692e-59
3.7674e-18
3.2606e-34
2.7228e-25
5.4173e-23
4.7692e-59
4.7692e-59
4.7692e-59
1.1829e-26
4.7692e-59
2.4352e-30
4.7692e-59
8.1644e-32
4.7692e-59
4.7692e-59
4.7692e-59
4.7692e-59
4.7692e-59
4.7692e-59
1.5259e-18
4.7692e-59
4.7692e-59
1.1739e-33
4.7692e-59
4.7692e-59
4.7692e-59
4.7692e-59
9.3978e-24
4.7692e-59
3.1134e-24
4.7692e-59
2.9819e-32
4.7692e-59
4.7692e-59
4.7692e-59
4.7692e-59
3.1999e-25
4.7692e-59
4.7692e-59
4.7692e-59
4.7692e-59
5.7264e-29
3.278e-21
2.7779e-27
7.5261e-25
4.7692e-59
4.7692e-59
4.7692e-59
4.7692e-59
4.7692e-59
4.7692e-59
4.7692e-59
4.7692e-59
4.7692e-59
4.7692e-59
4.7692e-59
4.7692e-59
6.1587e-17
4.7692e-59
4.7692e-59
4.7692e-59
4.7692e-59
1.7189e-26
4.7692e-59
4.7692e-59
4.7692e-59
1.7461e-28
4.7692e-59
4.7692e-59
4.7692e-59
4.7692e-59
4.7692e-59
4.7692e-59
4.7692e-59
4.7692e-59
4.7692e-59
4.7692e-59
4.7692e-59
5.8688e-14
4.7692e-59
4.7692e-59
4.7692e-59
4.7692e-59
3.3249e-11
4.7692e-59
4.7692e-59
4.7692e-59
1.99e-33
7.6772e-34
1.4429e-32
4.7692e-59
4.7692e-59
1.9778e-16
4.7692e-59
4.7692e-59
4.7692e-59
3.9729e-26
4.7692e-59
4.7692e-59
4.7692e-59
4.7692e-59
4.7692e-59
6.6972e-20
1.1702e-38
4.7692e-59
4.7692e-59
4.7692e-59
4.7692e-59
8.4983e-29
4.7692e-59
4.7692e-59
4.7692e-59
4.7692e-59
4.7692e-59
4.7692e-59
4.7692e-59
2.242e-29
4.7692e-59
4.7692e-59
2.2831e-29
2.1226e-15
4.7692e-59
4.7692e-59
4.7692e-59
4.7692e-59
4.7692e-59
4.7692e-59
4.7692e-59
4.7692e-59
4.7692e-59
4.7692e-59
4.7692e-59
4.7692e-59
1.8413e-23
4.7692e-59
6.6947e-30
4.7692e-59
4.7692e-59
4.7692e-59
4.3209e-22
2.2528e-37
2.2845e-34
4.8315e-26
7.3607e-20
4.7692e-59
4.7692e-59
4.7692e-59
4.7692e-59
2.2791e-27
4.7692e-59
4.7692e-59
1.9358e-31
4.7692e-59
4.7692e-59
4.7692e-59
6.4557e-38
4.7692e-59
4.7692e-59
4.7692e-59
1.0878e-24
4.7692e-59
6.6619e-34
4.7692e-59
4.6907e-32
3.8762e-27
4.8039e-28
9.6615e-33
4.7692e-59
2.9092e-16
4.7692e-59
5.8522e-26
2.7395e-31
4.7692e-59
3.9318e-32
4.7692e-59
4.7692e-59
1.3748e-34
4.7692e-59
4.7692e-59
4.7692e-59
4.7692e-59
4.7692e-59
1.0941e-25
4.7692e-59
1.2549e-25
4.7692e-59
4.7692e-59
2.119e-35
8.5924e-28
4.8663e-39
4.7692e-59
4.7692e-59
3.9256e-35
5.2524e-26
4.7692e-59
4.7692e-59
4.7692e-59
1.2271e-27
4.7692e-59
4.7692e-59
4.7692e-59
4.7692e-59
2.1732e-24
4.7692e-59
6.4907e-32
4.7692e-59
1.883e-23
4.7692e-59
4.7692e-59
2.5783e-27
4.7692e-59
1.2767e-27
1.4984e-23
4.7692e-59
3.8774e-28
6.5596e-21
4.7692e-59
4.7692e-59
4.7692e-59
8.0445e-18
1.0735e-32
8.3786e-25
4.7692e-59
4.7692e-59
4.7692e-59
4.7692e-59
4.7692e-59
4.309e-19
5.7694e-30
4.7692e-59
4.7692e-59
4.7692e-59
6.0253e-37
4.7692e-59
4.7692e-59
9.9079e-28
4.7692e-59
4.7692e-59
4.7692e-59
4.7692e-59
4.7692e-59
4.7692e-59
4.7692e-59
4.7692e-59
4.7692e-59
4.7692e-59
1.6075e-13
3.3148e-27
3.0578e-25
1.3963e-38
3.8332e-24
7.1028e-23
4.7692e-59
4.7692e-59
6.3317e-42
4.7692e-59
4.7692e-59
4.7692e-59
4.7692e-59
4.7692e-59
8.4356e-25
6.045e-37
4.7692e-59
4.7692e-59
4.7692e-59
4.7692e-59
4.7692e-59
5.9794e-29
4.7692e-59
4.8635e-29
4.7692e-59
1.1111e-29
4.7692e-59
4.7692e-59
4.7692e-59
4.7692e-59
9.1531e-26
4.7692e-59
4.7692e-59
4.7692e-59
1.4986e-36
4.7692e-59
4.7692e-59
4.7692e-59
4.7692e-59
4.7692e-59
4.7692e-59
1.4813e-27
4.7692e-59
4.7692e-59
4.7692e-59
9.4779e-30
4.7692e-59
1.9953e-32
4.7692e-59
4.7692e-59
4.7692e-59
8.7509e-35
4.7692e-59
4.7692e-59
4.7692e-59
4.7692e-59
4.7692e-59
7.4255e-25
4.7692e-59
4.7692e-59
4.7692e-59
3.8974e-13
2.0561e-36
4.7692e-59
4.7692e-59
9.23e-32
4.7692e-59
4.7692e-59
4.7692e-59
1.5994e-35
4.7692e-59
4.7692e-59
4.7692e-59
2.0877e-23
4.7692e-59
4.7692e-59
4.7692e-59
1.8836e-23
4.7692e-59
4.7692e-59
1.4987e-27
2.8222e-26
4.7692e-59
4.7692e-59
4.7692e-59
4.7692e-59
1.1383e-29
4.7692e-59
4.7692e-59
4.7692e-59
4.7692e-59
4.7692e-59
4.7692e-59
4.7692e-59
4.3411e-33
4.7692e-59
4.7692e-59
4.7692e-59
4.7692e-59
2.7248e-27
4.7692e-59
3.2241e-26
4.7692e-59
4.7692e-59
2.3572e-40
4.7692e-59
4.7692e-59
4.7692e-59
4.7692e-59
4.7692e-59
3.1702e-27
4.7692e-59
6.3515e-32
8.0146e-36
3.9191e-38
2.2035e-34
1.1561e-32
4.7692e-59
4.7692e-59
1.1985e-20
3.1427e-24
4.7692e-59
4.7692e-59
4.7692e-59
3.5939e-35
4.7692e-59
4.7692e-59
4.7692e-59
4.7692e-59
4.3224e-25
4.7692e-59
4.7692e-59
3.6559e-25
4.7692e-59
4.7692e-59
4.7692e-59
4.7672e-30
4.731e-37
4.7692e-59
2.0958e-23
4.7692e-59
1.3691e-30
4.7692e-59
4.7692e-59
4.7692e-59
8.1227e-30
4.7692e-59
4.7692e-59
4.7692e-59
4.7692e-59
3.0155e-25
4.7692e-59
1.0383e-30
4.7692e-59
7.2835e-28
4.7692e-59
4.7692e-59
4.7692e-59
4.7692e-59
4.7692e-59
4.7692e-59
4.7692e-59
4.7692e-59
4.7692e-59
4.7692e-59
4.7692e-59
6.27e-20
4.7692e-59
2.9177e-20
1.9499e-21
5.6283e-36
4.7692e-59
3.6129e-29
4.7692e-59
4.7692e-59
4.7692e-59
4.7692e-59
4.7692e-59
4.7692e-59
4.7692e-59
1.5802e-29
3.3735e-30
4.7692e-59
4.7692e-59
4.7692e-59
4.7692e-59
4.7692e-59
4.7692e-59
4.7692e-59
4.7692e-59
4.1492e-17
4.7692e-59
1.9957e-26
4.7692e-59
4.7692e-59
4.7692e-59
4.0457e-24
1.0555e-28
4.7692e-59
4.7692e-59
2.7603e-32
4.7692e-59
4.7692e-59
4.7692e-59
4.7692e-59
4.7692e-59
4.7692e-59
4.7692e-59
4.7692e-59
4.7692e-59
4.7692e-59
4.7692e-59
4.7692e-59
7.2646e-21
4.7692e-59
4.7692e-59
4.7692e-59
3.5621e-32
4.7692e-59
1.5423e-14
4.7692e-59
4.7692e-59
4.7692e-59
4.7692e-59
4.7692e-59
4.594e-30
4.7692e-59
4.7692e-59
2.5744e-32
4.7692e-59
4.7692e-59
4.7692e-59
1.9295e-27
4.7692e-59
4.7692e-59
5.2937e-32
4.7692e-59
4.7692e-59
4.7692e-59
4.7692e-59
4.7692e-59
4.8466e-36
4.7692e-59
4.7692e-59
4.7692e-59
4.7692e-59
4.7692e-59
4.7692e-59
4.7692e-59
2.4522e-18
4.7692e-59
4.7692e-59
4.7692e-59
1.6126e-31
4.7692e-59
4.7692e-59
4.7692e-59
3.8271e-31
4.7692e-59
4.7692e-59
4.7692e-59
4.7692e-59
4.7692e-59
4.7692e-59
4.7692e-59
4.7692e-59
4.7692e-59
4.7692e-59
1.3599e-31
4.7692e-59
4.7692e-59
4.7692e-59
4.7692e-59
4.7692e-59
4.7692e-59
4.7692e-59
1.3578e-31
4.7692e-59
7.4371e-30
7.1293e-35
4.7692e-59
4.7692e-59
2.3924e-32
4.7692e-59
4.7692e-59
4.7692e-59
4.7692e-59
4.7692e-59
4.7692e-59
6.8551e-32
8.8734e-29
4.7692e-59
4.7692e-59
4.7692e-59
4.7692e-59
8.4913e-33
2.4727e-32
4.7692e-59
4.7692e-59
1.8296e-27
4.7692e-59
2.4235e-28
3.7028e-31
4.7692e-59
4.7692e-59
4.7692e-59
4.7692e-59
1.7143e-26
5.1619e-30
4.7692e-59
4.7692e-59
4.7692e-59
4.7692e-59
4.7692e-59
4.7692e-59
4.7692e-59
3.4213e-30
4.7692e-59
4.7692e-59
4.7692e-59
4.664e-17
3.1746e-24
4.7692e-59
1.2896e-26
1.0171e-34
9.7669e-23
9.4098e-40
1.0545e-14
6.0139e-32
1.2608e-32
4.7692e-59
4.7692e-59
4.7692e-59
4.7692e-59
4.7692e-59
4.7692e-59
4.7692e-59
4.7692e-59
4.7692e-59
4.7692e-59
4.7692e-59
4.7692e-59
4.7692e-59
5.242e-27
1.1046e-18
1.0768e-29
4.7692e-59
4.7692e-59
1.3864e-24
6.1507e-33
4.7692e-59
4.7692e-59
4.7692e-59
1.3813e-22
4.7692e-59
1.852e-12
4.7692e-59
3.3944e-32
4.7692e-59
8.7454e-27
1.4028e-36
4.7692e-59
4.7692e-59
4.7692e-59
4.7692e-59
7.6929e-34
4.7692e-59
4.7692e-59
4.7692e-59
1.1068e-29
4.7692e-59
4.7692e-59
1.6254e-24
4.7692e-59
4.7692e-59
4.7692e-59
4.7692e-59
4.7692e-59
4.7692e-59
4.7692e-59
8.5982e-28
4.7692e-59
2.8851e-36
4.7692e-59
4.7692e-59
4.7692e-59
4.7692e-59
1.0039e-35
1.1644e-21
4.7692e-59
4.7692e-59
4.7692e-59
4.7692e-59
4.7692e-59
1.7673e-29
4.7692e-59
4.7692e-59
1.6538e-27
4.7692e-59
2.9178e-25
6.3428e-25
4.7692e-59
4.7692e-59
4.7692e-59
4.7692e-59
3.6916e-29
4.7692e-59
4.7692e-59
1.1069e-24
4.7692e-59
4.7692e-59
4.7692e-59
4.7692e-59
3.0302e-24
4.7692e-59
3.3728e-24
4.7692e-59
4.7692e-59
2.9568e-41
3.8522e-26
1.1262e-27
4.7692e-59
2.9404e-30
4.7692e-59
8.0812e-23
4.7692e-59
4.7692e-59
4.7692e-59
4.7692e-59
4.7692e-59
4.7692e-59
8.2479e-22
4.7692e-59
4.7692e-59
2.595e-29
5.6679e-36
4.7692e-59
9.5996e-39
4.7692e-59
4.7692e-59
4.7692e-59
4.7692e-59
8.9159e-30
2.1795e-27
4.7692e-59
4.7692e-59
4.7692e-59
4.7692e-59
4.1664e-32
4.7692e-59
2.2893e-15
4.7692e-59
3.5151e-25
4.7692e-59
4.7692e-59
4.7692e-59
3.9845e-27
3.8737e-18
4.7692e-59
4.7692e-59
4.7692e-59
4.7692e-59
1.056e-29
4.7692e-59
4.7692e-59
4.7692e-59
4.7692e-59
4.7692e-59
4.7692e-59
4.7692e-59
2.1615e-31
9.3845e-16
4.7692e-59
4.7692e-59
4.7692e-59
4.7692e-59
4.7692e-59
4.7692e-59
2.1685e-31
7.0963e-29
4.7692e-59
4.7692e-59
1.9914e-38
4.7692e-59
3.6971e-30
8.9249e-32
4.7692e-59
4.7692e-59
2.7396e-20
1.2079e-21
4.7692e-59
4.7692e-59
4.7692e-59
4.6946e-19
4.7692e-59
4.7692e-59
3.7714e-23
4.7692e-59
4.7692e-59
4.7692e-59
6.9279e-28
4.7692e-59
4.7692e-59
4.7692e-59
4.7692e-59
4.7692e-59
4.7692e-59
4.7692e-59
4.7692e-59
6.9509e-28
4.7692e-59
1.9094e-32
4.7692e-59
2.3987e-35
4.7692e-59
4.7692e-59
4.7692e-59
4.7692e-59
4.7692e-59
4.7692e-59
4.7692e-59
4.7692e-59
4.7692e-59
4.7692e-59
4.7692e-59
2.1338e-22
4.7692e-59
4.5463e-32
4.7692e-59
4.0051e-27
1.165e-29
2.9204e-21
8.1267e-29
7.3622e-25
2.3237e-29
4.7692e-59
2.7092e-31
4.1252e-29
4.7692e-59
1.2185e-28
1.6626e-29
4.7692e-59
1.4725e-36
4.7692e-59
1.2621e-29
4.7692e-59
4.7692e-59
1.1277e-40
4.7692e-59
4.7692e-59
4.7692e-59
4.7692e-59
4.7692e-59
1.7327e-18
1.0357e-30
4.7692e-59
1.291e-20
4.7692e-59
6.1736e-35
4.7692e-59
4.7692e-59
4.7692e-59
4.7692e-59
1.7947e-14
4.7692e-59
4.7692e-59
4.7692e-59
4.7692e-59
2.891e-30
2.6717e-23
6.371e-28
4.7692e-59
4.7692e-59
4.7692e-59
4.7692e-59
4.7692e-59
4.7692e-59
7.4525e-27
4.7692e-59
4.7692e-59
1.6764e-29
1.9005e-30
1.1984e-24
3.8751e-32
4.7692e-59
4.7692e-59
4.7692e-59
6.5082e-30
4.7692e-59
2.7874e-32
4.7692e-59
4.7692e-59
6.2382e-23
5.7731e-28
4.7692e-59
4.7692e-59
4.7692e-59
4.7692e-59
4.7692e-59
4.7692e-59
4.7692e-59
4.7692e-59
4.7692e-59
4.7692e-59
5.2877e-13
2.9208e-27
4.4314e-09
4.7692e-59
4.2279e-33
4.7692e-59
6.8263e-32
4.7692e-59
4.7692e-59
1.861e-29
4.7692e-59
4.7692e-59
1.1892e-30
4.7692e-59
4.7692e-59
4.7692e-59
4.7692e-59
4.4681e-25
2.3264e-24
1.1381e-30
4.7692e-59
4.7692e-59
1.4565e-31
1.4687e-27
4.7692e-59
4.7692e-59
4.7692e-59
4.7692e-59
3.4865e-34
1.7501e-37
4.7692e-59
4.7692e-59
4.7692e-59
4.7692e-59
4.7692e-59
4.7692e-59
8.397e-27
4.7692e-59
4.9079e-28
4.7692e-59
4.7692e-59
4.7692e-59
1.712e-31
4.7692e-59
4.7692e-59
4.7692e-59
4.7692e-59
4.7692e-59
6.7435e-32
4.7692e-59
4.7692e-59
3.1675e-32
4.7692e-59
4.7692e-59
1.588e-38
4.7692e-59
4.7692e-59
4.7692e-59
1.3289e-27
1.0414e-08
4.702e-27
4.7692e-59
1.8025e-26
4.7692e-59
4.7692e-59
1.4859e-28
4.7692e-59
4.6382e-34
3.3107e-30
4.513e-31
4.7692e-59
5.0418e-34
1.9251e-29
4.7692e-59
4.7692e-59
4.7692e-59
5.5962e-29
1.6656e-24
2.5562e-28
4.7692e-59
4.7692e-59
4.7692e-59
4.7692e-59
3.8238e-22
4.7692e-59
4.7692e-59
4.7692e-59
4.7692e-59
4.7692e-59
4.7692e-59
5.2365e-26
4.7692e-59
7.2554e-31
4.7692e-59
4.7692e-59
4.7692e-59
5.7141e-12
4.7692e-59
4.7692e-59
4.7692e-59
1.8234e-36
4.7692e-59
1.2091e-35
4.7692e-59
4.7692e-59
1.5916e-32
6.372e-35
4.7692e-59
4.7692e-59
1.5956e-24
4.7692e-59
4.7692e-59
4.7692e-59
4.7692e-59
4.7692e-59
4.7692e-59
6.629e-20
2.1813e-22
4.7692e-59
5.9649e-37
2.681e-35
4.7692e-59
4.7692e-59
4.7692e-59
4.7692e-59
1.9223e-38
4.4355e-21
4.7692e-59
1.9068e-36
4.7692e-59
4.7692e-59
4.7692e-59
4.7692e-59
4.7692e-59
4.7692e-59
4.7692e-59
4.7692e-59
3.4469e-25
4.2736e-23
4.7692e-59
4.7692e-59
4.7692e-59
4.7692e-59
4.7692e-59
8.9639e-38
4.7692e-59
4.7692e-59
4.7692e-59
4.7692e-59
4.7692e-59
4.8064e-33
7.8471e-33
4.7692e-59
5.309e-30
4.7692e-59
4.7692e-59
4.7692e-59
4.7692e-59
4.7692e-59
4.7692e-59
4.7692e-59
4.7692e-59
4.7692e-59
4.7692e-59
2.509e-29
4.7692e-59
4.283e-19
4.7692e-59
1.3274e-30
4.6272e-26
1.638e-20
4.7692e-59
4.7692e-59
4.7692e-59
7.3319e-39
4.7692e-59
4.7692e-59
2.2277e-27
4.7692e-59
4.7692e-59
4.7692e-59
6.9456e-31
6.8147e-32
4.7692e-59
4.7692e-59
4.7692e-59
4.7692e-59
4.7692e-59
4.7692e-59
7.3039e-23
4.7692e-59
4.2823e-37
4.7692e-59
4.7692e-59
4.7692e-59
1.287e-28
4.7692e-59
4.7692e-59
4.7692e-59
2.2906e-33
2.6978e-19
4.7692e-59
1.8213e-34
4.7692e-59
4.7692e-59
1.0504e-34
4.7692e-59
1.2226e-29
4.7692e-59
9.183e-27
5.6536e-29
8.2373e-27
4.7692e-59
5.5003e-24
3.6862e-29
4.7692e-59
4.4618e-32
4.7692e-59
4.7692e-59
4.7692e-59
4.7692e-59
1.9903e-30
4.7692e-59
4.7692e-59
4.7692e-59
6.5298e-38
4.7692e-59
4.7692e-59
1.6935e-15
2.4174e-33
4.7692e-59
2.4111e-23
2.5724e-35
4.7692e-59
4.7692e-59
4.7692e-59
5.7942e-23
4.7692e-59
4.7692e-59
4.7692e-59
4.7692e-59
1.5318e-29
1.2577e-17
4.7692e-59
4.7692e-59
8.3798e-27
4.7692e-59
4.7692e-59
1.0298e-33
4.7692e-59
4.7692e-59
4.7692e-59
4.7692e-59
4.7692e-59
1.3052e-29
4.7692e-59
4.7692e-59
3.0321e-27
9.6227e-29
4.7692e-59
4.7692e-59
4.486e-34
4.7692e-59
4.7692e-59
4.7692e-59
4.7692e-59
5.0724e-30
1.7321e-31
4.7692e-59
4.7692e-59
4.7692e-59
4.7692e-59
4.7692e-59
4.7692e-59
4.7692e-59
4.7692e-59
4.7692e-59
4.7692e-59
4.7692e-59
4.7692e-59
7.3076e-29
2.1705e-32
4.7692e-59
4.7692e-59
4.7692e-59
4.7692e-59
4.7692e-59
4.7692e-59
4.7692e-59
4.7692e-59
4.7692e-59
4.7692e-59
4.7692e-59
4.7692e-59
4.7692e-59
4.7692e-59
4.7692e-59
4.7692e-59
4.7692e-59
4.7692e-59
4.7692e-59
4.7692e-59
4.63e-31
4.7692e-59
4.7692e-59
4.7692e-59
4.7692e-59
1.9519e-30
4.7692e-59
4.7692e-59
4.7692e-59
3.9306e-29
4.7692e-59
4.7692e-59
4.7692e-59
4.7692e-59
2.4632e-26
4.7692e-59
4.7692e-59
4.7692e-59
1.1077e-26
2.3112e-37
4.7692e-59
4.7692e-59
4.7692e-59
1.3724e-38
4.7692e-59
4.7692e-59
4.7692e-59
4.7692e-59
4.7692e-59
9.0524e-27
4.7692e-59
9.0133e-31
4.7692e-59
4.7692e-59
4.7692e-59
1.0476e-32
4.7692e-59
4.7692e-59
4.7692e-59
4.7692e-59
5.7784e-22
4.7692e-59
2.9945e-20
4.7692e-59
4.7692e-59
4.7692e-59
4.7692e-59
4.7692e-59
9.0621e-30
4.7692e-59
4.7692e-59
4.7692e-59
2.8363e-27
2.7788e-29
4.7692e-59
1.2253e-30
4.7692e-59
4.7692e-59
4.7692e-59
5.4113e-29
3.9747e-29
4.7692e-59
4.7692e-59
4.7692e-59
4.7692e-59
1.1736e-29
4.7692e-59
4.7692e-59
4.7692e-59
3.932e-36
4.7692e-59
4.7692e-59
4.7692e-59
4.7692e-59
4.7692e-59
4.7692e-59
4.7692e-59
5.6094e-17
4.7692e-59
4.7692e-59
4.7692e-59
4.7692e-59
4.7692e-59
4.8565e-36
4.7692e-59
4.7692e-59
4.7692e-59
4.7692e-59
4.7692e-59
7.2101e-31
1.4496e-21
4.7692e-59
2.476e-33
4.7692e-59
3.6049e-32
4.7692e-59
4.7692e-59
4.7692e-59
4.7692e-59
5.0865e-13
9.0662e-29
4.7692e-59
7.6898e-31
4.7692e-59
3.8954e-35
4.7692e-59
4.7692e-59
4.7692e-59
4.7692e-59
4.7692e-59
4.7692e-59
4.7692e-59
4.7692e-59
1.7749e-24
4.7692e-59
4.7692e-59
4.7692e-59
4.7692e-59
4.7692e-59
5.0212e-30
4.7692e-59
4.7692e-59
4.7692e-59
6.078e-29
4.7692e-59
4.7692e-59
4.7692e-59
4.7692e-59
4.7692e-59
4.7692e-59
4.7692e-59
4.7692e-59
4.7692e-59
4.7692e-59
1.1514e-24
4.9646e-28
4.7692e-59
4.7692e-59
9.1884e-24
4.7692e-59
4.7692e-59
4.7692e-59
4.7692e-59
1.8922e-23
1.4951e-22
4.7692e-59
4.7692e-59
4.7692e-59
4.7692e-59
4.7692e-59
2.0918e-33
3.2982e-27
4.7692e-59
4.7692e-59
4.7692e-59
8.0596e-16
4.7692e-59
4.7692e-59
1.565e-34
4.7692e-59
4.7692e-59
4.7692e-59
4.7692e-59
4.7692e-59
4.7692e-59
4.7692e-59
4.7692e-59
4.7692e-59
4.7692e-59
4.7692e-59
4.7692e-59
4.7692e-59
4.7692e-59
4.7692e-59
4.7692e-59
4.7692e-59
1.3951e-25
4.7692e-59
4.7692e-59
4.7692e-59
1.8158e-40
4.7692e-59
4.7692e-59
2.7374e-33
8.2976e-27
4.7692e-59
7.502e-32
4.7692e-59
4.7692e-59
4.7692e-59
4.7692e-59
4.7692e-59
4.7692e-59
4.7692e-59
4.7692e-59
4.7692e-59
4.7692e-59
4.7692e-59
4.7692e-59
4.7692e-59
2.4926e-27
4.7692e-59
4.7692e-59
4.7692e-59
1.2875e-27
4.7692e-59
4.7692e-59
1.0599e-22
8.6006e-19
1.9852e-36
3.5043e-23
4.7692e-59
4.7692e-59
4.7692e-59
4.7692e-59
1.8484e-34
4.7692e-59
4.7692e-59
4.7692e-59
4.7692e-59
4.7692e-59
4.7692e-59
6.6486e-27
4.7692e-59
4.7692e-59
9.8232e-27
4.7692e-59
4.7692e-59
4.6593e-23
4.7692e-59
4.7692e-59
4.7692e-59
4.7692e-59
1.8232e-20
4.7692e-59
1.4129e-26
4.7692e-59
2.9976e-32
4.7692e-59
4.7692e-59
4.7692e-59
2.7199e-38
4.7692e-59
4.7692e-59
4.7692e-59
4.7692e-59
4.7692e-59
4.7692e-59
7.7005e-31
4.7692e-59
3.0574e-35
4.7692e-59
4.7692e-59
4.7692e-59
4.7692e-59
4.7692e-59
6.7882e-28
1.078e-23
4.7692e-59
4.7692e-59
4.7692e-59
9.9814e-31
4.7692e-59
4.7692e-59
4.7692e-59
4.7692e-59
4.7692e-59
4.7692e-59
4.7692e-59
4.7692e-59
4.7692e-59
4.7692e-59
4.7692e-59
4.7692e-59
4.7692e-59
4.7692e-59
4.7692e-59
4.7692e-59
4.7692e-59
4.7692e-59
4.7692e-59
6.0758e-21
7.8246e-20
4.7692e-59
7.2974e-32
4.7692e-59
4.7692e-59
4.7692e-59
1.1236e-29
4.7692e-59
6.7319e-19
4.7692e-59
4.7692e-59
4.7692e-59
4.7692e-59
2.1268e-26
4.7692e-59
4.7692e-59
4.7692e-59
4.7692e-59
4.7692e-59
4.7692e-59
4.7692e-59
4.7692e-59
4.7692e-59
1.8948e-25
4.7692e-59
4.7692e-59
4.7692e-59
4.7692e-59
4.7692e-59
2.4903e-35
4.7692e-59
4.8591e-35
4.7692e-59
2.3672e-24
4.7692e-59
4.7692e-59
4.7692e-59
3.2868e-29
7.2188e-31
4.7692e-59
4.7692e-59
3.3577e-22
1.0041e-27
1.4824e-24
4.7692e-59
4.7692e-59
4.7692e-59
4.7692e-59
4.7692e-59
4.7692e-59
4.7692e-59
4.7692e-59
4.7692e-59
4.7692e-59
4.7692e-59
4.7692e-59
4.7692e-59
4.7692e-59
4.7692e-59
4.7692e-59
7.7837e-30
3.2711e-24
4.7692e-59
1.2959e-30
4.7692e-59
4.7692e-59
4.7692e-59
3.5601e-20
1.1154e-18
4.7692e-59
3.8148e-31
1.3824e-27
4.7692e-59
4.7692e-59
2.7007e-27
4.7692e-59
3.4746e-26
4.7692e-59
4.7692e-59
4.7692e-59
4.7692e-59
4.7692e-59
4.7692e-59
4.7692e-59
4.7692e-59
4.7692e-59
4.7692e-59
2.2969e-39
9.1698e-32
4.7692e-59
1.0074e-29
1.7279e-25
8.8871e-25
4.7692e-59
1.1488e-34
4.7692e-59
2.7134e-34
1.2557e-22
4.7692e-59
4.7692e-59
4.7692e-59
4.7692e-59
4.7692e-59
7.7517e-26
4.7692e-59
4.7692e-59
4.7692e-59
4.7692e-59
4.7692e-59
2.9142e-36
4.7692e-59
4.7692e-59
2.3188e-24
4.7692e-59
4.7692e-59
1.2232e-23
4.7692e-59
4.7692e-59
4.7692e-59
4.7692e-59
1.6228e-34
4.7692e-59
4.7692e-59
4.7692e-59
1.2526e-22
4.7692e-59
4.7692e-59
4.7692e-59
4.7692e-59
4.7692e-59
4.7692e-59
4.7692e-59
3.3451e-29
4.7692e-59
1.5362e-38
1.3451e-25
2.0435e-34
4.9501e-20
1.8829e-22
4.7692e-59
1.0472e-33
4.7692e-59
4.7692e-59
4.7692e-59
4.7692e-59
4.7692e-59
4.7692e-59
1.7024e-24
3.3424e-33
5.6945e-25
4.7692e-59
1.4843e-36
2.4045e-27
5.3303e-24
4.7692e-59
7.105e-32
4.7692e-59
6.0377e-23
4.7692e-59
1.1456e-18
4.7692e-59
4.7692e-59
4.7692e-59
4.7692e-59
2.8139e-38
1.2284e-29
4.7692e-59
4.7692e-59
2.9207e-31
9.5866e-26
6.4844e-26
4.7692e-59
4.7692e-59
4.7692e-59
4.7692e-59
4.7692e-59
6.701e-30
4.7692e-59
1.0358e-19
4.7692e-59
4.7692e-59
4.7692e-59
1.9712e-25
4.7692e-59
4.7692e-59
4.7692e-59
1.0733e-16
4.7692e-59
4.7692e-59
4.7692e-59
4.7692e-59
4.7692e-59
4.7692e-59
4.9983e-20
4.7692e-59
2.6839e-27
4.7692e-59
4.7692e-59
4.7692e-59
4.7692e-59
3.3341e-20
2.4726e-42
4.7692e-59
4.7692e-59
4.7692e-59
4.7692e-59
4.7692e-59
4.7692e-59
5.4842e-27
4.7692e-59
3.8602e-26
4.7692e-59
4.7692e-59
4.7692e-59
4.7692e-59
4.7692e-59
4.7692e-59
8.0248e-26
2.9275e-26
4.7692e-59
4.7692e-59
4.7692e-59
4.7692e-59
4.7692e-59
4.7692e-59
2.3766e-22
4.7692e-59
4.7692e-59
1.8167e-17
4.7692e-59
1.0313e-30
4.7692e-59
4.7692e-59
4.7692e-59
4.7692e-59
4.7692e-59
7.6318e-14
4.7692e-59
1.9568e-28
4.7692e-59
4.9816e-27
4.7692e-59
1.6171e-27
4.7692e-59
4.7692e-59
4.7692e-59
4.7692e-59
4.7692e-59
2.8243e-33
3.7137e-17
4.7692e-59
3.4105e-31
6.3826e-32
3.4765e-20
5.1892e-31
4.7692e-59
4.7692e-59
2.625e-25
4.7692e-59
4.7692e-59
1.674e-22
4.7692e-59
4.7692e-59
4.7692e-59
2.579e-30
4.7692e-59
5.7132e-28
2.9468e-28
4.7692e-59
4.7692e-59
4.7692e-59
4.7692e-59
5.2036e-35
4.7692e-59
6.4846e-25
4.7692e-59
4.7692e-59
4.7692e-59
2.6915e-36
4.7692e-59
4.7692e-59
4.7692e-59
3.3617e-30
4.7692e-59
4.7151e-26
4.7692e-59
3.7139e-36
4.7692e-59
4.4633e-31
1.8745e-23
4.7692e-59
4.7692e-59
4.7692e-59
4.7692e-59
4.7692e-59
4.7692e-59
3.2913e-27
4.7692e-59
4.7692e-59
4.7692e-59
4.7692e-59
4.7692e-59
2.8464e-34
4.7692e-59
1.5005e-26
4.7692e-59
4.7692e-59
4.7692e-59
4.7692e-59
4.7692e-59
1.978e-36
4.7692e-59
1.0212e-37
8.5283e-29
1.7832e-27
4.7692e-59
4.7692e-59
1.6663e-33
4.7692e-59
4.7692e-59
4.7692e-59
2.3941e-26
1.7807e-37
4.7692e-59
4.7692e-59
4.7692e-59
1.9574e-22
4.7692e-59
4.7692e-59
4.7692e-59
4.7692e-59
4.7692e-59
4.7692e-59
1.4379e-26
4.7692e-59
4.7692e-59
4.7692e-59
4.7692e-59
1.2814e-30
4.7692e-59
1.4519e-23
4.7692e-59
9.2862e-35
4.7692e-59
6.4664e-31
8.9222e-30
4.7692e-59
4.7692e-59
4.518e-26
4.7692e-59
4.7692e-59
4.7692e-59
4.6273e-38
4.7692e-59
4.7692e-59
4.7692e-59
2.4211e-26
4.7692e-59
4.7692e-59
4.7692e-59
4.7692e-59
4.7692e-59
4.7692e-59
4.7692e-59
4.7692e-59
1.2893e-32
4.7692e-59
4.7692e-59
4.7692e-59
4.7692e-59
4.7692e-59
4.7692e-59
4.7692e-59
4.7692e-59
4.7692e-59
1.9474e-31
3.4925e-20
4.7692e-59
3.5301e-33
4.7692e-59
4.7692e-59
5.0701e-14
5.2017e-21
1.5333e-36
4.7692e-59
7.9143e-26
4.7692e-59
4.7692e-59
6.6291e-22
1.2028e-36
4.7692e-59
4.7692e-59
4.1598e-18
4.7692e-59
4.7692e-59
4.7692e-59
5.948e-36
7.4532e-29
5.6456e-32
4.7692e-59
7.2459e-27
7.5278e-34
4.7692e-59
4.7692e-59
4.7692e-59
4.7692e-59
4.7692e-59
2.0572e-31
4.7692e-59
4.7692e-59
4.7692e-59
4.7692e-59
4.7692e-59
4.7692e-59
7.7909e-34
4.7692e-59
4.7692e-59
4.7692e-59
2.2591e-31
4.1222e-15
4.7692e-59
4.4468e-32
3.9251e-23
4.7692e-59
1.0678e-24
4.7692e-59
4.7692e-59
4.7692e-59
4.7692e-59
4.7692e-59
4.7692e-59
4.7692e-59
1.1565e-32
4.7692e-59
2.5305e-31
4.7692e-59
4.7692e-59
4.7692e-59
4.7692e-59
4.3636e-18
4.7692e-59
4.7692e-59
4.7692e-59
3.7204e-25
5.886e-32
9.6e-27
4.7692e-59
4.7692e-59
4.7692e-59
4.7692e-59
4.7692e-59
4.7692e-59
4.7692e-59
7.6544e-35
5.2417e-35
3.832e-37
4.458e-35
4.7692e-59
4.7692e-59
4.7692e-59
3.5821e-30
4.7692e-59
4.7692e-59
4.7692e-59
4.7692e-59
4.7692e-59
4.7692e-59
5.9493e-36
4.7692e-59
4.7692e-59
4.7692e-59
4.7692e-59
2.2412e-12
5.1664e-22
4.7692e-59
4.7692e-59
4.7692e-59
4.7692e-59
4.7692e-59
4.7692e-59
4.7692e-59
4.7692e-59
6.3818e-19
4.7692e-59
4.7692e-59
4.7692e-59
4.7692e-59
4.7692e-59
4.7692e-59
4.7692e-59
2.6915e-35
4.7692e-59
4.7692e-59
4.7692e-59
1.9051e-33
4.7692e-59
4.7692e-59
4.7692e-59
4.7692e-59
4.7692e-59
4.7692e-59
4.7692e-59
4.7692e-59
4.6417e-11
4.7692e-59
4.7692e-59
4.7692e-59
4.7692e-59
4.7692e-59
4.7692e-59
2.7578e-35
4.7692e-59
4.7692e-59
4.7692e-59
1.2781e-17
4.7692e-59
4.7692e-59
4.7692e-59
3.202e-37
4.2998e-30
4.7692e-59
4.7692e-59
1.2923e-20
1.9297e-23
4.7692e-59
9.4238e-30
4.7692e-59
4.7692e-59
8.3163e-33
9.7521e-32
4.6989e-20
4.7692e-59
4.7692e-59
4.7692e-59
4.7692e-59
3.5884e-36
4.7692e-59
1.6036e-26
4.7692e-59
4.7692e-59
4.7692e-59
4.7692e-59
4.7692e-59
4.7692e-59
4.7692e-59
4.7692e-59
4.7692e-59
4.7692e-59
4.7692e-59
4.7692e-59
4.7692e-59
4.7692e-59
2.4022e-31
1.1593e-34
6.2909e-32
4.7692e-59
9.7145e-08
4.7692e-59
4.7692e-59
2.2764e-32
1.2478e-32
4.7692e-59
4.7692e-59
6.0029e-27
4.7692e-59
1.5575e-25
4.7692e-59
4.7692e-59
4.7692e-59
4.7692e-59
4.7692e-59
2.1122e-27
4.1337e-33
4.7692e-59
1.2452e-25
4.7692e-59
4.7692e-59
4.7692e-59
4.7692e-59
4.7692e-59
4.7692e-59
2.0045e-33
4.7692e-59
4.7692e-59
4.7692e-59
4.7692e-59
6.2589e-33
4.7692e-59
4.7692e-59
4.7692e-59
7.094e-30
1.0962e-30
4.7692e-59
4.7692e-59
6.2207e-27
4.7692e-59
1.4832e-25
9.6765e-36
4.7692e-59
4.7692e-59
4.7692e-59
4.7692e-59
1.8885e-20
4.7692e-59
4.7692e-59
4.7692e-59
4.7692e-59
4.7692e-59
4.7692e-59
4.7692e-59
4.7692e-59
4.7692e-59
4.7692e-59
8.1331e-28
4.7692e-59
1.2642e-25
2.3714e-29
2.684e-33
7.0889e-30
4.7692e-59
4.7692e-59
4.7692e-59
1.1833e-37
4.7692e-59
4.7692e-59
4.7692e-59
4.7692e-59
4.7692e-59
4.7692e-59
1.7897e-32
1.8345e-31
1.5473e-29
4.7692e-59
4.7692e-59
4.7692e-59
4.7306e-35
4.7692e-59
4.7692e-59
4.7692e-59
5.709e-18
4.7692e-59
2.4222e-25
4.7692e-59
2.2279e-34
4.7692e-59
4.7692e-59
4.7692e-59
1.6425e-27
4.7692e-59
4.7692e-59
4.7692e-59
4.7692e-59
4.7692e-59
4.7692e-59
4.7692e-59
1.2493e-29
4.7692e-59
4.7692e-59
4.7692e-59
4.7692e-59
3.095e-22
1.8477e-28
1.3349e-29
4.7692e-59
4.7692e-59
4.7692e-59
4.7692e-59
1.0085e-28
4.7692e-59
4.7692e-59
2.8779e-28
1.0411e-16
4.7692e-59
4.7692e-59
2.8756e-32
4.7692e-59
4.7692e-59
4.7692e-59
2.3316e-29
4.7692e-59
4.7692e-59
7.7983e-21
4.7692e-59
4.7692e-59
4.6943e-29
5.9897e-24
4.7692e-59
4.7692e-59
4.7692e-59
4.7692e-59
4.7692e-59
4.7692e-59
5.0642e-30
4.7692e-59
4.7692e-59
4.7692e-59
4.7692e-59
4.7692e-59
4.7692e-59
4.7692e-59
4.7692e-59
9.0228e-29
4.7692e-59
6.0425e-24
4.7692e-59
4.7692e-59
4.7692e-59
4.7692e-59
4.7692e-59
4.7692e-59
4.7692e-59
4.7692e-59
4.7692e-59
4.7692e-59
4.7692e-59
4.7692e-59
1.4591e-30
4.7692e-59
4.7692e-59
4.7692e-59
4.7692e-59
6.1227e-23
4.7692e-59
4.7692e-59
4.7692e-59
4.7692e-59
4.7692e-59
4.7692e-59
4.7692e-59
4.7692e-59
4.7692e-59
2.4103e-27
2.7854e-31
4.7692e-59
4.7692e-59
9.0949e-28
4.7692e-59
4.7692e-59
4.7692e-59
4.7692e-59
2.4923e-23
4.7692e-59
4.7692e-59
4.7692e-59
4.7692e-59
4.7692e-59
2.9838e-37
5.0288e-26
4.7692e-59
4.7692e-59
5.0652e-31
4.7692e-59
4.7692e-59
4.7692e-59
4.7692e-59
4.7692e-59
4.7692e-59
4.7692e-59
4.7692e-59
4.7692e-59
4.7692e-59
4.7692e-59
4.7692e-59
4.7692e-59
4.9243e-25
4.7692e-59
1.5131e-29
4.7692e-59
3.3984e-26
4.7692e-59
4.7692e-59
4.7692e-59
4.7692e-59
4.7692e-59
3.0477e-23
5.0594e-24
4.7692e-59
4.7692e-59
4.7692e-59
4.7692e-59
4.7692e-59
8.2274e-20
4.7692e-59
3.9166e-21
4.7692e-59
4.7692e-59
4.7692e-59
4.7692e-59
8.0103e-31
4.7692e-59
4.7692e-59
4.7692e-59
4.7692e-59
4.7692e-59
4.7692e-59
4.7692e-59
4.7692e-59
4.3643e-21
4.7692e-59
4.7692e-59
1.5166e-29
4.7692e-59
5.2338e-29
5.2374e-19
4.7692e-59
4.7692e-59
4.7692e-59
1.7859e-28
1.3752e-25
4.7692e-59
5.6059e-31
4.4896e-33
1.8182e-25
4.7692e-59
4.7692e-59
4.7692e-59
4.7692e-59
4.7692e-59
4.7692e-59
4.7692e-59
6.7699e-34
4.7692e-59
4.7692e-59
2.6123e-36
4.7692e-59
4.7692e-59
4.7692e-59
4.7692e-59
7.5102e-14
4.7692e-59
4.7692e-59
7.9933e-22
5.4802e-23
4.847e-35
4.7692e-59
4.7692e-59
4.7692e-59
4.7692e-59
4.7692e-59
4.7692e-59
4.7692e-59
4.7692e-59
4.7692e-59
4.7692e-59
4.7692e-59
4.7692e-59
4.7692e-59
4.7692e-59
4.7692e-59
5.2669e-26
4.8026e-27
1.1631e-26
6.0084e-13
4.7692e-59
4.7692e-59
4.7692e-59
4.7692e-59
2.9904e-36
4.7692e-59
4.7692e-59
4.7692e-59
4.7593e-23
4.7692e-59
4.7692e-59
4.7692e-59
4.7692e-59
4.7692e-59
4.7692e-59
4.7692e-59
3.6183e-23
4.7692e-59
4.7692e-59
4.7692e-59
4.7692e-59
4.7692e-59
4.7692e-59
1.5497e-33
1.1388e-35
4.7692e-59
6.5187e-29
7.7104e-25
4.7692e-59
1.7258e-26
4.7692e-59
4.7692e-59
4.7692e-59
4.7692e-59
1.4081e-18
4.7692e-59
4.7692e-59
4.7692e-59
4.7692e-59
3.5728e-27
4.8317e-26
4.7692e-59
4.7692e-59
4.7692e-59
4.7692e-59
4.7692e-59
4.7692e-59
4.7692e-59
4.7692e-59
2.1404e-15
7.3522e-30
7.9713e-35
4.7692e-59
4.7692e-59
1.3459e-32
1.4474e-25
6.1719e-29
4.7692e-59
4.7692e-59
4.7692e-59
4.7692e-59
4.7692e-59
3.6401e-26
4.7692e-59
1.8677e-37
4.7692e-59
2.9508e-29
4.7692e-59
4.7692e-59
3.1433e-32
1.8942e-23
4.7692e-59
4.7692e-59
1.2943e-25
9.0396e-28
2.207e-33
4.7692e-59
4.7692e-59
4.7692e-59
7.2219e-32
4.7692e-59
1.2359e-21
4.7692e-59
4.7692e-59
4.7692e-59
5.121e-30
2.9084e-38
4.7692e-59
4.7692e-59
1.1428e-30
6.2389e-31
1.0735e-29
1.0294e-17
2.0383e-35
1.9069e-18
8.488e-23
4.7692e-59
4.7692e-59
4.7692e-59
1.3936e-28
4.7692e-59
8.4453e-23
4.7692e-59
4.7692e-59
4.7692e-59
4.7692e-59
4.7692e-59
4.7692e-59
4.7692e-59
2.1149e-31
7.8725e-15
4.7692e-59
4.7692e-59
2.0848e-18
4.8633e-33
1.6767e-25
4.7692e-59
4.7692e-59
7.6378e-27
4.7692e-59
4.7692e-59
5.7718e-27
4.3807e-27
4.7692e-59
3.8823e-37
4.7692e-59
7.7294e-40
2.1433e-32
7.6821e-27
4.7692e-59
4.7692e-59
1.9073e-21
6.2702e-32
4.7692e-59
4.7692e-59
4.7692e-59
4.7692e-59
4.7692e-59
4.7692e-59
4.7692e-59
4.7692e-59
4.7692e-59
5.2679e-25
4.7692e-59
4.7692e-59
4.7692e-59
2.4019e-20
4.7692e-59
4.7692e-59
4.7692e-59
2.1983e-30
4.7692e-59
1.5724e-23
4.7692e-59
4.7692e-59
4.7692e-59
4.7692e-59
9.1531e-18
4.7692e-59
4.7692e-59
4.7692e-59
9.8562e-21
2.0039e-17
4.7692e-59
4.7692e-59
4.7692e-59
4.7692e-59
1.8242e-24
4.7692e-59
4.7692e-59
4.7692e-59
4.7692e-59
4.7692e-59
1.7655e-25
2.6439e-30
4.7692e-59
2.9976e-35
8.5072e-28
4.7692e-59
4.7692e-59
4.7692e-59
1.1885e-20
4.7692e-59
5.0466e-31
4.7692e-59
4.7692e-59
4.7692e-59
4.7692e-59
2.9644e-33
9.7253e-28
4.7692e-59
4.7692e-59
4.7692e-59
4.7692e-59
4.7692e-59
4.7692e-59
4.7692e-59
8.1561e-36
4.7692e-59
7.4099e-31
4.7692e-59
4.7692e-59
4.7692e-59
1.5778e-30
4.7692e-59
4.7692e-59
4.7692e-59
4.7692e-59
2.6633e-32
4.7692e-59
4.7692e-59
4.7692e-59
4.7692e-59
4.7692e-59
4.7692e-59
1.5387e-26
4.7692e-59
3.6942e-31
4.7692e-59
4.7692e-59
2.4999e-37
4.7692e-59
2.4824e-28
4.7692e-59
4.7692e-59
4.7692e-59
4.7692e-59
4.7692e-59
4.7692e-59
2.9469e-30
4.7692e-59
4.7692e-59
8.9294e-22
4.7692e-59
4.7692e-59
4.7692e-59
4.7692e-59
1.8209e-19
4.7692e-59
2.2359e-29
6.9962e-24
4.7692e-59
4.7692e-59
4.7692e-59
4.7692e-59
4.7692e-59
4.7692e-59
4.7692e-59
4.7692e-59
4.7692e-59
1.9898e-33
4.7692e-59
6.0231e-32
4.7692e-59
3.6946e-28
1.4457e-28
2.9118e-15
4.7692e-59
4.7692e-59
4.7692e-59
4.7692e-59
4.7692e-59
4.7692e-59
4.7692e-59
4.7692e-59
4.7692e-59
2.3331e-31
4.7692e-59
8.545e-35
4.7692e-59
4.7692e-59
4.7692e-59
4.7692e-59
1.8573e-35
4.7692e-59
4.7692e-59
4.7692e-59
1.0535e-28
2.0607e-26
2.4635e-26
3.0247e-29
4.7692e-59
4.7692e-59
4.7692e-59
5.704e-29
4.7692e-59
4.7692e-59
4.7692e-59
4.7692e-59
8.4926e-18
4.7692e-59
4.7692e-59
4.7692e-59
4.7692e-59
6.8428e-24
4.7692e-59
4.7692e-59
4.7692e-59
1.268e-16
4.7692e-59
4.7692e-59
4.7692e-59
4.7692e-59
4.7692e-59
4.7692e-59
4.7692e-59
4.7692e-59
4.7692e-59
9.8938e-29
4.7692e-59
4.7692e-59
4.7692e-59
4.7692e-59
4.7692e-59
4.7692e-59
1.0587e-35
4.7692e-59
4.7692e-59
4.7692e-59
4.7692e-59
4.7692e-59
6.217e-23
4.7692e-59
4.3512e-24
5.6327e-35
4.7692e-59
4.7692e-59
4.7692e-59
2.4806e-30
4.7692e-59
4.7692e-59
4.7692e-59
4.7692e-59
2.4904e-38
4.7692e-59
4.7692e-59
6.1653e-23
4.7692e-59
4.7692e-59
4.7692e-59
4.7692e-59
1.9906e-29
4.7692e-59
2.7415e-27
4.7692e-59
4.7692e-59
4.7692e-59
4.7692e-59
4.7692e-59
4.7692e-59
9.2478e-29
4.7692e-59
6.1139e-27
4.7692e-59
1.8449e-28
4.7692e-59
4.7692e-59
4.7692e-59
9.3853e-29
4.7692e-59
1.3241e-32
2.5628e-26
5.1664e-30
4.7692e-59
3.5456e-22
4.7692e-59
1.2643e-28
4.7692e-59
4.7692e-59
4.7692e-59
4.7692e-59
7.891e-26
4.7692e-59
4.7692e-59
1.1263e-24
4.7692e-59
4.7692e-59
4.7692e-59
4.7692e-59
3.8121e-27
4.7692e-59
4.7692e-59
4.7692e-59
3.9627e-35
4.7692e-59
4.7692e-59
4.7692e-59
4.7692e-59
2.2313e-24
2.314e-30
4.7692e-59
4.7692e-59
1.5077e-25
2.3982e-24
1.0003e-24
4.7692e-59
4.7692e-59
4.7692e-59
4.7692e-59
4.7692e-59
8.0563e-22
1.1673e-26
7.0694e-29
4.7692e-59
5.6822e-27
4.7692e-59
4.7692e-59
4.7692e-59
7.3325e-21
4.7692e-59
4.7692e-59
4.7692e-59
3.6859e-30
4.7692e-59
2.5128e-24
4.7692e-59
4.7692e-59
4.7692e-59
4.7692e-59
4.7692e-59
4.7692e-59
4.7692e-59
4.4748e-30
4.2101e-39
4.7692e-59
4.7692e-59
4.7692e-59
4.7692e-59
4.7692e-59
4.7692e-59
4.7692e-59
4.7692e-59
2.039e-27
5.4573e-31
3.3061e-29
4.7692e-59
4.7692e-59
4.7692e-59
5.4635e-23
1.3736e-16
4.7692e-59
4.7692e-59
1.3489e-25
4.7692e-59
4.7692e-59
4.7692e-59
4.7692e-59
4.7692e-59
1.2519e-17
7.0767e-29
2.3156e-29
4.7692e-59
4.7692e-59
6.0015e-32
4.7692e-59
1.7931e-24
4.7692e-59
4.7692e-59
4.7692e-59
6.5451e-19
4.7692e-59
4.7692e-59
1.5274e-19
4.7692e-59
5.2829e-24
6.313e-24
7.829e-28
4.7692e-59
4.7692e-59
4.7692e-59
4.7692e-59
4.7692e-59
4.7692e-59
4.7692e-59
4.7692e-59
9.42e-40
4.7692e-59
4.7692e-59
4.7692e-59
4.7692e-59
4.7692e-59
4.7692e-59
4.7692e-59
1.2358e-16
4.7692e-59
4.7692e-59
1.2118e-29
4.7692e-59
4.7692e-59
4.7692e-59
4.7692e-59
4.7692e-59
4.7692e-59
4.7692e-59
1.3576e-28
4.7692e-59
2.8646e-28
5.685e-31
4.7692e-59
4.7692e-59
4.7692e-59
4.7692e-59
3.706e-29
1.3065e-21
4.7692e-59
3.2945e-25
4.6042e-34
4.7692e-59
2.2565e-18
4.7692e-59
3.1483e-13
4.7692e-59
2.3482e-30
4.7692e-59
1.6669e-34
4.7692e-59
2.3991e-25
4.7692e-59
4.7692e-59
4.7692e-59
4.7692e-59
4.7692e-59
4.7692e-59
4.7692e-59
4.7692e-59
4.7692e-59
4.7692e-59
4.7692e-59
4.7692e-59
3.8125e-28
4.7692e-59
4.7692e-59
4.7692e-59
4.7692e-59
2.6217e-27
4.7692e-59
7.7191e-34
2.0816e-34
6.6874e-31
4.7692e-59
1.4834e-15
1.9604e-33
4.7692e-59
3.0089e-29
9.9149e-20
4.7692e-59
4.7692e-59
4.7692e-59
5.1545e-31
4.7692e-59
2.1362e-21
4.7692e-59
6.1336e-36
4.079e-26
4.7692e-59
4.7692e-59
4.7692e-59
4.7692e-59
4.7692e-59
4.7692e-59
4.7692e-59
2.1005e-33
4.7692e-59
7.811e-34
4.7692e-59
3.0614e-29
5.5131e-28
4.7692e-59
4.7692e-59
4.7692e-59
1.0224e-22
1.6497e-25
4.7692e-59
4.7692e-59
5.7243e-30
4.7692e-59
3.7467e-26
4.7692e-59
4.7692e-59
4.7692e-59
4.7692e-59
6.5815e-26
4.7692e-59
4.7692e-59
1.0452e-28
4.7692e-59
4.7692e-59
4.7692e-59
5.3587e-33
4.7692e-59
4.7692e-59
1.6105e-22
4.7692e-59
4.7692e-59
4.7692e-59
4.7692e-59
8.6598e-26
9.8414e-30
4.7692e-59
4.7692e-59
9.4607e-32
4.7692e-59
4.7692e-59
4.7692e-59
4.7692e-59
1.3229e-32
4.7692e-59
4.7692e-59
1.4077e-27
4.7692e-59
4.7692e-59
1.2398e-21
4.7692e-59
4.7692e-59
4.7692e-59
4.7692e-59
4.7692e-59
4.7692e-59
4.7692e-59
4.7692e-59
3.435e-27
4.7692e-59
4.7692e-59
4.7692e-59
6.493e-31
4.7692e-59
4.7692e-59
4.7692e-59
4.7692e-59
9.5654e-25
4.7692e-59
3.6199e-27
4.7692e-59
4.7692e-59
2.5145e-33
4.7692e-59
3.0464e-34
4.7692e-59
4.7692e-59
4.7692e-59
4.7692e-59
4.7692e-59
9.9218e-27
4.7692e-59
4.7692e-59
4.7692e-59
5.9079e-28
4.7692e-59
4.7692e-59
4.7692e-59
4.7692e-59
4.7692e-59
1.7564e-26
5.4943e-26
4.7692e-59
4.7692e-59
4.7692e-59
1.8836e-34
1.4431e-29
4.7692e-59
4.7692e-59
1.2278e-27
4.7692e-59
4.7692e-59
4.7692e-59
1.2845e-38
4.8767e-35
4.7692e-59
4.7692e-59
4.7692e-59
1.7033e-32
9.3277e-16
4.7692e-59
4.7692e-59
4.7692e-59
2.5998e-30
4.7692e-59
4.4107e-33
4.7692e-59
4.7692e-59
4.7692e-59
4.7692e-59
5.7001e-23
4.7692e-59
4.7692e-59
2.0826e-22
1.2202e-22
4.7692e-59
4.7692e-59
4.7692e-59
4.7692e-59
4.7692e-59
4.7692e-59
4.7692e-59
4.7692e-59
4.7692e-59
4.7692e-59
4.7692e-59
9.4063e-29
4.7692e-59
8.5691e-26
1.133e-32
4.7692e-59
4.7692e-59
4.1067e-32
1.269e-24
1.3361e-18
1.9068e-28
4.7692e-59
4.7692e-59
4.7692e-59
4.7692e-59
4.7692e-59
4.7692e-59
4.7692e-59
4.7692e-59
4.7692e-59
4.7692e-59
2.6036e-28
4.7692e-59
4.7692e-59
4.7692e-59
4.7692e-59
1.1862e-25
3.7365e-24
4.7692e-59
4.7692e-59
4.7692e-59
4.7692e-59
4.7692e-59
9.1724e-39
4.7692e-59
3.1927e-18
4.7692e-59
4.7692e-59
4.7692e-59
4.7692e-59
4.7692e-59
1.625e-31
4.7692e-59
1.4545e-37
4.7692e-59
1.2325e-20
4.7692e-59
4.7692e-59
4.7692e-59
7.2064e-27
1.7193e-33
4.7692e-59
4.7692e-59
8.3528e-21
4.7692e-59
3.3948e-28
4.7692e-59
4.7692e-59
4.7692e-59
4.4765e-34
1.3553e-28
4.7692e-59
1.8088e-29
4.7692e-59
5.9713e-23
4.7692e-59
2.2945e-28
4.7692e-59
4.7692e-59
5.3625e-34
4.7692e-59
4.7692e-59
4.7692e-59
4.7692e-59
4.7692e-59
4.7692e-59
1.9697e-34
4.7692e-59
4.7692e-59
4.7692e-59
1.3431e-38
4.7692e-59
1.3676e-34
4.7692e-59
4.7692e-59
5.9323e-29
4.7692e-59
4.7692e-59
4.7692e-59
4.7692e-59
4.7692e-59
4.4009e-33
4.7692e-59
4.7692e-59
4.6309e-23
4.7692e-59
1.5332e-15
2.1635e-30
4.7692e-59
5.2326e-23
4.7692e-59
1.444e-24
4.7692e-59
4.7692e-59
4.7692e-59
4.7692e-59
1.4938e-32
4.7692e-59
4.7692e-59
1.1119e-38
6.9739e-38
4.7692e-59
4.7692e-59
4.7692e-59
4.7692e-59
4.7692e-59
4.7692e-59
4.7692e-59
7.9835e-33
1.7056e-26
4.7692e-59
4.7692e-59
4.7692e-59
4.7692e-59
4.7692e-59
6.3067e-20
4.7692e-59
4.7692e-59
4.7692e-59
4.7692e-59
4.7692e-59
4.7692e-59
4.7692e-59
4.7692e-59
4.7692e-59
4.7692e-59
4.7692e-59
6.8986e-27
4.7692e-59
1.114e-22
4.7692e-59
4.7692e-59
4.7692e-59
4.7692e-59
4.7692e-59
1.7136e-19
8.106e-22
4.7692e-59
4.7692e-59
4.7692e-59
4.7692e-59
4.7692e-59
4.7692e-59
8.041e-29
4.7692e-59
4.7692e-59
6.1818e-25
4.7692e-59
4.7692e-59
4.7692e-59
4.7692e-59
4.7692e-59
4.7692e-59
4.7692e-59
4.7692e-59
4.3585e-30
4.7692e-59
1.8144e-28
3.54e-37
4.7692e-59
4.7692e-59
4.7692e-59
3.3775e-16
9.9851e-25
4.7692e-59
4.7692e-59
4.7692e-59
2.9366e-21
4.7692e-59
1.3141e-33
4.7692e-59
4.7692e-59
4.7692e-59
1.7281e-26
3.9724e-25
4.7692e-59
4.7692e-59
1.9261e-23
1.3048e-29
4.7692e-59
7.5664e-23
5.2344e-16
1.6157e-29
3.2487e-22
4.7692e-59
2.8983e-24
4.7692e-59
4.241e-29
4.7692e-59
2.6241e-31
4.7692e-59
4.7692e-59
4.7692e-59
4.7692e-59
4.7692e-59
4.7692e-59
4.7692e-59
4.7692e-59
8.765e-30
4.3616e-32
4.7692e-59
1.6721e-20
1.6227e-29
1.7113e-32
4.7692e-59
4.7692e-59
4.7692e-59
4.7692e-59
4.7692e-59
1.134e-27
7.4807e-29
6.2456e-34
4.7692e-59
4.7692e-59
4.7692e-59
4.7692e-59
4.7692e-59
4.7692e-59
7.8896e-26
4.7692e-59
3.1713e-28
