5.4177e-12
5.637e-12
1.0456e-12
5.3784e-21
5.3784e-21
0.0030801
0.0036254
5.3784e-21
2.3613e+05
0.001648
2.0791e-12
6.1177e-12
0.00084511
0.0039462
0.00086774
0.0060546
0.004116
6.6426e-13
5.3784e-21
1.0887e+06
1.9575e+05
1.0504e+05
0.0019927
5.3784e-21
4.6532e+05
5.9037e-12
5.3784e-21
3.3226e+05
5.3784e-21
0.00068383
3.2635e-12
7.9891e+05
5.3784e-21
0.00051265
0.0012987
1.9764e+05
0.00074126
5.3784e-21
5.3784e-21
50003
0.00020751
0.00051067
1.0604e+05
5.3784e-21
3.6331e-12
0.00094912
62472
1.0545e-11
2.2063e+05
6.4607e-12
2.4697e+05
1.1509e-11
5.3784e-21
2.1382e-12
0.00082932
5.3784e-21
5.3784e-21
2.7377e-12
5.3784e-21
3.3489e-12
5.3784e-21
0.00033881
3.0441e-12
34225
0.0013463
5.3784e-21
5.3784e-21
0.00025782
0.00083168
3.1291e+05
0.0006579
81195
5.3784e-21
5.3784e-21
0.002734
0.00093719
2.1082e+05
5.3784e-21
5.3784e-21
0.00029811
3.6624e-12
0.00041682
3.2839e-12
0.0012157
5.3784e-21
2.9732e-11
2.6878e+05
2.8987e-12
5.3784e-21
5.3784e-21
3.7844e+05
5.3784e-21
0.0014693
0.0010069
0.00032956
94111
8.8483e+05
0.0010667
5.3784e-21
1.28e+05
4.6962e-12
43843
1.1595e+05
2.2351e-12
2.0515e-12
0.0029215
0.00025158
0.0013115
4.8231e-12
5.3784e-21
1.0839e+05
2.435e+05
2.5589e-12
2.7217e+05
5.3784e-21
0.00061781
6.7462e-12
1.0978e+06
2.1701e+05
1.1604e-12
6.4911e-12
5.3784e-21
5.3784e-21
2.0129e+05
5.3784e-21
1.1446e+05
0.00057848
3.387e+05
1.0362e+05
0.0014708
1.3036e-12
5.3784e-21
0.00049854
0.0035948
2.6812e-12
5.3784e-21
0.00012946
7.7519e+05
2.1031e+05
0.0012453
0.0021529
1.2687e+05
0.0010656
1.3525e+05
7.4882e-12
3.2857e-12
0.0006881
0.0013119
3.0033e+05
5.3784e-21
1.8619e-12
2.406e+05
0.0001093
5.3784e-21
3.9477e-12
0.00076735
5.3784e-21
4.3236e-12
0.00050675
2.3119e+05
0.00058555
7.7455e-13
1.8934e+05
0.0005901
0.0010728
3.9949e+05
1.6524e-12
0.00051524
4.0981e-12
1.3398e+05
0.00071187
5.3784e-21
0.0012765
4.0199e+05
0.00045171
0.0010455
0.00094209
4.0669e-12
3.4957e-12
0.00066558
0.0027418
5.3784e-21
5.3784e-21
1.1811e-12
3.766e+05
0.0014604
2.4901e-12
2.2748e-12
9.8758e-13
2.8639e+05
1.7496e-12
0.00017975
0.0018363
2.6506e+05
4.5944e-12
1.5134e-12
5.3784e-21
0.0018923
2.2731e-12
0.00063828
7.1527e-12
5.3784e-21
2.1456e-11
1.8037e+05
1.9155e+05
5.3784e-21
0.0046925
0.00022898
5.3784e-21
4.454e-12
5.3784e-21
4.4609e-12
5.5464e+05
1.1199e-11
0.0010109
0.0011133
5.9336e-12
1.0139e+05
0.00026532
1.0779e+05
0.00049986
0.002657
4.7309e+05
2.3032e-12
5.3784e-21
3.0175e+05
5.3784e-21
2.2925e-12
2.8675e+05
0.0010518
5.3784e-21
4.0635e-12
88425
5.3784e-21
5.3784e-21
1.8805e-12
1.4893e+05
5.3784e-21
0.00039301
5.3784e-21
2.4577e+05
5.3784e-21
0.00082752
5.3784e-21
2.2649e+05
0.00046476
92579
1.106e+05
1.6242e+05
5.3784e-21
4.598e-12
0.00053948
0.00095497
64114
5.3784e-21
3.2839e-12
2.0192e+05
0.00040349
8.9525e-13
1.0225e-12
5.3784e-21
40672
1.0956e+05
8.8372e-12
7.5324e-12
34687
5.3784e-21
2.6364e-12
5.3784e-21
5.3784e-21
5.3784e-21
0.0013302
6.3214e-13
3.1806e-12
1.5302e+05
1.2302e+05
1.9387e-12
0.0003597
2.5942e-12
7.0312e-12
0.0014043
5.9068e-12
5.3784e-21
1.3564e-12
0.00064362
5.3784e-21
5.3784e-21
5.3784e-21
76591
2.4017e+05
5.3784e-21
6.7676e-12
5.3784e-21
0.0023175
5.3784e-21
2.1054e-12
0.00034475
1.9951e-12
5.3784e-21
1.2899e-11
5.3784e-21
0.00061071
1.6653e+05
2.1597e-12
0.0006116
1.6941e+05
3.2596e+05
1.5377e-11
2.8044e+05
0.00047293
0.00025491
2.968e-12
0.00056485
0.00035771
2.1239e+05
1.0308e+06
0.0037623
0.00051866
5.3784e-21
1.4575e+05
3.6248e+05
4.4814e+05
0.0010906
0.001127
0.0028169
2.3361e+05
0.0022916
0.00411
0.0011999
0.0015118
5.4235e-12
5.3784e-21
0.0017813
0.00014173
0.00273
1.0609e-12
4.3255e-12
3.0878e+05
0.00025097
2.4832e-12
1.7959e-12
1.4797e-12
0.0020561
5.3784e-21
0.0011779
5.3784e-21
1.018e+05
0.0014422
1.8358e+05
2.9907e+05
1.5564e-12
5.3784e-21
0.00080638
5.3784e-21
3.1171e-12
9.3116e-12
1.9002e-12
2.6804e+06
0.00048767
2.8809e+05
2.8881e-12
1.6233e+05
0.00036162
5.3784e-21
8.6803e+05
0.0012112
3.9622e+05
3.4019e-12
4.6998e-12
1.6091e+05
0.00065264
5.711e+05
3.1159e-12
5.3784e-21
8.7492e-12
2.0349e-12
0.0024721
3.2573e-12
1.4052e-12
8.1877e-12
5.3784e-21
0.00036769
4.3396e+05
3.1465e+05
0.00091328
8.6036e-12
5.3784e-21
4.693e+05
5.3784e-21
6.7962e-12
1.1748e-12
4.8544e-12
2.275e+05
1.4324e+05
5.3784e-21
0.00041396
2.3631e-12
0.00049018
5.3784e-21
4.3999e+05
4.8186e-12
5.3784e-21
0.0034066
0.00081523
0.0022381
1.1289e+05
4.2615e+05
1.9922e+05
4.3754e+05
0.00068269
5.3784e-21
2.336e-12
0.00052317
5.3784e-21
0.0011291
4.0342e-12
70108
9.623e-12
1.5397e-12
73449
0.0016085
5.3784e-21
3.0255e+05
5.3784e-21
87358
0.00048402
0.00046146
5.3784e-21
1.6414e-12
0.00036008
0.00071987
5.3784e-21
6.5447e-12
3.0609e-12
8.4205e+05
0.00057827
0.0044635
5.1979e+05
9.5622e-12
1.4275e+05
4.2158e-12
5.3784e-21
2.349e-12
5.3784e-21
0.00048121
5.7246e-12
5.3784e-21
5.3784e-21
9.4613e+05
0.00081184
5.3784e-21
9.8218e-13
1.2679e+05
0.0007351
0.0016015
5.3138e+05
0.0016974
3.1935e+05
1.4344e+05
4.8396e-12
5.3784e-21
2.3494e-11
0.0010222
5.3784e-21
0.00059051
5.3784e-21
5.3784e-21
1.9531e+05
5.3784e-21
0.00071009
90703
9.7561e-13
5.3784e-21
2.7853e-12
5.3784e-21
2.3511e-12
3.9359e-12
5.3784e-21
1.1764e+06
1.9878e-12
4.9975e+05
5.3784e-21
5.3784e-21
5.3784e-21
5.3784e-21
5.3784e-21
3.291e+05
0.011635
3.168e-12
4.9481e+06
62157
5.3784e-21
2.1265e-12
5.3784e-21
1.9329e+05
0.00022449
5.3784e-21
5.3784e-21
0.00059867
8.299e-12
0.0016528
7.2175e-12
1.6535e+05
5.3784e-21
5.3784e-21
6.3689e+05
5.3784e-21
0.00083026
2.8452e-12
0.0011202
2.0024e-12
0.0022092
7.5755e+05
0.00061413
5.3784e-21
2.1197e+05
0.00076181
0.00051781
1.2303e+06
7.7057e-12
16660
2.9876e-12
5.3784e-21
4.9562e-12
0.0010147
3.6204e+05
2.1727e+05
5.3784e-21
1.1722e+05
0.00046666
5.3784e-21
1.9538e-12
0.0023542
3.3726e+05
2.4115e+05
2.4837e-12
5.3784e-21
2.6299e+05
1.8048e+05
2.8337e-12
2.1013e-12
1.4917e+05
2.3012e-12
5.3784e-21
4.2579e+05
5.3784e-21
0.0011607
5.3784e-21
0.001518
0.00097612
6.4357e-13
0.00023153
4.3801e+05
5.3784e-21
0.00046726
5.3784e-21
5.3784e-21
1.4402e-11
1.7737e-12
6.6343e+05
4.1516e+05
5.3784e-21
9.9509e-13
5.3784e-21
0.0014891
8.5192e+05
3.8945e+05
0.00053831
80792
5.3015e-12
5.3784e-21
72776
5.3784e-21
5.3784e-21
0.00074265
0.00063402
8.4039e-13
2.1371e-12
0.00053668
2.4319e-12
54825
5.3784e-21
4.4957e-12
3.1394e-12
9.6556e-13
4.1672e-12
1.7306e+05
1.1374e+05
0.000717
5.3784e-21
3.8462e-12
5.3784e-21
5.3784e-21
5.3784e-21
3.6338e-12
1.5223e+05
0.0010865
0.00024773
87116
1.162e-11
5.3784e-21
5.3784e-21
5.3784e-21
7.3746e+05
5.3784e-21
82401
5.3784e-21
0.00052003
5.3784e-21
0.00037917
5.3784e-21
5.3784e-21
3.0034e-12
5.3828e-12
5.7683e+05
5.3784e-21
5.3784e-21
2.9582e-12
5.3784e-21
5.3784e-21
0.00058326
5.3784e-21
0.00069273
1.0449e+05
3.36e-12
46949
0.001408
5.3784e-21
1.2212e-12
2.0952e+05
3.7545e+05
4.7235e+05
5.3784e-21
0.00091977
1.6808e+05
0.00043674
0.0009651
1.1149e-11
0.00057398
4.8644e+05
2.7136e-12
1.8863e+05
5.3784e-21
0.0033083
0.0023951
71488
4.2207e+05
0.00093178
4.7081e+05
0.00099132
0.00070343
5.3784e-21
1.4158e-12
5.3784e-21
0.001482
0.0012163
0.00017353
0.0015555
0.00035587
0.00086674
1.2996e-12
0.0037016
2.886e+05
1.2993e+06
5.3784e-21
5.3784e-21
3.4693e-12
5.3784e-21
1.4591e+05
0.00069209
2.2914e-12
5.3784e-21
6.2253e-12
5.3784e-21
0.00032183
4.083e+05
2.7101e-12
1.5362e+06
2.2588e+05
5.3784e-21
5.3784e-21
47453
0.00076759
0.002698
1.2819e+05
7.0504e-13
5.3784e-21
0.0023117
1.7413e+05
5.3784e-21
2.3909e+05
5.3784e-21
0.002985
5.3784e-21
5.3784e-21
0.002066
5.3784e-21
6.3138e+05
0.0011653
1.0256e+05
7.7848e-12
0.0013247
5.3784e-21
0.00066508
1.5754e+05
5.3243e-12
4.609e+05
2.8029e+05
1.4155e+05
5.3784e-21
0.0070326
2.3514e+05
8.7608e-12
5.3784e-21
5.3784e-21
6.5193e-12
0.00019742
3.003e+05
0.00023753
5.3784e-21
5.3784e-21
5.3784e-21
4.9312e-12
5.3784e-21
3.2423e-12
1.1743e+05
5.3784e-21
5.3784e-21
2.5473e+05
4.4627e+05
1.1409e+06
3.319e-12
9.9581e+05
5.3784e-21
5.3784e-21
5.3784e-21
0.00085292
1.5721e-12
0.00090216
5.3784e-21
1.3705e+05
5.3784e-21
51068
1.6297e+05
5.3784e-21
0.00061763
5.3784e-21
5.3784e-21
5.3784e-21
3.9834e-12
1.8121e+05
3.1284e+05
0.0012394
5.3784e-21
0.00093118
3.0451e-12
3.1392e-12
1.98e+05
5.3784e-21
5.3784e-21
5.3784e-21
71116
5.3784e-21
5.3784e-21
1.0478e-11
0.0011896
3.703e+05
0.0016645
3.8759e+05
5.3784e-21
2.3769e-12
3.5736e-12
5.3784e-21
5.3784e-21
0.00031855
0.0012089
3.6641e-12
0.0002709
0.0011647
5.3784e-21
56339
3.6962e-12
2.4021e-12
1.2772e+05
0.0019449
5.3784e-21
1.8112e+05
1.7549e-11
5.3784e-21
0.00030557
8.8859e-12
5.3784e-21
0.0011413
0.001969
0.00054849
0.0015521
5.3784e-21
2.2741e-12
5.3784e-21
2.9787e-12
5.3784e-21
3.6077e+05
0.00080223
1.2966e+05
42964
4.6739e-12
3.8961e-12
3.8302e+05
5.3784e-21
1.3397e+05
5.3784e-21
0.00040847
5.3784e-21
1.0256e-11
0.0010888
3.2565e+05
5.3784e-21
1.9796e+05
5.3784e-21
0.00068039
1.7114e+05
2.1111e-12
2.355e-12
1.8183e+05
0.0019667
2.013e-12
5.3784e-21
5.3784e-21
5.3784e-21
0.0029244
1.4215e-11
62540
3.5512e+05
0.000473
7.8871e+05
1.8429e+05
1.5747e+05
79008
0.0012814
0.00097772
1.1525e-12
2.5497e+05
5.3784e-21
0.00086684
0.0015494
3.1312e-12
5.3784e-21
1.3091e-11
5.3784e-21
0.0023314
5.3784e-21
2.8072e+05
1.2347e-11
5.428e-12
5.3784e-21
4.7271e+05
5.3784e-21
9.6406e+05
0.0013816
0.00053057
5.3784e-21
4.1752e-12
1.2373e+05
0.0014842
5.3784e-21
0.00068019
6.06e-12
5.3784e-21
2.0009e-12
3.9796e-12
77501
5.3784e-21
8.2324e-12
0.0055282
1.1507e+05
0.0005309
3.3412e-12
5.3784e-21
0.00053486
65902
0.00033252
0.00092688
6.2172e-05
0.00067259
2.3078e+05
2.9291e-12
6.6953e-13
1.913e+05
1.5042e+05
0.0019828
5.3784e-21
0.0084611
1.3473e+05
5.3784e-21
3.32e+05
2.8087e+05
0.00045652
5.3784e-21
9.56e-13
0.0014832
5.3784e-21
1.7385e+05
5.3784e-21
0.00013216
0.0024202
0.00067576
5.4682e+05
3.0707e+05
5.3784e-21
6.19e+05
5.3784e-21
0.00019838
5.3784e-21
5.3784e-21
0.001135
3.0062e-12
2.6334e+05
0.00062669
0.001292
1.2269e-12
1.8342e-12
3.6847e+05
0.00059191
5.3784e-21
5.3784e-21
5.3784e-21
1.3823e-12
1.7091e-12
1.9325e+05
1.4572e+06
5.3784e-21
1.7973e+05
1.4844e+06
5.3784e-21
0.00085209
2.627e-12
9.032e-12
5.3784e-21
5.4798e+05
5.3784e-21
0.0017985
0.0010143
0.00047984
1.8846e-12
6.3804e+05
0.00058086
2.1552e-12
3.2064e-12
1.6629e+05
4.9141e+05
0.0011462
3.5931e+05
0.00065095
9.9337e+05
5.3784e-21
1.8501e-12
84917
91114
0.0013121
5.3784e-21
3.8883e+05
5.3784e-21
7.6624e-13
5.3784e-21
2.2924e-12
1.1236e+05
5.3784e-21
7.9233e-12
1.1367e+05
1.0353e+06
6.76e-12
0.0009081
3.9421e+05
5.3784e-21
0.0017381
75160
0.0006734
5.3784e-21
5.3784e-21
1.202e-12
5.3784e-21
0.00067165
4.1163e+05
5.3784e-21
5.3784e-21
3.1095e-12
2.6322e-12
0.00011931
1.0055e+06
0.0042185
0.003106
0.0018736
2.0589e-12
0.0018955
5.3784e-21
0.0029261
2.4901e+05
0.0013836
0.0047865
5.3784e-21
0.0015965
1.5382e+05
1.852e-12
5.3784e-21
2.2146e-12
0.00072187
5.3784e-21
5.3784e-21
5.3784e-21
0.0027484
0.00052667
6.445e+05
3.0087e+05
5.3784e-21
0.00067263
5.2042e-12
0.0011512
2.1199e-12
1.3988e-12
5.3784e-21
5.3784e-21
0.00057551
5.3784e-21
1.1507e+05
4.2039e+05
5.3784e-21
1.4887e-11
5.3784e-21
5.3784e-21
5.3784e-21
5.3784e-21
1.4716e+05
3.305e+05
5.3784e-21
5.3784e-21
9.4072e+05
5.3784e-21
5.3784e-21
2.3626e+05
5.3784e-21
7.8388e-12
5.3784e-21
5.3784e-21
6.2849e+05
5.3784e-21
0.00050241
5.3784e-21
1.0402e-11
1.0439e-12
2.9347e-12
5.3784e-21
5.3784e-21
2.2341e+05
1.9491e-12
1.7703e+05
3.2379e-12
1.8838e+05
5.3784e-21
9.6998e-13
0.0011679
3.8479e+05
0.00053026
1.7257e-12
1.1221e-11
6.347e+05
38157
0.00041481
3.3681e-12
4.1375e-12
6.333e-12
1.9621e-12
5.3784e-21
7.3813e-05
0.00025438
5.3784e-21
0.00070785
5.3784e-21
8.8275e+05
4.4145e+05
5.3784e-21
0.00096978
0.00071463
0.0089946
57917
0.0010099
2.2992e+05
5.3784e-21
0.0028493
5.3784e-21
5.3784e-21
5.3784e-21
1.6794e-12
0.00077459
5.3784e-21
73901
0.0011917
1.0025e+06
0.00046751
0.0023922
1.2413e-12
0.0029479
0.00031661
5.3784e-21
5.3784e-21
0.00049614
1.6945e+05
9.9e-13
9.9379e-13
0.0005496
2.8617e-12
5.3784e-21
0.00044966
0.00032844
5.3784e-21
4.8816e-12
2.7555e+05
5.6369e+05
0.0012228
5.3784e-21
5.0843e+05
0.000502
5.3784e-21
1.4038e-12
0.0025012
5.3784e-21
1.2049e+05
0.00038675
5.3784e-21
5.3784e-21
1.4158e+05
4.9098e-12
3.0587e-11
2.2906e+05
3.9971e-12
0.00093318
0.0022311
2.9296e-12
5.3784e-21
5.3784e-21
5.4816e-12
2.4257e+05
0.00033653
3.043e-12
8.3371e+05
5.3784e-21
5.3784e-21
2.5224e-12
2.8217e+05
5.3784e-21
0.00080261
6.1109e+05
5.3784e-21
8.5765e+05
5.3784e-21
5.3784e-21
5.3784e-21
1.7337e+05
5.331e-12
1.4728e+05
5.3784e-21
2.99e-12
2.1989e-12
3.1403e-12
5.2248e+05
5.3784e-21
5.3784e-21
5.3784e-21
5.3784e-21
5.3784e-21
58715
5.3784e-21
1.5102e+05
3.6548e-12
1.6445e+05
5.3784e-21
4.828e-12
6.1981e-12
0.00055165
0.00036663
5.3784e-21
5.3784e-21
86425
1.8877e-12
5.2794e+05
5.3784e-21
7.3666e+05
4.671e+05
0.00082487
0.0018577
6.3209e-12
0.00078555
1.7494e-12
2.6579e-12
5.3784e-21
1.897e-12
2.4702e-12
4.8568e+05
5.3784e-21
7.1214e-13
0.00071117
5.3784e-21
3.6996e-12
5.3784e-21
0.0008446
3.4534e-12
1.4042e+05
1.4671e+05
4.2086e+05
5.7039e+05
0.00019949
1.4341e-12
0.002077
5.3784e-21
5.4282e+05
47351
0.0010886
5.3784e-21
1.163e+05
0.0020468
1.7968e-12
0.002504
5.3784e-21
0.00057123
5.3784e-21
5.3784e-21
1.5339e+05
5.3784e-21
4.2323e-12
5.3784e-21
1.6864e-12
0.0013258
5.3784e-21
0.00028124
3.182e+05
5.3784e-21
5.3784e-21
7.1299e-12
5.3784e-21
0.00095403
1.3029e+05
5.3784e-21
5.3784e-21
2.3712e+05
1.6773e-12
5.3784e-21
5.3784e-21
0.0014417
5.3784e-21
3.5858e-12
0.00028983
2.9713e+05
5.3784e-21
5.3784e-21
0.00044079
99291
2.3122e+05
0.001146
1.4489e+05
4.6185e-12
81196
5.3784e-21
0.0026614
0.0055611
0.0011231
3.2715e+05
2.1606e+05
1.4765e-12
98880
0.00087263
5.3784e-21
1.2506e+05
1.0734e+05
5.3784e-21
0.00031968
1.5698e-12
4.2666e-12
2.3591e-12
0.00066603
3.4791e-12
0.0017163
5.3784e-21
84114
2.9975e+05
3.4309e-12
3.3527e-13
5.3784e-21
5.3784e-21
5.3784e-21
3.5978e-12
0.00067694
0.00027746
0.0017412
5.3784e-21
1.2326e+05
3.0315e+05
1.6631e+05
5.3784e-21
1.8955e+05
2.0867e-12
0.00086528
5.3784e-21
5.3784e-21
3.2312e-12
0.00061516
0.00044541
0.0020677
1.5701e-12
5.3784e-21
4.9263e-12
5.3784e-21
85006
1.7544e+05
2.6333e-12
5.3784e-21
3.8534e+05
5.3784e-21
1.8395e+05
0.00038075
8.5764e-12
2.6272e-12
0.010598
5.3784e-21
5.3784e-21
0.00039562
2.6858e-12
60698
6.0895e-12
9.6199e-13
7.6776e-13
3.0718e+05
5.3784e-21
5.3784e-21
5.3784e-21
2.8521e+05
1.5342e+05
3.9286e-12
1.8836e-12
5.3784e-21
5.3784e-21
3.044e+05
7.0722e+05
5.3832e+05
2.8763e+05
5.3784e-21
5.3784e-21
3.1621e-12
5.3784e-21
0.00078443
0.0019407
64618
0.0041445
2.2599e+05
0.0011054
53917
2.1759e-12
5.3784e-21
3.5283e-12
2.2817e-12
3.8413e+05
1.0544e+05
5.3784e-21
0.00049861
0.00092985
5.3784e-21
4.8968e-12
0.0020308
0.0002813
1.439e+05
5.3784e-21
5.3784e-21
3.8741e-12
5.3784e-21
5.3784e-21
9.5038e+05
0.00083871
2.2797e-12
0.00030502
2.9701e+05
0.00057212
5.3784e-21
5.3784e-21
2.0557e+05
2.4082e-12
2.9019e-12
0.00030806
2.9147e-12
5.3784e-21
1.6642e+05
5.3784e-21
1.8993e+05
1.0265e+05
92276
5.3784e-21
0.0001561
0.0031203
5.3784e-21
5.3784e-21
5.3784e-21
0.00074498
5.3784e-21
8.4106e-12
3.187e+05
0.0019793
3.0799e-12
1.5732e-11
0.0025387
7.3907e+05
2.9298e-12
0.007239
5.3784e-21
7.33e-12
3.408e-12
5.3784e-21
5.3784e-21
0.0097814
9.1362e+05
9.3639e-13
0.0006188
5.3784e-21
1.4595e-12
0.00035254
5.3784e-21
3.4329e+05
0.0044029
5.3784e-21
0.0015419
5.3784e-21
2.7565e-12
5.3784e-21
5.3784e-21
5.3784e-21
4.0879e-13
1.4853e+05
0.00073786
2.8288e-12
6.0958e-12
5.3784e-21
5.3784e-21
5.3784e-21
5.9765e-12
1.3083e+05
5.3784e-21
0.0022399
5.3784e-21
5.3685e-12
0.00078481
0.00021391
0.00039073
5.3784e-21
5.3784e-21
3.1515e+05
5.3784e-21
1.1305e+05
1.8209e+05
5.3784e-21
0.00089886
1.4429e-12
4.9004e-12
0.0011636
1.274e-12
0.00046486
1.4349e+05
9.5484e-12
5.3784e-21
3.5545e-12
0.00058098
3.5042e-12
5.3784e-21
5.3784e-21
5.3784e-21
5.3784e-21
5.3784e-21
5.3784e-21
0.0012359
0.00036139
5.9115e+05
2.8073e+05
3.0209e-12
95897
0.0012799
0.0012912
1.0777e+05
6.0659e+05
1.8876e+05
2.1023e-12
0.00091642
0.00035971
72360
6.568e-13
5.3784e-21
6.051e+05
5.3784e-21
1.3453e+05
0.0044605
5.3784e-21
5.3784e-21
0.0019563
4.9836e+05
4.9357e-12
1.2502e+05
1.798e-12
0.00040805
0.00083465
4.8705e-12
4.4818e-12
3.1512e+05
5.3784e-21
4.0994e+05
5.3784e-21
1.4975e+05
0.00030833
0.0012196
5.3784e-21
4.0463e+05
0.00092129
5.3784e-21
5.3784e-21
8.63e-12
1.5761e+05
2.2723e+05
5.3784e-21
0.00039027
5.3784e-21
5.3784e-21
0.00016812
0.0075257
79608
4.0491e-12
5.3784e-21
5.3784e-21
6.5796e-12
0.0011931
2.7146e+05
0.0019352
2.6962e+05
3.0005e-12
1.2423e-11
0.00036052
5.3784e-21
2.1603e-12
1.4707e-12
1.3645e+05
0.001207
0.00066119
1.1836e+05
5.0799e+05
0.0010173
3.0348e-12
6.9576e+05
1.0272e-11
5.3784e-21
0.00074067
0.0018908
2.895e+05
5.3784e-21
72534
2.4595e+05
1.293e+05
0.0038284
8.6193e+05
5.3784e-21
5.8543e+05
6.3464e-12
2.3638e-12
5.9551e-12
0.0015747
0.00064982
4.1112e-12
6.2021e-12
5.3784e-21
5.3784e-21
3.3396e+05
1.0749e-12
5.3784e-21
2.7802e+06
1.4491e-12
0.00052069
2.6095e+05
5.3784e-21
67110
3.1954e+05
1.5076e-12
5.3784e-21
0.00015624
8.5098e-12
2.1608e-12
0.0029743
2.1859e+05
5.3784e-21
0.00039412
5.3784e-21
5.3784e-21
0.0015456
5.3784e-21
5.3784e-21
2.0112e+05
1.0998e-12
0.0026398
1.7749e+05
1.4731e+05
2.6733e+05
0.00093219
0.0053756
9.1231e-13
0.0026044
3.4954e-13
76573
0.00040906
6.4027e-13
0.0021183
2.3331e+05
5.3784e-21
5.3784e-21
5.3784e-21
5.3784e-21
3.7785e+05
2.1184e-12
1.444e-11
2.3864e+05
1.5351e-12
5.3784e-21
2.937e-12
3.5977e-12
5.3784e-21
5.3784e-21
1.5583e-12
5.3784e-21
1.9002e-12
0.0018608
3.119e-12
0.0022035
1.7045e-12
0.0003523
5.91e-12
3.0824e-12
0.001663
1.0508e+06
0.00053565
5.3784e-21
0.00043532
5.3784e-21
1.3873e+06
3.903e-12
1.7313e+05
1.3934e+05
0.00068176
3.3813e-12
9.2357e-13
0.00093444
8.3253e-13
0.00033018
0.0013268
0.0019296
7.9464e+05
8.9208e+05
5.3784e-21
0.00088586
0.00052148
6.928e-12
6.5265e+05
0.00051883
5.3784e-21
98456
0.00038329
1.1594e+05
8.8587e-12
2.6983e-12
3.599e+05
71472
7.1884e-12
2.4441e-12
5.9211e-12
3.6871e+05
0.00031056
7.0205e-12
2.9203e+05
89836
0.00051297
1.0251e+05
57641
20364
5.3784e-21
0.001301
77624
5.3784e-21
1.7467e-12
2.6321e+05
0.00029173
0.00061805
5.3784e-21
0.005082
0.00080033
1.9635e+05
1.1866e-11
80063
5.3784e-21
1.8442e+05
0.00027405
0.00039422
7.6356e-12
4.4774e-12
0.0027682
0.00098551
5.3784e-21
1.24e-12
6.3022e-13
78069
2.1261e-12
9.0669e+05
0.00041928
2.7454e+05
3.8599e+05
0.00058767
8.2194e-12
1.0761e+05
5.3784e-21
0.00061618
9.3444e+05
0.00031671
0.0061587
1.6461e+05
2.7507e+05
0.0001392
0.00072149
6.614e-12
0.00085779
5.3717e+05
2.2419e-12
3.7858e-12
5.3784e-21
1.1775e+05
2.2208e-12
3.3252e-12
4.6221e-12
5.0103e-12
5.3784e-21
1.3666e+05
5.7523e-12
8.7327e-12
0.0018349
1.2249e+05
6.3312e-13
0.00089582
7.8429e-12
5.1465e-12
5.3784e-21
5.3784e-21
1.2004e+05
5.3784e-21
5.3784e-21
2.0391e-12
5.3784e-21
4.5738e-12
1.3508e-12
1.4054e+05
5.3784e-21
3.3129e+05
79428
2.0703e+05
0.00052315
1.9581e+05
2.3196e+05
5.3784e-21
1.7852e-12
5.3784e-21
4.0783e-12
1.4223e+05
7.4091e-12
0.00064832
1.7004e-12
3.7764e-12
5.3784e-21
5.3784e-21
0.00058144
3.1589e-12
1.847e-12
5.3784e-21
0.00075645
5.3784e-21
0.0019938
1.5028e+05
2.0113e+05
0.0013384
5.3784e-21
2.7116e-12
3.6436e+05
5.3784e-21
74563
3.3655e+05
1.7784e+05
2.2854e-12
5.3784e-21
1.1312e-12
5.3784e-21
5.826e-12
5.3784e-21
5.6795e-12
5.3784e-21
5.3784e-21
0.00051866
5.3784e-21
9.4635e-12
0.0004908
5.3784e-21
0.0020252
0.0033903
0.0067289
44941
0.00064753
0.0024974
2.213e+05
0.00068122
2.1973e+05
0.00065485
5.3784e-21
78557
2.1536e-12
3.6788e-12
2.1422e-12
1.4712e+05
4.6182e+05
7.7182e-12
5.3784e-21
5.3784e-21
4.715e-12
2.9162e+05
5.3784e-21
5.3784e-21
6.4984e+05
5.3784e-21
5.3784e-21
5.3784e-21
5.0804e-12
5.3784e-21
0.0011679
3.9469e-12
0.005542
5.3784e-21
1.6801e+05
1.4307e+05
5.3784e-21
63427
0.0013313
5.3784e-21
2.1527e-12
5.3784e-21
2.6441e+05
6.4724e-12
6.2879e+05
0.0006735
0.0011798
0.00098922
31450
1.7673e-12
5.3784e-21
3.6012e-12
0.00019169
0.0013937
5.3784e-21
3.3234e+05
78837
5.3784e-21
1.097e+05
94899
1.407e-12
3.0008e+05
0.00024438
77881
1.5162e+05
2.2014e-12
5.3784e-21
2.3674e+05
5.3784e-21
2.306e+05
1.2166e+06
0.00075664
4.0895e+05
0.00025417
5.3784e-21
1.3972e-12
5.0447e-12
2.7887e+05
1.2033e+05
44030
0.00076732
4.1622e-13
2.9111e-12
7.2805e-12
1.6762e+05
5.3784e-21
5.3784e-21
3.9027e+05
5.3784e-21
5.3784e-21
5.3784e-21
5.3784e-21
0.0018299
1.0404e-11
7.9081e-12
1.0779e+05
6.9142e-13
0.0011189
0.002577
0.0018967
1.5096e-12
97513
1.9827e-12
5.3784e-21
0.0017435
0.00049417
3.4916e+05
6.3053e+05
5.1921e+05
0.00066376
0.0017231
1.6282e-12
2.0088e+05
5.3784e-21
3.1232e+05
1.0056e+05
0.00054191
0.00045649
5.3784e-21
0.0011702
5.4818e+05
0.00059381
4.5198e-13
5.1667e+05
5.3784e-21
5.3784e-21
5.3784e-21
0.0020974
6.3317e+05
5.3784e-21
1.6726e-12
5.3784e-21
0.0028061
3.2015e-12
5.6668e+05
5.3784e-21
5.3784e-21
0.00031382
5.3784e-21
7.0076e+05
1.6667e+05
1.8918e+05
3.3421e+05
0.0018713
0.00088087
0.0022033
77278
5.3784e-21
5.3784e-21
0.0022428
0.0028234
4.3064e-12
3.3982e+05
0.0023421
5.3784e-21
5.3784e-21
3.4901e-12
1.6797e+05
2.4428e+05
1.3891e-12
1.6503e+05
3.7394e+05
1.5406e+05
0.00031029
0.0004202
5.3784e-21
0.0045142
5.3784e-21
6.5715e-12
2.0109e-12
1.8349e+05
0.0011831
1.7563e+05
0.0022957
1.9901e-12
5.3784e-21
5.3784e-21
24583
4.6105e-12
8.4088e-12
2.4065e+05
0.00055487
70845
5.3784e-21
5.3784e-21
5.3784e-21
0.00082461
5.3784e-21
3.6149e+05
3.3143e-12
5.3784e-21
1.8458e-12
84712
0.0016258
5.3784e-21
6.7149e-13
0.00021666
0.00032836
6.7712e-12
1.3946e-12
2.0673e+05
5.143e-12
5.3784e-21
1.9436e-12
3.8726e-11
5.3784e-21
1.6103e+05
1.4445e-12
3.5935e-12
5.1071e+05
0.00033475
2.7882e+05
89322
5.5294e-12
1.4527e+05
2.3244e-12
5.8115e+05
5.3784e-21
1.7377e-12
1.4576e+05
0.00041209
0.00032276
9.6132e-12
5.3784e-21
2.0814e+05
5.3784e-21
0.00035252
1.5858e+05
7.3374e+05
5.3784e-21
4.6208e-12
2.3056e-12
4.4886e+05
1.2754e-11
0.00040887
0.00033412
2.4152e-12
2.1524e+05
1.4173e-12
2.4934e-12
0.00021136
1.3155e+05
0.0006231
7.1808e-12
5.3784e-21
5.1156e+05
1.3802e+05
5.3784e-21
5.3784e-21
5.3784e-21
5.3784e-21
0.0012274
1.3648e-12
1.3862e+06
8.4774e+05
2.7653e-12
0.00028674
1.971e+05
1.8184e+05
4.7789e-12
0.001117
5.3784e-21
4.8961e+05
0.00079342
3.1146e-12
5.3784e-21
1.7617e-12
3.7486e-12
0.00056591
0.00023837
0.0020551
5.3784e-21
0.0016962
1.3386e+05
6.472e+05
5.3784e-21
0.00097406
1.5182e+05
0.0027953
0.001293
0.00085997
5.3784e-21
5.9689e-12
4.0244e-12
2.0241e+05
0.00087396
68084
5.3784e-21
5.3784e-21
5.3784e-21
5.3784e-21
1.0035e+06
0.00038429
2.1711e+05
2.3176e-12
5.3784e-21
5.3784e-21
0.00225
2.9857e-12
4.2644e-12
0.00092581
2.5486e-12
4.7548e-13
5.3784e-21
0.0021618
0.0036837
5.3784e-21
5.3784e-21
5.3784e-21
0.0028545
5.3784e-21
7.3045e+05
2.8857e-12
0.00047723
0.00057986
3.5907e-12
1.8403e+05
5.3784e-21
1.5306e+06
0.0010871
5.3784e-21
2.2158e+05
1.0741e+06
5.3784e-21
2.7133e-12
0.0011059
2.1954e+05
0.00057924
0.00064221
0.0019934
0.00072096
1.0364e-11
0.0011491
0.001473
0.0014131
5.3784e-21
1.0064e+05
0.0056719
1.6074e+05
79978
0.00032256
84408
4.2054e-12
1.2891e-11
1.0171e+05
0.00074845
9.669e-12
4.0238e-12
3.3538e-12
0.0017344
1.9294e+05
0.00058421
2.777e+05
5.3784e-21
0.0011787
2.2056e+05
4.2796e+05
0.00041153
5.3784e-21
4.3473e+05
1.0102e-11
0.00072101
5.3784e-21
0.0012978
9.158e-12
3.8162e-12
0.00070651
0.0005372
0.00087866
0.0017168
5.3784e-21
0.0013135
5.3784e-21
4.1753e-12
0.00052058
5.3784e-21
6.1559e+05
6.8525e-12
2.527e-12
5.3784e-21
0.00031105
2.4136e+06
1.7177e+05
6.6416e+05
37885
54755
5.3784e-21
2.3267e+05
6.7413e-12
2.4003e-12
0.0018471
1.7999e+05
5.3784e-21
5.3784e-21
0.00033523
5.3784e-21
0.00082544
3.8518e+05
2.1517e+05
5.3784e-21
0.0023731
4.4976e+05
0.0030589
5.3784e-21
5.3784e-21
0.004675
5.3784e-21
5.3784e-21
5.3784e-21
3.4411e-12
0.00043005
5.3784e-21
5.3784e-21
4.2503e-12
3.1774e-12
5.3784e-21
1.8129e+05
1.0456e-12
1.0651e+05
0.0012221
1.5406e+05
0.00029783
0.0019503
0.00010315
0.00091932
3.3077e-12
5.3784e-21
0.0013553
2.7237e-12
5.5535e-12
0.00090159
3.0032e+05
2.6465e-11
3.333e+05
0.00021511
3.4153e+05
