1.7979e-14
9.2377e-15
5.4742e-38
0.0012096
6.8612e-38
6.7091e-38
1.1297e-63
5.4615e-32
1.175e-20
1.2937e-25
4.2605e-14
0.00044707
7.1209e-09
6.4564e-32
3.0442e-50
1.0825e-32
3.1135e-50
0.0013421
3.4598e-20
1.1297e-63
1.9609e-56
0.00091219
7.3467e-26
5.5333e-38
6.0173e-26
0.001096
1.0093e-56
2.0695e-26
9.5229e-15
3.0527e-50
1.1297e-63
0.00091944
3.4433e-09
0.00031595
1.5778e-14
1.9464e-20
0.00253
3.3561e-32
1.0029e-25
2.4222e-32
1.1233e-37
1.1297e-63
2.3303e-09
1.5515e-56
0.0007945
3.2349e-20
6.0151e-38
3.0456e-26
0.0026771
1.5222e-20
2.7442e-32
1.1297e-63
0.0011636
1.1346e-14
3.0017e-44
5.1216e-09
5.5395e-50
0.0087971
1.1663e-14
1.1622e-14
6.6213e-32
3.1561e-09
7.1421e-32
5.9961e-15
4.8889e-09
3.2095e-09
4.4385e-32
1.1297e-63
1.1297e-63
1.2659e-50
4.3225e-26
0.00058534
4.1237e-32
1.6971e-56
1.9318e-44
1.6656e-14
5.1121e-44
2.0988e-20
6.2908e-09
9.9871e-15
1.3304e-20
1.6681e-20
5.8612e-09
6.3842e-38
9.912e-15
4.8298e-32
2.6675e-20
3.8312e-09
1.8285e-25
1.9165e-50
3.8743e-09
3.9574e-26
2.822e-44
0.001357
0.00056782
2.2233e-44
0.0022878
1.1297e-63
0.0010569
1.1297e-63
0.00068982
3.2685e-26
0.00081848
2.7673e-20
2.4194e-26
1.0086e-14
3.8422e-38
1.1297e-63
1.1416e-37
7.1362e-21
1.1297e-63
4.2525e-44
0.0010629
1.0352e-14
4.3871e-09
2.8199e-09
2.1832e-32
6.9721e-09
9.3883e-51
8.5484e-09
0.0010133
1.4044e-56
0.0010598
7.9357e-32
5.7806e-38
5.4319e-32
0.0014473
1.1297e-63
2.4322e-31
1.3596e-14
5.5884e-44
6.0713e-09
3.4082e-38
1.1297e-63
8.017e-09
0.00093179
5.4505e-09
1.6576e-44
1.537e-25
0.0024113
6.3988e-57
0.0019248
4.7806e-20
9.9587e-57
0.00032993
1.1297e-63
1.1297e-63
1.1297e-63
1.5209e-08
1.1297e-63
0.00061825
3.9366e-09
0.002577
1.032e-31
1.7149e-08
2.9425e-09
1.5382e-44
4.348e-09
1.1297e-63
1.3874e-14
2.2298e-44
0.00077642
0.0013755
2.8853e-14
0.001674
7.0571e-38
1.2739e-31
8.3667e-09
7.2296e-38
0.00034871
1.7009e-20
1.1297e-63
0.0012013
5.7274e-26
7.8463e-57
7.0075e-44
0.0011664
1.331e-08
2.0246e-20
1.1297e-63
5.4236e-32
2.7196e-50
8.0637e-09
4.8914e-26
4.2937e-32
1.3392e-14
0.00054031
1.1297e-63
7.5184e-15
0.00084781
4.189e-32
1.1297e-63
4.9447e-57
2.2664e-20
2.587e-20
6.9681e-32
8.0556e-09
5.2846e-15
3.7288e-26
2.3387e-26
1.1297e-63
7.1431e-57
1.1297e-63
3.8196e-09
5.5027e-38
3.201e-44
0.0046803
0.0020232
1.1297e-63
1.2159e-50
3.3288e-20
3.4077e-50
1.0762e-31
6.4808e-32
4.9604e-57
1.1297e-63
3.7992e-32
9.6779e-57
1.0061e-37
0.0010692
3.1553e-50
2.8154e-37
1.0093e-37
1.1297e-63
0.0020887
1.1297e-63
1.0977e-37
4.227e-09
0.0044747
4.5187e-26
7.0618e-15
2.5257e-44
6.3557e-20
1.0518e-08
6.9816e-15
0.0014325
1.1297e-63
1.0457e-31
2.7563e-20
3.617e-09
1.2455e-08
3.6233e-44
1.3653e-25
3.6686e-32
4.9483e-44
2.8933e-32
1.1297e-63
5.8196e-15
0.0013627
4.6898e-09
1.1297e-63
1.1297e-63
1.1297e-63
1.9376e-14
6.9313e-32
1.1488e-14
1.1e-56
1.8831e-20
0.0029843
7.5903e-09
1.4078e-09
5.1577e-32
4.1843e-38
6.1128e-26
3.2315e-09
9.4284e-21
1.0957e-14
1.3534e-14
5.9035e-32
9.1392e-14
5.715e-38
0.00048262
0.00066395
0.00040406
0.0016087
2.1092e-44
4.8604e-20
1.1297e-63
2.8087e-32
4.6996e-26
8.079e-21
1.1297e-63
1.1748e-14
5.3605e-09
6.15e-32
5.5702e-32
2.7423e-26
9.0648e-38
1.3018e-08
2.5957e-26
6.1019e-09
1.2291e-56
1.6521e-25
2.4564e-50
1.1297e-63
3.2225e-26
1.2986e-56
0.00082027
5.417e-32
2.5405e-32
4.2652e-56
7.3882e-44
3.9552e-20
1.64e-20
6.7398e-26
2.4e-14
4.6303e-09
8.2555e-15
0.0017302
0.00086956
1.7442e-14
8.0319e-38
3.5267e-09
4.0249e-09
1.1297e-63
1.969e-09
0.00099622
0.00044892
3.1407e-38
1.2822e-50
0.00046304
1.1297e-63
0.00078685
1.3353e-37
1.1297e-63
1.9187e-14
0.001146
4.7127e-26
4.3262e-32
1.1297e-63
5.1723e-50
8.8212e-32
6.6446e-09
2.6906e-26
2.9171e-20
0.00065166
2.6457e-32
3.0131e-38
0.00062361
0.0010568
6.4932e-15
5.2131e-38
6.4648e-15
3.5243e-26
8.6173e-09
4.1062e-32
1.1297e-63
1.1297e-63
0.00089044
2.0763e-44
9.0783e-57
1.6746e-20
1.0982e-19
2.4036e-38
0.0073852
1.3287e-56
7.9462e-26
2.0747e-50
1.1297e-63
2.3222e-50
1.1297e-63
1.1297e-63
3.0398e-14
1.0414e-31
5.0231e-26
2.5653e-20
1.6433e-32
0.00052021
1.1297e-63
1.1297e-63
3.0147e-26
0.0023386
9.9237e-15
2.6931e-20
1.1297e-63
6.1165e-26
1.3613e-50
1.4113e-09
1.5839e-14
1.1297e-63
1.3258e-14
3.8396e-38
3.6427e-15
9.6625e-32
1.2793e-20
1.2535e-43
1.1297e-63
1.1347e-37
1.1385e-20
2.2402e-26
4.6197e-44
7.4951e-15
1.7528e-32
2.4455e-50
1.8842e-20
7.9506e-38
4.2682e-20
3.1329e-20
1.1297e-63
1.1297e-63
6.661e-44
1.1297e-63
1.0052e-20
1.1297e-63
0.00065787
3.4955e-26
4.2404e-09
0.0010301
1.0414e-56
0.0005218
4.0577e-44
3.1487e-26
0.0027765
1.1297e-63
2.6366e-20
0.00069209
5.5519e-38
3.2363e-20
4.5537e-20
2.9656e-09
0.00098557
7.4203e-38
2.5372e-09
0.00052106
4.0628e-20
3.0598e-26
3.4322e-32
2.7163e-38
5.2766e-38
5.2799e-44
4.1657e-26
1.0626e-37
3.5874e-32
5.4064e-32
1.1297e-63
2.3499e-26
0.00064778
1.2001e-20
0.0026006
2.3501e-50
0.0012103
2.7633e-38
1.8119e-56
1.8732e-09
1.8626e-32
1.7616e-50
1.8913e-38
1.1297e-63
1.4525e-14
0.00076001
0.00094991
1.1297e-63
1.1297e-63
3.9053e-32
6.1468e-26
9.5911e-32
2.2765e-38
1.1297e-63
6.6464e-15
6.684e-38
2.0279e-14
1.2641e-14
2.8762e-26
5.1493e-50
2.1483e-50
9.7807e-15
3.9027e-09
3.2422e-09
1.3387e-14
5.626e-09
1.7575e-44
9.6976e-15
2.7665e-20
4.6103e-26
1.676e-09
2.64e-50
0.0019028
9.0921e-38
1.1297e-63
5.1985e-15
0.00094738
2.1641e-20
2.4694e-09
6.5808e-26
5.355e-26
2.0938e-50
5.1471e-44
3.2863e-26
0.00093625
2.2203e-20
9.5134e-15
0.0011079
3.7288e-09
1.1772e-14
2.6531e-20
0.00084501
2.1834e-26
5.4538e-15
9.0214e-26
1.1297e-63
1.1297e-63
6.0144e-15
0.00064757
0.00037421
1.1489e-20
2.678e-44
1.1297e-63
6.2799e-44
1.1113e-56
0.0010261
1.1297e-63
6.8065e-15
2.8513e-26
4.6726e-26
0.00061094
2.8778e-26
6.4105e-15
4.7974e-44
5.7274e-15
0.001183
2.9354e-20
5.7791e-09
1.1297e-63
8.3624e-15
2.5218e-09
2.7048e-50
7.7927e-09
3.6781e-26
1.2245e-14
5.5016e-20
1.1297e-63
4.421e-09
1.787e-20
1.487e-31
7.3033e-32
0.0032874
3.011e-20
0.0019444
9.2563e-15
1.8816e-09
3.8845e-09
0.0015438
6.2223e-32
3.0741e-44
1.1297e-63
1.7363e-14
2.0088e-09
4.4921e-44
2.2023e-32
2.4537e-50
2.3585e-09
0.00065643
3.8768e-26
0.0017464
1.7751e-32
8.1319e-15
0.00093963
5.5162e-15
1.1297e-63
4.9327e-44
2.2789e-38
5.3747e-32
9.8361e-21
1.0103e-20
1.1297e-63
3.3112e-32
0.00082758
6.8937e-21
1.3334e-14
4.7583e-26
0.00040021
2.7898e-50
5.7179e-32
1.5984e-26
0.003383
8.9021e-15
0.00025761
3.2601e-44
8.0396e-15
1.1297e-63
1.1297e-63
0.00043132
1.865e-38
1.1997e-56
3.0685e-32
2.2477e-20
1.1297e-63
1.3e-14
2.886e-09
1.1297e-63
0.00070561
1.6295e-20
1.1297e-63
2.579e-20
2.1065e-09
0.00060099
4.6394e-56
1.341e-20
9.1253e-15
3.0826e-56
1.403e-56
4.9173e-15
0.00046021
3.413e-15
4.964e-21
1.548e-09
3.1401e-38
6.0501e-38
1.2803e-44
1.4659e-50
0.0011258
8.4178e-15
1.4788e-20
4.2948e-26
0.00046932
4.0683e-20
7.1723e-15
5.7915e-26
0.00069339
5.6894e-38
0.0012645
4.7397e-38
1.0912e-56
8.2814e-44
0.00053927
8.1486e-57
6.5078e-38
6.8204e-09
5.1566e-15
1.2329e-44
0.00070967
4.3495e-26
1.1297e-63
1.1649e-20
2.9224e-50
1.0947e-20
5.4082e-26
9.4076e-26
6.0074e-20
1.3776e-20
0.0004824
0.00090784
1.6345e-44
1.1297e-63
2.4345e-56
3.6781e-44
7.6439e-15
5.1446e-38
1.7422e-44
2.9727e-09
2.8438e-09
3.225e-09
3.2429e-15
0.00026035
5.5913e-09
0.00028106
6.8018e-15
1.7072e-09
1.5984e-38
5.3036e-15
3.5956e-32
3.4699e-56
2.2129e-09
1.8326e-09
2.66e-26
1.1297e-63
1.1297e-63
3.8221e-32
5.5282e-09
5.7303e-15
4.6077e-09
1.1297e-63
2.4636e-09
1.1297e-63
1.486e-20
2.6022e-09
0.00034495
4.9545e-57
0.00064162
2.0183e-50
3.9166e-15
3.4731e-38
3.3364e-15
0.0005211
4.2893e-44
3.0008e-32
1.1297e-63
3.9852e-09
1.1297e-63
2.0854e-44
1.4906e-20
6.2832e-26
1.5023e-14
0.00062264
6.1004e-09
1.0062e-20
2.3037e-32
0.0021123
7.8193e-32
2.5479e-32
1.5993e-26
3.5231e-15
3.0904e-20
9.7333e-21
1.8705e-14
2.7858e-14
3.5362e-15
1.2106e-14
2.4274e-09
8.2314e-57
3.4974e-09
6.9841e-09
1.549e-56
7.4984e-15
0.00041059
1.1297e-63
4.0151e-32
2.8881e-15
9.7344e-21
1.8572e-56
4.4297e-26
1.4146e-14
8.5753e-21
5.6044e-09
0.00077527
0.0012682
1.8348e-09
1.1297e-63
4.0348e-15
2.4641e-14
1.9762e-20
4.9122e-32
1.0208e-26
2.6075e-09
0.00053776
2.9338e-44
1.2648e-14
5.4815e-15
0.00042202
0.00054866
2.2175e-09
1.1297e-63
3.8283e-32
2.6718e-26
6.9105e-38
3.3844e-38
1.1671e-25
0.0012173
4.6026e-26
5.1872e-38
3.1807e-15
2.2095e-50
3.7583e-50
3.883e-50
0.00069928
8.4357e-26
3.7579e-38
1.1297e-63
3.7944e-32
7.4761e-15
3.7857e-26
1.3105e-56
3.4772e-56
1.0891e-14
1.8052e-44
5.1347e-57
2.3753e-20
5.4513e-32
7.9036e-15
1.7971e-20
9.8226e-15
1.1327e-20
8.6811e-21
1.1297e-63
3.1078e-38
6.9075e-21
1.1656e-09
6.6482e-09
0.00025962
2.031e-26
1.861e-26
4.5884e-15
4.9746e-15
1.7339e-31
0.0008147
9.1614e-15
8.6581e-21
2.0659e-50
0.0016841
0.0009898
1.1297e-63
4.1081e-09
1.1282e-09
0.00060063
1.2769e-20
1.2941e-32
1.6719e-20
3.883e-44
2.8519e-38
1.8767e-20
1.233e-32
4.475e-32
7.4404e-21
5.3032e-15
4.7612e-09
9.1556e-15
7.7416e-21
1.1297e-63
4.6595e-32
1.4118e-20
5.4896e-15
3.4582e-32
8.0549e-44
1.5182e-20
2.8452e-09
0.0007763
1.1297e-63
2.7907e-44
2.0282e-44
1.4396e-50
0.00075558
2.8366e-09
4.6183e-57
3.3328e-09
7.6891e-57
1.1297e-63
0.0015851
5.4199e-26
1.013e-30
1.1297e-63
0.0016914
1.1745e-20
1.0183e-14
1.4643e-44
1.7024e-32
4.2426e-44
0.0004163
9.9295e-32
0.00044589
9.2453e-21
2.2932e-20
0.00047621
6.3871e-21
0.00074506
8.2285e-21
0.00054592
9.5761e-45
2.2285e-57
1.2227e-20
1.1297e-63
2.9978e-14
1.1297e-63
1.1297e-63
3.8597e-21
1.0771e-14
1.1625e-20
2.6366e-20
0.0018537
0.00049973
2.4478e-20
2.3408e-09
7.0647e-15
6.115e-21
0.001261
8.2464e-15
2.0808e-44
3.1189e-32
0.00080403
3.2809e-26
0.00055513
1.1316e-08
5.4301e-09
6.2029e-50
2.9214e-44
9.532e-38
4.906e-15
0.0004135
2.011e-26
3.216e-09
1.5423e-26
0.00074094
0.0021086
4.2065e-09
4.6161e-15
1.3136e-50
8.3365e-20
1.1223e-20
2.6522e-09
4.5494e-09
9.2657e-15
3.1755e-50
2.8931e-20
1.6251e-37
8.6173e-51
1.1297e-63
1.1297e-63
4.5975e-26
1.0263e-50
9.5393e-32
1.1297e-63
6.5334e-32
8.7599e-21
2.3482e-14
3.1103e-57
1.5672e-09
0.00032132
4.0865e-15
4.7266e-26
3.8579e-38
8.7263e-57
1.1297e-63
0.00064929
1.2141e-09
3.0435e-15
0.0013431
1.1297e-63
3.0506e-09
1.0202e-14
1.4502e-20
3.6229e-38
2.6906e-20
0.00029054
0.00023261
0.00070254
3.1295e-38
2.8571e-15
0.00060334
0.00039987
1.1297e-63
2.765e-20
3.2479e-32
1.1297e-63
4.669e-26
0.00051424
4.0566e-15
1.1297e-63
1.9905e-26
1.1297e-63
1.9852e-26
0.00076511
1.6256e-20
2.8883e-26
1.5712e-32
0.0011841
0.00029389
5.13e-15
1.9734e-09
2.273e-14
9.6877e-51
2.9673e-09
9.2285e-57
0.00032355
1.2427e-26
6.2777e-38
7.1741e-15
2.6702e-20
1.3899e-09
1.2741e-50
1.1297e-63
1.8858e-09
1.1297e-63
5.2536e-09
4.6314e-09
1.6248e-26
1.8593e-50
1.8779e-26
0.0018229
2.312e-09
1.1297e-63
5.3812e-15
5.4214e-57
1.3237e-20
0.00076525
1.5699e-20
8.897e-15
1.7221e-26
0.00073297
2.7934e-32
9.6903e-15
2.7406e-38
5.9801e-21
5.3674e-15
4.6471e-09
0.0004944
2.6926e-50
3.4068e-20
0.001806
3.1171e-26
0.0010577
5.9702e-15
2.1122e-26
1.1297e-63
0.0012649
6.0443e-38
1.8259e-56
3.4093e-09
3.6306e-50
0.00099588
0.00058252
5.2547e-09
1.1297e-63
3.0117e-44
1.0147e-14
3.7959e-26
1.7647e-14
0.00095023
0.00060716
4.6806e-26
5.909e-15
1.1297e-63
6.9721e-26
4.3827e-09
0.00042916
2.946e-32
4.0942e-44
1.0961e-56
4.8539e-26
1.2605e-20
1.8614e-26
5.2773e-32
6.5585e-09
0.0020447
1.0983e-20
1.3635e-26
8.3073e-09
1.1297e-63
1.1062e-20
0.00043983
2.8575e-32
0.0020466
1.8431e-56
0.00082341
1.1297e-63
4.8367e-38
3.7955e-32
1.9632e-38
7.4378e-26
0.00048724
1.1738e-20
0.00031604
1.1297e-63
1.3279e-50
1.9428e-14
0.00044246
0.00025307
5.8619e-57
3.4612e-26
6.2069e-57
0.00039649
1.0616e-56
4.665e-38
1.1792e-50
0.0011937
1.8912e-50
9.0104e-51
1.877e-44
2.3947e-26
2.1087e-26
0.00043949
1.1297e-63
3.9571e-09
3.9764e-38
9.1738e-57
0.00066554
5.1788e-15
1.5863e-20
3.2987e-32
3.5408e-26
1.7223e-14
3.5357e-38
2.7679e-09
4.2981e-44
1.4073e-14
6.0322e-32
3.6689e-44
0.00092149
1.2075e-31
6.5709e-15
0.0012385
1.1297e-63
1.1297e-63
0.00026053
2.0649e-09
1.6794e-20
5.161e-15
3.8418e-09
3.2834e-09
1.4218e-26
6.6063e-45
0.0011018
7.2916e-21
5.89e-38
3.1309e-20
1.5486e-20
2.6403e-32
6.5986e-32
0.00033172
4.5818e-09
4.1237e-15
1.5191e-14
2.6817e-20
6.339e-32
3.2212e-26
4.9797e-32
2.363e-20
3.6e-26
1.1297e-63
6.0866e-57
5.9491e-15
1.4183e-14
1.0367e-56
2.8448e-44
1.1297e-63
1.2143e-13
5.8765e-26
3.6708e-32
0.00094325
1.5288e-09
1.1782e-20
6.2226e-38
6.9582e-38
1.6716e-32
4.6533e-38
1.4198e-44
8.281e-15
2.6248e-09
1.1297e-63
0.00055833
4.7208e-32
0.0007577
3.6682e-15
8.4969e-57
1.6506e-50
1.3485e-09
1.6817e-50
4.3703e-38
8.6994e-21
2.1826e-09
4.8316e-26
2.0476e-44
1.1064e-56
5.9681e-57
6.3339e-15
3.8024e-09
5.4728e-15
4.5774e-15
1.0662e-09
1.1297e-63
1.2389e-14
5.2791e-44
2.3643e-44
8.2792e-51
1.1297e-63
1.1297e-63
0.00036542
3.716e-09
3.3449e-09
0.00092409
4.987e-21
1.1297e-63
9.5495e-57
0.00055967
9.4317e-15
3.7886e-09
0.00088804
0.00064233
0.00087746
3.6485e-32
0.00089096
1.2068e-20
1.5072e-50
3.7714e-15
4.1701e-38
3.1188e-09
2.9242e-32
0.00065888
1.1297e-63
1.1297e-63
6.2905e-15
4.5475e-32
1.558e-26
0.0073438
3.4615e-09
1.4703e-09
4.4691e-38
9.7074e-15
9.7493e-32
1.1297e-63
4.5658e-38
2.3797e-26
3.218e-09
2.6375e-32
6.0085e-32
1.9607e-26
2.2041e-26
1.1297e-63
0.00097156
5.9943e-15
5.6165e-15
3.2578e-20
6.2533e-15
1.1297e-63
1.274e-20
1.1954e-50
0.0004634
4.7693e-15
4.8966e-09
2.9805e-09
7.3649e-15
3.3792e-32
2.9809e-38
3.598e-15
2.5892e-20
1.3097e-08
2.8183e-44
3.8834e-15
1.1759e-26
7.7621e-57
2.0292e-26
1.1297e-63
3.0385e-09
1.1297e-63
1.2818e-32
9.4382e-38
0.0016456
5.5366e-15
5.4301e-26
1.1297e-63
8.5527e-09
2.9729e-32
1.2494e-20
2.6704e-26
1.1007e-14
4.5143e-44
4.0534e-38
5.0213e-09
2.8021e-26
1.1297e-63
0.0014331
0.0010021
5.076e-32
1.1297e-63
0.0006999
3.6587e-38
5.1807e-09
0.001012
2.9034e-44
8.9295e-21
1.2129e-56
2.9679e-26
3.6905e-15
0.00050792
1.3078e-20
4.4636e-09
8.811e-15
1.1297e-63
1.1297e-63
3.1947e-20
3.9753e-21
1.4009e-50
0.00026714
3.0984e-15
3.9476e-15
3.0961e-26
2.6087e-38
8.7406e-57
5.2879e-15
0.0012444
1.6926e-20
7.2175e-38
1.2202e-20
8.5961e-44
2.7617e-32
1.2713e-20
9.4211e-15
1.9722e-26
4.5359e-26
1.5818e-08
1.1297e-63
0.00097163
4.1212e-32
2.3701e-32
2.9875e-32
2.7176e-09
7.8467e-15
4.7496e-15
5.4815e-38
3.0162e-26
1.1297e-63
0.00049763
1.1297e-63
2.1908e-20
6.7277e-15
1.1992e-44
1.0122e-14
7.1275e-15
1.2115e-37
1.056e-31
0.00043919
9.2209e-26
5.3608e-44
0.00057944
1.7585e-26
2.4217e-26
2.6423e-09
7.6326e-32
1.1297e-63
7.017e-09
1.8212e-20
2.2172e-44
2.2072e-32
1.7058e-20
1.3224e-50
1.9064e-26
6.3149e-26
4.7313e-15
2.5447e-32
1.0699e-31
3.3497e-26
0.00065957
1.2825e-14
1.8649e-38
0.00051067
3.7791e-38
7.219e-44
0.00028094
4.5132e-15
1.1297e-63
0.00058735
3.3286e-32
7.4043e-57
9.8168e-15
1.7966e-25
1.8046e-14
3.9611e-32
0.00060873
1.0157e-20
7.3423e-21
2.7985e-57
3.9133e-32
2.4194e-09
0.00074759
3.247e-44
5.3375e-32
3.1309e-15
6.1508e-21
8.226e-44
2.7846e-26
2.3579e-15
3.9986e-15
0.00038178
7.2876e-15
0.00046685
8.2756e-15
1.1297e-63
1.9491e-44
0.00093683
2.0936e-32
0.00090895
3.8517e-44
5.3211e-21
0.00082508
4.7106e-32
1.5818e-26
8.3244e-21
1.4808e-14
1.4514e-50
9.9587e-32
1.5173e-20
2.272e-20
4.0468e-44
5.4804e-32
9.2781e-21
1.7889e-26
2.1866e-32
3.3311e-26
1.8715e-09
2.5079e-14
1.1297e-63
2.8986e-38
0.0012225
0.0025679
6.8827e-15
0.0015368
2.669e-50
2.1235e-56
2.7879e-44
4.7452e-38
2.5659e-38
9.8708e-21
3.0995e-32
3.7506e-38
1.6242e-20
1.4378e-09
1.1994e-14
0.0012718
1.9048e-09
3.3924e-44
3.0659e-09
7.3095e-15
0.0012263
2.7875e-09
1.2566e-50
6.111e-15
3.0641e-50
1.1297e-63
7.1763e-15
1.4724e-38
1.1297e-63
3.863e-26
0.00047589
1.5369e-20
0.0020191
9.7344e-15
2.9256e-44
2.9601e-20
1.2803e-14
3.1078e-09
5.5275e-26
7.5352e-51
1.1297e-63
0.0018458
5.5906e-26
5.1219e-44
3.9771e-09
3.2172e-32
6.5702e-32
0.001118
1.3702e-20
0.00059744
1.0515e-14
1.4456e-20
2.5829e-09
4.8236e-32
2.1826e-44
0.0011094
7.8033e-15
2.0781e-38
1.208e-50
7.5137e-15
1.5535e-09
6.5786e-15
2.2564e-09
2.5138e-50
0.0013957
1.1297e-63
2.1769e-09
9.8905e-15
0.00021282
5.0738e-26
1.0037e-14
1.3005e-50
1.1066e-20
3.3842e-38
1.1297e-63
0.00037601
1.1297e-63
0.00061575
6.4338e-44
1.1558e-20
7.3653e-32
3.4274e-09
7.1975e-15
3.7379e-32
9.8529e-57
5.7664e-09
1.5426e-14
1.5511e-50
2.3566e-09
2.5621e-38
7.94e-20
9.9229e-21
4.9002e-32
3.1202e-09
2.2232e-26
1.1297e-63
8.6399e-26
2.8887e-50
2.3099e-20
7.8966e-26
3.9625e-26
2.04e-09
1.9657e-26
1.5724e-20
0.0012636
1.5765e-09
9.04e-21
3.1031e-15
1.1297e-63
0.00036299
0.00084972
9.3686e-57
0.00081577
2.9576e-26
5.7284e-38
1.6364e-38
2.2485e-32
8.8172e-21
0.00098346
6.5629e-32
2.406e-14
0.00073551
3.5122e-32
1.2491e-20
0.0012143
5.4779e-38
2.7246e-20
1.3717e-50
0.00075001
5.5527e-21
0.00062432
5.5326e-09
7.8824e-32
4.2612e-44
0.00032136
1.0698e-14
1.6504e-20
7.2836e-38
1.0346e-31
3.9297e-09
3.2844e-15
5.1664e-21
1.6816e-26
2.2556e-26
0.0016055
0.0019225
5.5942e-32
2.5393e-09
1.4801e-20
8.8212e-57
1.0169e-08
0.00037516
2.5487e-09
2.0266e-50
1.1297e-63
7.901e-32
1.1297e-63
3.6367e-38
1.5323e-26
9.4474e-21
7.2697e-09
1.1297e-63
1.1297e-63
3.8447e-26
2.1712e-09
1.0248e-26
3.4755e-44
1.2703e-32
2.2071e-15
3.4098e-09
8.1074e-15
2.6256e-20
1.3849e-09
8.4736e-51
2.2937e-26
0.00051303
0.00053134
1.9492e-44
4.181e-44
2.6169e-32
2.249e-44
6.5053e-21
3.685e-09
1.9589e-32
1.1662e-26
0.00035004
5.5837e-09
3.8396e-44
0.00076923
2.9119e-32
3.7434e-26
4.1989e-57
4.4002e-26
4.7189e-44
1.1297e-63
2.7829e-38
0.00058266
9.7318e-57
1.1539e-09
3.4415e-38
6.955e-15
1.8402e-14
0.0019891
7.692e-21
8.1089e-21
0.00075531
1.2871e-20
0.00069793
1.1627e-09
4.3148e-15
7.9783e-15
0.00094441
0.00048672
1.9618e-20
2.3604e-09
9.0363e-51
7.0932e-09
4.2386e-44
2.5026e-44
3.006e-09
0.0035114
8.6931e-51
2.0798e-09
1.4443e-37
0.00099839
3.6555e-09
0.0022451
1.5859e-32
0.00084879
0.00071702
0.00098849
5.3652e-26
3.6751e-26
1.491e-32
4.6814e-26
4.894e-38
2.0215e-50
1.6338e-44
0.0014307
6.9251e-38
1.5362e-20
4.5545e-38
0.00092653
8.9262e-10
1.3289e-50
1.0652e-20
1.8488e-14
2.3709e-26
0.00082338
0.00058659
0.0012389
2.1244e-20
1.7506e-20
2.9733e-44
2.188e-20
1.4811e-14
0.00055089
2.1954e-09
1.6903e-50
0.0012187
1.3526e-20
1.5203e-20
0.00067843
1.2797e-20
2.3216e-26
1.2135e-20
1.1297e-63
2.3129e-26
1.1297e-63
7.0202e-09
2.1843e-32
9.4262e-09
0.00090329
2.3997e-32
3.4802e-09
9.5236e-15
5.8069e-21
6.6322e-15
3.5076e-09
2.2514e-44
1.5413e-09
1.4545e-14
1.1297e-63
3.9224e-20
2.4582e-38
1.1346e-20
7.9539e-57
1.1297e-63
1.0079e-14
1.3674e-09
1.9404e-09
6.3309e-15
9.0006e-21
2.5051e-32
2.7369e-32
7.3576e-15
1.0165e-14
2.298e-38
1.1297e-63
1.7364e-32
0.00035468
1.8505e-20
0.0015524
1.6279e-26
4.2138e-38
3.5734e-50
9.4426e-15
3.871e-32
2.1141e-26
3.1967e-26
1.1335e-20
3.1603e-20
0.00082425
5.8437e-09
9.2143e-15
0.00026094
3.2678e-50
1.1297e-63
3.4875e-26
1.3168e-25
0.0017052
1.186e-14
0.00044706
7.2314e-21
8.3704e-15
8.4058e-38
4.2204e-38
2.7647e-09
4.9035e-09
0.0015131
7.9831e-21
1.1297e-63
2.4446e-26
0.00095609
6.9499e-21
2.0767e-26
2.5446e-09
1.0764e-14
1.1297e-63
2.4938e-26
5.7886e-09
1.3583e-09
2.1316e-15
0.00078265
8.4295e-57
1.1297e-63
2.1525e-20
3.6281e-32
1.2032e-14
0.0017421
1.6664e-26
2.2483e-20
0.00039436
0.0006694
1.1297e-63
1.6624e-50
0.00044921
2.6245e-26
2.249e-50
0.00041538
4.4939e-20
0.00072677
1.7729e-26
1.5115e-38
2.6055e-26
3.1496e-38
6.3889e-15
2.8498e-09
9.4404e-44
1.1297e-63
0.00073566
4.6967e-15
2.587e-44
0.00057988
1.8631e-09
1.574e-26
3.9994e-26
0.00040698
5.0516e-20
3.708e-32
3.464e-38
2.4555e-44
1.2183e-50
5.3812e-15
1.2044e-31
0.0020471
1.1297e-63
1.1297e-63
6.6741e-38
2.3374e-09
0.00043951
0.0003439
1.7997e-26
2.8871e-32
1.9756e-32
9.1684e-57
1.1297e-63
5.882e-15
2.2655e-20
1.0584e-14
0.00061168
2.7398e-09
7.2759e-21
1.7389e-09
2.1906e-20
3.917e-15
4.2751e-15
9.7924e-32
2.64e-20
1.4702e-20
1.1297e-63
2.8848e-38
4.0745e-26
1.9222e-50
3.1732e-26
1.1297e-63
7.1216e-32
4.413e-44
1.0497e-50
1.1297e-63
0.00051806
0.00027683
1.3337e-20
9.4886e-15
2.672e-09
4.7766e-15
4.363e-15
4.6019e-09
2.4485e-14
2.4267e-32
2.4513e-09
1.3039e-09
3.1383e-09
1.4527e-20
1.6866e-50
3.1948e-09
3.3414e-26
0.0005724
2.5251e-44
1.616e-32
0.0031089
0.00093002
3.2886e-20
7.4922e-20
2.2041e-26
2.7187e-09
6.7883e-09
6.7321e-57
1.8835e-20
4.1916e-09
1.4333e-14
6.7314e-15
1.7121e-14
4.3933e-26
1.8066e-56
3.5392e-15
5.9239e-38
1.0391e-14
9.2161e-09
3.4982e-09
1.7226e-50
0.00065464
0.0005412
0.0004431
1.1868e-37
3.4609e-15
6.3175e-09
1.1315e-09
3.3809e-32
5.7193e-09
3.8181e-57
9.916e-21
1.1297e-63
0.00046567
5.8772e-57
2.3105e-09
1.1297e-63
0.0041491
7.0005e-26
1.1297e-63
7.0775e-21
0.0012455
0.00033934
2.1124e-14
0.00056933
6.1898e-44
0.00049079
1.5244e-20
0.00050889
0.00021268
4.7233e-57
2.1768e-32
2.0879e-32
4.0858e-57
1.7732e-32
3.2308e-38
1.7854e-09
1.5903e-20
2.724e-38
0.0018493
5.4571e-20
6.8831e-09
3.8973e-09
3.1199e-32
0.00082569
2.4723e-09
1.8157e-38
4.6679e-15
4.4089e-38
0.0010538
3.4104e-09
6.0789e-32
2.7298e-56
3.8119e-09
1.0254e-43
3.1761e-32
3.5798e-50
8.7869e-32
2.8158e-20
3.4153e-38
3.4535e-15
9.7909e-45
3.2299e-26
0.00073756
1.596e-50
3.0275e-44
3.5767e-50
1.8995e-44
1.9254e-20
3.8108e-32
1.1471e-37
0.00035536
7.1917e-38
2.6956e-32
3.3611e-38
2.7761e-32
5.5764e-57
3.2377e-09
4.7248e-32
0.0005971
1.1297e-63
1.6449e-26
3.9133e-57
1.4345e-14
0.00082351
6.1639e-26
1.1297e-63
2.9468e-38
1.7651e-09
2.849e-26
5.2343e-38
2.6245e-20
0.00042834
3.8013e-20
1.0503e-56
5.8568e-09
1.1297e-63
3.0017e-32
3.0589e-26
2.2059e-14
2.5445e-44
2.0088e-20
3.9443e-09
2.4815e-09
3.1533e-44
3.0042e-09
4.1752e-38
7.0213e-21
1.1297e-63
3.4747e-32
4.4027e-32
2.7201e-15
2.5736e-09
1.108e-25
1.1297e-63
9.5393e-26
0.00082814
0.00056539
6.3149e-57
0.00046321
2.1447e-20
2.6951e-09
2.4743e-26
7.7967e-09
2.3886e-26
2.0228e-50
1.5445e-20
3.8856e-09
8.4506e-15
1.6636e-44
6.9163e-21
2.1028e-32
2.8602e-44
2.7335e-50
2.4798e-50
1.6378e-32
0.0015828
1.2598e-26
5.4538e-15
0.001023
3.0954e-44
4.8732e-38
4.5836e-32
2.309e-09
1.1297e-63
2.9548e-26
0.00085136
1.1297e-63
0.0010189
6.3193e-32
1.3282e-20
7.6282e-15
5.8594e-32
6.6151e-44
3.3067e-32
2.1114e-20
7.5742e-09
2.2717e-26
8.5943e-15
1.1297e-63
2.7702e-09
1.726e-26
1.9888e-38
0.00019393
5.0694e-15
1.386e-20
2.1626e-38
2.4176e-26
1.5852e-09
1.6384e-09
5.5231e-21
6.1924e-09
4.2426e-26
2.7744e-44
1.9281e-09
8.5039e-15
7.49e-15
3.0234e-09
3.7156e-38
5.7237e-26
8.288e-15
1.8189e-09
4.6289e-38
0.00068372
1.171e-31
2.5913e-50
4.5512e-09
0.00085174
0.00041613
1.875e-56
0.0017869
3.5531e-32
5.3707e-09
5.762e-09
3.2278e-50
1.1297e-63
1.1297e-63
6.7073e-15
4.6106e-32
2.9512e-38
1.718e-14
1.6646e-44
1.0077e-20
3.2655e-50
0.00056853
6.7803e-15
1.3161e-14
6.4929e-32
1.1297e-63
2.8373e-38
4.7853e-15
6.2934e-38
3.2418e-09
3.8509e-26
6.9648e-38
5.1635e-09
3.2704e-09
2.735e-09
9.4051e-57
1.9991e-50
1.4605e-32
1.1297e-63
3.1116e-20
8.843e-15
8.1508e-15
4.7594e-44
1.1164e-56
1.1297e-63
1.0586e-31
0.00034978
2.438e-09
1.0916e-20
2.0906e-32
1.981e-56
0.0009562
4.6241e-32
2.9558e-26
2.4078e-44
4.2284e-32
2.7904e-26
0.00047167
3.2766e-09
5.603e-09
1.1297e-63
1.8087e-20
3.6057e-38
3.9618e-32
4.6354e-09
1.8066e-09
2.3394e-32
2.571e-50
3.0687e-09
4.4301e-57
8.0717e-38
4.4472e-09
3.5053e-38
1.6225e-14
3.0762e-26
0.00042157
3.1691e-38
0.0010769
5.6861e-32
2.1216e-20
3.3305e-38
1.2571e-26
0.00060263
9.4331e-15
1.1297e-63
1.4405e-38
4.3094e-32
6.0374e-26
2.5462e-09
6.7908e-15
2.3132e-20
1.5479e-20
2.8223e-38
1.2481e-14
0.00059744
5.5789e-09
0.001476
1.1297e-63
1.8796e-26
1.5422e-20
0.0017241
2.4873e-26
9.9011e-21
4.2029e-09
1.5801e-20
1.1297e-63
0.0011164
4.4812e-38
3.4084e-09
1.8633e-20
1.1297e-63
7.4852e-32
1.7516e-32
1.1297e-63
4.1544e-15
4.274e-09
3.3421e-32
9.4102e-57
6.8798e-21
1.1297e-63
1.6287e-26
6.8674e-51
0.00065379
0.00045181
0.00051033
0.00081074
9.7588e-51
1.5013e-20
2.0685e-09
1.1297e-63
2.9093e-38
3.3438e-09
5.9327e-26
2.3536e-38
5.1402e-15
0.00091055
0.00050708
2.202e-09
5.8674e-26
6.8652e-15
1.2862e-20
1.8889e-50
1.0368e-25
2.7246e-15
6.1395e-15
8.6607e-21
2.3972e-32
5.096e-44
1.952e-08
0.0011336
0.00050579
5.4567e-15
6.5144e-15
1.0062e-31
3.4873e-44
0.00062306
1.1297e-63
0.00042179
7.9327e-21
0.00081784
0.00057202
1.1297e-63
2.7575e-09
0.0019173
0.00075136
1.1297e-63
1.2791e-20
3.1501e-15
1.1297e-63
0.00065539
0.00049323
0.00064828
4.1766e-38
1.6642e-50
4.6595e-09
0.0019262
9.0334e-10
1.1297e-63
6.4356e-32
0.00091474
0.00024503
4.1179e-26
1.1297e-63
0.00044995
2.2832e-26
1.1297e-63
1.1297e-63
6.7642e-21
2.5367e-20
1.7403e-20
7.6129e-09
5.3915e-44
0.0011204
1.3633e-44
0.0011193
2.2999e-50
1.1297e-63
1.3096e-32
3.8688e-09
1.1297e-63
3.7773e-44
8.0301e-15
2.1969e-38
3.8863e-32
1.1297e-63
0.00063611
2.5721e-26
2.7132e-26
2.4228e-09
0.0013969
1.4622e-20
1.5534e-26
4.2514e-26
0.00086929
6.5366e-21
0.00090161
6.8849e-32
1.3496e-14
0.0023078
7.3445e-21
0.00091805
2.0576e-09
2.303e-26
1.996e-56
4.7693e-26
7.1731e-32
5.5636e-32
3.3277e-32
3.5401e-09
5.9272e-32
5.739e-38
7.7978e-57
1.1297e-63
3.6152e-15
4.4549e-38
3.925e-32
2.635e-44
8.0203e-32
1.7619e-32
0.00067581
1.7554e-25
5.1285e-44
1.1297e-63
4.2029e-09
0.0005078
3.3602e-09
0.00049819
2.1295e-32
4.4035e-15
5.4764e-15
1.4762e-09
8.4517e-15
1.355e-26
4.8936e-32
0.00069594
2.1197e-26
1.8134e-26
0.0011146
2.5822e-20
0.00072639
0.0010238
5.491e-15
4.4826e-15
1.1297e-63
4.2696e-44
4.7106e-32
1.1297e-63
2.2494e-38
6.2051e-15
0.00081398
3.325e-15
2.1025e-20
7.9437e-26
1.1297e-63
7.8875e-57
1.1511e-26
1.5509e-26
6.157e-09
1.4764e-44
1.5254e-44
7.2059e-09
2.8158e-26
3.6937e-15
0.0012803
0.00036017
8.4218e-09
2.0693e-09
1.1877e-14
6.5297e-15
1.5243e-20
6.3324e-15
2.0708e-32
1.8219e-20
0.0012447
1.9826e-09
0.0024213
2.3878e-32
6.7489e-44
0.0016439
2.2139e-37
2.5051e-20
0.00093301
3.0714e-32
2.3766e-26
1.0591e-20
1.2734e-14
7.7668e-15
2.523e-38
0.00029656
6.002e-09
1.1297e-63
2.3909e-14
1.1125e-43
1.0423e-14
1.2214e-50
1.6855e-26
6.4663e-21
6.3707e-32
2.8991e-26
0.00049025
1.9628e-50
2.4435e-14
1.6826e-38
8.0203e-57
8.8832e-51
0.00070399
1.1085e-20
2.4078e-44
1.131e-44
3.4049e-50
3.8663e-38
3.9304e-44
2.1299e-09
1.1297e-63
9.9857e-21
0.00070262
3.8553e-44
3.5026e-32
1.1248e-32
1.1297e-63
2.3243e-32
3.5762e-32
1.5357e-20
1.1297e-63
3.4002e-15
2.2007e-44
6.7201e-15
2.082e-14
3.7605e-38
1.1297e-63
0.00030986
9.6199e-32
1.1297e-63
0.00037201
0.00035581
1.5033e-26
2.4501e-20
1.7991e-26
3.0453e-09
1.1118e-14
8.7519e-57
2.1651e-20
0.0024253
3.2451e-20
1.6907e-44
1.1297e-63
1.8806e-26
0.0012926
1.9814e-20
4.3484e-26
1.146e-31
2.295e-09
1.8022e-20
4.7124e-15
1.3896e-09
1.7042e-09
2.1155e-26
9.586e-15
5.5786e-32
5.3182e-38
2.3705e-26
0.0014793
1.8971e-56
0.0013979
0.00036547
1.6318e-20
1.1753e-32
1.1297e-63
3.9159e-26
1.1297e-63
1.1297e-63
1.7644e-32
5.0541e-26
9.129e-15
1.6316e-44
1.1668e-14
2.8101e-09
1.6166e-56
2.1457e-20
5.7861e-21
2.6051e-09
1.6565e-20
4.6796e-38
9.0487e-57
3.4891e-38
2.654e-44
1.9742e-44
9.4532e-57
1.6386e-09
1.1297e-63
9.4992e-21
3.2459e-32
1.2813e-09
1.1875e-31
4.3572e-32
0.00074307
1.1491e-09
1.0564e-56
2.9354e-56
2.1015e-38
5.6267e-09
1.0474e-50
5.4983e-38
1.9362e-26
1.1297e-63
8.0841e-15
4.0785e-15
3.7765e-09
4.7368e-57
4.495e-57
0.00053592
1.1297e-63
1.3784e-50
0.00049922
1.9354e-20
0.00053336
3.2642e-09
1.1297e-63
5.4188e-32
2.8858e-26
1.1297e-63
2.1883e-09
1.3526e-14
4.0752e-26
3.5138e-44
2.5349e-09
5.0508e-15
3.1243e-32
1.073e-20
3.0412e-32
1.1297e-63
1.0143e-20
4.3732e-57
0.00097415
2.5054e-32
3.1586e-09
1.1297e-63
1.933e-50
5.2405e-32
4.9987e-09
0.00059459
0.00078806
1.917e-20
1.7533e-14
0.001316
0.004659
3.6088e-32
2.8656e-26
3.3138e-32
1.4343e-14
7.3623e-15
3.0266e-38
0.0005653
0.00035717
5.0953e-09
0.00053974
9.9572e-15
1.1297e-63
0.00066749
1.7081e-09
4.4516e-32
7.7358e-09
1.9865e-09
0.00078646
1.1297e-63
0.00050874
0.00051429
0.0051895
0.0012503
1.1297e-63
1.8346e-20
2.5403e-09
1.7984e-56
0.0013281
7.0005e-21
2.0434e-26
4.3524e-09
0.0013602
4.3758e-50
2.2051e-44
1.1297e-63
0.00064011
6.5053e-15
4.2813e-09
1.0769e-14
6.2883e-21
3.8761e-44
4.429e-09
1.1457e-20
2.3734e-09
4.1923e-09
1.6413e-20
1.1297e-63
3.5646e-26
1.2135e-20
1.4877e-50
1.6121e-44
0.00062859
6.9101e-15
4.1172e-38
0.00090746
3.2813e-38
0.001598
1.1297e-63
1.1373e-56
5.8557e-15
0.00043698
2.182e-09
1.1227e-09
6.7835e-09
1.0559e-50
4.0275e-09
0.0014458
1.1297e-63
0.00042451
3.3372e-09
1.9931e-26
5.9888e-32
2.0164e-20
4.8991e-15
2.0054e-20
8.2325e-15
3.0147e-20
1.1765e-14
3.4003e-57
6.1526e-50
4.7481e-44
0.00073304
0.00049499
5.502e-26
8.8886e-57
5.855e-09
2.6217e-09
1.1297e-63
9.997e-21
4.6387e-44
0.00089939
7.6154e-38
8.6931e-44
1.1095e-20
0.0031294
2.304e-44
3.7696e-26
9.765e-51
7.8434e-09
6.87e-32
9.8427e-38
1.1518e-20
4.011e-56
0.00077289
1.5965e-26
1.741e-20
0.0009789
0.00055422
4.9323e-38
1.8647e-14
6.5049e-09
0.00082665
1.4025e-50
2.4682e-20
0.00043108
2.3604e-09
2.3597e-44
1.069e-56
6.4652e-15
6.8135e-15
5.212e-26
6.0228e-15
6.1796e-09
2.3049e-26
1.1297e-63
0.00038133
0.00049623
1.4781e-56
1.1338e-31
5.2456e-15
2.8922e-32
2.6666e-09
0.00056775
3.5026e-26
1.0504e-14
2.9352e-32
4.878e-32
1.0402e-14
4.7354e-44
2.0931e-09
2.8329e-15
1.1297e-63
1.3944e-14
0.00072513
2.378e-38
1.0529e-50
1.1297e-63
1.1297e-63
3.429e-20
4.2952e-09
1.8224e-38
3.945e-44
2.594e-44
0.0013347
1.2326e-20
9.2584e-10
4.0796e-38
4.0544e-32
0.0012527
8.1446e-09
2.2591e-26
1.1297e-63
2.8968e-20
8.8562e-15
3.1345e-38
4.3958e-38
2.3771e-14
2.0441e-38
1.1297e-63
0.00025174
2.215e-26
1.1297e-63
0.00053009
6.087e-09
0.0006127
1.0568e-08
2.7738e-32
7.8186e-21
2.7331e-38
1.6403e-44
9.4204e-38
1.89e-32
1.0626e-56
9.8693e-44
1.2775e-09
1.838e-50
2.921e-20
3.7714e-44
0.0014569
1.1297e-63
9.5429e-51
1.1297e-63
6.5377e-15
0.00063846
1.2855e-20
1.0408e-50
0.00068401
4.7448e-26
1.3387e-14
8.2482e-51
2.6896e-26
1.0735e-20
6.6603e-38
7.7311e-57
0.0013338
0.00062039
0.0008187
2.961e-26
4.1445e-44
2.8444e-26
0.00055299
8.9346e-38
2.1066e-26
1.1319e-56
1.2669e-56
3.5655e-32
2.7042e-20
0.00034912
0.0014917
3.732e-15
2.3328e-20
1.4562e-56
8.9182e-57
5.1923e-26
2.74e-26
1.1297e-63
5.0122e-38
4.3429e-32
3.7215e-32
3.4996e-15
1.7502e-44
1.3061e-08
1.866e-09
1.1297e-63
2.8671e-20
4.596e-09
2.3605e-38
7.2507e-51
5.5508e-21
2.036e-09
2.9079e-38
2.3981e-09
5.7788e-15
1.9206e-44
7.3415e-38
0.0031972
4.8754e-38
5.2521e-57
3.4516e-09
1.1079e-14
1.1297e-63
1.0451e-56
8.8077e-38
6.2558e-15
1.5921e-20
1.4289e-20
8.897e-21
0.0008318
3.222e-09
4.142e-44
0.00068255
1.095e-32
2.4777e-32
1.4192e-14
2.3357e-44
9.0021e-21
8.1847e-21
2.4619e-26
4.9257e-38
3.3225e-09
0.0010824
6.0826e-09
7.6855e-51
3.5369e-26
4.1062e-09
1.2345e-20
1.1297e-63
2.6219e-32
1.1297e-43
9.1479e-21
0.00087135
0.00023043
0.0009677
1.1149e-14
9.6268e-44
3.5993e-50
1.2868e-32
0.00052489
3.2584e-50
7.4542e-32
7.7887e-45
3.894e-09
0.00068941
6.2635e-38
6.8138e-09
0.00068685
2.7713e-15
4.2631e-44
2.7453e-09
1.2292e-20
3.8002e-26
0.0004171
2.3399e-20
1.1297e-63
4.4505e-09
2.2282e-38
2.7992e-26
2.8437e-38
1.5223e-50
0.00046849
3.972e-32
9.3084e-33
0.00035203
0.0010384
2.0001e-26
2.6656e-20
3.8269e-26
0.00068239
0.00066859
0.0012459
2.1998e-38
1.4887e-26
5.468e-15
1.1297e-63
3.7207e-44
9.1698e-15
1.1297e-63
4.6548e-09
2.298e-38
1.1297e-63
0.00053312
1.4227e-32
0.001161
4.2671e-15
4.0577e-32
1.9306e-50
1.4638e-20
7.7081e-09
1.2551e-20
0.00042417
1.9964e-20
1.1297e-63
0.0012575
2.8313e-09
3.3288e-32
9.1979e-57
6.3368e-44
2.3009e-15
3.1847e-09
1.5181e-20
1.1297e-63
3.813e-44
2.2285e-32
0.0003029
0.00097017
1.1201e-20
3.9531e-09
3.3618e-38
2.8527e-32
6.8714e-32
2.6692e-09
1.5139e-26
3.4265e-44
6.8583e-20
2.8938e-32
9.9769e-15
2.3971e-09
4.9564e-15
9.3682e-15
5.8178e-21
7.8667e-09
2.771e-09
1.4429e-26
6.2562e-20
2.4951e-50
1.2782e-50
1.1297e-63
4.3371e-57
0.00072664
0.00088114
0.0011053
2.3826e-38
1.7461e-32
2.3666e-26
0.00055178
1.1297e-63
4.5256e-09
1.7102e-56
1.1297e-63
3.3536e-26
1.1297e-63
1.1297e-63
5.8794e-09
7.2475e-15
1.1603e-20
1.1297e-63
4.5246e-09
0.0015842
5.2562e-44
6.4239e-32
7.099e-57
2.5031e-26
8.5903e-15
6.351e-38
7.0239e-15
8.9397e-57
2.919e-09
1.296e-14
5.3156e-38
3.6342e-38
1.9902e-44
1.5047e-09
8.0487e-21
4.1259e-09
9.5655e-15
0.0012018
5.808e-57
9.8617e-15
1.1523e-20
0.0010973
0.00030948
1.3401e-26
1.0164e-50
1.0657e-37
5.7715e-09
3.2248e-09
3.0392e-44
7.4681e-26
6.5695e-26
1.5461e-32
3.6894e-09
3.2132e-20
4.0617e-26
1.1297e-63
9.0517e-15
5.9502e-15
3.3716e-20
4.7609e-15
0.00083437
2.0861e-09
8.66e-38
3.8772e-26
3.9159e-32
1.386e-50
2.8948e-09
3.584e-15
1.5503e-50
1.3643e-50
0.0011662
1.2065e-32
2.4997e-32
2.4599e-44
1.1297e-63
2.5808e-09
1.8739e-26
0.0005807
1.7762e-50
2.3307e-38
1.1297e-63
1.1297e-63
1.3747e-20
0.0028267
0.0014756
3.1027e-09
0.0033443
1.8489e-09
1.1368e-20
3.6832e-57
1.1297e-63
4.5687e-57
1.2046e-14
3.7671e-26
2.8329e-32
1.9872e-09
3.9899e-32
1.1297e-63
3.483e-32
1.1297e-63
1.2435e-20
0.00054221
0.00034538
2.5278e-09
1.1297e-63
6.5742e-15
2.3245e-32
4.1876e-38
5.2602e-09
1.0916e-08
0.00080474
5.8579e-15
1.8633e-14
8.3277e-21
2.6748e-32
0.00040216
9.0608e-15
5.107e-32
3.319e-26
2.5973e-09
2.6979e-38
1.2887e-20
1.7828e-50
4.5461e-21
1.5542e-20
7.9105e-15
3.8116e-15
1.1297e-63
4.0504e-38
6.4776e-15
1.1982e-20
0.00088771
5.0957e-38
2.3026e-26
1.1756e-20
7.3244e-51
2.6446e-09
1.1297e-63
1.0736e-14
3.1108e-32
0.00028459
1.1297e-63
0.00078285
4.4626e-15
5.4936e-26
1.5163e-44
1.1297e-63
1.2492e-50
8.517e-15
0.00072756
0.00041865
3.4609e-26
4.4884e-09
3.1651e-15
6.0085e-21
3.1583e-09
7.5483e-57
0.00082388
3.2498e-09
8.6417e-45
2.9386e-26
2.362e-26
1.1297e-63
2.5459e-32
1.1297e-63
2.1187e-38
2.2686e-09
2.4945e-14
1.1447e-20
2.173e-09
2.2483e-44
3.3819e-26
7.9918e-26
1.0158e-37
4.5278e-20
1.1297e-63
1.1297e-63
1.2197e-26
2.683e-20
1.1297e-63
3.533e-20
1.1562e-14
3.413e-09
6.2759e-09
2.2034e-50
2.4217e-26
8.5141e-26
1.91e-26
1.5393e-44
1.9618e-14
2.6143e-14
1.8339e-20
2.2756e-50
0.0009069
0.0016057
2.7367e-26
0.00071482
3.02e-38
1.1297e-63
9.0294e-21
5.5694e-38
1.9421e-44
1.8653e-26
0.001318
5.5191e-26
1.5449e-08
0.0030078
0.00042239
0.0011356
4.5844e-26
1.9977e-20
0.00056166
1.1297e-63
2.8208e-32
0.0006862
1.1129e-14
1.539e-32
2.6135e-26
3.3844e-50
0.00062964
0.0011123
1.8964e-26
1.5586e-14
1.6713e-20
1.1297e-63
1.4601e-14
0.00033358
4.5935e-09
3.3447e-09
2.498e-26
0.00074748
1.8487e-50
1.6707e-32
6.7409e-32
2.7894e-09
7.781e-57
1.6276e-44
0.00079597
4.5548e-38
3.2514e-32
8.5319e-21
5.8488e-15
2.2161e-14
9.0878e-51
4.9323e-32
2.2717e-20
2.3351e-09
0.0005655
1.6131e-20
1.7322e-20
2.9804e-26
1.1297e-63
2.942e-20
5.5665e-26
3.1606e-57
0.00044249
0.00053903
3.3386e-09
3.0133e-20
2.559e-14
2.4149e-44
3.5451e-20
0.00094061
2.605e-26
3.5757e-32
0.00079512
0.00036621
1.1297e-63
1.1297e-63
2.1067e-09
0.00051861
0.00052643
1.1297e-63
0.00088032
2.7205e-50
1.1952e-14
3.4246e-38
5.8477e-32
3.3449e-26
4.1343e-32
4.1226e-09
1.4464e-14
0.00058357
1.104e-20
2.8248e-26
7.5709e-15
0.00058381
1.1297e-63
7.8685e-32
6.0746e-15
3.1092e-09
0.00062453
2.4818e-44
5.1748e-38
1.1297e-63
2.8764e-38
3.9644e-32
8.4349e-38
0.0014619
2.4023e-44
0.00057397
3.3659e-38
0.00062894
1.1831e-20
0.00074634
2.5263e-09
7.4389e-27
0.00097419
1.1147e-56
0.0010367
2.573e-09
1.7161e-32
0.0016082
7.0844e-38
0.0010972
5.3378e-57
1.8346e-09
1.1297e-63
3.3245e-38
8.7865e-15
1.382e-09
1.1042e-25
7.8306e-15
1.113e-08
1.2457e-31
2.8778e-26
1.0209e-14
8.7701e-21
1.4554e-38
1.3133e-26
0.00051671
9.2584e-21
1.631e-09
1.1297e-63
4.1529e-32
1.3686e-20
8.2774e-21
1.0867e-37
1.1297e-63
0.00049373
2.1059e-09
2.3408e-20
0.0012109
5.6333e-09
2.6165e-50
9.1366e-21
3.7722e-20
1.7161e-38
0.00087161
2.1795e-20
2.7333e-20
1.1297e-63
0.00044354
2.3561e-20
0.00097078
0.00024585
8.4156e-15
3.2751e-26
1.1376e-20
2.1997e-09
3.1023e-50
8.261e-15
1.9141e-14
0.00084901
0.00091633
1.0972e-20
1.1499e-26
1.3406e-20
0.00074252
4.4998e-20
1.3039e-32
0.00066116
2.8113e-44
1.4479e-26
5.9597e-38
0.00040563
3.3255e-44
1.9474e-20
9.649e-15
6.2416e-38
2.0523e-32
8.4572e-15
6.2558e-21
7.2245e-44
4.4308e-44
7.8853e-15
2.6931e-09
2.5989e-14
9.881e-27
1.1297e-63
2.0909e-20
4.038e-44
3.6452e-57
2.1905e-56
3.4855e-09
1.837e-09
9.2526e-15
1.1773e-32
8.1578e-57
5.9856e-26
5.1125e-32
9.3296e-38
9.0761e-38
1.783e-20
1.3369e-09
5.1803e-26
0.00061092
1.1297e-63
1.5657e-20
9.3073e-44
1.8192e-44
1.1297e-63
5.1143e-26
0.00080142
0.00059707
3.4553e-44
1.4105e-50
2.6062e-32
3.6675e-32
4.7565e-44
3.1462e-50
5.5559e-38
7.2442e-21
9.5079e-38
2.3234e-32
1.1297e-63
1.1297e-63
1.2886e-50
8.8744e-44
2.8922e-44
0.00084377
3.8196e-09
1.1297e-63
1.1297e-63
3.4276e-20
1.9662e-56
4.4906e-38
6.9152e-21
4.1296e-09
0.00084917
3.5145e-20
0.0011361
5.2394e-09
2.1531e-20
0.0014327
2.2878e-32
0.00030788
9.9171e-21
1.5129e-32
1.0544e-14
5.208e-32
3.7802e-09
2.1224e-20
2.4258e-20
1.8408e-09
2.7914e-32
0.0016063
2.4066e-26
0.0011002
7.2431e-38
4.255e-09
1.1297e-63
4.0216e-44
1.1297e-63
1.8316e-32
1.8535e-14
1.8597e-44
9.1651e-57
3.3574e-26
0.00065677
3.4094e-38
3.0099e-38
8.3025e-21
3.0803e-26
1.1297e-63
6.049e-26
2.5278e-32
1.1297e-63
0.00053771
1.5218e-09
1.1055e-14
0.00042405
1.0956e-14
0.00063775
3.0392e-38
3.1423e-32
3.7182e-09
0.00045637
1.5996e-14
3.7441e-20
1.1297e-63
1.1297e-63
8.9915e-57
2.1575e-38
3.9425e-50
1.209e-50
5.995e-21
4.5946e-32
9.0765e-15
3.9888e-09
6.6745e-26
1.1114e-20
1.9456e-20
1.5066e-20
9.4649e-21
0.00048613
1.8872e-44
4.406e-09
0.00089458
2.1315e-50
1.0037e-50
2.079e-26
0.00055286
4.8513e-09
0.0012758
0.00040515
1.6677e-38
1.2533e-20
3.2269e-50
3.3243e-09
3.4758e-09
3.3892e-09
2.4459e-26
1.1297e-63
8.3514e-09
2.9036e-26
1.1297e-63
4.0329e-38
2.7216e-09
7.7963e-51
4.0063e-38
6.5943e-09
7.0268e-57
3.4075e-44
9.478e-21
2.5294e-26
6.4148e-15
6.7708e-50
2.4103e-20
6.6264e-15
1.0728e-14
0.00055185
1.6414e-26
6.2401e-21
9.8788e-15
1.7317e-14
0.00062958
1.4461e-09
8.711e-26
1.8991e-09
1.351e-56
2.7459e-26
1.1852e-20
5.2146e-26
3.9494e-38
1.1297e-63
6.4732e-15
1.5741e-26
3.0072e-50
0.0011637
1.511e-09
6.4903e-57
1.0917e-26
3.8024e-09
1.1297e-63
3.435e-09
9.6574e-51
0.00091912
6.3736e-09
0.00074294
2.4063e-09
1.1297e-63
3.3083e-15
1.0449e-20
4.1522e-32
1.5514e-14
3.4541e-32
4.6825e-57
1.1297e-63
2.8357e-38
0.0012586
1.1297e-63
1.0343e-26
0.00087913
1.0594e-56
6.4064e-26
1.181e-09
2.332e-38
4.1157e-09
0.0009114
2.798e-44
0.00027489
0.00047674
6.0202e-32
0.00080148
1.3174e-14
1.467e-50
3.4113e-50
1.5669e-44
5.0913e-15
4.5738e-21
0.0034077
1.1297e-63
1.2025e-50
8.8715e-38
1.7334e-32
5.522e-15
7.0957e-44
1.5128e-20
5.1697e-38
4.2667e-44
1.1297e-63
1.8944e-09
6.4918e-57
5.1128e-38
7.5137e-15
0.00041325
2.8292e-09
5.9345e-15
2.004e-50
0.0025511
1.1297e-63
1.2861e-26
2.022e-20
1.6538e-09
1.9364e-14
5.1026e-09
4.1558e-44
1.8541e-20
8.11e-15
0.00075016
1.2727e-09
1.6968e-20
3.9366e-26
1.1297e-63
0.0013736
2.3764e-20
5.7646e-26
2.8902e-20
6.5932e-38
3.2237e-26
2.962e-15
8.2183e-15
1.3688e-50
3.7937e-09
4.5439e-09
1.1297e-63
2.2724e-50
6.6475e-57
1.0022e-20
2.7811e-09
0.00071074
7.5002e-09
1.9046e-26
1.843e-37
4.6591e-09
0.00026118
0.0010599
9.2873e-10
1.8714e-09
1.0816e-26
1.3053e-09
1.997e-20
0.00080035
1.1297e-63
0.00072906
4.3119e-20
9.1279e-21
2.6759e-44
0.0012693
3.6697e-44
0.00037603
3.2239e-32
0.00097001
0.00097197
5.2149e-32
0.00086573
1.1297e-63
5.8867e-09
2.421e-20
1.1297e-63
0.0010931
7.5819e-15
5.7511e-51
2.779e-20
1.7235e-50
1.4474e-32
2.2792e-44
5.5023e-32
2.2652e-50
1.9949e-09
1.0585e-14
2.4114e-26
1.4498e-32
4.8367e-15
0.00048249
0.00051424
2.8845e-09
1.1289e-20
6.9787e-21
6.0428e-38
2.553e-38
2.5225e-44
0.0010931
1.1297e-63
2.7461e-09
0.00030814
1.1297e-63
1.1297e-63
9.153e-45
3.6861e-38
2.677e-09
3.2499e-09
1.4371e-50
4.894e-09
1.1297e-63
1.1297e-63
1.9567e-32
2.4045e-20
4.2481e-32
2.3374e-44
6.6833e-38
8.7854e-15
2.1187e-09
2.5968e-09
2.2118e-26
0.0027525
1.1264e-43
5.1136e-44
0.00043069
7.5786e-51
1.7404e-44
0.00073107
1.1297e-63
3.5142e-38
0.00071803
2.9014e-32
1.8143e-44
5.7047e-15
4.2098e-09
9.7162e-15
2.0487e-20
5.0071e-38
0.00054915
2.6582e-09
1.1297e-63
0.0010661
1.8828e-32
1.6884e-09
3.6242e-09
0.0007295
2.9275e-09
0.0003824
5.8488e-15
1.7366e-38
1.9908e-44
3.4295e-14
6.1562e-09
1.1297e-63
5.0326e-32
3.0791e-09
1.1297e-63
5.4947e-57
9.1133e-32
7.5181e-09
0.00090721
1.1372e-56
1.0244e-08
4.9505e-15
1.864e-32
2.1001e-25
6.5727e-26
2.5246e-38
0.00068881
2.0348e-50
1.1297e-63
2.7366e-09
1.1297e-63
1.81e-44
0.0027231
6.1738e-44
2.6149e-26
2.2852e-09
8.9988e-15
4.9297e-57
0.0011124
1.211e-32
1.9395e-20
3.2635e-32
1.3684e-20
7.7172e-26
1.1297e-63
2.0369e-20
0.00064608
9.9736e-21
6.7584e-15
9.695e-21
4.0796e-32
0.00096193
0.00059817
5.4757e-15
3.3853e-38
1.3618e-14
1.1297e-63
1.3749e-20
9.9601e-09
0.0002327
8.6344e-21
0.0012447
1.1091e-37
9.5229e-57
2.2711e-09
5.0231e-32
7.2628e-15
2.307e-50
2.7864e-15
0.0011202
5.0111e-44
6.8744e-15
0.00078006
1.1297e-63
0.001149
5.436e-38
3.526e-09
0.0025966
3.8834e-26
0.0016594
2.9304e-50
0.00066063
0.0014508
3.0296e-14
1.1297e-63
2.1136e-20
0.00055556
2.6017e-09
3.3579e-09
3.6722e-32
1.1297e-63
6.967e-21
0.00085692
1.1035e-14
1.9383e-14
2.8113e-32
0.00046869
8.6104e-26
7.9211e-21
5.6971e-26
1.1297e-63
0.0016436
1.4815e-50
4.0176e-26
5.1292e-21
0.00085557
1.0871e-20
2.8106e-44
3.8535e-09
5.9655e-51
4.4483e-26
4.1956e-15
1.1297e-63
1.1297e-63
5.3229e-38
0.0019642
9.3894e-15
1.1297e-63
2.3012e-26
1.6718e-14
7.4561e-32
1.4015e-50
1.6075e-14
7.6537e-15
0.001062
1.5762e-26
2.7646e-44
1.8675e-56
1.9753e-57
5.1982e-09
0.00055152
0.00060247
3.9396e-26
0.0026723
1.1209e-14
1.768e-09
3.2008e-50
2.5673e-44
0.00070445
9.9492e-57
6.9287e-15
5.0082e-57
0.00067726
1.0614e-20
2.1157e-20
2.8723e-20
3.4246e-26
2.6583e-38
2.1745e-09
0.0020151
8.6319e-15
4.2058e-44
1.5798e-50
1.711e-20
3.205e-09
1.1123e-37
3.0529e-32
4.5552e-09
1.2408e-20
3.2795e-26
8.0469e-21
1.7082e-32
8.118e-32
1.1297e-63
0.0003714
8.5378e-15
1.6753e-09
8.9608e-32
2.9059e-38
6.4032e-21
3.0328e-38
2.5378e-26
7.6712e-21
2.6307e-26
1.1297e-63
3.1333e-09
1.3053e-20
1.368e-50
1.5372e-44
2.681e-38
3.6404e-15
3.2422e-20
1.1297e-63
9.226e-21
3.8436e-32
1.7785e-26
0.00093531
1.6396e-44
1.1799e-56
5.3736e-38
2.3122e-09
9.5736e-21
1.093e-20
2.3955e-14
2.5932e-14
2.1503e-44
1.8069e-26
1.1222e-50
5.7788e-09
2.9988e-09
3.5716e-38
9.6866e-10
7.6815e-09
1.9453e-26
3.2703e-20
0.0014245
0.0002736
8.3492e-21
1.1896e-14
4.3728e-26
2.4624e-44
1.905e-09
1.8742e-44
1.1297e-63
2.6336e-38
2.0534e-50
0.00043207
0.0015564
2.9987e-50
2.1644e-15
4.4574e-15
8.2985e-21
5.4064e-44
3.8287e-32
1.9848e-09
8.9488e-15
3.4846e-38
1.7339e-20
1.9781e-44
2.2079e-32
1.3465e-25
5.2394e-15
3.5461e-26
3.2945e-38
7.5615e-21
0.0010684
6.4079e-15
0.0010519
2.6048e-09
2.8194e-20
1.1297e-63
4.9214e-44
0.00081714
0.0014345
0.00054993
4.8316e-09
1.8169e-09
2.7875e-26
6.7927e-15
0.00070311
1.1297e-63
1.5687e-14
9.3507e-15
1.2809e-14
2.68e-09
0.0014672
1.8045e-38
1.8429e-44
6.3226e-09
5.2255e-26
1.164e-20
3.0426e-26
9.0166e-15
1.1297e-63
0.001085
1.1297e-63
4.5519e-44
4.0271e-32
2.7887e-32
4.9516e-57
4.0654e-09
5.3834e-44
2.4523e-14
1.8897e-44
1.5768e-32
1.1297e-63
1.1297e-63
0.0010373
2.5102e-44
9.7566e-21
1.9731e-32
3.0869e-15
1.773e-09
3.0881e-32
4.1445e-09
7.94e-21
2.7367e-32
3.4584e-15
2.7016e-09
6.5753e-09
3.2243e-38
2.4403e-09
1.4956e-26
6.0377e-09
4.0829e-32
3.6948e-26
1.0694e-14
9.4645e-15
6.6566e-21
2.991e-26
1.0884e-56
3.7317e-38
4.9757e-09
2.7086e-44
0.00074002
7.9404e-09
0.0010452
3.6631e-50
6.1803e-15
0.0004559
1.2207e-20
2.855e-44
7.2919e-09
0.00039592
5.448e-38
5.1219e-44
2.2439e-26
3.3117e-44
1.4111e-32
0.00047987
4.6836e-09
1.1079e-56
6.9371e-32
7.3667e-15
7.2653e-15
1.2346e-20
0.00084209
1.1297e-63
8.5309e-15
1.7928e-50
3.5474e-38
1.8009e-14
1.358e-26
3.8922e-38
1.4387e-44
3.7692e-38
3.4838e-20
2.6103e-44
2.5148e-38
1.3228e-50
2.2195e-32
1.6368e-14
1.4895e-20
1.0054e-20
3.0721e-32
9.0735e-10
7.1297e-21
1.0781e-20
2.1807e-26
2.4736e-32
1.1297e-63
0.00020341
1.1297e-63
3.1048e-32
3.0723e-09
1.1875e-20
4.0873e-32
6.2872e-21
6.0494e-15
1.4149e-20
3.0632e-26
3.0169e-09
1.1471e-56
1.1297e-63
7.4524e-21
1.7198e-14
1.839e-26
4.2612e-26
0.0015822
4.8488e-20
5.1347e-38
1.7353e-20
7.2081e-57
4.429e-38
3.5855e-32
0.00087571
4.1883e-32
1.5552e-09
0.00059778
0.00074657
0.0015439
0.00060935
0.0014671
2.8165e-20
1.1297e-63
6.39e-44
6.6796e-09
1.4291e-50
1.2686e-20
0.00092294
2.2509e-50
6.8776e-26
5.5724e-26
0.0017961
0.0020341
0.00041246
1.1297e-63
1.1297e-63
1.4769e-09
7.6348e-26
5.8189e-09
8.645e-15
3.9115e-26
2.8198e-32
3.1632e-09
2.644e-50
4.4939e-38
0.0018195
1.2025e-20
1.5954e-44
3.6646e-09
1.1297e-63
1.0714e-50
1.1785e-56
1.0223e-14
3.2728e-44
2.4789e-09
0.00055346
0.00059649
1.5628e-44
2.0653e-26
3.9651e-09
3.1246e-09
9.5436e-15
0.00085903
0.0026794
5.0282e-26
4.3703e-57
4.104e-26
2.6126e-50
6.9995e-44
3.7255e-44
1.0648e-14
3.0493e-32
4.3575e-38
5.1066e-38
4.7062e-15
3.3115e-38
1.2153e-26
1.582e-14
5.471e-15
1.1297e-63
9.3854e-15
0.0016037
1.1915e-20
1.5695e-20
1.2091e-50
2.5157e-26
1.7028e-50
3.8535e-57
7.1793e-21
4.5008e-38
0.0004446
0.0022894
2.6921e-32
4.2784e-57
1.4844e-09
2.1645e-15
5.7124e-32
2.8102e-32
3.9078e-20
3.1151e-32
9.1881e-15
0.0019748
2.7496e-26
1.1931e-37
0.0022233
3.1432e-32
0.00038653
3.107e-09
1.1006e-14
0.0010408
2.3561e-50
5.6391e-38
2.3014e-26
3.4882e-26
1.0814e-26
1.6383e-14
8.1038e-32
1.2711e-56
3.3375e-09
3.7729e-26
7.4936e-21
8.3722e-38
1.1297e-63
9.3099e-57
2.8499e-09
4.9531e-09
2.2479e-20
2.875e-44
1.1297e-63
3.9144e-38
0.0013035
3.0248e-38
3.8309e-14
2.231e-09
1.1297e-63
3.7528e-26
1.1297e-63
2.8077e-38
2.1928e-09
2.2201e-09
0.00050719
3.8783e-26
1.1297e-63
3.4742e-38
6.6698e-38
7.8328e-21
0.00081828
8.8642e-15
4.4731e-20
6.2409e-15
3.5301e-09
1.3659e-14
1.1297e-63
4.6686e-44
7.7467e-15
3.7984e-32
0.0013832
0.0011929
1.5639e-44
1.1297e-63
1.7758e-37
1.1297e-63
5.2952e-26
0.0017501
2.4976e-26
4.0143e-20
3.5378e-32
3.6562e-44
1.2096e-14
7.8609e-21
8.8591e-51
1.2823e-31
1.0703e-31
3.3714e-26
2.2435e-44
3.5583e-09
5.1136e-44
1.7821e-50
4.8754e-15
6.4229e-09
2.0205e-20
0.0010643
4.0851e-26
0.001481
5.8729e-38
1.1297e-63
3.3378e-38
0.00035062
0.0015402
1.1297e-63
5.2529e-38
7.9626e-32
1.9576e-50
3.9735e-38
1.8691e-14
1.1297e-63
0.00058537
0.0026288
5.7532e-26
1.1297e-63
7.2267e-15
1.1297e-63
1.1297e-63
5.1405e-57
7.4561e-38
2.6275e-37
3.1722e-38
8.9437e-32
0.0016045
1.1297e-63
1.6097e-26
3.1576e-32
8.7318e-15
1.4672e-38
1.7135e-20
2.1135e-44
1.1297e-63
2.0758e-50
3.9779e-44
0.0018242
1.6309e-14
4.5348e-20
8.3821e-44
1.5226e-20
1.1297e-63
8.6023e-15
2.2665e-20
4.7933e-50
1.0086e-37
6.192e-21
7.0206e-57
1.1297e-63
0.0006399
1.1297e-63
1.3851e-20
2.6679e-09
0.0013664
5.3185e-26
0.00076064
2.9989e-32
0.00061283
3.4136e-26
8.7953e-21
3.9808e-38
0.0012139
0.00071764
2.748e-09
3.0643e-44
4.9815e-09
1.1297e-63
9.2238e-32
5.3535e-15
1.1297e-63
5.7886e-44
2.8737e-09
8.8339e-57
1.1297e-63
3.9771e-32
7.3244e-15
1.1297e-63
0.00181
1.2101e-50
2.2762e-50
6.8627e-21
6.7077e-44
2.7691e-09
3.2161e-38
1.0977e-50
3.1166e-38
0.0030318
4.6387e-15
2.1207e-09
9.505e-26
5.0654e-15
1.5502e-20
2.4532e-20
1.1297e-63
2.6434e-20
1.3397e-20
1.7843e-32
0.0029408
2.1364e-50
1.0785e-20
2.9233e-38
7.7008e-38
1.1297e-63
1.1297e-63
0.00052503
1.1297e-63
7.0268e-57
1.6948e-26
2.9585e-44
0.0010563
1.5246e-50
1.4391e-50
3.3683e-15
2.2233e-44
4.0439e-32
6.1449e-44
3.6102e-15
3.8094e-26
4.7481e-32
1.7423e-20
2.2834e-26
3.5721e-32
1.8384e-38
1.1297e-63
1.0801e-50
0.0023937
1.9846e-14
1.6277e-09
0.00062052
3.3986e-26
1.405e-09
0.0006281
1.7181e-14
6.1705e-15
2.9107e-14
8.9083e-15
4.6343e-32
1.0203e-14
1.7939e-09
2.7696e-32
4.0617e-26
2.2256e-26
3.62e-15
1.5563e-20
7.7617e-15
3.2456e-38
4.3455e-32
1.4693e-09
4.2984e-32
8.9838e-21
4.3364e-15
0.00052749
0.00065452
2.7771e-44
9.4791e-57
0.0003678
0.00055854
1.5399e-14
2.423e-20
7.5053e-27
5.673e-32
6.2379e-09
0.00060413
2.0476e-32
5.0041e-26
0.0030816
0.00082613
4.8809e-09
3.23e-09
0.0013012
0.0004839
3.0273e-38
4.1223e-44
0.00048353
1.5239e-25
4.4283e-09
5.0158e-09
1.476e-50
1.1297e-63
1.7433e-20
3.1682e-09
3.6602e-20
4.6234e-09
1.1297e-63
1.8178e-20
4.797e-09
2.7473e-44
2.0909e-32
1.9629e-32
3.019e-09
1.4788e-44
1.3277e-14
4.693e-19
5.0435e-09
1.4437e-09
9.1983e-15
6.758e-15
8.8879e-09
2.2468e-32
4.2339e-38
2.2374e-38
4.0348e-38
7.8707e-38
1.1297e-63
1.2311e-20
2.9208e-26
1.4037e-14
1.1297e-63
1.0251e-14
0.0017181
2.2033e-32
5.8211e-32
3.37e-20
1.0431e-20
8.2125e-38
1.0694e-08
4.9144e-26
2.971e-38
3.7087e-44
3.5693e-15
1.8821e-50
3.6343e-09
4.1788e-38
1.1297e-63
2.7053e-09
3.6298e-09
1.1297e-63
0.0013403
1.4802e-20
0.00029355
0.00076635
2.7285e-38
1.4542e-14
2.9534e-09
1.4744e-26
2.3518e-20
0.001624
0.0006786
1.1297e-63
6.5341e-57
0.0026233
3.0354e-09
1.1297e-63
0.00039521
4.3597e-09
0.00066926
0.00098233
0.00052649
2.5657e-20
5.1263e-09
1.9153e-09
0.00066269
4.0479e-32
4.3495e-09
6.6814e-15
1.0236e-09
3.4605e-32
1.1297e-63
0.0018443
1.9847e-09
2.6639e-15
0.002687
2.4384e-32
7.9637e-38
2.3467e-32
0.0015344
1.1297e-63
1.7301e-32
1.6815e-56
3.2274e-32
1.8141e-44
9.7709e-21
1.0669e-50
9.0261e-44
4.4297e-44
1.5634e-09
4.5723e-32
0.00078721
2.352e-50
1.3663e-31
0.0012642
1.5944e-50
9.8011e-32
1.3452e-14
6.1723e-32
0.00067213
7.4418e-21
0.00082191
1.0633e-09
0.00059844
8.2872e-15
0.0016853
8.4375e-21
1.9182e-26
3.8269e-09
2.962e-09
3.4903e-32
5.8127e-38
3.482e-44
1.5734e-09
1.9284e-32
5.4039e-09
1.7981e-09
0.0008045
1.9321e-20
2.9713e-57
0.00081382
1.9494e-14
1.7928e-20
2.0919e-14
9.0039e-15
2.5228e-26
4.0048e-32
9.4579e-44
8.4207e-20
1.4418e-20
1.1297e-63
1.2493e-20
7.3846e-15
3.3555e-32
2.8293e-26
1.1297e-63
3.172e-26
0.0010845
2.1549e-20
1.1297e-63
2.7744e-26
1.1285e-56
3.0817e-44
0.00060043
6.3131e-38
5.9017e-15
8.5378e-15
2.0542e-20
2.7808e-32
0.00079727
5.034e-15
1.1297e-63
1.1297e-63
0.00029381
1.6779e-09
0.0011728
1.1593e-20
1.9927e-09
1.1297e-63
1.0304e-14
5.9312e-15
0.0019765
4.5752e-09
1.1297e-63
1.3815e-50
3.9859e-14
2.6718e-26
0.0010872
1.9545e-32
7.2923e-32
1.1809e-32
2.7738e-15
2.5051e-09
1.1297e-63
0.0017367
0.0034244
2.4144e-14
0.00055336
2.1457e-14
2.6899e-09
2.0502e-38
6.9579e-09
8.9886e-32
2.8261e-38
1.86e-38
3.4161e-57
1.1297e-63
8.2464e-57
7.0275e-21
9.2964e-21
9.4685e-44
0.00082397
7.6362e-21
1.8429e-26
5.7427e-26
7.5753e-26
0.0017828
5.7303e-15
3.1237e-09
1.7389e-38
7.5119e-45
6.9681e-32
1.1539e-20
0.0047733
6.1231e-15
4.0052e-32
1.4495e-09
3.8889e-09
6.1289e-44
2.7562e-20
4.1267e-15
1.1297e-63
2.7237e-38
1.3526e-14
0.00039829
3.2176e-26
2.512e-44
1.1297e-63
1.1297e-63
3.2799e-44
4.7952e-44
9.3004e-44
2.3661e-38
3.0443e-09
2.469e-09
0.001772
5.1358e-32
1.8954e-50
1.4957e-50
1.5159e-20
6.8466e-57
5.1526e-44
1.1297e-63
1.8487e-26
5.4578e-15
4.7671e-32
0.0021258
2.6245e-50
5.8214e-26
0.00057327
1.5656e-38
1.1297e-63
1.1297e-63
8.6166e-21
1.517e-44
6.7744e-32
5.9053e-15
4.1584e-09
2.7411e-38
2.5746e-20
4.3185e-32
2.483e-09
1.1297e-63
1.0827e-14
0.0008776
4.4425e-32
3.9173e-09
4.6664e-09
1.1297e-63
0.00053544
2.4245e-32
0.0012246
2.2018e-44
1.1297e-63
1.1827e-14
8.2522e-51
0.0013758
4.7525e-57
0.00053247
5.5811e-15
5.0855e-32
1.1297e-63
7.4863e-57
0.00062622
1.6804e-44
0.0010835
0.0011956
9.3795e-21
2.1886e-26
4.5844e-44
2.5038e-50
0.00077901
1.7345e-20
4.0245e-38
1.1297e-63
7.8262e-26
9.4503e-21
4.51e-32
0.00089827
1.7769e-20
1.1297e-63
1.485e-20
1.207e-14
1.1297e-63
8.5425e-15
4.6095e-09
0.0003992
1.0378e-20
1.5439e-20
1.1297e-63
1.5422e-25
0.0013244
3.0093e-08
1.0741e-14
4.2415e-38
2.1535e-14
0.00044983
7.9448e-38
1.795e-32
2.1417e-26
1.9891e-14
0.0004063
6.5272e-15
2.7763e-50
2.6242e-09
1.0284e-44
1.5824e-14
0.00070247
0.00040377
1.1297e-63
7.025e-21
2.7386e-26
0.00078696
0.00096626
3.2074e-09
4.2696e-32
1.1297e-63
1.6979e-32
3.6407e-38
1.1297e-63
6.0684e-57
1.6983e-26
8.9123e-15
7.2165e-09
6.8094e-32
2.9434e-32
7.0844e-09
6.4298e-15
0.0017564
1.6146e-09
7.1431e-32
7.4269e-15
0.00039917
2.7325e-26
1.1297e-63
4.1248e-50
1.0003e-14
1.1297e-63
1.4984e-20
1.1297e-63
4.7219e-15
3.5652e-09
4.2032e-15
9.8376e-44
3.9808e-32
2.0761e-14
1.1813e-14
6.5589e-21
1.404e-44
0.0010076
1.6856e-50
5.7999e-15
4.4272e-15
3.4209e-44
1.3575e-14
2.4848e-50
2.5461e-20
4.7281e-38
1.1268e-20
5.5807e-15
1.6585e-26
0.00077211
2.6991e-15
6.766e-21
7.1989e-44
2.3676e-26
6.3426e-15
7.207e-57
6.8073e-21
1.1116e-20
3.5476e-26
3.7886e-57
5.3692e-57
1.616e-44
1.9844e-09
1.1297e-63
1.9077e-44
3.5801e-38
1.0141e-26
1.5286e-20
1.1297e-63
1.1754e-37
7.9444e-21
4.9403e-38
3.2174e-09
5.398e-21
4.169e-09
1.1536e-08
0.0008692
1.1297e-63
8.3321e-15
2.5025e-15
6.9364e-21
0.0003445
8.4506e-21
5.0643e-44
1.6836e-20
8.3788e-38
3.8575e-44
3.3422e-09
1.9082e-09
1.061e-20
3.4953e-44
4.0008e-09
4.8112e-38
4.3086e-15
1.5598e-26
1.6495e-50
2.429e-50
3.9862e-15
1.1297e-63
1.1297e-63
7.0669e-15
1.4753e-44
5.9739e-38
0.00084
2.755e-26
6.3536e-21
5.3105e-15
2.4992e-38
1.5723e-20
3.1174e-09
0.00064851
0.00041093
1.1297e-63
2.1226e-09
3.58e-15
0.0061768
2.0126e-14
1.1297e-63
1.0337e-14
6.6741e-38
2.0283e-14
1.4651e-50
0.00092382
8.2497e-15
4.4556e-09
3.5367e-20
2.2558e-09
9.6757e-15
2.3064e-26
1.1297e-63
3.7539e-09
9.3113e-38
1.4693e-56
2.1958e-44
1.9875e-32
1.1426e-31
6.4017e-32
0.00050138
1.1297e-63
2.8766e-09
2.7176e-09
1.4249e-20
4.7638e-44
1.1297e-63
1.1297e-63
4.5523e-44
2.4898e-20
5.4414e-38
4.0617e-09
5.797e-15
0.00052595
2.9706e-50
3.0022e-38
1.4407e-26
1.1297e-63
3.6301e-09
3.4857e-38
9.749e-21
4.561e-09
6.971e-21
3.5771e-32
3.863e-32
5.1136e-57
4.1989e-32
0.0020047
3.5298e-15
1.1297e-63
0.00080306
4.2525e-09
1.1297e-63
1.6118e-20
6.603e-38
0.0010461
0.00068356
1.5642e-14
5.4958e-32
6.3798e-21
4.6052e-26
1.3822e-50
2.4703e-50
3.2276e-57
9.6239e-15
1.4022e-20
1.1818e-20
7.5892e-38
8.0217e-51
1.1297e-63
2.3428e-26
1.2026e-26
2.298e-38
5.5122e-32
5.2605e-15
3.595e-38
1.1738e-20
2.7563e-20
2.2661e-32
2.4762e-09
1.8039e-09
1.5555e-14
0.00054247
0.001596
3.7798e-44
5.8185e-44
1.171e-20
1.1297e-63
2.5674e-09
7.6745e-21
1.0089e-20
5.6584e-15
4.7503e-20
4.1383e-50
5.1322e-15
2.0803e-50
3.3723e-44
0.0018261
1.6433e-56
7.9386e-15
1.4464e-50
5.5392e-15
0.00088213
1.4009e-26
1.1297e-63
6.4331e-38
3.1187e-50
1.6526e-31
2.3982e-38
4.2569e-09
4.0523e-44
6.0924e-50
3.7043e-44
0.00064855
2.5552e-32
4.6103e-09
3.6711e-38
1.1297e-63
0.00097648
1.9018e-50
6.0188e-26
0.00083468
6.8576e-15
3.4858e-09
1.38e-14
9.6221e-15
1.1297e-63
4.2091e-20
1.5129e-31
1.66e-20
2.9553e-44
3.7999e-32
4.1912e-32
1.1297e-63
1.6839e-50
2.4395e-44
2.228e-26
1.1297e-63
3.4719e-38
5.9072e-15
1.1297e-63
1.1297e-63
2.4098e-20
0.00081505
7.8974e-21
3.8167e-09
4.1332e-38
4.8783e-09
0.0011224
4.917e-38
8.1486e-38
2.5338e-26
0.0004997
4.5705e-38
1.1297e-63
0.0013577
1.2437e-20
0.00082093
0.00053176
2.2768e-32
7.4852e-32
9.1107e-15
3.2719e-09
0.00064467
0.0018445
1.907e-20
4.4706e-15
1.1899e-56
4.7802e-15
0.00086452
2.3694e-44
7.9524e-51
0.00064884
0.00058487
8.5462e-38
4.8061e-38
2.8135e-26
0.00088446
2.3849e-38
4.2361e-50
4.0307e-15
2.6492e-26
2.8549e-09
4.0012e-15
2.9345e-44
1.1297e-63
1.1297e-63
0.0011745
4.7736e-44
0.00094199
4.2346e-09
0.00057296
0.0011746
2.1375e-44
5.0643e-38
4.4122e-38
1.7085e-56
9.1695e-15
0.00096898
9.9999e-09
8.9867e-32
3.5813e-50
3.1344e-09
4.0107e-09
1.0568e-31
1.7743e-20
2.779e-44
1.7448e-32
1.4386e-14
2.8774e-09
2.1723e-26
1.1297e-63
4.7044e-21
0.00074522
0.00037198
1.9785e-20
2.0509e-26
8.8022e-51
6.3948e-21
5.8047e-15
2.825e-26
2.694e-32
0.0011496
4.6088e-32
1.491e-20
5.2481e-38
1.1351e-20
6.6843e-15
1.2621e-20
1.1297e-63
1.6322e-20
0.0031863
2.0624e-09
1.5625e-26
2.2861e-50
1.2776e-50
3.2314e-44
1.1297e-63
6.4954e-38
7.6629e-21
1.141e-20
3.7072e-15
3.9906e-20
5.1066e-57
0.0010189
0.0015447
2.0964e-14
1.1297e-63
1.221e-20
0.0013252
0.00040619
0.00029055
1.8459e-20
8.8263e-27
1.6706e-26
1.5764e-09
6.479e-15
6.4134e-09
2.7733e-20
3.2104e-38
3.5692e-38
7.8594e-21
9.2657e-57
9.1902e-15
0.00070625
4.2908e-09
3.7277e-32
1.1327e-14
1.8616e-32
2.469e-20
0.0019596
5.2755e-20
3.9691e-50
4.7638e-26
1.1002e-14
1.4907e-44
4.9363e-32
0.00049014
1.8211e-44
5.4133e-32
3.8984e-38
1.1297e-63
1.1297e-63
1.1297e-63
0.001842
1.1297e-63
2.3026e-56
2.2608e-26
5.2737e-26
3.9392e-20
3.8411e-32
1.9058e-38
7.6147e-32
1.8091e-14
3.146e-32
9.9554e-21
1.461e-14
4.8896e-20
2.3467e-50
8.9634e-15
0.0017352
0.00069211
9.0535e-15
4.9166e-32
4.0333e-32
3.1428e-44
4.1941e-50
3.8272e-32
9.4784e-15
1.0891e-08
8.3069e-15
3.4184e-38
2.7775e-09
2.4633e-50
0.00048534
2.2154e-44
1.1297e-63
3.8349e-09
6.3784e-26
7.2307e-38
5.5348e-09
7.8631e-15
2.2118e-14
1.2794e-26
0.0034244
0.0023977
5.2503e-09
0.0010603
0.00078969
2.2506e-26
4.6376e-57
2.0631e-20
1.1297e-63
3.7674e-32
1.5654e-14
1.5039e-26
0.00091916
8.6961e-15
4.5038e-26
8.1508e-09
0.00040534
3.1603e-44
0.00096261
1.0118e-31
1.1297e-63
2.0386e-32
1.111e-20
5.9655e-38
6.0319e-44
0.0012834
6.7164e-15
1.9225e-25
1.8875e-44
2.1035e-26
2.2497e-20
1.7022e-20
1.9758e-09
1.6915e-20
9.0342e-09
2.3026e-26
1.7243e-14
6.0377e-38
8.3438e-21
2.1982e-44
3.6474e-20
2.2187e-20
3.3085e-44
1.5403e-20
0.0017499
2.0478e-44
1.0384e-50
3.5526e-57
9.3478e-15
1.5561e-50
1.1463e-14
5.4294e-38
1.8859e-20
2.1229e-20
3.0831e-20
0.0015247
3.1638e-32
1.6081e-32
5.0851e-32
4.3889e-50
0.002627
5.7157e-15
0.0020299
5.5662e-09
1.1297e-63
5.3419e-38
7.7161e-38
3.3796e-20
1.3927e-50
7.6603e-57
0.00077508
1.1297e-63
1.8041e-50
0.0014251
2.1368e-32
1.6174e-50
2.5417e-44
7.7569e-21
6.0607e-44
2.3222e-09
0.0010508
3.6591e-20
0.0020761
1.1297e-63
1.1297e-63
3.3217e-09
2.8991e-32
0.0012124
3.7576e-09
1.4651e-50
1.712e-50
1.6618e-37
0.00068973
1.3168e-26
3.9837e-32
3.7674e-38
0.00091026
2.9251e-09
1.0301e-50
1.317e-44
5.8623e-15
1.1297e-63
3.6258e-26
4.6424e-38
2.6546e-44
9.253e-15
0.00051104
1.2525e-14
5.5209e-57
2.4258e-20
4.1795e-09
2.4428e-20
3.3859e-09
2.9576e-15
1.1297e-63
4.9038e-09
6.8193e-26
1.2143e-20
2.4763e-26
3.7299e-09
1.9155e-09
2.4636e-20
1.1297e-63
1.2074e-14
5.5224e-32
2.0021e-20
5.6314e-32
4.7394e-26
2.1901e-14
2.6718e-38
1.1297e-63
2.6879e-14
1.1859e-20
2.5682e-38
7.8977e-21
1.2505e-20
1.0748e-14
1.3811e-50
0.00098278
1.6047e-44
1.1297e-63
7.6242e-57
2.5454e-44
2.6883e-20
1.544e-20
0.00048707
9.699e-15
3.6262e-09
6.502e-15
3.405e-09
2.5907e-50
4.6427e-38
2.4164e-32
3.1642e-09
2.5163e-09
5.4487e-38
2.0789e-32
6.1643e-15
6.9061e-15
1.183e-26
4.9042e-15
1.131e-20
8.2303e-09
1.1297e-63
0.00073519
2.3977e-26
2.4446e-32
2.4137e-32
5.6245e-09
0.0008563
0.0005391
1.9491e-20
1.7099e-26
0.001197
2.002e-09
3.2185e-09
1.1297e-63
2.9437e-32
1.1297e-63
6.8383e-21
5.4757e-57
1.5024e-20
1.1297e-63
7.7949e-21
2.9493e-09
2.9569e-26
1.8656e-14
1.5595e-20
0.0004003
5.32e-15
1.0491e-50
0.0036675
1.6705e-20
2.494e-38
1.1297e-63
2.6935e-38
1.1297e-63
0.0018175
0.0093339
1.2407e-50
1.055e-14
5.0614e-09
0.00093544
0.0017295
2.7728e-09
2.7494e-09
0.00037899
0.00060136
1.4414e-20
7.0815e-09
1.1297e-63
1.921e-20
8.5867e-15
1.1297e-63
8.1206e-21
6.343e-32
4.9028e-38
6.1457e-44
7.0749e-26
0.00095631
1.1297e-63
4.5264e-32
1.4803e-14
3.226e-32
2.9249e-09
6.8109e-32
3.2309e-09
7.5637e-21
1.5921e-44
1.9936e-20
3.7127e-20
5.2682e-57
1.506e-20
1.5549e-56
3.5192e-32
6.3204e-32
1.1297e-63
3.5083e-26
3.126e-44
2.2449e-09
5.6373e-09
3.8787e-38
9.0363e-21
7.3394e-26
9.8956e-57
7.5031e-15
6.9447e-09
8.1578e-44
1.1297e-63
1.3515e-50
6.7157e-32
5.3316e-09
4.7073e-26
5.2722e-57
1.5999e-14
3.3515e-26
6.738e-21
2.6334e-26
4.499e-38
2.6222e-20
4.8867e-32
1.3714e-50
2.854e-44
0.00061252
0.00093497
4.3612e-32
4.5421e-56
1.3352e-20
8.7147e-21
1.1297e-63
7.0793e-26
1.1297e-63
1.1297e-63
9.2282e-57
2.4263e-44
0.00074467
1.1826e-20
4.7835e-32
1.6585e-38
0.0010072
1.1037e-56
1.72e-56
1.1297e-63
4.6504e-32
3.6427e-20
3.4226e-44
2.3874e-38
1.6018e-20
3.1071e-09
0.0027326
3.5541e-09
4.5909e-09
4.7189e-32
1.6064e-31
4.5771e-26
0.0012219
1.2697e-50
4.7033e-15
1.1297e-63
5.8473e-44
1.6228e-44
0.00027877
5.7456e-38
0.00043439
0.00044059
6.0312e-38
7.0629e-38
3.0364e-44
3.9563e-32
2.6977e-20
5.2587e-38
5.9411e-51
3.662e-32
0.0010671
0.0011198
1.2899e-31
4.4294e-32
6.2762e-26
2.0455e-20
3.0385e-09
3.4663e-50
1.1666e-43
1.1297e-63
5.0913e-44
2.141e-26
1.3179e-19
3.6558e-15
1.8797e-26
1.1297e-63
2.5221e-38
0.0013661
2.0872e-26
1.1297e-63
1.1297e-63
1.6804e-20
5.4903e-38
3.7051e-09
7.1431e-57
5.5662e-26
3.3866e-09
3.8801e-26
4.8072e-32
2.4921e-20
3.5621e-26
1.3186e-20
1.9204e-26
1.6837e-50
4.4385e-57
5.0789e-26
3.1727e-20
1.1297e-63
2.3961e-44
1.0727e-43
0.0021164
5.6322e-09
0.00059994
1.1297e-63
7.8594e-15
3.1756e-15
8.2121e-09
4.8995e-44
1.1297e-63
0.00049107
1.0013e-14
6.8835e-15
2.1434e-26
8.0509e-15
2.5113e-32
5.0355e-09
9.2745e-15
3.7769e-44
0.0017695
3.8524e-44
2.3115e-09
4.7496e-32
1.8792e-38
1.5204e-20
0.00074753
7.6887e-15
1.4702e-14
2.74e-20
1.3533e-56
7.316e-32
7.6993e-21
4.9527e-15
6.289e-15
6.1686e-20
1.1297e-63
8.1012e-15
0.00035578
4.1712e-20
9.2194e-51
2.664e-20
7.8904e-09
1.1297e-63
4.4385e-15
2.2102e-20
1.4203e-09
1.9687e-56
2.68e-32
3.6436e-20
5.4407e-57
3.7532e-32
2.235e-26
1.634e-20
1.9718e-38
0.00059073
3.2907e-50
2.857e-32
1.3326e-32
1.3974e-32
7.8518e-26
3.1695e-09
1.1297e-63
5.3214e-09
1.3543e-09
1.3848e-50
3.3794e-26
2.3576e-38
2.7269e-26
1.5545e-09
9.8664e-45
3.0023e-09
4.1113e-44
0.00070704
2.1169e-38
5.595e-38
0.0016292
6.3802e-15
2.2097e-44
1.1297e-63
1.1297e-63
3.7747e-44
5.2412e-32
7.6198e-21
1.9116e-38
1.0673e-09
3.1133e-50
1.8268e-44
1.5929e-50
3.9651e-09
3.3552e-09
1.1297e-63
3.014e-50
2.9599e-20
1.7465e-38
3.8269e-44
5.8014e-09
1.1297e-63
0.00096496
2.5102e-26
1.9263e-20
2.472e-32
1.3379e-14
7.1063e-51
1.1297e-63
2.2119e-14
0.00023123
4.6865e-21
1.0066e-14
1.6015e-50
1.5317e-14
0.0013128
7.6946e-51
8.5728e-21
1.3164e-14
0.0005978
7.9094e-15
1.1297e-63
3.79e-44
3.634e-26
2.8757e-15
1.1546e-09
1.5512e-08
3.6448e-09
1.1297e-63
0.00045269
1.1297e-63
0.00091217
8.4386e-15
5.0702e-32
2.9777e-15
3.017e-32
1.3503e-20
1.1297e-63
2.053e-20
2.5911e-50
1.7318e-50
1.4977e-50
7.281e-32
2.0896e-26
3.6377e-32
0.0010266
3.616e-20
1.5371e-26
2.2294e-26
3.5691e-15
0.00047564
0.0016989
3.4973e-44
1.206e-44
2.6862e-26
6.3193e-32
0.0012027
1.4424e-20
1.1297e-63
5.9454e-57
0.00068397
3.5398e-26
3.0245e-26
2.824e-20
1.2241e-14
0.0010955
0.000618
1.1297e-63
1.8929e-44
1.4907e-20
6.1424e-09
1.1297e-63
5.8364e-38
3.2475e-09
2.0642e-09
3.6813e-20
7.2628e-32
1.1295e-44
8.0312e-51
1.7103e-56
0.00042142
3.1739e-38
4.8922e-15
8.7898e-32
2.2786e-26
7.3817e-15
1.8541e-14
7.4666e-57
3.1874e-20
8.8646e-21
5.0804e-26
0.001173
1.2329e-14
3.9698e-44
5.9378e-57
4.235e-44
4.1175e-32
2.7027e-44
1.1297e-63
4.1219e-32
1.1297e-63
2.148e-57
0.00063772
2.0351e-38
0.00087969
9.8482e-51
5.3718e-09
2.2918e-26
3.4669e-44
0.00061359
9.5469e-21
3.0827e-09
5.464e-44
9.4656e-57
5.6147e-15
3.8334e-38
1.1297e-63
0.0013519
2.9425e-38
1.0499e-14
0.00064246
0.00093402
1.1297e-63
8.0111e-32
1.0215e-31
1.1297e-63
1.337e-20
8.811e-09
2.9897e-09
1.1297e-63
2.5132e-26
2.1783e-26
0.00093802
3.1935e-38
6.5972e-38
5.1752e-09
0.0007016
0.00097329
2.3799e-44
1.5702e-50
1.7906e-32
3.2612e-09
1.6059e-31
7.7763e-15
3.2274e-09
5.9626e-15
0.0008052
0.00077557
2.8752e-44
7.5232e-51
1.6228e-44
6.8368e-21
0.0005957
0.0016457
6.208e-21
2.0351e-26
1.5601e-20
1.0858e-14
2.1954e-32
1.333e-44
2.3972e-44
0.00087841
2.8896e-38
1.7688e-09
1.1297e-63
1.8758e-20
3.677e-38
4.4469e-09
1.7653e-26
2.5684e-09
1.8828e-14
2.8924e-50
4.4155e-15
1.7359e-09
2.177e-50
1.4402e-14
9.7216e-15
0.00028999
1.932e-32
3.0151e-14
4.0209e-09
0.00058914
1.1297e-63
6.3791e-57
0.00075954
1.4405e-32
2.2718e-44
2.0762e-09
5.2084e-09
1.1297e-63
1.1297e-63
7.8087e-21
5.2073e-32
1.1297e-63
1.1977e-26
9.8081e-21
0.00040101
1.5145e-09
1.9515e-20
6.6519e-32
1.0254e-56
7.4072e-26
0.00057353
4.2846e-38
6.1858e-57
1.1297e-63
1.7504e-20
1.0205e-50
1.1849e-14
4.2372e-26
2.9662e-38
1.1297e-63
0.00045483
0.00060395
1.1383e-14
1.688e-26
2.5397e-50
1.1297e-63
1.8362e-50
8.7132e-51
1.6254e-44
0.001411
6.6479e-15
3.3997e-44
0.00091639
3.8907e-09
8.6574e-51
1.0436e-14
2.0759e-32
9.8741e-15
3.6981e-44
1.8417e-32
2.649e-44
0.00036539
1.4811e-14
1.1297e-63
3.3759e-15
2.7973e-09
0.00064305
1.0851e-09
3.4795e-15
3.7317e-09
3.7962e-44
1.5575e-26
5.4268e-15
1.1297e-63
2.1361e-20
0.00090241
9.5477e-51
8.8547e-09
1.0094e-14
1.0419e-20
3.8415e-26
5.5246e-15
2.2855e-32
3.7153e-50
3.7951e-32
2.9398e-09
3.2415e-20
1.7516e-50
2.0779e-20
3.6118e-09
6.6041e-09
0.00044919
1.1297e-63
1.5217e-50
6.0359e-38
2.4999e-32
2.8691e-26
3.6246e-38
3.3435e-32
1.9537e-14
0.00085434
1.2639e-50
5.7966e-09
1.3015e-14
2.6782e-26
5.3874e-21
1.1592e-20
1.5187e-31
1.1297e-63
2.7671e-38
1.1297e-63
4.7988e-15
5.3864e-32
1.1297e-63
1.3992e-25
0.0010508
2.9373e-09
1.8641e-20
1.1996e-08
6.4586e-57
2.8993e-26
7.9203e-38
2.2092e-50
9.3347e-38
2.5077e-50
9.8832e-15
3.8338e-44
0.00067736
8.9962e-09
1.0562e-56
0.00060421
1.1297e-63
1.1297e-63
5.8794e-57
1.1585e-09
3.2294e-38
2.0363e-32
2.293e-26
2.558e-26
1.1297e-63
1.9538e-32
0.0012205
2.2803e-20
1.1297e-63
3.0177e-26
2.1753e-26
1.2041e-14
3.103e-26
2.8069e-44
1.2254e-56
7.1752e-44
4.1602e-44
3.7824e-32
5.3258e-09
6.467e-09
2.796e-09
0.00078683
2.855e-26
2.1407e-50
2.0751e-26
3.6646e-44
0.0016489
1.1297e-63
3.3503e-09
1.8872e-20
3.236e-50
1.5089e-09
3.1774e-15
5.8335e-38
1.3999e-26
1.2183e-20
0.00055284
1.1297e-63
3.8075e-09
9.1009e-57
0.00085829
8.7198e-32
3.2335e-20
2.0695e-09
1.1297e-63
0.00057437
6.8638e-15
1.1745e-14
6.4229e-38
1.8444e-20
0.00088894
5.7485e-09
0.0012085
2.3588e-20
3.933e-32
4.1055e-32
4.9272e-32
5.1602e-15
1.1297e-63
3.1224e-38
2.9697e-44
1.619e-56
1.1297e-63
3.0849e-38
0.00051418
2.162e-20
2.7253e-32
1.1297e-63
0.012414
7.9054e-38
0.0007945
4.2561e-32
6.9663e-51
3.5325e-26
4.0351e-09
1.1297e-63
8.1793e-15
1.1297e-63
5.0147e-26
1.2947e-50
1.1039e-56
3.2516e-44
1.6167e-37
2.287e-09
1.9865e-50
1.1297e-63
9.1567e-15
2.7061e-44
0.00038969
4.7007e-38
2.8421e-38
5.3958e-15
2.4537e-44
1.9661e-20
0.0016655
3.0445e-20
6.0549e-38
1.1657e-20
5.4597e-50
1.1391e-43
1.9976e-09
1.1297e-63
2.8313e-09
4.3823e-15
0.0026427
3.471e-09
5.1566e-26
1.6509e-14
6.3069e-38
1.7819e-09
1.4275e-38
2.6707e-20
2.7957e-26
1.6922e-09
2.2387e-38
1.0421e-50
1.1297e-63
4.6351e-26
6.4411e-15
2.421e-50
1.2326e-44
1.1297e-63
1.1297e-63
1.1297e-63
3.8878e-09
6.6468e-21
1.1297e-63
6.022e-32
4.2948e-38
1.5191e-14
0.00025945
1.136e-37
0.00054162
5.9721e-09
1.3569e-44
1.155e-14
0.00088463
0.00092042
1.1297e-63
1.0839e-14
9.2114e-21
2.3251e-09
3.5252e-44
9.8464e-15
1.8033e-09
3.3747e-50
1.8574e-20
1.8102e-26
3.5378e-32
4.0942e-09
0.00071622
4.8794e-38
6.8831e-15
3.1179e-08
7.7912e-21
0.0013369
5.1624e-09
2.4942e-38
2.3035e-50
1.0824e-26
3.7379e-26
2.8741e-44
1.1297e-63
8.5746e-09
4.5472e-15
3.4198e-50
4.7999e-44
0.00035468
1.811e-09
1.9949e-50
9.8062e-51
7.0388e-32
5.219e-38
5.9484e-15
6.5837e-26
3.0022e-09
8.3299e-15
6.9747e-21
1.6364e-50
9.9904e-51
1.5352e-20
0.0012237
0.00084553
1.1297e-63
6.235e-44
1.8565e-26
1.5349e-20
0.0010339
4.0931e-09
1.7279e-20
0.00092073
6.2544e-15
0.00054355
1.0315e-14
2.0464e-50
2.7256e-20
3.4015e-38
1.1297e-63
1.1812e-09
3.3736e-38
0.0011404
0.00047745
1.3058e-44
1.4585e-20
1.1297e-63
3.5388e-09
1.2935e-20
1.9457e-09
4.9706e-09
1.2407e-50
1.6628e-44
1.1915e-20
6.5494e-15
2.9885e-38
2.9287e-20
0.00032051
2.0924e-09
0.0056687
2.1525e-09
6.1344e-15
0.00070376
5.6898e-15
1.1781e-44
1.6164e-09
5.7481e-15
1.5587e-20
0.00040126
2.7223e-26
1.5423e-14
5.9454e-57
4.6941e-09
2.0972e-37
1.8269e-26
0.00064636
1.0278e-20
1.3393e-20
0.00060371
2.1661e-09
4.0778e-38
2.1625e-14
4.3998e-20
5.4783e-26
2.3907e-50
6.4382e-14
2.6462e-15
1.7814e-09
2.9137e-44
5.4575e-44
3.5097e-57
0.00055128
8.9422e-57
3.373e-20
1.2779e-20
1.1297e-63
1.376e-50
1.1297e-63
0.0021541
0.00043822
3.654e-32
4.627e-44
1.5603e-14
5.0304e-15
0.00071024
9.1654e-21
1.8059e-44
2.3264e-20
3.1889e-09
9.8854e-10
4.1223e-09
0.0017927
