6.7667e+05
5.2557e+05
7.9449e+05
0.00044643
2.8706e+05
0.00044643
0.00044643
7.629e+05
3.638e+05
0.00044643
3.0818e+05
3.7269e+05
0.00044643
0.00044643
0.00044643
5.9109e+06
0.00044643
0.00044643
3.02e+05
0.00044643
0.00044643
4.8599e+05
1.333e+05
0.00044643
4.0913e+05
0.00044643
0.00044643
0.00044643
84161
0.00044643
78734
3.759e+05
7.7865e+05
0.00044643
0.00044643
1.9743e+05
2.2568e+05
3.6845e+05
5.3711e+05
0.00044643
0.00044643
0.00044643
0.00044643
2.1906e+05
0.00044643
0.00044643
0.00044643
2.5931e+05
1.5092e+05
5.8324e+05
5.1952e+05
75468
1.0721e+05
0.00044643
0.00044643
2.5566e+05
2.3096e+05
0.00044643
62595
0.00044643
2.3401e+05
0.00044643
0.00044643
0.00044643
8.3583e+05
1.2128e+05
2.65e+05
3.2149e+05
1.2044e+05
1.1884e+05
0.00044643
0.00044643
3.1573e+05
0.00044643
1.4403e+06
0.00044643
8.3047e+05
5.4926e+05
0.00044643
7.5914e+05
0.00044643
2.5847e+05
0.00044643
2.6572e+05
1.8022e+06
5.4889e+05
0.00044643
1.6893e+05
1.0531e+05
1.85e+06
2.1344e+05
0.00044643
0.00044643
0.00044643
0.00044643
0.00044643
0.00044643
1.0775e+05
0.00044643
1.9734e+05
0.00044643
3.4564e+05
4.39e+05
0.00044643
7.6721e+05
0.00044643
2.3584e+05
0.00044643
0.00044643
0.00044643
0.00044643
1.2027e+05
0.00044643
7.0215e+05
0.00044643
0.00044643
1.7686e+05
0.00044643
0.00044643
1.5796e+06
1.732e+05
55812
3.073e+05
0.00044643
0.00044643
1.2913e+05
0.00044643
0.00044643
3.029e+06
0.00044643
0.00044643
1.4327e+05
0.00044643
6.4381e+05
6.2122e+05
0.00044643
0.00044643
0.00044643
3.0796e+05
6.7669e+05
2.0988e+05
1.911e+05
0.00044643
0.00044643
0.00044643
0.00044643
0.00044643
0.00044643
0.00044643
0.00044643
1.3034e+05
0.00044643
0.00044643
1.6345e+05
0.00044643
0.00044643
0.00044643
44651
1.0672e+06
3.6784e+05
0.00044643
0.00044643
3.0601e+05
0.00044643
90973
0.00044643
0.00044643
2.472e+05
1.1238e+05
6.2837e+05
1.8759e+05
2.4795e+05
0.00044643
0.00044643
2.0063e+05
0.00044643
1.698e+05
79394
5.0129e+05
0.00044643
2.3559e+05
0.00044643
0.00044643
0.00044643
3.7723e+05
0.00044643
3.2566e+06
2.6055e+05
0.00044643
0.00044643
4.0719e+05
0.00044643
0.00044643
0.00044643
0.00044643
0.00044643
2.8857e+05
0.00044643
0.00044643
1.0482e+05
2.4482e+05
0.00044643
0.00044643
2.554e+05
4.8393e+05
1.6787e+05
2.2302e+05
4.359e+05
0.00044643
0.00044643
0.00044643
0.00044643
0.00044643
0.00044643
0.00044643
9.7832e+05
3.1131e+05
0.00044643
0.00044643
0.00044643
3.1017e+05
5.0557e+05
0.00044643
4.9441e+05
0.00044643
0.00044643
0.00044643
7.043e+05
0.00044643
0.00044643
2.2136e+05
3.0667e+05
0.00044643
0.00044643
0.00044643
0.00044643
3.88e+05
0.00044643
0.00044643
1.7011e+05
1.1154e+06
0.00044643
93515
6.0557e+05
0.00044643
1.8343e+05
0.00044643
0.00044643
5.4979e+05
0.00044643
0.00044643
1.211e+06
0.00044643
2.0445e+05
3.5679e+05
2.5039e+05
67985
0.00044643
1.7732e+05
5.1253e+05
1.5237e+05
0.00044643
0.00044643
0.00044643
0.00044643
2.8727e+05
0.00044643
1.9778e+05
0.00044643
6.4769e+05
0.00044643
0.00044643
4.3775e+05
1.436e+05
0.00044643
0.00044643
0.00044643
6.635e+05
1.1909e+05
0.00044643
0.00044643
1.5982e+05
0.00044643
91013
0.00044643
0.00044643
0.00044643
0.00044643
0.00044643
0.00044643
0.00044643
6.9958e+05
0.00044643
2.9273e+05
7.2973e+05
0.00044643
0.00044643
0.00044643
0.00044643
4.0505e+05
3.387e+05
0.00044643
0.00044643
1.5452e+05
4.5312e+05
0.00044643
50705
2.6183e+05
3.9746e+05
0.00044643
0.00044643
0.00044643
0.00044643
2.3933e+05
0.00044643
0.00044643
0.00044643
1.9012e+05
0.00044643
0.00044643
0.00044643
0.00044643
2.7923e+05
0.00044643
0.00044643
4.0027e+05
3.1591e+05
0.00044643
5.6868e+05
2.1711e+06
0.00044643
0.00044643
0.00044643
0.00044643
5.545e+05
0.00044643
2.6308e+05
0.00044643
0.00044643
0.00044643
0.00044643
0.00044643
1.6038e+05
1.3091e+05
79206
0.00044643
1.6138e+05
7.448e+05
1.3291e+05
0.00044643
0.00044643
1.7987e+05
0.00044643
2.7032e+05
2.6893e+05
0.00044643
7.2272e+05
0.00044643
0.00044643
0.00044643
7.7469e+05
0.00044643
2.5657e+05
0.00044643
2.5124e+05
1.3441e+05
0.00044643
0.00044643
3.2106e+05
61529
0.00044643
4.0338e+05
2.1304e+05
0.00044643
0.00044643
2.1741e+05
0.00044643
88569
8.8496e+05
1.0321e+05
0.00044643
78814
0.00044643
1.6748e+05
5.2164e+05
0.00044643
0.00044643
0.00044643
1.1279e+05
2.5674e+05
0.00044643
1.6911e+05
0.00044643
0.00044643
0.00044643
0.00044643
0.00044643
0.00044643
1.4699e+05
3.579e+05
2.6265e+05
0.00044643
1.5358e+05
5.5622e+05
0.00044643
0.00044643
0.00044643
2.8471e+05
1.7475e+06
64410
8.1846e+05
0.00044643
0.00044643
0.00044643
0.00044643
7.4073e+05
1.1905e+06
0.00044643
0.00044643
1.7047e+05
0.00044643
5.0266e+05
0.00044643
0.00044643
5.331e+05
0.00044643
0.00044643
0.00044643
0.00044643
0.00044643
0.00044643
1.4379e+05
1.246e+05
0.00044643
4.7406e+05
0.00044643
0.00044643
4.5874e+05
0.00044643
0.00044643
1.9069e+05
0.00044643
0.00044643
5.9044e+05
0.00044643
0.00044643
3.7462e+05
2.5025e+05
1.6419e+05
0.00044643
0.00044643
2.1561e+05
0.00044643
1.4015e+05
0.00044643
1.8903e+05
0.00044643
0.00044643
3.0807e+05
0.00044643
0.00044643
1.7531e+05
0.00044643
5.9004e+05
0.00044643
2.9213e+05
1.4976e+05
1.7474e+05
9.9365e+05
0.00044643
0.00044643
3.5453e+05
1.2132e+05
0.00044643
0.00044643
0.00044643
1.2713e+05
0.00044643
1.8081e+05
2.4918e+05
3.8093e+05
0.00044643
0.00044643
0.00044643
2.6125e+05
1.3692e+05
3.134e+05
0.00044643
0.00044643
0.00044643
80914
6.073e+05
4.1299e+05
1.6783e+05
83301
0.00044643
0.00044643
0.00044643
1.0833e+05
0.00044643
83858
6.599e+05
4.3458e+05
0.00044643
0.00044643
3.7651e+05
1.9644e+05
0.00044643
0.00044643
0.00044643
0.00044643
91691
0.00044643
3.54e+05
0.00044643
0.00044643
0.00044643
0.00044643
1.3502e+05
3.3954e+05
0.00044643
2.8203e+05
0.00044643
8.2101e+05
0.00044643
1.0071e+06
0.00044643
0.00044643
0.00044643
0.00044643
0.00044643
0.00044643
2.2234e+05
0.00044643
2.1477e+05
0.00044643
0.00044643
5.9321e+05
4.2189e+05
1.3048e+06
1.1086e+05
1.2846e+05
0.00044643
1.0855e+06
4.0011e+05
2.8307e+05
5.3783e+05
6.0015e+06
1.2192e+05
2.5004e+05
0.00044643
0.00044643
0.00044643
4.5322e+05
0.00044643
1.2517e+05
0.00044643
0.00044643
0.00044643
1.9377e+06
0.00044643
1.4777e+05
7.8452e+05
1.858e+05
1.2418e+05
1.0779e+06
0.00044643
1.7736e+05
0.00044643
1.0697e+05
2.641e+05
0.00044643
0.00044643
50561
0.00044643
71324
1.5886e+05
0.00044643
0.00044643
0.00044643
3.246e+05
1.4774e+05
0.00044643
0.00044643
0.00044643
3.5166e+05
0.00044643
56819
2.2034e+05
0.00044643
1.0993e+06
0.00044643
4.3526e+05
0.00044643
0.00044643
0.00044643
3.7858e+05
2.6509e+05
0.00044643
1.3999e+05
9.4068e+05
3.7476e+05
5.1138e+05
0.00044643
3.8648e+05
0.00044643
0.00044643
7.0088e+05
0.00044643
7.5297e+05
0.00044643
0.00044643
9.1161e+05
2.0096e+05
0.00044643
0.00044643
1.3513e+05
0.00044643
1.9957e+05
0.00044643
86661
0.00044643
2.6564e+05
0.00044643
0.00044643
0.00044643
1.8577e+05
1.3412e+05
5.2005e+05
3.2413e+05
0.00044643
0.00044643
46545
0.00044643
3.2045e+05
0.00044643
0.00044643
2.9732e+05
0.00044643
0.00044643
7.5746e+05
0.00044643
0.00044643
3.574e+05
1.275e+06
0.00044643
0.00044643
5.4481e+05
0.00044643
0.00044643
2.1728e+05
0.00044643
0.00044643
0.00044643
0.00044643
5.714e+05
0.00044643
3.1856e+05
3.4917e+05
1.5825e+06
0.00044643
0.00044643
1.638e+05
0.00044643
0.00044643
4.8328e+05
1.6733e+05
0.00044643
0.00044643
2.8861e+05
0.00044643
0.00044643
1.39e+05
0.00044643
0.00044643
0.00044643
0.00044643
0.00044643
4.759e+05
0.00044643
5.1551e+05
0.00044643
0.00044643
0.00044643
6.7188e+05
0.00044643
0.00044643
0.00044643
1.434e+05
2.3866e+05
0.00044643
1.0176e+05
0.00044643
0.00044643
0.00044643
4.4533e+05
0.00044643
2.422e+05
3.3652e+05
0.00044643
0.00044643
0.00044643
0.00044643
2.0025e+05
0.00044643
1.1575e+05
3.3005e+05
0.00044643
2.7354e+05
0.00044643
2.5733e+05
0.00044643
0.00044643
0.00044643
0.00044643
2.0746e+05
0.00044643
0.00044643
3.0066e+05
3.5274e+05
0.00044643
0.00044643
0.00044643
2.076e+05
0.00044643
0.00044643
1.0811e+06
0.00044643
0.00044643
2.5128e+05
0.00044643
1.226e+06
0.00044643
0.00044643
0.00044643
0.00044643
8.8414e+05
5.3124e+05
6.061e+05
0.00044643
0.00044643
2.4964e+05
0.00044643
6.1461e+05
0.00044643
0.00044643
0.00044643
0.00044643
0.00044643
3.3895e+05
2.7324e+05
0.00044643
0.00044643
0.00044643
5.5555e+05
4.539e+05
1.3423e+05
3.3983e+05
0.00044643
0.00044643
2.3659e+05
0.00044643
4.4891e+05
1.4824e+05
0.00044643
0.00044643
0.00044643
4.5302e+05
0.00044643
1.1678e+05
86072
73356
0.00044643
1.5976e+05
0.00044643
0.00044643
0.00044643
0.00044643
4.8929e+05
0.00044643
0.00044643
0.00044643
2.6283e+05
0.00044643
8.3778e+05
2.1519e+05
0.00044643
2.0566e+05
9.1081e+05
0.00044643
0.00044643
0.00044643
0.00044643
0.00044643
0.00044643
4.5365e+05
0.00044643
2.3179e+05
0.00044643
0.00044643
0.00044643
0.00044643
0.00044643
8.2858e+05
0.00044643
0.00044643
0.00044643
0.00044643
5.0195e+05
0.00044643
1.934e+06
1.8392e+05
1.1918e+05
0.00044643
4.4613e+05
4.1288e+05
3.6007e+05
3.7725e+05
2.3981e+05
8.5468e+05
0.00044643
1.5598e+05
2.41e+05
2.0957e+05
0.00044643
0.00044643
2.7014e+05
1.036e+05
2.5258e+05
0.00044643
4.1038e+05
0.00044643
0.00044643
0.00044643
0.00044643
4.4777e+05
0.00044643
2.4799e+05
0.00044643
1.1316e+05
0.00044643
0.00044643
0.00044643
2.1713e+05
0.00044643
0.00044643
0.00044643
7.0359e+05
5.0422e+05
0.00044643
0.00044643
0.00044643
0.00044643
0.00044643
0.00044643
0.00044643
0.00044643
0.00044643
0.00044643
0.00044643
7.0053e+05
3.6488e+05
0.00044643
3.6612e+05
0.00044643
0.00044643
3.3094e+05
75513
0.00044643
0.00044643
86021
2.45e+06
0.00044643
0.00044643
1.1596e+05
1.915e+05
2.0867e+05
0.00044643
2.7215e+05
2.4556e+05
0.00044643
4.4191e+05
0.00044643
0.00044643
2.3686e+05
0.00044643
0.00044643
2.9013e+05
1.1409e+06
0.00044643
69673
1.4847e+05
0.00044643
2.761e+05
9.3582e+05
1.1133e+05
91916
0.00044643
0.00044643
2.3254e+05
4.276e+05
0.00044643
2.0345e+05
0.00044643
2.5971e+05
1.6201e+05
3.1372e+05
0.00044643
0.00044643
0.00044643
2.7359e+05
2.6739e+05
7.3628e+05
0.00044643
0.00044643
7.247e+05
9.2657e+05
0.00044643
94863
2.704e+05
5.5033e+05
0.00044643
0.00044643
0.00044643
0.00044643
0.00044643
4.8639e+05
7.3734e+05
0.00044643
0.00044643
0.00044643
2.1143e+05
2.483e+05
3.2649e+05
0.00044643
6.0502e+05
0.00044643
0.00044643
1.1036e+06
0.00044643
0.00044643
89814
4.0299e+05
2.5074e+05
0.00044643
0.00044643
0.00044643
4.0631e+05
0.00044643
0.00044643
7.1689e+05
0.00044643
3.3659e+05
3.1231e+05
0.00044643
3.7645e+05
0.00044643
0.00044643
1.1571e+05
0.00044643
3.8649e+05
3.1044e+05
0.00044643
2.228e+05
0.00044643
0.00044643
0.00044643
0.00044643
2.415e+05
0.00044643
0.00044643
3.2936e+05
0.00044643
1.617e+05
2.4316e+05
0.00044643
2.5775e+06
2.5935e+05
0.00044643
0.00044643
0.00044643
4.0289e+05
0.00044643
0.00044643
0.00044643
0.00044643
0.00044643
0.00044643
1.3723e+05
0.00044643
4.8182e+05
1.6032e+05
1.7165e+05
0.00044643
0.00044643
0.00044643
0.00044643
0.00044643
0.00044643
3.5422e+05
0.00044643
0.00044643
0.00044643
2.358e+05
1.4372e+06
0.00044643
0.00044643
0.00044643
0.00044643
1.611e+05
0.00044643
54292
0.00044643
5.5018e+05
0.00044643
1.2612e+05
0.00044643
0.00044643
6.718e+05
0.00044643
0.00044643
2.7523e+05
4.4919e+05
0.00044643
3.459e+05
0.00044643
6.8182e+05
3.9799e+05
1.0948e+06
8.8619e+05
5.0094e+05
0.00044643
1.5217e+05
0.00044643
0.00044643
0.00044643
4.0722e+05
0.00044643
5.1906e+05
0.00044643
0.00044643
0.00044643
77438
5.1611e+05
0.00044643
8.9927e+05
2.7018e+05
4.769e+05
1.4018e+05
1.304e+05
0.00044643
3.9871e+05
3.649e+05
0.00044643
0.00044643
2.0878e+05
0.00044643
0.00044643
87766
4.3948e+05
4.347e+05
2.266e+05
0.00044643
0.00044643
0.00044643
0.00044643
1.5444e+05
8.3589e+05
0.00044643
0.00044643
1.14e+05
1.4874e+05
0.00044643
3.8077e+05
2.5844e+05
0.00044643
0.00044643
0.00044643
0.00044643
0.00044643
2.5182e+05
0.00044643
0.00044643
3.9065e+05
0.00044643
0.00044643
1.3833e+06
0.00044643
6.1153e+05
0.00044643
0.00044643
1.1765e+06
1.2812e+05
3.0657e+05
3.6715e+05
0.00044643
5.4446e+05
2.1518e+05
4.451e+05
0.00044643
3.3113e+05
2.9676e+05
0.00044643
0.00044643
7.203e+05
0.00044643
1.822e+05
1.0191e+05
63374
0.00044643
0.00044643
2.6663e+05
0.00044643
0.00044643
0.00044643
1.8118e+05
3.3869e+05
0.00044643
2.5321e+05
0.00044643
0.00044643
6.3078e+05
0.00044643
6.6682e+05
0.00044643
0.00044643
0.00044643
0.00044643
3.3902e+05
3.0872e+05
0.00044643
0.00044643
0.00044643
0.00044643
0.00044643
0.00044643
0.00044643
0.00044643
0.00044643
6.7933e+05
2.7924e+05
0.00044643
2.9448e+05
0.00044643
0.00044643
0.00044643
5.9379e+05
8.9595e+05
4.8615e+05
0.00044643
1.8241e+05
0.00044643
0.00044643
0.00044643
2.6095e+05
4.088e+05
6.7994e+05
0.00044643
9.7851e+05
0.00044643
34156
1.2358e+06
6.0807e+05
2.8243e+05
6.6872e+05
0.00044643
4.6236e+05
2.0382e+05
0.00044643
0.00044643
0.00044643
1.4679e+05
0.00044643
6.2209e+05
0.00044643
0.00044643
9.7635e+05
3.1661e+05
8.7492e+05
5.9408e+05
0.00044643
0.00044643
0.00044643
0.00044643
3.0941e+05
0.00044643
1.0456e+05
3.056e+05
1.3699e+05
0.00044643
3.5852e+05
4.9698e+05
0.00044643
1.7493e+05
2.2834e+05
0.00044643
3.7844e+05
3.0462e+05
0.00044643
1.6874e+05
0.00044643
8.0764e+05
3.6396e+05
0.00044643
0.00044643
0.00044643
0.00044643
0.00044643
0.00044643
5.1697e+05
2.1383e+05
4.1859e+05
0.00044643
1.3475e+05
0.00044643
0.00044643
0.00044643
0.00044643
1.7659e+05
0.00044643
0.00044643
1.107e+05
0.00044643
0.00044643
0.00044643
0.00044643
2.3187e+05
5.0337e+05
0.00044643
0.00044643
0.00044643
4.1998e+05
0.00044643
0.00044643
0.00044643
0.00044643
0.00044643
0.00044643
1.9378e+05
2.3172e+05
1.0623e+06
1.6244e+05
1.9661e+05
0.00044643
1.1767e+05
0.00044643
2.8761e+05
75180
0.00044643
0.00044643
0.00044643
2.5856e+05
0.00044643
0.00044643
0.00044643
2.0206e+05
6.6875e+05
1.1509e+05
0.00044643
0.00044643
4.4263e+05
6.2427e+05
1.2971e+05
0.00044643
8.8238e+05
5.1811e+05
0.00044643
0.00044643
0.00044643
0.00044643
0.00044643
0.00044643
0.00044643
0.00044643
1.255e+05
3.7514e+05
0.00044643
0.00044643
4.3545e+05
0.00044643
0.00044643
2.6002e+05
0.00044643
0.00044643
0.00044643
3.0331e+05
3.5074e+05
0.00044643
1.1771e+06
1.7876e+05
2.7638e+05
3.2298e+05
99968
0.00044643
0.00044643
1.8972e+05
0.00044643
0.00044643
76584
3.0926e+05
0.00044643
0.00044643
0.00044643
0.00044643
0.00044643
6.6276e+05
0.00044643
1.1454e+05
0.00044643
7.3251e+05
8.3093e+05
0.00044643
0.00044643
2.0906e+05
3.0081e+05
0.00044643
0.00044643
6.7619e+05
95993
0.00044643
0.00044643
0.00044643
1.9873e+05
0.00044643
0.00044643
1.5884e+05
3.2107e+05
8.9613e+05
0.00044643
0.00044643
3.1607e+05
0.00044643
0.00044643
0.00044643
2.5419e+05
2.5325e+05
0.00044643
2.3429e+05
3.0442e+05
1.4838e+05
2.6028e+05
0.00044643
0.00044643
0.00044643
0.00044643
0.00044643
1.4843e+05
7.1327e+05
0.00044643
0.00044643
0.00044643
0.00044643
4.4806e+05
4.0054e+05
0.00044643
4.7839e+05
0.00044643
1.2097e+05
4.6617e+05
2.3653e+05
0.00044643
0.00044643
0.00044643
0.00044643
1.9331e+05
3.8258e+05
1.9192e+06
0.00044643
0.00044643
0.00044643
0.00044643
0.00044643
0.00044643
0.00044643
1.6479e+06
0.00044643
0.00044643
3.7916e+05
0.00044643
0.00044643
0.00044643
0.00044643
0.00044643
0.00044643
3.6788e+05
0.00044643
0.00044643
7.5365e+05
94316
3.3662e+05
0.00044643
0.00044643
1.8801e+05
4.579e+05
0.00044643
0.00044643
0.00044643
2.7143e+05
0.00044643
0.00044643
0.00044643
6.0027e+05
4.9977e+05
1.2718e+05
0.00044643
0.00044643
3.5286e+05
0.00044643
0.00044643
1.4811e+06
1.7311e+05
1.9061e+05
1.8638e+05
0.00044643
0.00044643
1.4926e+05
1.9696e+05
4.4319e+05
0.00044643
2.298e+05
4.1106e+05
7.4716e+05
0.00044643
0.00044643
0.00044643
0.00044643
0.00044643
0.00044643
0.00044643
4.9264e+05
0.00044643
0.00044643
0.00044643
0.00044643
0.00044643
0.00044643
0.00044643
0.00044643
1.9707e+05
0.00044643
1.2723e+05
2.9648e+05
0.00044643
1.5855e+05
0.00044643
0.00044643
0.00044643
0.00044643
6.0327e+05
93426
0.00044643
0.00044643
0.00044643
0.00044643
6.9074e+05
2.8018e+05
1.8665e+05
9.5905e+05
2.0043e+05
3.6747e+05
6.6059e+05
0.00044643
0.00044643
4.7644e+05
1.6704e+05
3.4676e+05
7.5531e+05
0.00044643
1.6563e+05
0.00044643
0.00044643
0.00044643
0.00044643
0.00044643
2.0238e+05
6.2201e+05
0.00044643
3.763e+05
2.5509e+05
0.00044643
1.0301e+05
4.9022e+05
2.986e+05
0.00044643
96336
0.00044643
0.00044643
1.9406e+05
0.00044643
9.6347e+05
0.00044643
2.5168e+05
8.1269e+05
0.00044643
0.00044643
8.6409e+05
3.1932e+05
0.00044643
0.00044643
0.00044643
0.00044643
1.2357e+05
0.00044643
0.00044643
0.00044643
2.3714e+05
0.00044643
1.9962e+05
0.00044643
5.4827e+05
0.00044643
1.2089e+06
3.1107e+05
34812
1.1738e+05
0.00044643
0.00044643
6.713e+05
0.00044643
4.4863e+05
0.00044643
9.4557e+05
0.00044643
0.00044643
1.7219e+05
2.769e+05
0.00044643
0.00044643
1.2029e+06
0.00044643
0.00044643
0.00044643
0.00044643
1.3477e+05
0.00044643
0.00044643
0.00044643
0.00044643
1.2479e+05
1.1362e+05
0.00044643
0.00044643
1.3292e+05
0.00044643
2.2983e+05
0.00044643
0.00044643
3.451e+05
0.00044643
0.00044643
0.00044643
0.00044643
0.00044643
1.3723e+05
0.00044643
2.3938e+05
1.9409e+05
2.5418e+05
7.8226e+05
0.00044643
0.00044643
0.00044643
0.00044643
0.00044643
0.00044643
4.8304e+05
0.00044643
1.4331e+05
0.00044643
0.00044643
0.00044643
3.2731e+05
0.00044643
0.00044643
0.00044643
0.00044643
0.00044643
0.00044643
0.00044643
0.00044643
1.2724e+05
2.255e+06
0.00044643
7.1859e+05
0.00044643
2.4368e+05
2.2178e+05
0.00044643
0.00044643
0.00044643
99833
0.00044643
1.3517e+05
1.3897e+05
0.00044643
0.00044643
1.5476e+05
0.00044643
2.9078e+05
2.4979e+05
0.00044643
0.00044643
0.00044643
0.00044643
0.00044643
0.00044643
0.00044643
0.00044643
1.8267e+05
2.447e+05
0.00044643
0.00044643
0.00044643
0.00044643
0.00044643
2.2908e+05
4.2898e+05
0.00044643
0.00044643
3.792e+05
4.004e+05
0.00044643
0.00044643
1.919e+05
1.037e+05
2.057e+05
1.733e+05
1.5917e+05
0.00044643
0.00044643
0.00044643
0.00044643
0.00044643
1.0994e+05
4.723e+05
0.00044643
2.3674e+05
0.00044643
3.5916e+05
0.00044643
3.3261e+05
5.458e+05
67065
1.4317e+05
0.00044643
0.00044643
0.00044643
1.2541e+05
0.00044643
0.00044643
0.00044643
3.5132e+05
0.00044643
0.00044643
0.00044643
1.4887e+05
2.4446e+05
4.3799e+05
0.00044643
0.00044643
0.00044643
1.2966e+06
0.00044643
0.00044643
1.8239e+05
6.1199e+05
0.00044643
0.00044643
0.00044643
2.3156e+05
0.00044643
0.00044643
2.3627e+05
0.00044643
9.7118e+05
0.00044643
0.00044643
0.00044643
1.9467e+05
0.00044643
0.00044643
0.00044643
7.128e+05
5.4968e+05
0.00044643
0.00044643
2.9382e+05
2.507e+05
0.00044643
3.934e+05
0.00044643
0.00044643
0.00044643
8.8611e+05
50648
40583
2.0177e+05
0.00044643
1.4332e+05
3.7791e+05
3.0218e+05
0.00044643
2.8871e+05
0.00044643
92459
0.00044643
0.00044643
4.8417e+05
0.00044643
2.7862e+05
0.00044643
2.2014e+05
0.00044643
0.00044643
0.00044643
0.00044643
2.0804e+05
66290
4.854e+05
0.00044643
0.00044643
85842
2.9316e+05
3.4054e+05
2.1272e+05
1.0384e+05
0.00044643
0.00044643
3.0699e+05
1.8216e+05
0.00044643
0.00044643
2.2691e+05
2.8287e+05
0.00044643
0.00044643
2.3283e+05
0.00044643
1.9916e+05
0.00044643
0.00044643
9.6856e+05
4.6444e+05
1.0238e+06
1.7856e+05
3.3157e+05
1.0198e+05
98031
0.00044643
0.00044643
0.00044643
2.8038e+05
1.7186e+05
0.00044643
0.00044643
0.00044643
0.00044643
0.00044643
0.00044643
2.3637e+05
0.00044643
0.00044643
4.4537e+05
8.2436e+05
0.00044643
0.00044643
0.00044643
0.00044643
92912
0.00044643
0.00044643
0.00044643
4.1756e+05
2.9807e+05
0.00044643
0.00044643
0.00044643
0.00044643
5.8756e+05
0.00044643
1.8301e+05
0.00044643
0.00044643
3.8867e+05
0.00044643
1.4099e+05
0.00044643
0.00044643
93182
0.00044643
5.9537e+05
2.9533e+05
2.2412e+05
6.2111e+05
0.00044643
0.00044643
0.00044643
47718
1.6022e+05
8.5364e+05
7.4487e+05
0.00044643
1.8755e+05
0.00044643
0.00044643
0.00044643
3.2726e+05
1.1609e+06
0.00044643
0.00044643
3.1876e+05
1.3114e+06
0.00044643
0.00044643
1.316e+05
4.3028e+05
0.00044643
7.3875e+05
0.00044643
1.9631e+05
0.00044643
0.00044643
1.1445e+05
0.00044643
0.00044643
1.2425e+06
0.00044643
0.00044643
0.00044643
0.00044643
0.00044643
4.8873e+05
2.4032e+05
0.00044643
0.00044643
0.00044643
3.715e+05
0.00044643
0.00044643
4.0921e+05
0.00044643
0.00044643
5.1503e+05
4.3857e+05
0.00044643
0.00044643
1.9081e+05
0.00044643
3.9068e+05
69225
0.00044643
3.6557e+05
0.00044643
88011
0.00044643
0.00044643
2.2457e+05
1.2406e+05
0.00044643
1.5012e+06
2.3194e+05
2.2038e+05
0.00044643
0.00044643
0.00044643
0.00044643
5.8054e+05
1.6944e+06
0.00044643
6.3777e+05
1.2074e+06
0.00044643
0.00044643
2.5939e+05
0.00044643
0.00044643
2.164e+05
2.0906e+05
0.00044643
0.00044643
0.00044643
0.00044643
3.8394e+05
3.4063e+05
5.5158e+05
0.00044643
0.00044643
7.136e+05
53691
0.00044643
3.8166e+05
0.00044643
0.00044643
0.00044643
1.8701e+05
0.00044643
0.00044643
0.00044643
8.146e+05
0.00044643
3.8122e+05
3.3534e+05
0.00044643
8.8655e+05
2.0685e+05
5.1947e+05
5.6069e+05
4.8928e+05
2.8689e+05
1.7343e+05
92329
0.00044643
2.5316e+05
1.4718e+05
1.3359e+05
3.5007e+05
0.00044643
0.00044643
0.00044643
4.4041e+05
3.7447e+05
3.3213e+05
1.8642e+05
0.00044643
81271
0.00044643
0.00044643
0.00044643
0.00044643
4.6811e+05
0.00044643
87228
4.7786e+05
3.4248e+05
0.00044643
1.4157e+05
1.6727e+05
0.00044643
0.00044643
3.7641e+05
1.1709e+05
6.9e+05
5.3562e+05
1.2296e+05
1.0743e+06
0.00044643
1.9806e+05
3.1554e+05
93317
0.00044643
0.00044643
0.00044643
6.1663e+05
0.00044643
4.5276e+05
8.3727e+05
0.00044643
1.6983e+05
0.00044643
1.4887e+05
89601
6.795e+05
1.2681e+05
0.00044643
0.00044643
0.00044643
0.00044643
0.00044643
0.00044643
2.2339e+05
0.00044643
0.00044643
1.1289e+05
2.2892e+06
0.00044643
0.00044643
6.9141e+05
1.4804e+05
0.00044643
0.00044643
2.6157e+05
0.00044643
3.2465e+05
2.7368e+05
7.263e+05
0.00044643
1.4843e+05
0.00044643
0.00044643
0.00044643
0.00044643
0.00044643
0.00044643
0.00044643
0.00044643
0.00044643
2.9956e+05
1.8862e+05
1.6554e+05
0.00044643
1.4251e+05
1.1268e+05
5.6305e+05
5.9812e+05
0.00044643
5.379e+05
0.00044643
0.00044643
5.1828e+05
0.00044643
4.7215e+05
0.00044643
4.1639e+05
83540
2.8548e+05
1.8503e+05
2.5596e+05
7.4934e+05
0.00044643
3.0779e+05
0.00044643
1.2344e+06
1.8428e+05
0.00044643
5.1845e+05
5.8548e+05
0.00044643
0.00044643
0.00044643
2.5025e+05
0.00044643
1.4366e+05
0.00044643
0.00044643
1.0477e+05
1.3586e+06
0.00044643
0.00044643
1.7679e+05
0.00044643
0.00044643
4.2048e+05
0.00044643
0.00044643
0.00044643
6.0567e+05
3.6539e+05
0.00044643
0.00044643
0.00044643
1.9855e+05
3.7946e+05
0.00044643
3.2165e+05
75388
3.0582e+05
2.4682e+05
0.00044643
0.00044643
2.605e+05
1.9044e+05
0.00044643
1.2143e+06
0.00044643
0.00044643
4.2838e+05
0.00044643
0.00044643
0.00044643
1.061e+05
0.00044643
2.1778e+05
0.00044643
0.00044643
1.3687e+05
0.00044643
0.00044643
93019
2.743e+05
1.3985e+05
0.00044643
59587
0.00044643
2.224e+05
0.00044643
2.1411e+05
0.00044643
0.00044643
0.00044643
0.00044643
0.00044643
0.00044643
0.00044643
0.00044643
6.0298e+05
0.00044643
0.00044643
0.00044643
0.00044643
0.00044643
1.8874e+05
2.1565e+05
0.00044643
0.00044643
0.00044643
1.6126e+05
0.00044643
0.00044643
2.794e+05
0.00044643
36786
96308
0.00044643
53700
0.00044643
0.00044643
2.7803e+05
0.00044643
4.1094e+05
2.8944e+05
5.6488e+05
0.00044643
4.3487e+05
0.00044643
3.7681e+05
0.00044643
0.00044643
5.4949e+05
0.00044643
0.00044643
0.00044643
5.624e+05
9.7803e+05
0.00044643
0.00044643
0.00044643
0.00044643
0.00044643
4.1106e+05
2.8722e+05
0.00044643
2.2981e+05
1.4787e+05
1.3554e+05
72895
3.84e+05
1.7922e+05
0.00044643
0.00044643
0.00044643
1.2357e+06
0.00044643
0.00044643
3.7025e+05
0.00044643
1.7953e+05
0.00044643
0.00044643
4.2402e+05
0.00044643
2.8718e+05
1.4844e+05
0.00044643
1.3891e+05
2.474e+05
1.9411e+05
0.00044643
6.8014e+05
1.3136e+05
0.00044643
0.00044643
3.6495e+05
2.322e+05
0.00044643
0.00044643
0.00044643
0.00044643
0.00044643
5.0678e+05
0.00044643
0.00044643
1.7137e+05
3.3193e+05
0.00044643
0.00044643
0.00044643
0.00044643
0.00044643
0.00044643
1.108e+06
0.00044643
3.0422e+05
0.00044643
0.00044643
0.00044643
0.00044643
3.8555e+05
1.9476e+05
4.4171e+05
0.00044643
0.00044643
2.3112e+05
1.8747e+05
7.7558e+05
3.5197e+05
0.00044643
0.00044643
0.00044643
0.00044643
0.00044643
2.102e+05
9.1206e+05
0.00044643
1.8508e+05
0.00044643
1.6496e+05
96723
1.9605e+05
0.00044643
2.1556e+05
0.00044643
0.00044643
5.3439e+05
0.00044643
0.00044643
0.00044643
9.937e+05
4.2039e+05
0.00044643
0.00044643
0.00044643
1.9759e+05
0.00044643
1.8313e+05
2.078e+05
0.00044643
0.00044643
5.5976e+05
0.00044643
0.00044643
