-6.45e+19
-6.5444e+19
-6.9584e+19
-7.0399e+19
-7.0937e+19
-7.1127e+19
-7.242e+19
-7.4731e+19
-7.5305e+19
-7.6e+19
-7.6004e+19
-7.7784e+19
-7.828e+19
-7.9253e+19
-8.0092e+19
-8.0632e+19
-8.0844e+19
-8.1198e+19
-8.1314e+19
-8.1428e+19
-8.2608e+19
-8.2822e+19
-8.3137e+19
-8.368e+19
-8.4664e+19
-8.5027e+19
-8.523e+19
-8.5256e+19
-8.5771e+19
-8.5848e+19
-8.5905e+19
-8.64e+19
-8.6681e+19
-8.6926e+19
-8.6958e+19
-8.7013e+19
-8.7229e+19
-8.7318e+19
-8.7372e+19
-8.744e+19
-8.7646e+19
-8.8044e+19
-8.8323e+19
-8.9063e+19
-8.9349e+19
-8.9562e+19
-8.9694e+19
-9.0206e+19
-9.0222e+19
-9.0226e+19
-9.0603e+19
-9.0701e+19
-9.0792e+19
-9.0827e+19
-9.1523e+19
-9.1605e+19
-9.1621e+19
-9.1654e+19
-9.1692e+19
-9.1722e+19
-9.192e+19
-9.2025e+19
-9.2075e+19
-9.2221e+19
-9.2498e+19
-9.27e+19
-9.2791e+19
-9.2981e+19
-9.3003e+19
-9.3054e+19
-9.3304e+19
-9.345e+19
-9.368e+19
-9.3883e+19
-9.4101e+19
-9.4143e+19
-9.4206e+19
-9.4238e+19
-9.424e+19
-9.425e+19
-9.4489e+19
-9.4506e+19
-9.4507e+19
-9.4541e+19
-9.4943e+19
-9.5113e+19
-9.5201e+19
-9.5323e+19
-9.5515e+19
-9.571e+19
-9.6119e+19
-9.6256e+19
-9.6377e+19
-9.6544e+19
-9.6796e+19
-9.6983e+19
-9.7243e+19
-9.7336e+19
-9.74e+19
-9.7403e+19
-9.7585e+19
-9.7719e+19
-9.811e+19
-9.8166e+19
-9.8453e+19
-9.8567e+19
-9.9035e+19
-9.9234e+19
-9.928e+19
-9.9553e+19
-9.9795e+19
-9.9841e+19
-9.9908e+19
-1.0002e+20
-1.0011e+20
-1.0048e+20
-1.0049e+20
-1.0055e+20
-1.0071e+20
-1.0087e+20
-1.0101e+20
-1.0117e+20
-1.0131e+20
-1.0139e+20
-1.0142e+20
-1.0144e+20
-1.0156e+20
-1.0167e+20
-1.0172e+20
-1.019e+20
-1.0197e+20
-1.0216e+20
-1.0219e+20
-1.0235e+20
-1.0238e+20
-1.0262e+20
-1.0268e+20
-1.0301e+20
-1.0308e+20
-1.0321e+20
-1.0337e+20
-1.0339e+20
-1.039e+20
-1.0392e+20
-1.0426e+20
-1.0428e+20
-1.0439e+20
-1.0471e+20
-1.0473e+20
-1.0475e+20
-1.0485e+20
-1.0502e+20
-1.0504e+20
-1.0511e+20
-1.0521e+20
-1.0523e+20
-1.0524e+20
-1.0526e+20
-1.0549e+20
-1.0576e+20
-1.058e+20
-1.0592e+20
-1.0596e+20
-1.0604e+20
-1.0618e+20
-1.0621e+20
-1.0623e+20
-1.0633e+20
-1.0659e+20
-1.0689e+20
-1.069e+20
-1.0701e+20
-1.0714e+20
-1.0722e+20
-1.0733e+20
-1.075e+20
-1.0755e+20
-1.0785e+20
-1.0788e+20
-1.0788e+20
-1.0796e+20
-1.0813e+20
-1.0814e+20
-1.0825e+20
-1.0842e+20
-1.0848e+20
-1.0848e+20
-1.0868e+20
-1.0869e+20
-1.0869e+20
-1.0913e+20
-1.093e+20
-1.0938e+20
-1.0939e+20
-1.0939e+20
-1.0948e+20
-1.0968e+20
-1.0977e+20
-1.0986e+20
-1.1003e+20
-1.1009e+20
-1.1024e+20
-1.1027e+20
-1.1058e+20
-1.1065e+20
-1.1082e+20
-1.1084e+20
-1.1088e+20
-1.1106e+20
-1.111e+20
-1.1126e+20
-1.1129e+20
-1.1148e+20
-1.1151e+20
-1.1152e+20
-1.1165e+20
-1.1174e+20
-1.1182e+20
-1.1191e+20
-1.1199e+20
-1.1211e+20
-1.123e+20
-1.1231e+20
-1.1239e+20
-1.1253e+20
-1.1259e+20
-1.1271e+20
-1.1283e+20
-1.1292e+20
-1.1293e+20
-1.1293e+20
-1.1303e+20
-1.1304e+20
-1.1307e+20
-1.131e+20
-1.131e+20
-1.1315e+20
-1.1325e+20
-1.1333e+20
-1.1346e+20
-1.136e+20
-1.1364e+20
-1.137e+20
-1.1378e+20
-1.1398e+20
-1.1404e+20
-1.1406e+20
-1.142e+20
-1.1422e+20
-1.1439e+20
-1.146e+20
-1.1473e+20
-1.1474e+20
-1.149e+20
-1.1496e+20
-1.1499e+20
-1.1515e+20
-1.1515e+20
-1.1525e+20
-1.1528e+20
-1.1543e+20
-1.1577e+20
-1.1579e+20
-1.1593e+20
-1.1594e+20
-1.1594e+20
-1.1597e+20
-1.1613e+20
-1.162e+20
-1.1644e+20
-1.1662e+20
-1.1672e+20
-1.1674e+20
-1.1681e+20
-1.1686e+20
-1.1686e+20
-1.1686e+20
-1.1699e+20
-1.1707e+20
-1.171e+20
-1.1714e+20
-1.1732e+20
-1.174e+20
-1.175e+20
-1.1752e+20
-1.1763e+20
-1.1769e+20
-1.1779e+20
-1.1792e+20
-1.1798e+20
-1.1802e+20
-1.1812e+20
-1.1816e+20
-1.1817e+20
-1.1822e+20
-1.1822e+20
-1.1842e+20
-1.1849e+20
-1.1859e+20
-1.1861e+20
-1.1867e+20
-1.1874e+20
-1.1901e+20
-1.1926e+20
-1.1929e+20
-1.1939e+20
-1.195e+20
-1.1955e+20
-1.1958e+20
-1.197e+20
-1.1973e+20
-1.1979e+20
-1.1989e+20
-1.1991e+20
-1.1994e+20
-1.2007e+20
-1.2024e+20
-1.2032e+20
-1.2035e+20
-1.2044e+20
-1.2049e+20
-1.2055e+20
-1.2076e+20
-1.2082e+20
-1.2083e+20
-1.2093e+20
-1.2095e+20
-1.2096e+20
-1.2099e+20
-1.2123e+20
-1.2131e+20
-1.2145e+20
-1.2171e+20
-1.2179e+20
-1.2186e+20
-1.2189e+20
-1.2195e+20
-1.2202e+20
-1.2218e+20
-1.2221e+20
-1.2241e+20
-1.2248e+20
-1.2251e+20
-1.2253e+20
-1.2261e+20
-1.2277e+20
-1.2301e+20
-1.2301e+20
-1.2309e+20
-1.2311e+20
-1.2311e+20
-1.2327e+20
-1.2329e+20
-1.2341e+20
-1.2343e+20
-1.2352e+20
-1.2354e+20
-1.2364e+20
-1.2382e+20
-1.2385e+20
-1.2395e+20
-1.241e+20
-1.2422e+20
-1.2423e+20
-1.2449e+20
-1.2455e+20
-1.2458e+20
-1.246e+20
-1.2483e+20
-1.2497e+20
-1.2498e+20
-1.2546e+20
-1.2574e+20
-1.2588e+20
-1.2592e+20
-1.2599e+20
-1.2605e+20
-1.2608e+20
-1.2652e+20
-1.2658e+20
-1.2661e+20
-1.2688e+20
-1.2688e+20
-1.2695e+20
-1.2697e+20
-1.2698e+20
-1.2711e+20
-1.2713e+20
-1.2742e+20
-1.2749e+20
-1.2771e+20
-1.2792e+20
-1.2797e+20
-1.2839e+20
-1.2843e+20
-1.2856e+20
-1.2861e+20
-1.2871e+20
-1.2875e+20
-1.2881e+20
-1.2898e+20
-1.2902e+20
-1.2902e+20
-1.291e+20
-1.2924e+20
-1.2944e+20
-1.2956e+20
-1.2979e+20
-1.2994e+20
-1.2995e+20
-1.3012e+20
-1.3025e+20
-1.3028e+20
-1.303e+20
-1.3039e+20
-1.3047e+20
-1.3051e+20
-1.3052e+20
-1.3077e+20
-1.3079e+20
-1.312e+20
-1.3164e+20
-1.3173e+20
-1.3196e+20
-1.3203e+20
-1.3204e+20
-1.3215e+20
-1.3216e+20
-1.3218e+20
-1.322e+20
-1.3232e+20
-1.3237e+20
-1.3238e+20
-1.324e+20
-1.3242e+20
-1.3252e+20
-1.3289e+20
-1.3293e+20
-1.3298e+20
-1.3317e+20
-1.3321e+20
-1.3325e+20
-1.333e+20
-1.3338e+20
-1.3343e+20
-1.3354e+20
-1.3363e+20
-1.3363e+20
-1.3376e+20
-1.3376e+20
-1.3393e+20
-1.3408e+20
-1.3413e+20
-1.3417e+20
-1.342e+20
-1.3426e+20
-1.3429e+20
-1.3455e+20
-1.346e+20
-1.346e+20
-1.3489e+20
-1.3505e+20
-1.351e+20
-1.3512e+20
-1.3524e+20
-1.353e+20
-1.3532e+20
-1.3537e+20
-1.3542e+20
-1.3551e+20
-1.3556e+20
-1.3558e+20
-1.3594e+20
-1.3596e+20
-1.3601e+20
-1.3608e+20
-1.3613e+20
-1.3623e+20
-1.3643e+20
-1.3645e+20
-1.3651e+20
-1.3665e+20
-1.367e+20
-1.3681e+20
-1.3693e+20
-1.3718e+20
-1.3723e+20
-1.3728e+20
-1.3731e+20
-1.3735e+20
-1.3752e+20
-1.3758e+20
-1.3759e+20
-1.3766e+20
-1.3766e+20
-1.3767e+20
-1.3775e+20
-1.3776e+20
-1.3787e+20
-1.3791e+20
-1.3791e+20
-1.3794e+20
-1.3816e+20
-1.3839e+20
-1.385e+20
-1.3855e+20
-1.3856e+20
-1.3869e+20
-1.3882e+20
-1.3886e+20
-1.3901e+20
-1.3901e+20
-1.3921e+20
-1.3928e+20
-1.393e+20
-1.3972e+20
-1.3979e+20
-1.3999e+20
-1.401e+20
-1.4025e+20
-1.4039e+20
-1.4054e+20
-1.406e+20
-1.4068e+20
-1.4077e+20
-1.4083e+20
-1.4088e+20
-1.41e+20
-1.4101e+20
-1.4105e+20
-1.4107e+20
-1.4112e+20
-1.4118e+20
-1.4152e+20
-1.4158e+20
-1.4164e+20
-1.4189e+20
-1.4218e+20
-1.4221e+20
-1.4224e+20
-1.4232e+20
-1.4235e+20
-1.4245e+20
-1.4254e+20
-1.4257e+20
-1.427e+20
-1.4271e+20
-1.4273e+20
-1.4277e+20
-1.428e+20
-1.4288e+20
-1.4288e+20
-1.4307e+20
-1.4311e+20
-1.4312e+20
-1.4315e+20
-1.4319e+20
-1.4359e+20
-1.4361e+20
-1.4367e+20
-1.4391e+20
-1.4428e+20
-1.4437e+20
-1.445e+20
-1.4461e+20
-1.4501e+20
-1.4505e+20
-1.4506e+20
-1.4508e+20
-1.4512e+20
-1.4529e+20
-1.4538e+20
-1.4546e+20
-1.4548e+20
-1.4553e+20
-1.4568e+20
-1.4575e+20
-1.4581e+20
-1.459e+20
-1.4591e+20
-1.4592e+20
-1.4615e+20
-1.4615e+20
-1.4619e+20
-1.462e+20
-1.4622e+20
-1.4639e+20
-1.4644e+20
-1.4644e+20
-1.4646e+20
-1.4657e+20
-1.4671e+20
-1.4675e+20
-1.4676e+20
-1.4687e+20
-1.4693e+20
-1.4694e+20
-1.471e+20
-1.4711e+20
-1.4718e+20
-1.4729e+20
-1.4731e+20
-1.4733e+20
-1.4737e+20
-1.4754e+20
-1.4756e+20
-1.4793e+20
-1.4804e+20
-1.4813e+20
-1.4843e+20
-1.4845e+20
-1.4877e+20
-1.4885e+20
-1.4893e+20
-1.49e+20
-1.4902e+20
-1.4914e+20
-1.4917e+20
-1.4919e+20
-1.4926e+20
-1.4929e+20
-1.4933e+20
-1.4951e+20
-1.4956e+20
-1.4961e+20
-1.4967e+20
-1.4988e+20
-1.4997e+20
-1.4997e+20
-1.5e+20
-1.501e+20
-1.502e+20
-1.5022e+20
-1.5029e+20
-1.5033e+20
-1.504e+20
-1.5049e+20
-1.5062e+20
-1.5073e+20
-1.5082e+20
-1.5084e+20
-1.5098e+20
-1.511e+20
-1.5122e+20
-1.5126e+20
-1.5136e+20
-1.5152e+20
-1.5165e+20
-1.5175e+20
-1.5177e+20
-1.5181e+20
-1.5181e+20
-1.5188e+20
-1.5189e+20
-1.5192e+20
-1.5198e+20
-1.5219e+20
-1.5223e+20
-1.5246e+20
-1.5254e+20
-1.5259e+20
-1.5273e+20
-1.5277e+20
-1.5287e+20
-1.5293e+20
-1.5305e+20
-1.5308e+20
-1.533e+20
-1.5341e+20
-1.5344e+20
-1.5348e+20
-1.5356e+20
-1.5359e+20
-1.5377e+20
-1.5381e+20
-1.5407e+20
-1.5412e+20
-1.5441e+20
-1.5448e+20
-1.5468e+20
-1.5484e+20
-1.5498e+20
-1.5508e+20
-1.5513e+20
-1.5514e+20
-1.553e+20
-1.5531e+20
-1.5533e+20
-1.5541e+20
-1.5545e+20
-1.5545e+20
-1.5562e+20
-1.5565e+20
-1.5566e+20
-1.5568e+20
-1.5603e+20
-1.5622e+20
-1.5625e+20
-1.5635e+20
-1.5661e+20
-1.5664e+20
-1.5667e+20
-1.5691e+20
-1.5697e+20
-1.5711e+20
-1.5718e+20
-1.5718e+20
-1.572e+20
-1.5723e+20
-1.5733e+20
-1.5734e+20
-1.5748e+20
-1.5756e+20
-1.5758e+20
-1.5762e+20
-1.5778e+20
-1.5784e+20
-1.5784e+20
-1.5795e+20
-1.5805e+20
-1.5844e+20
-1.5849e+20
-1.586e+20
-1.5866e+20
-1.587e+20
-1.5902e+20
-1.5903e+20
-1.5915e+20
-1.5921e+20
-1.5928e+20
-1.5937e+20
-1.5961e+20
-1.5968e+20
-1.5976e+20
-1.5986e+20
-1.5993e+20
-1.5997e+20
-1.6008e+20
-1.6017e+20
-1.6031e+20
-1.6037e+20
-1.6038e+20
-1.6047e+20
-1.6058e+20
-1.6086e+20
-1.6132e+20
-1.6157e+20
-1.6172e+20
-1.618e+20
-1.6183e+20
-1.6196e+20
-1.6211e+20
-1.624e+20
-1.6265e+20
-1.6265e+20
-1.6286e+20
-1.6293e+20
-1.6293e+20
-1.6315e+20
-1.6316e+20
-1.6321e+20
-1.6321e+20
-1.6323e+20
-1.6335e+20
-1.6356e+20
-1.636e+20
-1.6369e+20
-1.6384e+20
-1.6386e+20
-1.6392e+20
-1.6392e+20
-1.6398e+20
-1.6415e+20
-1.6438e+20
-1.6441e+20
-1.6443e+20
-1.6455e+20
-1.6461e+20
-1.6464e+20
-1.6465e+20
-1.6469e+20
-1.6472e+20
-1.6498e+20
-1.6502e+20
-1.6518e+20
-1.6528e+20
-1.6529e+20
-1.6531e+20
-1.6532e+20
-1.6534e+20
-1.6539e+20
-1.655e+20
-1.6558e+20
-1.6559e+20
-1.6565e+20
-1.6579e+20
-1.6585e+20
-1.659e+20
-1.6597e+20
-1.6602e+20
-1.6614e+20
-1.6622e+20
-1.6645e+20
-1.6661e+20
-1.6675e+20
-1.6677e+20
-1.6678e+20
-1.6681e+20
-1.6691e+20
-1.6692e+20
-1.674e+20
-1.6749e+20
-1.6755e+20
-1.6757e+20
-1.6759e+20
-1.6762e+20
-1.6767e+20
-1.6772e+20
-1.678e+20
-1.6785e+20
-1.6792e+20
-1.6801e+20
-1.6807e+20
-1.6828e+20
-1.6842e+20
-1.6844e+20
-1.6853e+20
-1.688e+20
-1.6896e+20
-1.6902e+20
-1.6918e+20
-1.6926e+20
-1.693e+20
-1.6942e+20
-1.6949e+20
-1.6949e+20
-1.6951e+20
-1.6971e+20
-1.6977e+20
-1.6987e+20
-1.6994e+20
-1.6997e+20
-1.6998e+20
-1.7002e+20
-1.7018e+20
-1.7018e+20
-1.7022e+20
-1.7023e+20
-1.7027e+20
-1.7034e+20
-1.7058e+20
-1.7062e+20
-1.7067e+20
-1.7069e+20
-1.7081e+20
-1.7084e+20
-1.7091e+20
-1.7092e+20
-1.71e+20
-1.713e+20
-1.7137e+20
-1.7161e+20
-1.7175e+20
-1.7197e+20
-1.7198e+20
-1.7224e+20
-1.7228e+20
-1.7231e+20
-1.7236e+20
-1.7245e+20
-1.7255e+20
-1.726e+20
-1.7263e+20
-1.7267e+20
-1.7277e+20
-1.7282e+20
-1.7301e+20
-1.7318e+20
-1.7321e+20
-1.7376e+20
-1.7388e+20
-1.7399e+20
-1.7411e+20
-1.7413e+20
-1.7421e+20
-1.7432e+20
-1.7439e+20
-1.7443e+20
-1.7453e+20
-1.7462e+20
-1.7471e+20
-1.7476e+20
-1.7484e+20
-1.7495e+20
-1.7506e+20
-1.7517e+20
-1.7528e+20
-1.756e+20
-1.7577e+20
-1.7577e+20
-1.7581e+20
-1.7583e+20
-1.7595e+20
-1.7599e+20
-1.7604e+20
-1.7606e+20
-1.7607e+20
-1.7609e+20
-1.7616e+20
-1.7632e+20
-1.7643e+20
-1.7645e+20
-1.7661e+20
-1.7682e+20
-1.7684e+20
-1.7704e+20
-1.7708e+20
-1.7709e+20
-1.7713e+20
-1.7721e+20
-1.7729e+20
-1.7759e+20
-1.7776e+20
-1.7791e+20
-1.7812e+20
-1.7825e+20
-1.7828e+20
-1.7867e+20
-1.7871e+20
-1.7872e+20
-1.7893e+20
-1.7894e+20
-1.7916e+20
-1.7918e+20
-1.7923e+20
-1.7925e+20
-1.7928e+20
-1.7941e+20
-1.7948e+20
-1.7961e+20
-1.7965e+20
-1.7988e+20
-1.8e+20
-1.8014e+20
-1.803e+20
-1.8034e+20
-1.8041e+20
-1.8043e+20
-1.806e+20
-1.8076e+20
-1.8088e+20
-1.8099e+20
-1.8106e+20
-1.8121e+20
-1.8125e+20
-1.8126e+20
-1.8144e+20
-1.8181e+20
-1.8192e+20
-1.8195e+20
-1.821e+20
-1.8219e+20
-1.8225e+20
-1.8237e+20
-1.8239e+20
-1.8251e+20
-1.8268e+20
-1.8276e+20
-1.8279e+20
-1.8301e+20
-1.8309e+20
-1.8326e+20
-1.8327e+20
-1.8373e+20
-1.8404e+20
-1.8408e+20
-1.8421e+20
-1.8438e+20
-1.8444e+20
-1.8449e+20
-1.8469e+20
-1.8475e+20
-1.8523e+20
-1.8536e+20
-1.8538e+20
-1.8574e+20
-1.858e+20
-1.8582e+20
-1.8615e+20
-1.8635e+20
-1.8639e+20
-1.8652e+20
-1.8655e+20
-1.8664e+20
-1.8667e+20
-1.8676e+20
-1.8678e+20
-1.8679e+20
-1.869e+20
-1.8708e+20
-1.8731e+20
-1.8732e+20
-1.8791e+20
-1.8803e+20
-1.8804e+20
-1.8806e+20
-1.8853e+20
-1.8875e+20
-1.8888e+20
-1.8906e+20
-1.8918e+20
-1.893e+20
-1.8942e+20
-1.8961e+20
-1.8968e+20
-1.8974e+20
-1.8995e+20
-1.9041e+20
-1.9049e+20
-1.9049e+20
-1.9056e+20
-1.906e+20
-1.9063e+20
-1.9093e+20
-1.9097e+20
-1.9112e+20
-1.9128e+20
-1.9138e+20
-1.915e+20
-1.9163e+20
-1.9164e+20
-1.9176e+20
-1.9184e+20
-1.9288e+20
-1.9298e+20
-1.9306e+20
-1.9316e+20
-1.9318e+20
-1.9322e+20
-1.9323e+20
-1.9358e+20
-1.9358e+20
-1.9362e+20
-1.937e+20
-1.9372e+20
-1.9378e+20
-1.9396e+20
-1.9398e+20
-1.9411e+20
-1.9414e+20
-1.9424e+20
-1.9445e+20
-1.9454e+20
-1.9454e+20
-1.946e+20
-1.9478e+20
-1.9483e+20
-1.9484e+20
-1.9485e+20
-1.9497e+20
-1.9501e+20
-1.9517e+20
-1.956e+20
-1.9584e+20
-1.9587e+20
-1.9618e+20
-1.9632e+20
-1.965e+20
-1.9651e+20
-1.9659e+20
-1.97e+20
-1.9701e+20
-1.9719e+20
-1.976e+20
-1.9778e+20
-1.9789e+20
-1.9795e+20
-1.9798e+20
-1.9814e+20
-1.9814e+20
-1.9821e+20
-1.9836e+20
-1.984e+20
-1.984e+20
-1.9845e+20
-1.9846e+20
-1.9864e+20
-1.9893e+20
-1.9901e+20
-1.9902e+20
-1.9904e+20
-1.9922e+20
-1.9927e+20
-1.9932e+20
-1.9949e+20
-1.9963e+20
-1.997e+20
-1.9996e+20
-2.0003e+20
-2.0005e+20
-2.0038e+20
-2.0065e+20
-2.008e+20
-2.0086e+20
-2.0154e+20
-2.0158e+20
-2.0161e+20
-2.0165e+20
-2.0169e+20
-2.0196e+20
-2.0239e+20
-2.0276e+20
-2.0281e+20
-2.029e+20
-2.0306e+20
-2.0307e+20
-2.0318e+20
-2.0328e+20
-2.0359e+20
-2.0374e+20
-2.0409e+20
-2.0425e+20
-2.0427e+20
-2.0427e+20
-2.0437e+20
-2.0442e+20
-2.0481e+20
-2.0485e+20
-2.0487e+20
-2.0488e+20
-2.0495e+20
-2.0498e+20
-2.0506e+20
-2.0509e+20
-2.053e+20
-2.0549e+20
-2.0567e+20
-2.0578e+20
-2.0578e+20
-2.0599e+20
-2.064e+20
-2.0655e+20
-2.0668e+20
-2.0673e+20
-2.0674e+20
-2.0684e+20
-2.0725e+20
-2.0727e+20
-2.0741e+20
-2.0743e+20
-2.0749e+20
-2.0761e+20
-2.0764e+20
-2.0773e+20
-2.0775e+20
-2.0779e+20
-2.0791e+20
-2.0796e+20
-2.0797e+20
-2.0808e+20
-2.0814e+20
-2.0822e+20
-2.0826e+20
-2.0843e+20
-2.0871e+20
-2.09e+20
-2.0946e+20
-2.0976e+20
-2.0978e+20
-2.0987e+20
-2.1032e+20
-2.1044e+20
-2.1057e+20
-2.1059e+20
-2.1061e+20
-2.1064e+20
-2.1074e+20
-2.1077e+20
-2.1082e+20
-2.1122e+20
-2.1125e+20
-2.1129e+20
-2.1132e+20
-2.1133e+20
-2.1155e+20
-2.116e+20
-2.1167e+20
-2.1168e+20
-2.1174e+20
-2.1182e+20
-2.1185e+20
-2.1254e+20
-2.1261e+20
-2.1288e+20
-2.1337e+20
-2.139e+20
-2.141e+20
-2.1429e+20
-2.1442e+20
-2.1444e+20
-2.1452e+20
-2.1456e+20
-2.1521e+20
-2.1525e+20
-2.153e+20
-2.1531e+20
-2.1532e+20
-2.1536e+20
-2.1548e+20
-2.1558e+20
-2.1566e+20
-2.1572e+20
-2.1573e+20
-2.1577e+20
-2.1579e+20
-2.1602e+20
-2.1604e+20
-2.1605e+20
-2.1611e+20
-2.1618e+20
-2.162e+20
-2.1625e+20
-2.1625e+20
-2.1626e+20
-2.1639e+20
-2.1639e+20
-2.1677e+20
-2.1678e+20
-2.1693e+20
-2.1733e+20
-2.1736e+20
-2.174e+20
-2.1767e+20
-2.1769e+20
-2.177e+20
-2.1783e+20
-2.1803e+20
-2.1831e+20
-2.1845e+20
-2.1861e+20
-2.1875e+20
-2.1894e+20
-2.1898e+20
-2.1898e+20
-2.1911e+20
-2.1971e+20
-2.1979e+20
-2.1999e+20
-2.2018e+20
-2.2045e+20
-2.2046e+20
-2.2054e+20
-2.2071e+20
-2.2075e+20
-2.2078e+20
-2.2083e+20
-2.2095e+20
-2.21e+20
-2.211e+20
-2.2123e+20
-2.2139e+20
-2.2156e+20
-2.2165e+20
-2.2166e+20
-2.2173e+20
-2.2179e+20
-2.2211e+20
-2.2235e+20
-2.2249e+20
-2.2261e+20
-2.2301e+20
-2.2308e+20
-2.2319e+20
-2.2334e+20
-2.2353e+20
-2.2357e+20
-2.237e+20
-2.2381e+20
-2.2386e+20
-2.2404e+20
-2.2436e+20
-2.2455e+20
-2.246e+20
-2.2477e+20
-2.248e+20
-2.254e+20
-2.2542e+20
-2.2564e+20
-2.2565e+20
-2.2566e+20
-2.2572e+20
-2.2577e+20
-2.2603e+20
-2.2609e+20
-2.2615e+20
-2.2644e+20
-2.2662e+20
-2.2672e+20
-2.2674e+20
-2.2689e+20
-2.2689e+20
-2.2699e+20
-2.2701e+20
-2.2743e+20
-2.2782e+20
-2.2818e+20
-2.2831e+20
-2.2836e+20
-2.2837e+20
-2.2859e+20
-2.2861e+20
-2.2888e+20
-2.2946e+20
-2.2952e+20
-2.2984e+20
-2.3023e+20
-2.3028e+20
-2.3082e+20
-2.3093e+20
-2.3096e+20
-2.3105e+20
-2.3105e+20
-2.311e+20
-2.3111e+20
-2.3127e+20
-2.314e+20
-2.3144e+20
-2.3145e+20
-2.3148e+20
-2.3156e+20
-2.3164e+20
-2.3181e+20
-2.319e+20
-2.3199e+20
-2.32e+20
-2.3214e+20
-2.3221e+20
-2.3222e+20
-2.3229e+20
-2.3242e+20
-2.3259e+20
-2.3261e+20
-2.3314e+20
-2.332e+20
-2.3338e+20
-2.3341e+20
-2.3373e+20
-2.3375e+20
-2.3397e+20
-2.341e+20
-2.3414e+20
-2.3461e+20
-2.3485e+20
-2.3506e+20
-2.3535e+20
-2.3561e+20
-2.3584e+20
-2.3601e+20
-2.3602e+20
-2.3605e+20
-2.3605e+20
-2.3615e+20
-2.3625e+20
-2.3632e+20
-2.3641e+20
-2.3642e+20
-2.3649e+20
-2.3658e+20
-2.3684e+20
-2.3692e+20
-2.3692e+20
-2.37e+20
-2.3707e+20
-2.3747e+20
-2.3762e+20
-2.3767e+20
-2.3779e+20
-2.3788e+20
-2.3789e+20
-2.3791e+20
-2.3817e+20
-2.3817e+20
-2.3862e+20
-2.3886e+20
-2.3922e+20
-2.3929e+20
-2.3948e+20
-2.3951e+20
-2.3964e+20
-2.3981e+20
-2.3983e+20
-2.3985e+20
-2.4003e+20
-2.4007e+20
-2.4011e+20
-2.4014e+20
-2.4022e+20
-2.4035e+20
-2.4044e+20
-2.4084e+20
-2.4105e+20
-2.4112e+20
-2.4119e+20
-2.4151e+20
-2.42e+20
-2.4209e+20
-2.4218e+20
-2.4221e+20
-2.4279e+20
-2.4284e+20
-2.4329e+20
-2.433e+20
-2.4344e+20
-2.4345e+20
-2.4389e+20
-2.4405e+20
-2.4435e+20
-2.4481e+20
-2.4481e+20
-2.453e+20
-2.453e+20
-2.4537e+20
-2.4565e+20
-2.4572e+20
-2.4582e+20
-2.459e+20
-2.459e+20
-2.4595e+20
-2.4616e+20
-2.4622e+20
-2.4637e+20
-2.4656e+20
-2.47e+20
-2.4702e+20
-2.4708e+20
-2.4717e+20
-2.4722e+20
-2.4755e+20
-2.4769e+20
-2.4772e+20
-2.4779e+20
-2.4779e+20
-2.4785e+20
-2.4796e+20
-2.4802e+20
-2.482e+20
-2.4824e+20
-2.4857e+20
-2.4889e+20
-2.494e+20
-2.4953e+20
-2.4964e+20
-2.4982e+20
-2.5021e+20
-2.5026e+20
-2.5028e+20
-2.5029e+20
-2.503e+20
-2.504e+20
-2.5047e+20
-2.5073e+20
-2.5077e+20
-2.5103e+20
-2.5118e+20
-2.5139e+20
-2.5161e+20
-2.5198e+20
-2.5209e+20
-2.5249e+20
-2.5274e+20
-2.5309e+20
-2.5318e+20
-2.5318e+20
-2.5353e+20
-2.5373e+20
-2.5382e+20
-2.541e+20
-2.5415e+20
-2.5424e+20
-2.5426e+20
-2.544e+20
-2.546e+20
-2.5464e+20
-2.5471e+20
-2.5471e+20
-2.549e+20
-2.55e+20
-2.5508e+20
-2.5549e+20
-2.5607e+20
-2.5621e+20
-2.5622e+20
-2.5624e+20
-2.5628e+20
-2.5671e+20
-2.5689e+20
-2.5704e+20
-2.572e+20
-2.5732e+20
-2.5771e+20
-2.5804e+20
-2.5846e+20
-2.5877e+20
-2.5888e+20
-2.5935e+20
-2.5937e+20
-2.5942e+20
-2.5945e+20
-2.5951e+20
-2.596e+20
-2.597e+20
-2.6021e+20
-2.6043e+20
-2.605e+20
-2.6082e+20
-2.6105e+20
-2.6115e+20
-2.6127e+20
-2.613e+20
-2.6169e+20
-2.6178e+20
-2.6221e+20
-2.6319e+20
-2.6352e+20
-2.6352e+20
-2.6357e+20
-2.637e+20
-2.6378e+20
-2.6414e+20
-2.6418e+20
-2.6505e+20
-2.6526e+20
-2.6532e+20
-2.6534e+20
-2.654e+20
-2.6575e+20
-2.6595e+20
-2.6608e+20
-2.6629e+20
-2.6638e+20
-2.6697e+20
-2.678e+20
-2.679e+20
-2.6791e+20
-2.6793e+20
-2.6809e+20
-2.6819e+20
-2.6852e+20
-2.6861e+20
-2.6924e+20
-2.6955e+20
-2.6959e+20
-2.6976e+20
-2.7013e+20
-2.703e+20
-2.7091e+20
-2.7161e+20
-2.7186e+20
-2.7188e+20
-2.7202e+20
-2.7205e+20
-2.7219e+20
-2.7223e+20
-2.7225e+20
-2.724e+20
-2.7251e+20
-2.7286e+20
-2.7308e+20
-2.7325e+20
-2.7336e+20
-2.7348e+20
-2.7372e+20
-2.7384e+20
-2.7401e+20
-2.7438e+20
-2.7439e+20
-2.7449e+20
-2.745e+20
-2.7472e+20
-2.7478e+20
-2.7482e+20
-2.7483e+20
-2.7521e+20
-2.755e+20
-2.7559e+20
-2.7585e+20
-2.7606e+20
-2.7632e+20
-2.7643e+20
-2.7685e+20
-2.7685e+20
-2.7693e+20
-2.7721e+20
-2.7783e+20
-2.7803e+20
-2.7817e+20
-2.7884e+20
-2.7951e+20
-2.7976e+20
-2.798e+20
-2.7988e+20
-2.799e+20
-2.7993e+20
-2.8019e+20
-2.8049e+20
-2.8062e+20
-2.8068e+20
-2.8095e+20
-2.8115e+20
-2.8124e+20
-2.8129e+20
-2.8133e+20
-2.8152e+20
-2.8176e+20
-2.8191e+20
-2.8291e+20
-2.8305e+20
-2.8333e+20
-2.8345e+20
-2.8358e+20
-2.8372e+20
-2.8431e+20
-2.8449e+20
-2.8492e+20
-2.8512e+20
-2.8544e+20
-2.8599e+20
-2.861e+20
-2.8614e+20
-2.8642e+20
-2.8666e+20
-2.867e+20
-2.8686e+20
-2.8699e+20
-2.8738e+20
-2.8781e+20
-2.8784e+20
-2.8797e+20
-2.8857e+20
-2.891e+20
-2.8913e+20
-2.8925e+20
-2.8926e+20
-2.8929e+20
-2.8933e+20
-2.8949e+20
-2.895e+20
-2.8958e+20
-2.8976e+20
-2.9018e+20
-2.9032e+20
-2.9065e+20
-2.9084e+20
-2.9129e+20
-2.9168e+20
-2.9173e+20
-2.9243e+20
-2.9259e+20
-2.9271e+20
-2.9286e+20
-2.9301e+20
-2.9309e+20
-2.932e+20
-2.9393e+20
-2.9396e+20
-2.9405e+20
-2.9427e+20
-2.948e+20
-2.9516e+20
-2.953e+20
-2.9605e+20
-2.9641e+20
-2.9668e+20
-2.967e+20
-2.9674e+20
-2.9709e+20
-2.9712e+20
-2.9765e+20
-2.9826e+20
-2.9835e+20
-2.9879e+20
-2.9879e+20
-2.9885e+20
-2.9893e+20
-2.9936e+20
-2.9945e+20
-2.9947e+20
-2.9955e+20
-2.9958e+20
-2.9969e+20
-2.9998e+20
-3.0014e+20
-3.0086e+20
-3.0087e+20
-3.0128e+20
-3.0137e+20
-3.0151e+20
-3.0217e+20
-3.023e+20
-3.0239e+20
-3.0254e+20
-3.0257e+20
-3.0274e+20
-3.0277e+20
-3.0344e+20
-3.0353e+20
-3.0412e+20
-3.0427e+20
-3.0429e+20
-3.0432e+20
-3.0448e+20
-3.0459e+20
-3.0486e+20
-3.0493e+20
-3.0535e+20
-3.0547e+20
-3.0571e+20
-3.0575e+20
-3.0575e+20
-3.06e+20
-3.0607e+20
-3.0609e+20
-3.0686e+20
-3.0745e+20
-3.0761e+20
-3.0784e+20
-3.0809e+20
-3.0893e+20
-3.0917e+20
-3.0919e+20
-3.092e+20
-3.0929e+20
-3.0941e+20
-3.0984e+20
-3.0998e+20
-3.1001e+20
-3.1013e+20
-3.1023e+20
-3.1091e+20
-3.1112e+20
-3.1168e+20
-3.1173e+20
-3.1224e+20
-3.1249e+20
-3.1261e+20
-3.1272e+20
-3.1281e+20
-3.1286e+20
-3.1291e+20
-3.1319e+20
-3.1334e+20
-3.1353e+20
-3.1357e+20
-3.1385e+20
-3.1405e+20
-3.1412e+20
-3.142e+20
-3.1427e+20
-3.143e+20
-3.146e+20
-3.1464e+20
-3.1503e+20
-3.1514e+20
-3.1514e+20
-3.1542e+20
-3.1561e+20
-3.1574e+20
-3.1581e+20
-3.1635e+20
-3.1668e+20
-3.1674e+20
-3.1705e+20
-3.1717e+20
-3.1735e+20
-3.1762e+20
-3.1768e+20
-3.1773e+20
-3.1801e+20
-3.1828e+20
-3.1845e+20
-3.1847e+20
-3.185e+20
-3.1879e+20
-3.1886e+20
-3.1887e+20
-3.1888e+20
-3.1916e+20
-3.1933e+20
-3.2006e+20
-3.2039e+20
-3.2045e+20
-3.2059e+20
-3.2059e+20
-3.2073e+20
-3.2154e+20
-3.2159e+20
-3.221e+20
-3.2239e+20
-3.2264e+20
-3.2274e+20
-3.2292e+20
-3.2295e+20
-3.2311e+20
-3.2319e+20
-3.2324e+20
-3.2332e+20
-3.2355e+20
-3.2374e+20
-3.2374e+20
-3.2398e+20
-3.2428e+20
-3.2453e+20
-3.2491e+20
-3.25e+20
-3.2553e+20
-3.2555e+20
-3.2563e+20
-3.2594e+20
-3.2695e+20
-3.271e+20
-3.2757e+20
-3.2771e+20
-3.2807e+20
-3.2809e+20
-3.281e+20
-3.2863e+20
-3.2893e+20
-3.2921e+20
-3.2922e+20
-3.2957e+20
-3.298e+20
-3.2992e+20
-3.306e+20
-3.308e+20
-3.3109e+20
-3.3156e+20
-3.3159e+20
-3.3166e+20
-3.3184e+20
-3.3206e+20
-3.3213e+20
-3.3217e+20
-3.3218e+20
-3.3238e+20
-3.3254e+20
-3.3261e+20
-3.3294e+20
-3.3314e+20
-3.3315e+20
-3.3326e+20
-3.3353e+20
-3.3367e+20
-3.3367e+20
-3.3386e+20
-3.3393e+20
-3.34e+20
-3.3419e+20
-3.3427e+20
-3.3436e+20
-3.3488e+20
-3.3492e+20
-3.3518e+20
-3.3557e+20
-3.363e+20
-3.3636e+20
-3.3636e+20
-3.3651e+20
-3.3675e+20
-3.3706e+20
-3.3743e+20
-3.3759e+20
-3.3796e+20
-3.3801e+20
-3.3803e+20
-3.3835e+20
-3.3877e+20
-3.3878e+20
-3.3879e+20
-3.3929e+20
-3.3934e+20
-3.3934e+20
-3.3952e+20
-3.396e+20
-3.4023e+20
-3.4027e+20
-3.4028e+20
-3.4048e+20
-3.405e+20
-3.4058e+20
-3.4119e+20
-3.4136e+20
-3.4144e+20
-3.417e+20
-3.4176e+20
-3.4183e+20
-3.42e+20
-3.4207e+20
-3.4277e+20
-3.4317e+20
-3.4351e+20
-3.4366e+20
-3.439e+20
-3.4399e+20
-3.4402e+20
-3.4416e+20
-3.4426e+20
-3.4466e+20
-3.4481e+20
-3.4501e+20
-3.4542e+20
-3.4553e+20
-3.4561e+20
-3.4561e+20
-3.4575e+20
-3.4594e+20
-3.4595e+20
-3.4618e+20
-3.4621e+20
-3.4651e+20
-3.4657e+20
-3.4662e+20
-3.4682e+20
-3.4699e+20
-3.4719e+20
-3.4748e+20
-3.4771e+20
-3.4773e+20
-3.4786e+20
-3.4797e+20
-3.4804e+20
-3.4809e+20
-3.4811e+20
-3.4817e+20
-3.4834e+20
-3.4844e+20
-3.4862e+20
-3.4883e+20
-3.4889e+20
-3.4896e+20
-3.4941e+20
-3.4947e+20
-3.4982e+20
-3.5025e+20
-3.5083e+20
-3.5085e+20
-3.5096e+20
-3.5127e+20
-3.5134e+20
-3.5157e+20
-3.5169e+20
-3.519e+20
-3.5216e+20
-3.5247e+20
-3.5248e+20
-3.5275e+20
-3.5341e+20
-3.5341e+20
-3.5349e+20
-3.5383e+20
-3.5385e+20
-3.5424e+20
-3.549e+20
-3.5493e+20
-3.5506e+20
-3.5531e+20
-3.5537e+20
-3.5558e+20
-3.5581e+20
-3.5713e+20
-3.5727e+20
-3.5837e+20
-3.584e+20
-3.5843e+20
-3.5852e+20
-3.5881e+20
-3.5882e+20
-3.5883e+20
-3.5884e+20
-3.5886e+20
-3.5913e+20
-3.5948e+20
-3.5965e+20
-3.5989e+20
-3.6011e+20
-3.6158e+20
-3.6173e+20
-3.6199e+20
-3.6274e+20
-3.6291e+20
-3.63e+20
-3.6302e+20
-3.6329e+20
-3.641e+20
-3.6413e+20
-3.643e+20
-3.6469e+20
-3.647e+20
-3.6493e+20
-3.6503e+20
-3.658e+20
-3.6618e+20
-3.6648e+20
-3.6676e+20
-3.6689e+20
-3.6759e+20
-3.6778e+20
-3.6785e+20
-3.6789e+20
-3.6797e+20
-3.6829e+20
-3.687e+20
-3.6883e+20
-3.6891e+20
-3.6893e+20
-3.695e+20
-3.6974e+20
-3.6999e+20
-3.7002e+20
-3.7009e+20
-3.7026e+20
-3.7032e+20
-3.704e+20
-3.7071e+20
-3.7074e+20
-3.7084e+20
-3.7092e+20
-3.7099e+20
-3.7175e+20
-3.7179e+20
-3.7205e+20
-3.7216e+20
-3.7321e+20
-3.7337e+20
-3.7368e+20
-3.739e+20
-3.7401e+20
-3.7418e+20
-3.7426e+20
-3.7462e+20
-3.7463e+20
-3.7464e+20
-3.7479e+20
-3.7483e+20
-3.7504e+20
-3.7523e+20
-3.7531e+20
-3.7533e+20
-3.7554e+20
-3.7653e+20
-3.7658e+20
-3.7668e+20
-3.7676e+20
-3.7757e+20
-3.7767e+20
-3.7784e+20
-3.779e+20
-3.7796e+20
-3.7804e+20
-3.7822e+20
-3.7836e+20
-3.7894e+20
-3.7905e+20
-3.7913e+20
-3.7918e+20
-3.7921e+20
-3.7927e+20
-3.7937e+20
-3.7953e+20
-3.7953e+20
-3.7964e+20
-3.7977e+20
-3.8007e+20
-3.8025e+20
-3.8038e+20
-3.8039e+20
-3.8054e+20
-3.8061e+20
-3.807e+20
-3.807e+20
-3.8079e+20
-3.8081e+20
-3.8083e+20
-3.81e+20
-3.8111e+20
-3.8193e+20
-3.8212e+20
-3.8238e+20
-3.8261e+20
-3.8267e+20
-3.8276e+20
-3.8312e+20
-3.8334e+20
-3.8335e+20
-3.8348e+20
-3.8355e+20
-3.8362e+20
-3.84e+20
-3.8412e+20
-3.8429e+20
-3.8436e+20
-3.8447e+20
-3.8518e+20
-3.8546e+20
-3.8553e+20
-3.8574e+20
-3.8677e+20
-3.8702e+20
-3.8734e+20
-3.8735e+20
-3.8747e+20
-3.8773e+20
-3.8775e+20
-3.8777e+20
-3.8812e+20
-3.8857e+20
-3.8865e+20
-3.8894e+20
-3.8934e+20
-3.8985e+20
-3.8987e+20
-3.899e+20
-3.8998e+20
-3.9013e+20
-3.9081e+20
-3.9146e+20
-3.9161e+20
-3.9196e+20
-3.9214e+20
-3.9241e+20
-3.9256e+20
-3.9285e+20
-3.9294e+20
-3.9304e+20
-3.9362e+20
-3.9393e+20
-3.9439e+20
-3.9477e+20
-3.959e+20
-3.9592e+20
-3.9619e+20
-3.9629e+20
-3.9633e+20
-3.9634e+20
-3.965e+20
-3.966e+20
-3.9668e+20
-3.9673e+20
-3.969e+20
-3.972e+20
-3.977e+20
-3.979e+20
-3.9843e+20
-3.9855e+20
-3.987e+20
-3.9893e+20
-3.9964e+20
-3.9983e+20
-3.9985e+20
-3.9999e+20
-4.002e+20
-4.0052e+20
-4.0087e+20
-4.0125e+20
-4.0171e+20
-4.0194e+20
-4.0199e+20
-4.0211e+20
-4.0235e+20
-4.0272e+20
-4.0274e+20
-4.0282e+20
-4.0299e+20
-4.0334e+20
-4.0364e+20
-4.0396e+20
-4.0439e+20
-4.0463e+20
-4.0468e+20
-4.047e+20
-4.0474e+20
-4.0534e+20
-4.0561e+20
-4.0645e+20
-4.0693e+20
-4.0717e+20
-4.0726e+20
-4.0736e+20
-4.076e+20
-4.0779e+20
-4.081e+20
-4.0818e+20
-4.0848e+20
-4.0891e+20
-4.09e+20
-4.0911e+20
-4.0959e+20
-4.0962e+20
-4.1057e+20
-4.1063e+20
-4.1124e+20
-4.1179e+20
-4.1219e+20
-4.1282e+20
-4.1287e+20
-4.1291e+20
-4.1316e+20
-4.1327e+20
-4.1328e+20
-4.1339e+20
-4.1347e+20
-4.1351e+20
-4.1386e+20
-4.1415e+20
-4.1434e+20
-4.144e+20
-4.1464e+20
-4.1494e+20
-4.1542e+20
-4.1563e+20
-4.1577e+20
-4.1634e+20
-4.166e+20
-4.1743e+20
-4.1745e+20
-4.1755e+20
-4.1776e+20
-4.1778e+20
-4.1804e+20
-4.1832e+20
-4.1853e+20
-4.1897e+20
-4.1931e+20
-4.2025e+20
-4.2036e+20
-4.2038e+20
-4.2082e+20
-4.2112e+20
-4.2191e+20
-4.2216e+20
-4.2228e+20
