-6.45e+19
-6.9584e+19
-7.9253e+19
-8.0092e+19
-8.1198e+19
-8.5027e+19
-8.5771e+19
-8.64e+19
-8.7318e+19
-8.7372e+19
-8.7646e+19
-8.9562e+19
-8.9694e+19
-9.0206e+19
-9.0226e+19
-9.2498e+19
-9.2981e+19
-9.4238e+19
-9.4506e+19
-9.4943e+19
-9.5201e+19
-9.571e+19
-9.74e+19
-9.9035e+19
-9.928e+19
-9.9795e+19
-9.9841e+19
-1.0048e+20
-1.0117e+20
-1.0197e+20
-1.0219e+20
-1.0235e+20
-1.0268e+20
-1.0301e+20
-1.0339e+20
-1.0475e+20
-1.0485e+20
-1.0502e+20
-1.0523e+20
-1.058e+20
-1.0604e+20
-1.0814e+20
-1.0825e+20
-1.0848e+20
-1.0848e+20
-1.0869e+20
-1.0968e+20
-1.0977e+20
-1.0986e+20
-1.1058e+20
-1.1148e+20
-1.1239e+20
-1.1259e+20
-1.1293e+20
-1.1325e+20
-1.137e+20
-1.1378e+20
-1.1404e+20
-1.149e+20
-1.1525e+20
-1.1528e+20
-1.1577e+20
-1.1594e+20
-1.1662e+20
-1.1686e+20
-1.1707e+20
-1.1763e+20
-1.1779e+20
-1.1798e+20
-1.1812e+20
-1.1849e+20
-1.1874e+20
-1.1929e+20
-1.1955e+20
-1.1958e+20
-1.1989e+20
-1.1991e+20
-1.2024e+20
-1.2082e+20
-1.2093e+20
-1.2131e+20
-1.2202e+20
-1.2221e+20
-1.2241e+20
-1.2301e+20
-1.2311e+20
-1.2327e+20
-1.2352e+20
-1.2364e+20
-1.2382e+20
-1.2423e+20
-1.2455e+20
-1.2497e+20
-1.2498e+20
-1.2588e+20
-1.2605e+20
-1.2608e+20
-1.2713e+20
-1.2771e+20
-1.2792e+20
-1.2839e+20
-1.2861e+20
-1.2902e+20
-1.2944e+20
-1.2979e+20
-1.2995e+20
-1.3012e+20
-1.3025e+20
-1.3047e+20
-1.312e+20
-1.3293e+20
-1.3325e+20
-1.3343e+20
-1.3376e+20
-1.342e+20
-1.3524e+20
-1.353e+20
-1.3532e+20
-1.3601e+20
-1.3651e+20
-1.3665e+20
-1.3681e+20
-1.3752e+20
-1.3759e+20
-1.3766e+20
-1.3794e+20
-1.3816e+20
-1.401e+20
-1.4077e+20
-1.4083e+20
-1.4112e+20
-1.4152e+20
-1.4164e+20
-1.4221e+20
-1.4254e+20
-1.4273e+20
-1.4277e+20
-1.4307e+20
-1.4315e+20
-1.4319e+20
-1.4505e+20
-1.4506e+20
-1.4538e+20
-1.4581e+20
-1.4615e+20
-1.4639e+20
-1.4675e+20
-1.4718e+20
-1.4731e+20
-1.4756e+20
-1.4845e+20
-1.4893e+20
-1.4902e+20
-1.4997e+20
-1.504e+20
-1.5062e+20
-1.5082e+20
-1.5177e+20
-1.5188e+20
-1.5223e+20
-1.5254e+20
-1.5259e+20
-1.5277e+20
-1.5341e+20
-1.5356e+20
-1.5359e+20
-1.5441e+20
-1.5484e+20
-1.5513e+20
-1.5533e+20
-1.5545e+20
-1.5545e+20
-1.5562e+20
-1.5566e+20
-1.5625e+20
-1.572e+20
-1.5723e+20
-1.5784e+20
-1.5844e+20
-1.5866e+20
-1.587e+20
-1.5903e+20
-1.5986e+20
-1.6017e+20
-1.6037e+20
-1.6047e+20
-1.6086e+20
-1.6132e+20
-1.6172e+20
-1.6183e+20
-1.6265e+20
-1.6286e+20
-1.6293e+20
-1.6321e+20
-1.6465e+20
-1.6502e+20
-1.6528e+20
-1.655e+20
-1.659e+20
-1.6597e+20
-1.6622e+20
-1.6677e+20
-1.6678e+20
-1.6692e+20
-1.6749e+20
-1.6785e+20
-1.6792e+20
-1.6828e+20
-1.6844e+20
-1.6902e+20
-1.6949e+20
-1.6951e+20
-1.6998e+20
-1.7018e+20
-1.7023e+20
-1.7084e+20
-1.7092e+20
-1.71e+20
-1.7175e+20
-1.7224e+20
-1.7277e+20
-1.7282e+20
-1.7413e+20
-1.7421e+20
-1.7432e+20
-1.7439e+20
-1.7453e+20
-1.756e+20
-1.7595e+20
-1.7604e+20
-1.7721e+20
-1.7791e+20
-1.7828e+20
-1.7867e+20
-1.7872e+20
-1.7928e+20
-1.8e+20
-1.806e+20
-1.8076e+20
-1.8099e+20
-1.8144e+20
-1.8192e+20
-1.8195e+20
-1.8225e+20
-1.8301e+20
-1.8327e+20
-1.8408e+20
-1.8438e+20
-1.8444e+20
-1.8469e+20
-1.858e+20
-1.8582e+20
-1.8635e+20
-1.8678e+20
-1.869e+20
-1.8791e+20
-1.8803e+20
-1.8853e+20
-1.8875e+20
-1.8888e+20
-1.893e+20
-1.8961e+20
-1.8974e+20
-1.9112e+20
-1.9163e+20
-1.9184e+20
-1.9288e+20
-1.9306e+20
-1.9322e+20
-1.9323e+20
-1.9445e+20
-1.946e+20
-1.9484e+20
-1.9587e+20
-1.9632e+20
-1.9651e+20
-1.9701e+20
-1.976e+20
-1.9778e+20
-1.9795e+20
-1.9798e+20
-1.984e+20
-1.984e+20
-1.9846e+20
-1.9893e+20
-1.9922e+20
-1.9963e+20
-1.997e+20
-2.0038e+20
-2.0086e+20
-2.0154e+20
-2.0318e+20
-2.0425e+20
-2.0437e+20
-2.0442e+20
-2.0487e+20
-2.0498e+20
-2.0506e+20
-2.0578e+20
-2.0727e+20
-2.0741e+20
-2.0749e+20
-2.0791e+20
-2.0814e+20
-2.0822e+20
-2.0843e+20
-2.09e+20
-2.0946e+20
-2.0976e+20
-2.0987e+20
-2.1032e+20
-2.1057e+20
-2.1061e+20
-2.1064e+20
-2.1077e+20
-2.1129e+20
-2.1155e+20
-2.1174e+20
-2.1261e+20
-2.1521e+20
-2.1531e+20
-2.1558e+20
-2.1573e+20
-2.1611e+20
-2.1639e+20
-2.1736e+20
-2.1767e+20
-2.177e+20
-2.1803e+20
-2.1875e+20
-2.1898e+20
-2.2018e+20
-2.2045e+20
-2.2046e+20
-2.2054e+20
-2.2075e+20
-2.2083e+20
-2.2095e+20
-2.21e+20
-2.211e+20
-2.2179e+20
-2.2235e+20
-2.2386e+20
-2.2404e+20
-2.2564e+20
-2.2566e+20
-2.2572e+20
-2.2701e+20
-2.2818e+20
-2.2888e+20
-2.3105e+20
-2.3127e+20
-2.3148e+20
-2.3199e+20
-2.32e+20
-2.3214e+20
-2.3222e+20
-2.3259e+20
-2.3341e+20
-2.3373e+20
-2.341e+20
-2.3461e+20
-2.3506e+20
-2.3584e+20
-2.3649e+20
-2.3692e+20
-2.3747e+20
-2.3762e+20
-2.3789e+20
-2.3862e+20
-2.3886e+20
-2.3929e+20
-2.3981e+20
-2.4035e+20
-2.4221e+20
-2.4435e+20
-2.4481e+20
-2.453e+20
-2.4565e+20
-2.459e+20
-2.459e+20
-2.4637e+20
-2.4656e+20
-2.4779e+20
-2.4785e+20
-2.5021e+20
-2.5161e+20
-2.5274e+20
-2.5353e+20
-2.5382e+20
-2.541e+20
-2.5426e+20
-2.546e+20
-2.5471e+20
-2.55e+20
-2.5549e+20
-2.5607e+20
-2.5622e+20
-2.5624e+20
-2.5704e+20
-2.572e+20
-2.5935e+20
-2.5942e+20
-2.6105e+20
-2.613e+20
-2.6169e+20
-2.6178e+20
-2.6357e+20
-2.637e+20
-2.6414e+20
-2.6418e+20
-2.6534e+20
-2.654e+20
-2.6575e+20
-2.6595e+20
-2.6629e+20
-2.679e+20
-2.6809e+20
-2.703e+20
-2.7091e+20
-2.7325e+20
-2.745e+20
-2.7483e+20
-2.7521e+20
-2.7559e+20
-2.7606e+20
-2.7976e+20
-2.8049e+20
-2.8062e+20
-2.8129e+20
-2.8133e+20
-2.8152e+20
-2.8291e+20
-2.8305e+20
-2.861e+20
-2.8642e+20
-2.8857e+20
-2.891e+20
-2.8925e+20
-2.8926e+20
-2.8933e+20
-2.9018e+20
-2.9032e+20
-2.9129e+20
-2.9309e+20
-2.9405e+20
-2.9605e+20
-2.9668e+20
-2.9712e+20
-2.9879e+20
-2.9885e+20
-2.9947e+20
-2.9998e+20
-3.0217e+20
-3.0239e+20
-3.0254e+20
-3.0274e+20
-3.0353e+20
-3.0412e+20
-3.0607e+20
-3.0609e+20
-3.0809e+20
-3.0919e+20
-3.0929e+20
-3.0998e+20
-3.1013e+20
-3.1272e+20
-3.1281e+20
-3.1286e+20
-3.1357e+20
-3.1385e+20
-3.142e+20
-3.1427e+20
-3.146e+20
-3.1464e+20
-3.1514e+20
-3.1574e+20
-3.1635e+20
-3.1735e+20
-3.1828e+20
-3.185e+20
-3.1887e+20
-3.2006e+20
-3.2045e+20
-3.2159e+20
-3.2264e+20
-3.2295e+20
-3.2332e+20
-3.2398e+20
-3.2453e+20
-3.2491e+20
-3.25e+20
-3.2555e+20
-3.2863e+20
-3.2893e+20
-3.306e+20
-3.3109e+20
-3.3166e+20
-3.3184e+20
-3.3238e+20
-3.3314e+20
-3.3353e+20
-3.3367e+20
-3.34e+20
-3.3419e+20
-3.3492e+20
-3.363e+20
-3.3636e+20
-3.3743e+20
-3.3796e+20
-3.3835e+20
-3.3879e+20
-3.3934e+20
-3.3934e+20
-3.3952e+20
-3.396e+20
-3.4027e+20
-3.4028e+20
-3.4058e+20
-3.4317e+20
-3.4366e+20
-3.4399e+20
-3.4402e+20
-3.4501e+20
-3.4542e+20
-3.4657e+20
-3.4662e+20
-3.4682e+20
-3.4748e+20
-3.4786e+20
-3.4804e+20
-3.4809e+20
-3.4834e+20
-3.4883e+20
-3.4889e+20
-3.5383e+20
-3.5385e+20
-3.5493e+20
-3.5558e+20
-3.5989e+20
-3.6011e+20
-3.6199e+20
-3.6291e+20
-3.6302e+20
-3.643e+20
-3.6648e+20
-3.6785e+20
-3.6797e+20
-3.6974e+20
-3.7092e+20
-3.7179e+20
-3.7418e+20
-3.7426e+20
-3.7479e+20
-3.7483e+20
-3.7554e+20
-3.7653e+20
-3.7668e+20
-3.7757e+20
-3.7796e+20
-3.7804e+20
-3.7822e+20
-3.7921e+20
-3.7964e+20
-3.8081e+20
-3.8111e+20
-3.8212e+20
-3.8238e+20
-3.8276e+20
-3.84e+20
-3.8436e+20
-3.8447e+20
-3.8518e+20
-3.8677e+20
-3.8775e+20
-3.9081e+20
-3.9304e+20
-3.9393e+20
-3.9592e+20
-3.9619e+20
-3.9633e+20
-3.9634e+20
-3.965e+20
-3.966e+20
-3.9673e+20
-3.979e+20
-3.9964e+20
-3.9985e+20
-3.9999e+20
-4.0052e+20
-4.0211e+20
-4.0235e+20
-4.0272e+20
-4.0274e+20
-4.0364e+20
-4.047e+20
-4.0474e+20
-4.0848e+20
-4.0911e+20
-4.1124e+20
-4.1219e+20
-4.1351e+20
-4.1386e+20
-4.1494e+20
-4.1577e+20
-4.1743e+20
-4.1776e+20
-4.1832e+20
-4.1853e+20
-4.2236e+20
-4.2343e+20
-4.2536e+20
-4.2627e+20
-4.2686e+20
-4.2977e+20
-4.3084e+20
-4.3199e+20
-4.3408e+20
-4.3421e+20
-4.3431e+20
-4.3447e+20
-4.3469e+20
-4.3473e+20
-4.3555e+20
-4.3747e+20
-4.3748e+20
-4.3757e+20
-4.3798e+20
-4.3873e+20
-4.3972e+20
-4.4044e+20
-4.4056e+20
-4.4237e+20
-4.4427e+20
-4.4431e+20
-4.4475e+20
-4.4559e+20
-4.468e+20
-4.4692e+20
-4.4729e+20
-4.5098e+20
-4.5123e+20
-4.5153e+20
-4.5176e+20
-4.5418e+20
-4.5438e+20
-4.5648e+20
-4.6052e+20
-4.6067e+20
-4.6118e+20
-4.6179e+20
-4.6199e+20
-4.6442e+20
-4.6523e+20
-4.6593e+20
-4.696e+20
-4.7017e+20
-4.7076e+20
-4.7088e+20
-4.7187e+20
-4.721e+20
-4.7283e+20
-4.7348e+20
-4.7428e+20
-4.7482e+20
-4.7496e+20
-4.751e+20
-4.762e+20
-4.7803e+20
-4.8168e+20
-4.8402e+20
-4.8611e+20
-4.8651e+20
-4.8795e+20
-4.8872e+20
-4.9041e+20
-4.907e+20
-4.9081e+20
-4.9172e+20
-4.9255e+20
-4.9346e+20
-4.9487e+20
-4.9509e+20
-4.9701e+20
-4.9724e+20
-4.9787e+20
-4.9851e+20
-5.0224e+20
-5.0253e+20
-5.0362e+20
-5.0502e+20
-5.0544e+20
-5.0724e+20
-5.0792e+20
-5.1012e+20
-5.1101e+20
-5.1217e+20
-5.1226e+20
-5.1264e+20
-5.1329e+20
-5.1331e+20
-5.1391e+20
-5.1616e+20
-5.162e+20
-5.1709e+20
-5.1747e+20
-5.1793e+20
-5.2088e+20
-5.2179e+20
-5.2189e+20
-5.22e+20
-5.2208e+20
-5.2379e+20
-5.2568e+20
-5.263e+20
-5.264e+20
-5.272e+20
-5.2764e+20
-5.289e+20
-5.3396e+20
-5.3401e+20
-5.3538e+20
-5.3544e+20
-5.3551e+20
-5.3598e+20
-5.3767e+20
-5.3826e+20
-5.4046e+20
-5.4215e+20
-5.427e+20
-5.4334e+20
-5.4411e+20
-5.4439e+20
-5.4574e+20
-5.5112e+20
-5.5123e+20
-5.5179e+20
-5.5421e+20
-5.5604e+20
-5.5669e+20
-5.5697e+20
-5.5839e+20
-5.5919e+20
-5.5955e+20
-5.6096e+20
-5.625e+20
-5.6505e+20
-5.6556e+20
-5.6903e+20
-5.7005e+20
-5.7012e+20
-5.7042e+20
-5.7108e+20
-5.7177e+20
-5.7297e+20
-5.7311e+20
-5.7329e+20
-5.7375e+20
-5.7569e+20
-5.7592e+20
-5.7604e+20
-5.7898e+20
-5.8028e+20
-5.8037e+20
-5.8187e+20
-5.8225e+20
-5.8305e+20
-5.8324e+20
-5.836e+20
-5.8396e+20
-5.8433e+20
-5.846e+20
-5.8503e+20
-5.8679e+20
-5.8787e+20
-5.8844e+20
-5.8945e+20
-5.9017e+20
-5.9109e+20
-5.9317e+20
-5.9379e+20
-5.9592e+20
-5.9724e+20
-5.9868e+20
-5.9905e+20
-5.9958e+20
-6.0112e+20
-6.0273e+20
-6.0521e+20
-6.1026e+20
-6.107e+20
-6.1082e+20
-6.1257e+20
-6.1393e+20
-6.1461e+20
-6.1639e+20
-6.1814e+20
-6.1817e+20
-6.1829e+20
-6.1831e+20
-6.1897e+20
-6.1959e+20
-6.2125e+20
-6.213e+20
-6.2136e+20
-6.2192e+20
-6.2282e+20
-6.2348e+20
-6.2727e+20
-6.3099e+20
-6.3556e+20
-6.3589e+20
-6.3597e+20
-6.3606e+20
-6.3611e+20
-6.3745e+20
-6.3922e+20
-6.4346e+20
-6.4424e+20
-6.4474e+20
-6.4758e+20
-6.4805e+20
-6.4816e+20
-6.4828e+20
-6.49e+20
-6.4906e+20
-6.5121e+20
-6.5237e+20
-6.5253e+20
-6.5277e+20
-6.532e+20
-6.5392e+20
-6.5409e+20
-6.5573e+20
-6.6032e+20
-6.654e+20
-6.6607e+20
-6.6728e+20
-6.6829e+20
-6.688e+20
-6.7701e+20
-6.7767e+20
-6.7818e+20
-6.7932e+20
-6.7938e+20
-6.7949e+20
-6.7991e+20
-6.8075e+20
-6.8185e+20
-6.8222e+20
-6.8289e+20
-6.8614e+20
-6.8814e+20
-6.8819e+20
-6.9302e+20
-6.9459e+20
-6.9634e+20
-6.9679e+20
-7.0174e+20
-7.0183e+20
-7.0286e+20
-7.0297e+20
-7.0395e+20
-7.0411e+20
-7.0754e+20
-7.0839e+20
-7.1143e+20
-7.1286e+20
-7.1416e+20
-7.1654e+20
-7.1853e+20
-7.1951e+20
-7.1997e+20
-7.2012e+20
-7.2014e+20
-7.2038e+20
-7.2114e+20
-7.2313e+20
-7.2422e+20
-7.276e+20
-7.2808e+20
-7.2991e+20
-7.3048e+20
-7.3134e+20
-7.3155e+20
-7.3487e+20
-7.3592e+20
-7.3608e+20
-7.3735e+20
-7.3833e+20
-7.3857e+20
-7.3861e+20
-7.431e+20
-7.478e+20
-7.4849e+20
-7.4992e+20
-7.512e+20
-7.5132e+20
-7.5156e+20
-7.5311e+20
-7.5358e+20
-7.5378e+20
-7.5406e+20
-7.5413e+20
-7.5598e+20
-7.5618e+20
-7.567e+20
-7.59e+20
-7.5935e+20
-7.5958e+20
-7.5983e+20
-7.6247e+20
-7.6537e+20
-7.6636e+20
-7.6967e+20
-7.6975e+20
-7.7415e+20
-7.7441e+20
-7.7523e+20
-7.7541e+20
-7.7676e+20
-7.77e+20
-7.818e+20
-7.8366e+20
-7.841e+20
-7.8492e+20
-7.8639e+20
-7.8767e+20
-7.8773e+20
-7.8805e+20
-7.8864e+20
-7.9022e+20
-7.9482e+20
-7.9538e+20
-7.9612e+20
-7.9679e+20
-7.998e+20
-8.0002e+20
-8.0052e+20
-8.0228e+20
-8.0247e+20
-8.0301e+20
-8.0322e+20
-8.0379e+20
-8.0427e+20
-8.0636e+20
-8.078e+20
-8.1518e+20
-8.1664e+20
-8.2027e+20
-8.229e+20
-8.2424e+20
-8.2519e+20
-8.2866e+20
-8.3326e+20
-8.341e+20
-8.374e+20
-8.3759e+20
-8.376e+20
-8.3784e+20
-8.3803e+20
-8.3878e+20
-8.4001e+20
-8.4249e+20
-8.4528e+20
-8.4606e+20
-8.4922e+20
-8.4945e+20
-8.4956e+20
-8.5153e+20
-8.5169e+20
-8.5301e+20
-8.5359e+20
-8.5414e+20
-8.5521e+20
-8.5907e+20
-8.5912e+20
-8.6034e+20
-8.614e+20
-8.6313e+20
-8.634e+20
-8.6435e+20
-8.6454e+20
-8.671e+20
-8.6846e+20
-8.701e+20
-8.7425e+20
-8.7499e+20
-8.75e+20
-8.7672e+20
-8.7933e+20
-8.7933e+20
-8.7937e+20
-8.8101e+20
-8.8126e+20
-8.8482e+20
-8.8771e+20
-8.8883e+20
-8.8935e+20
-8.9057e+20
-8.907e+20
-8.9213e+20
-8.9226e+20
-8.9272e+20
-8.9454e+20
-8.946e+20
-8.9467e+20
-8.9502e+20
-8.972e+20
-8.9944e+20
-8.9966e+20
-9.0075e+20
-9.0075e+20
-9.0086e+20
-9.0148e+20
-9.0334e+20
-9.0471e+20
-9.0531e+20
-9.0555e+20
-9.0678e+20
-9.0688e+20
-9.0713e+20
-9.0874e+20
-9.0875e+20
-9.0918e+20
-9.104e+20
-9.1307e+20
-9.132e+20
-9.1624e+20
-9.1672e+20
-9.1695e+20
-9.1789e+20
-9.1994e+20
-9.2114e+20
-9.2257e+20
-9.2284e+20
-9.2543e+20
-9.2612e+20
-9.2818e+20
-9.2976e+20
-9.3007e+20
-9.3078e+20
-9.3082e+20
-9.3091e+20
-9.3293e+20
-9.335e+20
-9.3389e+20
-9.3544e+20
-9.3577e+20
-9.3786e+20
-9.3793e+20
-9.385e+20
-9.3888e+20
-9.4149e+20
-9.4327e+20
-9.4514e+20
-9.4583e+20
-9.4648e+20
-9.4919e+20
-9.5092e+20
-9.5197e+20
-9.5357e+20
-9.5525e+20
-9.5733e+20
-9.584e+20
-9.6223e+20
-9.6485e+20
-9.6724e+20
-9.6762e+20
-9.6786e+20
-9.6853e+20
-9.6943e+20
-9.712e+20
-9.7329e+20
-9.7694e+20
-9.7918e+20
-9.8031e+20
-9.8173e+20
-9.8193e+20
-9.8277e+20
-9.8531e+20
-9.8797e+20
-9.9181e+20
-9.9291e+20
-9.9346e+20
-9.9517e+20
-9.9852e+20
-1.0003e+21
-1.0014e+21
-1.002e+21
-1.0062e+21
-1.0067e+21
-1.01e+21
-1.01e+21
-1.0119e+21
-1.0123e+21
-1.0135e+21
-1.0142e+21
-1.0166e+21
-1.0168e+21
-1.0186e+21
-1.0192e+21
-1.0229e+21
-1.0232e+21
-1.0249e+21
-1.0268e+21
-1.0272e+21
-1.0304e+21
-1.0305e+21
-1.0306e+21
-1.0313e+21
-1.0332e+21
-1.0369e+21
-1.0377e+21
-1.0388e+21
-1.04e+21
-1.0411e+21
-1.043e+21
-1.0432e+21
-1.044e+21
-1.044e+21
-1.044e+21
-1.0469e+21
-1.0484e+21
-1.0488e+21
-1.0492e+21
-1.0493e+21
-1.0498e+21
-1.0505e+21
-1.0524e+21
-1.053e+21
-1.0546e+21
-1.0583e+21
-1.0588e+21
-1.0591e+21
-1.0592e+21
-1.0593e+21
-1.0596e+21
-1.0647e+21
-1.0651e+21
-1.0655e+21
-1.068e+21
-1.069e+21
-1.0691e+21
-1.07e+21
-1.0704e+21
-1.0715e+21
-1.0723e+21
-1.0753e+21
-1.0766e+21
-1.079e+21
-1.079e+21
-1.0805e+21
-1.0817e+21
-1.0877e+21
-1.0898e+21
-1.0909e+21
-1.0914e+21
-1.0925e+21
-1.0937e+21
-1.0948e+21
-1.0952e+21
-1.0953e+21
-1.0978e+21
-1.0995e+21
-1.1004e+21
-1.1013e+21
-1.1042e+21
-1.1048e+21
-1.1049e+21
-1.1056e+21
-1.1057e+21
-1.1057e+21
-1.1064e+21
-1.1113e+21
-1.1116e+21
-1.1118e+21
-1.1121e+21
-1.1131e+21
-1.1171e+21
-1.1214e+21
-1.1219e+21
-1.1229e+21
-1.1242e+21
-1.1264e+21
-1.1294e+21
-1.131e+21
-1.1312e+21
-1.134e+21
-1.134e+21
-1.1383e+21
-1.1407e+21
-1.1421e+21
-1.1427e+21
-1.1442e+21
-1.1468e+21
-1.1485e+21
-1.1495e+21
-1.1495e+21
-1.1509e+21
-1.1549e+21
-1.1558e+21
-1.1573e+21
-1.1587e+21
-1.1613e+21
-1.1627e+21
-1.1661e+21
-1.1675e+21
-1.1697e+21
-1.1704e+21
-1.1705e+21
-1.1733e+21
-1.1737e+21
-1.175e+21
-1.1757e+21
-1.1771e+21
-1.18e+21
-1.1843e+21
-1.1867e+21
-1.1888e+21
-1.1907e+21
-1.1943e+21
-1.1953e+21
-1.1961e+21
-1.1962e+21
-1.1967e+21
-1.1987e+21
-1.1997e+21
-1.2005e+21
-1.2055e+21
-1.2069e+21
-1.2071e+21
-1.2076e+21
-1.2083e+21
-1.2085e+21
-1.2097e+21
-1.2107e+21
-1.2196e+21
-1.2205e+21
-1.2225e+21
-1.2241e+21
-1.2244e+21
-1.225e+21
-1.2255e+21
-1.2267e+21
-1.2268e+21
-1.2299e+21
-1.2349e+21
-1.2388e+21
-1.24e+21
-1.2403e+21
-1.2409e+21
-1.2409e+21
-1.2427e+21
-1.243e+21
-1.2434e+21
-1.2449e+21
-1.2451e+21
-1.2466e+21
-1.2484e+21
-1.2496e+21
-1.2513e+21
-1.2533e+21
-1.2546e+21
-1.255e+21
-1.2551e+21
-1.2567e+21
-1.2575e+21
-1.2582e+21
-1.2603e+21
-1.2625e+21
-1.2635e+21
-1.2658e+21
-1.2667e+21
-1.2668e+21
-1.2674e+21
-1.2688e+21
-1.2693e+21
-1.2696e+21
-1.2713e+21
-1.2724e+21
-1.2727e+21
-1.2729e+21
-1.2729e+21
-1.2771e+21
-1.28e+21
-1.2801e+21
-1.2817e+21
-1.2833e+21
-1.2851e+21
-1.2854e+21
-1.2864e+21
-1.2867e+21
-1.2867e+21
-1.287e+21
-1.2893e+21
-1.2914e+21
-1.2939e+21
-1.2958e+21
-1.296e+21
-1.2976e+21
-1.2982e+21
-1.2994e+21
-1.3003e+21
-1.3023e+21
-1.3037e+21
-1.3071e+21
-1.3077e+21
-1.3078e+21
-1.3114e+21
-1.3141e+21
-1.3171e+21
-1.3185e+21
-1.3211e+21
-1.3241e+21
-1.3255e+21
-1.3268e+21
-1.329e+21
-1.331e+21
-1.3312e+21
-1.333e+21
-1.3352e+21
-1.3365e+21
-1.3367e+21
-1.3392e+21
-1.3396e+21
-1.3397e+21
-1.3404e+21
-1.3404e+21
-1.3407e+21
-1.3422e+21
-1.3432e+21
-1.3439e+21
-1.3446e+21
-1.3448e+21
-1.3461e+21
-1.3466e+21
-1.3467e+21
-1.347e+21
-1.3493e+21
-1.3496e+21
-1.351e+21
-1.3543e+21
-1.3543e+21
-1.3546e+21
-1.3563e+21
-1.3567e+21
-1.3586e+21
-1.3628e+21
-1.3628e+21
-1.3631e+21
-1.3631e+21
-1.3641e+21
-1.3659e+21
-1.3678e+21
-1.3679e+21
-1.3679e+21
-1.3722e+21
-1.3735e+21
-1.3741e+21
-1.3757e+21
-1.3778e+21
-1.3778e+21
-1.3782e+21
-1.38e+21
-1.3804e+21
-1.3843e+21
-1.3858e+21
-1.3869e+21
-1.387e+21
-1.3883e+21
-1.3887e+21
-1.39e+21
-1.3903e+21
-1.392e+21
-1.392e+21
-1.3921e+21
-1.3927e+21
-1.3931e+21
-1.3959e+21
-1.396e+21
-1.3971e+21
-1.3972e+21
-1.3992e+21
-1.3994e+21
-1.3997e+21
-1.4001e+21
-1.4023e+21
-1.405e+21
-1.4056e+21
-1.4057e+21
-1.4061e+21
-1.4062e+21
-1.4065e+21
-1.4066e+21
-1.4073e+21
-1.4076e+21
-1.4077e+21
-1.4139e+21
-1.4143e+21
-1.4156e+21
-1.4157e+21
-1.4168e+21
-1.4184e+21
-1.4204e+21
-1.4223e+21
-1.4245e+21
-1.428e+21
-1.4283e+21
-1.4284e+21
-1.4304e+21
-1.4317e+21
-1.4326e+21
-1.4339e+21
-1.4358e+21
-1.436e+21
-1.4371e+21
-1.4378e+21
-1.4386e+21
-1.4391e+21
-1.4393e+21
-1.4424e+21
-1.4426e+21
-1.4431e+21
-1.4443e+21
-1.4449e+21
-1.445e+21
-1.4461e+21
-1.4472e+21
-1.4479e+21
-1.4513e+21
-1.452e+21
-1.4526e+21
-1.4539e+21
-1.4552e+21
-1.4553e+21
-1.4575e+21
-1.4582e+21
-1.4584e+21
-1.4601e+21
-1.4603e+21
-1.4604e+21
-1.4623e+21
-1.4628e+21
-1.4632e+21
-1.4636e+21
-1.4638e+21
-1.4639e+21
-1.4656e+21
-1.4657e+21
-1.4663e+21
-1.4672e+21
-1.4688e+21
-1.4702e+21
-1.4724e+21
-1.4745e+21
-1.4757e+21
-1.4786e+21
-1.479e+21
-1.4791e+21
-1.4796e+21
-1.4801e+21
-1.4804e+21
-1.4807e+21
-1.483e+21
-1.4832e+21
-1.484e+21
-1.4845e+21
-1.4847e+21
-1.4859e+21
-1.4861e+21
-1.4875e+21
-1.488e+21
-1.4887e+21
-1.4911e+21
-1.4929e+21
-1.4933e+21
-1.4939e+21
-1.4946e+21
-1.4961e+21
-1.4964e+21
-1.4966e+21
-1.4966e+21
-1.4974e+21
-1.4976e+21
-1.4982e+21
-1.4983e+21
-1.4995e+21
-1.5001e+21
-1.5012e+21
-1.5015e+21
-1.5065e+21
-1.5077e+21
-1.5096e+21
-1.51e+21
-1.5104e+21
-1.5127e+21
-1.5137e+21
-1.5143e+21
-1.5161e+21
-1.5163e+21
-1.5173e+21
-1.5174e+21
-1.5174e+21
-1.518e+21
-1.5193e+21
-1.5221e+21
-1.5222e+21
-1.5233e+21
-1.5234e+21
-1.5244e+21
-1.5246e+21
-1.5247e+21
-1.5254e+21
-1.5281e+21
-1.5293e+21
-1.5305e+21
-1.5311e+21
-1.5323e+21
-1.5329e+21
-1.5332e+21
-1.5334e+21
-1.5339e+21
-1.5377e+21
-1.539e+21
-1.5393e+21
-1.5397e+21
-1.5402e+21
-1.5405e+21
-1.5406e+21
-1.5408e+21
-1.5416e+21
-1.543e+21
-1.5447e+21
-1.5464e+21
-1.5467e+21
-1.5478e+21
-1.5481e+21
-1.5494e+21
-1.5497e+21
-1.5501e+21
-1.5503e+21
-1.5535e+21
-1.5556e+21
-1.5563e+21
-1.557e+21
-1.5572e+21
-1.5577e+21
-1.5578e+21
-1.5617e+21
-1.5621e+21
-1.5625e+21
-1.5667e+21
-1.5674e+21
-1.5676e+21
-1.5688e+21
-1.5698e+21
-1.5701e+21
-1.5711e+21
-1.573e+21
-1.5737e+21
-1.5737e+21
-1.5754e+21
-1.5754e+21
-1.576e+21
-1.576e+21
-1.5762e+21
-1.5766e+21
-1.5769e+21
-1.5784e+21
-1.5785e+21
-1.5804e+21
-1.5821e+21
-1.5831e+21
-1.5852e+21
-1.5861e+21
-1.5874e+21
-1.5881e+21
-1.5883e+21
-1.59e+21
-1.5923e+21
-1.5937e+21
-1.594e+21
-1.5949e+21
-1.595e+21
-1.5952e+21
-1.5954e+21
-1.5979e+21
-1.5984e+21
-1.6001e+21
-1.6005e+21
-1.6007e+21
-1.6009e+21
-1.6012e+21
-1.6014e+21
-1.6015e+21
-1.6018e+21
-1.6031e+21
-1.6046e+21
-1.6084e+21
-1.6104e+21
-1.6114e+21
-1.6118e+21
-1.6157e+21
-1.6159e+21
-1.6174e+21
-1.6182e+21
-1.6218e+21
-1.6221e+21
-1.6227e+21
-1.6238e+21
-1.6243e+21
-1.6252e+21
-1.6263e+21
-1.6269e+21
-1.6271e+21
-1.6271e+21
-1.6271e+21
-1.6278e+21
-1.6286e+21
-1.6288e+21
-1.6289e+21
-1.6291e+21
-1.6291e+21
-1.6305e+21
-1.6314e+21
-1.6332e+21
-1.634e+21
-1.6356e+21
-1.6358e+21
-1.6365e+21
-1.637e+21
-1.6371e+21
-1.6372e+21
-1.639e+21
-1.6393e+21
-1.6425e+21
-1.6443e+21
-1.6469e+21
-1.6471e+21
-1.6473e+21
-1.6478e+21
-1.6486e+21
-1.6503e+21
-1.6518e+21
-1.6534e+21
-1.6542e+21
-1.6544e+21
-1.6545e+21
-1.6562e+21
-1.6563e+21
-1.6563e+21
-1.6564e+21
-1.6564e+21
-1.6567e+21
-1.6574e+21
-1.659e+21
-1.6598e+21
-1.6605e+21
-1.6613e+21
-1.6614e+21
-1.6619e+21
-1.6624e+21
-1.6631e+21
-1.6648e+21
-1.6652e+21
-1.6654e+21
-1.6656e+21
-1.6659e+21
-1.668e+21
-1.6688e+21
-1.6691e+21
-1.6702e+21
-1.6711e+21
-1.6721e+21
-1.6724e+21
-1.6736e+21
-1.674e+21
-1.6746e+21
-1.6756e+21
-1.6758e+21
-1.6772e+21
-1.6788e+21
-1.6789e+21
-1.68e+21
-1.6803e+21
-1.6818e+21
-1.6834e+21
-1.6837e+21
-1.6855e+21
-1.6858e+21
-1.6884e+21
-1.6885e+21
-1.692e+21
-1.692e+21
-1.6925e+21
-1.6946e+21
-1.6947e+21
-1.6957e+21
-1.6972e+21
-1.698e+21
-1.6999e+21
-1.7003e+21
-1.7003e+21
-1.7014e+21
-1.7037e+21
-1.704e+21
-1.7055e+21
-1.7056e+21
-1.7059e+21
-1.7069e+21
-1.708e+21
-1.7108e+21
-1.7109e+21
-1.7123e+21
-1.7152e+21
-1.7162e+21
-1.7174e+21
-1.7192e+21
-1.7201e+21
-1.722e+21
-1.7233e+21
-1.7237e+21
-1.7239e+21
-1.7251e+21
-1.726e+21
-1.7266e+21
-1.7266e+21
-1.728e+21
-1.7281e+21
-1.7292e+21
-1.7297e+21
-1.7307e+21
-1.7307e+21
-1.731e+21
-1.7311e+21
-1.7314e+21
-1.7315e+21
-1.7325e+21
-1.7361e+21
-1.7364e+21
-1.739e+21
-1.7396e+21
-1.7403e+21
-1.7409e+21
-1.7413e+21
-1.7423e+21
-1.7425e+21
-1.7427e+21
-1.7431e+21
-1.7436e+21
-1.7451e+21
-1.746e+21
-1.749e+21
-1.7498e+21
-1.7503e+21
-1.7515e+21
-1.753e+21
-1.7536e+21
-1.7536e+21
-1.7539e+21
-1.7543e+21
-1.7544e+21
-1.7545e+21
-1.755e+21
-1.7552e+21
-1.756e+21
-1.7563e+21
-1.7564e+21
-1.7566e+21
-1.7568e+21
-1.757e+21
-1.7574e+21
-1.7582e+21
-1.759e+21
-1.7606e+21
-1.7618e+21
-1.7629e+21
-1.7646e+21
-1.765e+21
-1.7652e+21
-1.7654e+21
-1.7655e+21
-1.7655e+21
-1.7685e+21
-1.7702e+21
-1.7728e+21
-1.7736e+21
-1.7742e+21
-1.7758e+21
-1.7762e+21
-1.7776e+21
-1.7812e+21
-1.7813e+21
-1.7814e+21
-1.7814e+21
-1.7816e+21
-1.7818e+21
-1.7823e+21
-1.7824e+21
-1.7843e+21
-1.7866e+21
-1.7881e+21
-1.7899e+21
-1.7902e+21
-1.7905e+21
-1.791e+21
-1.7912e+21
-1.7919e+21
-1.7925e+21
-1.7931e+21
-1.7951e+21
-1.7967e+21
-1.7974e+21
-1.7982e+21
-1.7987e+21
-1.7999e+21
-1.7999e+21
-1.8003e+21
-1.8005e+21
-1.8007e+21
-1.8011e+21
-1.8016e+21
-1.8033e+21
-1.8039e+21
-1.8044e+21
-1.8047e+21
-1.8053e+21
-1.8059e+21
-1.8074e+21
-1.8095e+21
-1.8101e+21
-1.8105e+21
-1.8134e+21
-1.8136e+21
-1.8143e+21
-1.8145e+21
-1.8147e+21
-1.8147e+21
-1.8152e+21
-1.8158e+21
-1.816e+21
-1.8177e+21
-1.8188e+21
-1.8206e+21
-1.8216e+21
-1.8219e+21
-1.8219e+21
-1.8241e+21
-1.825e+21
-1.825e+21
-1.8251e+21
-1.8256e+21
-1.8258e+21
-1.8264e+21
-1.8269e+21
-1.827e+21
-1.827e+21
-1.8274e+21
-1.8277e+21
-1.828e+21
-1.8284e+21
-1.8302e+21
-1.8308e+21
-1.8319e+21
-1.8331e+21
-1.8339e+21
-1.8341e+21
-1.8341e+21
-1.8353e+21
-1.8361e+21
-1.8381e+21
-1.839e+21
-1.8393e+21
-1.8397e+21
-1.8402e+21
-1.8403e+21
-1.8404e+21
-1.8406e+21
-1.8408e+21
-1.8417e+21
-1.8434e+21
-1.8437e+21
-1.8447e+21
-1.8451e+21
-1.8453e+21
-1.8456e+21
-1.8462e+21
-1.8474e+21
-1.8475e+21
-1.8478e+21
-1.8482e+21
-1.8486e+21
-1.85e+21
-1.85e+21
-1.8521e+21
-1.8523e+21
-1.8558e+21
-1.8567e+21
-1.857e+21
-1.8579e+21
-1.8594e+21
-1.8599e+21
-1.8626e+21
-1.8636e+21
-1.864e+21
-1.8642e+21
-1.8658e+21
-1.8689e+21
-1.8692e+21
-1.8695e+21
-1.8698e+21
-1.8705e+21
-1.8711e+21
-1.8722e+21
-1.8727e+21
-1.8729e+21
-1.8735e+21
-1.874e+21
-1.8746e+21
-1.8748e+21
-1.8766e+21
-1.8812e+21
-1.8813e+21
-1.8824e+21
-1.883e+21
-1.8841e+21
-1.8847e+21
-1.8847e+21
-1.8857e+21
-1.8874e+21
-1.8875e+21
-1.8875e+21
-1.8885e+21
-1.8886e+21
-1.8894e+21
-1.8897e+21
-1.8903e+21
-1.8926e+21
-1.8927e+21
-1.8944e+21
-1.8955e+21
-1.8958e+21
-1.8969e+21
-1.8973e+21
-1.8973e+21
-1.898e+21
-1.8984e+21
-1.8995e+21
-1.8998e+21
-1.8998e+21
-1.9005e+21
-1.901e+21
-1.9022e+21
-1.9025e+21
-1.9035e+21
-1.904e+21
-1.9051e+21
-1.9053e+21
-1.9055e+21
-1.906e+21
-1.9065e+21
-1.9079e+21
-1.9085e+21
-1.9087e+21
-1.9105e+21
-1.9106e+21
-1.9106e+21
-1.9114e+21
-1.9116e+21
-1.912e+21
-1.9121e+21
-1.913e+21
-1.9158e+21
-1.9191e+21
-1.92e+21
-1.9203e+21
-1.9205e+21
-1.9223e+21
-1.9227e+21
-1.9228e+21
-1.9232e+21
-1.9242e+21
-1.9253e+21
-1.9263e+21
-1.9268e+21
-1.9272e+21
-1.9274e+21
-1.9275e+21
-1.9281e+21
-1.9286e+21
-1.9294e+21
-1.9295e+21
-1.9295e+21
-1.9305e+21
-1.9311e+21
-1.9312e+21
-1.9312e+21
-1.9318e+21
-1.9322e+21
-1.9322e+21
-1.9336e+21
-1.9349e+21
-1.9352e+21
-1.9361e+21
-1.9366e+21
-1.9375e+21
-1.9383e+21
-1.9384e+21
-1.9387e+21
-1.9403e+21
-1.9403e+21
-1.9411e+21
-1.9418e+21
-1.9425e+21
-1.9427e+21
-1.9437e+21
-1.9452e+21
-1.9452e+21
-1.9454e+21
-1.9457e+21
-1.9468e+21
-1.9474e+21
-1.9479e+21
-1.9488e+21
-1.9491e+21
-1.9497e+21
-1.9499e+21
-1.95e+21
-1.9501e+21
-1.9503e+21
-1.9506e+21
-1.9509e+21
-1.9513e+21
-1.9528e+21
-1.9542e+21
-1.9545e+21
-1.9552e+21
-1.9555e+21
-1.9558e+21
-1.956e+21
-1.9574e+21
-1.9581e+21
-1.9584e+21
-1.9587e+21
-1.9594e+21
-1.9599e+21
-1.9608e+21
-1.9608e+21
-1.9628e+21
-1.9633e+21
-1.9641e+21
-1.9646e+21
-1.9649e+21
-1.9654e+21
-1.966e+21
-1.966e+21
-1.9663e+21
-1.9664e+21
-1.9666e+21
-1.9669e+21
-1.967e+21
-1.9673e+21
-1.9675e+21
-1.9676e+21
-1.9676e+21
-1.9686e+21
-1.9696e+21
-1.9697e+21
-1.9704e+21
-1.9704e+21
-1.9705e+21
-1.9708e+21
-1.972e+21
-1.9732e+21
-1.975e+21
-1.975e+21
-1.9752e+21
-1.976e+21
-1.9764e+21
-1.9781e+21
-1.9785e+21
-1.9814e+21
-1.9818e+21
-1.9842e+21
-1.9847e+21
-1.9849e+21
-1.985e+21
-1.9862e+21
-1.9875e+21
-1.9882e+21
-1.9883e+21
-1.9899e+21
-1.9905e+21
-1.9907e+21
-1.9909e+21
-1.9917e+21
-1.9924e+21
-1.9971e+21
-1.9974e+21
-1.9977e+21
-1.9985e+21
-1.9993e+21
-1.9994e+21
-1.9996e+21
-2.0001e+21
-2.0006e+21
-2.0018e+21
-2.0022e+21
-2.0025e+21
-2.0028e+21
-2.0031e+21
-2.004e+21
-2.004e+21
-2.0041e+21
-2.0048e+21
-2.0051e+21
-2.0054e+21
-2.0057e+21
-2.0066e+21
-2.0066e+21
-2.007e+21
-2.0086e+21
-2.0088e+21
-2.009e+21
-2.0098e+21
-2.0107e+21
-2.0117e+21
-2.0126e+21
-2.0136e+21
-2.0139e+21
-2.0141e+21
-2.0145e+21
-2.0151e+21
-2.0162e+21
-2.0164e+21
-2.0167e+21
-2.0171e+21
-2.0182e+21
-2.0186e+21
-2.0187e+21
-2.019e+21
-2.022e+21
-2.0251e+21
-2.0254e+21
-2.0261e+21
-2.0262e+21
-2.0268e+21
-2.0274e+21
-2.0298e+21
-2.0306e+21
-2.0311e+21
-2.0318e+21
-2.0323e+21
-2.0329e+21
-2.0349e+21
-2.0353e+21
-2.0355e+21
-2.0364e+21
-2.0373e+21
-2.0382e+21
-2.04e+21
-2.0401e+21
-2.0408e+21
-2.0419e+21
-2.0462e+21
-2.0464e+21
-2.0465e+21
-2.0473e+21
-2.0476e+21
-2.0484e+21
-2.0488e+21
-2.0488e+21
-2.0496e+21
-2.0496e+21
-2.0499e+21
-2.0523e+21
-2.0547e+21
-2.0566e+21
-2.0567e+21
-2.0577e+21
-2.0583e+21
-2.0643e+21
-2.0649e+21
-2.0657e+21
-2.0667e+21
-2.0681e+21
-2.0713e+21
-2.0722e+21
-2.0738e+21
-2.0743e+21
-2.0745e+21
-2.0757e+21
-2.0764e+21
-2.0777e+21
-2.0786e+21
-2.0791e+21
-2.0801e+21
-2.0815e+21
-2.0826e+21
-2.0854e+21
-2.0858e+21
-2.0871e+21
-2.0882e+21
-2.0888e+21
-2.0917e+21
-2.0928e+21
-2.0932e+21
-2.0952e+21
-2.1011e+21
-2.1038e+21
-2.1052e+21
-2.1057e+21
-2.1082e+21
-2.1116e+21
-2.112e+21
-2.1125e+21
-2.1184e+21
-2.1213e+21
-2.1217e+21
-2.1222e+21
-2.1223e+21
-2.1226e+21
-2.1236e+21
-2.1239e+21
-2.1256e+21
-2.1324e+21
-2.1334e+21
-2.1362e+21
-2.1384e+21
-2.1416e+21
-2.1424e+21
-2.1439e+21
-2.1467e+21
-2.1518e+21
-2.1536e+21
-2.163e+21
-2.163e+21
-2.1671e+21
-2.174e+21
