3.358e-49
5.7298e-49
7.8992e-55
2.8619e-28
5.0692e-71
1.5218e-49
8.31e-50
2.6044e-71
1.3868e-33
5.6336e-39
1.5434e-94
3.4105e-60
8.9943e-19
3.4838e-38
1.3545e-13
1.2445e-18
1.9346e-94
1.8916e-94
8.8974e-34
1.4013e-28
1.5988e-49
3.141e-28
1.8293e-38
3.1852e-120
3.4122e-44
2.7012e-08
0.00096266
0.0014921
1.3457e-33
1.5399e-88
3.3128e-77
1.4909e-33
1.0248e-33
3.6474e-82
1.2874e-28
4.7288e-28
1.5508e-08
1.2012e-70
1.2605e-60
2.8125e-13
8.8323e-34
1.0774e-08
2.3313e-18
5.1268e-24
8.0996e-09
3.0296e-13
0.0026807
0.0016181
2.3775e-13
2.0076e-65
1.8205e-88
1.1293e-23
6.2709e-29
8.5823e-107
3.0521e-89
2.6772e-44
8.778e-107
0.0037587
1.8176e-28
3.784e-60
1.4433e-13
3.5205e-18
9.7551e-77
1.2553e-49
7.0943e-44
2.2699e-28
0.0014009
1.9251e-13
4.2454e-13
3.1852e-120
5.5287e-113
0.00089778
1.7054e-13
2.5717e-60
2.1546e-13
2.0713e-82
2.3144e-13
0.0011745
9.0352e-44
5.6158e-13
3.3988e-18
0.0040739
1.8643e-33
0.0016543
0.0069342
1.5601e-94
1.6965e-82
2.6778e-28
0.00037565
3.09e-60
1.8205e-49
9.308e-50
7.9028e-29
5.381e-29
5.9705e-44
0.0026874
1.1987e-33
0.00060298
2.8457e-113
5.9344e-55
5.8351e-83
1.2406e-43
2.6849e-71
4.0927e-49
8.6062e-107
3.1852e-120
2.5922e-60
9.7089e-66
8.9081e-61
3.059e-13
5.6528e-24
4.4485e-71
5.4878e-77
3.5401e-44
7.1329e-60
1.1581e-28
2.0994e-33
2.9056e-49
1.3314e-08
2.5021e-54
9.4618e-89
5.0572e-13
6.716e-19
2.8274e-82
6.8292e-89
1.3604e-08
3.1671e-94
2.9845e-34
1.6755e-08
1.7175e-28
3.1852e-120
3.6036e-24
1.0911e-54
5.5007e-49
2.6815e-18
6.57e-66
7.7549e-39
1.932e-28
7.0112e-24
4.3742e-113
5.5097e-39
6.4275e-24
2.24e-60
1.7628e-28
6.9701e-34
9.1214e-77
1.7548e-28
1.696e-94
9.34e-24
8.5872e-83
1.3217e-08
7.5479e-60
4.2918e-77
2.1312e-08
0.0094009
7.7367e-89
5.0745e-29
5.9469e-39
0.0016542
3.1852e-120
7.0564e-19
1.7312e-13
1.5525e-43
2.2337e-23
1.4941e-38
1.9145e-28
2.8273e-13
8.6869e-44
1.2572e-38
2.1852e-23
6.8988e-24
4.8993e-24
3.2804e-60
9.7755e-19
3.1989e-71
8.4625e-101
5.969e-55
3.2735e-23
1.4441e-65
1.5618e-106
5.1865e-34
2.2492e-08
5.4199e-34
2.4803e-59
3.2882e-71
3.1117e-49
9.9426e-55
3.2767e-71
4.763e-39
4.1007e-34
8.4139e-19
1.8668e-88
2.3303e-13
0.0015669
2.2168e-23
8.8983e-66
2.0138e-88
1.6906e-71
1.3783e-65
3.4509e-49
1.3069e-18
1.7446e-54
4.7711e-55
8.8387e-39
1.5469e-07
7.2341e-24
4.7049e-08
9.0485e-66
1.2514e-88
0.0046961
7.0752e-34
1.541e-07
3.202e-18
3.4309e-44
3.1852e-120
3.1852e-120
3.569e-107
6.5239e-44
7.1403e-19
6.3644e-34
2.3881e-38
1.2186e-82
1.6503e-60
1.178e-13
1.1626e-88
1.468e-23
4.7848e-113
4.6074e-18
1.9558e-23
9.3605e-24
5.2811e-13
1.8438e-49
5.4464e-101
0.0014784
1.1229e-23
0.0022175
4.6961e-71
2.2376e-13
1.4414e-100
5.9173e-77
1.446e-49
1.7737e-65
3.5402e-08
2.5282e-49
2.8159e-71
5.8338e-28
0.0020856
3.751e-77
4.4924e-55
7.6623e-19
9.8902e-24
4.7029e-77
0.0031254
1.8772e-23
1.0759e-23
2.8385e-39
1.6526e-65
1.3605e-18
1.0356e-23
1.2396e-32
1.8e-94
1.4274e-23
2.7405e-18
2.7945e-71
1.3618e-88
1.4841e-28
9.4725e-24
4.4742e-24
1.0014e-33
7.5203e-77
1.0802e-65
5.1554e-82
5.4034e-107
4.1911e-08
1.2645e-12
0.0033766
6.8966e-24
3.5107e-44
1.0924e-65
2.4637e-49
3.5204e-28
1.1158e-82
1.291e-18
2.3642e-39
8.5057e-24
7.956e-101
3.826e-60
1.2664e-54
1.7966e-49
0.00091596
4.6881e-24
1.6009e-60
3.2033e-13
1.424e-54
5.7038e-34
1.7643e-49
4.2539e-55
2.7585e-38
6.2683e-101
6.45e-60
1.7543e-18
2.423e-44
3.1852e-120
4.4397e-44
0.0038272
7.29e-39
2.6738e-18
2.9799e-60
9.4965e-39
3.1852e-120
1.9449e-60
1.695e-08
5.3038e-13
2.431e-49
9.2156e-83
2.3077e-60
7.8022e-77
3.0594e-44
3.3356e-13
3.8371e-44
6.8216e-83
2.4511e-28
2.8436e-71
1.2732e-33
6.0126e-55
3.4655e-08
2.3149e-23
6.2317e-44
1.6008e-28
1.0832e-94
3.1852e-120
1.1477e-07
0.0045327
1.1505e-13
3.2186e-94
2.2237e-18
0.00094691
2.012e-77
4.9807e-44
2.9239e-18
1.4463e-07
4.7127e-28
8.0161e-13
3.1852e-120
2.2994e-18
1.8529e-49
3.8194e-44
1.1989e-100
2.9966e-60
2.9186e-71
3.7856e-08
0.0016775
2.4137e-28
2.1706e-08
1.237e-65
7.951e-66
0.004377
0.0020165
1.5086e-33
6.1554e-89
1.9656e-65
2.6468e-107
6.8387e-55
1.1054e-12
1.5377e-23
3.7428e-44
1.7556e-08
1.1778e-49
6.4451e-08
1.549e-33
4.5467e-28
9.4174e-34
0.0026452
2.4102e-65
9.6938e-19
1.6994e-18
1.8072e-54
2.8569e-60
3.9593e-113
0.0029814
9.5285e-55
2.4195e-13
2.9879e-60
2.8059e-08
2.2374e-88
1.6296e-94
1.7702e-13
1.1955e-28
2.4549e-44
8.7819e-34
6.0264e-28
1.5314e-88
2.3298e-49
4.0803e-60
9.3116e-19
3.5444e-23
1.5329e-18
8.3252e-55
3.1852e-120
6.8577e-88
8.1886e-29
4.5709e-38
8.6377e-09
7.0644e-13
1.1341e-33
1.0636e-54
9.0147e-24
1.1203e-07
3.8333e-71
5.5052e-23
6.2832e-55
5.5558e-55
1.5756e-100
1.0616e-38
0.0078068
1.7116e-65
7.6128e-55
1.258e-08
9.6093e-95
1.5423e-54
3.1852e-120
5.532e-34
1.7166e-08
0.001698
7.4612e-44
2.2601e-65
1.2866e-08
1.5584e-49
2.6271e-60
1.5366e-65
2.4232e-13
1.3823e-13
4.6737e-101
1.4368e-28
4.3335e-82
0.0011956
6.7985e-60
0.0020239
1.2233e-49
2.2166e-44
3.6093e-24
0.002825
1.804e-113
2.0073e-13
1.0971e-54
1.8127e-13
1.3467e-28
2.3356e-38
2.7127e-54
5.427e-60
1.6654e-49
1.3479e-76
1.9786e-18
2.8079e-113
1.2716e-23
1.1793e-08
6.6381e-24
0.0012077
0.0011767
5.3233e-50
4.9734e-39
8.3987e-55
3.0518e-13
9.3009e-61
3.9862e-08
3.1852e-120
8.9588e-18
4.6881e-29
7.6539e-19
5.7213e-39
2.2441e-18
9.3818e-34
6.1282e-34
7.2302e-39
3.1852e-120
3.1852e-120
5.8048e-13
1.133e-54
1.0502e-49
1.2556e-28
8.4195e-09
1.7134e-08
5.0492e-39
7.4606e-55
1.1342e-18
9.0983e-29
4.2879e-65
2.2392e-33
1.8781e-23
0.00088816
1.4946e-23
3.1852e-120
1.7432e-60
8.5936e-29
1.2163e-54
1.1099e-65
7.2653e-60
2.9096e-88
0.0045421
3.0698e-55
1.0062e-28
1.2043e-49
4.8349e-65
1.0741e-08
8.2956e-66
4.3369e-101
2.7704e-28
1.226e-65
3.1852e-120
5.0959e-13
3.9116e-71
2.999e-13
6.2868e-101
1.4517e-28
2.2797e-23
2.1889e-60
3.8782e-60
4.1601e-24
8.1359e-71
1.4122e-38
2.4645e-44
4.7197e-60
3.832e-13
1.9897e-94
3.0868e-13
3.5918e-88
1.7189e-23
1.0774e-28
1.3775e-54
2.3588e-65
1.625e-13
2.0383e-94
0.054155
9.8324e-61
1.6792e-54
2.9338e-23
4.7955e-77
3.543e-33
2.0108e-39
3.4916e-13
3.1852e-120
3.3871e-60
1.6148e-82
6.9721e-44
4.4005e-44
1.69e-54
7.496e-19
2.2124e-113
1.9757e-100
3.2884e-60
0.00321
3.7526e-65
3.2208e-49
5.7082e-77
9.6218e-19
5.9572e-08
1.3637e-13
0.0016008
6.9475e-55
3.1852e-120
1.5291e-88
1.8962e-18
1.9659e-23
1.1825e-12
7.6682e-107
2.6188e-49
2.2733e-65
1.379e-82
1.7552e-38
1.2106e-88
1.9247e-49
1.6305e-23
3.7757e-71
2.1845e-38
1.5233e-60
1.0894e-49
2.4711e-13
1.508e-18
3.3492e-24
3.1852e-120
2.1197e-71
2.3904e-60
7.7804e-34
1.1812e-88
3.3998e-39
2.0556e-08
1.2422e-33
3.1852e-120
0.0041029
1.0018e-28
9.4813e-34
1.3685e-18
2.7087e-18
2.0387e-18
1.3941e-113
2.6375e-28
2.5136e-48
1.4229e-08
2.9942e-17
4.03e-33
6.39e-77
1.2201e-33
1.5257e-18
7.8627e-39
2.6412e-18
0.0009455
1.322e-23
1.1425e-54
1.4394e-38
1.8791e-18
7.2937e-77
1.9647e-88
0.012965
3.5189e-39
2.8093e-13
2.2712e-65
0.0032778
1.7882e-33
1.0979e-28
5.0323e-28
8.7605e-08
1.4899e-71
1.0513e-82
5.3097e-18
6.5937e-83
3.1852e-120
2.4357e-49
7.1613e-29
0.00083839
2.0139e-113
3.1852e-120
4.1992e-13
1.0769e-65
0.0027078
1.5514e-94
8.0041e-55
4.5e-13
9.0245e-101
1.5171e-54
1.0214e-23
1.3195e-59
5.7043e-60
2.1635e-13
3.1852e-120
1.0505e-23
1.1371e-23
0.0019208
6.5389e-39
3.4282e-107
2.5889e-08
8.4265e-34
9.3845e-77
9.6084e-107
2.5689e-49
3.0344e-88
1.064e-28
1.3475e-23
6.0197e-09
9.3063e-39
1.8271e-88
9.3685e-29
1.3986e-113
3.487e-49
2.26e-23
0.0060202
0.014751
1.3088e-13
2.5885e-13
2.212e-33
3.1852e-120
1.0711e-88
0.0010864
3.8547e-33
5.5383e-24
1.2542e-33
9.9408e-14
2.7285e-113
2.8366e-94
5.5558e-55
3.0145e-60
0.00076817
8.8965e-107
7.9617e-55
7.9377e-94
2.8457e-94
3.1852e-120
0.00071225
2.6889e-28
4.9858e-38
5.8888e-60
2.2653e-33
5.3744e-34
0.0012579
3.1852e-120
3.3977e-28
3.2663e-44
7.8841e-08
3.0949e-94
1.1917e-65
1.2616e-59
8.7532e-24
0.0023794
1.1821e-13
2.8229e-49
6.4564e-23
3.6757e-24
1.274e-82
1.4485e-23
7.8401e-39
6.2252e-18
1.9908e-71
8.6312e-09
9.5782e-44
7.121e-101
1.7918e-76
2.9653e-65
3.4279e-18
9.0307e-24
1.6407e-08
1.2668e-38
4.0248e-44
1.9683e-71
2.9343e-48
4.0391e-60
3.1852e-120
9.6431e-29
2.9481e-88
7.7717e-77
2.5009e-49
1.0198e-65
1.9036e-28
3.5115e-65
4.5265e-08
6.1111e-09
1.0215e-100
1.6831e-13
1.795e-28
2.3231e-49
3.8495e-82
2.8818e-13
1.0344e-88
1.4572e-17
6.5941e-50
1.3952e-100
8.1575e-89
3.1852e-120
1.8128e-18
7.6297e-13
9.2512e-19
1.3397e-28
1.3926e-23
1.6408e-71
4.4908e-49
4.0524e-23
3.8421e-60
2.9938e-28
2.3218e-28
2.856e-13
1.3222e-65
3.1852e-120
3.833e-28
3.1852e-120
3.1852e-120
5.4631e-71
1.9543e-88
0.0066532
1.0881e-38
2.4853e-38
3.2388e-71
1.2449e-28
3.1013e-113
3.1902e-38
3.3601e-13
5.3091e-77
3.1312e-24
8.4147e-60
6.1665e-49
8.8531e-44
5.838e-39
2.14e-65
5.419e-29
8.0116e-13
1.7252e-08
3.9691e-66
1.454e-88
1.1797e-94
1.9282e-38
3.2163e-08
6.6754e-24
8.6782e-34
0.001563
0.0035685
6.9094e-49
1.7234e-82
9.1107e-66
2.5913e-49
2.6583e-77
2.9522e-39
3.0892e-71
1.9213e-13
3.6583e-34
3.8158e-71
1.6643e-88
1.1845e-23
3.4022e-44
9.6235e-24
2.5767e-70
0.0012149
7.0248e-34
1.3463e-18
3.0547e-44
3.2047e-18
1.6112e-94
3.9851e-49
1.1651e-54
1.3606e-60
8.2122e-08
1.6879e-18
1.872e-60
1.1391e-60
4.5357e-60
2.9981e-34
4.3119e-13
2.6646e-08
5.9469e-101
1.3703e-76
3.1852e-120
7.9187e-89
2.2073e-13
1.3251e-82
4.9095e-08
1.8437e-13
7.0097e-44
2.8278e-18
2.2778e-77
3.0737e-18
0.0016572
2.4847e-18
1.1675e-33
0.003067
9.5329e-50
3.1852e-120
2.2809e-13
7.6857e-23
1.2584e-12
2.65e-18
3.3121e-71
1.5113e-65
1.734e-88
8.9596e-13
1.1949e-18
2.9875e-33
1.5704e-88
2.6167e-38
2.8005e-39
2.1702e-49
2.8841e-13
7.7315e-83
2.5556e-94
9.276e-50
3.6705e-65
5.5152e-24
5.2964e-09
2.2621e-08
9.6093e-44
3.8897e-39
4.9018e-34
5.7721e-33
0.0026932
7.3185e-83
9.1001e-55
3.9882e-13
1.7204e-65
3.4654e-113
4.658e-82
6.9255e-107
3.4266e-34
8.2896e-09
3.1852e-120
1.2777e-54
2.0886e-33
1.1e-08
9.085e-83
3.6614e-113
9.9791e-39
1.111e-38
2.3126e-60
1.5805e-54
3.7249e-39
1.5273e-88
6.9721e-44
7.1626e-89
5.5069e-29
7.7754e-39
5.1522e-29
1.2025e-112
5.0963e-44
2.0831e-100
1.1151e-76
4.8032e-08
1.0537e-33
9.6671e-14
2.4056e-44
0.0026802
4.6239e-77
0.0027326
8.6628e-08
1.0217e-48
1.9002e-82
6.7671e-71
1.3055e-65
3.3587e-18
0.0031226
2.3276e-71
0.0034272
6.0852e-39
1.0497e-22
4.878e-60
2.4517e-60
3.4099e-08
3.2205e-23
6.0044e-24
4.9174e-71
7.8116e-29
2.2647e-94
9.9444e-66
1.1349e-65
4.8952e-24
2.9143e-49
8.552e-34
8.1248e-29
6.6722e-29
3.1852e-120
2.1761e-08
1.3328e-23
3.5643e-24
5.5513e-66
2.8089e-60
1.6043e-18
1.8491e-23
1.0161e-28
5.1233e-13
1.665e-23
1.2657e-60
1.2269e-08
1.602e-13
8.8547e-95
1.0458e-18
3.2603e-54
2.8827e-44
3.6149e-107
1.3055e-60
3.1852e-120
5.4583e-33
1.7888e-33
1.4865e-13
1.2375e-49
1.6385e-33
2.89e-18
0.0026772
6.7878e-09
2.2183e-60
2.7561e-33
3.7646e-94
1.8871e-28
6.3058e-49
3.1852e-120
2.0139e-28
5.4095e-71
1.5537e-49
3.2309e-60
1.3287e-82
8.0391e-18
2.8515e-44
1.2198e-88
0.00318
5.7694e-44
9.8831e-09
7.9066e-24
5.1545e-24
2.2273e-23
3.5375e-49
3.1852e-120
2.2057e-23
1.0032e-38
5.0501e-44
9.9808e-34
2.992e-54
0.0026977
1.4582e-106
4.5626e-24
4.4735e-39
5.9553e-24
2.4114e-18
2.487e-88
1.8735e-65
2.0954e-08
1.2049e-23
7.5859e-83
3.7821e-08
8.2245e-77
1.0303e-28
1.8373e-60
8.5761e-09
1.4212e-12
7.4591e-89
8.4946e-95
1.7581e-60
0.020679
2.9795e-60
1.8307e-71
1.1444e-12
6.182e-39
1.4722e-08
8.4919e-18
2.7446e-23
1.4698e-94
1.0297e-18
3.4565e-18
5.495e-19
5.6632e-55
1.8227e-71
0.00094568
9.9373e-83
2.4294e-65
1.3027e-18
6.041e-55
8.4434e-34
1.1237e-23
0.0017017
3.8352e-55
1.1576e-88
0.0053986
1.9859e-49
3.1852e-120
7.8795e-55
1.2508e-28
3.1852e-120
1.7746e-08
7.1922e-09
0.0018189
0.001447
1.3588e-07
0.0021502
2.5107e-60
1.7182e-08
3.1843e-24
5.8537e-101
2.5595e-113
1.4489e-54
4.7213e-77
3.0964e-76
7.8095e-44
9.7302e-29
1.242e-49
6.7765e-95
1.1094e-13
4.4567e-44
1.985e-38
2.0821e-59
8.119e-29
3.7461e-113
0.0033731
2.2402e-82
1.8292e-18
4.7107e-19
5.8496e-107
0.0028561
3.1852e-120
6.5469e-107
3.1852e-120
4.1382e-29
3.1852e-120
7.8649e-24
9.5267e-55
0.0021335
1.8861e-13
2.3264e-33
3.4765e-34
1.0218e-18
8.5711e-71
2.9361e-88
6.3153e-50
1.4163e-82
8.3731e-24
7.2327e-77
1.8445e-49
3.4341e-19
1.2389e-23
1.8649e-23
1.56e-23
4.6332e-89
0.0022179
3.5641e-08
1.4667e-60
3.1852e-120
3.1852e-120
0.0030076
7.6239e-29
7.0537e-34
0.0009555
8.4993e-83
6.5937e-60
0.0010013
2.7978e-71
0.00075485
7.5925e-77
3.1852e-120
1.7246e-82
7.3294e-39
9.2547e-29
9.7373e-19
5.3443e-55
6.3297e-29
6.718e-39
4.8735e-44
1.7615e-54
1.4006e-49
3.838e-107
7.3141e-09
3.339e-44
3.9789e-66
4.4657e-71
3.1852e-120
0.0022077
2.7593e-49
4.0917e-33
1.9607e-18
7.7188e-24
9.4698e-09
6.567e-55
2.7866e-13
3.7381e-71
6.3895e-34
9.836e-29
8.1046e-55
1.0825e-94
6.9789e-19
0.0007173
3.7131e-13
1.0271e-71
4.9241e-39
2.7243e-88
3.607e-77
9.6893e-34
8.3044e-50
3.5339e-100
0.00069388
3.1852e-120
3.1993e-94
3.2098e-77
9.0067e-19
6.4264e-34
1.7346e-13
6.3163e-83
1.7892e-18
1.3024e-100
1.3661e-18
0.0017593
3.4188e-24
1.1923e-49
1.1465e-23
1.0336e-38
6.7856e-34
9.6431e-29
8.9214e-44
2.1133e-71
4.9418e-89
6.8949e-107
1.1662e-08
5.0456e-55
1.3775e-38
1.6861e-18
5.3122e-77
3.4731e-24
2.2416e-94
1.724e-13
1.2034e-76
1.3499e-23
6.2307e-44
8.2804e-29
8.8331e-77
3.1852e-120
1.1446e-43
1.2025e-23
1.5417e-49
5.6503e-34
3.1852e-120
1.878e-100
3.1852e-120
3.4219e-39
2.8342e-77
5.536e-24
2.4774e-44
5.3558e-39
0.0013433
5.051e-44
3.1852e-120
1.8548e-60
9.8555e-83
3.5607e-24
2.4928e-28
1.1956e-65
6.375e-23
8.2644e-55
4.5471e-19
2.9042e-60
1.0162e-38
2.5955e-28
8.322e-55
2.9361e-113
1.7421e-49
1.4712e-60
2.0009e-38
8.2912e-09
9.0023e-09
5.5333e-44
5.7867e-34
6.6783e-55
1.083e-28
1.6965e-18
2.5046e-13
1.1441e-100
1.5481e-53
1.9194e-49
1.0669e-38
0.0013412
0.0020821
2.962e-24
9.8271e-24
7.2203e-34
2.2064e-39
4.1555e-24
3.9351e-23
2.5491e-39
8.877e-83
5.7421e-34
2.2307e-39
7.8277e-60
9.8671e-24
9.748e-09
3.1852e-120
1.3417e-23
2.2307e-18
6.715e-13
1.5376e-49
1.8384e-49
2.833e-39
0.002606
1.366e-54
0.0016529
7.4335e-77
9.4138e-34
9.6671e-39
1.9514e-60
2.635e-23
1.5654e-94
9.125e-77
3.3286e-44
1.2839e-76
1.3947e-33
8.3619e-66
0.002027
1.2807e-13
5.3503e-24
1.1839e-18
2.7787e-60
2.1636e-13
2.0922e-94
7.3558e-09
2.9966e-55
7.1536e-66
1.0248e-33
1.469e-60
1.1454e-76
8.6262e-83
8.6294e-39
2.1329e-49
9.6769e-89
5.5217e-24
5.9629e-14
6.9596e-29
5.8459e-55
7.658e-95
1.4876e-94
8.1366e-19
5.5005e-19
4.3355e-13
1.4887e-100
5.0535e-55
0.0019056
1.355e-49
1.3679e-08
1.1599e-13
2.2032e-44
1.1746e-82
1.731e-23
0.00083378
1.4846e-28
5.0669e-34
1.1201e-18
0.00075068
2.9958e-94
1.0114e-88
1.5242e-88
3.1852e-120
3.5759e-24
3.996e-09
1.3481e-23
6.6251e-83
1.3453e-54
1.1737e-28
1.1597e-08
1.7168e-23
2.2867e-08
0.0013197
6.1984e-34
1.5592e-28
3.4265e-19
1.8265e-60
3.3835e-77
2.8598e-49
3.6175e-49
2.7539e-44
1.5408e-49
7.3322e-60
7.0936e-29
1.5666e-08
1.821e-13
5.6349e-24
3.1819e-39
6.6256e-107
0.0012085
1.8088e-28
3.4122e-60
1.015e-23
7.7913e-95
2.3949e-44
5.1083e-113
3.3129e-39
5.2812e-66
5.2516e-89
3.0084e-08
1.7022e-43
4.9669e-107
0.0046261
6.0283e-13
5.3323e-95
3.1852e-120
3.8658e-28
1.5798e-18
4.0952e-71
2.8123e-39
7.4781e-50
2.1427e-60
1.2684e-13
4.2722e-34
2.6782e-60
0.00089641
2.6586e-33
0.0027356
8.7253e-29
2.4485e-49
9.0156e-09
0.001426
6.2822e-39
3.1852e-120
3.1852e-120
5.149e-29
6.2336e-39
1.1011e-88
1.0072e-28
1.7331e-82
2.7041e-88
6.5885e-39
1.2832e-13
5.9379e-24
6.4182e-95
3.2833e-13
3.1852e-120
1.8739e-71
4.8786e-34
1.0608e-13
5.9871e-55
1.5159e-49
2.2263e-23
6.3926e-24
9.093e-29
5.4071e-19
3.0678e-44
3.6181e-29
1.8844e-94
5.7173e-71
3.564e-71
7.2592e-24
2.9361e-55
8.1095e-83
1.4517e-106
1.6795e-18
8.6446e-24
4.0454e-24
0.0018121
8.0016e-44
7.0668e-14
6.0571e-107
2.7576e-71
6.0201e-39
3.9965e-08
4.2194e-44
1.1004e-65
2.4478e-49
9.1409e-66
8.4577e-29
2.8162e-23
0.0016425
1.2311e-23
1.1789e-17
1.7428e-18
3.7746e-71
3.0328e-08
7.2031e-55
1.5862e-65
8.3747e-29
7.1778e-09
9.0921e-18
4.9552e-101
6.6057e-34
1.8349e-49
1.157e-13
7.0042e-39
1.4348e-18
1.0644e-13
9.0956e-19
2.7341e-71
0.0021227
2.6453e-44
8.5828e-09
1.2957e-49
1.8242e-28
1.5118e-44
7.7994e-77
3.4205e-24
1.2998e-82
4.7253e-66
0.0013972
3.5525e-28
6.5785e-34
7.4438e-107
1.1723e-18
5.3649e-60
5.4186e-24
2.5636e-94
3.1852e-120
1.4657e-71
1.1798e-18
1.2916e-28
2.6711e-60
4.9973e-39
0.00086672
2.6884e-33
4.8638e-44
6.7367e-29
6.1017e-77
6.9619e-66
6.909e-34
1.8554e-82
9.5027e-29
3.98e-24
9.6209e-24
1.5098e-82
4.757e-24
6.6261e-39
3.5691e-19
5.9032e-107
2.5237e-28
1.4756e-18
9.3703e-29
1.4653e-28
1.4512e-100
3.2027e-24
1.4332e-23
1.6087e-12
5.6973e-55
0.0054496
0.00089225
2.0906e-13
1.8567e-08
9.2654e-83
1.0157e-33
2.6396e-60
6.2454e-29
6.2597e-77
3.3804e-55
1.8751e-49
2.6822e-71
3.1236e-60
1.0513e-65
1.0244e-23
3.4274e-18
1.5778e-18
6.909e-24
5.2702e-24
0.00068489
3.319e-71
7.6719e-14
7.4801e-77
3.3308e-08
2.3825e-60
2.4756e-08
7.5418e-24
1.2013e-08
6.1559e-83
9.0974e-14
1.5039e-18
4.4528e-39
7.6521e-09
3.844e-44
1.2172e-13
6.3269e-29
1.5376e-71
2.5436e-82
8.9979e-55
4.6236e-39
3.1852e-120
8.4956e-19
3.1852e-120
6.6752e-39
1.263e-54
1.0942e-23
7.2266e-55
2.0038e-08
1.6957e-71
3.9439e-39
1.8258e-60
6.9651e-55
1.5118e-23
1.0551e-60
8.4418e-29
1.9833e-18
0.0041085
3.3091e-33
3.239e-77
1.7129e-08
7.0247e-29
7.5502e-101
1.7387e-18
3.1852e-120
3.5209e-08
7.5632e-39
1.7705e-100
2.0728e-55
3.1331e-113
1.7714e-28
8.3787e-39
5.5821e-24
2.893e-60
3.1852e-120
1.5653e-13
0.0012114
1.2462e-08
1.4723e-33
3.741e-29
5.031e-34
3.8394e-34
4.3366e-44
1.919e-71
9.1881e-55
2.1686e-55
6.0728e-29
3.7998e-08
1.9509e-44
8.205e-19
3.0543e-44
8.0393e-83
0.0088986
1.1665e-28
1.3174e-82
2.6892e-34
1.7224e-60
4.4223e-34
8.1127e-83
1.8075e-71
1.8061e-48
1.3526e-100
0.0015058
1.8876e-13
5.6595e-24
1.2154e-23
5.7976e-44
1.2725e-28
1.6148e-71
1.1425e-23
2.9809e-08
3.3352e-60
1.3963e-08
9.061e-28
8.2756e-77
1.6292e-65
7.8452e-24
1.7628e-33
3.1852e-120
3.0837e-08
1.3611e-49
2.3575e-71
8.0879e-34
6.3161e-29
7.1099e-66
7.626e-107
1.9646e-18
2.1972e-65
1.6832e-49
2.3925e-49
1.6505e-33
6.1171e-19
3.4429e-39
5.437e-29
1.0369e-82
1.7663e-23
0.0044373
9.4965e-29
3.4524e-71
1.5511e-76
2.174e-08
7.9821e-34
7.7323e-55
7.4225e-19
9.5524e-08
6.2295e-39
3.1852e-120
1.2465e-65
1.7571e-08
1.0458e-28
7.8786e-50
5.0381e-77
0.001126
7.0516e-29
4.1925e-88
2.0591e-88
8.849e-55
9.2672e-60
8.4889e-77
3.2851e-13
1.2024e-28
0.0025011
6.3098e-39
5.4816e-60
0.0015951
0.0011868
2.6097e-71
1.9966e-13
2.6424e-44
1.0974e-44
7.3879e-09
7.9597e-29
5.3048e-66
1.2656e-08
9.1863e-44
9.7462e-14
4.7169e-44
3.279e-08
1.0952e-65
7.6708e-19
1.0383e-08
3.226e-13
4.3525e-60
9.724e-24
2.8327e-13
4.6541e-39
8.0241e-55
1.7544e-88
8.6669e-101
0.0066054
1.025e-28
6.39e-29
4.7215e-39
1.3339e-08
3.3986e-13
1.256e-18
5.2513e-08
0.00095955
8.73e-55
3.1852e-120
6.3888e-24
4.8954e-71
0.00079066
4.7557e-24
1.9305e-33
1.4442e-13
4.7095e-28
0.00091414
5.6637e-66
6.1399e-29
9.852e-24
1.5345e-38
1.2664e-100
3.4246e-39
5.5333e-39
9.093e-29
9.5365e-14
2.5029e-44
6.2091e-89
3.5333e-55
1.2088e-23
3.6208e-55
6.9184e-107
8.7556e-24
6.6497e-66
8.3188e-29
1.9106e-08
1.8508e-60
1.5266e-49
1.093e-82
4.9238e-60
2.1659e-43
1.5835e-49
6.8058e-24
5.0045e-89
2.2927e-71
2.6491e-60
5.029e-39
1.5552e-71
8.849e-24
2.8256e-13
3.1852e-120
5.6126e-39
3.7935e-55
4.3678e-39
8.7181e-39
4.1268e-24
4.2084e-55
1.3907e-100
1.4738e-13
2.9868e-44
0.0013272
1.0319e-08
1.6791e-17
0.0010219
7.8518e-29
7.8665e-29
3.7156e-13
6.4252e-95
6.2887e-34
5.3622e-34
3.5725e-39
0.001884
5.4496e-34
1.5153e-88
8.647e-24
1.1734e-18
5.8385e-39
0.0029838
6.4514e-19
2.7732e-77
1.4535e-54
1.992e-13
2.8483e-77
3.1852e-120
9.3365e-89
0.0084954
4.3853e-44
1.177e-43
2.3333e-60
3.4099e-24
1.9435e-77
1.8095e-39
1.5967e-13
3.7594e-71
1.9911e-08
1.5738e-18
1.2468e-28
9.0094e-24
0.0006655
3.5545e-44
9.6573e-34
4.4882e-34
6.5855e-55
1.3415e-82
1.696e-38
1.9386e-49
1.1284e-60
7.8657e-107
1.9611e-23
1.2628e-23
2.571e-18
1.7384e-44
1.612e-88
0.0023181
1.4934e-33
4.4523e-39
3.536e-39
4.5066e-83
9.5391e-60
2.5098e-71
7.2633e-61
8.0672e-34
4.5415e-44
3.2464e-55
4.1354e-24
8.9205e-55
6.0331e-55
9.1916e-101
1.9376e-23
0.0018925
2.2668e-71
1.7063e-28
2.8612e-39
5.9178e-24
1.2883e-18
1.6148e-08
2.7413e-39
2.2275e-13
2.6417e-24
0.0018561
4.0272e-13
5.0593e-34
3.1852e-120
1.0443e-49
4.83e-24
6.0176e-44
5.0278e-24
1.256e-23
2.5358e-39
3.1852e-120
1.216e-60
7.8547e-09
1.4174e-33
5.502e-19
5.2581e-95
3.3937e-49
7.9835e-24
7.122e-09
1.7421e-13
1.1733e-18
5.3553e-44
3.0421e-39
7.6069e-34
0.0004891
1.0469e-18
3.3826e-113
8.2485e-09
5.1076e-34
8.6518e-89
1.9279e-39
7.9248e-09
6.9773e-29
6.7591e-19
6.3375e-77
3.1852e-120
3.6651e-71
7.2297e-39
8.2525e-24
1.6805e-34
8.1367e-66
9.1463e-29
3.1852e-120
4.5676e-19
1.9893e-60
5.4762e-19
1.8377e-13
1.813e-49
4.5943e-77
1.1072e-23
3.1852e-120
3.7921e-24
7.2713e-77
1.5556e-13
5.1418e-49
5.9393e-66
5.3604e-44
1.1086e-33
1.6946e-60
3.7434e-29
6.4857e-24
1.308e-112
5.8282e-19
1.2895e-33
5.9153e-39
3.7807e-77
2.8527e-49
8.2788e-39
7.5198e-14
2.5728e-71
3.8585e-44
5.9956e-08
1.833e-13
2.485e-55
1.1356e-28
1.143e-28
1.3166e-13
0.00089949
1.259e-28
4.7979e-13
1.6253e-28
5.3038e-39
1.2702e-44
8.6917e-113
2.688e-24
1.2702e-18
3.9555e-113
1.3865e-71
3.3166e-55
1.0965e-28
2.0804e-13
1.2975e-60
6.8507e-50
1.5737e-08
9.6218e-72
1.3994e-77
2.4058e-44
4.3621e-39
4.3645e-66
8.8531e-95
1.7057e-94
3.6097e-101
3.0179e-39
4.4316e-19
5.0405e-55
4.1329e-107
5.3423e-50
3.1741e-60
3.7388e-39
2.3734e-71
0.0011697
0.0025415
4.1695e-77
0.00081279
3.5062e-19
3.1372e-55
2.5467e-44
1.2108e-82
6.2291e-39
1.1604e-08
6.8416e-55
7.5279e-24
6.3335e-29
1.1035e-28
3.49e-44
1.102e-33
0.0010018
1.8066e-54
1.3232e-60
1.147e-76
0.0019881
4.6485e-24
2.0221e-71
2.0164e-13
2.7858e-34
1.6328e-82
3.4663e-24
7.9209e-55
1.955e-60
1.6041e-94
6.7454e-55
1.124e-23
3.5653e-60
1.5589e-33
1.3363e-94
3.2773e-38
0.0011698
5.6123e-19
1.7074e-39
3.0765e-113
3.2087e-23
7.4327e-29
6.554e-55
2.335e-100
6.4989e-44
1.6727e-13
7.2345e-19
8.3084e-34
7.222e-24
3.6972e-39
1.5205e-60
7.1105e-19
2.2975e-113
2.189e-18
9.2032e-24
1.4714e-44
3.5688e-18
1.0073e-27
1.8349e-94
8.4578e-19
1.9228e-65
1.4538e-71
6.6393e-29
2.085e-34
1.5083e-49
7.5407e-55
7.2169e-19
5.7413e-28
7.8234e-24
0.0010392
1.5946e-54
7.7892e-34
5.3712e-24
8.5249e-14
3.0623e-13
3.1128e-49
1.9614e-44
1.1782e-49
5.2902e-39
1.8745e-08
7.8452e-50
6.8271e-39
1.6574e-39
1.0699e-18
8.2549e-55
4.8545e-19
3.4759e-101
2.0008e-60
1.2263e-82
3.1852e-120
4.0582e-50
1.8099e-54
4.7001e-55
3.9924e-13
1.5964e-33
1.5759e-54
3.2843e-77
9.053e-19
5.2681e-44
8.2397e-107
8.9863e-29
7.929e-50
0.0011036
1.7578e-49
9.2592e-34
7.4554e-50
1.417e-18
1.7361e-08
2.6193e-34
7.913e-50
7.9369e-09
3.0864e-77
4.1394e-44
1.3897e-28
9.4574e-09
1.5248e-82
2.6523e-82
1.6937e-76
3.8842e-77
2.1324e-33
1.7552e-33
5.7944e-29
7.4713e-55
1.3601e-60
2.9546e-49
1.6043e-43
2.5595e-60
6.3368e-13
4.6085e-101
8.6846e-50
3.1852e-120
9.8031e-24
3.9935e-13
9.3729e-09
6.1665e-55
8.9756e-09
2.3298e-08
1.1682e-23
6.8638e-113
2.7289e-44
6.0932e-19
1.0369e-100
2.1552e-71
0.00038727
1.4506e-94
1.7784e-28
5.2402e-24
6.834e-34
8.7897e-19
1.1576e-33
1.4896e-33
3.7677e-39
9.5151e-19
4.9118e-101
1.3779e-23
1.0305e-23
8.3819e-66
9.7906e-55
8.0177e-66
2.0009e-08
7.6e-09
1.5248e-23
9.0921e-66
9.1427e-72
7.3404e-61
1.0581e-23
0.0041072
7.7746e-14
8.2948e-24
1.5764e-65
1.373e-38
1.375e-18
8.5927e-50
0.0021876
1.2019e-49
3.1229e-34
1.1802e-08
1.0926e-13
5.5323e-55
0.0021258
7.9239e-61
2.2217e-39
1.9178e-71
7.4888e-39
2.1217e-08
4.8136e-66
1.1528e-08
1.0252e-08
4.5066e-95
9.9346e-13
1.0001e-43
1.4953e-71
7.3617e-29
3.8712e-55
1.0137e-88
2.2448e-49
1.8974e-28
9.7835e-113
4.9794e-34
1.0027e-23
7.0189e-19
6.2391e-66
1.1189e-18
2.0601e-08
2.4302e-13
5.1669e-66
1.131e-23
0.0016715
2.1808e-44
6.7578e-34
1.2844e-08
9.516e-14
0.0016888
0.0013373
7.5535e-29
4.4981e-39
2.5199e-49
7.4992e-83
6.7967e-29
3.1668e-44
1.9133e-13
1.3175e-54
2.0821e-08
3.1852e-120
3.1852e-120
2.8552e-34
1.6791e-44
1.0775e-88
4.9106e-24
1.5587e-65
1.6156e-71
1.8837e-13
1.2991e-65
5.7404e-55
1.5491e-28
3.1852e-120
6.3589e-24
4.3957e-39
2.9064e-08
6.946e-66
3.1852e-120
2.993e-39
4.1897e-77
0.0018565
2.4909e-13
7.2914e-34
2.5362e-44
7.3367e-66
0.00054329
9.7258e-61
1.397e-113
3.2506e-39
0.00098485
7.3061e-34
0.0013938
6.8822e-24
4.308e-44
1.8088e-60
8.0153e-44
1.833e-13
3.4517e-44
6.8351e-39
5.6901e-107
1.1041e-71
0.0072698
1.9699e-54
6.4291e-55
9.7915e-95
5.1087e-19
1.8301e-44
1.0055e-08
5.5829e-55
9.4067e-72
1.4692e-60
4.8944e-44
3.3322e-34
4.7768e-13
3.052e-08
1.2093e-100
0.00083889
9.9915e-14
8.461e-89
3.1852e-120
7.7859e-24
1.1237e-65
3.1852e-120
5.8796e-101
1.5089e-08
4.2027e-77
0.0011532
1.5599e-13
1.2425e-07
0.001419
1.6561e-39
8.2852e-55
5.4291e-54
1.2767e-13
9.6147e-29
1.766e-18
8.5272e-39
1.5584e-23
6.8356e-09
7.4374e-24
1.7714e-82
4.0424e-49
1.076e-18
4.2355e-71
1.7557e-60
1.72e-65
5.1287e-33
2.2704e-39
2.362e-44
1.8811e-23
6.7665e-29
1.4499e-49
2.837e-77
6.5396e-29
1.3784e-08
2.3095e-18
1.4719e-28
2.2659e-49
6.4948e-89
1.2301e-18
5.8433e-29
5.9553e-60
9.1961e-44
5.4779e-19
2.2047e-88
9.6955e-29
6.0522e-44
5.512e-24
7.1836e-89
1.1127e-49
1.3207e-08
4.5089e-83
2.9588e-55
2.2103e-18
8.4871e-09
1.2437e-08
6.9653e-19
1.0482e-23
1.3147e-33
9.9328e-72
8.7133e-77
1.7494e-49
1.1672e-13
3.3032e-39
1.9879e-08
1.2058e-28
2.7442e-77
8.6853e-23
5.2738e-71
7.0578e-44
1.0949e-18
1.3889e-23
5.5719e-50
7.854e-71
1.473e-13
3.8218e-34
3.1384e-44
1.6623e-28
6.3274e-44
5.9374e-44
9.9693e-72
0.0011146
4.0087e-44
4.764e-55
9.053e-24
5.0867e-55
7.1507e-24
6.9539e-29
6.3364e-55
1.9067e-13
1.4586e-13
3.4133e-71
9.9008e-14
1.1765e-33
3.0423e-29
2.7709e-08
1.8277e-08
1.4042e-18
6.8438e-66
1.2225e-08
4.2632e-24
2.3207e-113
9.86e-66
1.9691e-65
4.3674e-113
6.8222e-55
1.1617e-54
1.6038e-18
8.2322e-19
0.0017916
2.9579e-28
2.114e-71
2.3286e-13
2.7714e-39
1.5733e-28
3.4589e-55
1.1576e-60
3.1852e-120
1.5107e-23
6.1926e-29
9.7471e-55
1.132e-88
8.143e-72
1.0964e-08
4.1665e-34
3.8065e-24
2.3434e-55
5.718e-13
2.3925e-18
2.7588e-49
3.6266e-13
1.2724e-08
5.9986e-55
9.3916e-09
2.7446e-77
5.2366e-113
6.6519e-24
6.133e-34
4.3256e-24
4.5771e-29
1.249e-82
2.1017e-43
1.4293e-44
3.9884e-71
5.5205e-24
2.4175e-77
0.0019697
1.5801e-65
2.1858e-60
0.00079066
7.0918e-55
6.2813e-44
6.1111e-29
3.5758e-60
5.1735e-66
2.8208e-44
8.0744e-34
3.2797e-34
1.0188e-18
3.1852e-120
1.0306e-33
9.1854e-39
6.3524e-39
8.3412e-39
4.6176e-39
6.6406e-19
1.1376e-71
6.9475e-71
5.8787e-55
0.0013192
2.1627e-13
4.1567e-24
7.2197e-24
3.1257e-39
5.5713e-77
4.1953e-55
3.1501e-44
3.1477e-39
1.8354e-13
1.385e-88
2.5953e-28
2.8781e-83
7.3512e-66
1.5161e-60
5.0791e-44
9.1934e-09
0.0021363
8.2717e-101
1.2261e-33
0.00080653
0.0010153
2.6954e-54
3.566e-71
4.4911e-24
5.4505e-50
3.0812e-55
9.5027e-19
9.0796e-24
1.5455e-71
3.9563e-13
2.1584e-49
1.1899e-60
1.5469e-60
2.9385e-49
2.4268e-39
1.1598e-13
1.012e-38
6.2522e-66
4.972e-34
0.0015185
6.562e-24
6.6942e-24
3.1852e-120
4.7047e-39
8.9356e-24
3.018e-24
1.0793e-88
0.0015987
0.0021047
0.003315
1.6568e-23
7.5327e-83
1.6391e-44
1.9484e-94
1.0838e-18
1.8395e-49
9.5427e-95
3.2907e-82
5.2704e-34
2.2317e-08
1.0164e-18
3.4318e-60
4.1097e-24
0.0022124
0.00062251
8.5002e-29
8.5137e-29
1.2976e-82
1.4626e-94
1.3451e-33
1.0789e-23
8.9676e-72
1.1589e-49
6.2295e-107
6.7144e-39
2.6701e-13
5.7116e-19
1.0596e-106
1.4108e-08
5.6261e-29
0.0035498
1.0948e-106
2.3521e-39
1.8078e-08
5.5183e-49
2.0023e-44
6.832e-24
1.5912e-18
1.1698e-33
0.0016632
3.2546e-44
1.9717e-60
2.3784e-82
1.0596e-94
3.6678e-34
1.0447e-08
3.1852e-120
1.0698e-88
4.3573e-39
2.6012e-13
0.0005946
4.283e-24
2.1077e-71
1.0673e-82
6.6849e-14
6.1173e-34
2.0421e-18
1.7053e-08
3.6949e-113
5.9299e-24
0.0013376
0.013351
1.0688e-13
3.3312e-39
2.1665e-24
9.8591e-09
7.4261e-24
9.8031e-113
9.1116e-24
1.3559e-54
1.2301e-18
7.5494e-34
3.7419e-39
5.988e-24
3.4738e-13
3.8676e-29
4.7441e-18
0.0009719
0.00088502
2.2124e-44
1.5088e-13
2.855e-44
7.9364e-24
1.7711e-28
3.0705e-71
0.0012102
4.5373e-24
4.741e-24
7.4633e-24
5.0892e-101
2.8311e-24
4.6694e-24
1.4476e-113
7.7767e-50
8.2429e-50
5.0788e-34
6.5274e-50
7.4037e-50
5.6706e-44
0.0014242
9.0467e-19
6.6969e-77
1.5369e-88
9.7346e-29
2.2284e-71
1.4266e-08
5.8722e-24
1.9121e-18
7.1475e-39
1.2165e-13
5.3765e-19
5.0671e-77
2.103e-49
1.1154e-49
1.4989e-13
5.5313e-55
2.7693e-71
0.0010724
3.1936e-77
2.8089e-39
6.8523e-39
2.4475e-77
1.5223e-44
1.9074e-13
2.465e-13
2.6363e-19
3.9355e-13
1.5464e-49
3.8994e-55
5.0501e-34
4.1259e-13
2.7221e-44
1.1785e-28
3.1852e-120
3.844e-49
8.762e-95
8.0735e-09
8.762e-55
1.9474e-77
8.9383e-34
3.2863e-66
1.8054e-28
1.4238e-08
2.3892e-28
0.00085766
1.1358e-13
1.0652e-23
1.8745e-65
7.32e-61
1.7595e-13
5.7263e-83
3.6172e-18
9.5533e-24
3.3979e-24
1.2046e-28
5.2466e-83
6.6602e-39
1.0059e-28
6.191e-24
1.2936e-71
5.6797e-39
0.00080933
2.4725e-44
1.4026e-71
3.5139e-08
4.315e-34
1.0579e-28
1.7742e-23
6.3868e-09
1.7718e-18
4.0026e-24
1.7619e-08
4.8884e-88
4.8408e-39
1.2182e-08
3.4145e-55
2.297e-60
2.7512e-13
1.9509e-44
3.947e-39
7.0959e-34
5.5156e-24
2.583e-71
1.515e-49
7.4416e-44
2.4411e-77
5.8245e-107
8.9161e-19
9.8582e-29
4.7481e-60
2.6355e-39
6.8967e-24
0.00051743
2.4543e-39
1.1003e-08
3.3322e-44
2.7905e-60
5.6864e-24
0.0023079
1.9468e-28
6.1695e-34
0.0017338
2.3185e-49
6.8629e-13
2.0026e-13
3.1852e-120
8.4912e-34
0.0016199
0.0021018
9.3285e-19
1.1581e-65
1.0952e-44
4.4215e-29
3.181e-66
2.6116e-55
5.4084e-34
2.0027e-08
6.6949e-55
7.2697e-24
3.1077e-49
1.5162e-18
4.9881e-34
1.6934e-60
7.7104e-34
7.4445e-39
5.7376e-29
1.0659e-08
3.043e-08
8.8203e-34
2.4314e-28
8.1518e-34
3.5999e-77
3.6486e-89
9.9915e-29
4.7137e-77
6.0676e-34
8.0688e-44
1.0948e-100
1.1859e-28
1.9378e-18
1.105e-08
3.7044e-19
1.0586e-18
3.034e-44
8.0401e-95
8.4329e-34
5.2912e-77
3.4761e-89
1.2616e-88
2.0978e-77
7.2172e-34
1.0824e-23
1.5398e-49
4.8899e-13
6.8236e-24
1.4952e-71
1.3424e-65
4.5521e-34
3.3608e-28
7.0483e-19
0.00051584
0.00041371
7.4962e-34
2.5814e-71
2.6762e-23
8.9756e-55
2.1826e-77
6.6088e-09
1.63e-49
3.1852e-120
1.3138e-88
3.857e-13
2.0426e-13
3.9805e-77
1.4653e-49
1.5841e-13
2.3495e-08
7.7513e-24
1.0153e-38
4.0753e-55
1.5478e-71
0.0021419
9.6378e-14
5.9002e-29
4.348e-49
2.9343e-33
2.2224e-44
1.4647e-23
9.7506e-89
1.1102e-13
9.5027e-50
2.574e-44
1.5692e-23
3.7558e-08
2.2709e-100
2.0195e-18
4.2805e-77
1.4852e-17
2.7733e-13
1.0012e-23
4.0491e-49
5.3383e-44
7.3622e-55
1.4211e-38
1.0001e-23
0.0019773
1.0712e-18
8.0217e-66
4.8112e-29
2.1887e-60
1.9092e-13
9.4707e-55
3.3077e-44
3.1852e-120
2.407e-28
7.8686e-101
5.7182e-101
4.0589e-107
0.0019793
1.5604e-18
9.468e-24
4.4752e-24
9.7364e-24
2.1304e-60
0.0069636
2.2e-39
6.1495e-44
2.2275e-13
1.8263e-08
4.1312e-08
5.0911e-24
1.0112e-23
0.0011945
7.9977e-66
6.8267e-24
1.3021e-113
2.6318e-08
2.255e-44
9.3969e-66
2.0781e-55
2.7548e-18
2.1681e-113
1.3297e-18
1.1427e-13
0.00056345
2.5057e-28
3.1852e-120
1.8924e-44
0.00069192
6.0366e-39
2.3552e-55
1.6495e-08
4.469e-60
9.6235e-55
8.2279e-19
1.9147e-49
2.2898e-24
1.5281e-82
0.00058714
2.856e-87
4.4476e-55
1.7502e-28
1.1709e-23
3.1852e-120
4.7687e-60
9.5684e-50
3.3115e-77
4.629e-55
2.871e-71
4.1285e-101
8.7509e-14
1.2259e-13
0.0014356
4.7996e-89
6.3298e-39
1.6165e-18
5.5859e-50
5.9739e-55
4.7369e-55
3.8894e-34
1.3651e-13
3.9519e-39
7.4801e-55
1.4589e-39
2.7328e-55
1.1105e-54
2.8105e-08
1.1961e-100
2.085e-49
3.7797e-08
1.7019e-13
5.504e-24
2.5039e-39
1.1737e-60
1.3905e-28
4.935e-55
2.7996e-88
3.8129e-44
1.2572e-60
1.5368e-44
2.6067e-77
6.4652e-77
6.2456e-55
1.6334e-44
3.3891e-38
1.6444e-13
1.0764e-28
1.3427e-60
1.8007e-77
0.004011
0.0020524
3.5742e-33
2.1006e-60
3.7229e-44
6.2016e-39
0.0021784
1.0602e-28
0.0048225
5.8502e-09
2.6114e-39
2.3199e-77
3.668e-13
2.0247e-28
9.3498e-50
5.2666e-39
5.4314e-29
1.3658e-22
2.5584e-55
1.5392e-60
2.7e-101
6.2827e-114
2.1754e-49
5.0766e-44
2.1231e-08
3.4474e-77
9.8662e-29
9.2325e-19
3.1852e-120
3.041e-55
8.4522e-71
7.3395e-19
3.1852e-120
3.6333e-34
4.8372e-09
2.0947e-13
0.020459
0.0025256
3.7418e-13
3.1852e-120
1.0882e-77
2.3268e-13
8.2948e-50
3.0368e-71
1.123e-33
3.2777e-77
1.2855e-08
6.8302e-39
1.3927e-08
5.5396e-34
2.9385e-44
7.4335e-77
7.4029e-24
2.2386e-39
5.2259e-60
3.1828e-24
1.3883e-38
2.3386e-39
5.2402e-29
1.409e-60
1.004e-18
1.226e-13
9.4209e-34
6.9014e-77
1.1418e-28
0.0025596
6.5997e-66
1.9052e-39
9.5604e-14
1.9919e-71
7.2373e-34
4.7348e-44
1.724e-77
3.4376e-13
4.8272e-34
3.5555e-60
7.9685e-19
2.4033e-08
2.325e-71
5.8667e-101
2.0979e-39
0.0031251
1.013e-12
1.1203e-17
8.7931e-89
7.1259e-39
1.5321e-18
3.4404e-28
3.616e-13
1.2878e-18
4.9742e-44
5.4805e-19
6.0737e-55
8.6782e-29
7.0782e-39
2.2671e-60
1.2656e-18
3.2579e-39
8.5129e-24
9.2503e-83
1.5652e-60
3.9172e-55
3.1987e-08
3.7923e-55
3.1905e-65
4.2494e-24
7.0278e-24
1.7215e-55
8.2861e-29
3.1446e-49
0.0018623
6.8606e-39
4.6183e-34
1.531e-65
2.7291e-55
1.7488e-106
3.2825e-49
0.0032892
8.2366e-101
2.6874e-94
1.9695e-08
5.3485e-34
5.2466e-18
2.9494e-13
2.2815e-08
1.5183e-13
0.0028381
1.1145e-28
4.7806e-39
9.9675e-24
1.8177e-44
1.3833e-71
1.9042e-49
1.1659e-60
0.001554
5.7148e-24
1.097e-28
1.5593e-28
2.037e-49
5.6742e-55
1.2645e-18
7.6521e-44
5.4205e-29
1.9928e-08
2.8742e-13
5.6701e-83
7.1841e-24
9.0681e-66
4.3485e-83
2.0891e-60
9.7995e-39
5.9455e-60
1.186e-65
1.0424e-18
3.9395e-08
1.3014e-71
7.736e-55
8.7269e-24
3.7036e-107
6.9581e-34
1.7295e-49
2.3506e-76
3.1643e-77
7.4773e-66
8.2629e-50
1.0048e-13
1.2593e-49
1.2825e-65
2.6122e-71
8.9534e-107
4.9149e-24
8.425e-39
8.1575e-77
4.9901e-34
4.5819e-94
2.4294e-107
1.607e-54
9.1667e-50
2.4024e-55
3.1852e-120
4.2549e-55
1.13e-38
3.1852e-120
1.2962e-82
4.3067e-55
0.0017568
2.8776e-13
1.3549e-44
5.4312e-09
9.5569e-39
4.4206e-24
6.2813e-19
1.4271e-13
4.2526e-44
0.001749
5.5676e-24
6.7502e-19
8.2013e-44
2.8936e-107
2.9789e-39
2.6896e-88
3.1852e-120
1.842e-88
2.4697e-77
6.6207e-71
3.714e-44
8.7692e-114
4.4187e-66
9.0601e-61
0.0018278
1.6099e-28
0.00094183
2.6126e-08
6.7566e-29
2.1417e-44
4.266e-34
1.1522e-71
0.00059568
2.104e-13
1.3325e-82
3.5267e-55
6.9415e-09
1.0878e-94
9.5853e-50
5.3457e-34
8.3515e-50
1.9976e-08
2.4604e-113
6.1783e-50
3.1852e-120
1.8307e-60
3.423e-66
7.6479e-24
0.001874
2.2823e-49
3.3187e-44
2.4402e-08
8.5815e-72
1.0316e-18
8.6741e-34
3.7868e-60
3.1852e-120
2.078e-18
9.7115e-14
2.428e-13
1.1714e-33
1.3379e-49
9.6795e-24
8.6007e-66
2.8763e-71
4.0887e-77
1.0215e-94
1.1859e-49
1.2148e-28
4.5458e-19
7.5859e-77
0.0016484
8.1918e-61
1.5323e-08
6.5585e-61
1.9808e-60
2.7767e-23
8.8235e-95
7.5685e-13
8.0973e-19
1.0269e-23
8.0551e-72
1.7009e-60
1.1275e-60
2.8158e-39
5.0917e-39
1.4207e-08
8.5679e-50
4.6864e-55
6.7033e-39
4.2758e-24
1.1927e-23
3.1852e-120
1.6667e-28
3.6798e-38
6.8074e-29
7.7075e-34
0.0014629
2.6097e-34
7.6945e-24
5.3665e-29
8.7581e-34
1.0584e-18
0.001449
3.7979e-50
1.0274e-33
7.7957e-77
1.0727e-08
7.2307e-39
8.1582e-18
1.0532e-08
4.4308e-29
9.8013e-24
3.4493e-39
4.5256e-39
3.6773e-33
1.3641e-28
9.1569e-89
2.7861e-38
2.4991e-34
3.1852e-120
1.3164e-82
1.4498e-60
2.2337e-55
1.1438e-71
7.3476e-34
7.9094e-50
1.0097e-44
1.1025e-23
3.1852e-120
4.4664e-34
2.2266e-08
5.612e-83
2.1183e-13
4.4068e-43
7.7346e-55
1.0342e-18
3.1852e-120
4.5593e-34
5.5971e-83
0.00094422
5.5526e-24
1.4172e-23
3.0197e-44
8.4034e-14
1.5265e-08
1.8552e-13
8.0152e-19
3.5372e-29
0.0011901
1.421e-08
1.8653e-49
2.1571e-60
1.6486e-33
2.6702e-24
2.7484e-13
4.3525e-29
4.5832e-77
8.1438e-83
1.0239e-23
4.4299e-89
4.9966e-24
5.4363e-09
3.2085e-13
3.3384e-60
7.7258e-39
8.5353e-39
9.4671e-44
3.8406e-44
8.2852e-61
1.4465e-71
4.0197e-44
0.0045985
6.4191e-39
5.5638e-66
3.9274e-29
1.9113e-28
1.3438e-49
6.4085e-71
3.4515e-13
0.0011862
2.2357e-08
2.7314e-107
5.8346e-14
6.9351e-09
0.001088
7.1618e-34
0.0020746
1.2229e-13
1.2083e-28
8.2013e-50
7.2734e-34
8.3659e-66
2.6019e-113
9.1232e-61
1.2084e-08
1.6804e-18
4.7562e-24
3.5527e-55
1.1586e-23
3.5037e-83
9.1374e-50
5.1635e-24
3.5866e-24
1.77e-94
2.1588e-08
3.1737e-49
9.2876e-19
0.0016411
2.1808e-13
4.0214e-34
2.0227e-71
0.0021008
1.0495e-23
7.5284e-77
3.9189e-66
9.1267e-29
1.1108e-18
1.6563e-33
3.6022e-39
4.4839e-44
3.9451e-55
1.5719e-28
0.00081873
0.0013905
9.8902e-34
2.4443e-13
3.0726e-08
2.5063e-08
3.592e-107
3.1852e-120
6.525e-34
5.3168e-66
0.0029535
9.6431e-34
1.3338e-49
2.3086e-24
3.1852e-120
1.9244e-18
9.0503e-09
1.5963e-08
5.3695e-34
5.8636e-24
2.5049e-55
1.4811e-65
1.3059e-65
1.5692e-49
1.3418e-33
4.581e-83
0.00078254
2.1381e-44
5.242e-107
0.0016882
1.0044e-49
5.2947e-83
2.4646e-44
1.2223e-28
2.6836e-08
1.4568e-44
5.1398e-60
1.3339e-08
9.1045e-50
4.4264e-49
6.5184e-66
3.1852e-120
5.2596e-44
0.0012334
1.5172e-71
1.5285e-113
3.7322e-77
2.1576e-60
1.5899e-28
1.3307e-08
4.4264e-77
1.096e-13
5.2835e-19
2.5084e-71
4.8552e-83
2.0666e-60
3.381e-29
7.8758e-89
6.9736e-39
0.0010092
0.0008677
6.6328e-19
1.508e-08
8.4346e-39
2.7321e-71
8.4625e-55
9.4805e-09
2.6563e-44
1.4495e-28
1.2769e-18
1.4157e-08
7.7272e-95
9.1498e-39
1.6861e-77
1.5134e-71
1.3102e-65
0.001511
1.3939e-60
7.5909e-107
8.5276e-19
6.1578e-08
4.4311e-19
9.6049e-77
1.0894e-23
1.3072e-44
8.2828e-29
0.0014036
1.9835e-08
2.0378e-28
5.2892e-39
3.3364e-55
4.2183e-24
3.054e-24
7.2026e-24
6.3038e-44
5.0923e-60
3.243e-44
5.3609e-18
1.3382e-49
5.1365e-24
0.0038458
3.0915e-55
8.7883e-83
0.0040402
2.9822e-60
6.543e-14
3.6768e-39
1.6832e-71
9.9053e-19
7.7035e-19
0.0011237
1.4176e-44
8.8323e-39
7.284e-24
0.00094404
0.00083902
5.9549e-83
3.4399e-39
1.6891e-18
1.7575e-49
1.6526e-28
3.1852e-120
9.061e-24
3.4863e-44
3.5662e-60
2.1182e-54
1.7041e-94
5.1478e-113
9.6129e-66
4.9846e-44
1.7821e-44
5.1318e-55
3.4457e-34
8.6741e-29
1.5407e-33
1.0235e-106
1.0102e-54
7.1823e-24
1.3105e-23
5.7745e-55
2.8079e-60
0.0022287
1.6438e-39
1.0231e-13
1.6424e-60
1.4816e-65
2.5652e-39
4.7695e-55
3.5593e-44
1.334e-23
4.3719e-29
3.1852e-120
8.4912e-101
5.1173e-09
1.7913e-33
3.3086e-18
3.1551e-08
1.4305e-28
5.0551e-44
2.8608e-71
1.0703e-82
4.9753e-71
1.1421e-28
1.835e-08
2.6792e-60
0.0013786
1.2177e-08
1.2028e-08
1.7119e-60
1.8146e-13
1.719e-18
1.2486e-18
1.3197e-82
0.00071807
1.666e-71
3.1852e-120
1.9656e-82
1.2357e-65
0.0015719
5.9163e-50
1.21e-60
8.3052e-89
1.0993e-28
1.1543e-100
3.0904e-113
8.2453e-24
1.0577e-23
0.0012873
1.3684e-82
8.1248e-24
2.3535e-44
3.5538e-77
8.7804e-50
5.2481e-83
4.3557e-24
1.488e-88
4.7307e-24
9.9382e-34
1.1186e-23
7.0643e-55
2.0391e-49
5.7317e-34
1.8491e-65
8.9881e-29
5.7649e-60
3.6461e-13
3.0965e-77
6.4793e-29
6.2275e-29
3.8442e-83
1.9262e-49
0.00094276
2.6794e-13
1.361e-23
1.0931e-33
2.3422e-65
3.1852e-120
3.8572e-08
1.7169e-23
4.4276e-24
1.4217e-23
2.1475e-33
3.1188e-77
1.408e-13
1.2402e-60
1.7569e-28
3.3437e-18
8.949e-34
8.056e-89
5.77e-60
1.9936e-49
4.5226e-24
5.1965e-113
2.3216e-60
9.0459e-14
1.1206e-18
1.9463e-08
3.1852e-120
0.0016147
1.3637e-94
7.1394e-24
1.0702e-88
5.5348e-95
2.097e-82
0.0019201
5.1793e-54
0.0019129
7.0228e-34
0.0013521
1.3738e-60
8.8036e-24
2.586e-08
5.1652e-29
3.3092e-77
2.0936e-23
1.1674e-49
8.8809e-39
1.3079e-33
8.9099e-61
3.1852e-120
3.1319e-24
3.7438e-107
1.755e-18
1.281e-28
4.9968e-34
2.1347e-18
1.4945e-23
2.1392e-49
1.0354e-54
1.3075e-28
5.5348e-50
5.4776e-71
1.2474e-60
1.2227e-54
2.8695e-18
3.1053e-24
6.2344e-24
4.4243e-39
1.035e-49
9.9595e-44
2.5242e-13
6.1675e-55
1.4275e-33
7.1355e-61
1.3291e-38
4.0628e-39
9.652e-09
8.2717e-24
1.1443e-18
1.6527e-113
9.7586e-83
6.3965e-50
1.7065e-18
8.65e-19
4.7469e-24
1.7499e-113
1.1918e-54
4.5531e-44
1.5245e-28
4.6802e-34
4.4246e-39
1.1179e-60
2.993e-113
1.3153e-94
4.7217e-29
1.6196e-33
4.7704e-34
1.5402e-08
8.2295e-09
6.3724e-39
2.7539e-55
3.3244e-107
7.5982e-55
3.3656e-60
6.7121e-24
6.6061e-39
5.3323e-107
2.5404e-107
1.1923e-49
6.2738e-24
2.1604e-18
4.784e-34
3.6695e-08
5.2921e-101
6.7916e-55
9.0956e-19
3.5785e-39
6.7515e-83
2.9958e-39
1.1386e-28
2.0209e-18
1.7546e-18
1.2802e-28
5.9455e-83
8.6915e-19
4.5523e-34
1.239e-60
1.5968e-18
1.1534e-33
1.58e-23
8.2501e-29
5.0391e-34
0.0021047
3.1852e-120
2.0058e-13
5.3649e-09
2.5263e-28
4.5088e-34
6.1811e-29
1.1157e-65
2.4464e-55
4.7648e-39
1.9779e-13
6.2372e-44
1.1211e-94
2.5865e-113
1.1771e-08
1.4623e-28
8.5105e-34
4.2448e-24
1.3955e-49
1.8764e-60
1.5766e-18
3.4295e-39
1.4602e-71
4.4723e-77
5.0745e-18
9.5418e-39
4.0991e-55
9.3e-89
1.5218e-49
8.27e-44
2.213e-23
1.9323e-13
4.9042e-39
1.7802e-39
2.3147e-08
2.5462e-08
9.9844e-83
4.8559e-71
1.0837e-18
1.7584e-08
2.8863e-23
1.6885e-49
1.2696e-28
2.3295e-23
8.6381e-19
1.906e-13
8.2405e-34
1.0954e-18
0.0011658
0.0018318
1.0015e-18
9.9684e-95
7.8036e-66
2.2321e-43
2.9845e-39
1.2118e-100
0.0020136
2.2256e-08
3.8396e-29
0.0011548
1.0642e-49
6.2462e-39
2.8566e-24
1.3889e-49
0.0020384
9.1365e-34
1.0522e-49
3.9679e-71
3.6951e-44
0.0008626
2.9263e-39
1.7007e-88
7.787e-55
1.0344e-100
5.1228e-44
1.7932e-18
1.1813e-18
2.5981e-60
2.1859e-44
1.3627e-08
3.4044e-88
2.499e-54
1.8525e-71
3.4919e-60
1.2175e-33
0.0027935
1.0886e-54
5.4543e-34
6.1295e-34
0.0022673
4.8204e-29
5.0844e-19
7.4554e-55
3.1852e-120
3.1852e-120
1.0309e-13
2.6026e-13
7.3454e-61
9.4485e-34
9.6111e-50
1.1558e-38
3.1558e-39
8.4203e-29
1.5525e-44
7.8966e-29
5.8216e-66
4.7348e-77
1.0456e-44
1.4552e-71
1.0831e-65
1.7109e-23
1.0047e-28
0.00072573
6.8438e-09
1.2289e-33
9.2574e-66
5.4491e-39
4.7496e-24
8.9987e-29
4.0087e-83
6.1984e-55
3.9789e-44
0.001121
3.2711e-34
1.8626e-101
1.1253e-33
3.1065e-60
4.6346e-55
2.0558e-77
9.2094e-55
1.7134e-18
1.6607e-94
8.8275e-77
4.3663e-77
4.1496e-39
7.4445e-89
1.421e-44
4.2304e-24
4.434e-49
6.2672e-19
6.9972e-09
6.1861e-34
1.2852e-13
7.964e-34
5.9833e-08
9.884e-29
4.0002e-44
1.8604e-88
3.9115e-55
9.3534e-61
1.4869e-44
0.00082319
3.9174e-24
1.2918e-65
1.1626e-71
6.3706e-24
9.924e-50
4.283e-71
3.6545e-29
7.5612e-77
0.0020434
1.7871e-88
0.0012023
0.00053219
8.3324e-50
9.0814e-83
1.404e-88
6.6622e-77
1.0999e-28
0.001259
1.0151e-82
3.0681e-28
1.3836e-38
3.1852e-120
1.716e-113
1.4458e-33
1.1724e-28
7.4977e-50
0.0089091
2.2631e-44
1.008e-23
4.5405e-29
6.709e-34
1.6774e-71
3.9988e-71
1.465e-18
8.4394e-24
4.5351e-55
2.5496e-34
2.9228e-113
1.1975e-49
9.7889e-19
1.087e-28
1.779e-13
2.322e-38
3.7118e-13
0.00051681
1.1867e-54
3.2867e-39
8.02e-101
3.1852e-120
3.4238e-70
5.5766e-24
8.7436e-29
1.9449e-33
2.5992e-13
8.7357e-19
3.5891e-24
5.2994e-24
1.6569e-82
3.756e-39
1.035e-88
5.4326e-29
2.6593e-60
9.5871e-55
4.9899e-24
0.0013859
2.0386e-49
3.051e-44
0.0013078
6.84e-29
5.3594e-39
4.6349e-34
4.0206e-18
0.0016688
7.1163e-34
8.3595e-34
2.4466e-08
1.9102e-28
9.2352e-34
5.5956e-23
1.0798e-28
9.8422e-55
9.9186e-09
4.3102e-66
3.322e-77
1.7544e-94
0.0029145
5.8379e-34
4.5288e-34
1.9617e-94
3.954e-44
9.4742e-09
4.713e-89
7.8234e-34
8.6606e-24
0.0014928
5.2867e-18
1.8445e-49
0.001475
9.4476e-24
1.3119e-94
3.7034e-44
0.00066235
0.0014076
3.7165e-13
3.3585e-24
6.3521e-29
0.00148
7.1189e-39
6.1828e-29
5.8701e-29
7.1659e-24
5.4867e-29
5.6161e-44
3.6129e-29
4.4055e-39
4.003e-101
2.3347e-71
9.4662e-14
3.87e-19
7.4416e-34
6.8643e-50
5.6544e-24
0.00075277
7.4e-66
9.428e-24
1.6765e-28
2.091e-18
0.0012325
1.9605e-28
1.1395e-49
7.7126e-19
1.3627e-33
1.4535e-18
3.5301e-39
3.1852e-120
1.5742e-60
4.557e-34
1.3309e-88
2.3185e-55
1.0779e-28
2.1363e-60
1.0343e-71
2.3956e-113
1.4941e-28
4.6537e-107
3.9702e-34
1.4279e-08
2.0992e-08
3.802e-66
4.7415e-107
2.5826e-44
1.2321e-94
2.4526e-77
1.9099e-23
6.154e-66
6.3475e-55
1.3622e-82
6.0422e-39
6.8179e-34
0.0015028
5.7729e-101
3.1193e-113
1.6827e-113
5.3677e-24
1.7858e-71
2.0914e-13
1.072e-65
2.2288e-08
1.5431e-71
1.2906e-71
2.2635e-13
1.9281e-44
1.716e-33
8.6853e-29
3.0062e-66
3.1852e-120
3.4928e-71
5.285e-09
0.002784
1.9221e-18
1.6356e-18
8.837e-34
1.0351e-23
6.9565e-50
1.8566e-13
7.0664e-24
1.4884e-100
6.6663e-101
3.9046e-49
2.2755e-44
2.3343e-107
1.5548e-23
0.001239
8.8106e-24
8.2828e-29
3.1852e-120
3.1852e-120
4.7829e-24
1.6474e-08
1.0303e-60
1.3895e-23
2.1824e-18
1.0477e-65
9.0263e-14
9.4307e-66
2.6054e-60
3.8219e-55
4.4154e-34
5.7634e-24
1.5884e-49
0.00094618
2.0805e-49
7.1109e-55
1.406e-77
0.0016242
3.1852e-120
2.6925e-113
5.3699e-50
1.5779e-60
2.6592e-71
1.068e-65
1.7799e-18
5.5117e-44
2.5037e-60
8.8873e-34
0.0031581
1.8109e-60
1.6738e-54
1.5814e-18
2.4739e-60
1.0287e-88
2.512e-60
9.5036e-14
0.0032156
1.1843e-33
3.8728e-39
1.2524e-13
3.4025e-77
1.7683e-44
5.9108e-19
4.2495e-107
3.8156e-44
8.3372e-19
0.001212
1.0632e-71
1.1757e-94
2.0603e-54
1.4839e-28
1.4196e-44
2.6956e-44
8.5389e-09
8.7225e-09
7.4874e-14
9.0405e-19
1.8948e-44
8.7931e-66
1.7379e-44
8.2445e-89
4.3373e-09
4.4452e-39
7.2482e-39
6.9912e-39
0.0014084
1.699e-18
9.7115e-19
1.4718e-33
1.8577e-60
3.1852e-120
3.1852e-120
1.7735e-71
0.0022274
2.9579e-55
1.282e-88
4.3926e-83
2.0705e-59
6.2402e-49
1.0468e-18
9.7595e-66
4.1455e-66
1.2601e-94
2.7369e-71
1.0492e-28
1.4434e-28
2.3562e-08
2.7485e-88
3.1852e-120
1.2872e-94
6.7093e-83
7.2635e-29
5.2041e-24
1.2028e-49
1.5255e-08
0.0045221
9.0725e-66
1.0463e-33
1.3499e-38
2.821e-44
1.5449e-38
5.5731e-19
7.4365e-89
1.694e-88
5.5278e-83
4.1726e-29
1.5449e-23
1.1798e-43
1.0551e-28
9.1401e-29
2.1871e-39
6.2141e-83
3.1852e-120
2.2106e-33
1.901e-44
9.9613e-24
1.6594e-08
1.558e-28
1.5125e-33
7.3949e-50
1.3698e-54
3.3821e-55
2.3199e-44
2.2305e-28
2.7392e-60
1.6902e-71
0.0021476
1.5835e-71
7.1411e-55
7.4612e-34
2.0845e-39
8.4969e-24
1.832e-13
9.1854e-77
4.6048e-19
3.6231e-39
1.763e-71
1.1184e-23
4.6117e-39
2.0375e-08
1.7396e-18
2.6962e-34
5.9883e-34
3.1852e-120
1.0635e-18
8.2981e-14
8.6823e-19
1.4474e-54
3.5918e-77
1.1197e-33
8.1694e-29
0.0015799
3.3344e-29
9.1809e-39
6.9034e-34
0.0058155
1.8058e-44
5.1547e-24
0.0017269
3.6562e-29
4.7935e-39
3.3703e-107
4.6973e-34
4.177e-39
1.3066e-60
1.3447e-71
2.6481e-39
1.9388e-13
9.7186e-39
1.0407e-44
1.2238e-33
1.2143e-54
1.3804e-65
0.0018216
8.4035e-66
2.0763e-71
9.5276e-89
0.00049458
8.7457e-19
8.4051e-95
1.0144e-71
7.2996e-77
4.9332e-24
3.6926e-65
4.6843e-29
3.9495e-39
1.5187e-23
2.9299e-13
9.292e-14
3.8822e-55
3.9722e-39
7.9458e-101
1.1395e-33
2.5875e-28
1.095e-71
1.2275e-13
1.7581e-33
9.8084e-50
3.3153e-83
2.1884e-113
5.7213e-83
3.1852e-120
6.8507e-55
5.7283e-55
8.5672e-66
7.3855e-55
2.815e-55
3.1852e-120
0.00060461
3.6138e-89
2.661e-94
6.8104e-34
4.6397e-60
1.5611e-71
1.531e-82
3.1852e-120
5.5339e-09
0.00133
2.4113e-65
0.00095722
4.1976e-55
2.6928e-49
0.0015941
8.6965e-24
2.4108e-44
4.4257e-39
1.5148e-49
7.1275e-39
8.4099e-24
1.0023e-49
1.012e-33
5.44e-39
8.3827e-89
1.8458e-18
3.5226e-77
7.5284e-83
3.1031e-71
1.1799e-08
9.6547e-55
4.4432e-44
9.7595e-09
1.5395e-38
0.00049949
7.8623e-19
1.2727e-100
9.1605e-29
1.2482e-54
1.1429e-94
1.0193e-18
4.1728e-28
5.383e-39
4.6756e-39
1.1645e-28
2.401e-44
2.9554e-54
4.3964e-44
1.7135e-08
6.7298e-55
9.2787e-13
9.284e-34
1.4156e-65
3.6467e-44
1.5052e-08
5.9955e-09
7.9006e-83
3.1852e-120
4.0405e-60
2.8254e-60
1.4311e-88
7.8114e-09
2.0786e-13
2.1852e-08
7.0879e-24
4.7269e-44
3.1852e-120
0.0026934
4.1412e-13
0.0028278
9.3871e-09
1.9732e-60
1.0532e-49
7.0217e-55
1.0316e-94
6.5576e-13
2.6378e-55
1.4607e-65
2.8533e-60
9.0539e-50
6.3604e-24
3.9329e-24
8.1854e-101
1.3664e-13
4.7976e-34
2.5177e-77
3.4197e-113
2.7928e-13
8.3683e-83
2.7621e-28
9.8964e-19
3.0738e-39
1.0404e-71
0.0023042
1.4322e-60
6.1167e-55
0.0030062
8.738e-29
2.1513e-43
1.1581e-38
7.1454e-39
3.6872e-77
1.4541e-23
8.2565e-55
1.2584e-65
9.2485e-19
7.6713e-19
2.4841e-71
6.8731e-24
0.0008623
0.00077367
9.2547e-19
9.4885e-19
3.0517e-08
7.658e-44
3.1852e-120
6.1824e-24
5.2305e-55
3.1852e-120
2.0684e-49
3.6509e-44
3.8337e-38
2.4261e-44
9.0067e-77
1.877e-08
1.1207e-77
3.9499e-107
2.8185e-13
0.0016264
0.0062283
3.0086e-44
6.3038e-55
2.1053e-49
6.3342e-29
0.0013252
0.00063954
7.5312e-61
1.0982e-54
3.1829e-13
8.7348e-72
0.0043288
0.00074544
9.4733e-24
1.6286e-44
5.7658e-19
1.4693e-18
4.6582e-34
9.3605e-39
1.1129e-71
7.76e-34
5.8681e-34
5.8489e-24
2.309e-44
1.9218e-33
9.5116e-24
0.0025268
5.4931e-39
8.73e-83
7.3549e-95
2.4645e-113
6.4529e-29
1.4909e-71
5.427e-55
9.8209e-34
1.9073e-08
1.0491e-23
2.379e-08
4.98e-44
8.7461e-24
2.0661e-18
5.7028e-55
3.5083e-60
4.7722e-77
2.035e-94
3.4405e-77
1.1214e-49
1.0638e-18
1.2065e-08
3.5277e-33
2.4237e-100
1.4937e-54
6.3669e-39
7.787e-89
3.0757e-33
5.5408e-29
0.00065143
3.5842e-77
2.6563e-71
2.0905e-34
1.8001e-54
1.3272e-39
1.4806e-08
1.3697e-18
4.0881e-24
9.9728e-39
4.2778e-39
1.123e-38
4.658e-49
4.5867e-55
5.1253e-39
5.5604e-83
5.9595e-34
1.2345e-28
0.00083366
0.00122
1.2788e-82
1.7055e-18
4.4596e-65
1.2964e-18
3.1852e-120
1.0429e-13
8.6893e-34
4.9286e-13
8.0408e-24
5.7025e-34
2.9542e-49
8.3004e-29
4.3788e-55
4.5248e-24
2.7394e-60
1.1619e-88
6.6822e-89
8.4226e-89
1.276e-49
5.7199e-34
7.6616e-66
8.2453e-55
7.5573e-34
2.2125e-71
1.4913e-28
3.9508e-34
4.972e-39
0.00076893
2.1029e-44
2.3398e-13
1.3389e-71
9.061e-24
2.4671e-18
4.5552e-34
0.004802
1.5455e-94
9.5249e-39
8.5032e-83
1.0335e-07
3.1852e-120
1.403e-60
2.0999e-49
3.1852e-120
2.0566e-13
7.811e-34
2.4366e-49
0.0056429
1.1474e-49
6.1771e-77
1.8968e-71
7.0728e-55
1.1397e-28
1.6144e-23
1.9764e-08
1.6849e-43
1.0115e-43
1.2745e-13
1.0063e-18
7.8664e-39
1.7089e-08
3.5159e-44
3.3811e-101
2.8537e-71
6.9089e-24
2.0095e-71
3.4154e-94
2.9774e-88
1.4075e-18
1.2383e-60
0.0025188
2.9985e-23
5.798e-49
2.5996e-82
1.5113e-100
4.6852e-55
9.0592e-29
1.6337e-60
4.958e-83
6.8277e-83
0.0006723
0.0011832
3.9454e-19
7.4495e-66
2.152e-88
5.2897e-39
8.2469e-39
3.1852e-120
7.5837e-29
1.5901e-08
1.9783e-65
5.1348e-77
4.8429e-39
3.0741e-13
2.3258e-44
9.9808e-19
4.1654e-18
3.252e-23
3.4382e-49
6.1264e-13
2.3763e-39
6.2512e-101
0.00099405
4.9116e-34
1.3564e-49
6.2231e-89
4.8094e-77
1.6921e-49
0.00065062
1.2349e-28
2.8814e-55
3.7284e-107
5.375e-83
1.0016e-17
1.6157e-23
3.8413e-29
1.7805e-82
1.4897e-33
3.728e-29
9.7124e-50
9.5729e-50
1.3339e-71
5.8111e-50
7.1746e-89
0.0014765
4.0309e-24
5.0285e-55
0.0012694
9.1481e-24
1.2181e-33
3.0165e-88
9.444e-83
1.8595e-60
3.6159e-71
5.2576e-95
1.4397e-60
1.0655e-94
2.0351e-100
7.9209e-61
3.9273e-24
6.8904e-39
5.6511e-39
1.2725e-71
1.0312e-38
2.5393e-54
0.00092573
6.62e-09
1.7414e-13
3.453e-55
3.1852e-120
5.1435e-50
1.7437e-08
4.1578e-18
1.0123e-08
0.0013022
5.8041e-34
8.3299e-50
1.6559e-60
9.3845e-89
0.001447
4.5921e-24
1.161e-49
2.0874e-113
2.7677e-71
9.6315e-34
1.0236e-23
8.0609e-24
8.627e-29
5.0657e-82
1.5906e-44
0.0022351
5.2942e-39
5.0876e-71
5.3238e-29
4.4716e-39
2.9106e-18
1.1168e-88
6.8678e-34
1.5815e-49
1.7162e-60
1.0071e-54
7.4686e-24
1.408e-08
8.5041e-19
1.6937e-33
4.1061e-34
2.8635e-77
8.5815e-39
8.9232e-24
6.6848e-50
1.522e-18
1.0126e-28
6.6709e-50
2.0701e-77
9.7889e-34
7.8905e-114
1.747e-44
6.8263e-34
1.2654e-08
0.0034006
5.3138e-24
2.5855e-28
3.4736e-55
8.9499e-55
1.1034e-88
6.8216e-66
2.1077e-60
9.1552e-101
5.2148e-34
1.5048e-88
1.4618e-23
8.521e-19
5.9053e-50
8.8275e-72
2.4547e-33
1.7341e-77
7.2457e-44
6.022e-55
2.3193e-100
7.8511e-83
6.3716e-18
1.402e-18
1.0825e-13
2.7814e-08
6.9794e-34
8.4745e-24
9.2974e-19
6.6481e-72
1.1275e-71
1.0764e-60
3.54e-18
2.0547e-71
1.3162e-60
9.7933e-09
2.3333e-71
0.00099886
3.1497e-13
9.5836e-34
5.8115e-39
0.0014184
7.4528e-24
1.417e-39
1.1254e-33
1.161e-33
8.2037e-24
4.0825e-44
0.0025213
1.0046e-28
1.4969e-49
3.1852e-120
5.4953e-101
1.238e-18
2.6412e-60
1.0736e-08
0.00093849
5.9027e-89
5.6226e-39
2.0368e-49
4.0345e-24
2.5627e-60
0.0017673
0.0018115
7.1157e-09
1.0859e-100
1.6857e-49
3.3961e-44
1.3581e-23
1.5002e-77
1.7608e-13
2.3263e-60
1.3281e-88
4.4596e-83
2.347e-77
4.1747e-71
5.3156e-34
1.1276e-38
4.0921e-107
7.0252e-55
0.0067402
2.8079e-88
1.5721e-08
6.4514e-24
4.0502e-34
4.2778e-77
4.3679e-55
6.4056e-77
1.1409e-100
0.00067989
7.6797e-39
1.5451e-88
2.616e-77
4.6044e-29
2.1593e-13
1.4953e-13
4.8216e-29
5.0436e-83
6.1649e-89
2.8966e-08
1.4122e-13
9.3916e-83
5.2766e-66
7.0708e-71
6.9929e-34
6.525e-34
1.2348e-44
1.4183e-18
1.0628e-49
5.3428e-55
3.1852e-120
2.035e-44
8.1726e-95
1.3527e-28
1.2437e-44
0.0010658
1.7125e-08
3.1496e-24
3.4468e-60
2.4789e-49
1.7147e-13
0.0040803
7.7087e-29
7.2397e-60
2.5977e-13
7.9326e-29
5.603e-55
1.9404e-71
4.3328e-60
1.4368e-49
2.0971e-13
1.4888e-23
7.5247e-107
5.9871e-113
1.1177e-13
9.1863e-24
1.1621e-38
1.3112e-49
7.8605e-101
1.3378e-94
1.9717e-13
7.0436e-09
0.00097135
0.00086793
1.5145e-28
1.3504e-44
7.2342e-95
1.5209e-13
8.8873e-34
2.783e-77
8.7397e-89
0.0010303
1.0575e-94
9.9853e-29
2.2882e-49
1.1427e-28
4.5794e-77
8.7061e-39
4.321e-19
1.9016e-38
4.0538e-66
3.3817e-71
1.7822e-18
1.0578e-18
2.677e-55
9.8173e-19
6.0637e-34
3.5857e-60
3.974e-39
1.0431e-08
7.2809e-50
1.2117e-18
0.003093
7.819e-19
5.3705e-66
9.564e-101
8.6446e-66
0.0015561
6.215e-19
1.1961e-49
2.0609e-71
1.6043e-28
1.1956e-49
3.3975e-39
1.401e-18
1.1817e-23
9.0583e-29
8.2285e-55
3.4217e-39
0.004542
3.4575e-60
1.8164e-18
7.6464e-29
7.859e-66
6.3424e-39
3.5429e-107
1.723e-71
3.4565e-49
1.0645e-38
6.6321e-55
8.639e-107
3.1852e-120
7.2117e-55
2.0234e-71
4.1512e-95
3.1852e-120
1.0892e-82
1.8557e-28
3.2501e-55
5.3479e-55
1.2397e-13
1.3417e-60
1.1397e-49
5.1653e-55
4.3332e-77
5.6928e-60
1.4196e-13
9.5347e-39
0.0018079
1.2154e-49
1.0728e-33
1.8221e-08
2.7446e-71
8.2477e-101
8.3459e-77
1.8117e-49
3.6702e-44
1.3656e-23
1.2691e-18
3.6097e-71
3.7168e-29
2.7516e-44
3.4408e-55
8.762e-66
1.5584e-82
7.2238e-55
1.166e-18
1.4617e-18
5.8932e-24
4.4173e-08
1.4222e-13
2.8319e-24
7.9653e-29
4.85e-29
2.4247e-44
4.6322e-24
2.1376e-28
9.2538e-24
0.0018351
0.0012986
7.8985e-34
4.8879e-29
5.6848e-33
2.1243e-107
6.9135e-34
3.1852e-120
4.3816e-44
1.4353e-13
0.0010758
6.2256e-44
0.0014999
9.2325e-24
1.5128e-23
5.5708e-50
0.002907
3.5631e-13
5.204e-60
1.0784e-49
1.5761e-82
4.8967e-49
2.4025e-13
2.5884e-49
1.4442e-100
3.1222e-13
6.6562e-44
0.0018093
9.1241e-50
0.002095
1.1214e-65
0.00063969
4.9576e-24
2.5591e-39
9.0707e-89
1.8525e-88
6.6152e-29
1.0711e-49
5.1275e-34
1.5222e-18
3.4877e-29
3.1521e-60
3.863e-77
1.6845e-60
2.9644e-71
5.5708e-44
8.2611e-09
8.6997e-39
4.076e-77
7.2825e-66
0.00080863
7.3598e-09
1.3599e-88
5.6196e-39
1.4211e-08
6.154e-101
3.1278e-60
5.8943e-55
2.7734e-49
7.0996e-34
4.7128e-39
5.6008e-24
7.7108e-09
2.38e-49
2.0794e-49
2.2e-71
5.8587e-95
2.7611e-39
1.1165e-49
3.4059e-107
1.8437e-28
2.1185e-71
9.7195e-24
1.2629e-38
2.1774e-49
4.3799e-66
2.3292e-49
9.9995e-44
1.8548e-71
3.1005e-39
5.2534e-19
6.3616e-66
6.0057e-34
3.5002e-22
0.0011136
7.0874e-107
3.935e-60
3.1869e-39
8.4353e-24
3.1852e-120
3.5647e-44
5.2207e-24
3.8071e-24
1.3424e-23
1.7137e-49
6.2741e-19
2.8721e-44
4.726e-39
3.6462e-13
2.271e-34
6.1374e-66
2.7886e-71
3.0358e-49
8.5815e-39
2.1317e-23
6.0511e-50
6.0001e-61
9.8946e-45
1.4305e-82
5.3385e-24
8.9196e-29
7.4511e-39
2.8298e-71
3.6668e-107
1.2846e-08
3.1199e-77
9.5418e-95
4.243e-39
3.1852e-120
1.5105e-08
5.5294e-24
8.8659e-55
9.3703e-34
1.0601e-60
9.9479e-50
3.1852e-120
5.516e-29
1.736e-60
1.1117e-13
2.456e-34
3.1664e-19
1.814e-100
3.5376e-34
3.2586e-77
2.3189e-08
6.8212e-19
1.0391e-28
3.3258e-34
2.0765e-88
7.3322e-50
0.00088015
2.5293e-23
2.2913e-28
5.4505e-39
9.6635e-66
9.4529e-34
6.0987e-24
1.3037e-23
3.2315e-33
2.0293e-71
1.0539e-88
0.0019255
6.0547e-09
2.778e-113
1.6257e-65
1.9332e-18
2.054e-18
4.3494e-71
1.0796e-18
4.3733e-107
6.6441e-66
1.1794e-54
7.2238e-95
2.2386e-76
9.3596e-19
3.7293e-08
1.8594e-13
3.5785e-39
2.7977e-77
1.3815e-88
8.798e-66
3.9037e-49
1.4884e-23
1.0877e-49
6.2683e-83
3.1852e-120
1.698e-49
2.4791e-39
5.8124e-29
2.4358e-82
5.6305e-50
9.284e-24
8.1447e-107
1.2589e-18
6.5128e-77
2.2264e-82
1.1173e-82
5.7519e-66
0.0036561
4.6397e-34
5.542e-83
0.001493
5.9479e-55
7.4161e-55
0.0034906
0.0016248
4.0321e-34
1.1478e-54
4.4333e-77
3.1937e-18
1.1653e-23
3.5628e-60
1.1054e-18
8.6304e-14
6.5157e-24
4.4447e-66
2.5487e-77
1.5384e-08
1.1883e-23
4.4849e-55
4.6543e-44
5.1306e-08
8.7493e-72
8.167e-29
9.4502e-24
3.1852e-120
1.0233e-60
4.0206e-08
2.3957e-60
4.4814e-55
2.6414e-113
1.1656e-18
7.9921e-29
3.2549e-44
1.9786e-23
0.0020342
1.9589e-13
1.1617e-13
0.0011444
2.4904e-39
2.2999e-60
8.3388e-83
3.6114e-39
1.1762e-54
1.615e-94
1.6741e-23
1.0182e-28
4.3809e-44
1.4472e-17
4.6138e-95
6.3395e-89
2.5247e-08
2.8736e-34
2.4859e-77
2.7729e-60
0.0018558
2.0193e-28
1.8502e-88
6.7836e-71
1.0761e-13
1.0903e-43
2.0736e-60
9.9026e-89
3.5217e-77
1.8026e-38
4.2768e-55
6.47e-34
2.4989e-28
6.7575e-19
6.744e-44
3.7164e-29
3.4238e-60
7.8336e-39
3.8887e-34
1.5445e-94
2.7743e-49
0.0021604
3.1904e-18
7.682e-77
6.1972e-24
6.8733e-29
6.9891e-50
3.8673e-107
2.1146e-60
0.0021074
1.5216e-33
6.1479e-50
1.5655e-77
4.3451e-39
1.7603e-60
1.5599e-65
1.952e-13
5.9899e-24
6.6941e-24
9.6609e-24
2.2224e-88
1.2014e-100
5.786e-13
9.6493e-34
9.0601e-61
1.1187e-33
1.3988e-18
0.002442
1.1311e-33
3.0161e-71
4.653e-77
9.8226e-50
1.5333e-13
2.0535e-94
2.9171e-88
1.108e-65
6.7895e-09
3.7138e-13
1.2866e-13
7.5374e-19
9.26e-72
0.00091254
6.5338e-44
7.6537e-39
1.4566e-77
5.9484e-50
4.741e-83
6.9751e-39
1.0687e-13
1.2342e-13
6.3595e-83
4.5265e-60
3.592e-08
3.8573e-29
5.42e-60
8.1167e-44
0.0012304
2.2464e-55
1.5773e-88
4.3286e-34
7.1594e-66
1.2398e-49
1.0026e-49
4.1389e-39
8.2806e-14
4.173e-77
2.1521e-49
4.182e-44
2.487e-113
2.765e-39
2.8671e-65
1.0576e-60
7.186e-66
8.2453e-24
1.2597e-38
2.346e-44
4.9605e-34
6.7971e-24
1.3902e-49
5.7139e-107
3.1852e-120
1.0419e-54
5.1263e-49
3.3878e-08
1.2038e-13
6.5791e-24
4.5166e-44
2.8382e-23
1.2452e-08
1.1867e-33
2.2278e-88
3.1852e-120
1.5707e-44
3.867e-29
0.010789
1.0254e-94
0.0035288
4.3203e-83
1.0454e-18
2.6637e-77
4.8991e-34
6.8318e-39
2.0498e-65
5.483e-34
3.1852e-120
7.9949e-09
2.1394e-08
3.1852e-120
1.0839e-82
1.4187e-44
4.4058e-24
1.6986e-18
6.1213e-66
4.59e-19
6.6593e-39
6.5605e-44
1.5576e-18
3.1653e-13
2.8893e-83
1.1667e-49
8.2173e-39
8.4674e-55
9.7986e-101
3.1244e-55
1.4512e-39
4.0933e-55
4.8487e-34
2.2226e-08
4.9674e-55
8.4374e-09
4.4958e-34
3.5814e-89
6.2226e-72
1.0372e-18
8.8794e-34
4.6937e-39
9.6147e-66
6.4772e-39
1.1254e-13
1.6891e-13
1.7308e-18
2.2857e-71
2.702e-08
7.4023e-77
9.7489e-24
3.9046e-66
9.4316e-34
7.7833e-34
6.4013e-19
1.3977e-49
2.3891e-107
5.6067e-34
6.4667e-83
1.6257e-43
1.8637e-44
1.12e-13
1.6334e-33
1.6683e-23
6.9766e-24
3.9523e-44
1.7674e-44
0.0013543
2.0019e-33
4.198e-34
1.4465e-60
1.4979e-60
1.7026e-49
4.0445e-13
0.0013016
4.2491e-55
3.5614e-23
7.3478e-09
2.179e-39
2.8342e-34
8.4768e-14
5.4959e-101
1.1789e-100
9.4245e-34
7.3782e-89
1.5402e-18
2.9631e-09
9.5676e-24
3.0493e-08
6.3409e-101
3.2815e-39
9.5471e-34
3.8396e-19
6.1084e-29
2.5085e-44
1.5733e-49
1.4248e-54
1.199e-18
8.7468e-29
9.9124e-29
5.8823e-39
1.8341e-77
5.035e-09
1.0091e-23
1.1444e-38
0.0024923
7.2585e-24
5.4787e-39
1.039e-65
6.8493e-39
5.5228e-89
3.2879e-83
7.0748e-39
5.6767e-34
6.1295e-39
0.0018191
1.2696e-54
9.8688e-61
2.6938e-39
1.289e-28
2.7045e-08
2.2977e-38
1.5742e-65
1.2287e-49
1.0284e-18
7.4781e-34
1.0825e-100
2.448e-13
2.1688e-60
8.2102e-89
1.1785e-08
3.8653e-55
4.8853e-08
0.00082856
9.3934e-14
1.2172e-23
1.189e-28
8.5488e-50
1.0554e-82
1.1838e-113
3.3124e-44
1.2406e-82
4.5379e-55
1.993e-18
0.00822
5.808e-39
9.2992e-50
1.3305e-100
4.3206e-24
1.104e-23
6.6015e-19
4.075e-19
0.0015228
5.9314e-55
8.6789e-29
1.4281e-18
8.6287e-34
3.1852e-120
4.8671e-13
8.1023e-39
7.846e-95
2.6899e-39
7.8899e-19
1.6427e-60
0.0031189
0.0013648
1.3619e-23
2.7437e-113
3.2533e-66
7.5416e-24
1.3782e-43
7.0005e-55
9.1445e-24
9.7035e-95
1.0109e-28
3.9566e-08
1.9608e-71
4.3333e-39
4.4183e-34
1.0482e-49
4.9031e-24
5.1884e-71
0.00041331
2.3664e-44
1.7044e-08
0.0024861
5.608e-60
2.1686e-77
2.2862e-77
2.1295e-60
3.6287e-77
1.9676e-60
2.1557e-13
2.2118e-44
8.4625e-50
3.278e-66
5.8961e-24
1.2165e-71
4.6779e-34
2.4185e-08
6.4562e-28
6.1846e-55
2.2495e-71
2.6627e-60
1.3723e-60
2.2348e-23
7.29e-55
5.5313e-77
2.2858e-08
8.7412e-34
6.6548e-66
5.0716e-55
2.6274e-54
2.5477e-107
1.9999e-65
7.9459e-29
3.2515e-39
1.195e-100
7.1059e-19
1.9084e-17
4.756e-34
2.6896e-38
7.0557e-101
1.8357e-44
1.9778e-44
5.1531e-29
4.7063e-34
5.7585e-19
8.4754e-66
1.4256e-18
6.4276e-34
1.7895e-49
2.6155e-23
9.9e-60
1.8617e-39
2.3151e-13
0.0035877
1.0759e-23
6.9279e-44
2.4509e-107
3.7688e-39
1.4905e-28
5.8637e-66
8.2524e-19
9.3089e-39
2.2919e-44
4.0721e-94
9.3551e-29
4.7162e-29
4.4164e-39
2.1853e-33
2.4779e-44
2.8148e-60
1.0306e-65
1.1063e-54
1.3336e-08
2.423e-49
6.5469e-55
2.1546e-54
6.3298e-60
4.4713e-89
7.3483e-14
3.769e-08
8.4977e-29
2.3932e-60
7.2152e-44
3.8426e-13
7.3392e-29
2.6574e-13
1.6182e-44
1.6283e-49
2.0216e-60
1.0845e-38
7.5335e-24
8.9996e-34
2.7869e-60
2.0059e-18
1.9867e-38
1.5127e-82
9.6387e-19
3.0897e-18
0.0019184
1.0361e-82
1.7658e-28
4.2039e-89
0.0019398
1.3863e-28
1.2436e-28
6.2327e-13
0.0010399
6.9852e-34
5.5007e-39
1.3199e-82
1.3798e-94
5.6992e-107
2.36e-55
4.6062e-101
2.0276e-13
4.0336e-60
6.1353e-39
1.1933e-38
2.029e-28
1.9526e-94
3.2832e-44
9.9924e-19
1.0223e-49
4.3313e-77
4.2549e-55
2.9576e-39
1.4793e-49
6.68e-29
1.178e-28
5.2901e-24
0.00096503
1.2842e-94
4.3932e-39
9.9151e-24
2.6121e-60
4.9368e-29
8.5722e-19
1.4487e-28
6.6149e-19
3.2566e-13
7.4865e-24
2.7425e-13
2.5025e-18
2.5164e-66
3.7466e-107
3.0032e-77
6.2261e-24
3.2794e-13
5.2125e-71
6.844e-29
6.6848e-83
2.3215e-60
3.4511e-39
4.0417e-34
1.6538e-60
0.0031195
3.4928e-60
5.9895e-77
4.9358e-77
8.5008e-24
8.068e-24
1.5788e-08
1.3781e-18
4.5841e-55
1.6415e-08
8.3834e-101
1.5205e-43
6.1689e-77
7.7876e-09
1.136e-28
1.4809e-13
1.6352e-08
4.1758e-71
1.553e-60
7.453e-19
0.0014571
6.1901e-66
1.4256e-44
4.7658e-107
3.436e-60
2.1366e-23
5.2531e-34
3.8135e-77
6.7196e-09
1.1894e-54
4.9678e-44
2.1002e-13
4.2863e-77
1.0109e-23
3.2154e-44
1.5537e-49
6.9219e-34
1.7881e-49
1.8859e-13
3.1278e-39
8.4625e-29
9.0085e-55
1.9129e-60
2.205e-08
8.4735e-19
6.6506e-34
3.5662e-44
3.6079e-77
6.5454e-83
4.2415e-49
3.8736e-39
0.0013327
3.4211e-77
3.1852e-120
9.9568e-34
6.5209e-83
3.1852e-120
1.9792e-65
3.2212e-55
1.8506e-33
5.0571e-49
2.6099e-08
1.1053e-33
4.0501e-44
3.979e-19
0.0010884
6.1583e-89
2.8171e-39
2.6576e-65
8.1758e-39
1.9659e-39
2.5468e-60
6.7659e-89
1.8805e-44
3.2388e-18
4.4449e-39
9.8111e-66
2.2101e-39
1.1121e-28
2.685e-71
1.4285e-33
5.4307e-29
7.8132e-34
2.888e-34
1.6373e-77
2.0297e-33
8.6154e-09
1.8699e-71
9.8893e-66
2.9743e-28
5.225e-34
1.323e-49
8.2948e-55
2.3077e-49
5.6843e-39
1.4286e-18
6.3475e-101
1.6033e-18
4.3455e-66
4.1008e-71
8.6062e-55
3.3305e-49
2.3167e-13
1.7263e-23
3.1852e-120
5.1422e-34
1.6272e-18
7.2577e-55
0.0027523
9.0867e-29
1.7292e-28
1.1058e-76
6.9309e-95
4.5613e-13
3.1989e-77
5.3038e-39
2.2425e-113
1.7227e-18
1.0291e-13
1.3555e-38
8.6262e-19
1.0039e-18
4.7923e-24
1.0011e-23
7.4008e-39
9.6253e-08
2.2267e-44
1.2141e-33
3.1852e-120
2.8416e-71
0.0014289
3.0156e-39
1.5637e-08
2.1617e-08
1.4676e-33
6.6796e-34
8.5701e-19
5.8197e-19
2.9279e-55
5.0429e-34
1.2982e-13
3.9139e-13
5.1117e-29
4.3161e-44
3.8555e-66
5.4705e-66
2.0227e-49
1.3124e-08
4.7884e-19
6.2991e-29
6.4971e-13
0.00086928
9.7995e-24
1.7848e-71
2.1962e-44
5.3158e-39
8.9232e-24
1.5672e-33
2.5377e-77
1.3207e-33
8.56e-19
7.0628e-89
4.3836e-34
1.3223e-18
3.213e-49
7.7163e-89
7.8204e-39
2.0743e-71
4.0192e-24
9.0716e-24
3.5861e-55
5.278e-24
2.8658e-71
1.47e-49
5.7418e-34
6.4787e-95
1.9721e-44
0.00064406
2.5282e-08
3.1852e-120
3.451e-39
7.5925e-55
1.2354e-28
1.5365e-33
6.0463e-55
1.3634e-18
8.6694e-24
8.9543e-34
4.8957e-89
8.318e-34
9.9995e-61
1.0286e-23
3.4919e-13
6.4113e-34
5.217e-77
1.7473e-18
1.0686e-08
7.5844e-29
1.9586e-39
5.0871e-44
6.9371e-34
1.1605e-28
1.1979e-33
1.0592e-49
9.1081e-24
5.5945e-09
3.9484e-28
5.2374e-55
6.4188e-09
3.4905e-24
4.3767e-60
3.6526e-55
1.4857e-44
4.5897e-83
1.0384e-49
1.026e-08
6.6313e-19
5.8753e-39
1.1881e-94
9.6849e-50
6.155e-39
1.501e-08
2.0312e-39
0.0012335
1.0074e-106
2.6624e-71
3.7015e-44
1.5765e-13
1.0914e-88
1.6325e-49
5.9604e-83
9.013e-83
0.0012545
3.1958e-77
8.9099e-77
5.9881e-34
2.3239e-60
1.3122e-18
1.4788e-13
2.2801e-44
1.6476e-65
2.5978e-71
9.7489e-34
7.3571e-61
1.2066e-08
9.0592e-50
9.2121e-107
0.003504
3.1852e-120
2.489e-49
9.8324e-83
3.7126e-82
4.8078e-60
2.1667e-08
1.194e-08
3.316e-13
1.9965e-49
1.4738e-13
4.7886e-34
0.0018302
1.4123e-23
5.0262e-34
1.283e-38
0.0014959
2.3156e-08
3.3438e-71
1.2605e-60
2.0387e-77
2.3598e-71
3.7275e-34
1.8287e-18
2.3699e-94
1.1899e-94
7.7949e-66
1.3826e-65
6.9109e-50
6.9829e-24
2.5045e-08
2.477e-13
3.8204e-13
4.2662e-60
7.3994e-44
7.902e-19
2.2508e-77
3.1852e-120
6.8924e-83
7.6441e-54
2.6956e-60
1.9595e-77
5.8552e-83
0.0038975
7.174e-66
3.6733e-34
1.4132e-13
3.0349e-71
7.6072e-24
3.551e-34
0.0020659
9.524e-24
1.1309e-18
1.5535e-08
3.1852e-120
2.9479e-44
2.581e-08
0.001021
2.3474e-33
7.2665e-34
7.0312e-83
8.043e-09
0.00043086
1.1466e-08
1.632e-65
3.8297e-66
7.6419e-39
8.4706e-55
6.01e-72
2.2066e-60
1.5071e-28
1.7652e-38
2.3766e-113
3.1852e-120
6.5831e-39
1.093e-38
1.6311e-13
1.9217e-49
5.7544e-55
2.0638e-34
3.1084e-13
7.4112e-24
6.0688e-77
1.023e-88
3.3924e-71
2.7276e-18
4.5111e-24
3.9973e-19
4.9118e-60
2.2335e-39
5.75e-19
1.4281e-18
3.2384e-34
1.1944e-08
3.2388e-39
1.52e-18
4.6982e-83
6.3389e-77
8.4106e-34
1.1118e-60
8.5088e-14
3.5754e-44
1.8872e-60
3.1852e-120
6.978e-29
9.8475e-50
4.6871e-107
1.2664e-60
4.5718e-34
9.892e-24
4.5519e-34
7.3994e-83
6.3409e-107
7.2178e-55
8.3491e-09
6.21e-34
1.1711e-60
6.4619e-55
9.2903e-44
4.0401e-34
4.3346e-34
2.096e-23
1.267e-76
2.049e-60
4.2087e-39
0.0032819
4.9984e-83
1.0879e-49
4.7769e-08
1.6352e-33
4.2615e-95
7.3454e-83
2.6393e-13
8.8794e-95
1.5587e-49
1.0942e-18
1.8835e-38
2.5892e-13
0.00080195
1.8213e-44
8.6782e-55
1.8013e-71
1.3939e-08
6.3149e-55
1.1718e-28
8.0344e-66
2.6615e-100
3.1852e-120
3.4666e-39
4.9409e-39
2.0742e-60
3.0857e-39
4.5921e-18
1.0351e-49
1.3242e-71
7.2937e-101
9.9533e-44
1.8677e-13
1.635e-60
5.2526e-66
3.8611e-08
0.0011542
8.2517e-24
6.8312e-55
4.4378e-83
1.147e-28
7.849e-34
0.0037206
0.0012463
1.0427e-18
1.1276e-82
7.1926e-44
1.4356e-28
2.6883e-13
4.1306e-55
0.0029618
5.9734e-50
0.0026895
5.9263e-39
7.3658e-44
2.2343e-33
3.889e-13
3.0086e-39
5.9002e-39
1.1475e-60
1.4242e-76
1.8264e-18
1.5187e-08
1.0455e-88
9.7666e-95
2.0039e-18
6.9234e-101
3.435e-107
4.9064e-09
1.5172e-71
3.3955e-88
3.084e-39
7.9977e-19
1.9302e-23
5.0923e-28
5.7715e-60
6.6136e-50
3.3668e-49
3.1852e-120
3.1852e-120
2.2586e-13
0.0013462
1.736e-08
3.6499e-44
2.2195e-54
6.8269e-19
1.8819e-94
9.6467e-19
6.59e-66
5.6629e-24
4.489e-08
1.6078e-23
1.8912e-38
1.9212e-55
1.239e-60
9.6955e-61
5.074e-83
7.9187e-34
4.9046e-34
3.6211e-34
8.1406e-89
2.6276e-08
0.0022137
2.1446e-13
2.1201e-49
1.6084e-49
4.102e-39
1.1334e-28
1.7237e-08
4.4769e-13
1.718e-44
4.7877e-24
1.0243e-18
2.0177e-08
1.4259e-08
5.5699e-89
2.5849e-113
3.1852e-120
2.448e-13
1.6584e-71
6.8156e-44
6.9261e-55
3.5233e-44
8.6382e-34
2.4421e-13
1.665e-08
3.3134e-24
4.5373e-34
6.3876e-77
4.9331e-24
9.9862e-08
0.0019438
7.7383e-09
9.9542e-19
9.4911e-34
2.984e-71
1.7246e-60
2.932e-18
7.725e-66
9.061e-50
1.1121e-18
4.0886e-08
9.7533e-19
2.0515e-77
7.6178e-24
4.5153e-13
4.9026e-66
3.1251e-08
1.6674e-44
6.1759e-77
2.034e-18
9.5844e-55
6.0176e-29
5.0917e-44
5.7002e-34
1.1044e-71
1.3199e-49
1.1541e-33
1.9258e-13
4.5136e-44
0.0013212
1.4396e-43
3.4589e-44
5.8555e-34
4.1331e-39
4.2108e-19
2.7803e-08
1.2053e-71
2.7609e-88
5.9303e-29
1.449e-08
2.8014e-44
3.0803e-13
4.2072e-44
6.7063e-34
5.553e-24
9.3e-34
1.5463e-44
7.4438e-77
4.1453e-77
3.1852e-120
8.1342e-95
8.6829e-24
3.0908e-24
1.1488e-82
5.4195e-107
8.9463e-83
1.0934e-49
3.1852e-120
8.5272e-39
0.0014704
0.0025973
6.5774e-24
1.5022e-13
2.0078e-88
2.4624e-08
2.0248e-13
1.561e-44
1.2444e-100
2.9597e-107
6.4855e-34
0.0016276
1.8316e-33
2.2754e-13
1.736e-13
0.0015612
0.0012371
1.1866e-49
3.1852e-120
1.8741e-28
1.1012e-28
1.1965e-23
1.4607e-60
7.8044e-61
1.1346e-18
3.7602e-77
2.6753e-71
7.5327e-66
3.5043e-39
8.4179e-34
1.3468e-71
5.7848e-29
1.2301e-71
1.2975e-65
4.8107e-55
2.7705e-44
4.9744e-13
2.3127e-39
5.1332e-39
6.9032e-71
5.2516e-34
1.5077e-54
6.8416e-89
6.9114e-66
3.6762e-66
8.8475e-66
0.0031517
6.5479e-24
4.0958e-77
4.7552e-107
0.0011906
4.7574e-09
1.0427e-28
9.0067e-66
9.4209e-83
1.6138e-60
1.0535e-18
2.7124e-39
7.7847e-44
1.3791e-18
0.0016772
7.1189e-101
1.139e-13
7.6717e-24
3.6146e-44
4.5563e-89
7.6893e-19
8.766e-60
1.2177e-28
3.3212e-39
7.8297e-19
9.2894e-29
2.6221e-60
3.641e-13
6.5766e-50
9.2716e-77
4.9058e-55
2.1124e-76
1.0651e-23
1.2959e-08
6.2141e-83
8.3475e-24
