1.9715e-140
1.5536e-56
2.3212e-42
6.0546e-70
4.9214e-83
7.1782e-36
3.5031e-42
1.2974e-49
4.1533e-90
1.5873e-42
6.97e-157
1.1042e-125
5.6191e-23
6.3783e-126
1.7321e-49
4.351e-10
2.999e-36
4.4105e-23
2.202e-76
4.3611e-10
2.0188e-69
1.3574e-111
3.5025e-16
8.1895e-63
4.7334e-29
2.1791e-36
1769.8
6.8725e-36
1.9998e-56
8.3679e-10
7.1338e-42
3092.8
2.2217e-16
3.9518e-23
1.9547e-83
3.4594e-76
1.2413e-29
3.1016e-49
3.3767e-16
2.804e-118
3.3096e-49
1.1537e-22
1.8562e-83
2.2019e-76
0.0035313
2381.1
5.7548e-10
2.4434e-104
1.5564e-55
0.0014102
1.2637e-29
6.97e-157
1.2302e-118
1.5846e-76
0.0015813
0.0027902
1.2107e-29
3.3224e-104
1.7533e-49
2.7293e-69
1.385e-97
9.6673e-104
2.803e-36
1.1569e-104
4.3632e-63
1.2239e-140
1.5243e-90
0.0046893
0.0015047
1.932e-16
2.0429e-16
8.2431e-126
3.0743e-97
1.4628e-69
9.5095e-30
6.97e-157
4.4972e-43
1.1811e-140
5545.7
1.8341e-49
5829.6
2.7436e-36
1.4672e-49
1.1981e-36
3461.8
2955.6
4.475e-83
1.2917e-140
5.3599e-23
0.0044173
6.0265e-63
2.1871e-133
8.718e-10
2710.8
6.5659e-23
3.3169e-56
3.2489e-16
0.0023798
7.9801e-43
6.4005e-23
7.0098e-63
6.97e-157
1.2737e-29
5.1718e-43
2.0107e-83
9.4655e-43
5.6718e-29
6.8226e-77
8.6665e-56
1.9807e-35
1.774e-36
3.0396e-29
4.3875e-83
3.6372e-83
1.6294e-118
7.2925e-104
1.0599e-42
6.6246e-141
1.0929e-29
1.0076e-36
5.4633e-56
3.5581e-83
7.759e-119
1.5688e-83
9.8282e-24
1.6764e-76
9.919e-43
7.4127e-111
4.8397e-104
1.0651e-09
8.71e-50
9.4266e-70
7.9571e-70
1.116e-28
1.202e-62
1.0944e-16
5.0173e-43
9.1493e-36
1.9954e-83
2.0608e-111
2.1492e-16
7.9537e-126
2173.2
2.7143e-23
15513
3.9092e-97
7.3423e-97
2.3005e-133
4.0907e-36
9.5786e-97
3.5206e-90
3.6455e-83
0.0032015
4.7045e-63
2.9397e-23
4.2585e-141
1.0141e-76
1.0855e-125
6.6949e-133
4.3351e-16
2.0578e-104
2.7035e-23
1.1144e-69
7.4169e-97
8.6095e-84
6.2179e-56
1.1869e-09
2.5151e-118
2.6844e-69
1.9436e-104
1.8415e-76
2.4299e-76
2.6792e-10
2674.6
3.1682e-23
2.3931e-09
1.0612e-83
1.878e-36
6.1229e-97
8.2498e-17
814.44
0.011553
2.1475e-69
2.9886e-69
4506.1
9.4814e-141
2.1724e-90
1.1152e-09
4.3025e-56
9.5978e-50
3.7145e-63
8.0794e-83
7.8729e-112
0.002625
3.1922e-104
3.8308e-16
4.6546e-56
2.5338e-90
1.5683e-23
1.0596e-62
3.4521e-10
2850.7
1.4803e-42
2.6802e-76
1.4301e-125
3.7716e-49
3670.8
5.7891e-23
6.97e-157
1.6806e-133
1.6444e-29
5.0399e-49
4.5232e-133
1.0936e-96
1.6111e-133
0.0039901
1.9872e-56
2061
1.2252e-09
5.4696e-17
5.4197e-43
6.0412e-23
6.97e-157
6.97e-157
4.1149e-104
2.7761e-97
1.0481e-35
5.2979e-56
7.0643e-50
4.0179e-43
1.0092e-111
8.8319e-10
1.6159e-96
3.5024e-83
2.1903e-97
4.7656e-43
4.6471e-56
3.717e-90
4.9821e-29
5.8641e-126
4.5529e-141
2.4401e-97
7.7536e-119
3854.7
4.6739e-36
2695.7
2.0428e-56
6.7615e-77
8.3252e-10
6.158e-97
2.6338e-23
1.251e-69
6.9173e-70
1.9373e-29
1.1656e-22
3.0164e-56
5.4717e-119
2414.8
6.7979e-17
4.189e-16
1.5058e-118
1.3098e-23
3.3233e-56
3.3799e-69
1.0305e-42
1.4992e-96
8.1464e-56
2265.3
3.2467e-70
2.5679e-133
1.5445e-76
5.2279e-29
1.0571e-111
1.9411e-23
1.8127e-49
2.303e-83
7.6497e-141
2.1954e-16
2.5607e-90
4.4172e-119
9.1221e-10
2.6795e-104
1.5515e-49
9.4688e-23
2.9827e-104
3.2279e-63
2.6022e-111
1.7338e-16
1.3181e-89
1.9932e-16
0.0011203
5.3381e-23
3.4243e-148
1.6722e-29
1.4708e-16
2.1535e-23
2.0663e-111
6.3054e-83
9.8977e-91
8.1627e-17
1.6349e-23
1.2134e-62
0.0029167
5.4532e-70
2.3189e-56
9.5786e-119
3.725e-104
1.974e-118
9.0488e-90
3.4507e-36
1.0707e-148
1.3741e-22
5.2924e-126
1.8189e-90
1.211e-42
0.002272
1.3772e-82
5.7305e-112
1.0886e-16
0.0012419
2.7847e-97
6.9114e-10
0.0041409
1.1807e-42
3.6506e-112
1.0091e-49
7475.9
5.3142e-70
9.1422e-36
3.5625e-23
3.3418e-36
9.182e-49
0.0029903
6.6698e-17
5.1015e-77
8.687e-97
2.4254e-16
6.4164e-83
5.9114e-119
2.2132e-49
0.0053141
1.7137e-133
8.8177e-83
3.8468e-36
3.0951e-90
2.2565e-29
1.5414e-90
3.3086e-23
3.0903e-43
2.2228e-76
3.2956e-49
6.97e-157
1.4592e-16
2.2984e-69
0.0020293
2.1804e-56
1.0269e-133
8.9718e-23
4200.3
3.3725e-23
5.0336e-56
6.97e-157
1.9727e-36
1.4217e-49
4.372e-10
6.9411e-17
2.0483e-148
0.001131
1.3191e-96
2.78e-76
5.1651e-10
4.9067e-126
1.6975e-62
1.6532e-29
0.002813
2.953e-23
2.1524e-23
6.97e-157
2.1566e-111
3.9019e-76
1.7731e-83
1.8026e-111
2.2728e-55
9786.3
5.6413e-126
6.1748e-104
1.7849e-22
8.1409e-43
2.0987e-90
2.8394e-10
6.97e-157
1.4359e-35
9.9647e-17
1.3263e-49
6.97e-157
3.5581e-111
2.155e-16
3.7367e-10
2.4687e-29
2.2527e-111
9.8399e-119
6.1744e-17
1.6975e-36
6.7154e-43
5.3841e-119
2.2071e-97
4.8029e-126
2.5549e-29
3.8486e-36
6.97e-157
2.6592e-23
5.0613e-126
1.8444e-29
3.3266e-36
6.0684e-97
6.97e-157
4.9315e-111
5.2095e-141
1.7766e-89
2.3968e-104
7.7351e-43
1.4404e-49
2.6378e-63
1.8567e-16
7.607e-30
1.0921e-42
3.4332e-16
9808
0.00078061
3.2212e-63
4.8326e-119
6.0902e-36
2.4443e-104
3.4435e-09
3.5548e-90
6.97e-157
3.8068e-97
1.1747e-62
4.9604e-104
7.4931e-119
7.0772e-90
5.3661e-10
1.9221e-29
2.0015e-133
2.99e-36
5.2799e-63
8.4253e-23
6.97e-157
2893.1
3.0843e-16
4.5985e-63
2.5123e-119
2.8987e-69
1.0736e-16
2.4016e-29
4.7715e-97
5.0035e-63
849.93
4.3954e-141
2.9746e-133
4.444e-119
7.5978e-56
2.7826e-90
7.6464e-112
3.2674e-90
1.8953e-133
1.1002e-16
1.3592e-118
1.1737e-133
4.462e-83
0.0015071
2.3174e-69
2.1702e-16
3.7982e-23
6.3302e-43
1.0808e-49
2.0663e-133
3.162e-36
1.2751e-49
0.0018002
4.5169e-16
7.4587e-90
1822.9
4416.2
2.8686e-09
3.9815e-90
6.0353e-63
8.839e-105
2.9636e-70
1.5334e-118
2.912e-97
1.2525e-83
3540.9
7.2267e-56
1037.7
6.97e-157
2.3194e-83
1.0461e-16
9.8504e-134
2.287e-104
2414.1
9614.4
8.022e-77
1.6203e-29
2.1579e-22
4.6149e-16
6.7393e-97
1.9775e-76
5.8783e-90
1.6646e-148
3.2563e-56
1.2869e-69
1.9573e-63
5.2816e-29
3007
0.0030383
2.4935e-49
1.3065e-69
4.5667e-36
1.8019e-90
2.0978e-42
1.5081e-29
4.4712e-36
9.8767e-70
2.4908e-90
1.1425e-111
1.7723e-23
4.9495e-56
2.5301e-83
2.5205e-16
0.0008268
1.3787e-97
6.0291e-119
3.7468e-104
1.1371e-76
6.97e-157
4135
4.382e-97
5.434e-97
2.1385e-16
2.4958e-10
5.4503e-23
1.4681e-111
0.0050589
3.7385e-23
1.6418e-16
7.0869e-141
2.8479e-36
4.4239e-83
7.3218e-23
1.8099e-29
0.00055192
2.6998e-69
1.0343e-69
1.4312e-76
7.7552e-63
4.6697e-36
9.6849e-43
1.4101e-16
5.8536e-126
3.4427e-36
1.7549e-36
2.6941e-49
4.3506e-133
2.0958e-49
7.4889e-149
6.7318e-63
1.3181e-62
5.537e-63
4.4432e-36
4.3247e-90
3.3753e-133
2.8376e-126
1.9918e-69
2.7575e-104
4.0053e-16
0.00088828
1.6487e-111
3.2763e-23
1.227e-69
1.8684e-76
2.9398e-63
6.97e-157
7.104e-56
1.1321e-16
0.0045157
1.2051e-76
2.1447e-36
3.1137e-104
1.1632e-148
8.8889e-30
1.4454e-103
1.2374e-118
1.2877e-22
0.0026554
4.142e-76
8654.7
3.2712e-97
1.2027e-35
0.0018539
0.0021076
1.4148e-43
4121.4
2.8123e-36
5.8368e-70
2.3919e-23
6.4851e-17
1.0003e-49
0.0016869
4.7807e-56
1.2103e-111
8.9914e-23
6.22e-23
1542.6
1.4667e-09
4822.8
5.7795e-104
4.3016e-42
0.0073848
1.1311e-104
3641.8
6.0425e-10
0.0056499
0.00091289
2.7976e-104
0.0011266
9.5844e-43
6.2179e-83
3585.6
3.9092e-133
3.4332e-104
6.9717e-43
7.9935e-70
6.97e-157
6.97e-157
1.7067e-96
1.2131e-36
11145
6137.1
3.2703e-63
9.1899e-50
6.97e-157
1.0341e-15
9.5304e-70
8.8486e-70
1.1752e-111
2.9166e-119
2.7206e-36
0.0014435
1.6204e-62
1.1266e-62
4.3485e-141
4.7087e-104
2.9606e-83
4311.2
0.0025375
0.0038128
5.6522e-63
2654.4
1.3913e-29
0.011493
3.1579e-29
7.6112e-56
2904.8
2.7179e-16
1.1084e-29
0.0011922
2428.6
1.6631e-83
6.97e-157
7.2745e-63
4.0419e-76
6.97e-157
2.0083e-126
1.4925e-42
4.6299e-97
3.0456e-43
3.3371e-69
2.3404e-10
4.1953e-83
2.4926e-104
2475.2
3.6171e-36
5.7841e-17
2.5753e-133
0.0016628
5.9059e-36
3.9035e-104
1.975e-90
1.5917e-69
3361.4
2141.6
8.8658e-77
3.9476e-50
2.4146e-36
1.7879e-90
2.5892e-43
1.8896e-104
7.0442e-56
4.6036e-119
1.8134e-23
2712
2.1992e-23
0.0070823
4.0744e-90
1.4534e-111
2.8827e-56
2.7448e-118
4.2916e-10
1.3925e-97
5.3188e-36
2.1341e-90
1.7787e-76
2.1885e-56
2.737e-23
2.9675e-97
2.8237e-09
6.7565e-56
2.4665e-83
2.2408e-36
2.6772e-56
1.3539e-09
0.00081507
1.711e-69
6.97e-157
5.8716e-90
3.6258e-16
5.3519e-10
1.4922e-133
1.0546e-140
8.8516e-30
5.5885e-126
10765
2.0728e-56
3.6653e-63
3.209e-111
1.946e-104
1.7882e-09
6.5299e-10
5.746e-23
3.7554e-97
4.2443e-63
2.8833e-16
0.0010043
1.1055e-09
0.0014187
9.5392e-10
2.3661e-126
1.1525e-42
7.7523e-50
7.4273e-30
1.1667e-09
1.0919e-69
3.9556e-56
4.1172e-43
8.0228e-133
2.1665e-76
1.1448e-76
7.9948e-23
5.3184e-63
1.5132e-10
1.7803e-56
0.0013584
6.2979e-56
0.0015485
2.8595e-29
5.2891e-97
0.0018425
6.6945e-30
3.0243e-83
6.4307e-70
8.6296e-141
7.2519e-49
9.5287e-77
1.1056e-09
6.6773e-104
2.185e-35
6.9633e-133
4.8485e-83
2.3454e-76
2.5646e-43
6.5362e-10
1.4554e-76
8.1418e-56
1.3127e-49
6.7715e-23
2.1141e-76
0.0017323
8.2913e-70
3.5009e-104
6.068e-50
10182
1.1468e-29
2.6712e-56
2.5225e-36
4.8691e-119
9.5748e-134
4.9775e-76
2.9161e-23
6.97e-157
1.6197e-36
1.0619e-16
6.97e-157
4.9855e-43
1.6271e-83
5.0328e-141
1.0606e-22
19371
2.6902e-16
3.8599e-63
5.8854e-50
1.8798e-29
0.0023109
4.9051e-97
7.2808e-70
2886.2
3.506e-36
0.00064775
3.9691e-77
1.9426e-23
6.3808e-23
5.5286e-56
0.0031656
1.0624e-55
9.6075e-83
1.7569e-16
1.8676e-83
7.6535e-126
1.4402e-76
0.004616
1.1388e-83
4.2535e-43
2.7863e-97
9.9542e-134
3.9035e-90
8.8185e-111
5.7476e-119
5.6836e-104
7.8097e-30
3.6245e-83
1.2091e-104
2.5112e-56
2.0377e-133
5977.3
6.5303e-63
9.2373e-10
2.3463e-133
10985
1.9931e-16
1.2719e-49
9.0568e-112
6.3842e-63
3.5713e-10
7.6229e-141
3.7985e-36
1.8436e-36
3.294e-90
8.0949e-10
1.9626e-90
8947.8
1.4339e-09
2.1132e-16
4.7438e-23
3.0476e-76
7.1597e-10
9.0057e-50
2.1011e-76
3.4399e-56
3.1051e-10
1.3342e-90
1.8442e-29
6772.3
1.8952e-97
2.7559e-83
6.97e-157
4.8464e-133
5.5253e-36
5.8285e-50
1.8162e-09
1.9325e-29
2.9741e-36
6.1953e-83
7.1861e-23
1.5189e-62
1.536e-140
2.4831e-97
0.0014731
9.4454e-50
4.6174e-148
5.6287e-36
1.0434e-16
3.1405e-29
2.0235e-49
4.7736e-90
6.2669e-23
7.2192e-10
4.0597e-56
2.2432e-97
1.4702e-118
2.9233e-148
3272.6
3245.3
1.3349e-97
2345.4
0.0019367
5.439e-23
2.4701e-36
1.6247e-62
2.7982e-90
2.7691e-83
0.0023255
5.2259e-83
5.8456e-43
1.0651e-118
6.1329e-56
9.9178e-149
9.5396e-70
2.4986e-111
3558.6
1.2203e-42
1.6579e-140
6.97e-157
5.7904e-36
1.0614e-69
0.0021984
3.6975e-126
2.0063e-29
2.4815e-16
8.3997e-126
4.2773e-43
7.2535e-50
2.2491e-16
8.5057e-43
1296.6
18061
2.5581e-83
1.1935e-69
6.2703e-56
1.1645e-16
1.0519e-42
4.8774e-63
2.6581e-104
5.4955e-43
3.5539e-56
9.5673e-30
7.0684e-30
3.1028e-69
1.0187e-125
4.2865e-43
3.664e-36
1.0474e-104
5.7234e-36
8.6342e-56
2.9358e-43
2157.7
7.1329e-70
3.5555e-70
6323.7
4.0718e-69
4.3783e-23
1.4879e-76
1.0165e-118
1.4642e-29
4.1511e-126
3.9201e-141
2.504e-104
5.9667e-30
9.8813e-119
7.5479e-134
1.2819e-09
1.1857e-55
4.3196e-23
6.97e-157
1.4732e-42
3.3904e-69
3.3211e-97
1.1872e-28
2.435e-83
9.3202e-50
8.5563e-29
1.923e-56
3.2534e-126
3.3348e-63
7.1442e-77
6.3557e-97
2.7912e-49
4.5541e-104
1.2746e-125
6.97e-157
2.7643e-09
6.97e-157
6.8574e-35
1.5123e-82
8485.4
1.1186e-16
4.2225e-16
7.2443e-141
4.2447e-97
2.8094e-77
1.7879e-42
3.8706e-97
3029.2
1.0522e-148
0.0036924
2882.6
1.0021e-35
6.97e-157
5.8812e-77
9.6493e-70
7.0793e-76
0.0039905
3.2013e-112
3.2534e-36
2.7982e-56
929.77
5.6011e-63
3.6081e-56
5.452e-90
5.7095e-63
4.8573e-23
1.1131e-83
4.5357e-77
2.9526e-104
1778.8
4.5357e-23
1.0532e-16
1.9643e-36
1.5838e-09
1.1581e-29
3.2183e-36
1.338e-09
1.1806e-76
1.8528e-55
1.743e-36
3.1072e-69
5.0671e-104
3.0223e-43
1.0774e-22
3.2279e-23
1.6467e-23
1.5986e-49
7.661e-56
6.326e-10
1.6857e-16
1.0667e-49
4.6693e-97
3.3255e-119
3.0899e-10
2.3878e-104
4.965e-97
6.97e-157
6979.3
6.97e-157
2.1586e-76
7.0128e-10
2.8228e-42
5.2711e-43
1.4394e-56
1.1756e-62
4.5198e-119
5.4256e-126
8.0676e-70
0.0011268
1863.1
1.2491e-76
5.8322e-70
1.2023e-89
2.7809e-62
4.4813e-56
4.3728e-23
3.9185e-63
4.0772e-56
10407
3407.1
1.5227e-22
2.1627e-56
3.4824e-97
1.0939e-133
5.7472e-56
5.3021e-36
0.0011726
2.4172e-69
9.3231e-63
6.1308e-10
1.3165e-36
1.7062e-36
1.1788e-125
8.3989e-76
1.4789e-69
1.119e-76
0.0011929
2.0063e-133
4.3527e-43
7.6903e-17
7.8428e-43
0.001735
2.3808e-16
3.0641e-97
6.7916e-141
5.9633e-23
5.7904e-97
0.0096123
1.3807e-76
6.97e-157
2.2049e-36
5.9478e-49
3.109e-62
3.8524e-63
0.00095615
7.7418e-10
6.7322e-63
1.8341e-76
9.9739e-70
4.377e-10
1.2962e-42
5.1274e-97
4.6739e-17
4.7271e-90
4.8846e-141
1.6709e-49
7.5165e-126
1.1617e-49
9.5493e-36
5592
8.7125e-112
2.2219e-90
2.6459e-36
8.955e-77
0.010958
0.0021548
3.4425e-126
3.5569e-17
3.6496e-23
5.2108e-83
2.4421e-104
2927.3
2.5852e-97
5.2292e-49
0.0037897
6.97e-157
1.951e-90
7.5861e-10
0.0031177
3.5194e-23
1.4754e-56
4116.6
3.4189e-16
3e-83
1.1248e-83
8.8013e-23
3.5472e-90
10306
6.7992e-43
6.97e-157
4.6848e-76
1.5932e-76
2.5156e-69
1.2496e-29
9.9818e-77
3.5475e-36
6.2565e-149
0.0021403
1.532e-69
8.1095e-17
1.8114e-104
1.5096e-69
5.3934e-90
1.5917e-29
8.9207e-76
4.7279e-49
2309.1
0.00096509
3.4156e-83
2.9464e-141
6.97e-157
1.2863e-118
6.5475e-133
8.6757e-56
5396.7
7.7435e-119
1.0038e-16
1362.7
1.222e-82
2.1362e-29
2.7578e-133
6.97e-157
4.0728e-70
6.4424e-23
2.964e-43
1.8055e-55
2.2318e-55
7.434e-50
1869.6
1.4785e-16
8.442e-56
1.047e-118
1.292e-09
3.9387e-23
8.5622e-37
1.027e-49
9.3688e-50
6.8432e-30
3.0173e-23
6.97e-157
5.6974e-49
1.6417e-133
2.0684e-104
2.8677e-56
0.0008746
3.0877e-111
2.5347e-09
4.1376e-63
7.2724e-83
9.4027e-70
4.0192e-23
5.4336e-112
6.97e-157
3.0392e-83
0.0022091
5.4084e-36
2.5362e-76
2.9823e-76
6.8004e-70
1.5466e-09
1.0471e-22
9.5233e-112
9.5681e-17
3.5047e-43
2.1637e-56
2.1969e-97
3216.6
1.1048e-118
6.97e-157
1.3136e-42
9.1774e-63
1.7562e-36
2.5561e-76
2.6288e-55
1.693e-111
5.1559e-63
3.9741e-56
1506.9
4.2175e-141
1.9632e-111
1.7775e-63
1.2399e-133
9.0417e-30
1.5369e-49
2.3128e-83
6.4549e-83
4.6848e-126
1.0272e-111
3.4012e-43
1.8315e-49
0.0023637
2.7478e-16
3.7809e-97
4.3762e-119
1.1507e-42
3.9629e-56
1.027e-36
1.615e-29
5.1304e-133
0.00099
0.0017176
1.6554e-118
4.346e-36
2.6522e-76
4.372e-56
3.2537e-30
3610
1.4925e-09
1.2195e-29
6.6187e-149
9.2657e-84
3.0796e-76
8.9801e-50
7.0299e-105
7.0236e-43
4.0424e-29
1.38e-104
3.1859e-63
3.332e-43
1.0098e-42
3.4172e-29
5.8569e-36
1.0033e-97
1.0665e-125
7.4282e-29
2.0794e-49
7.9487e-43
3.4485e-23
1.6064e-36
3.7286e-69
4.4122e-10
7892.5
9442.8
1.4478e-111
2873.8
1.0751e-56
6.72e-50
6.97e-157
5.1044e-43
1.5684e-69
4.174e-56
2.1344e-125
1.3928e-42
5.6107e-56
4.7807e-63
1.5957e-111
1415.1
6.8486e-105
1.1394e-69
3.4281e-49
6.9537e-90
2.6276e-148
10356
3.1012e-69
4.9256e-133
5.3867e-70
2.5338e-97
1.2494e-16
7.6455e-10
5.5006e-49
1.2266e-16
3.9492e-23
0.0040749
3.3715e-104
9.6929e-23
6.7024e-63
4.5692e-119
1.4083e-42
2.0671e-62
1.3083e-49
7.7012e-23
1.5555e-97
6.2414e-10
0.0025506
4.5165e-23
6.97e-157
5.2443e-119
2.9379e-56
3.5069e-49
7.7184e-83
1.1734e-69
7.901e-63
1.3583e-83
6.97e-157
3.0787e-69
1.9351e-23
8.8181e-70
6.4596e-56
8.4479e-70
3.1724e-97
3.1238e-29
3.4948e-83
2.3674e-118
5135.2
3361.3
4985.5
1.8054e-111
9028.3
6.97e-157
8.3926e-63
1.3619e-89
1.0965e-29
6.97e-157
2.5019e-69
4.3192e-10
1.8049e-16
1.4202e-49
1.3131e-62
2.3744e-83
1.1912e-76
3.0868e-63
2570.8
1.7298e-49
4.0957e-10
2.0978e-23
2.0133e-83
9.7172e-37
1.4094e-42
1.0975e-111
6.9793e-30
4.1775e-90
1.0089e-29
3.0988e-36
2.2976e-83
2.9467e-09
1.807e-23
1.3995e-104
6.97e-157
3.3632e-76
0.001415
1.8583e-29
2.5611e-23
8.5681e-77
2.4336e-49
2.8641e-36
0.0028617
1.053e-97
1.2071e-83
3.1474e-126
1.2115e-49
2.1209e-97
2.6266e-23
1.2181e-125
1.6873e-29
6.109e-56
1.5818e-09
6.6317e-91
8.2418e-29
2.3102e-36
0.0040989
2.9598e-29
7.0073e-119
5.3745e-84
1.3385e-69
0.0010294
1.1211e-118
2.1103e-49
6.0977e-134
1.5245e-55
1.2437e-09
1.8647e-10
8.1258e-70
1.2896e-49
9.4927e-105
2.7295e-126
1.8682e-42
2.4482e-83
2.5102e-83
9.6732e-50
7.0144e-23
5.4838e-36
1.102e-62
1.1266e-76
2.113e-16
1.4038e-83
1.8874e-97
2.5501e-10
1.9796e-36
7.1308e-30
3.1058e-76
0.0019881
1.4179e-126
1.9455e-16
2.2025e-126
1.49e-76
9.5836e-70
4.3749e-30
1.3886e-118
3.6031e-43
1.3395e-16
9.8022e-70
2.1252e-112
1.4299e-56
1.8421e-15
3.8486e-23
1.2306e-35
1.5618e-36
9.3369e-63
0.0011977
2.9356e-36
1.6631e-97
3.4307e-126
1.1298e-111
1.1196e-29
6.3678e-49
1.1217e-82
4.6245e-119
1.0795e-118
9.656e-119
5.4365e-23
2.2029e-111
3.3939e-10
3.8091e-90
2.3401e-76
1.532e-62
2.4989e-23
1.5352e-36
6.772e-77
4.0226e-111
5.4453e-10
2.2737e-16
3.1389e-119
2.6646e-16
12439
1.1226e-82
2.1752e-16
1.6964e-118
1.4457e-49
6.0588e-77
2.6332e-56
4046
1.7001e-29
2.8874e-16
2.3143e-104
2.419e-36
6.97e-157
3.0242e-09
7.9244e-84
9.705e-149
6.9127e-10
6.97e-157
5.6848e-97
4.207e-90
6.4524e-149
1.1177e-76
8.1229e-50
7.6384e-23
7.2841e-30
6.1023e-22
1.2099e-35
2.877e-148
2.0795e-83
1.36e-36
4.8988e-104
4.5299e-76
3.0549e-09
3.2042e-43
1.1324e-125
4.3259e-17
6.8226e-70
1.1309e-118
7.5073e-50
4.2811e-23
1.6785e-16
0.016246
3.1433e-56
1.2306e-125
11615
8.6878e-63
0.0024935
5.519e-43
0.0028139
1.625e-16
1.5799e-69
1.7051e-97
1.4694e-148
1.775e-69
2.7951e-76
3.4076e-140
1002.9
2.1022e-118
7.4989e-104
4.983e-10
1.3522e-83
6.7033e-30
6.9223e-10
2.0627e-35
1.4993e-111
6.97e-157
4.4574e-70
1.2685e-62
5.4156e-70
9.7687e-50
6.8553e-97
3683.3
6224.7
8865
3.921e-29
9.2624e-112
3.4478e-63
5.5466e-77
6.2987e-119
5.5349e-17
1.0582e-16
1.3357e-69
1565.1
5.0504e-141
16674
2.2379e-76
2.1416e-83
9.7641e-50
3.0933e-29
1.4994e-76
6.0496e-16
1.1916e-49
3.3016e-90
1.1312e-62
5.5826e-10
8.2448e-10
3.5142e-36
6.2544e-10
0.0031236
2.0399e-43
2.4429e-16
5.9461e-149
8.6455e-70
5.8218e-43
9.3168e-70
5.3218e-15
2.4334e-56
2.5676e-111
9.6506e-10
2.3856e-56
4.944e-90
4.7698e-23
4438.6
3.7312e-119
8.6091e-149
3.8588e-76
4.315e-36
7.1589e-17
1.469e-82
0.0013744
2279
2.5185e-22
5.5337e-43
6.8926e-36
1.3109e-16
10685
8.1292e-50
1.7133e-69
8.8415e-23
0.0062145
1.4599e-22
6.97e-157
2.9957e-29
1.5557e-16
3.8668e-23
1896.5
3.6618e-49
6.97e-157
519.88
5.0843e-16
5.4717e-90
3.3588e-97
3.6171e-133
2235.4
4.5382e-83
9.2812e-70
6.97e-157
0.0022105
9.7264e-17
2.0978e-36
3.946e-23
1.332e-16
1.4868e-09
7.1635e-43
3.0577e-56
5.5873e-119
4.1102e-22
2.6907e-104
1.1879e-69
7.3235e-30
0.00068028
2.2633e-36
1.2942e-83
1.1935e-49
3.9205e-63
1.059e-83
6.97e-157
2.5448e-63
7.1229e-149
1.6013e-49
2.6998e-50
6.97e-157
1.7493e-76
3.3338e-29
1.3795e-62
6.3758e-23
1.4645e-56
1.6485e-83
6.0404e-23
2.9741e-56
1.1257e-16
6.97e-157
0.00045233
2.4741e-36
5.0265e-69
0.00098191
3.5574e-56
1.158e-42
1.1015e-42
8.7791e-23
9.2155e-10
7.6807e-56
4.3891e-49
3.0382e-49
3.6947e-90
3.0823e-23
9.6523e-10
2.9895e-62
3.0384e-76
1.2593e-111
0.0042224
1.0371e-118
1.6275e-133
4.7007e-17
1.9611e-97
1.6873e-111
1.7963e-62
6.97e-157
6.97e-157
5827.1
0.0020008
1.4681e-111
2.5793e-133
2.4874e-23
1.6887e-90
4.0552e-69
9.5568e-10
1.7743e-76
5.8109e-104
4.797e-149
6.8528e-90
7.9613e-43
4.9687e-83
1.4838e-49
0.0032385
6.4181e-56
1.0586e-140
2.7883e-90
8.259e-84
1.1751e-29
1394.4
1781.2
1.3869e-76
1.6392e-29
1.4239e-83
1.6187e-55
5.2413e-56
5.9428e-63
0.0015426
1.5665e-97
4.4046e-16
1.7702e-16
1.7849e-49
1.303e-36
3.5088e-119
1.5037e-42
3.008e-23
1.235e-16
3.2916e-63
5.1718e-70
1.3707e-22
9.9684e-104
1.2667e-29
0.0016996
3.6021e-90
2.4303e-63
3.2281e-56
6.2523e-10
3.6957e-76
1.3216e-36
7.1045e-10
2.9556e-104
4.1753e-36
9996.4
5236.4
8.9747e-112
1.6187e-29
1.6224e-29
3.3961e-63
2.7466e-23
2.242e-83
2.0094e-56
8.1459e-43
2.2217e-22
5.4922e-10
1.6227e-97
1.7882e-29
9.3168e-77
1.1506e-42
3.0624e-29
1179.2
1.1102e-49
3.1186e-90
1.4065e-69
18282
1.8431e-36
1.1002e-76
4.0903e-63
5242.6
1.0435e-111
5.2497e-63
4147.7
5.2225e-97
1.3219e-111
2.5082e-36
1.5061e-22
1.1172e-49
2.7738e-83
0.0023542
1.0962e-82
7.62e-119
1.4489e-83
6.97e-157
7.1509e-77
8.7272e-29
1.1355e-76
6.97e-157
3.1646e-36
4.1749e-43
6.3473e-104
3479.8
3.3317e-36
4.2631e-10
2527.9
2.2271e-133
3.6318e-16
6.0144e-36
2.054e-43
2.4244e-49
3.8224e-90
8.5689e-77
1.0812e-29
6.97e-157
5.3025e-149
8.3717e-10
2698.7
3.0331e-83
9.2477e-10
2.6153e-16
1.2043e-49
1.0715e-55
9.1326e-10
3.246e-16
1.0891e-90
2.7453e-62
6.97e-157
2.0464e-148
1.6406e-69
0.0021341
4008.6
3.5268e-104
4739.1
1.551e-62
2.3022e-83
1.5327e-29
9.1481e-43
7.7322e-134
1.533e-09
3.7468e-118
3.0277e-63
1.9599e-76
4230.4
1.7521e-133
3.192e-29
4.3745e-119
0.0061378
1.842e-83
1.684e-29
2.0777e-16
9.4249e-43
4.1494e-97
5.1149e-50
4.9549e-23
5.6103e-133
1.3992e-35
7.7925e-63
8.643e-126
5.5956e-10
7.2661e-63
6.97e-157
1.2581e-111
2.6886e-69
7.1769e-17
0.021828
9.615e-30
3.3645e-29
1.5902e-97
6.0412e-50
2.2071e-90
2.846e-76
6.1639e-23
1.4581e-140
7.4893e-16
1.0475e-16
4725.6
6.97e-157
3.2668e-36
1.4608e-69
4.7371e-63
1.214e-148
1.4642e-111
8.9253e-105
8.3156e-70
6.7816e-83
6.97e-157
1.2314e-133
6.6137e-70
9.334e-50
2.1769e-23
6.97e-157
4.0393e-76
1.15e-83
4.5856e-63
3.1347e-23
4.653e-90
2.1209e-118
7.5794e-43
1.5038e-42
9.4668e-30
9.45e-77
3.5647e-133
9.5304e-77
4.2195e-10
9.6393e-23
2.659e-22
8.6347e-43
3.8652e-119
3.8718e-09
4.5789e-16
5.9118e-63
5.4826e-36
2.2803e-83
1.1066e-104
8.8001e-57
1.2399e-09
1.9782e-42
1.1067e-09
4.2585e-77
2.2631e-97
1.803e-16
1.3838e-103
1.0193e-76
5.1002e-36
1239.1
1.525e-29
5.1584e-63
1.2909e-55
8.2037e-30
0.0021235
2.4612e-83
6.5684e-43
2.7053e-29
2.8437e-90
1.203e-16
2.3633e-29
7.9571e-77
7.2749e-112
5.4352e-63
4.689e-141
6.97e-157
6.97e-157
2.5407e-76
3.2856e-56
6.9169e-141
1.8191e-29
4.6802e-43
4.0428e-83
1.9108e-09
2.7061e-09
5.1166e-10
7.8892e-77
7.687e-10
3.1179e-63
1.4904e-104
1.3477e-16
8.4349e-98
1.6474e-29
2.2852e-49
1.2054e-23
6.5379e-126
7.4977e-36
2.9646e-10
2.7102e-97
7.3976e-10
2.7541e-126
4.0942e-90
4.3854e-10
1.2485e-96
1.0515e-09
6.3523e-10
7.0689e-119
3.8391e-90
1.3453e-56
8.643e-56
23879
2.5119e-63
1.0055e-76
2.0759e-111
6.97e-157
5.3532e-119
2.8492e-90
1.7867e-49
5.47e-43
1.3178e-22
8.6577e-77
6.6329e-63
2.1876e-29
5.1932e-112
0.0011718
2.1395e-36
4.6588e-29
3.4108e-76
1.2919e-76
2.4947e-16
3.8847e-23
4.3879e-104
4.0574e-10
4.6283e-70
3.6847e-16
1.6221e-76
1.4644e-16
0.0080068
8.0094e-23
2.3942e-76
5224.2
0.0011593
2.4839e-104
3.9374e-119
4.8025e-10
2.0486e-56
1.1776e-09
9.8721e-30
4.4126e-10
0.0026536
9.3474e-43
5.5797e-119
5.2212e-77
3.0898e-83
1.198e-62
737.34
1.5693e-133
3088.5
1.3e-09
1.9037e-23
8.4265e-63
4.555e-36
2.3396e-49
9.7117e-37
0.0025068
6.97e-157
2.8105e-97
6794.4
0.0019847
3.1585e-56
2.5723e-36
1.0702e-16
9.3068e-56
8.4378e-10
2.3797e-83
1.6908e-133
5.2422e-56
5.6802e-23
4.8062e-29
0.00060845
8.4701e-112
1.7586e-104
1.1835e-69
6.97e-157
0.0036005
1.9226e-104
3.6599e-104
1.964e-141
5.5165e-43
7.3662e-23
3553.3
6.97e-157
3129.3
0.001385
14644
9253.3
6.1329e-56
3.0381e-16
2.2715e-56
5.3565e-16
6.9143e-70
1.1474e-89
1.197e-42
0.0016563
3.0849e-43
5.2941e-70
4.846e-90
3.6129e-83
7.3377e-17
1.1378e-49
3.9278e-83
1.4209e-49
3.7152e-56
4.7602e-112
6.3281e-43
5.7192e-36
1.1608e-55
4203.7
1.672e-104
1.4763e-09
2.5289e-90
2.295e-118
1.1241e-62
4.3175e-63
5.1513e-23
1.1164e-69
4.1881e-111
1.3706e-111
2.6677e-104
1.216e-23
6.0885e-43
0.0018318
2.3796e-16
5.6505e-77
0.0072768
3.1103e-10
3.6941e-119
5.0382e-50
1.2434e-09
8.6024e-23
1.3696e-09
5.8444e-10
3.7011e-56
982.21
7.3968e-23
1.5014e-43
0.0062451
1.4219e-69
6.9579e-97
1.5451e-83
3.4782e-56
2.3079e-23
5.9997e-16
1.4681e-118
4476.9
2693.6
3.5661e-29
5.658e-97
4.5269e-16
1.0874e-76
1.591e-111
5.5605e-50
6.0052e-36
1.0172e-22
1.2079e-16
1.8776e-56
3.5257e-133
1.2628e-16
9.2201e-126
8.8352e-83
2.3491e-90
1.1295e-42
1.7232e-49
1.4455e-83
4.7803e-23
2.1001e-56
3.7117e-118
3.871e-76
1.2251e-62
3.5009e-56
1.0102e-69
1.7204e-69
9.8889e-10
0.0023684
3383.7
1.281e-125
9.1183e-119
2.0372e-43
3.3684e-63
1.1109e-55
3.9077e-112
3050.9
5.5123e-149
9.5233e-50
2.272e-36
5.5416e-23
4.2811e-56
6.97e-157
2.7784e-49
9.5312e-70
1.8771e-49
1.9671e-62
6.2359e-70
5.5286e-119
9.8273e-23
7.1183e-112
1.1034e-09
2.3072e-111
2.2826e-148
1.4211e-133
2.8861e-76
2.0039e-16
2.5757e-22
2.9034e-90
9.0053e-16
1.1316e-49
1.8116e-76
2.7735e-56
1.9468e-76
8.4265e-112
8.8675e-43
6.4818e-10
4.2706e-90
3.7337e-23
0.0019975
7.8465e-83
2.4741e-76
0.0062853
2.1381e-90
2.7732e-63
1.051e-96
2.7253e-56
1.0907e-61
6.97e-157
5.8783e-148
7.2192e-62
8.0676e-90
0.0009016
4290.4
9.3688e-97
1.4468e-42
3.4385e-36
1.8364e-36
7900.9
1.514e-23
4.947e-104
9.7507e-149
3.6839e-63
2.8811e-36
4.7455e-17
3.709e-43
1.5902e-36
1.6012e-09
6.7125e-126
3.1407e-22
2.0266e-09
9.3956e-17
3.0227e-10
1.9389e-69
1.3804e-69
1.8033e-36
8.0856e-10
0.00039917
5.5856e-83
3.1056e-104
3.6627e-29
2.3061e-22
3.1713e-56
1.7529e-111
2.9713e-49
2.9473e-36
1.6136e-148
9.5099e-76
6.3934e-63
4128.5
1.088e-42
3.0268e-90
6.97e-157
1.5968e-63
0.0032987
1.9699e-56
4.269e-97
1.6612e-97
6.8151e-141
1.0224e-69
3.3469e-36
1.4477e-16
5.0031e-43
3.8333e-56
6.7694e-56
5.5659e-70
3887.6
8.878e-10
1.9125e-16
4.676e-56
6.4897e-43
1.1963e-16
0.006504
1.083e-55
2998.4
3.9366e-10
1.103e-09
7.7452e-10
2.0693e-36
6.97e-157
5.3532e-112
9.7067e-77
0.0049723
4.6232e-56
5.6739e-56
1.3596e-133
6.97e-157
5.2924e-43
1.3225e-49
1.158e-62
6.3921e-141
0.0021551
3.9252e-16
1.4775e-49
4.1824e-112
2.4509e-16
1.6218e-22
1.3217e-111
6.7527e-43
5.6656e-83
6.97e-157
7.1777e-70
1.7059e-29
5.2514e-23
2.1366e-126
5318
1.0638e-62
4.3963e-97
1.2128e-69
0.0024583
6.8218e-126
2.8551e-56
1.1757e-42
4.3305e-76
7.5789e-49
3.0742e-16
4.5717e-141
2.7126e-23
4.2547e-104
4.3753e-119
0.00097416
3.3521e-36
3.4616e-125
2.8722e-49
9.2033e-10
1.3005e-69
1.03e-118
1.7372e-69
1.5245e-29
1.1722e-35
1.7632e-69
6.7958e-10
8.4073e-77
8.4127e-23
8.1434e-50
6.97e-157
1.0553e-125
8.2063e-10
1.1677e-16
5.3733e-141
2.7082e-104
0.0045061
1.2927e-118
1.3231e-09
1.3759e-29
0.0015032
1.0304e-90
1.5823e-49
6.97e-157
9.4739e-149
2.5597e-69
3.0325e-133
4.4871e-90
8.1355e-17
5.3615e-43
4.885e-97
5.5952e-90
4.4193e-97
3.9661e-16
1.4324e-90
1.1461e-140
8.9286e-91
2.9126e-62
4.0894e-63
1.303e-133
2.4494e-111
5.5651e-141
17910
8.3813e-105
2.4429e-97
1.091e-16
2.0611e-23
2.8971e-76
7.7226e-29
1.5241e-29
1.4513e-69
7.2276e-149
1.5932e-16
1.6441e-76
3.3424e-83
2.9282e-111
8.5593e-63
6.228e-119
8.772e-90
1.6523e-55
4.7468e-83
2.6564e-36
29701
1.763e-83
7.2171e-56
1.231e-90
7.2209e-49
2.2675e-104
4.5353e-112
1.1499e-42
9.5786e-90
1.2282e-97
7.661e-119
3.5568e-63
2.7633e-125
8.3331e-43
1.1553e-118
2.1731e-29
1.3669e-49
4.9432e-97
3738.7
1.0914e-29
0.0013011
8.3989e-112
3.9054e-63
1.0756e-23
4.4084e-43
3.0317e-36
1.3169e-22
8.4797e-63
9.1359e-70
4.09e-36
9.8998e-119
1.2618e-29
7.5869e-50
1.0009e-62
5.0667e-36
6.97e-157
1.8907e-104
2.2822e-97
1059.7
0.0012835
1.223e-118
2.904e-83
1.2546e-83
2.3405e-49
4.7778e-10
4.9256e-23
1.5207e-90
9.311e-133
3.1372e-104
9.9818e-56
3.9553e-119
3.0301e-90
2.061e-69
5.4428e-126
8.5358e-36
4.8381e-90
8.589e-104
2.7782e-16
8.1543e-141
3145.5
3.7283e-104
1.0161e-69
4.2916e-119
3.0885e-29
1.8136e-83
6.6363e-141
6.97e-157
0.0045218
7.1133e-119
1.1087e-42
1.7908e-133
1.849e-29
6.6271e-49
1.925e-42
6.97e-157
0.0041749
1.2361e-111
7.4726e-149
9.0124e-134
7126.3
4.2535e-43
2.4024e-23
3.1158e-104
3.6076e-36
4.8251e-36
15907
2.8865e-16
2.429e-76
2096.4
2.8307e-104
1.1639e-22
1.8041e-49
6.97e-157
4.7271e-90
3.087e-63
1261.4
1.3523e-62
2.6814e-133
1.0392e-83
7.0534e-49
9.0036e-112
7.1677e-76
2.6957e-36
3.0787e-90
3.9041e-141
0.00099511
1.0785e-55
3.7378e-126
8.4098e-97
2.1356e-09
2.9198e-49
1.6361e-83
3.1498e-104
1.8442e-148
2.7718e-23
4.784e-10
7.8453e-50
5.4532e-83
1.2668e-118
2.46e-90
6.97e-157
1.7899e-29
4.6873e-76
5.1057e-119
5.4143e-23
2.3298e-23
2489.9
2.0639e-22
3.0554e-36
4.6258e-97
2.9574e-97
7.0986e-56
6.2116e-112
0.0035659
1.2711e-29
1.3242e-35
3508.2
2.4345e-49
3.8684e-63
1.2635e-42
0.0020562
5.1949e-63
1.434e-09
6.97e-157
0.0024391
4.6484e-63
2.866e-09
2.0738e-49
1.5466e-76
2.0536e-29
6.2535e-126
1.1641e-49
3.3238e-16
7.9529e-36
2.18e-83
2.2301e-133
3.5331e-62
0.0019038
6.97e-157
9.8051e-70
1.7506e-76
3.3076e-148
1.6139e-97
1.8311e-16
6.5379e-70
2.6723e-90
4.1322e-49
4.5378e-133
3.818e-119
4.3975e-56
0.00068573
2.5517e-90
7.5521e-112
6.6346e-97
5.7242e-09
4.4197e-43
1.0873e-08
3.1981e-149
3.1943e-111
10753
5.7284e-36
1.98e-29
2.7619e-90
2.7011e-104
6.2003e-50
5.0374e-49
1.2205e-76
4.7376e-10
9.1631e-70
5.3184e-63
1.1427e-111
2312
1.8522e-36
3.9521e-119
6.97e-157
4.0221e-36
6.7477e-119
1.9657e-49
1.9366e-16
6.97e-157
9.2381e-17
3.3955e-10
2.1774e-119
2.2468e-111
9.3307e-10
2.7323e-97
5.5454e-36
2.6934e-56
3.9054e-111
4.3971e-76
0.0018224
4.7866e-36
6.6363e-105
4.8226e-141
3.1641e-125
5309.1
1.4238e-49
3.2314e-104
1846.2
5.4382e-56
2.6109e-90
2.5395e-62
5.6484e-49
1.9415e-83
5.0831e-63
5.0035e-119
1.2942e-16
6.4353e-36
5.6174e-43
2.767e-104
0.0037379
1.153e-76
1.6289e-118
6.5295e-77
2.7422e-119
3.0072e-56
1.191e-89
3.5574e-149
1.5256e-16
3.6235e-133
1.7816e-61
3.4715e-29
6.8385e-70
2.7975e-23
1.1996e-104
1.5462e-125
2.0565e-97
1.5557e-49
6.7573e-50
1.2763e-89
6.7958e-10
4.9114e-10
2.4401e-97
20261
9.7938e-77
1.1695e-148
2.013e-133
2.7754e-76
2.3597e-83
9.3516e-63
2.0407e-83
2.2442e-133
3.628e-83
0.0016546
2.2496e-09
0.0015169
0.00083222
1.0418e-62
1.0082e-62
3.6271e-49
5.0583e-23
1.1094e-69
3.3386e-126
5.0399e-70
7.7163e-30
4.5952e-43
7.5593e-23
1.078e-83
3.0954e-63
1.349e-104
8.8327e-97
1.6487e-49
3.1917e-90
0.0025253
1.3634e-16
1.1522e-104
0.0022696
1.1571e-09
4.3942e-29
1.6497e-104
3.2882e-90
8.6857e-134
4.5998e-90
6753.2
9.308e-23
5.0923e-23
1.7393e-42
1.531e-83
4558.1
2.2331e-83
4.174e-70
1.8916e-83
0.0012035
2.5676e-49
1.0248e-29
6.97e-157
2.2743e-56
7.7012e-56
3.0194e-36
1.0535e-96
6.4332e-10
1.1311e-69
2.4028e-76
5863.5
0.0040153
2.4076e-49
2.7118e-16
1.3984e-119
1.8092e-29
8.9211e-50
0.0036072
5.8251e-43
6.97e-157
1.0177e-148
2.8848e-96
9.3583e-43
1.1255e-125
4.6647e-141
1.9609e-16
0.0007183
6641.3
2.6907e-97
2.1827e-104
2580
2.4167e-133
7.7423e-126
1.5016e-36
4.1898e-10
1.7931e-49
0.004015
9.115e-17
0.0012281
5.6304e-29
4.6815e-104
7.0534e-23
2.0029e-16
2.834e-16
1.6678e-29
1.7964e-09
4.9637e-83
2710.4
5.6115e-76
8.4646e-119
2.9775e-111
1.491e-23
1.6102e-16
2.4552e-76
1.8175e-56
1.7933e-49
1.1015e-69
8.0371e-17
6076
0.0043469
1.2164e-69
3.8888e-83
2.1867e-16
2.6881e-49
3.9134e-29
1.0442e-118
6.97e-157
4.462e-90
1.5719e-69
9.1983e-126
2.5376e-125
6.7171e-104
2.0007e-36
6.7096e-70
6.97e-157
7.0714e-36
3.6629e-10
8.5325e-23
1.925e-97
1.9954e-76
4067
7015.4
2.3013e-97
9.806e-63
1.7367e-49
5.4579e-36
2.7907e-104
1.5177e-76
1.7944e-16
6.9575e-83
6.8545e-10
8.0186e-30
1.4145e-69
1.9432e-56
5.0881e-10
1.8364e-42
7.9793e-56
5.5186e-97
1.0971e-42
3.0536e-118
4.8624e-63
7.9114e-23
0.0051129
12730
0.0020651
2.9995e-126
1.625e-104
1.5135e-104
0.0031591
5.2321e-43
3.7423e-10
2.5538e-119
2.4132e-36
2.4963e-49
5.1542e-83
4.2246e-119
5.2091e-43
4.13e-69
0.0019004
2.1619e-70
1.0259e-148
6.97e-157
9.4303e-63
4.2066e-56
1.1801e-09
5.4746e-10
1.2021e-10
4.8012e-43
1.6739e-69
4599
0.00084567
1.3224e-83
0.0010022
1.7075e-49
4.1597e-119
3.1662e-36
2.2356e-69
3.5472e-63
9.0957e-43
14337
1.1636e-29
1.547e-29
8.4403e-10
6.2079e-63
2.3922e-104
6.97e-157
2.2171e-36
8.1949e-30
3.5868e-97
0.00075013
1.7809e-22
8.179e-63
2.0011e-36
3.3157e-56
6.5588e-56
9.8127e-141
1.9732e-29
2.9404e-42
7.8323e-63
9.9848e-37
7.2561e-23
3349.2
1.0368e-29
6.081e-56
3.173e-43
7.8645e-141
2.4271e-16
5.0542e-43
5.3435e-36
1.546e-97
63041
5.6291e-149
1.9913e-90
3.0933e-36
3.1791e-23
5.3222e-119
3.6114e-90
1.5873e-132
1.6003e-49
3002.7
7.7376e-90
1.0572e-148
9239.2
8.8851e-70
3.6593e-76
6.97e-157
5.4549e-104
5.715e-43
6.97e-157
2.7148e-90
4.2694e-16
5.3774e-104
1.3791e-90
1.9356e-69
8.6933e-56
1.2803e-62
9.1912e-112
2.2615e-63
2.5321e-36
1.1495e-83
6.97e-157
2709.1
4.6065e-17
3.4967e-90
1.0482e-55
8.6765e-77
5.0734e-112
3.7359e-104
0.0021728
2359.9
6.6681e-56
1.3031e-83
9.9065e-37
6.97e-157
2.9339e-23
2.9538e-36
1.6307e-97
5.8884e-90
4.2313e-49
1.3233e-49
2076.5
1.0913e-62
6.354e-141
4.2995e-119
1.9086e-23
12941
10524
2.106e-69
0.0025599
7.3402e-43
1.9497e-09
1910.9
4.2635e-63
1.4857e-69
4.0093e-83
1.0161e-28
8.6154e-63
2.4873e-90
1.4531e-83
4.0301e-56
3.3468e-16
2.9721e-133
4.8841e-29
11479
3.247e-23
3283.3
1.4261e-83
6.5923e-30
3.0234e-97
3.0958e-69
2.3237e-10
2.996e-126
3.6567e-43
3.8742e-23
3.0265e-17
1.7874e-56
1.8049e-104
7.4357e-119
1.3366e-36
2.1723e-29
3.4408e-63
1.241e-29
6485.4
3.7318e-29
5.55e-23
3.4035e-97
5.6936e-10
1.335e-62
1.4191e-55
4.8645e-16
2.4116e-104
1.2795e-22
1.4879e-104
1.4435e-69
2.207e-09
0.0013805
4.5315e-104
5.8067e-126
6.5136e-97
7.1442e-104
7.5149e-70
2.4278e-83
4.3121e-43
7.3683e-50
5.3247e-119
2.5191e-10
1.0508e-29
2.7201e-56
6.2355e-10
9.8968e-70
2.1359e-111
1.3029e-29
8600.6
0.0023902
5.0918e-23
6.4914e-10
1.7754e-16
4.6325e-119
5.1107e-50
8.0932e-17
1.3481e-111
7.8461e-70
4.9189e-141
1.0543e-49
4.0354e-23
5.4076e-36
1.3058e-42
3.9665e-43
1.4427e-118
1.3262e-133
2.3171e-104
3.1882e-56
1.01e-111
1.6907e-90
1.6155e-36
4.1226e-16
2.1464e-111
3.3086e-90
7.3725e-70
5.7167e-29
3.5117e-119
5.3335e-23
2.7471e-104
5.9461e-126
1035.6
0.0018471
8.3331e-105
3.4307e-111
2.9706e-133
1.682e-09
6.5471e-17
4.73e-70
2.7453e-56
5.9771e-104
6.5416e-36
2.4118e-111
2.8655e-36
2.1129e-43
3619.6
2.2078e-111
8.5086e-17
6.176e-70
2.777e-23
1.027e-09
5.5119e-50
3.0085e-97
4.7815e-63
6.4935e-30
9.1887e-112
1.0204e-148
2.0012e-90
1.9711e-10
6.97e-157
8.767e-10
0.0037745
5.23e-23
1.5423e-90
9309
1.0752e-09
9.3805e-105
1.1015e-118
1.6748e-76
2.5911e-83
2.0026e-133
8.4261e-63
6.4466e-23
1719.9
1.5451e-49
2.3342e-29
7.1501e-10
1.0705e-23
7.7711e-29
1.8834e-36
2.8319e-141
4.0801e-90
1.6123e-119
1.768e-69
2.8168e-118
7.8327e-17
0.0029988
10368
0.0049095
6.0655e-63
2.4502e-90
6.97e-157
5.8042e-43
1.0222e-22
2.9551e-56
5804.8
8.295e-141
1.3066e-16
4.6128e-126
2.4866e-22
7.6501e-36
3.8524e-104
1.3572e-118
0.0069517
1.6836e-118
2.0928e-62
6.501e-36
3.953e-16
7.2071e-141
1.3145e-09
0.0039898
4.7518e-141
0.00077711
1.0473e-111
1.6064e-76
5.5873e-16
6.97e-157
3.9929e-36
4.0044e-43
4.7438e-36
6.2623e-16
2170
5.0282e-104
5.395e-76
1.9839e-111
1.5599e-09
0.0040257
2.3004e-09
6.97e-157
8.3616e-133
9.0388e-91
3.992e-70
1.0092e-76
4871
2.0594e-36
1.4441e-49
6.97e-157
2.8402e-69
1.9687e-97
1.3706e-69
4.5382e-70
1.6791e-104
1.4459e-148
4.6408e-23
3.598e-43
2.3401e-55
1.1331e-90
1.1853e-76
0.0017576
8.9039e-84
3.4501e-56
8.5534e-112
1.5192e-29
1.5536e-118
3.4747e-83
1.5984e-09
2.0091e-62
2.4276e-104
3.2869e-23
1.1502e-89
3.7573e-63
5260
4495.9
8.6698e-97
6.97e-157
3.2936e-49
5.5931e-23
8495.4
9.7281e-30
9.3365e-50
1.4917e-55
1.7848e-29
5.2991e-36
3.9275e-97
0.00060352
2.9006e-104
3.3885e-23
6.6463e-10
2.7619e-49
1.4456e-76
8.6481e-56
4.676e-43
0.0063709
3.535e-126
2.1364e-83
9.208e-77
1.0758e-28
2.2755e-97
3.8142e-70
3.3224e-126
2.5718e-22
2.0344e-23
2821.9
6.5295e-43
2.3597e-76
2.9099e-69
5.5408e-77
3.6632e-10
5.2501e-119
1.8238e-63
4.6781e-90
3082.4
1.5874e-96
2.7729e-29
1.3934e-83
0.0013852
3.2977e-10
1.1461e-42
2.8969e-63
7.1648e-112
2.0983e-43
0.0056289
6.6124e-43
2.8902e-36
4.0172e-56
1.1677e-69
6.7866e-10
5.6777e-97
4.0699e-82
1.292e-76
2850.8
2.9056e-63
3.239e-97
1.886e-83
4.1932e-10
3.9412e-104
1.496e-75
1.1926e-69
2.3797e-83
2.5576e-104
5.5173e-56
1.6768e-56
1.7273e-111
1.0522e-140
0.001625
2.3683e-36
6.9717e-77
1.999e-69
1.5119e-55
7.8021e-23
6.5843e-36
4.6065e-133
3.3186e-133
1.0395e-22
8.4517e-70
3.0245e-83
5.5131e-97
2624.9
9.1552e-112
3.4188e-104
2.2263e-133
7.1447e-36
2.3321e-16
2.694e-16
4.3381e-69
4.467e-30
1.3385e-62
7.321e-90
5.215e-23
3.8308e-43
2.5757e-104
3.2643e-56
1.6378e-49
9.3407e-70
0.0049014
9.208e-112
1.2992e-111
9.0141e-23
8.2469e-63
7.0354e-70
3.3237e-140
9091.8
3.5479e-112
1.7188e-29
2.1535e-36
4.9834e-29
8.3147e-23
1.5513e-111
3.4194e-43
6321.7
9.4961e-91
5.1731e-118
9.6757e-10
3.1003e-16
6.97e-157
2.4239e-76
3.2212e-90
0.0013126
1.381e-16
4.1957e-29
1.0201e-69
2.4e-97
4.7447e-23
1.3922e-111
1.8336e-148
5328.9
9.5091e-23
1.1713e-90
1.4938e-83
4.0696e-63
5.7468e-141
3.2441e-10
5.0927e-126
2.2653e-36
7.4634e-36
2.2446e-83
5.7975e-126
7.8331e-112
4.0006e-29
1.0094e-49
2.7465e-29
1.7544e-29
7.37e-17
2.4267e-104
6.3147e-37
7.3411e-23
1.6259e-15
1.0009e-62
2.2286e-49
1.0111e-62
1.0876e-62
3.1975e-97
2.6279e-97
5.3046e-76
1.2032e-09
2.3447e-111
9.9571e-70
1.1532e-49
5.0173e-29
2.9233e-97
1.4065e-133
1.5555e-118
2.4714e-83
3.3824e-70
0.0012649
4.3824e-97
3.6975e-90
3.5166e-43
6.9336e-56
1.5969e-09
990.27
2.2283e-22
0.0010638
6.8637e-98
9.8206e-149
2.121e-23
0.0029704
2.4543e-104
5.9059e-126
2.4991e-16
2002.2
7.7515e-70
2.0275e-23
1.7854e-43
3.9125e-97
1.3902e-62
6.2502e-126
1.5811e-76
3.8887e-10
1.7908e-22
5.2041e-23
9.0124e-37
4.7895e-63
1.3551e-36
1.2215e-15
0.00086235
1.0622e-75
5.0981e-63
4.9055e-36
0.0027702
2.6345e-104
1.8243e-133
3.1933e-63
1.3037e-42
5.2878e-97
2.0974e-16
2.7951e-09
5.9181e-50
1.2259e-15
2.3553e-104
2.6131e-90
3.765e-56
22768
7.3201e-43
1.5685e-09
3.9234e-29
4.22e-118
6.5852e-105
2.0274e-133
1.1109e-49
1.8281e-16
9.3441e-141
2.7589e-63
1.3176e-148
4.6576e-119
3.4817e-104
1.216e-125
2.6981e-76
5.1802e-43
9.4848e-112
1.261e-83
3.622e-36
1.4869e-104
2.1148e-29
6.3838e-43
3.0387e-56
1.9856e-133
7.2917e-149
1.8721e-36
6.2678e-50
15363
6.97e-157
2.3682e-63
2.2761e-56
1.8779e-125
2.238e-97
1.3088e-83
6.97e-157
2.4612e-133
3.9418e-63
6.1643e-30
9.6627e-141
7.7992e-83
5.4126e-42
9.0317e-126
3.4868e-62
1.2641e-49
14063
8.8294e-50
1620.3
5.2778e-10
4.4716e-104
1.5466e-90
3.5101e-36
3.8065e-29
6.617e-70
1.1891e-76
3065.6
1.7986e-140
2.4012e-23
2.6868e-16
2975.2
1.4359e-16
6108
1.8164e-29
7.4319e-112
1.2487e-42
5.0412e-36
5.5973e-23
1.0352e-42
9.4471e-90
3.3233e-104
1.2573e-69
6.97e-157
7.2958e-98
9.0857e-23
1.4215e-104
9.3269e-112
1.0109e-69
1.8029e-43
8.8516e-112
2.5137e-97
6.97e-157
0.0027905
34941
1.4152e-48
2.0382e-126
1.2858e-118
6.2401e-119
1.1422e-118
1.3592e-35
4.4515e-23
6.46e-50
9.8252e-63
4.1069e-104
1.0312e-76
1.8189e-29
1.6429e-111
5.3657e-23
3.2815e-56
1.4409e-111
2750.6
2.955e-42
5.96e-63
1.4622e-97
0.0019348
2.9405e-56
1.9456e-23
0.001142
1.7553e-42
8.2343e-10
2.9166e-90
3287.9
0.0029619
2.2986e-69
9.0061e-149
1.9178e-29
6.0027e-56
6.6668e-23
1.7016e-15
4.2782e-63
8.8214e-49
9.1724e-84
1.7961e-16
3.4984e-50
1.176e-104
2.5647e-83
2.8266e-22
8.0588e-112
3.5938e-97
3.0504e-83
1.7013e-69
6.4143e-63
8.4412e-56
0.0051867
0.0028819
7.2523e-36
2.6547e-133
5.403e-36
1.5929e-09
7.4382e-36
9.0019e-63
3.9802e-119
6.97e-157
1.1257e-148
6.4269e-10
9498.7
4.1814e-104
4.9968e-23
5.818e-23
6.2862e-36
3.8346e-62
2.2414e-29
5.184e-77
5.6086e-43
1.3663e-16
2.941e-42
3.2192e-119
2538.2
1.9912e-16
1.0981e-69
1.2359e-62
2.9881e-141
0.014408
4.7292e-141
4.146e-70
1.2757e-29
1.7082e-42
6.9512e-43
1.6274e-09
1.7727e-76
8.6828e-30
5.697e-10
1.0294e-111
1.128e-42
4.2128e-69
2.9891e-118
1.0926e-90
4.2489e-43
6.97e-157
2896.8
6.3498e-126
1.1659e-104
4.6258e-90
1.0574e-22
6.97e-157
3.2365e-49
3.0784e-104
4.6203e-36
6.8226e-49
2.5529e-104
2.4771e-56
1.1468e-76
6.97e-157
2.1659e-90
5.6027e-23
4.2011e-17
4.5273e-43
0.0065826
6.6246e-63
2.716e-83
3.2627e-56
3.9086e-63
1.459e-49
1.6915e-35
5.3611e-43
5.3226e-49
7.8469e-56
1.1624e-09
1.8222e-56
1.2881e-111
6.8595e-104
4.4067e-10
4.1354e-104
1.2577e-23
5.9143e-70
1.814e-97
3.0293e-133
8.9194e-119
4.4779e-43
1.1324e-125
3.744e-16
3.8732e-10
9.1162e-50
1.2813e-69
7.3197e-126
2.8009e-133
1.9037e-48
8.2649e-63
9.7582e-76
5750.6
6.1681e-50
1.4103e-125
11765
1.3582e-36
7.0471e-22
2.0207e-69
5.7326e-83
1.0061e-16
1.8905e-111
8.6774e-23
3.0627e-43
8.2481e-133
1.9018e-140
6.2095e-119
2.1947e-16
0.0015967
7.7117e-50
2.0344e-111
2.0162e-118
1.0942e-29
1.8516e-104
4.4126e-83
1.219e-133
1.3377e-49
3.4162e-16
6.97e-157
3.4063e-29
2006.1
8.9563e-10
1.3604e-16
5.0965e-133
6.684e-17
8.6472e-43
1.2716e-90
9.8215e-97
2.3366e-43
5.0692e-90
2.1696e-111
2.0828e-104
2.9043e-16
0.0028595
4.4373e-83
4.5956e-119
1.192e-148
2.0514e-119
3.4414e-16
1.3855e-83
1.8035e-133
3.711e-69
5.6061e-90
1.017e-49
1.2246e-111
0.00087887
9.8788e-77
1.776e-148
4.1894e-29
3.7845e-104
5.4001e-84
2.6101e-83
5.9177e-43
5.2225e-23
6.7514e-77
9.9534e-77
6.9872e-70
2.5419e-36
1.0847e-29
8.2862e-10
3.0685e-104
4.413e-63
0.00098449
2.3428e-83
2.1968e-148
1.932e-118
1.1529e-97
0.0013192
1.1728e-16
1.7811e-90
2.32e-141
6.0048e-23
9.9735e-112
1.1655e-09
1.0115e-111
1.6968e-29
1.444e-49
2.0233e-83
2.6103e-29
5.5672e-17
2.9448e-118
4.8657e-119
1.2491e-83
5.1136e-56
2.2553e-97
1.5314e-49
2.5968e-148
3.0906e-23
4.1031e-23
0.0017712
3.9409e-63
3.719e-97
4.4247e-126
1.0493e-35
1.6979e-42
5.2744e-83
5.7167e-112
4.0432e-43
1.358e-83
2.9902e-104
1145.4
1.5036e-49
4.48e-43
1226.7
1.4356e-83
9.2678e-119
4.091e-90
3.3853e-126
5.4767e-76
1.2561e-09
5.2355e-149
1.7447e-76
1.1598e-49
2.0106e-23
3.7798e-09
8.4667e-63
3.4657e-16
1.9988e-69
4.6647e-36
5.7221e-133
1.9074e-90
5.9997e-112
2733.2
3.9735e-70
2.2123e-56
0.001029
7.1857e-126
6.2162e-16
1.4008e-16
3.0257e-90
2.0116e-43
1.684e-29
1.732e-82
4.5315e-17
3.5951e-23
1.0312e-111
3.4497e-09
7.0345e-43
5.8025e-90
0.0027657
8.6577e-112
0.0055672
3.5341e-90
0.0027974
3398.7
1.9337e-55
3.2499e-56
7.9374e-10
1.2205e-42
4.3146e-90
5.1094e-10
3344.2
6.6065e-70
1.5169e-133
2.4819e-104
2.8123e-104
8.063e-43
6716.8
8.8294e-63
1.3626e-83
1.4317e-36
1.2938e-133
5.3867e-10
1.3551e-62
1.3296e-96
1.0954e-125
7.0207e-134
2.1358e-97
1.1104e-118
6.5019e-16
2.2803e-29
9.8043e-134
0.0025459
1.2638e-42
1.5999e-49
2.2232e-23
4.3326e-126
2.153e-97
3.4864e-16
3.5204e-133
6.97e-157
9.5229e-112
1.3321e-133
3.6762e-141
6.2309e-30
2.1608e-118
5.7154e-70
1.1425e-09
1.1167e-16
1.0683e-62
8.6694e-43
5.5533e-16
7.2933e-141
9.4433e-63
1.0438e-69
6.604e-126
7.2167e-141
4.8749e-36
4.8523e-70
7.6866e-23
6.246e-112
5.8046e-09
1.4251e-69
1.4158e-111
1.16e-111
1.436e-126
1272.3
11637
1.4845e-76
4.6065e-62
1.0062e-62
7.849e-37
6.3092e-36
4.083e-63
1.7759e-140
5.2648e-112
6.97e-157
5.8502e-29
3.3814e-16
7.205e-84
1.8698e-69
4.9557e-90
4.7087e-56
6.7586e-36
3.2281e-76
3.6178e-83
1.7428e-69
2.432e-104
2.2536e-16
1.8736e-16
3.0148e-90
3.9054e-16
2.0063e-49
4.413e-104
2.924e-49
1.4613e-55
4.1309e-83
8.3876e-149
0.00093244
6.6522e-112
2.1587e-29
1.8934e-09
1.3131e-62
6.4298e-43
5.0022e-50
3.6589e-56
9.9316e-17
4.0543e-63
1.4632e-83
5.6208e-141
1.8168e-76
6.3771e-23
2.0182e-76
1.8199e-16
2.1444e-62
9.3089e-49
4116.1
6.0085e-10
7.6857e-119
712.92
8.8796e-70
5.1371e-43
0.0034001
1.0437e-55
1125.8
8.7272e-16
3.9096e-50
1.5197e-133
0.0010312
1.3242e-16
2891.9
7.4449e-57
6.8767e-43
5.8662e-112
1.0092e-111
9.6267e-104
2.3001e-29
1.9223e-29
2.6101e-104
1.2171e-69
1.5466e-29
2.2909e-49
2.5887e-56
3.1334e-23
7.5287e-141
4.8544e-23
4767.4
3.292e-97
0.0011867
5.3297e-10
3778.6
1.0735e-69
9.7331e-23
1.6637e-89
9.4588e-17
4.4562e-23
3.6398e-104
6.7791e-112
7.5161e-105
2.3296e-69
1.4474e-28
1.6509e-133
7.2092e-90
3.8053e-56
3.1286e-126
3.3217e-104
1.5768e-36
2.2303e-29
19646
0.0031101
4.4256e-126
836
4.1699e-43
7.099e-141
4.8368e-23
9.4726e-10
4.4624e-133
0.0016303
1.8035e-133
5.1145e-76
3.1073e-23
6.97e-157
1.0876e-76
8.4123e-70
2.256e-62
8.2992e-50
6.97e-157
2.9233e-104
4.0814e-111
9.2804e-83
1623.4
1.5933e-141
6.7431e-16
3.6791e-119
2.1606e-43
4.2066e-63
5.916e-119
8.7113e-98
0.0071222
4.6216e-10
3.7989e-10
2.1672e-118
1.0671e-126
1.2209e-125
1.9562e-76
2.2078e-36
9.4781e-126
4.7807e-134
5256.7
1.8075e-125
2.6189e-10
5.6995e-133
8.1954e-57
1.7797e-62
1.7155e-16
1.0312e-90
1.0094e-62
0.010779
4.4767e-119
1.3699e-36
2.7698e-10
8.7306e-112
1.7539e-104
2.2025e-133
3.9269e-49
3.3606e-133
6.6082e-91
5.8046e-63
7.2381e-63
5.3707e-149
2.0938e-118
1.0557e-55
6.6338e-56
1.4497e-104
6.97e-157
3.4405e-29
0.0036141
2.3991e-76
3.014e-09
4.7371e-10
2.2138e-16
2.3921e-43
1.6707e-69
1.3484e-42
1.5211e-36
4.1526e-36
1.9276e-10
1.2703e-29
1.2586e-111
1.0087e-29
5.9616e-63
2.5752e-23
5.4633e-104
2.2934e-111
9.4383e-10
1.0511e-16
6.97e-157
8.535e-77
6.97e-157
4.2355e-49
7.8943e-91
4.372e-43
4.7413e-43
5.6459e-104
4.2786e-63
1.881e-49
14479
2.8786e-49
1.6276e-29
2.1359e-126
7.9797e-43
3.9183e-149
4.632e-16
1.9777e-90
4.8255e-133
1.724e-49
1.4455e-140
6.97e-157
1.2884e-133
8541.8
1.5264e-49
6.97e-157
3.0251e-29
9.7415e-50
8.473e-149
8.7352e-63
2.1256e-49
1.3306e-49
1.2855e-69
8.1803e-49
9.159e-23
8.4391e-17
1.1545e-35
2023.1
7.4219e-104
9.873e-119
2.3218e-111
4.7217e-10
1.3772e-55
8.2368e-50
4.8908e-104
2.4889e-97
3.9556e-97
6.3038e-43
5.5864e-43
2.7904e-141
2.535e-62
8.3277e-30
1.6746e-111
1.1792e-62
4.9691e-119
2.325e-69
7689.4
6.836e-76
2976.6
5.6166e-104
9.4349e-56
8.7611e-56
6.97e-157
6.6442e-77
7.1133e-29
5.4847e-119
2.9472e-10
5.4646e-43
7.0756e-10
1.2736e-111
1.2695e-76
1.4522e-83
4.6739e-126
2.6948e-126
9.4446e-112
2.0083e-111
1.768e-83
0.00080639
8.2896e-30
1.176e-111
8.656e-119
1.3918e-62
1.8682e-23
1.9331e-97
1.3883e-09
2.2586e-23
7.5517e-134
2.0966e-104
3.5628e-76
6.97e-157
6.259e-91
2.2878e-119
1.3464e-104
3.2212e-104
4016.8
1.8292e-36
9.5472e-149
15953
1.7098e-133
1.6276e-83
3.0053e-141
5.8414e-36
0.00067981
7.0739e-119
8.2649e-29
1.2205e-62
3.2365e-118
1.7395e-111
1.4142e-62
4.1877e-104
2.4518e-36
2.871e-62
1729.3
0.01488
3.6491e-97
9270.1
18240
9.5292e-30
1.4284e-104
2.4795e-76
1.0343e-76
0.0011308
2.0863e-97
1.2272e-49
4.023e-119
3.6292e-29
5.8012e-56
4.9067e-76
3.2243e-36
7.9596e-70
1.4794e-104
2.7608e-29
6.2234e-56
2.0976e-62
1.5588e-148
3.2208e-29
2.5546e-29
8.6765e-141
1.3459e-141
4.6203e-126
4.4557e-49
2373.3
7.4512e-50
3.7822e-104
6.97e-157
0.0010891
4009.5
2.3329e-56
3.6235e-83
1.4554e-111
1.7994e-36
7.0467e-141
3.2499e-104
6.0969e-77
0.0014639
6.7359e-90
7.2778e-56
1.6343e-83
1679.1
1.6237e-97
2.955e-62
6211.3
2386.1
4.1829e-36
5.0948e-119
7.919e-77
2890.9
3838.1
1.956e-69
2.7079e-76
6.6581e-119
6.6828e-10
1.6275e-62
1.017e-55
3.14e-104
7.3884e-57
7.0295e-83
3.6742e-63
5914.4
1.203e-69
7.5509e-77
4.1533e-29
1.987e-29
1.4821e-133
2.064e-83
8.0241e-112
8.5999e-126
1.7539e-76
1.7266e-76
1.1172e-16
1.7208e-111
1.7794e-62
0.0081633
1.1077e-15
6.3946e-70
5.658e-83
7.5789e-63
7366
3.3422e-126
3.8573e-126
1.6295e-97
1.0182e-76
3.6212e-23
12578
1.2657e-104
2.7032e-43
0.00082399
6.97e-157
4.9202e-30
8.1242e-43
1.0209e-75
2.2924e-35
0.0013127
7.1547e-56
0.0025674
4.1609e-133
6.9026e-43
4.774e-16
7.8524e-17
4.2279e-56
1.3092e-23
4.6827e-119
15472
7.6288e-111
3586.1
6.9139e-126
9.9932e-63
4.0847e-36
8.927e-16
4.3008e-56
6.1894e-63
1.7169e-23
10355
4.1479e-43
6.97e-157
8.5739e-56
2577.9
3.4217e-49
1.7575e-69
1.8158e-97
1.854e-49
9.7645e-10
4.7577e-17
1.2231e-09
6.3251e-112
1.0363e-76
2.1889e-49
3.5375e-43
3.3102e-43
1.2097e-148
1.2473e-09
2.2924e-104
5192.5
2.3716e-29
1.8217e-49
5.5328e-10
2.7735e-56
8.4261e-63
2.7541e-133
1.0844e-104
0.0010953
8.1108e-10
1.1747e-69
1.1026e-16
5.9457e-56
6.7129e-36
6.1455e-112
2.5804e-42
6.2824e-119
3.2352e-29
5.2175e-119
3.0826e-148
0.0041947
4.6827e-29
0.010313
3.4332e-90
3.6416e-104
4.9432e-70
5.9889e-126
1.6948e-133
3.0048e-126
5.3176e-97
6.97e-157
0.0013809
5.1831e-126
1.8475e-97
0.0013554
3.4718e-83
1.2177e-69
3.4134e-56
3.2175e-23
8.2389e-105
1.2805e-62
2.7113e-90
2.4846e-23
1.187e-111
2.2944e-126
1.9839e-126
0.0018288
2.5974e-104
7.7397e-23
7.7469e-141
1.2235e-49
6.9968e-23
5.1882e-30
4.965e-56
6.5986e-43
9.7222e-50
1.7344e-29
6375.4
2.3329e-16
8.1212e-84
7.1032e-43
2.7257e-22
2.0119e-29
9.6724e-56
2.1748e-141
5.738e-76
1.3494e-111
1.0763e-126
7118.2
2.3942e-83
5.6291e-10
1590.3
2.2686e-111
2.1687e-97
1.5011e-83
2.5753e-76
1.8956e-76
2.6353e-69
6.6673e-104
1.0642e-133
6.2414e-119
4.5696e-63
1.0431e-49
2.5274e-29
1.9973e-55
3.7164e-112
8.62e-10
9.8516e-23
1.0054e-16
4.9746e-141
2.3862e-56
5.0835e-43
9.5719e-63
2.4731e-43
6459.7
6.5337e-10
6.06e-10
6.7389e-126
1.2605e-62
9.5932e-104
5.7577e-141
1.3284e-133
1.106e-111
4.2656e-09
6.97e-157
1.7502e-141
1.8522e-83
0.00092976
3.9802e-56
2.5974e-55
5.5475e-10
1.3743e-62
22826
6.97e-157
5.5625e-77
3.7039e-43
4.6517e-16
0.005513
1.7899e-56
3.8761e-63
20658
5.8012e-63
7.2083e-119
1.6631e-29
4.6714e-56
2.263e-125
1.3102e-90
7.5345e-90
4.4955e-126
1.309e-16
8.1908e-56
2910.6
2.9686e-23
0.0019128
1.9305e-111
3.0146e-83
8.5199e-70
1.9775e-56
3.8211e-111
8.3788e-70
3.9265e-23
2.1848e-43
1.5505e-83
7.7808e-50
3.474e-23
38076
2.3293e-09
1.8202e-104
1.8069e-97
2.8053e-118
7888.4
3.1785e-23
4.6785e-90
2.3602e-112
3.6599e-148
6.97e-157
0.005705
1.5924e-97
0.0013093
1.8947e-97
5.5186e-134
2.9756e-23
0.0033956
7.8063e-90
1.6058e-49
2.5419e-76
1.9469e-133
8.3771e-36
1.8685e-29
4.4746e-56
3.4766e-83
8.932e-16
1.0815e-42
1.2805e-90
2.1836e-09
2.2616e-49
1.0489e-49
4.9097e-23
3.4101e-63
3.8963e-83
2.9507e-104
2.3445e-133
2.1081e-111
1.6861e-83
6.2757e-10
1.8435e-16
2.2634e-97
6.97e-157
5.2225e-119
1.1581e-118
1.2788e-29
1.8792e-97
8.3738e-10
1.1324e-15
4.6802e-16
1.5824e-83
2.7667e-56
1.0704e-83
6.1321e-119
1.6366e-83
6.2079e-36
1.0394e-76
5.4729e-126
2.4023e-90
2.2696e-23
1.0214e-49
8.5258e-119
8.5526e-17
7.233e-119
1.9822e-29
3.6516e-83
2.485e-90
2.0627e-133
3.0042e-111
1.2778e-125
1.536e-69
1.9184e-83
6.1132e-97
2.7652e-09
2.7581e-09
4.5784e-10
6.6522e-23
1.6246e-29
4.6408e-10
3.6873e-29
3.7186e-10
2095.7
2.1101e-16
8.8202e-112
2.8613e-49
1.6968e-69
9.7687e-49
1.1569e-62
0.0031368
2.7282e-36
2.5771e-97
1.0826e-97
1.3939e-56
9.4538e-70
1.1525e-111
3.4578e-56
5.1266e-43
6.97e-157
1.9255e-118
6.0961e-23
1.281e-62
8810.6
7.831e-141
8.7192e-10
0.0010604
3.0277e-29
1.6844e-62
9.963e-134
6.4847e-83
1.0396e-62
3.0679e-62
3.7729e-140
2.3638e-23
5.88e-133
2.3694e-97
1.829e-16
2.2305e-36
0.0010078
2.0403e-133
4.9867e-126
3.3422e-63
2.5978e-23
3.397e-56
1.6164e-16
3.1834e-63
1.2982e-49
8.5547e-43
1.1632e-22
3.0611e-119
8.5978e-149
4.315e-16
3.2725e-126
6.97e-157
2.0582e-96
4.4139e-126
7.0509e-97
1.4244e-55
5.4248e-76
9.4228e-30
2.2341e-29
3.6254e-90
7.0157e-97
4.0093e-126
1.0426e-48
2.9593e-104
9.4735e-126
1.6067e-69
2.4294e-104
1.1403e-16
1.6595e-69
8.7155e-63
3.0794e-83
6.97e-157
3.4267e-16
2.0966e-29
2.9737e-97
1.1613e-126
4.9352e-126
8.4357e-119
1.5436e-42
7.8562e-119
2.1609e-76
4.7824e-10
4.7673e-104
4.4206e-126
6.7891e-63
1.4915e-29
4.0744e-90
7.0856e-90
1.0367e-42
8.7666e-70
0.0009927
0.0013105
3.4134e-63
4.5772e-10
3.2013e-62
1.7424e-69
3382.6
8.8294e-57
9534.3
4676.5
9.2427e-43
5.9298e-149
1.1912e-69
1.3572e-62
1.4836e-49
4.0198e-69
8.1924e-70
4.3674e-69
2.8374e-118
1.6384e-83
6.1492e-36
2.969e-16
4432.5
1.5694e-29
2.0597e-83
1.897e-29
1.4832e-76
1.6369e-42
4.6764e-56
4.9947e-90
2.2485e-36
6.6807e-63
3.1624e-10
1.7387e-90
6.97e-157
4.1902e-97
1.0316e-140
3.3399e-126
2.2923e-76
7.3402e-104
2.154e-111
2.1592e-70
7.3147e-43
1.4762e-140
7.0676e-36
1.8559e-36
3242.4
1.2632e-49
1.7915e-133
9.8164e-10
2.3414e-55
2.3938e-56
0.010294
8.1656e-141
1.3438e-69
2.0026e-49
3.093e-49
2.1326e-70
1.2004e-133
8.1987e-36
1.6334e-29
4.7723e-10
5.3192e-97
5.622e-119
4007.4
2.2829e-90
1.207e-55
1.0614e-42
7.8859e-56
1.933e-23
2.0799e-49
1.0803e-49
7.5144e-23
7.3394e-23
5.1069e-16
12586
6.1836e-56
1.7975e-36
1.3314e-36
2.5177e-43
1.4643e-36
1.4938e-97
7.2113e-50
2.398e-16
7.8993e-63
1.1435e-16
1.5149e-36
2.8885e-69
2.712e-49
6199.5
2.9571e-36
1.6709e-36
5.2778e-97
4.8611e-112
4.2124e-90
3.6733e-126
2.478e-23
3.0185e-90
6.97e-157
2.0012e-104
1.5395e-49
9.9952e-70
2.7201e-90
8.3683e-70
3.3677e-56
3.9767e-83
2.2552e-76
1.7867e-97
3.0736e-56
5.0479e-36
4568
1.8807e-36
0.018123
7.6409e-43
4.2597e-69
1.5171e-56
4246.6
1.4354e-49
1.1564e-22
2.2343e-83
3.2656e-36
4.7598e-10
5.9641e-112
7.4977e-119
1.6748e-76
2.2537e-29
2.9998e-16
1.0149e-148
3.1602e-49
1.2552e-83
0.0029236
4.6408e-119
5.8368e-63
9.6334e-112
9.1091e-126
3.3166e-126
7.3821e-17
2.5435e-36
1.567e-76
2.2483e-09
8.8244e-134
1.4435e-29
4.5893e-63
6.97e-157
9.919e-90
5.9612e-63
4.1613e-119
1.0209e-49
6.1501e-56
6.97e-157
6.7217e-43
1.0619e-76
2.2043e-49
4.9348e-126
9.785e-10
3.512e-49
5.9177e-56
2.6195e-141
3.4722e-97
5.7661e-90
1.6346e-69
6.97e-157
1.0847e-148
1.6073e-29
2.976e-16
4.3293e-23
1.2974e-42
6.5266e-77
8.7783e-70
1.5102e-111
3340.5
0.001402
7.8666e-112
1.0954e-62
4.3992e-119
2.7491e-23
0.0018673
8.4303e-77
3.0106e-49
3.4945e-36
6.782e-76
9.2427e-91
1.8205e-63
2.8694e-63
7.2695e-43
2.7916e-43
2.5674e-56
5.1861e-36
2.1078e-35
1.1645e-76
1.6539e-49
2.9974e-90
4.6928e-36
1.6384e-76
3.8167e-56
2.7756e-83
1.6197e-69
3177.2
1755.4
1.4305e-76
3.553e-104
9.1611e-50
8.1305e-134
2.546e-29
3.6746e-43
6.5282e-105
1.3174e-96
7.7938e-23
2.7092e-111
1.0026e-22
8.5434e-134
1.2371e-111
4620.6
1.5612e-29
6.0559e-56
3.6165e-16
5.6505e-70
1.1472e-35
0.0026631
1.5485e-69
1.2283e-76
2.4308e-83
1.1033e-22
1.4687e-125
1.7596e-69
2.2036e-97
2.0029e-42
2.5599e-36
1.9983e-09
4.774e-126
6.2954e-56
5.6589e-119
1.597e-141
9.4295e-43
8.0467e-36
2.7316e-76
3.2032e-62
5.2602e-23
3.0402e-126
9.2163e-43
4443.6
8.6656e-105
6.0035e-70
3760.9
1.1247e-97
6.4395e-63
9.3545e-56
5.8695e-84
2.2893e-29
2756.6
2.2705e-83
1.2806e-83
4.083e-69
5.7271e-10
1.6116e-56
6.545e-83
1.7289e-126
4.5261e-126
8.0911e-119
2.2385e-36
8048.6
6.6635e-10
2.4876e-36
5615.3
1.3507e-97
1.0246e-111
5.6228e-56
3.2253e-50
9.5853e-50
9.7754e-43
2.3833e-62
2.0879e-29
1.8619e-111
12139
7.6644e-126
7.6618e-63
8.6732e-10
1.0195e-09
1.8069e-82
4.6848e-63
2.2919e-104
6.7284e-126
4.0399e-104
1.2152e-76
0.0034702
6.97e-157
6.1953e-141
2.4507e-23
1.3669e-69
1.0941e-104
2.4487e-126
5.1203e-56
4.5018e-49
0.0017141
6.0341e-119
1.4195e-76
20094
3.7308e-63
3.2956e-104
6.3616e-149
3.9157e-43
1.1311e-29
1.1586e-16
4.1865e-76
1.4303e-09
1.7353e-133
3.9722e-56
6.3356e-43
5.3607e-104
7.6158e-119
2.1234e-111
2.0188e-69
0.0039468
4.1973e-16
5.0856e-133
1.5945e-49
12215
1.1005e-35
1.0122e-36
1.314e-83
1.0128e-09
9.1468e-70
8.2733e-23
1.0031e-118
1.4433e-55
2.215e-90
6.5295e-36
4.235e-63
3.1567e-43
1.7554e-56
1.2428e-148
1.4764e-133
3.9246e-76
6.4034e-77
1.5051e-97
1.0785e-22
4.6773e-23
1.8818e-97
2.9756e-97
4.7443e-43
2886.2
4.6094e-90
2.5318e-42
7.4043e-97
5.8029e-10
1641.9
6.6731e-17
4.9365e-10
1.3432e-09
1.164e-09
4838.7
4.0386e-90
1.1418e-69
2779.7
7.2087e-10
2.5362e-126
7.099e-49
6.97e-157
7.3541e-23
2.1248e-36
6.97e-157
3.6924e-126
8308
3.9307e-49
6.4478e-83
9.8663e-50
5.0156e-16
2.8513e-49
9.7147e-84
7.282e-141
3716.7
4.4775e-63
2.0024e-111
4.4993e-36
4.9428e-69
4.6484e-83
2.3277e-63
4.4352e-36
5.1626e-111
1.3425e-69
6.1601e-50
1.841e-62
4.6136e-56
6.5998e-36
1.2154e-29
1.6206e-23
1.1223e-42
1.5033e-22
2.4116e-104
6.7259e-23
5.6966e-17
6.97e-157
8.6606e-30
1.182e-16
8.1702e-70
3.4421e-63
3.1425e-63
3.1874e-29
7.5132e-49
2.1288e-83
1.6505e-42
2.0771e-83
2055.3
6.97e-157
6.2782e-149
4.0597e-97
2.5007e-49
5.5203e-36
3.1568e-16
5.7895e-23
4.1043e-36
5.1865e-43
1.7287e-97
9.4023e-141
6.97e-157
6.6786e-10
1.4885e-29
1.1791e-09
16146
5.7238e-111
7.79e-50
1.0453e-22
5.6497e-112
1.1019e-76
1.3033e-56
6.97e-157
3.9566e-119
6.1082e-56
6.0232e-56
1.1741e-89
3.2747e-56
2.2385e-29
5.7539e-36
2.7476e-104
8.0777e-70
2.3919e-30
7.1539e-43
1.8377e-90
2.4383e-111
4.2128e-133
1.2632e-126
5.6153e-10
6.0672e-70
2.0474e-76
0.0039195
5.2991e-83
2.9426e-104
3.1625e-49
7.6581e-63
4.7832e-56
7.287e-70
4.0237e-133
6742
5300.6
2.5638e-23
2.1429e-118
4.4541e-141
2.7584e-111
2.6519e-90
1.1362e-148
9.2327e-50
8.9228e-63
2.328e-83
9.8826e-98
1.1373e-29
1.6312e-97
2.578e-43
17225
1.3377e-55
2.9233e-43
3.3016e-69
1.3507e-133
2.0658e-56
3.7238e-49
8.5936e-23
17692
5.8519e-119
2.428e-49
3.0887e-36
0.0015981
0.0047126
1.3937e-09
5239.1
1.8039e-16
7.2138e-10
1.813e-56
1.2267e-148
1.4436e-35
6.7024e-10
1.1036e-104
1.0043e-42
1.7683e-16
3.1157e-63
1.0182e-133
1.0468e-42
6.7255e-50
2.7714e-16
2.3926e-23
7.9634e-119
1.2236e-29
1.5655e-42
1.2166e-111
1.336e-90
3.6025e-70
4.413e-126
2.209e-63
6.5923e-104
6733.4
6.97e-157
6.6145e-119
8753.8
2.1844e-49
5.3247e-70
2.0949e-36
1.7129e-111
3.5836e-76
9.3516e-37
3053.4
2.4164e-118
3.9285e-111
6.8138e-10
1.1708e-140
9.3441e-105
7.2087e-10
6.7782e-50
1.9379e-118
2.4531e-62
6.8352e-17
3.5494e-62
6.2188e-63
1.7263e-55
4.9955e-149
0.0013597
2.1002e-97
3.1937e-104
2.295e-111
6.97e-157
6.3101e-105
5.4139e-83
2.2361e-56
6.6514e-134
6.8004e-50
1.2641e-140
1.8625e-96
0.0019978
1.2531e-55
9.0865e-43
3.8879e-36
1.1195e-29
1.0046e-69
1.2318e-118
2.5513e-148
4.5801e-141
1.4958e-29
2.0034e-16
1.0481e-82
8.0505e-70
6.638e-10
2.7568e-69
1.5232e-69
3.7845e-104
1.3473e-83
1.2289e-69
6.0173e-70
2.2489e-56
3.4803e-16
2.798e-83
5.4084e-119
5.3176e-63
4.5717e-36
5.7975e-126
1.071e-89
5.4708e-77
3.5034e-36
2.0867e-76
2.5367e-125
9.4073e-134
1.103e-42
5.1224e-36
3.201e-56
3.0271e-56
1.6153e-22
4.7807e-36
1.4183e-104
40338
1.2818e-69
50813
2.8645e-104
1.5768e-62
2.3197e-16
0.0013818
7.3624e-133
5.5169e-10
3.529e-30
4.7091e-77
2.3363e-126
3.5737e-49
4.1762e-83
1.1235e-16
6.97e-157
8.808e-83
8.3754e-90
2.1446e-62
3.4108e-97
1.0296e-69
4.4092e-10
1576
1.1706e-16
4.1236e-90
1.0699e-118
5.532e-43
7.8206e-23
2.8263e-83
8.0492e-70
2754.1
1.3364e-76
3.9132e-90
8413.4
10092
2.9043e-36
0.0017697
5.3322e-104
2.6945e-90
0.006773
1.2827e-22
2.7938e-126
4.9243e-63
1.9782e-56
4.97e-29
1.4318e-83
4.0396e-126
1.4474e-55
3.7975e-49
2754.8
1.636e-97
3251.2
0.0018445
5083
5.4419e-10
0.0025534
1.2209e-35
1.4044e-42
2.8154e-104
2.1413e-29
1.0574e-15
8.045e-23
4.8565e-119
8.5534e-77
1.5328e-16
9.2276e-50
8.8424e-119
2.1256e-118
8.2109e-97
8.6916e-63
2.2906e-76
4.0332e-141
1275.2
2.5913e-23
6.97e-157
5413.2
1.0465e-09
6.3398e-141
1.293e-118
2.188e-42
6.1635e-49
9.2088e-90
10335
6.7406e-56
1.3068e-118
1.0572e-132
2.0094e-97
3.1238e-29
1.1677e-62
1.2689e-104
1.8945e-63
2.1459e-97
4.4247e-141
1.1287e-76
9.1694e-50
0.0028887
4.8092e-10
6.607e-16
1.4761e-62
8.4738e-63
1020.7
8.9868e-36
2.5525e-49
3.3901e-29
2.6339e-29
1.1001e-55
9.3889e-70
4.4285e-70
0.00089751
1.4028e-16
1.3072e-62
2.2657e-97
2.219e-09
2.1158e-69
0.0032774
1.1675e-16
1.4997e-16
6.8289e-119
4.1811e-76
1.1813e-36
3.6132e-29
2.5172e-97
1.5026e-69
1.2696e-111
1.0689e-133
1.0257e-69
3.8477e-10
3.3032e-141
9.2427e-49
4.3774e-56
3.2201e-111
0.0025524
1.8205e-104
3.0527e-76
1.2266e-133
0.0012588
2.5107e-149
1.7068e-22
5.5412e-49
5.0717e-149
3.0157e-29
9.7222e-23
8142.6
4.9348e-126
3.5127e-97
5.5927e-119
1192.3
4.1354e-23
0.0028862
6.97e-157
1.0741e-148
2.0938e-56
7.7707e-112
7.0421e-37
1.311e-55
5.3586e-111
4.8975e-110
0.0014501
4.5717e-97
0.0011305
6.97e-157
1.4063e-29
2.5516e-69
3.877e-119
3.3533e-89
3.6791e-77
4.3201e-77
2.9571e-49
3.274e-10
1.5704e-36
9.9894e-63
2.0096e-133
2.5538e-69
1.6864e-49
4.3335e-83
5.024e-83
4.6911e-29
2.9221e-69
1.1525e-83
5754.1
6.97e-157
1.9645e-126
5.1643e-76
1.2841e-16
1.6237e-133
7.1803e-56
7.5136e-50
7.3289e-30
2147.2
1.0936e-16
7.5345e-112
1.4881e-09
1.2422e-62
6.97e-157
6.97e-157
4.9846e-83
8.6589e-70
8.0961e-56
5.6442e-43
5.4503e-30
6.97e-157
9.8746e-36
1.2087e-42
6.8767e-70
7.7979e-23
4.3657e-49
5.0089e-63
4.6027e-10
2.2395e-23
5.1354e-119
8.4043e-149
1.054e-76
1.1496e-16
1.482e-36
7.7368e-56
3.5179e-83
1.1827e-29
6.97e-157
4.3046e-63
1.2462e-29
3.7761e-104
4.9951e-63
2.9116e-23
5155.9
1.0557e-49
5.4633e-76
3.399e-104
9.324e-17
4.4482e-56
5.1484e-76
4.31e-23
9.4492e-112
6.0131e-76
2004
3.9274e-10
1.4296e-76
6.4147e-30
3.9483e-29
8.2042e-43
7024.3
6.8959e-49
3.1444e-126
2.6077e-83
5.3934e-112
8070.8
4.4478e-83
6.6053e-149
2.1425e-97
8.561e-10
1.3267e-35
6.764e-119
0.0013815
5.5031e-36
1.4006e-76
6.97e-157
6.9051e-112
1.4729e-42
0.0017277
0.0012645
1.841e-104
3480.6
2.7447e-16
1.6861e-111
3.2489e-23
2.3861e-76
4.128e-23
4.2635e-83
4.6136e-36
0.0031363
5.5433e-56
8.2573e-119
1.7413e-36
1.0892e-15
4.9386e-90
3.0687e-97
1.6856e-35
4.8774e-29
3.9767e-43
0.0031067
5.0437e-63
1.5884e-111
6.97e-157
0.0016863
7.3955e-97
1.5779e-118
6.97e-157
2.6467e-97
4.9239e-90
3.3109e-90
8.6351e-36
2.1405e-22
3.9326e-43
1.5156e-16
6.97e-157
8.3101e-119
1.6497e-69
3.8131e-69
8.5027e-70
3.2097e-97
1.0312e-133
2748
6.9633e-30
5.4968e-70
5.1597e-56
3.7614e-133
6.8025e-70
11937
0.0012263
3.709e-104
3.4865e-126
5.8067e-76
1.9312e-76
9.409e-149
5.6991e-15
14980
1.3625e-97
4.0444e-50
3.0343e-90
1.909e-97
4.4612e-56
6.2095e-23
1.4535e-126
1.558e-76
6.1836e-42
1.9992e-16
8.6213e-43
1.4427e-148
2.2326e-90
3.0972e-23
1.5441e-49
8.7297e-56
3.5666e-104
7.2238e-56
1.7674e-36
8.0392e-119
2.8618e-63
4.9503e-63
5.23e-36
1.2449e-69
5.7506e-10
0.0025837
2.3161e-104
3.796e-56
1447.4
2.0748e-83
1.0609e-35
1.3517e-09
1.4661e-49
4.4319e-126
1.5036e-56
1.273e-29
3.0833e-56
3.5552e-29
1.6687e-104
8.2904e-119
3.2754e-49
6.97e-157
8.8922e-97
4485.7
1.5604e-16
5.0186e-23
3098.5
0.00084925
2.902e-63
1.2513e-89
0.0032402
4.7656e-63
8.1212e-63
2.4339e-126
3.7994e-43
3.083e-69
1.1552e-09
1.7348e-49
1.8022e-49
8.0287e-36
1.4618e-83
1.2915e-76
9.1941e-119
5.2405e-23
5.292e-104
5.9034e-126
7.3612e-83
7259.5
7789.6
1.7639e-49
4.524e-97
9.432e-10
8.3323e-56
6.97e-157
5.8306e-141
1.4404e-97
6.0684e-90
1.5786e-49
8.3972e-10
4.6069e-98
6.97e-157
5.0638e-10
2.7777e-70
6.3205e-10
4.4959e-76
5.001e-77
3.7911e-112
7.5136e-141
4.3339e-36
1.0573e-83
6.8134e-23
4.5072e-10
0.0027882
2892.9
1.0145e-69
5.117e-30
2.9328e-90
1.1155e-69
7.5433e-23
6.6208e-70
1.7591e-29
9.2586e-10
2.8366e-29
3.1899e-76
9.053e-43
1.1481e-29
9.7725e-112
5.6986e-70
4.8665e-63
2.7316e-49
1.2324e-148
4.9147e-119
1.3513e-16
11238
7.1983e-149
2.9219e-111
1.2422e-90
1.2373e-104
1.1084e-76
6.97e-157
6.97e-157
1.9796e-111
4.8515e-77
5.0851e-23
2.2693e-118
3.5424e-43
1.7831e-104
2.1966e-69
6.97e-157
5.7724e-30
6.3607e-43
9.1619e-70
1.5043e-111
1.2993e-22
5.8766e-126
1.7179e-133
5.4859e-23
0.0043169
9.6104e-70
1.9762e-119
0.002966
1.1905e-16
3.3466e-29
4820
2.7561e-97
1.6676e-76
8.8558e-36
7222.7
1.7792e-42
1.123e-69
2.6817e-16
6.97e-157
3.4223e-63
2.6909e-141
2.4947e-111
4.3058e-149
4.3418e-43
1.0891e-69
3.4527e-119
1.9335e-97
0.0005614
6.97e-157
2.432e-22
1.5672e-42
4.3917e-119
4.9331e-134
4.3787e-16
2.4687e-36
0.0016235
8.8738e-43
1.2795e-42
6.5617e-29
1.779e-104
1.9496e-111
1.6562e-96
6.97e-157
5.2711e-17
6.679e-50
0.010878
6.4315e-97
6.2569e-126
1.0433e-16
1.4907e-97
1.4062e-118
1.7573e-16
2.4954e-97
9.2804e-134
1.4326e-96
1.404e-16
9.8437e-70
5.5634e-111
2.6473e-29
7.3122e-56
8.9885e-56
7.7104e-149
4.4428e-77
3801.1
1.235e-36
1.7134e-29
7.037e-104
6.0295e-43
2.2901e-23
8.4906e-63
2.363e-97
1.6802e-43
8.6275e-112
1594.3
1.7072e-49
1.4498e-63
1.5209e-76
5.6735e-119
7.2833e-56
4.15e-42
8.3922e-112
6445.1
6.97e-157
1.1055e-56
1.6949e-111
1.0525e-22
7.1405e-50
3.2815e-49
3.1814e-97
3.2489e-83
1.3768e-133
4.5026e-10
2.604e-111
7.3017e-112
9.2678e-90
5.578e-49
0.0035137
0.002546
2.1317e-97
3.0299e-63
3.038e-97
1.51e-36
1.8305e-133
1.9444e-83
3.0081e-49
5.8389e-43
820.66
8.0882e-141
1.6178e-140
5.0114e-70
2.4082e-16
9.0476e-90
3.9483e-90
7.1053e-63
4.8372e-10
0.0023756
1.1728e-148
1.4753e-76
9.6267e-126
3.3386e-43
6.7661e-36
2.9897e-22
4.3004e-83
4.7518e-42
3282
3.7851e-62
1.3252e-42
7.6589e-10
3.4465e-112
7.0249e-149
6.3879e-43
9.1904e-50
1.3572e-36
6.042e-126
0.0018447
5.8955e-56
1.5729e-23
1.3821e-23
2.2771e-56
2.1433e-76
2.8284e-90
3.5191e-76
1.078e-62
4.4063e-29
1.408e-49
2.2868e-10
4.8611e-56
1.029e-49
4.841e-76
7.6732e-119
1.7092e-09
1.2412e-16
4.6383e-97
9.4286e-70
1.0687e-75
1.731e-97
9.4655e-119
2.0521e-23
1.8317e-49
1.3189e-49
6.7137e-29
3.2279e-90
1.5209e-126
9.5082e-112
0.014359
4.6923e-76
6.3523e-43
6.6752e-112
4.4277e-56
9462.9
7.4705e-23
2.2799e-118
5311.8
4.1728e-63
1.269e-16
1.9552e-29
8.4759e-16
1.0634e-76
1.9997e-97
2.7115e-133
7.8097e-112
15847
5.6836e-10
1.5696e-111
0.0081339
0.0013242
1.493e-42
4.3992e-49
5.019e-63
1.6652e-16
1.8366e-49
3.5929e-36
1.8566e-126
3.4967e-90
1.313e-62
5.4922e-10
5.7351e-90
2.294e-16
6.3967e-29
1.4563e-76
0.0022362
1.1814e-111
9.9944e-134
3.8151e-70
0.0017097
0.0026526
2.354e-36
1.3061e-09
7.0509e-63
3.3892e-29
1.1387e-125
1.6793e-49
8.7653e-70
9.9161e-83
1.898e-62
3274.2
1.4669e-148
2.7732e-56
1.9673e-09
3.9066e-10
1.1088e-09
1.1072e-29
6.344e-149
4.6161e-16
3.5628e-56
1.7784e-29
6.545e-83
9.4852e-105
3.1421e-56
3.2107e-09
4.0942e-63
0.0034175
2.6175e-69
4.8963e-133
5.5726e-70
6.97e-157
5.4955e-23
3145.5
1.7468e-62
2.7156e-23
1.2584e-16
4.9717e-23
8.9839e-43
3.5769e-23
2468.7
6.081e-90
7.4324e-10
0.02114
842.16
3345.5
4.6161e-42
2.2129e-133
7.295e-119
3.3606e-76
3.6005e-49
1.0239e-42
1.7123e-09
4.1762e-133
2.1781e-83
5545.2
4.7652e-22
6.97e-157
1.5614e-49
7.4994e-119
5.0089e-36
8.8729e-83
2.2163e-90
6.5106e-23
2.8513e-42
5.6346e-77
2.8323e-09
6.5153e-23
5.0031e-43
3.0411e-09
4.872e-36
11300
5.4311e-90
6.3348e-43
2156.7
8.5526e-43
5.4465e-43
5.4352e-10
8612.3
2.0557e-16
8.5187e-70
3.984e-90
6.8218e-77
4.0788e-49
3.019e-141
5.7393e-36
1.2582e-56
2.6977e-90
6.97e-157
2.4035e-126
1.095e-29
8.8009e-17
7.6233e-10
2.5727e-140
8.7306e-83
6.0161e-56
6.97e-157
2.7269e-83
1.2786e-42
3.4776e-126
6.97e-157
2.0578e-97
7.0802e-126
2.472e-89
7077.7
1.4869e-83
2.7266e-16
1.8601e-118
2.8962e-97
2328.8
2.8734e-10
6.2016e-141
1.282e-22
1.2577e-118
4.2941e-77
1.9225e-43
0.0095143
4.6986e-90
4.0648e-16
4.8816e-112
6.3783e-112
8.9471e-126
2.6117e-97
9.3717e-30
9.3089e-141
1.0503e-22
1.6687e-69
5.0102e-36
2.0596e-22
1.9255e-83
2.0438e-83
1.2411e-09
1.1815e-148
2.3731e-29
1.5113e-16
2.0485e-104
6.97e-157
8.3013e-119
5.8963e-23
9.4441e-10
5.1484e-90
2.4659e-104
4.0255e-36
2.1675e-104
6.8783e-112
1.1863e-49
4.9738e-56
1.8775e-126
1.2486e-118
4.3933e-23
8.2942e-56
4.1731e-119
7.7125e-23
27441
5.8331e-56
2.1441e-29
1.2609e-90
1.7426e-125
6895.8
8.793e-35
9.1962e-17
1.3464e-16
1.5897e-83
6.97e-157
3.2355e-49
7.055e-70
8.8742e-119
4.5026e-43
3.0689e-97
2191.5
1.6443e-09
5.2238e-97
6538.9
3.399e-90
5.0198e-112
3.8573e-97
3.466e-90
1.5485e-83
7.4336e-36
0.0011552
4.8854e-23
2.3928e-76
6.6811e-90
12084
3.741e-83
3.2572e-29
8.5978e-30
3.3932e-36
1.0238e-76
1.4719e-62
2.3898e-69
1.5505e-83
1.6317e-90
1.8113e-43
1.176e-111
7.3201e-83
6.97e-157
2.4315e-83
4.2974e-112
8.1882e-97
2.4067e-36
3099.7
3.1211e-63
1.1159e-83
6.836e-90
6.97e-157
6.97e-157
7.9759e-16
0.0036633
5.0391e-112
1.6696e-49
1.7291e-36
1.6421e-76
1.4167e-36
3.6442e-56
2.8866e-104
1.7628e-126
4.8883e-16
6.6995e-49
7.1819e-104
5.2397e-149
4.7124e-126
5.6961e-23
5.0638e-23
4.5717e-43
2.1354e-76
3.4635e-56
0.0019736
2.5441e-83
4.2865e-133
4.4243e-36
1.6056e-16
6.6061e-63
4.1902e-56
2.796e-104
1.8835e-83
3.4658e-43
1.3214e-63
5.8197e-90
5.5454e-10
2.2211e-118
1.2666e-96
0.0025677
7.1648e-105
3.3645e-125
4.2401e-126
5.5906e-16
6.2987e-141
4.0679e-83
1.1227e-76
2.9473e-49
5.7728e-77
1.2358e-76
4.7568e-23
4693.5
3.6076e-56
5111.1
0.00098216
5.5864e-63
6.97e-157
2406.8
7.3067e-23
9.3503e-30
2.3601e-83
1.2614e-118
1.5278e-42
6.3754e-77
3.6107e-83
1.081e-97
1.7615e-125
9.9534e-112
1.7979e-10
2.0996e-29
5.4432e-105
4.0939e-118
8.7314e-63
1.176e-83
1.7038e-148
7.7326e-70
1.7879e-35
8.2331e-23
1.6893e-62
1.104e-16
1.8125e-42
9.3415e-56
6.8942e-119
8.0082e-126
1.3095e-83
1.1067e-69
3.9431e-90
6.6493e-63
1835.5
3.8924e-09
5.8691e-119
1.464e-69
1.5357e-83
5.947e-90
3.0903e-42
1.3058e-16
0.0053172
6.97e-157
1.8793e-133
0.0024771
1.6712e-49
8.7687e-49
2.2701e-16
2.764e-29
1.5658e-69
1.2094e-09
0.008389
2.3452e-55
2.7107e-49
2.9056e-16
6.3373e-90
4.0195e-119
5.55e-16
6.3138e-43
17659
7.8784e-70
7.6895e-43
5.563e-16
2.6489e-83
1.057e-22
0.0012658
9.8177e-63
1.3202e-69
1.7653e-09
1.6448e-76
6.97e-157
5256.9
2.8082e-16
7.1028e-141
1.8122e-104
3.5647e-119
3.0505e-83
2.288e-77
4.2472e-141
1.7474e-69
2.2893e-62
1.8222e-55
1.4376e-29
1.4332e-97
1.2861e-49
4.8464e-49
1.2018e-90
