-1.4878e+05
-1.4885e+05
-1.4891e+05
-1.4958e+05
-1.4971e+05
-1.5059e+05
-1.5122e+05
-1.5135e+05
-1.5145e+05
-1.5179e+05
-1.522e+05
-1.5228e+05
-1.5231e+05
-1.5275e+05
-1.5356e+05
-1.5392e+05
-1.5424e+05
-1.544e+05
-1.5475e+05
-1.5477e+05
-1.5492e+05
-1.5495e+05
-1.5499e+05
-1.553e+05
-1.553e+05
-1.5541e+05
-1.5549e+05
-1.5551e+05
-1.5553e+05
-1.5553e+05
-1.5566e+05
-1.5567e+05
-1.5567e+05
-1.5575e+05
-1.5575e+05
-1.5576e+05
-1.558e+05
-1.5581e+05
-1.5586e+05
-1.5586e+05
-1.5587e+05
-1.5589e+05
-1.559e+05
-1.559e+05
-1.5592e+05
-1.5595e+05
-1.5596e+05
-1.5597e+05
-1.5597e+05
-1.5597e+05
-1.56e+05
-1.5602e+05
-1.5603e+05
-1.5606e+05
-1.5607e+05
-1.5608e+05
-1.5608e+05
-1.5609e+05
-1.5609e+05
-1.5612e+05
-1.5612e+05
-1.5616e+05
-1.5618e+05
-1.5619e+05
-1.5619e+05
-1.5619e+05
-1.5622e+05
-1.5625e+05
-1.5625e+05
-1.5626e+05
-1.5626e+05
-1.5627e+05
-1.5627e+05
-1.5628e+05
-1.5628e+05
-1.5628e+05
-1.5629e+05
-1.563e+05
-1.5631e+05
-1.5631e+05
-1.5631e+05
-1.5633e+05
-1.5634e+05
-1.5634e+05
-1.5636e+05
-1.5636e+05
-1.5636e+05
-1.5637e+05
-1.5638e+05
-1.5639e+05
-1.564e+05
-1.564e+05
-1.5641e+05
-1.5641e+05
-1.5642e+05
-1.5642e+05
-1.5643e+05
-1.5643e+05
-1.5644e+05
-1.5644e+05
-1.5645e+05
-1.5645e+05
-1.5645e+05
-1.5646e+05
-1.5646e+05
-1.5648e+05
-1.5648e+05
-1.5649e+05
-1.565e+05
-1.5651e+05
-1.5651e+05
-1.5651e+05
-1.5651e+05
-1.5652e+05
-1.5652e+05
-1.5652e+05
-1.5653e+05
-1.5654e+05
-1.5654e+05
-1.5655e+05
-1.5655e+05
-1.5656e+05
-1.5659e+05
-1.5659e+05
-1.5661e+05
-1.5662e+05
-1.5662e+05
-1.5663e+05
-1.5664e+05
-1.5665e+05
-1.5666e+05
-1.5666e+05
-1.5667e+05
-1.5667e+05
-1.5667e+05
-1.5667e+05
-1.5668e+05
-1.5668e+05
-1.5668e+05
-1.5669e+05
-1.5669e+05
-1.5669e+05
-1.5669e+05
-1.5669e+05
-1.5669e+05
-1.5669e+05
-1.567e+05
-1.567e+05
-1.5671e+05
-1.5671e+05
-1.5671e+05
-1.5672e+05
-1.5672e+05
-1.5673e+05
-1.5674e+05
-1.5674e+05
-1.5674e+05
-1.5674e+05
-1.5674e+05
-1.5675e+05
-1.5675e+05
-1.5676e+05
-1.5676e+05
-1.5677e+05
-1.5677e+05
-1.5677e+05
-1.5677e+05
-1.5678e+05
-1.5678e+05
-1.5678e+05
-1.5679e+05
-1.568e+05
-1.5681e+05
-1.5681e+05
-1.5681e+05
-1.5681e+05
-1.5681e+05
-1.5682e+05
-1.5682e+05
-1.5682e+05
-1.5683e+05
-1.5683e+05
-1.5683e+05
-1.5683e+05
-1.5683e+05
-1.5684e+05
-1.5684e+05
-1.5685e+05
-1.5685e+05
-1.5686e+05
-1.5686e+05
-1.5686e+05
-1.5686e+05
-1.5686e+05
-1.5686e+05
-1.5686e+05
-1.5687e+05
-1.5687e+05
-1.5687e+05
-1.5689e+05
-1.5689e+05
-1.5689e+05
-1.5689e+05
-1.5691e+05
-1.5691e+05
-1.5691e+05
-1.5692e+05
-1.5692e+05
-1.5692e+05
-1.5692e+05
-1.5692e+05
-1.5692e+05
-1.5693e+05
-1.5693e+05
-1.5694e+05
-1.5694e+05
-1.5694e+05
-1.5694e+05
-1.5695e+05
-1.5695e+05
-1.5695e+05
-1.5695e+05
-1.5696e+05
-1.5696e+05
-1.5697e+05
-1.5698e+05
-1.5698e+05
-1.5698e+05
-1.5698e+05
-1.5698e+05
-1.5699e+05
-1.5699e+05
-1.57e+05
-1.57e+05
-1.5701e+05
-1.5702e+05
-1.5702e+05
-1.5703e+05
-1.5703e+05
-1.5703e+05
-1.5704e+05
-1.5706e+05
-1.5706e+05
-1.5707e+05
-1.5708e+05
-1.5708e+05
-1.5708e+05
-1.5708e+05
-1.5708e+05
-1.5708e+05
-1.5709e+05
-1.571e+05
-1.571e+05
-1.571e+05
-1.571e+05
-1.5711e+05
-1.5711e+05
-1.5712e+05
-1.5712e+05
-1.5712e+05
-1.5712e+05
-1.5713e+05
-1.5714e+05
-1.5714e+05
-1.5715e+05
-1.5715e+05
-1.5715e+05
-1.5715e+05
-1.5716e+05
-1.5716e+05
-1.5716e+05
-1.5717e+05
-1.5717e+05
-1.5717e+05
-1.5717e+05
-1.5718e+05
-1.5719e+05
-1.5719e+05
-1.572e+05
-1.572e+05
-1.5721e+05
-1.5721e+05
-1.5721e+05
-1.5722e+05
-1.5722e+05
-1.5722e+05
-1.5723e+05
-1.5723e+05
-1.5723e+05
-1.5723e+05
-1.5723e+05
-1.5723e+05
-1.5724e+05
-1.5724e+05
-1.5724e+05
-1.5724e+05
-1.5724e+05
-1.5726e+05
-1.5726e+05
-1.5727e+05
-1.5728e+05
-1.5728e+05
-1.5729e+05
-1.5729e+05
-1.5729e+05
-1.5729e+05
-1.573e+05
-1.5731e+05
-1.5732e+05
-1.5732e+05
-1.5735e+05
-1.5735e+05
-1.5735e+05
-1.5736e+05
-1.5736e+05
-1.5736e+05
-1.5736e+05
-1.5737e+05
-1.5737e+05
-1.5737e+05
-1.5737e+05
-1.5739e+05
-1.5739e+05
-1.5739e+05
-1.574e+05
-1.5741e+05
-1.5742e+05
-1.5742e+05
-1.5742e+05
-1.5743e+05
-1.5743e+05
-1.5743e+05
-1.5743e+05
-1.5744e+05
-1.5744e+05
-1.5744e+05
-1.5744e+05
-1.5744e+05
-1.5745e+05
-1.5745e+05
-1.5746e+05
-1.5747e+05
-1.5747e+05
-1.5747e+05
-1.5749e+05
-1.5749e+05
-1.5749e+05
-1.5749e+05
-1.5749e+05
-1.575e+05
-1.575e+05
-1.575e+05
-1.575e+05
-1.5751e+05
-1.5751e+05
-1.5751e+05
-1.5751e+05
-1.5751e+05
-1.5752e+05
-1.5753e+05
-1.5753e+05
-1.5753e+05
-1.5754e+05
-1.5754e+05
-1.5755e+05
-1.5755e+05
-1.5756e+05
-1.5756e+05
-1.5757e+05
-1.5759e+05
-1.5759e+05
-1.5759e+05
-1.576e+05
-1.5763e+05
-1.5764e+05
-1.5764e+05
-1.5765e+05
-1.5765e+05
-1.5766e+05
-1.5766e+05
-1.5766e+05
-1.5766e+05
-1.5766e+05
-1.5766e+05
-1.5766e+05
-1.5767e+05
-1.5767e+05
-1.5768e+05
-1.5768e+05
-1.5769e+05
-1.5769e+05
-1.5769e+05
-1.5769e+05
-1.5769e+05
-1.5769e+05
-1.577e+05
-1.5771e+05
-1.5771e+05
-1.5772e+05
-1.5772e+05
-1.5772e+05
-1.5772e+05
-1.5772e+05
-1.5772e+05
-1.5772e+05
-1.5772e+05
-1.5772e+05
-1.5773e+05
-1.5774e+05
-1.5774e+05
-1.5774e+05
-1.5774e+05
-1.5775e+05
-1.5775e+05
-1.5775e+05
-1.5776e+05
-1.5777e+05
-1.5777e+05
-1.5777e+05
-1.5778e+05
-1.5778e+05
-1.5778e+05
-1.5779e+05
-1.5779e+05
-1.578e+05
-1.578e+05
-1.5782e+05
-1.5782e+05
-1.5782e+05
-1.5782e+05
-1.5782e+05
-1.5782e+05
-1.5782e+05
-1.5783e+05
-1.5783e+05
-1.5783e+05
-1.5784e+05
-1.5784e+05
-1.5784e+05
-1.5784e+05
-1.5785e+05
-1.5785e+05
-1.5785e+05
-1.5785e+05
-1.5785e+05
-1.5786e+05
-1.5786e+05
-1.5787e+05
-1.5787e+05
-1.5788e+05
-1.5789e+05
-1.5789e+05
-1.5789e+05
-1.5789e+05
-1.579e+05
-1.579e+05
-1.579e+05
-1.579e+05
-1.5791e+05
-1.5791e+05
-1.5792e+05
-1.5792e+05
-1.5794e+05
-1.5795e+05
-1.5795e+05
-1.5795e+05
-1.5795e+05
-1.5796e+05
-1.5796e+05
-1.5797e+05
-1.5797e+05
-1.5797e+05
-1.5797e+05
-1.5797e+05
-1.5798e+05
-1.5798e+05
-1.5798e+05
-1.5799e+05
-1.5799e+05
-1.5799e+05
-1.5799e+05
-1.58e+05
-1.5801e+05
-1.5803e+05
-1.5803e+05
-1.5803e+05
-1.5804e+05
-1.5804e+05
-1.5806e+05
-1.5807e+05
-1.5809e+05
-1.5809e+05
-1.5809e+05
-1.581e+05
-1.581e+05
-1.581e+05
-1.581e+05
-1.5811e+05
-1.5811e+05
-1.5811e+05
-1.5811e+05
-1.5811e+05
-1.5811e+05
-1.5813e+05
-1.5813e+05
-1.5814e+05
-1.5814e+05
-1.5815e+05
-1.5815e+05
-1.5815e+05
-1.5815e+05
-1.5817e+05
-1.5817e+05
-1.5817e+05
-1.5818e+05
-1.5818e+05
-1.5819e+05
-1.5819e+05
-1.582e+05
-1.582e+05
-1.582e+05
-1.582e+05
-1.582e+05
-1.5821e+05
-1.5821e+05
-1.5822e+05
-1.5822e+05
-1.5822e+05
-1.5823e+05
-1.5823e+05
-1.5823e+05
-1.5824e+05
-1.5824e+05
-1.5824e+05
-1.5825e+05
-1.5826e+05
-1.5826e+05
-1.5826e+05
-1.5826e+05
-1.5827e+05
-1.5827e+05
-1.5827e+05
-1.5828e+05
-1.5828e+05
-1.5828e+05
-1.5828e+05
-1.5828e+05
-1.5828e+05
-1.5829e+05
-1.5831e+05
-1.5831e+05
-1.5831e+05
-1.5831e+05
-1.5831e+05
-1.5832e+05
-1.5832e+05
-1.5833e+05
-1.5834e+05
-1.5835e+05
-1.5835e+05
-1.5835e+05
-1.5836e+05
-1.5836e+05
-1.5836e+05
-1.5836e+05
-1.5837e+05
-1.5837e+05
-1.5837e+05
-1.5837e+05
-1.5838e+05
-1.5838e+05
-1.5839e+05
-1.5839e+05
-1.584e+05
-1.584e+05
-1.584e+05
-1.584e+05
-1.584e+05
-1.5841e+05
-1.5841e+05
-1.5841e+05
-1.5842e+05
-1.5842e+05
-1.5842e+05
-1.5843e+05
-1.5843e+05
-1.5843e+05
-1.5844e+05
-1.5844e+05
-1.5844e+05
-1.5845e+05
-1.5845e+05
-1.5846e+05
-1.5846e+05
-1.5846e+05
-1.5846e+05
-1.5846e+05
-1.5847e+05
-1.5847e+05
-1.5847e+05
-1.5848e+05
-1.5849e+05
-1.5849e+05
-1.5849e+05
-1.585e+05
-1.5851e+05
-1.5852e+05
-1.5852e+05
-1.5852e+05
-1.5854e+05
-1.5854e+05
-1.5854e+05
-1.5855e+05
-1.5855e+05
-1.5855e+05
-1.5856e+05
-1.5857e+05
-1.5858e+05
-1.5858e+05
-1.5858e+05
-1.5859e+05
-1.5859e+05
-1.5859e+05
-1.5859e+05
-1.586e+05
-1.5861e+05
-1.5861e+05
-1.5862e+05
-1.5862e+05
-1.5862e+05
-1.5862e+05
-1.5863e+05
-1.5863e+05
-1.5863e+05
-1.5863e+05
-1.5864e+05
-1.5864e+05
-1.5865e+05
-1.5865e+05
-1.5865e+05
-1.5866e+05
-1.5866e+05
-1.5866e+05
-1.5867e+05
-1.5868e+05
-1.5868e+05
-1.5868e+05
-1.5868e+05
-1.5868e+05
-1.5869e+05
-1.5869e+05
-1.587e+05
-1.587e+05
-1.5871e+05
-1.5872e+05
-1.5872e+05
-1.5873e+05
-1.5873e+05
-1.5873e+05
-1.5873e+05
-1.5874e+05
-1.5875e+05
-1.5875e+05
-1.5875e+05
-1.5875e+05
-1.5876e+05
-1.5876e+05
-1.5876e+05
-1.5877e+05
-1.5877e+05
-1.5877e+05
-1.5878e+05
-1.5878e+05
-1.5878e+05
-1.5878e+05
-1.5879e+05
-1.588e+05
-1.5881e+05
-1.5881e+05
-1.5881e+05
-1.5882e+05
-1.5882e+05
-1.5882e+05
-1.5883e+05
-1.5883e+05
-1.5883e+05
-1.5883e+05
-1.5884e+05
-1.5884e+05
-1.5884e+05
-1.5885e+05
-1.5885e+05
-1.5885e+05
-1.5886e+05
-1.5886e+05
-1.5886e+05
-1.5886e+05
-1.5887e+05
-1.5887e+05
-1.5888e+05
-1.5888e+05
-1.5888e+05
-1.5888e+05
-1.5888e+05
-1.5889e+05
-1.589e+05
-1.589e+05
-1.589e+05
-1.5892e+05
-1.5893e+05
-1.5893e+05
-1.5893e+05
-1.5894e+05
-1.5894e+05
-1.5895e+05
-1.5895e+05
-1.5896e+05
-1.5896e+05
-1.5896e+05
-1.5896e+05
-1.5897e+05
-1.5897e+05
-1.5897e+05
-1.5897e+05
-1.5898e+05
-1.5898e+05
-1.5898e+05
-1.5898e+05
-1.5898e+05
-1.5898e+05
-1.5898e+05
-1.5899e+05
-1.5899e+05
-1.5899e+05
-1.5899e+05
-1.5899e+05
-1.5899e+05
-1.59e+05
-1.59e+05
-1.59e+05
-1.5901e+05
-1.5901e+05
-1.5901e+05
-1.5902e+05
-1.5902e+05
-1.5902e+05
-1.5903e+05
-1.5904e+05
-1.5904e+05
-1.5904e+05
-1.5905e+05
-1.5905e+05
-1.5905e+05
-1.5906e+05
-1.5906e+05
-1.5907e+05
-1.5908e+05
-1.5908e+05
-1.5908e+05
-1.5909e+05
-1.5909e+05
-1.5909e+05
-1.5909e+05
-1.5909e+05
-1.5909e+05
-1.591e+05
-1.591e+05
-1.591e+05
-1.591e+05
-1.5911e+05
-1.5911e+05
-1.5911e+05
-1.5912e+05
-1.5913e+05
-1.5913e+05
-1.5913e+05
-1.5913e+05
-1.5913e+05
-1.5913e+05
-1.5913e+05
-1.5914e+05
-1.5915e+05
-1.5915e+05
-1.5917e+05
-1.5917e+05
-1.5918e+05
-1.5918e+05
-1.5918e+05
-1.5919e+05
-1.5919e+05
-1.5919e+05
-1.5919e+05
-1.5921e+05
-1.5922e+05
-1.5922e+05
-1.5923e+05
-1.5923e+05
-1.5923e+05
-1.5923e+05
-1.5924e+05
-1.5924e+05
-1.5925e+05
-1.5926e+05
-1.5926e+05
-1.5927e+05
-1.5927e+05
-1.5927e+05
-1.5927e+05
-1.5928e+05
-1.5929e+05
-1.5929e+05
-1.5929e+05
-1.5929e+05
-1.593e+05
-1.593e+05
-1.593e+05
-1.593e+05
-1.5931e+05
-1.5931e+05
-1.5931e+05
-1.5932e+05
-1.5932e+05
-1.5933e+05
-1.5933e+05
-1.5934e+05
-1.5934e+05
-1.5934e+05
-1.5934e+05
-1.5935e+05
-1.5935e+05
-1.5935e+05
-1.5936e+05
-1.5936e+05
-1.5936e+05
-1.5936e+05
-1.5936e+05
-1.5937e+05
-1.5937e+05
-1.5937e+05
-1.5937e+05
-1.5937e+05
-1.5938e+05
-1.5938e+05
-1.5938e+05
-1.5938e+05
-1.5939e+05
-1.5939e+05
-1.5939e+05
-1.5939e+05
-1.5939e+05
-1.5939e+05
-1.594e+05
-1.594e+05
-1.594e+05
-1.594e+05
-1.594e+05
-1.594e+05
-1.594e+05
-1.5941e+05
-1.5941e+05
-1.5942e+05
-1.5942e+05
-1.5943e+05
-1.5943e+05
-1.5943e+05
-1.5945e+05
-1.5945e+05
-1.5946e+05
-1.5946e+05
-1.5946e+05
-1.5946e+05
-1.5946e+05
-1.5946e+05
-1.5947e+05
-1.5948e+05
-1.5948e+05
-1.5949e+05
-1.5949e+05
-1.595e+05
-1.5951e+05
-1.5951e+05
-1.5952e+05
-1.5954e+05
-1.5954e+05
-1.5955e+05
-1.5955e+05
-1.5955e+05
-1.5955e+05
-1.5955e+05
-1.5956e+05
-1.5956e+05
-1.5956e+05
-1.5956e+05
-1.5958e+05
-1.5958e+05
-1.5958e+05
-1.5959e+05
-1.596e+05
-1.596e+05
-1.5961e+05
-1.5961e+05
-1.5961e+05
-1.5962e+05
-1.5962e+05
-1.5962e+05
-1.5962e+05
-1.5962e+05
-1.5964e+05
-1.5964e+05
-1.5964e+05
-1.5965e+05
-1.5965e+05
-1.5965e+05
-1.5965e+05
-1.5966e+05
-1.5966e+05
-1.5967e+05
-1.5967e+05
-1.5967e+05
-1.5967e+05
-1.5968e+05
-1.5968e+05
-1.5969e+05
-1.5969e+05
-1.5969e+05
-1.5969e+05
-1.597e+05
-1.597e+05
-1.597e+05
-1.5971e+05
-1.5971e+05
-1.5972e+05
-1.5972e+05
-1.5972e+05
-1.5972e+05
-1.5973e+05
-1.5974e+05
-1.5975e+05
-1.5975e+05
-1.5976e+05
-1.5976e+05
-1.5977e+05
-1.5977e+05
-1.5977e+05
-1.5978e+05
-1.5979e+05
-1.5979e+05
-1.5979e+05
-1.598e+05
-1.5981e+05
-1.5982e+05
-1.5982e+05
-1.5984e+05
-1.5984e+05
-1.5984e+05
-1.5984e+05
-1.5985e+05
-1.5985e+05
-1.5985e+05
-1.5986e+05
-1.5986e+05
-1.5986e+05
-1.5986e+05
-1.5988e+05
-1.5988e+05
-1.5988e+05
-1.5988e+05
-1.5989e+05
-1.5989e+05
-1.5989e+05
-1.599e+05
-1.5991e+05
-1.5991e+05
-1.5991e+05
-1.5991e+05
-1.5992e+05
-1.5993e+05
-1.5994e+05
-1.5994e+05
-1.5995e+05
-1.5995e+05
-1.5995e+05
-1.5996e+05
-1.5996e+05
-1.5996e+05
-1.5996e+05
-1.5996e+05
-1.5997e+05
-1.5997e+05
-1.5997e+05
-1.5998e+05
-1.5998e+05
-1.5999e+05
-1.5999e+05
-1.6e+05
-1.6001e+05
-1.6001e+05
-1.6001e+05
-1.6001e+05
-1.6001e+05
-1.6002e+05
-1.6002e+05
-1.6002e+05
-1.6003e+05
-1.6003e+05
-1.6003e+05
-1.6004e+05
-1.6004e+05
-1.6004e+05
-1.6004e+05
-1.6005e+05
-1.6005e+05
-1.6006e+05
-1.6008e+05
-1.6008e+05
-1.6009e+05
-1.6009e+05
-1.6009e+05
-1.6009e+05
-1.601e+05
-1.601e+05
-1.601e+05
-1.601e+05
-1.6011e+05
-1.6011e+05
-1.6011e+05
-1.6012e+05
-1.6012e+05
-1.6012e+05
-1.6013e+05
-1.6013e+05
-1.6014e+05
-1.6014e+05
-1.6014e+05
-1.6015e+05
-1.6015e+05
-1.6015e+05
-1.6016e+05
-1.6017e+05
-1.6018e+05
-1.6019e+05
-1.6019e+05
-1.6021e+05
-1.6021e+05
-1.6021e+05
-1.6021e+05
-1.6021e+05
-1.6022e+05
-1.6022e+05
-1.6022e+05
-1.6022e+05
-1.6023e+05
-1.6023e+05
-1.6024e+05
-1.6024e+05
-1.6025e+05
-1.6025e+05
-1.6026e+05
-1.6026e+05
-1.6027e+05
-1.6027e+05
-1.6027e+05
-1.6028e+05
-1.6028e+05
-1.6028e+05
-1.6028e+05
-1.6028e+05
-1.6029e+05
-1.603e+05
-1.603e+05
-1.603e+05
-1.603e+05
-1.6031e+05
-1.6031e+05
-1.6031e+05
-1.6031e+05
-1.6032e+05
-1.6032e+05
-1.6032e+05
-1.6034e+05
-1.6034e+05
-1.6035e+05
-1.6036e+05
-1.6036e+05
-1.6037e+05
-1.6037e+05
-1.6037e+05
-1.6037e+05
-1.6038e+05
-1.6038e+05
-1.6038e+05
-1.6038e+05
-1.6038e+05
-1.6039e+05
-1.6039e+05
-1.604e+05
-1.604e+05
-1.6041e+05
-1.6041e+05
-1.6042e+05
-1.6042e+05
-1.6042e+05
-1.6043e+05
-1.6043e+05
-1.6043e+05
-1.6044e+05
-1.6044e+05
-1.6045e+05
-1.6045e+05
-1.6046e+05
-1.6046e+05
-1.6046e+05
-1.6046e+05
-1.6048e+05
-1.6049e+05
-1.605e+05
-1.605e+05
-1.6051e+05
-1.6051e+05
-1.6052e+05
-1.6052e+05
-1.6052e+05
-1.6052e+05
-1.6053e+05
-1.6054e+05
-1.6054e+05
-1.6055e+05
-1.6055e+05
-1.6055e+05
-1.6057e+05
-1.6057e+05
-1.6058e+05
-1.6058e+05
-1.6059e+05
-1.6059e+05
-1.6059e+05
-1.606e+05
-1.606e+05
-1.6061e+05
-1.6061e+05
-1.6062e+05
-1.6062e+05
-1.6062e+05
-1.6063e+05
-1.6063e+05
-1.6064e+05
-1.6064e+05
-1.6064e+05
-1.6064e+05
-1.6065e+05
-1.6066e+05
-1.6066e+05
-1.6067e+05
-1.6067e+05
-1.6067e+05
-1.6067e+05
-1.6067e+05
-1.6068e+05
-1.6068e+05
-1.6068e+05
-1.6069e+05
-1.607e+05
-1.607e+05
-1.607e+05
-1.607e+05
-1.607e+05
-1.607e+05
-1.6071e+05
-1.6071e+05
-1.6071e+05
-1.6071e+05
-1.6072e+05
-1.6072e+05
-1.6074e+05
-1.6074e+05
-1.6075e+05
-1.6075e+05
-1.6076e+05
-1.6076e+05
-1.6077e+05
-1.6078e+05
-1.6078e+05
-1.6078e+05
-1.6079e+05
-1.6081e+05
-1.6082e+05
-1.6082e+05
-1.6082e+05
-1.6082e+05
-1.6083e+05
-1.6084e+05
-1.6084e+05
-1.6084e+05
-1.6085e+05
-1.6086e+05
-1.6087e+05
-1.6087e+05
-1.6087e+05
-1.6087e+05
-1.6088e+05
-1.6089e+05
-1.6089e+05
-1.6091e+05
-1.6091e+05
-1.6093e+05
-1.6093e+05
-1.6093e+05
-1.6094e+05
-1.6095e+05
-1.6096e+05
-1.6097e+05
-1.6098e+05
-1.6098e+05
-1.6099e+05
-1.6099e+05
-1.6101e+05
-1.6101e+05
-1.6102e+05
-1.6102e+05
-1.6103e+05
-1.6103e+05
-1.6104e+05
-1.6105e+05
-1.6107e+05
-1.6107e+05
-1.6108e+05
-1.6109e+05
-1.6109e+05
-1.6109e+05
-1.6109e+05
-1.611e+05
-1.611e+05
-1.611e+05
-1.611e+05
-1.6111e+05
-1.6112e+05
-1.6114e+05
-1.6115e+05
-1.6116e+05
-1.6116e+05
-1.6116e+05
-1.6117e+05
-1.6117e+05
-1.6118e+05
-1.6118e+05
-1.6118e+05
-1.6119e+05
-1.6119e+05
-1.6121e+05
-1.6122e+05
-1.6122e+05
-1.6122e+05
-1.6122e+05
-1.6123e+05
-1.6123e+05
-1.6123e+05
-1.6124e+05
-1.6124e+05
-1.6125e+05
-1.6125e+05
-1.6126e+05
-1.6126e+05
-1.6127e+05
-1.6127e+05
-1.6127e+05
-1.6128e+05
-1.6128e+05
-1.6129e+05
-1.6131e+05
-1.6131e+05
-1.6132e+05
-1.6133e+05
-1.6133e+05
-1.6133e+05
-1.6133e+05
-1.6134e+05
-1.6135e+05
-1.6136e+05
-1.6137e+05
-1.6137e+05
-1.6138e+05
-1.6138e+05
-1.6139e+05
-1.6139e+05
-1.614e+05
-1.6142e+05
-1.6142e+05
-1.6142e+05
-1.6142e+05
-1.6143e+05
-1.6143e+05
-1.6143e+05
-1.6144e+05
-1.6144e+05
-1.6144e+05
-1.6147e+05
-1.6149e+05
-1.615e+05
-1.6152e+05
-1.6152e+05
-1.6152e+05
-1.6152e+05
-1.6153e+05
-1.6153e+05
-1.6153e+05
-1.6154e+05
-1.6154e+05
-1.6154e+05
-1.6154e+05
-1.6154e+05
-1.6155e+05
-1.6156e+05
-1.6157e+05
-1.6157e+05
-1.6157e+05
-1.6158e+05
-1.6159e+05
-1.6159e+05
-1.616e+05
-1.616e+05
-1.6161e+05
-1.6162e+05
-1.6162e+05
-1.6162e+05
-1.6162e+05
-1.6163e+05
-1.6163e+05
-1.6163e+05
-1.6164e+05
-1.6165e+05
-1.6165e+05
-1.6166e+05
-1.6166e+05
-1.6167e+05
-1.6167e+05
-1.6168e+05
-1.6169e+05
-1.617e+05
-1.617e+05
-1.6172e+05
-1.6174e+05
-1.6174e+05
-1.6175e+05
-1.6175e+05
-1.6175e+05
-1.6176e+05
-1.6176e+05
-1.6176e+05
-1.6176e+05
-1.6177e+05
-1.618e+05
-1.618e+05
-1.618e+05
-1.6181e+05
-1.6182e+05
-1.6183e+05
-1.6183e+05
-1.6183e+05
-1.6183e+05
-1.6185e+05
-1.6186e+05
-1.6186e+05
-1.6187e+05
-1.6187e+05
-1.6188e+05
-1.6188e+05
-1.6188e+05
-1.6189e+05
-1.619e+05
-1.619e+05
-1.619e+05
-1.619e+05
-1.6191e+05
-1.6191e+05
-1.6192e+05
-1.6194e+05
-1.6195e+05
-1.6195e+05
-1.6196e+05
-1.6198e+05
-1.6198e+05
-1.6199e+05
-1.6199e+05
-1.6199e+05
-1.62e+05
-1.62e+05
-1.6201e+05
-1.6202e+05
-1.6202e+05
-1.6202e+05
-1.6203e+05
-1.6203e+05
-1.6204e+05
-1.6205e+05
-1.6207e+05
-1.6208e+05
-1.6209e+05
-1.621e+05
-1.6211e+05
-1.6211e+05
-1.6212e+05
-1.6212e+05
-1.6213e+05
-1.6213e+05
-1.6213e+05
-1.6214e+05
-1.6215e+05
-1.6216e+05
-1.6216e+05
-1.6217e+05
-1.6217e+05
-1.6217e+05
-1.6218e+05
-1.6218e+05
-1.6218e+05
-1.6219e+05
-1.6219e+05
-1.622e+05
-1.6221e+05
-1.6221e+05
-1.6222e+05
-1.6222e+05
-1.6222e+05
-1.6222e+05
-1.6222e+05
-1.6222e+05
-1.6223e+05
-1.6224e+05
-1.6225e+05
-1.6225e+05
-1.6226e+05
-1.6226e+05
-1.6226e+05
-1.6227e+05
-1.6227e+05
-1.6228e+05
-1.6228e+05
-1.6229e+05
-1.6229e+05
-1.623e+05
-1.623e+05
-1.6231e+05
-1.6231e+05
-1.6231e+05
-1.6231e+05
-1.6231e+05
-1.6233e+05
-1.6234e+05
-1.6235e+05
-1.6235e+05
-1.6235e+05
-1.6236e+05
-1.6236e+05
-1.6238e+05
-1.6238e+05
-1.6239e+05
-1.6239e+05
-1.6239e+05
-1.6241e+05
-1.6241e+05
-1.6242e+05
-1.6243e+05
-1.6244e+05
-1.6244e+05
-1.6244e+05
-1.6246e+05
-1.6246e+05
-1.6246e+05
-1.6247e+05
-1.6248e+05
-1.625e+05
-1.6252e+05
-1.6252e+05
-1.6254e+05
-1.6255e+05
-1.6255e+05
-1.6255e+05
-1.6256e+05
-1.6258e+05
-1.6258e+05
-1.6259e+05
-1.626e+05
-1.626e+05
-1.6261e+05
-1.6263e+05
-1.6263e+05
-1.6264e+05
-1.6264e+05
-1.6264e+05
-1.6264e+05
-1.6264e+05
-1.6265e+05
-1.6265e+05
-1.6266e+05
-1.6267e+05
-1.6269e+05
-1.6269e+05
-1.6269e+05
-1.627e+05
-1.6271e+05
-1.6271e+05
-1.6272e+05
-1.6273e+05
-1.6273e+05
-1.6274e+05
-1.6276e+05
-1.6276e+05
-1.6276e+05
-1.6277e+05
-1.6278e+05
-1.6279e+05
-1.6279e+05
-1.6281e+05
-1.6281e+05
-1.6281e+05
-1.6282e+05
-1.6282e+05
-1.6285e+05
-1.6285e+05
-1.6285e+05
-1.6285e+05
-1.6289e+05
-1.6289e+05
-1.629e+05
-1.629e+05
-1.6293e+05
-1.6295e+05
-1.6295e+05
-1.6295e+05
-1.6296e+05
-1.6298e+05
-1.6298e+05
-1.6299e+05
-1.6299e+05
-1.6299e+05
-1.63e+05
-1.6301e+05
-1.6301e+05
-1.6302e+05
-1.6304e+05
-1.6306e+05
-1.6306e+05
-1.6306e+05
-1.6307e+05
-1.6307e+05
-1.6308e+05
-1.6309e+05
-1.631e+05
-1.6311e+05
-1.6311e+05
-1.6311e+05
-1.6313e+05
-1.6313e+05
-1.6313e+05
-1.6315e+05
-1.6315e+05
-1.6316e+05
-1.6316e+05
-1.6316e+05
-1.6317e+05
-1.6317e+05
-1.6318e+05
-1.6319e+05
-1.632e+05
-1.632e+05
-1.632e+05
-1.632e+05
-1.6321e+05
-1.6322e+05
-1.6323e+05
-1.6324e+05
-1.6325e+05
-1.6326e+05
-1.6326e+05
-1.6327e+05
-1.6327e+05
-1.6327e+05
-1.6329e+05
-1.6329e+05
-1.633e+05
-1.633e+05
-1.633e+05
-1.6333e+05
-1.6333e+05
-1.6335e+05
-1.6336e+05
-1.6337e+05
-1.6337e+05
-1.6337e+05
-1.6339e+05
-1.6339e+05
-1.634e+05
-1.6341e+05
-1.6342e+05
-1.6343e+05
-1.6344e+05
-1.6345e+05
-1.6346e+05
-1.6346e+05
-1.6347e+05
-1.6347e+05
-1.6347e+05
-1.6347e+05
-1.6348e+05
-1.6348e+05
-1.635e+05
-1.635e+05
-1.635e+05
-1.6351e+05
-1.6352e+05
-1.6352e+05
-1.6352e+05
-1.6352e+05
-1.6353e+05
-1.6353e+05
-1.6353e+05
-1.6354e+05
-1.6357e+05
-1.6357e+05
-1.6358e+05
-1.6358e+05
-1.6359e+05
-1.6359e+05
-1.6362e+05
-1.6365e+05
-1.6366e+05
-1.6368e+05
-1.6368e+05
-1.637e+05
-1.637e+05
-1.637e+05
-1.637e+05
-1.6371e+05
-1.6373e+05
-1.6374e+05
-1.6374e+05
-1.6375e+05
-1.6376e+05
-1.6378e+05
-1.638e+05
-1.6381e+05
-1.6381e+05
-1.6381e+05
-1.6381e+05
-1.6382e+05
-1.6383e+05
-1.6384e+05
-1.6385e+05
-1.6385e+05
-1.6385e+05
-1.6386e+05
-1.6388e+05
-1.6388e+05
-1.6388e+05
-1.639e+05
-1.639e+05
-1.6391e+05
-1.6392e+05
-1.6392e+05
-1.6392e+05
-1.6393e+05
-1.6393e+05
-1.6393e+05
-1.6393e+05
-1.6394e+05
-1.6394e+05
-1.6395e+05
-1.6395e+05
-1.6396e+05
-1.6397e+05
-1.6397e+05
-1.6397e+05
-1.6399e+05
-1.6399e+05
-1.6399e+05
-1.64e+05
-1.64e+05
-1.6401e+05
-1.6401e+05
-1.6401e+05
-1.6402e+05
-1.6402e+05
-1.6402e+05
-1.6402e+05
-1.6405e+05
-1.6406e+05
-1.6406e+05
-1.6408e+05
-1.6408e+05
-1.6409e+05
-1.641e+05
-1.6411e+05
-1.6416e+05
-1.6418e+05
-1.6422e+05
-1.6422e+05
-1.6423e+05
-1.6427e+05
-1.6427e+05
-1.6429e+05
-1.6429e+05
-1.6429e+05
-1.643e+05
-1.6432e+05
-1.6432e+05
-1.6434e+05
-1.6434e+05
-1.6434e+05
-1.6435e+05
-1.6435e+05
-1.6436e+05
-1.6436e+05
-1.6437e+05
-1.6439e+05
-1.6439e+05
-1.6439e+05
-1.644e+05
-1.6441e+05
-1.6441e+05
-1.6442e+05
-1.6442e+05
-1.6443e+05
-1.6443e+05
-1.6446e+05
-1.6449e+05
-1.6449e+05
-1.6449e+05
-1.6449e+05
-1.645e+05
-1.645e+05
-1.645e+05
-1.6451e+05
-1.6451e+05
-1.6453e+05
-1.6454e+05
-1.6454e+05
-1.6454e+05
-1.6455e+05
-1.6456e+05
-1.6456e+05
-1.6458e+05
-1.6459e+05
-1.6459e+05
-1.6459e+05
-1.6459e+05
-1.6462e+05
-1.6462e+05
-1.6462e+05
-1.6463e+05
-1.6463e+05
-1.6463e+05
-1.6464e+05
-1.6464e+05
-1.6464e+05
-1.6465e+05
-1.6465e+05
-1.6465e+05
-1.6466e+05
-1.6466e+05
-1.6467e+05
-1.6467e+05
-1.6467e+05
-1.6469e+05
-1.647e+05
-1.647e+05
-1.647e+05
-1.6471e+05
-1.6471e+05
-1.6471e+05
-1.6471e+05
-1.6472e+05
-1.6472e+05
-1.6473e+05
-1.6475e+05
-1.6475e+05
-1.6476e+05
-1.648e+05
-1.6481e+05
-1.6482e+05
-1.6483e+05
-1.6483e+05
-1.6484e+05
-1.6486e+05
-1.6486e+05
-1.6486e+05
-1.6487e+05
-1.6487e+05
-1.6487e+05
-1.6489e+05
-1.649e+05
-1.649e+05
-1.6491e+05
-1.6491e+05
-1.6492e+05
-1.6492e+05
-1.6493e+05
-1.6493e+05
-1.6493e+05
-1.6496e+05
-1.6497e+05
-1.6499e+05
-1.6499e+05
-1.65e+05
-1.6501e+05
-1.6502e+05
-1.6502e+05
-1.6502e+05
-1.6503e+05
-1.6503e+05
-1.6504e+05
-1.6504e+05
-1.6504e+05
-1.6505e+05
-1.6505e+05
-1.6506e+05
-1.6507e+05
-1.6508e+05
-1.6508e+05
-1.6509e+05
-1.6512e+05
-1.6513e+05
-1.6514e+05
-1.6515e+05
-1.6516e+05
-1.6516e+05
-1.6516e+05
-1.6518e+05
-1.6518e+05
-1.6519e+05
-1.6519e+05
-1.652e+05
-1.6521e+05
-1.6522e+05
-1.6522e+05
-1.6523e+05
-1.6523e+05
-1.6525e+05
-1.6526e+05
-1.6527e+05
-1.6527e+05
-1.6529e+05
-1.6531e+05
-1.6532e+05
-1.6532e+05
-1.6534e+05
-1.6534e+05
-1.6537e+05
-1.6537e+05
-1.6538e+05
-1.6538e+05
-1.6538e+05
-1.6539e+05
-1.6539e+05
-1.654e+05
-1.6541e+05
-1.6542e+05
-1.6543e+05
-1.6543e+05
-1.6543e+05
-1.6544e+05
-1.6545e+05
-1.6545e+05
-1.6545e+05
-1.6545e+05
-1.6546e+05
-1.6547e+05
-1.6547e+05
-1.6547e+05
-1.6548e+05
-1.655e+05
-1.6551e+05
-1.6553e+05
-1.6553e+05
-1.6554e+05
-1.6554e+05
-1.6555e+05
-1.6555e+05
-1.6555e+05
-1.6555e+05
-1.6557e+05
-1.6558e+05
-1.6558e+05
-1.6558e+05
-1.656e+05
-1.656e+05
-1.6561e+05
-1.6561e+05
-1.6562e+05
-1.6565e+05
-1.6565e+05
-1.6568e+05
-1.6568e+05
-1.6569e+05
-1.657e+05
-1.6573e+05
-1.6573e+05
-1.6574e+05
-1.6574e+05
-1.6575e+05
-1.6576e+05
-1.6576e+05
-1.6577e+05
-1.6577e+05
-1.6578e+05
-1.6579e+05
-1.6581e+05
-1.6581e+05
-1.6581e+05
-1.6581e+05
-1.6582e+05
-1.6583e+05
-1.6586e+05
-1.6587e+05
-1.6588e+05
-1.6589e+05
-1.6589e+05
-1.6593e+05
-1.6593e+05
-1.6596e+05
-1.6597e+05
-1.6597e+05
-1.6597e+05
-1.6601e+05
-1.6602e+05
-1.6602e+05
-1.6602e+05
-1.6603e+05
-1.6608e+05
-1.6608e+05
-1.6609e+05
-1.6609e+05
-1.6609e+05
-1.661e+05
-1.6611e+05
-1.6611e+05
-1.6612e+05
-1.6613e+05
-1.6618e+05
-1.6621e+05
-1.6621e+05
-1.6622e+05
-1.6623e+05
-1.6624e+05
-1.6625e+05
-1.6628e+05
-1.6628e+05
-1.6629e+05
-1.663e+05
-1.6632e+05
-1.6632e+05
-1.6635e+05
-1.6635e+05
-1.6637e+05
-1.6638e+05
-1.6638e+05
-1.6639e+05
-1.6639e+05
-1.6641e+05
-1.6641e+05
-1.6643e+05
-1.6643e+05
-1.6644e+05
-1.6645e+05
-1.6646e+05
-1.6649e+05
-1.6649e+05
-1.6651e+05
-1.6652e+05
-1.6652e+05
-1.6653e+05
-1.6655e+05
-1.6655e+05
-1.6656e+05
-1.6657e+05
-1.6658e+05
-1.6658e+05
-1.6659e+05
-1.6661e+05
-1.6661e+05
-1.6661e+05
-1.6662e+05
-1.6663e+05
-1.6663e+05
-1.6664e+05
-1.6665e+05
-1.6665e+05
-1.6665e+05
-1.6665e+05
-1.6665e+05
-1.6667e+05
-1.6668e+05
-1.6668e+05
-1.6668e+05
-1.667e+05
-1.6673e+05
-1.6673e+05
-1.6674e+05
-1.6674e+05
-1.6674e+05
-1.6674e+05
-1.6674e+05
-1.6676e+05
-1.6676e+05
-1.6677e+05
-1.6677e+05
-1.6677e+05
-1.6679e+05
-1.6682e+05
-1.6682e+05
-1.6683e+05
-1.6684e+05
-1.6686e+05
-1.6687e+05
-1.6687e+05
-1.6687e+05
-1.6688e+05
-1.6689e+05
-1.6689e+05
-1.669e+05
-1.669e+05
-1.669e+05
-1.669e+05
-1.6692e+05
-1.6695e+05
-1.6695e+05
-1.6699e+05
-1.6699e+05
-1.6702e+05
-1.6703e+05
-1.6703e+05
-1.6705e+05
-1.6705e+05
-1.6706e+05
-1.6706e+05
-1.6708e+05
-1.6708e+05
-1.671e+05
-1.671e+05
-1.6712e+05
-1.6712e+05
-1.6712e+05
-1.6713e+05
-1.6715e+05
-1.6716e+05
-1.6716e+05
-1.6717e+05
-1.6719e+05
-1.6719e+05
-1.672e+05
-1.6724e+05
-1.6724e+05
-1.6726e+05
-1.6727e+05
-1.6727e+05
-1.6728e+05
-1.6729e+05
-1.6729e+05
-1.673e+05
-1.6731e+05
-1.6732e+05
-1.6733e+05
-1.6735e+05
-1.6735e+05
-1.6735e+05
-1.6736e+05
-1.6739e+05
-1.6739e+05
-1.6742e+05
-1.6742e+05
-1.6742e+05
-1.6745e+05
-1.6745e+05
-1.6746e+05
-1.6749e+05
-1.675e+05
-1.6751e+05
-1.6752e+05
-1.6754e+05
-1.6755e+05
-1.6756e+05
-1.6758e+05
-1.6759e+05
-1.676e+05
-1.6764e+05
-1.6765e+05
-1.6765e+05
-1.6767e+05
-1.6767e+05
-1.6768e+05
-1.6769e+05
-1.677e+05
-1.6772e+05
-1.6773e+05
-1.6775e+05
-1.6775e+05
-1.6776e+05
-1.6777e+05
-1.6777e+05
-1.6778e+05
-1.6782e+05
-1.6783e+05
-1.6783e+05
-1.6786e+05
-1.6789e+05
-1.6791e+05
-1.6793e+05
-1.6795e+05
-1.6797e+05
-1.6798e+05
-1.6798e+05
-1.6799e+05
-1.6799e+05
-1.68e+05
-1.6803e+05
-1.6803e+05
-1.6805e+05
-1.6806e+05
-1.6807e+05
-1.6808e+05
-1.6809e+05
-1.681e+05
-1.681e+05
-1.681e+05
-1.6811e+05
-1.6813e+05
-1.6813e+05
-1.6813e+05
-1.6816e+05
-1.6817e+05
-1.6818e+05
-1.6818e+05
-1.6819e+05
-1.6819e+05
-1.6821e+05
-1.6822e+05
-1.6822e+05
-1.6823e+05
-1.6824e+05
-1.6825e+05
-1.6825e+05
-1.6825e+05
-1.6828e+05
-1.683e+05
-1.683e+05
-1.6831e+05
-1.6832e+05
-1.6832e+05
-1.6833e+05
-1.6835e+05
-1.6836e+05
-1.6836e+05
-1.6838e+05
-1.6839e+05
-1.684e+05
-1.684e+05
-1.6842e+05
-1.6842e+05
-1.6845e+05
-1.6846e+05
-1.6847e+05
-1.6848e+05
-1.6849e+05
-1.6852e+05
-1.6853e+05
-1.6855e+05
-1.6856e+05
-1.6858e+05
-1.6858e+05
-1.6858e+05
-1.6858e+05
-1.686e+05
-1.686e+05
-1.686e+05
-1.6861e+05
-1.6863e+05
-1.6863e+05
-1.6863e+05
-1.6865e+05
-1.6869e+05
-1.687e+05
-1.6871e+05
-1.6872e+05
-1.6873e+05
-1.6874e+05
-1.6875e+05
-1.6876e+05
-1.6879e+05
-1.6881e+05
-1.6881e+05
-1.6882e+05
-1.6883e+05
-1.6884e+05
-1.6885e+05
-1.6886e+05
-1.6886e+05
-1.6886e+05
-1.6888e+05
-1.6889e+05
-1.6889e+05
-1.689e+05
-1.6891e+05
-1.6894e+05
-1.6896e+05
-1.6898e+05
-1.6899e+05
-1.69e+05
-1.6904e+05
-1.6907e+05
-1.6909e+05
-1.691e+05
-1.691e+05
-1.6911e+05
-1.6912e+05
-1.6912e+05
-1.6913e+05
-1.6914e+05
-1.6918e+05
-1.6918e+05
-1.6918e+05
-1.6918e+05
-1.6919e+05
-1.6919e+05
-1.6919e+05
-1.692e+05
-1.6921e+05
-1.6923e+05
-1.6925e+05
-1.6927e+05
-1.6928e+05
-1.6929e+05
-1.693e+05
-1.6931e+05
-1.6932e+05
-1.6932e+05
-1.6933e+05
-1.6933e+05
-1.6934e+05
-1.6934e+05
-1.6934e+05
-1.6934e+05
-1.6935e+05
-1.6936e+05
-1.6936e+05
-1.6936e+05
-1.6938e+05
-1.6939e+05
-1.694e+05
-1.6943e+05
-1.6943e+05
-1.6943e+05
-1.6944e+05
-1.6945e+05
-1.6946e+05
-1.6946e+05
-1.6948e+05
-1.6949e+05
-1.6949e+05
-1.6952e+05
-1.6954e+05
-1.6954e+05
-1.6955e+05
-1.6956e+05
-1.6958e+05
-1.6958e+05
-1.6961e+05
-1.6961e+05
-1.6962e+05
-1.6963e+05
-1.6964e+05
-1.6964e+05
-1.6965e+05
-1.6967e+05
-1.6968e+05
-1.697e+05
-1.697e+05
-1.697e+05
-1.6972e+05
-1.6973e+05
-1.6973e+05
-1.6974e+05
-1.6974e+05
-1.6976e+05
-1.6977e+05
-1.6979e+05
-1.6979e+05
-1.698e+05
-1.6981e+05
-1.6983e+05
-1.6984e+05
-1.6986e+05
-1.6987e+05
-1.6988e+05
-1.699e+05
-1.6992e+05
-1.6992e+05
-1.6992e+05
-1.6993e+05
-1.6995e+05
-1.6995e+05
-1.6995e+05
-1.6996e+05
-1.6997e+05
-1.6997e+05
-1.6999e+05
-1.7e+05
-1.7001e+05
-1.7002e+05
-1.7003e+05
-1.7006e+05
-1.7007e+05
-1.7009e+05
-1.7009e+05
-1.701e+05
-1.7013e+05
-1.7013e+05
-1.7014e+05
-1.7014e+05
-1.7016e+05
-1.7018e+05
-1.7022e+05
-1.7024e+05
-1.7026e+05
-1.7027e+05
-1.7029e+05
-1.703e+05
-1.703e+05
-1.703e+05
-1.7034e+05
-1.7034e+05
-1.7036e+05
-1.7037e+05
-1.7038e+05
-1.7038e+05
-1.704e+05
-1.704e+05
-1.704e+05
-1.7045e+05
-1.7045e+05
-1.7048e+05
-1.7048e+05
-1.7049e+05
-1.7051e+05
-1.7052e+05
-1.7053e+05
-1.7053e+05
-1.7053e+05
-1.7053e+05
-1.7055e+05
-1.7056e+05
-1.7058e+05
-1.7059e+05
-1.7062e+05
-1.7062e+05
-1.7066e+05
-1.7066e+05
-1.7067e+05
-1.7067e+05
-1.7069e+05
-1.7071e+05
-1.7071e+05
-1.7071e+05
-1.7072e+05
-1.7072e+05
-1.7074e+05
-1.7074e+05
-1.7075e+05
-1.7076e+05
-1.7076e+05
-1.7078e+05
-1.7078e+05
-1.708e+05
-1.7085e+05
-1.7088e+05
-1.709e+05
-1.709e+05
-1.709e+05
-1.7091e+05
-1.7091e+05
-1.7092e+05
-1.7093e+05
-1.7094e+05
-1.7096e+05
-1.7097e+05
-1.7097e+05
-1.71e+05
-1.7102e+05
-1.7102e+05
-1.7105e+05
-1.7106e+05
-1.7108e+05
-1.7109e+05
-1.7111e+05
-1.7112e+05
-1.7112e+05
-1.7113e+05
-1.7113e+05
-1.7113e+05
-1.7114e+05
-1.7118e+05
-1.7119e+05
-1.712e+05
-1.7123e+05
-1.7123e+05
-1.7123e+05
-1.7123e+05
-1.7123e+05
-1.7124e+05
-1.7125e+05
-1.7125e+05
-1.7126e+05
-1.713e+05
-1.7131e+05
-1.7132e+05
-1.7133e+05
-1.7134e+05
-1.7136e+05
-1.7137e+05
-1.7137e+05
-1.7137e+05
-1.7138e+05
-1.7138e+05
-1.7138e+05
-1.7138e+05
-1.714e+05
-1.714e+05
-1.7143e+05
-1.7144e+05
-1.7145e+05
-1.7146e+05
-1.7146e+05
-1.7147e+05
-1.7147e+05
-1.7148e+05
-1.7148e+05
-1.7149e+05
-1.715e+05
-1.7151e+05
-1.7152e+05
-1.7153e+05
-1.7153e+05
-1.7155e+05
-1.7157e+05
-1.7157e+05
-1.7159e+05
-1.7161e+05
-1.7161e+05
-1.7162e+05
-1.7163e+05
-1.7163e+05
-1.7166e+05
-1.7168e+05
-1.717e+05
-1.7171e+05
-1.7172e+05
-1.7173e+05
-1.7178e+05
-1.7178e+05
-1.7178e+05
-1.718e+05
-1.7188e+05
-1.7189e+05
-1.719e+05
-1.7191e+05
-1.7192e+05
-1.7193e+05
-1.7194e+05
-1.7195e+05
-1.7195e+05
-1.7196e+05
-1.7197e+05
-1.7197e+05
-1.7198e+05
-1.7199e+05
-1.7201e+05
-1.7205e+05
-1.7205e+05
-1.7205e+05
-1.7207e+05
-1.7207e+05
-1.7209e+05
-1.7211e+05
-1.7211e+05
-1.7212e+05
-1.7212e+05
-1.7213e+05
-1.7213e+05
-1.7214e+05
-1.7215e+05
-1.7218e+05
-1.7223e+05
-1.7223e+05
-1.7225e+05
-1.7225e+05
-1.7227e+05
-1.7227e+05
-1.7229e+05
-1.7229e+05
-1.723e+05
-1.7231e+05
-1.7231e+05
-1.7231e+05
-1.7232e+05
-1.7233e+05
-1.7236e+05
-1.7236e+05
-1.7237e+05
-1.7238e+05
-1.7238e+05
-1.7241e+05
-1.7241e+05
-1.7244e+05
-1.7245e+05
-1.7246e+05
-1.7247e+05
-1.7247e+05
-1.7252e+05
-1.7252e+05
-1.7252e+05
-1.7252e+05
-1.7255e+05
-1.7257e+05
-1.7257e+05
-1.7258e+05
-1.726e+05
-1.7261e+05
-1.7262e+05
-1.7262e+05
-1.7263e+05
-1.7263e+05
-1.7265e+05
-1.7265e+05
-1.7269e+05
-1.727e+05
-1.727e+05
-1.7273e+05
-1.7273e+05
-1.7274e+05
-1.7275e+05
-1.7275e+05
-1.7276e+05
-1.7278e+05
-1.728e+05
-1.728e+05
-1.7281e+05
-1.7282e+05
-1.7283e+05
-1.7284e+05
-1.7285e+05
-1.7285e+05
-1.7287e+05
-1.7287e+05
-1.7288e+05
-1.7288e+05
-1.7288e+05
-1.7291e+05
-1.7291e+05
-1.7293e+05
-1.7294e+05
-1.7295e+05
-1.7296e+05
-1.7297e+05
-1.7297e+05
-1.7297e+05
-1.7298e+05
-1.7299e+05
-1.73e+05
-1.7301e+05
-1.7302e+05
-1.7305e+05
-1.7305e+05
-1.7307e+05
-1.7307e+05
-1.7308e+05
-1.7309e+05
-1.7311e+05
-1.7311e+05
-1.7312e+05
-1.7314e+05
-1.7314e+05
-1.7315e+05
-1.7317e+05
-1.7317e+05
-1.7317e+05
-1.7318e+05
-1.7321e+05
-1.7322e+05
-1.7323e+05
-1.7325e+05
-1.7327e+05
-1.7329e+05
-1.733e+05
-1.733e+05
-1.733e+05
-1.7331e+05
-1.7332e+05
-1.7333e+05
-1.7333e+05
-1.7334e+05
-1.7335e+05
-1.7337e+05
-1.7339e+05
-1.7339e+05
-1.734e+05
-1.7341e+05
-1.7343e+05
-1.7345e+05
-1.7345e+05
-1.7346e+05
-1.7347e+05
-1.7348e+05
-1.735e+05
-1.735e+05
-1.7351e+05
-1.7356e+05
-1.7358e+05
-1.7358e+05
-1.7358e+05
-1.7359e+05
-1.736e+05
-1.7361e+05
-1.7363e+05
-1.7365e+05
-1.7366e+05
-1.7366e+05
-1.7366e+05
-1.7369e+05
-1.737e+05
-1.7372e+05
-1.7375e+05
-1.7376e+05
-1.7377e+05
-1.7377e+05
-1.7378e+05
-1.738e+05
-1.7384e+05
-1.7385e+05
-1.7386e+05
-1.7388e+05
-1.7388e+05
-1.7389e+05
-1.739e+05
-1.7392e+05
-1.7392e+05
-1.7393e+05
-1.7398e+05
-1.7401e+05
-1.7402e+05
-1.7402e+05
-1.7402e+05
-1.7404e+05
-1.7406e+05
-1.7407e+05
-1.7408e+05
-1.7408e+05
-1.7409e+05
-1.741e+05
-1.7411e+05
-1.7412e+05
-1.7413e+05
-1.7413e+05
-1.7413e+05
-1.7415e+05
-1.7415e+05
-1.7415e+05
-1.7416e+05
-1.7416e+05
-1.7417e+05
-1.7418e+05
-1.7421e+05
-1.7424e+05
-1.7424e+05
-1.7426e+05
-1.7426e+05
-1.7428e+05
-1.7429e+05
-1.7432e+05
-1.7434e+05
-1.7435e+05
-1.7437e+05
-1.744e+05
-1.7441e+05
-1.7442e+05
-1.7442e+05
-1.7442e+05
-1.7443e+05
-1.7444e+05
-1.7445e+05
-1.7446e+05
-1.7446e+05
-1.7448e+05
-1.745e+05
-1.7451e+05
-1.7453e+05
-1.7454e+05
-1.7458e+05
-1.7459e+05
-1.7461e+05
-1.7462e+05
-1.7462e+05
-1.7466e+05
-1.7467e+05
-1.7469e+05
-1.7471e+05
-1.7472e+05
-1.7474e+05
-1.7475e+05
-1.7479e+05
-1.748e+05
-1.748e+05
-1.7482e+05
-1.7482e+05
-1.7483e+05
-1.7485e+05
-1.7486e+05
-1.7486e+05
-1.7486e+05
-1.7487e+05
-1.7487e+05
-1.7488e+05
-1.749e+05
-1.7491e+05
-1.7491e+05
-1.7492e+05
-1.7492e+05
-1.7495e+05
-1.7496e+05
-1.7496e+05
-1.75e+05
-1.75e+05
-1.7502e+05
-1.7503e+05
-1.7505e+05
-1.7506e+05
-1.7507e+05
-1.7507e+05
-1.7507e+05
-1.7507e+05
-1.7511e+05
-1.7513e+05
-1.7515e+05
-1.7516e+05
-1.7517e+05
-1.7517e+05
-1.7523e+05
-1.7527e+05
-1.7528e+05
-1.7528e+05
-1.7531e+05
-1.7531e+05
-1.7531e+05
-1.7534e+05
-1.7534e+05
-1.7535e+05
-1.7536e+05
-1.7537e+05
-1.7541e+05
-1.7542e+05
-1.7544e+05
-1.7544e+05
-1.7547e+05
-1.755e+05
-1.755e+05
-1.755e+05
-1.755e+05
-1.7551e+05
-1.7552e+05
-1.7552e+05
-1.7555e+05
-1.7555e+05
-1.7555e+05
-1.7558e+05
-1.7558e+05
-1.7559e+05
-1.756e+05
-1.756e+05
-1.756e+05
-1.7563e+05
-1.7564e+05
-1.7564e+05
-1.7564e+05
-1.7568e+05
-1.7572e+05
-1.7573e+05
-1.7574e+05
-1.7574e+05
-1.7575e+05
-1.7575e+05
-1.7576e+05
-1.7578e+05
-1.7578e+05
-1.7582e+05
-1.7582e+05
-1.7584e+05
-1.7584e+05
-1.7586e+05
-1.7586e+05
-1.7588e+05
-1.7588e+05
-1.759e+05
-1.7591e+05
-1.7591e+05
-1.7592e+05
-1.7594e+05
-1.7594e+05
-1.7598e+05
-1.76e+05
-1.7601e+05
-1.7602e+05
-1.7603e+05
-1.7605e+05
-1.7606e+05
-1.7606e+05
-1.7608e+05
-1.761e+05
-1.761e+05
-1.7618e+05
-1.7619e+05
-1.7619e+05
-1.7622e+05
-1.7623e+05
-1.7623e+05
-1.7625e+05
-1.7625e+05
-1.7626e+05
-1.7626e+05
-1.7627e+05
-1.763e+05
-1.763e+05
-1.7632e+05
-1.7633e+05
-1.7633e+05
-1.764e+05
-1.7642e+05
-1.7643e+05
-1.7648e+05
-1.7654e+05
-1.7654e+05
-1.7655e+05
-1.7659e+05
-1.766e+05
-1.766e+05
-1.7662e+05
-1.7662e+05
-1.7662e+05
-1.7664e+05
-1.7665e+05
-1.7667e+05
-1.7668e+05
-1.7668e+05
-1.767e+05
-1.767e+05
-1.7673e+05
-1.7674e+05
-1.7677e+05
-1.7679e+05
-1.7683e+05
-1.7684e+05
-1.7685e+05
-1.7687e+05
-1.7688e+05
-1.769e+05
-1.769e+05
-1.7691e+05
-1.7692e+05
-1.7694e+05
-1.7697e+05
-1.77e+05
-1.77e+05
-1.7702e+05
-1.7705e+05
-1.7706e+05
-1.7708e+05
-1.7708e+05
-1.7709e+05
-1.771e+05
-1.7711e+05
-1.7711e+05
-1.7711e+05
-1.7712e+05
-1.7714e+05
