-696.25
-769.94
-839.51
-905.49
-1053.8
-1055.3
-1155.2
-1196.1
-1200.7
-1223.4
-1231.6
-1264.3
-1293.3
-1297.8
-1330.9
-1388.1
-1398.9
-1448.3
-1557.5
-1573.8
-1580.7
-1598.7
-1625.9
-1676.8
-1679.1
-1682
-1702.4
-1725.5
-1732.7
-1744.8
-1754.7
-1758.4
-1763.2
-1767.3
-1781.3
-1801.1
-1810.1
-1823.9
-1871.6
-1885.2
-1905.7
-1908.7
-1914
-1922.6
-1928.4
-1928.5
-1931.7
-1932.3
-1932.9
-1932.9
-1945.9
-1959.2
-1972.1
-2026.4
-2070.5
-2095.9
-2101.2
-2102.4
-2109.6
-2114.7
-2127.1
-2132.2
-2136
-2145.1
-2150.4
-2151.7
-2155.8
-2162.3
-2178.7
-2185.6
-2190.4
-2196
-2199.5
-2202.2
-2202.5
-2203
-2207.5
-2216
-2222.7
-2241.3
-2243.3
-2244.2
-2256.1
-2263.6
-2277.3
-2280.8
-2286.8
-2287.8
-2292.4
-2298.4
-2314.4
-2314.9
-2323.8
-2327.2
-2340.5
-2368.4
-2375.7
-2388.5
-2391.2
-2392.7
-2401
-2402.4
-2405.6
-2409.3
-2416.9
-2419.2
-2424.2
-2430.2
-2433.2
-2442
-2448.1
-2454
-2466.7
-2486.1
-2495.8
-2499.9
-2504.5
-2524.1
-2565
-2574.2
-2575.6
-2578.8
-2584.2
-2589.2
-2595.3
-2595.9
-2602.2
-2606
-2617.3
-2621.7
-2624.5
-2632.6
-2646.9
-2647
-2655.8
-2659.3
-2659.4
-2664.9
-2668.4
-2671
-2672.8
-2679.5
-2684
-2687.9
-2697.3
-2698
-2703.4
-2707.5
-2713
-2714.9
-2716.2
-2748.3
-2762.4
-2770.7
-2772.3
-2779.9
-2784.5
-2784.7
-2786.7
-2798.9
-2811.3
-2821.8
-2824.4
-2831
-2837.1
-2840.5
-2845.6
-2858.3
-2863.4
-2897.2
-2909.5
-2916.2
-2919.5
-2922.1
-2931.1
-2935.2
-2948.2
-2964.7
-2966.9
-2971.6
-2974.3
-2977.7
-2991.4
-2998
-2998.8
-3015.9
-3017.8
-3023.9
-3028.4
-3039.9
-3041.3
-3046
-3046.4
-3064.3
-3065.9
-3068.4
-3076.5
-3079.5
-3083
-3085.4
-3091.5
-3093.9
-3095.3
-3097.9
-3110.9
-3123.8
-3128.1
-3137
-3140.3
-3145.4
-3151.6
-3155.3
-3161.1
-3163.2
-3183
-3191.3
-3193.2
-3196.1
-3222.5
-3242.4
-3247.3
-3247.3
-3254.7
-3254.9
-3256.1
-3259.1
-3276.8
-3278.6
-3297.6
-3301.6
-3306.4
-3307.4
-3310.8
-3316
-3325.1
-3327.1
-3330.6
-3332.3
-3347.9
-3348
-3375.1
-3376.5
-3390.9
-3395.5
-3397
-3398.2
-3405.8
-3408.6
-3428.3
-3438.1
-3440.4
-3443.7
-3460.4
-3462
-3466.1
-3467
-3470.4
-3478.3
-3481.1
-3485.1
-3489.3
-3493
-3496.3
-3516.4
-3518.6
-3524.8
-3534.5
-3538.2
-3544.7
-3545.5
-3549.6
-3553.1
-3558.4
-3562.3
-3574.7
-3586.9
-3587.2
-3594.1
-3602.1
-3604.1
-3606.9
-3609
-3610.2
-3611.4
-3612.7
-3617.4
-3619.5
-3626.3
-3629.4
-3633.7
-3637.3
-3649.5
-3654.4
-3658.2
-3672.2
-3675.2
-3708.2
-3714.3
-3738.8
-3746.4
-3756.4
-3756.8
-3758.2
-3761.2
-3781.4
-3783.7
-3786.7
-3787.2
-3789
-3791.3
-3799.8
-3801.9
-3803.3
-3805.9
-3811.8
-3821
-3823.2
-3833.9
-3843.6
-3845.3
-3851.5
-3861.8
-3871.9
-3874.1
-3881.8
-3896.5
-3915.5
-3922.8
-3923.6
-3933
-3934.1
-3952.5
-3971
-3981.2
-3982.2
-3991.2
-3992.2
-3994.8
-4002
-4003.3
-4004.4
-4004.9
-4011.6
-4014.5
-4017
-4034.7
-4037.8
-4037.8
-4044.9
-4058.2
-4061.3
-4063.2
-4080.5
-4087.6
-4088
-4095.8
-4107.4
-4107.5
-4116.2
-4130.3
-4131.6
-4140.4
-4141.4
-4142.4
-4153.1
-4161.5
-4161.9
-4165.2
-4185.1
-4195.9
-4195.9
-4206.4
-4220.8
-4225.4
-4237.4
-4246.7
-4247.1
-4253.1
-4263
-4268.5
-4282.4
-4289
-4289.7
-4290.6
-4291.5
-4294.9
-4305.4
-4314
-4314.5
-4320.9
-4328.1
-4343.8
-4349.3
-4358.9
-4376.7
-4379.4
-4383.2
-4401.2
-4402.7
-4406.4
-4409.3
-4411.9
-4418.6
-4438.8
-4455.4
-4457.3
-4459.7
-4463.9
-4474.3
-4474.6
-4483.1
-4511.7
-4513.3
-4526.1
-4527.7
-4537.1
-4542.7
-4555.2
-4559.4
-4561
-4564.9
-4565.1
-4584.2
-4586.2
-4608.3
-4623.9
-4625.1
-4625.1
-4629.6
-4633.3
-4648.7
-4649.3
-4657.6
-4659.2
-4670.3
-4689.9
-4693.9
-4695.5
-4695.6
-4697.8
-4702.8
-4708.5
-4713.5
-4731.2
-4732.3
-4740.3
-4743.1
-4749.5
-4754.6
-4756
-4762.2
-4768.2
-4770.5
-4774.5
-4785.2
-4790.5
-4800.1
-4807.6
-4807.7
-4808.2
-4810.1
-4819.9
-4827.3
-4828.8
-4829.2
-4833.4
-4833.5
-4834.1
-4837.6
-4843.7
-4844.2
-4855.1
-4855.1
-4858.4
-4865.7
-4872.2
-4873
-4874.1
-4877.3
-4878.2
-4883.6
-4886.7
-4891.3
-4901.8
-4909.7
-4916.4
-4923.9
-4927
-4928.4
-4935
-4940.7
-4972.3
-4978.1
-4994.8
-5006.1
-5024.4
-5026.1
-5029.1
-5034.9
-5037.8
-5043.6
-5061
-5065.6
-5067.4
-5068.8
-5071.3
-5077.6
-5083
-5093.9
-5110.9
-5112.3
-5115.5
-5127.8
-5128.6
-5130.9
-5138
-5138.3
-5143.8
-5145
-5145.8
-5152.2
-5178
-5180
-5187.4
-5188.2
-5204.6
-5210
-5212.3
-5219.6
-5222
-5240.8
-5247.6
-5248.6
-5250.7
-5259.5
-5282.9
-5288.4
-5298.7
-5315.7
-5315.9
-5321.2
-5322.6
-5324.1
-5338.2
-5357.6
-5363.9
-5370.6
-5373.8
-5374.8
-5379.5
-5384
-5387.1
-5388.3
-5392.3
-5393.2
-5397.4
-5402.6
-5409
-5411.1
-5416.3
-5418.1
-5424
-5427.5
-5433.1
-5471.8
-5476.5
-5478.6
-5480.2
-5485.8
-5495.4
-5501.1
-5505.9
-5506.4
-5516.3
-5538.4
-5539.6
-5542.8
-5551.2
-5556.9
-5570.7
-5575.7
-5579.5
-5582
-5604.8
-5611.8
-5613.6
-5617.9
-5621
-5628.9
-5635.9
-5636.1
-5636.7
-5657.2
-5681.7
-5688.5
-5692
-5693.8
-5695.2
-5702.2
-5715.7
-5717.1
-5719.7
-5726.2
-5734.4
-5736
-5739.4
-5745.9
-5767.6
-5778.1
-5786.6
-5787.8
-5788.7
-5788.7
-5791.9
-5793.7
-5797.1
-5798.2
-5798.7
-5803.9
-5807.7
-5827.8
-5834.7
-5850.4
-5854.8
-5857.4
-5859.2
-5865
-5867.3
-5873.7
-5881.2
-5887.4
-5888.2
-5896.1
-5897
-5911.3
-5912.6
-5913.5
-5915.5
-5916.3
-5917.5
-5927.8
-5938.4
-5944.8
-5959.8
-5964.2
-5964.2
-5964.6
-5964.7
-5970
-5973.3
-5975.8
-5977.3
-5979.7
-5984
-5993.2
-5993.7
-6009.2
-6009.9
-6019.2
-6019.7
-6019.8
-6024.1
-6036.9
-6040
-6050.6
-6063.2
-6068.9
-6069.3
-6069.7
-6075.1
-6075.8
-6075.9
-6095.6
-6110.1
-6114.1
-6116.8
-6119.4
-6120.7
-6123
-6125.4
-6135.8
-6140.6
-6145.5
-6150.8
-6151.8
-6156
-6158.4
-6160.3
-6166
-6176.5
-6189.8
-6192
-6204.6
-6205.8
-6218.6
-6219
-6222.6
-6227.6
-6233.1
-6238.6
-6243.6
-6244.9
-6248.3
-6254.2
-6254.9
-6260.2
-6266.1
-6274.5
-6275.8
-6278.6
-6296.7
-6298.4
-6311.8
-6316.8
-6319.8
-6330.4
-6337.2
-6344.8
-6346.9
-6346.9
-6349.5
-6354.5
-6358.5
-6366.4
-6376.1
-6380.5
-6397.5
-6397.9
-6417.7
-6425.4
-6426.7
-6428.6
-6438.7
-6446.3
-6446.4
-6447.7
-6455.6
-6457.4
-6463.6
-6478.7
-6481.3
-6487.1
-6495.8
-6499.6
-6502.1
-6505.7
-6514.5
-6520
-6524.5
-6530.6
-6532.5
-6532.9
-6533.4
-6535
-6535
-6536.7
-6542.3
-6542.7
-6566.3
-6579.9
-6582.3
-6585.6
-6586.9
-6587.2
-6589.6
-6596.5
-6601.2
-6601.8
-6602.7
-6629
-6631.1
-6636.5
-6637.5
-6640.3
-6649.5
-6656.1
-6660.4
-6682.4
-6696.3
-6702.1
-6705
-6725.4
-6736.6
-6739.2
-6750.1
-6762.8
-6773.8
-6774.4
-6801.8
-6804.5
-6809.8
-6814.7
-6835.6
-6841.9
-6842
-6843.7
-6853.6
-6859.9
-6866.3
-6868.6
-6869.3
-6870.9
-6892.9
-6896.8
-6906.6
-6917.4
-6919.5
-6943.5
-6951.4
-6956.1
-6971.7
-6972.3
-6979.4
-6985.9
-6992
-6995.1
-6996.5
-6998.5
-7004.6
-7022.3
-7025
-7026.2
-7039.8
-7041.2
-7046
-7064.6
-7067.3
-7067.7
-7076
-7085.7
-7088.8
-7092.9
-7094.6
-7095.2
-7096.3
-7149.4
-7161.7
-7169.4
-7172
-7180
-7200
-7200.4
-7223.1
-7224.3
-7235.2
-7252.5
-7253.5
-7258.3
-7259
-7260.1
-7263.6
-7264.1
-7270.1
-7273.1
-7289.3
-7290.7
-7292.9
-7293.3
-7303.8
-7310.5
-7312.5
-7319
-7325.8
-7325.9
-7335.4
-7337.8
-7341.8
-7343.5
-7345.6
-7348.4
-7351.3
-7370.4
-7386.2
-7387.9
-7393.3
-7393.7
-7399.3
-7406
-7406.6
-7414.1
-7417.1
-7419.5
-7420
-7421.1
-7426.2
-7435.5
-7447.3
-7449.7
-7463.2
-7464.6
-7471.7
-7473.4
-7474.5
-7477
-7486.6
-7492.4
-7517.1
-7519.8
-7541.9
-7545.5
-7549.5
-7555.8
-7555.9
-7561.2
-7570.1
-7572.4
-7589.8
-7590.9
-7591.5
-7601.7
-7609.2
-7619.7
-7630.7
-7644.3
-7649.3
-7654.9
-7663.7
-7665.3
-7672.2
-7674.5
-7676.8
-7684.3
-7691.5
-7707.1
-7711.1
-7712.1
-7714.3
-7716.6
-7728.2
-7732.2
-7737.3
-7742.8
-7748.6
-7759.2
-7761.8
-7762.9
-7763.4
-7766.3
-7773.3
-7774.9
-7786.2
-7790.6
-7790.7
-7798.2
-7805.3
-7807.7
-7810.9
-7811.5
-7811.9
-7814
-7816.4
-7820.4
-7821.2
-7837
-7843.4
-7872.9
-7872.9
-7882.9
-7884.5
-7894.2
-7903.1
-7906.1
-7909.4
-7909.8
-7911.6
-7921.5
-7927.5
-7927.8
-7935.6
-7948.1
-7952.3
-7955.6
-7958.5
-7966.4
-7976.7
-7983.8
-7984.4
-7995.2
-7997.6
-8002.1
-8009.9
-8010
-8017.1
-8024.3
-8028.2
-8030.1
-8037.9
-8039
-8039.4
-8045.4
-8046
-8047
-8047.8
-8052
-8053.4
-8055.6
-8061.9
-8068.2
-8089.8
-8096.1
-8098.8
-8101.1
-8114.5
-8119.7
-8120.5
-8124.1
-8128.2
-8128.8
-8129.7
-8132.2
-8147.6
-8150.9
-8151.4
-8155.3
-8160.1
-8167.6
-8168.4
-8173.4
-8175.4
-8176.2
-8181.3
-8182.9
-8186.4
-8186.8
-8188.9
-8190.9
-8196.6
-8199.8
-8212.5
-8216.1
-8220.4
-8222
-8225.8
-8236.9
-8239
-8240.6
-8243.9
-8255.9
-8263
-8266.1
-8283.6
-8284.9
-8286.5
-8302.5
-8310.6
-8320
-8320.6
-8321.2
-8332.8
-8333.8
-8340.6
-8351.9
-8355.2
-8355.5
-8359.8
-8373.3
-8382.8
-8386.9
-8392
-8396.5
-8398.8
-8403.5
-8405.5
-8416.2
-8418.7
-8426.3
-8427.1
-8427.8
-8427.9
-8430.3
-8431
-8434.2
-8437.9
-8439
-8440.2
-8443.2
-8443.3
-8450.5
-8461.5
-8464.3
-8465.7
-8468.6
-8475
-8480.6
-8480.8
-8486
-8487.3
-8491.7
-8494.2
-8495.3
-8506.9
-8509.9
-8523.2
-8531.7
-8535.5
-8537.4
-8541.5
-8546.7
-8551.8
-8551.9
-8558.2
-8558.9
-8564.1
-8571.8
-8577.1
-8581.2
-8585.1
-8588.6
-8589.2
-8593.6
-8602
-8612.4
-8620.6
-8625.3
-8625.7
-8626
-8627.9
-8632.1
-8671.5
-8679.1
-8700.5
-8701.6
-8704.4
-8705.9
-8711.3
-8714.7
-8715
-8725.4
-8727.9
-8730.7
-8735.7
-8736.9
-8737
-8739.4
-8742.1
-8752.8
-8761.6
-8763.6
-8764
-8766.5
-8773.4
-8777.5
-8778.8
-8784.2
-8785
-8785.6
-8787.6
-8792.8
-8806.7
-8809.6
-8811.7
-8813
-8822.4
-8827
-8836.8
-8846.1
-8857.7
-8864.8
-8866.5
-8871.1
-8871.9
-8874
-8876.5
-8877.3
-8884.2
-8885.8
-8887.3
-8899.3
-8900.6
-8903.9
-8915.3
-8916.7
-8920.2
-8921.8
-8928.2
-8934.4
-8936.2
-8939.4
-8952.1
-8952.3
-8953.3
-8958.8
-8959
-8963.9
-8965.6
-8967.5
-8980.1
-8991.2
-9003.3
-9005.4
-9009.9
-9023.3
-9039.3
-9043.3
-9047.9
-9050.9
-9051.9
-9059.2
-9061
-9079.9
-9081.3
-9090.8
-9092.5
-9093.2
-9107.1
-9116.7
-9125.8
-9130.3
-9132
-9133.5
-9137.9
-9142.5
-9154.2
-9157.9
-9180.9
-9182.5
-9182.7
-9183.9
-9187.2
-9188.9
-9195.9
-9198.3
-9202.6
-9203.7
-9205.9
-9213.1
-9213.3
-9218.3
-9225.1
-9226.3
-9230.4
-9235.7
-9236.7
-9261
-9273.8
-9275
-9281.2
-9284.4
-9298.1
-9299.1
-9302.6
-9304.3
-9309
-9315.3
-9317.2
-9321.8
-9328.9
-9333.3
-9341.2
-9351.1
-9360.9
-9365.1
-9373
-9375.9
-9377.2
-9378.1
-9388.3
-9402.2
-9403.5
-9406.6
-9416.6
-9422.3
-9426.2
-9430
-9433.1
-9436.2
-9439.7
-9442.4
-9443.6
-9455.3
-9459.4
-9469.3
-9473.8
-9479.7
-9482.8
-9483.9
-9496.6
-9499.5
-9510.6
-9526.4
-9527.4
-9538.5
-9549.9
-9559.3
-9564.7
-9565.7
-9569.3
-9576.5
-9577
-9592.4
-9597.5
-9606.4
-9610.7
-9615.3
-9620.8
-9631.7
-9634.5
-9635.5
-9635.5
-9637.2
-9640
-9640.6
-9641.4
-9641.7
-9643.7
-9654.7
-9656.4
-9657.8
-9672.2
-9676.9
-9686.7
-9687.2
-9708.9
-9719.3
-9719.4
-9722
-9726.1
-9727.8
-9736
-9751.4
-9756.5
-9759.9
-9769.6
-9772.3
-9791.4
-9792.9
-9795.5
-9796
-9797.5
-9810.6
-9811.5
-9813
-9816.8
-9816.9
-9821.5
-9822.3
-9831.9
-9841.8
-9844.1
-9848.3
-9852.4
-9857.5
-9862.4
-9868.1
-9881.3
-9882.4
-9884.2
-9885.3
-9886.4
-9886.9
-9895
-9896.7
-9898.7
-9899.3
-9903.4
-9903.4
-9907.4
-9913.6
-9914.1
-9914.5
-9915.8
-9923.8
-9928.7
-9929.5
-9929.8
-9933.5
-9933.5
-9935.2
-9941
-9948.1
-9949.3
-9955.6
-9956.5
-9959.9
-9960.8
-9966.7
-9968.4
-9970.8
-9974.8
-9980.6
-9988.7
-9989.1
-9991.5
-9993.5
-9995.7
-9998.9
-9999.2
-9999.6
-10002
-10003
-10005
-10011
-10021
-10023
-10036
-10037
-10037
-10043
-10049
-10055
-10062
-10071
-10086
-10091
-10092
-10096
-10100
-10103
-10104
-10107
-10115
-10122
-10126
-10131
-10132
-10132
-10134
-10137
-10139
-10142
-10144
-10145
-10146
-10146
-10153
-10155
-10160
-10160
-10160
-10162
-10167
-10171
-10177
-10180
-10192
-10192
-10194
-10206
-10207
-10210
-10210
-10211
-10218
-10224
-10226
-10228
-10234
-10241
-10243
-10245
-10252
-10260
-10264
-10268
-10270
-10279
-10286
-10287
-10288
-10290
-10296
-10303
-10307
-10313
-10317
-10327
-10329
-10329
-10329
-10336
-10338
-10339
-10339
-10340
-10341
-10348
-10348
-10349
-10350
-10350
-10350
-10353
-10353
-10354
-10359
-10367
-10371
-10374
-10383
-10388
-10394
-10396
-10397
-10397
-10398
-10399
-10400
-10403
-10405
-10412
-10416
-10419
-10422
-10426
-10427
-10429
-10431
-10432
-10436
-10438
-10440
-10443
-10446
-10452
-10454
-10458
-10459
-10460
-10469
-10470
-10474
-10475
-10478
-10479
-10483
-10486
-10490
-10493
-10505
-10507
-10510
-10512
-10512
-10513
-10513
-10515
-10515
-10538
-10539
-10542
-10542
-10545
-10550
-10552
-10554
-10558
-10559
-10561
-10563
-10564
-10564
-10577
-10578
-10595
-10601
-10602
-10602
-10608
-10608
-10613
-10615
-10617
-10628
-10629
-10631
-10640
-10643
-10644
-10650
-10650
-10653
-10657
-10664
-10666
-10666
-10669
-10672
-10677
-10677
-10677
-10677
-10680
-10689
-10690
-10692
-10697
-10701
-10704
-10706
-10707
-10708
-10709
-10717
-10718
-10726
-10727
-10735
-10736
-10741
-10741
-10748
-10751
-10757
-10758
-10759
-10763
-10763
-10764
-10772
-10772
-10773
-10773
-10788
-10792
-10793
-10806
-10806
-10812
-10814
-10816
-10818
-10819
-10822
-10824
-10825
-10831
-10832
-10835
-10840
-10848
-10853
-10857
-10864
-10867
-10869
-10871
-10872
-10874
-10877
-10881
-10883
-10902
-10903
-10904
-10908
-10910
-10910
-10913
-10918
-10919
-10925
-10926
-10927
-10929
-10937
-10938
-10951
-10952
-10955
-10958
-10959
-10961
-10972
-10972
-10974
-10974
-10975
-10975
-10977
-10985
-10988
-10993
-10993
-10994
-10999
-11003
-11006
-11007
-11009
-11020
-11022
-11023
-11024
-11025
-11027
-11030
-11032
-11033
-11041
-11044
-11047
-11048
-11049
-11050
-11052
-11053
-11055
-11055
-11060
-11061
-11065
-11067
-11067
-11068
-11068
-11069
-11070
-11071
-11072
-11078
-11092
-11095
-11098
-11098
-11104
-11112
-11115
-11115
-11115
-11116
-11117
-11122
-11124
-11124
-11125
-11133
-11133
-11135
-11136
-11137
-11142
-11148
-11150
-11150
-11151
-11153
-11154
-11154
-11155
-11156
-11158
-11158
-11158
-11160
-11167
-11167
-11167
-11174
-11174
-11177
-11177
-11197
-11198
-11198
-11201
-11209
-11214
-11220
-11223
-11224
-11224
-11225
-11227
-11228
-11229
-11229
-11233
-11233
-11233
-11237
-11238
-11240
-11242
-11245
-11248
-11248
-11248
-11252
-11253
-11258
-11263
-11269
-11272
-11276
-11277
-11280
-11285
-11287
-11288
-11290
-11294
-11295
-11295
-11299
-11300
-11304
-11305
-11305
-11305
-11308
-11315
-11316
-11330
-11336
-11337
-11337
-11337
-11348
-11351
-11353
-11353
-11357
-11360
-11360
-11362
-11363
-11366
-11368
-11372
-11372
-11375
-11375
-11379
-11380
-11383
-11385
-11385
-11388
-11389
-11390
-11393
-11400
-11402
-11402
-11402
-11403
-11403
-11405
-11405
-11407
-11408
-11409
-11410
-11410
-11415
-11418
-11420
-11423
-11425
-11431
-11434
-11436
-11447
-11458
-11459
-11459
-11461
-11463
-11464
-11464
-11473
-11482
-11485
-11486
-11486
-11489
-11489
-11491
-11493
-11493
-11495
-11496
-11496
-11496
-11499
-11500
-11502
-11503
-11506
-11507
-11507
-11508
-11511
-11516
-11526
-11526
-11527
-11537
-11538
-11543
-11548
-11551
-11551
-11553
-11554
-11557
-11558
-11560
-11560
-11561
-11563
-11563
-11563
-11564
-11567
-11568
-11568
-11571
-11573
-11574
-11575
-11575
-11591
-11591
-11592
-11597
-11598
-11598
-11598
-11598
-11599
-11599
-11600
-11604
-11606
-11609
-11609
-11612
-11615
-11616
-11619
-11622
-11624
-11624
-11626
-11627
-11634
-11637
-11637
-11639
-11645
-11647
-11648
-11654
-11658
-11658
-11663
-11667
-11675
-11676
-11676
-11682
-11682
-11683
-11683
-11687
-11689
-11692
-11699
-11699
-11699
-11700
-11701
-11704
-11709
-11710
-11710
-11712
-11718
-11720
-11721
-11724
-11724
-11727
-11731
-11735
-11736
-11737
-11738
-11739
-11743
-11745
-11746
-11750
-11753
-11754
-11759
-11761
-11762
-11766
-11769
-11769
-11770
-11771
-11772
-11777
-11778
-11780
-11781
-11783
-11784
-11787
-11790
-11796
-11799
-11801
-11801
-11802
-11803
-11810
-11816
-11819
-11819
-11820
-11821
-11825
-11828
-11831
-11833
-11835
-11836
-11836
-11840
-11842
-11842
-11843
-11845
-11845
-11847
-11849
-11849
-11850
-11854
-11856
-11858
-11861
-11861
-11863
-11863
-11864
-11866
-11866
-11868
-11869
-11870
-11872
-11874
-11876
-11880
-11880
-11881
-11881
-11886
-11892
-11894
-11894
-11896
-11898
-11898
-11903
-11905
-11908
-11913
-11913
-11914
-11915
-11915
-11918
-11919
-11921
-11923
-11923
-11929
-11930
-11931
-11932
-11935
-11935
-11937
-11937
-11937
-11938
-11941
-11943
-11943
-11946
-11950
-11952
-11954
-11957
-11958
-11958
-11960
-11964
-11966
-11968
-11969
-11970
-11973
-11975
-11978
-11978
-11984
-11985
-11985
-11989
-11989
-11992
-11993
-11997
-11998
-11998
-12001
-12003
-12005
-12005
-12005
-12013
-12014
-12019
-12019
-12021
-12023
-12024
-12028
-12030
-12031
-12032
-12035
-12036
-12039
-12039
-12040
-12040
-12044
-12045
-12048
-12050
-12051
-12052
-12052
-12056
-12058
-12058
-12061
-12064
-12067
-12068
-12070
-12073
-12074
-12075
-12076
-12077
-12078
-12081
-12081
-12082
-12084
-12085
-12089
-12090
-12090
-12093
-12093
-12093
-12094
-12094
-12094
-12095
-12096
-12096
-12098
-12100
-12100
-12100
-12101
-12101
-12102
-12104
-12104
-12105
-12105
-12106
-12107
-12107
-12109
-12109
-12110
-12111
-12113
-12116
-12116
-12118
-12118
-12119
-12122
-12123
-12125
-12125
-12126
-12133
-12134
-12136
-12136
-12136
-12138
-12140
-12143
-12145
-12146
-12146
-12149
-12149
-12150
-12151
-12153
-12154
-12156
-12157
-12159
-12161
-12163
-12165
-12167
-12176
-12182
-12184
-12188
-12188
-12190
-12191
-12196
-12197
-12202
-12203
-12203
-12206
-12208
-12209
-12209
-12211
-12214
-12215
-12217
-12218
-12219
-12219
-12220
-12220
-12220
-12221
-12222
-12222
-12223
-12227
-12229
-12229
-12231
-12231
-12232
-12233
-12235
-12235
-12236
-12238
-12245
-12246
-12248
-12251
-12251
-12252
-12253
-12256
-12257
-12259
-12259
-12260
-12261
-12262
-12264
-12266
-12266
-12267
-12271
-12272
-12273
-12275
-12277
-12277
-12279
-12279
-12280
-12280
-12281
-12281
-12283
-12284
-12291
-12293
-12293
-12294
-12294
-12297
-12300
-12301
-12305
-12306
-12309
-12309
-12310
-12313
-12313
-12314
-12315
-12316
-12318
-12318
-12319
-12320
-12321
-12321
-12322
-12324
-12325
-12326
-12326
-12329
-12331
-12331
-12332
-12334
-12334
-12336
-12338
-12338
-12338
-12339
-12342
-12342
-12343
-12345
-12348
-12350
-12351
-12351
-12352
-12355
-12355
-12357
-12358
-12358
-12359
-12360
-12361
-12362
-12363
-12363
-12365
-12365
-12365
-12366
-12367
-12369
-12371
-12372
-12376
-12379
-12380
-12381
-12382
-12383
-12384
-12389
-12391
-12393
-12393
-12395
-12396
-12400
-12401
-12401
-12401
-12401
-12403
-12405
-12406
-12408
-12409
-12409
-12410
-12410
-12410
-12410
-12412
-12413
-12414
-12415
-12415
-12416
-12417
-12418
-12419
-12420
-12420
-12426
-12427
-12427
-12430
-12431
-12433
-12435
-12436
-12436
-12437
-12439
-12440
-12442
-12442
-12446
-12446
-12446
-12447
-12449
-12450
-12451
-12452
-12453
-12453
-12453
-12455
-12456
-12459
-12461
-12461
-12464
-12465
-12465
-12467
-12468
-12470
-12473
-12473
-12473
-12475
-12478
-12480
-12485
-12488
-12489
-12491
-12492
-12493
-12493
-12495
-12495
-12496
-12498
-12500
-12500
-12500
-12501
-12502
-12503
-12504
-12504
-12505
-12506
-12506
-12506
-12506
-12508
-12509
-12510
-12510
-12511
-12516
-12516
-12517
-12518
-12520
-12520
-12520
-12522
-12524
-12525
-12526
-12528
-12529
-12531
-12531
-12532
-12532
-12533
-12534
-12535
-12537
-12537
-12538
-12540
-12541
-12544
-12544
-12544
-12545
-12550
-12552
-12552
-12552
-12556
-12556
-12557
-12557
-12558
-12558
-12559
-12560
-12561
-12561
-12561
-12563
-12563
-12563
-12564
-12567
-12569
-12572
-12572
-12573
-12574
-12574
-12574
-12574
-12576
-12577
-12578
-12578
-12580
-12580
-12581
-12582
-12584
-12585
-12588
-12589
-12594
-12597
-12599
-12600
-12603
-12607
-12607
-12616
-12618
-12618
-12620
-12620
-12621
-12624
-12624
-12626
-12626
-12627
-12627
-12627
-12629
-12629
-12629
-12632
-12634
-12634
-12634
-12635
-12635
-12637
-12637
-12639
-12640
-12642
-12643
-12648
-12650
-12650
-12652
-12654
-12656
-12657
-12657
-12661
-12662
-12663
-12664
-12664
-12666
-12667
-12667
-12668
-12668
-12670
-12672
-12672
-12673
-12676
-12677
-12677
-12677
-12678
-12679
-12680
-12681
-12681
-12682
-12684
-12684
-12685
-12686
-12688
-12691
-12691
-12695
-12695
-12696
-12699
-12699
-12699
-12700
-12700
-12700
-12701
-12702
-12702
-12702
-12703
-12705
-12707
-12711
-12713
-12714
-12715
-12716
-12716
-12717
-12717
-12717
-12717
-12718
-12721
-12723
-12724
-12724
-12724
-12726
-12727
-12728
-12728
-12730
-12731
-12732
-12732
-12733
-12735
-12735
-12736
-12737
-12739
-12743
-12744
-12745
-12751
-12752
-12753
-12753
-12754
-12756
-12757
-12758
-12761
-12761
-12763
-12767
-12769
-12770
-12770
-12773
-12773
-12774
-12775
-12776
-12777
-12780
-12782
-12788
-12789
-12790
-12791
-12792
-12792
-12796
-12797
-12797
-12798
-12799
-12801
-12802
-12802
-12803
-12803
-12804
-12805
-12806
-12807
-12809
-12809
-12809
-12811
-12813
-12813
-12817
-12820
-12823
-12828
-12831
-12831
-12832
-12833
-12834
-12835
-12836
-12838
-12839
-12840
-12840
-12841
-12844
-12844
-12847
-12848
-12850
-12850
-12852
-12852
-12853
-12856
-12857
-12857
-12857
-12859
-12859
-12861
-12861
-12862
-12862
-12862
-12864
-12865
-12865
-12867
-12867
-12874
-12875
-12875
-12875
-12875
-12876
-12876
-12879
-12880
-12881
-12882
-12883
-12883
-12886
-12886
-12888
-12888
-12888
-12889
-12891
-12891
-12891
-12892
-12892
-12892
-12894
-12895
-12896
-12898
-12898
-12899
-12900
-12900
-12904
-12905
-12905
-12905
-12906
-12908
-12908
-12912
-12912
-12914
-12915
-12919
-12920
-12921
-12921
-12921
-12923
-12924
-12926
-12927
-12927
-12928
-12928
-12929
-12929
-12930
-12930
-12931
-12931
-12931
-12938
-12938
-12940
-12943
-12944
-12945
-12947
-12947
-12947
-12948
-12953
-12953
-12955
-12955
-12956
-12956
-12957
-12959
-12960
-12961
-12961
-12962
-12964
-12964
-12965
-12966
-12967
-12968
-12969
-12969
-12970
-12970
-12970
-12973
-12973
-12973
-12975
-12976
-12976
-12976
-12977
-12978
-12979
-12980
-12982
-12984
-12985
-12986
-12986
-12988
-12988
-12992
-12993
-12995
-12995
-12996
-12996
-12997
-12999
-12999
-12999
-13000
-13000
-13001
-13002
-13002
-13003
-13005
-13005
-13006
-13006
-13008
-13009
-13010
-13011
-13013
-13015
-13017
-13019
-13020
-13022
-13022
-13022
-13024
-13025
-13025
-13028
-13029
-13029
-13030
-13032
-13032
-13033
-13036
-13037
-13037
-13038
-13038
-13038
-13038
-13040
-13042
-13045
-13046
-13046
-13047
-13047
-13049
-13049
-13049
-13050
-13053
-13053
-13054
-13054
-13055
-13056
-13057
-13057
-13058
-13058
-13058
-13060
-13060
-13060
-13062
-13062
-13063
-13064
-13066
-13067
-13067
-13068
-13068
-13068
-13068
-13068
-13074
-13076
-13077
-13079
-13079
-13080
-13081
-13081
-13082
-13083
-13084
-13084
-13085
-13085
-13085
-13087
-13087
-13087
-13089
-13090
-13090
-13091
-13092
-13093
-13093
-13094
-13097
-13097
-13099
-13100
-13100
-13100
-13102
-13104
-13105
-13105
-13106
-13106
-13107
-13107
-13108
-13109
-13109
-13111
-13111
-13115
-13116
-13117
-13117
-13120
-13120
-13121
-13122
-13122
-13122
-13123
-13123
-13124
-13124
-13127
-13131
-13131
-13134
-13136
-13136
-13137
-13137
-13137
-13138
-13139
-13143
-13145
-13146
-13146
-13146
-13147
-13147
-13148
-13151
-13151
-13152
-13153
-13154
-13156
-13156
-13157
-13158
-13162
-13163
-13164
-13164
-13165
-13166
-13171
-13173
-13174
-13174
-13175
-13175
-13176
-13181
-13181
-13183
-13185
-13186
-13186
-13191
-13192
-13192
-13194
-13194
-13194
-13196
-13198
-13198
-13199
-13199
-13201
-13202
-13202
-13203
-13204
-13204
-13205
-13205
-13206
-13206
-13207
-13208
-13208
-13209
-13210
-13210
-13210
-13212
-13213
-13214
-13214
-13215
-13217
-13218
-13218
-13219
-13221
-13222
-13223
-13223
-13225
-13227
-13227
-13228
-13228
-13229
-13230
-13236
-13238
-13238
-13239
-13240
-13243
-13243
-13244
-13247
-13247
-13247
-13248
-13250
-13251
-13252
-13252
-13253
-13253
-13254
-13256
-13257
-13257
-13259
-13261
-13261
-13263
-13264
-13265
-13267
-13268
-13269
-13269
-13270
-13270
-13271
-13272
-13273
-13275
-13275
-13275
-13275
-13275
-13280
-13280
-13281
-13281
-13286
-13286
-13287
-13289
-13290
-13292
-13293
-13293
-13293
-13294
-13294
-13295
-13295
-13297
-13298
-13299
-13302
-13303
-13304
-13305
-13305
-13307
-13308
-13309
-13310
-13311
-13311
-13312
-13312
-13312
-13313
-13313
-13315
-13315
-13316
-13316
-13318
-13318
-13319
-13320
-13321
-13321
-13323
-13323
-13324
-13324
-13325
-13328
-13328
-13329
-13329
-13330
-13330
-13332
-13333
-13334
-13335
-13337
-13337
-13337
-13338
-13338
-13340
-13340
-13340
-13343
-13344
-13348
-13348
-13349
-13349
-13353
-13353
-13353
-13354
-13354
-13355
-13356
-13357
-13358
-13359
-13360
-13360
-13362
-13364
-13365
-13365
-13365
-13366
-13367
-13368
-13368
-13373
-13373
-13373
-13374
-13374
-13376
-13377
-13377
-13379
-13380
-13381
-13381
-13382
-13383
-13384
-13385
-13385
-13387
-13387
-13387
-13388
-13389
-13389
-13389
-13390
-13390
-13390
-13390
-13394
-13395
-13395
-13395
-13397
-13398
-13398
-13399
-13401
-13402
-13403
-13403
-13403
-13405
-13405
-13406
-13407
-13409
-13410
-13411
-13411
-13412
-13413
-13414
-13414
-13414
-13415
-13415
-13416
-13416
-13417
-13419
-13420
-13421
-13422
-13424
-13424
-13426
-13426
-13428
-13431
-13432
-13433
-13434
-13434
-13436
-13437
-13439
-13439
-13440
-13441
-13442
-13444
-13444
-13445
-13445
-13446
-13446
-13448
-13448
-13453
-13454
-13455
-13455
-13455
-13456
-13456
-13456
-13457
-13458
-13459
-13460
-13461
-13462
-13464
-13464
-13465
-13469
-13470
-13470
-13472
-13473
-13473
-13474
-13474
-13476
-13476
-13477
-13477
-13478
-13478
-13480
-13480
-13482
-13482
-13482
-13482
-13484
-13485
-13486
-13488
-13489
-13489
-13490
-13490
-13491
-13491
-13493
-13493
-13493
-13493
-13493
-13495
-13495
-13496
-13498
-13501
-13501
-13501
-13502
-13506
-13506
-13511
-13512
-13512
-13512
-13513
-13514
-13514
-13515
-13516
-13517
-13517
-13517
-13523
-13530
-13531
-13532
-13534
-13535
-13536
-13537
-13539
-13540
-13541
-13541
-13542
-13543
-13544
-13546
-13547
-13547
-13547
-13547
-13548
-13549
-13549
-13549
-13551
-13551
-13552
-13555
-13557
-13557
-13557
-13557
-13559
-13561
-13561
-13562
-13562
-13563
-13564
-13564
-13567
-13567
-13567
-13567
-13568
-13568
-13568
-13569
-13569
-13572
-13573
-13573
-13574
-13574
-13575
-13577
-13577
-13578
-13578
-13580
-13580
-13580
-13582
-13583
-13584
-13585
-13585
-13585
-13586
-13586
-13587
-13587
-13590
-13590
-13590
-13590
-13591
-13591
-13592
-13595
-13595
-13596
-13597
-13598
-13599
-13599
-13599
-13600
-13600
-13600
-13600
-13603
-13605
-13605
-13605
-13606
-13607
-13607
-13607
-13608
-13609
-13609
-13609
-13609
-13609
-13611
-13612
-13614
-13615
-13615
-13617
-13618
-13619
-13619
-13619
-13619
-13619
-13620
-13620
-13620
-13621
-13622
-13622
-13623
-13624
-13625
-13625
-13625
-13625
-13625
-13625
-13627
-13629
-13633
-13633
-13635
-13639
-13639
-13640
-13640
-13641
-13642
-13643
-13644
-13644
-13648
-13648
-13651
-13653
-13653
-13653
-13654
-13655
-13656
-13657
-13658
-13658
-13658
-13658
-13660
-13660
-13661
-13661
-13662
-13666
-13667
-13667
-13669
-13669
-13670
-13670
-13671
-13671
-13672
-13672
-13673
-13673
-13674
-13674
-13674
-13674
-13675
-13676
-13676
-13677
-13677
-13677
-13677
-13678
-13678
-13679
-13680
-13681
-13683
-13684
-13685
-13686
-13686
-13686
-13687
-13687
-13688
-13690
-13691
-13691
-13693
-13694
-13695
-13695
-13696
-13696
-13697
-13697
-13698
-13698
-13698
-13699
-13700
-13701
-13702
-13703
-13703
-13705
-13708
-13710
-13710
-13710
-13710
-13711
-13711
-13712
-13712
-13713
-13714
-13714
-13714
-13714
-13717
-13717
-13718
-13718
-13720
-13721
-13722
-13725
-13725
-13726
-13727
-13727
-13728
-13728
-13728
-13729
-13730
-13730
-13730
-13730
-13732
-13733
-13733
-13734
-13735
-13735
-13736
-13736
-13736
-13736
-13736
-13736
-13737
-13737
-13737
-13738
-13738
-13739
-13740
-13740
-13742
-13743
-13743
-13744
-13745
-13745
-13746
-13746
-13748
-13749
-13750
-13751
-13751
-13751
-13752
-13752
-13753
-13753
-13754
-13755
-13756
-13758
-13758
-13759
-13759
-13761
-13761
-13761
-13762
-13763
-13763
-13763
-13764
-13766
-13767
-13767
-13767
-13768
-13770
-13771
-13776
-13777
-13777
-13778
-13778
-13779
-13779
-13779
-13780
-13780
-13781
-13781
-13781
-13782
-13783
-13783
-13783
-13784
-13785
-13785
-13787
-13788
-13788
-13789
-13790
-13790
-13791
-13793
-13794
-13795
-13795
-13795
-13796
-13797
-13797
-13798
-13798
-13800
-13802
-13803
-13804
-13805
-13806
-13806
-13806
-13808
-13808
-13808
-13809
-13810
-13810
-13811
-13812
-13813
-13813
-13814
-13814
-13814
-13815
-13815
-13819
-13819
-13820
-13822
-13823
-13823
-13823
-13827
-13828
-13829
-13829
-13829
-13830
-13831
-13831
-13832
-13835
-13836
-13836
-13836
-13836
-13836
-13837
-13839
-13839
-13841
-13842
-13843
-13843
-13843
-13843
-13843
-13844
-13845
-13845
-13847
-13847
-13850
-13855
-13855
-13857
-13858
-13859
-13859
-13859
-13860
-13860
-13860
-13860
-13861
-13861
-13862
-13862
-13864
-13865
-13866
-13866
-13867
-13868
-13870
-13870
-13870
-13871
-13872
-13872
-13872
-13872
-13872
-13872
-13875
-13875
-13875
-13876
-13877
-13877
-13878
-13878
-13878
-13878
-13879
-13881
-13881
-13881
-13884
-13885
-13885
-13886
-13887
-13887
-13889
-13889
-13892
-13893
-13893
-13894
-13896
-13896
-13896
-13897
-13900
-13900
-13900
-13900
-13903
-13905
-13908
-13908
-13909
-13910
-13910
-13911
-13911
-13912
-13912
-13915
-13915
-13916
-13919
-13919
-13919
-13920
-13921
-13923
-13924
-13924
-13924
-13926
-13927
-13928
-13928
-13930
-13931
-13931
-13932
-13933
-13934
-13934
-13935
-13935
-13935
-13935
-13935
-13936
-13937
-13937
-13939
-13939
-13940
-13942
-13943
-13944
-13945
-13945
-13946
-13947
-13947
-13947
-13948
-13948
-13950
-13950
-13951
-13953
-13954
-13954
-13955
-13955
-13956
-13956
-13957
-13957
-13960
-13960
-13961
-13963
-13963
-13963
-13964
-13964
-13964
-13965
-13965
-13966
-13967
-13967
-13968
-13969
-13972
-13973
-13973
-13974
-13976
-13977
-13979
-13979
-13980
-13980
-13981
-13982
-13983
-13984
-13984
-13984
-13985
-13986
-13987
-13988
-13991
-13991
-13991
-13993
-13994
-13994
-13995
-13995
-13998
-13998
-13999
-13999
-13999
-14000
-14000
-14000
-14000
-14002
-14003
-14003
-14003
-14004
-14004
-14004
-14005
-14006
-14008
-14008
-14008
-14010
-14011
-14011
-14012
-14012
-14014
-14015
-14017
-14018
-14019
-14019
-14020
-14021
-14022
-14022
-14022
-14024
-14025
-14025
-14028
-14030
-14032
-14034
-14034
-14035
-14037
-14038
-14039
-14039
-14041
-14041
-14042
-14042
-14044
-14045
-14045
-14049
-14049
-14050
-14050
-14051
-14053
-14053
-14053
-14053
-14054
-14054
-14055
-14055
-14056
-14057
-14057
-14058
-14058
-14059
-14060
-14062
-14062
-14063
-14064
-14064
-14065
-14065
