-5.5306e+19
-6.9558e+19
-7.0587e+19
-7.1857e+19
-7.7249e+19
-8.3706e+19
-8.393e+19
-8.4315e+19
-8.5697e+19
-8.6442e+19
-8.6851e+19
-8.6929e+19
-8.8495e+19
-8.9618e+19
-8.9643e+19
-9.0835e+19
-9.0986e+19
-9.135e+19
-9.1486e+19
-9.1609e+19
-9.219e+19
-9.2374e+19
-9.2469e+19
-9.3056e+19
-9.3821e+19
-9.4555e+19
-9.559e+19
-9.5994e+19
-9.656e+19
-9.8071e+19
-9.8762e+19
-9.9067e+19
-9.9078e+19
-9.9314e+19
-9.9548e+19
-1.0118e+20
-1.0129e+20
-1.0149e+20
-1.0155e+20
-1.0168e+20
-1.0189e+20
-1.0357e+20
-1.0394e+20
-1.0406e+20
-1.0414e+20
-1.0416e+20
-1.0486e+20
-1.0512e+20
-1.0539e+20
-1.0584e+20
-1.0608e+20
-1.065e+20
-1.068e+20
-1.0712e+20
-1.0764e+20
-1.0791e+20
-1.0823e+20
-1.0827e+20
-1.0935e+20
-1.0969e+20
-1.1128e+20
-1.1152e+20
-1.1156e+20
-1.1163e+20
-1.1167e+20
-1.1185e+20
-1.1298e+20
-1.1369e+20
-1.1397e+20
-1.1428e+20
-1.1516e+20
-1.1604e+20
-1.1643e+20
-1.1656e+20
-1.1666e+20
-1.1685e+20
-1.1728e+20
-1.1768e+20
-1.1771e+20
-1.1783e+20
-1.1863e+20
-1.1882e+20
-1.1891e+20
-1.2049e+20
-1.2074e+20
-1.2134e+20
-1.2139e+20
-1.2161e+20
-1.2168e+20
-1.2234e+20
-1.2292e+20
-1.2306e+20
-1.2321e+20
-1.2321e+20
-1.2348e+20
-1.2428e+20
-1.2503e+20
-1.2513e+20
-1.2581e+20
-1.2765e+20
-1.2808e+20
-1.2847e+20
-1.2981e+20
-1.2999e+20
-1.3009e+20
-1.3013e+20
-1.3014e+20
-1.3047e+20
-1.3053e+20
-1.306e+20
-1.3139e+20
-1.3169e+20
-1.3189e+20
-1.3193e+20
-1.3224e+20
-1.3237e+20
-1.3244e+20
-1.3254e+20
-1.3291e+20
-1.3342e+20
-1.337e+20
-1.3391e+20
-1.3428e+20
-1.3436e+20
-1.3447e+20
-1.3509e+20
-1.3589e+20
-1.3666e+20
-1.389e+20
-1.3933e+20
-1.3991e+20
-1.4039e+20
-1.4053e+20
-1.4055e+20
-1.4061e+20
-1.4097e+20
-1.4155e+20
-1.4192e+20
-1.4273e+20
-1.4283e+20
-1.4288e+20
-1.4307e+20
-1.4307e+20
-1.4386e+20
-1.4396e+20
-1.4408e+20
-1.4525e+20
-1.4527e+20
-1.4637e+20
-1.468e+20
-1.468e+20
-1.4684e+20
-1.4687e+20
-1.4739e+20
-1.4826e+20
-1.4933e+20
-1.4942e+20
-1.4962e+20
-1.5015e+20
-1.5018e+20
-1.5038e+20
-1.5059e+20
-1.5089e+20
-1.5154e+20
-1.5249e+20
-1.5291e+20
-1.5326e+20
-1.5378e+20
-1.5417e+20
-1.5462e+20
-1.5481e+20
-1.5536e+20
-1.5553e+20
-1.572e+20
-1.5861e+20
-1.5867e+20
-1.5877e+20
-1.593e+20
-1.5951e+20
-1.599e+20
-1.6082e+20
-1.6136e+20
-1.6192e+20
-1.6258e+20
-1.6285e+20
-1.6304e+20
-1.6337e+20
-1.6339e+20
-1.6374e+20
-1.642e+20
-1.6484e+20
-1.6504e+20
-1.6507e+20
-1.6516e+20
-1.6547e+20
-1.6567e+20
-1.6568e+20
-1.6583e+20
-1.6601e+20
-1.6628e+20
-1.6667e+20
-1.6681e+20
-1.6693e+20
-1.6757e+20
-1.6757e+20
-1.6852e+20
-1.6862e+20
-1.6871e+20
-1.6918e+20
-1.6925e+20
-1.7017e+20
-1.7081e+20
-1.714e+20
-1.7146e+20
-1.7146e+20
-1.7179e+20
-1.7357e+20
-1.7398e+20
-1.7414e+20
-1.742e+20
-1.7438e+20
-1.7482e+20
-1.7529e+20
-1.7539e+20
-1.7599e+20
-1.765e+20
-1.7701e+20
-1.7722e+20
-1.7793e+20
-1.7841e+20
-1.7876e+20
-1.7906e+20
-1.7942e+20
-1.7976e+20
-1.7994e+20
-1.8058e+20
-1.8091e+20
-1.8101e+20
-1.8101e+20
-1.8163e+20
-1.8219e+20
-1.8254e+20
-1.831e+20
-1.8312e+20
-1.8315e+20
-1.8423e+20
-1.8509e+20
-1.8549e+20
-1.8629e+20
-1.8644e+20
-1.8648e+20
-1.8654e+20
-1.8697e+20
-1.8713e+20
-1.8798e+20
-1.8945e+20
-1.8984e+20
-1.8993e+20
-1.9037e+20
-1.9069e+20
-1.9094e+20
-1.9135e+20
-1.9232e+20
-1.9258e+20
-1.9266e+20
-1.9276e+20
-1.9284e+20
-1.9368e+20
-1.9383e+20
-1.9552e+20
-1.9593e+20
-1.9686e+20
-1.9722e+20
-1.9746e+20
-1.9758e+20
-1.9813e+20
-1.9831e+20
-1.9906e+20
-1.9928e+20
-1.9952e+20
-1.9956e+20
-1.9998e+20
-2.0034e+20
-2.0041e+20
-2.0042e+20
-2.0046e+20
-2.0209e+20
-2.0224e+20
-2.033e+20
-2.0345e+20
-2.036e+20
-2.0365e+20
-2.0381e+20
-2.04e+20
-2.0534e+20
-2.0577e+20
-2.0679e+20
-2.0728e+20
-2.0752e+20
-2.0755e+20
-2.0802e+20
-2.0842e+20
-2.0972e+20
-2.1034e+20
-2.1064e+20
-2.1083e+20
-2.1135e+20
-2.1315e+20
-2.1353e+20
-2.1455e+20
-2.1468e+20
-2.1513e+20
-2.1575e+20
-2.1651e+20
-2.1658e+20
-2.1697e+20
-2.1709e+20
-2.175e+20
-2.1758e+20
-2.18e+20
-2.1829e+20
-2.1914e+20
-2.1914e+20
-2.194e+20
-2.1944e+20
-2.2061e+20
-2.213e+20
-2.2149e+20
-2.235e+20
-2.2362e+20
-2.2374e+20
-2.2427e+20
-2.251e+20
-2.2531e+20
-2.2681e+20
-2.2706e+20
-2.2724e+20
-2.2796e+20
-2.2854e+20
-2.286e+20
-2.2888e+20
-2.2927e+20
-2.3039e+20
-2.308e+20
-2.3204e+20
-2.3249e+20
-2.3415e+20
-2.3416e+20
-2.3594e+20
-2.3603e+20
-2.3687e+20
-2.3733e+20
-2.3761e+20
-2.3774e+20
-2.3832e+20
-2.3976e+20
-2.3982e+20
-2.4001e+20
-2.4138e+20
-2.4421e+20
-2.4624e+20
-2.4689e+20
-2.4708e+20
-2.4714e+20
-2.4782e+20
-2.4902e+20
-2.4911e+20
-2.4947e+20
-2.5161e+20
-2.5169e+20
-2.5181e+20
-2.5267e+20
-2.529e+20
-2.5343e+20
-2.5435e+20
-2.5506e+20
-2.5518e+20
-2.5523e+20
-2.5568e+20
-2.5599e+20
-2.5624e+20
-2.5696e+20
-2.5714e+20
-2.5715e+20
-2.5736e+20
-2.5774e+20
-2.5779e+20
-2.5874e+20
-2.5918e+20
-2.5945e+20
-2.6005e+20
-2.6143e+20
-2.6195e+20
-2.6372e+20
-2.6566e+20
-2.6587e+20
-2.6603e+20
-2.6639e+20
-2.6644e+20
-2.6674e+20
-2.6724e+20
-2.6759e+20
-2.6762e+20
-2.6763e+20
-2.6798e+20
-2.6826e+20
-2.6929e+20
-2.6937e+20
-2.7362e+20
-2.7363e+20
-2.7555e+20
-2.7645e+20
-2.7697e+20
-2.7845e+20
-2.7865e+20
-2.7961e+20
-2.7999e+20
-2.8048e+20
-2.8054e+20
-2.8093e+20
-2.8126e+20
-2.8172e+20
-2.8217e+20
-2.829e+20
-2.8335e+20
-2.8391e+20
-2.8438e+20
-2.8542e+20
-2.86e+20
-2.8642e+20
-2.8662e+20
-2.8721e+20
-2.8726e+20
-2.8751e+20
-2.8859e+20
-2.9019e+20
-2.9025e+20
-2.9053e+20
-2.9215e+20
-2.9231e+20
-2.9233e+20
-2.9538e+20
-2.9588e+20
-2.9645e+20
-2.9708e+20
-2.9767e+20
-2.977e+20
-2.9801e+20
-2.9814e+20
-3.005e+20
-3.0102e+20
-3.012e+20
-3.0126e+20
-3.0135e+20
-3.0188e+20
-3.0297e+20
-3.0302e+20
-3.0359e+20
-3.0377e+20
-3.0395e+20
-3.0402e+20
-3.0557e+20
-3.0565e+20
-3.0655e+20
-3.0659e+20
-3.0709e+20
-3.0766e+20
-3.0771e+20
-3.0822e+20
-3.0864e+20
-3.0915e+20
-3.1036e+20
-3.1133e+20
-3.1164e+20
-3.1204e+20
-3.1228e+20
-3.1233e+20
-3.135e+20
-3.1497e+20
-3.1613e+20
-3.1623e+20
-3.1713e+20
-3.1802e+20
-3.1865e+20
-3.1907e+20
-3.2152e+20
-3.2329e+20
-3.2439e+20
-3.2452e+20
-3.2635e+20
-3.2651e+20
-3.2669e+20
-3.2731e+20
-3.2801e+20
-3.3008e+20
-3.3056e+20
-3.3057e+20
-3.3076e+20
-3.3136e+20
-3.3136e+20
-3.3207e+20
-3.3656e+20
-3.3782e+20
-3.3937e+20
-3.4006e+20
-3.4027e+20
-3.4056e+20
-3.4152e+20
-3.4298e+20
-3.4419e+20
-3.4508e+20
-3.4599e+20
-3.463e+20
-3.4733e+20
-3.4839e+20
-3.4844e+20
-3.4905e+20
-3.4926e+20
-3.5e+20
-3.5005e+20
-3.5027e+20
-3.5122e+20
-3.5131e+20
-3.518e+20
-3.5248e+20
-3.5343e+20
-3.5357e+20
-3.5394e+20
-3.5397e+20
-3.5457e+20
-3.552e+20
-3.5612e+20
-3.5635e+20
-3.5878e+20
-3.5883e+20
-3.5885e+20
-3.5993e+20
-3.6094e+20
-3.6101e+20
-3.6133e+20
-3.6484e+20
-3.6624e+20
-3.6736e+20
-3.6737e+20
-3.6872e+20
-3.6915e+20
-3.7048e+20
-3.7297e+20
-3.7305e+20
-3.741e+20
-3.748e+20
-3.7667e+20
-3.7715e+20
-3.773e+20
-3.7855e+20
-3.7899e+20
-3.7958e+20
-3.7961e+20
-3.7992e+20
-3.8212e+20
-3.8213e+20
-3.8224e+20
-3.823e+20
-3.8335e+20
-3.8388e+20
-3.874e+20
-3.8888e+20
-3.8943e+20
-3.8962e+20
-3.9017e+20
-3.913e+20
-3.9141e+20
-3.9182e+20
-3.9209e+20
-3.9219e+20
-3.9378e+20
-3.9396e+20
-3.9417e+20
-3.9702e+20
-3.9779e+20
-3.9913e+20
-3.9927e+20
-4.0005e+20
-4.0172e+20
-4.0302e+20
-4.036e+20
-4.0379e+20
-4.0632e+20
-4.0637e+20
-4.0698e+20
-4.0944e+20
-4.0956e+20
-4.0977e+20
-4.1045e+20
-4.1054e+20
-4.1132e+20
-4.1182e+20
-4.1203e+20
-4.1228e+20
-4.1408e+20
-4.1462e+20
-4.1548e+20
-4.1695e+20
-4.1724e+20
-4.1757e+20
-4.1791e+20
-4.1964e+20
-4.2054e+20
-4.2094e+20
-4.2129e+20
-4.2312e+20
-4.2312e+20
-4.2544e+20
-4.2544e+20
-4.2816e+20
-4.2824e+20
-4.2853e+20
-4.2855e+20
-4.3114e+20
-4.3241e+20
-4.3306e+20
-4.3402e+20
-4.3564e+20
-4.376e+20
-4.386e+20
-4.3875e+20
-4.3884e+20
-4.3968e+20
-4.3979e+20
-4.41e+20
-4.4343e+20
-4.4353e+20
-4.4357e+20
-4.436e+20
-4.4503e+20
-4.4525e+20
-4.4526e+20
-4.4561e+20
-4.4615e+20
-4.4778e+20
-4.4909e+20
-4.4972e+20
-4.5147e+20
-4.5362e+20
-4.6013e+20
-4.6118e+20
-4.6229e+20
-4.6248e+20
-4.6465e+20
-4.6542e+20
-4.6551e+20
-4.6599e+20
-4.6654e+20
-4.6704e+20
-4.684e+20
-4.6956e+20
-4.7246e+20
-4.7369e+20
-4.7459e+20
-4.7706e+20
-4.7722e+20
-4.776e+20
-4.7953e+20
-4.8002e+20
-4.8026e+20
-4.8333e+20
-4.8467e+20
-4.8529e+20
-4.8559e+20
-4.897e+20
-4.905e+20
-4.9218e+20
-4.9342e+20
-4.9394e+20
-4.9413e+20
-4.9584e+20
-4.9954e+20
-4.9985e+20
-5.0007e+20
-5.0087e+20
-5.0322e+20
-5.0325e+20
-5.0605e+20
-5.0652e+20
-5.0765e+20
-5.0935e+20
-5.1057e+20
-5.1168e+20
-5.1231e+20
-5.1398e+20
-5.1417e+20
-5.1556e+20
-5.159e+20
-5.1725e+20
-5.2194e+20
-5.2321e+20
-5.2329e+20
-5.2364e+20
-5.2417e+20
-5.2638e+20
-5.2719e+20
-5.2739e+20
-5.2835e+20
-5.3012e+20
-5.3022e+20
-5.3061e+20
-5.3178e+20
-5.3277e+20
-5.3389e+20
-5.3441e+20
-5.3532e+20
-5.369e+20
-5.371e+20
-5.3834e+20
-5.388e+20
-5.3962e+20
-5.3969e+20
-5.3981e+20
-5.4031e+20
-5.4047e+20
-5.4366e+20
-5.44e+20
-5.4462e+20
-5.4521e+20
-5.4642e+20
-5.5114e+20
-5.5147e+20
-5.5176e+20
-5.5237e+20
-5.5321e+20
-5.5657e+20
-5.569e+20
-5.5703e+20
-5.5854e+20
-5.6055e+20
-5.615e+20
-5.6277e+20
-5.6502e+20
-5.7003e+20
-5.7044e+20
-5.707e+20
-5.715e+20
-5.772e+20
-5.7742e+20
-5.7881e+20
-5.7922e+20
-5.8036e+20
-5.8045e+20
-5.8343e+20
-5.8374e+20
-5.8713e+20
-5.8846e+20
-5.8847e+20
-5.888e+20
-5.8918e+20
-5.8983e+20
-5.9002e+20
-5.9186e+20
-5.9199e+20
-5.9278e+20
-5.9315e+20
-5.9536e+20
-5.9611e+20
-5.971e+20
-5.9714e+20
-5.9923e+20
-6.0006e+20
-6.0274e+20
-6.0362e+20
-6.0381e+20
-6.0385e+20
-6.0586e+20
-6.0632e+20
-6.085e+20
-6.0888e+20
-6.1153e+20
-6.1272e+20
-6.1415e+20
-6.1432e+20
-6.1733e+20
-6.1775e+20
-6.1898e+20
-6.193e+20
-6.1978e+20
-6.2052e+20
-6.2127e+20
-6.2279e+20
-6.2932e+20
-6.3001e+20
-6.3193e+20
-6.3313e+20
-6.3388e+20
-6.3502e+20
-6.3547e+20
-6.3722e+20
-6.3729e+20
-6.3821e+20
-6.3854e+20
-6.4327e+20
-6.4428e+20
-6.4609e+20
-6.4674e+20
-6.4912e+20
-6.4934e+20
-6.501e+20
-6.5073e+20
-6.5076e+20
-6.5226e+20
-6.528e+20
-6.5473e+20
-6.5684e+20
-6.5723e+20
-6.5923e+20
-6.5947e+20
-6.5959e+20
-6.6221e+20
-6.6245e+20
-6.6551e+20
-6.6877e+20
-6.7036e+20
-6.7149e+20
-6.7559e+20
-6.8168e+20
-6.8292e+20
-6.8355e+20
-6.8472e+20
-6.855e+20
-6.8613e+20
-6.8695e+20
-6.8899e+20
-6.9107e+20
-6.9155e+20
-6.9172e+20
-6.9322e+20
-6.9429e+20
-6.9436e+20
-6.9762e+20
-6.9776e+20
-6.9885e+20
-6.9975e+20
-7.0006e+20
-7.0211e+20
-7.0459e+20
-7.082e+20
-7.0994e+20
-7.1312e+20
-7.1532e+20
-7.1683e+20
-7.1684e+20
-7.1691e+20
-7.1912e+20
-7.1964e+20
-7.2377e+20
-7.2404e+20
-7.2805e+20
-7.2982e+20
-7.3239e+20
-7.3361e+20
-7.3793e+20
-7.3817e+20
-7.4218e+20
-7.4321e+20
-7.4487e+20
-7.4507e+20
-7.4629e+20
-7.4787e+20
-7.4933e+20
-7.5227e+20
-7.5406e+20
-7.5527e+20
-7.5581e+20
-7.5627e+20
-7.5771e+20
-7.581e+20
-7.5888e+20
-7.6054e+20
-7.6165e+20
-7.6269e+20
-7.6463e+20
-7.6643e+20
-7.6812e+20
-7.6856e+20
-7.7517e+20
-7.7541e+20
-7.7587e+20
-7.7625e+20
-7.7687e+20
-7.7791e+20
-7.7995e+20
-7.8009e+20
-7.82e+20
-7.8303e+20
-7.8466e+20
-7.8473e+20
-7.8552e+20
-7.8641e+20
-7.8749e+20
-7.9148e+20
-7.9176e+20
-7.9239e+20
-7.9306e+20
-7.9344e+20
-7.9574e+20
-7.9621e+20
-7.9727e+20
-7.9846e+20
-7.9903e+20
-8.0179e+20
-8.0288e+20
-8.0664e+20
-8.0762e+20
-8.0906e+20
-8.106e+20
-8.1359e+20
-8.1619e+20
-8.1666e+20
-8.1707e+20
-8.1707e+20
-8.1725e+20
-8.1802e+20
-8.188e+20
-8.1899e+20
-8.1926e+20
-8.2095e+20
-8.2098e+20
-8.2123e+20
-8.2295e+20
-8.2377e+20
-8.2404e+20
-8.2575e+20
-8.2596e+20
-8.2803e+20
-8.2832e+20
-8.2868e+20
-8.2959e+20
-8.2999e+20
-8.3144e+20
-8.3241e+20
-8.3392e+20
-8.3651e+20
-8.3923e+20
-8.3938e+20
-8.3946e+20
-8.3947e+20
-8.4128e+20
-8.4186e+20
-8.4191e+20
-8.4219e+20
-8.4237e+20
-8.4398e+20
-8.442e+20
-8.478e+20
-8.5026e+20
-8.5198e+20
-8.5225e+20
-8.5347e+20
-8.5845e+20
-8.5917e+20
-8.5961e+20
-8.6038e+20
-8.6255e+20
-8.6477e+20
-8.65e+20
-8.6686e+20
-8.6879e+20
-8.7086e+20
-8.7106e+20
-8.7115e+20
-8.7126e+20
-8.7172e+20
-8.7386e+20
-8.7704e+20
-8.797e+20
-8.8092e+20
-8.8273e+20
-8.8396e+20
-8.8426e+20
-8.8724e+20
-8.8886e+20
-8.8899e+20
-8.9104e+20
-8.9298e+20
-8.9325e+20
-8.9682e+20
-8.9825e+20
-9.0108e+20
-9.0163e+20
-9.0266e+20
-9.0355e+20
-9.0673e+20
-9.0726e+20
-9.0804e+20
-9.0953e+20
-9.1044e+20
-9.1045e+20
-9.1333e+20
-9.1372e+20
-9.1386e+20
-9.1548e+20
-9.1655e+20
-9.1683e+20
-9.2027e+20
-9.2171e+20
-9.2246e+20
-9.228e+20
-9.2372e+20
-9.2379e+20
-9.2499e+20
-9.2585e+20
-9.3132e+20
-9.3413e+20
-9.3573e+20
-9.3639e+20
-9.3762e+20
-9.3844e+20
-9.4245e+20
-9.4262e+20
-9.4631e+20
-9.4714e+20
-9.4861e+20
-9.4947e+20
-9.4977e+20
-9.5027e+20
-9.5067e+20
-9.5328e+20
-9.5806e+20
-9.5856e+20
-9.5856e+20
-9.5931e+20
-9.5975e+20
-9.6203e+20
-9.6239e+20
-9.6306e+20
-9.6328e+20
-9.6355e+20
-9.6402e+20
-9.6497e+20
-9.6777e+20
-9.6896e+20
-9.6919e+20
-9.6992e+20
-9.7083e+20
-9.7105e+20
-9.7266e+20
-9.7373e+20
-9.7642e+20
-9.7675e+20
-9.7788e+20
-9.7847e+20
-9.8049e+20
-9.8156e+20
-9.8346e+20
-9.8363e+20
-9.8501e+20
-9.8506e+20
-9.8669e+20
-9.8728e+20
-9.8869e+20
-9.9011e+20
-9.9022e+20
-9.9096e+20
-9.9412e+20
-9.9495e+20
-9.9523e+20
-9.9761e+20
-9.9871e+20
-9.9886e+20
-1.0002e+21
-1.0009e+21
-1.0017e+21
-1.0036e+21
-1.0067e+21
-1.0074e+21
-1.0077e+21
-1.0084e+21
-1.0094e+21
-1.0131e+21
-1.0139e+21
-1.0146e+21
-1.0146e+21
-1.0155e+21
-1.016e+21
-1.0191e+21
-1.0207e+21
-1.021e+21
-1.0256e+21
-1.0286e+21
-1.0296e+21
-1.0306e+21
-1.0314e+21
-1.0338e+21
-1.0353e+21
-1.0366e+21
-1.038e+21
-1.0382e+21
-1.0384e+21
-1.0385e+21
-1.0402e+21
-1.0402e+21
-1.0407e+21
-1.0408e+21
-1.0412e+21
-1.0421e+21
-1.0423e+21
-1.0423e+21
-1.0446e+21
-1.0446e+21
-1.0452e+21
-1.0468e+21
-1.0486e+21
-1.0491e+21
-1.0493e+21
-1.051e+21
-1.0572e+21
-1.0588e+21
-1.063e+21
-1.0638e+21
-1.0639e+21
-1.0659e+21
-1.068e+21
-1.0715e+21
-1.0717e+21
-1.0729e+21
-1.0746e+21
-1.0766e+21
-1.0788e+21
-1.08e+21
-1.0802e+21
-1.0813e+21
-1.0828e+21
-1.0828e+21
-1.0863e+21
-1.0882e+21
-1.089e+21
-1.0913e+21
-1.0915e+21
-1.0933e+21
-1.0937e+21
-1.0979e+21
-1.0979e+21
-1.1012e+21
-1.1017e+21
-1.1017e+21
-1.1031e+21
-1.1046e+21
-1.1058e+21
-1.1061e+21
-1.1074e+21
-1.1079e+21
-1.1082e+21
-1.1095e+21
-1.1113e+21
-1.1204e+21
-1.1215e+21
-1.1227e+21
-1.1231e+21
-1.1232e+21
-1.1234e+21
-1.1245e+21
-1.1248e+21
-1.1261e+21
-1.1263e+21
-1.1264e+21
-1.1266e+21
-1.1277e+21
-1.1281e+21
-1.129e+21
-1.13e+21
-1.131e+21
-1.1316e+21
-1.1318e+21
-1.132e+21
-1.132e+21
-1.1327e+21
-1.1333e+21
-1.1342e+21
-1.1343e+21
-1.1351e+21
-1.1353e+21
-1.1372e+21
-1.1379e+21
-1.1401e+21
-1.1421e+21
-1.1431e+21
-1.1433e+21
-1.1448e+21
-1.1459e+21
-1.1494e+21
-1.1509e+21
-1.1515e+21
-1.1517e+21
-1.1546e+21
-1.156e+21
-1.1569e+21
-1.1604e+21
-1.1637e+21
-1.1638e+21
-1.1644e+21
-1.1645e+21
-1.1653e+21
-1.1684e+21
-1.1704e+21
-1.1715e+21
-1.1735e+21
-1.1737e+21
-1.174e+21
-1.1753e+21
-1.1771e+21
-1.1776e+21
-1.1779e+21
-1.1786e+21
-1.1831e+21
-1.185e+21
-1.1852e+21
-1.1882e+21
-1.192e+21
-1.1935e+21
-1.1941e+21
-1.1949e+21
-1.1954e+21
-1.1961e+21
-1.1968e+21
-1.1978e+21
-1.1999e+21
-1.2005e+21
-1.2006e+21
-1.2027e+21
-1.2051e+21
-1.2071e+21
-1.2079e+21
-1.2086e+21
-1.2106e+21
-1.2108e+21
-1.2109e+21
-1.2118e+21
-1.212e+21
-1.2132e+21
-1.2138e+21
-1.2149e+21
-1.2161e+21
-1.2162e+21
-1.2171e+21
-1.2181e+21
-1.219e+21
-1.2227e+21
-1.2239e+21
-1.2314e+21
-1.2325e+21
-1.2339e+21
-1.2346e+21
-1.2347e+21
-1.2358e+21
-1.2373e+21
-1.2374e+21
-1.2392e+21
-1.2393e+21
-1.2394e+21
-1.2399e+21
-1.2404e+21
-1.2416e+21
-1.2418e+21
-1.2428e+21
-1.2431e+21
-1.2432e+21
-1.2491e+21
-1.2491e+21
-1.2501e+21
-1.2544e+21
-1.2555e+21
-1.2556e+21
-1.2591e+21
-1.2593e+21
-1.2623e+21
-1.265e+21
-1.2666e+21
-1.2683e+21
-1.2714e+21
-1.2721e+21
-1.2737e+21
-1.274e+21
-1.2764e+21
-1.2773e+21
-1.2794e+21
-1.2808e+21
-1.2812e+21
-1.2828e+21
-1.2832e+21
-1.2833e+21
-1.2898e+21
-1.2904e+21
-1.2912e+21
-1.292e+21
-1.2928e+21
-1.2928e+21
-1.2952e+21
-1.2971e+21
-1.2988e+21
-1.2993e+21
-1.2994e+21
-1.3019e+21
-1.3025e+21
-1.3025e+21
-1.3027e+21
-1.3035e+21
-1.3051e+21
-1.3064e+21
-1.3082e+21
-1.3083e+21
-1.3085e+21
-1.3094e+21
-1.3102e+21
-1.3107e+21
-1.3132e+21
-1.3139e+21
-1.314e+21
-1.3172e+21
-1.3183e+21
-1.3192e+21
-1.3202e+21
-1.3207e+21
-1.3212e+21
-1.324e+21
-1.3265e+21
-1.3269e+21
-1.3283e+21
-1.3287e+21
-1.3294e+21
-1.3333e+21
-1.3376e+21
-1.3389e+21
-1.3393e+21
-1.34e+21
-1.3422e+21
-1.3428e+21
-1.3447e+21
-1.346e+21
-1.3462e+21
-1.3463e+21
-1.3471e+21
-1.3476e+21
-1.3492e+21
-1.3494e+21
-1.3494e+21
-1.3499e+21
-1.3537e+21
-1.3542e+21
-1.3581e+21
-1.3603e+21
-1.3613e+21
-1.3623e+21
-1.3624e+21
-1.3637e+21
-1.3647e+21
-1.3663e+21
-1.3664e+21
-1.3666e+21
-1.3674e+21
-1.368e+21
-1.3703e+21
-1.3728e+21
-1.3732e+21
-1.3756e+21
-1.3767e+21
-1.3777e+21
-1.3797e+21
-1.3801e+21
-1.3814e+21
-1.3832e+21
-1.3847e+21
-1.3848e+21
-1.3857e+21
-1.3884e+21
-1.3894e+21
-1.3915e+21
-1.392e+21
-1.3921e+21
-1.3932e+21
-1.3952e+21
-1.3956e+21
-1.3957e+21
-1.3958e+21
-1.3958e+21
-1.3962e+21
-1.3969e+21
-1.397e+21
-1.4001e+21
-1.4015e+21
-1.4032e+21
-1.4037e+21
-1.4043e+21
-1.4061e+21
-1.4075e+21
-1.4092e+21
-1.4122e+21
-1.4127e+21
-1.414e+21
-1.4145e+21
-1.4155e+21
-1.4168e+21
-1.4184e+21
-1.4188e+21
-1.4213e+21
-1.4213e+21
-1.4223e+21
-1.4224e+21
-1.4243e+21
-1.4263e+21
-1.4294e+21
-1.4294e+21
-1.4304e+21
-1.4321e+21
-1.4322e+21
-1.4325e+21
-1.4333e+21
-1.4338e+21
-1.4346e+21
-1.4346e+21
-1.4378e+21
-1.4409e+21
-1.4445e+21
-1.4454e+21
-1.4456e+21
-1.4462e+21
-1.447e+21
-1.4495e+21
-1.4505e+21
-1.4519e+21
-1.4521e+21
-1.4527e+21
-1.4528e+21
-1.453e+21
-1.4543e+21
-1.4549e+21
-1.4558e+21
-1.4561e+21
-1.4582e+21
-1.4596e+21
-1.4603e+21
-1.4612e+21
-1.462e+21
-1.4628e+21
-1.4628e+21
-1.4632e+21
-1.4641e+21
-1.4646e+21
-1.4646e+21
-1.4651e+21
-1.4657e+21
-1.4658e+21
-1.4664e+21
-1.4666e+21
-1.4667e+21
-1.4677e+21
-1.468e+21
-1.4682e+21
-1.4686e+21
-1.4689e+21
-1.4705e+21
-1.4706e+21
-1.4714e+21
-1.4722e+21
-1.4728e+21
-1.4735e+21
-1.474e+21
-1.4743e+21
-1.4757e+21
-1.4767e+21
-1.4769e+21
-1.477e+21
-1.4792e+21
-1.4803e+21
-1.481e+21
-1.482e+21
-1.4827e+21
-1.4828e+21
-1.4834e+21
-1.4849e+21
-1.4857e+21
-1.4857e+21
-1.4868e+21
-1.4871e+21
-1.4872e+21
-1.4876e+21
-1.4886e+21
-1.4921e+21
-1.4922e+21
-1.4922e+21
-1.494e+21
-1.4954e+21
-1.497e+21
-1.497e+21
-1.5004e+21
-1.5026e+21
-1.5035e+21
-1.5044e+21
-1.506e+21
-1.5068e+21
-1.5092e+21
-1.5102e+21
-1.5116e+21
-1.5118e+21
-1.5145e+21
-1.5163e+21
-1.5188e+21
-1.5188e+21
-1.5189e+21
-1.5198e+21
-1.523e+21
-1.5238e+21
-1.5256e+21
-1.5262e+21
-1.53e+21
-1.53e+21
-1.5309e+21
-1.5314e+21
-1.5333e+21
-1.5368e+21
-1.5372e+21
-1.5374e+21
-1.5396e+21
-1.5438e+21
-1.545e+21
-1.5469e+21
-1.5478e+21
-1.5495e+21
-1.5495e+21
-1.5514e+21
-1.5516e+21
-1.5534e+21
-1.5549e+21
-1.5571e+21
-1.5575e+21
-1.5582e+21
-1.5589e+21
-1.5594e+21
-1.5605e+21
-1.5614e+21
-1.5646e+21
-1.5657e+21
-1.5665e+21
-1.5666e+21
-1.5677e+21
-1.5711e+21
-1.5729e+21
-1.5745e+21
-1.5753e+21
-1.5759e+21
-1.5771e+21
-1.58e+21
-1.5802e+21
-1.582e+21
-1.5826e+21
-1.5837e+21
-1.5845e+21
-1.5849e+21
-1.5866e+21
-1.5868e+21
-1.5884e+21
-1.5894e+21
-1.5922e+21
-1.5949e+21
-1.5967e+21
-1.5969e+21
-1.6002e+21
-1.6016e+21
-1.6024e+21
-1.6027e+21
-1.6045e+21
-1.6069e+21
-1.6097e+21
-1.6098e+21
-1.6098e+21
-1.6105e+21
-1.6115e+21
-1.6117e+21
-1.6118e+21
-1.6121e+21
-1.6127e+21
-1.6128e+21
-1.6137e+21
-1.6139e+21
-1.615e+21
-1.616e+21
-1.6231e+21
-1.6262e+21
-1.6262e+21
-1.6262e+21
-1.6289e+21
-1.6294e+21
-1.6301e+21
-1.6315e+21
-1.633e+21
-1.6349e+21
-1.6364e+21
-1.6377e+21
-1.6386e+21
-1.6397e+21
-1.6408e+21
-1.6422e+21
-1.6434e+21
-1.6435e+21
-1.6493e+21
-1.6506e+21
-1.6513e+21
-1.6514e+21
-1.6529e+21
-1.6539e+21
-1.6539e+21
-1.6548e+21
-1.6585e+21
-1.6597e+21
-1.6608e+21
-1.6611e+21
-1.6613e+21
-1.6622e+21
-1.663e+21
-1.6636e+21
-1.6663e+21
-1.6665e+21
-1.6665e+21
-1.6668e+21
-1.6702e+21
-1.6741e+21
-1.675e+21
-1.6757e+21
-1.6763e+21
-1.6775e+21
-1.6782e+21
-1.6783e+21
-1.6787e+21
-1.6799e+21
-1.6802e+21
-1.681e+21
-1.6823e+21
-1.6826e+21
-1.6836e+21
-1.6847e+21
-1.6847e+21
-1.6848e+21
-1.6855e+21
-1.6856e+21
-1.6857e+21
-1.6862e+21
-1.6865e+21
-1.6866e+21
-1.6868e+21
-1.6873e+21
-1.6874e+21
-1.6903e+21
-1.6928e+21
-1.6937e+21
-1.6949e+21
-1.6952e+21
-1.6964e+21
-1.6968e+21
-1.697e+21
-1.6977e+21
-1.6988e+21
-1.6992e+21
-1.7011e+21
-1.7022e+21
-1.7027e+21
-1.7031e+21
-1.7034e+21
-1.7044e+21
-1.7051e+21
-1.7053e+21
-1.7065e+21
-1.7066e+21
-1.7067e+21
-1.7071e+21
-1.7072e+21
-1.7083e+21
-1.7093e+21
-1.7096e+21
-1.712e+21
-1.7126e+21
-1.7128e+21
-1.714e+21
-1.7152e+21
-1.716e+21
-1.7175e+21
-1.7177e+21
-1.7183e+21
-1.7206e+21
-1.7211e+21
-1.7224e+21
-1.7225e+21
-1.723e+21
-1.7253e+21
-1.7258e+21
-1.7259e+21
-1.7262e+21
-1.727e+21
-1.7271e+21
-1.7273e+21
-1.7275e+21
-1.7276e+21
-1.7277e+21
-1.7278e+21
-1.7287e+21
-1.7301e+21
-1.7304e+21
-1.7305e+21
-1.7315e+21
-1.7321e+21
-1.7325e+21
-1.7331e+21
-1.7355e+21
-1.7384e+21
-1.7406e+21
-1.7469e+21
-1.7476e+21
-1.7481e+21
-1.7499e+21
-1.7503e+21
-1.7509e+21
-1.7534e+21
-1.7536e+21
-1.7539e+21
-1.7556e+21
-1.7581e+21
-1.7589e+21
-1.7614e+21
-1.7615e+21
-1.7633e+21
-1.7634e+21
-1.7643e+21
-1.7671e+21
-1.7673e+21
-1.7711e+21
-1.7718e+21
-1.7735e+21
-1.7737e+21
-1.7737e+21
-1.7752e+21
-1.7759e+21
-1.7762e+21
-1.7768e+21
-1.7789e+21
-1.7791e+21
-1.7792e+21
-1.7802e+21
-1.7811e+21
-1.7816e+21
-1.7816e+21
-1.782e+21
-1.7824e+21
-1.7826e+21
-1.7843e+21
-1.7845e+21
-1.7845e+21
-1.7846e+21
-1.7852e+21
-1.7856e+21
-1.7861e+21
-1.7866e+21
-1.787e+21
-1.7874e+21
-1.7877e+21
-1.788e+21
-1.7883e+21
-1.791e+21
-1.7922e+21
-1.7937e+21
-1.7939e+21
-1.7955e+21
-1.7965e+21
-1.7992e+21
-1.7998e+21
-1.8e+21
-1.8019e+21
-1.8033e+21
-1.8047e+21
-1.8048e+21
-1.8048e+21
-1.8068e+21
-1.8101e+21
-1.8114e+21
-1.8123e+21
-1.8132e+21
-1.8143e+21
-1.8147e+21
-1.815e+21
-1.8158e+21
-1.8164e+21
-1.8169e+21
-1.8191e+21
-1.8195e+21
-1.8195e+21
-1.8207e+21
-1.8208e+21
-1.8212e+21
-1.8214e+21
-1.8218e+21
-1.8221e+21
-1.8221e+21
-1.8234e+21
-1.8239e+21
-1.8252e+21
-1.8265e+21
-1.8268e+21
-1.8272e+21
-1.8278e+21
-1.8295e+21
-1.83e+21
-1.8307e+21
-1.832e+21
-1.8348e+21
-1.8349e+21
-1.8354e+21
-1.8357e+21
-1.8362e+21
-1.8363e+21
-1.8378e+21
-1.8391e+21
-1.8402e+21
-1.8403e+21
-1.8404e+21
-1.8407e+21
-1.841e+21
-1.8414e+21
-1.8416e+21
-1.842e+21
-1.8424e+21
-1.8425e+21
-1.8439e+21
-1.845e+21
-1.8451e+21
-1.8453e+21
-1.8457e+21
-1.8462e+21
-1.8472e+21
-1.8482e+21
-1.8485e+21
-1.8487e+21
-1.8495e+21
-1.8501e+21
-1.8526e+21
-1.8537e+21
-1.854e+21
-1.8543e+21
-1.8555e+21
-1.8561e+21
-1.8564e+21
-1.8596e+21
-1.8599e+21
-1.86e+21
-1.8603e+21
-1.862e+21
-1.8623e+21
-1.8633e+21
-1.8636e+21
-1.8646e+21
-1.8664e+21
-1.8665e+21
-1.8675e+21
-1.8675e+21
-1.8679e+21
-1.8682e+21
-1.8689e+21
-1.8692e+21
-1.8694e+21
-1.8698e+21
-1.8708e+21
-1.8719e+21
-1.872e+21
-1.8726e+21
-1.8737e+21
-1.8749e+21
-1.8759e+21
-1.8761e+21
-1.8786e+21
-1.8786e+21
-1.8801e+21
-1.8804e+21
-1.8804e+21
-1.8844e+21
-1.8884e+21
-1.8901e+21
-1.8908e+21
-1.8915e+21
-1.8916e+21
-1.8921e+21
-1.8924e+21
-1.8932e+21
-1.8944e+21
-1.8949e+21
-1.8977e+21
-1.898e+21
-1.8985e+21
-1.8997e+21
-1.9014e+21
-1.902e+21
-1.9025e+21
-1.9026e+21
-1.9026e+21
-1.9039e+21
-1.9042e+21
-1.9042e+21
-1.9044e+21
-1.9053e+21
-1.9055e+21
-1.9055e+21
-1.9064e+21
-1.9072e+21
-1.9088e+21
-1.9089e+21
-1.9091e+21
-1.9092e+21
-1.9094e+21
-1.9094e+21
-1.9098e+21
-1.9102e+21
-1.9103e+21
-1.9113e+21
-1.9127e+21
-1.9128e+21
-1.9128e+21
-1.9135e+21
-1.9136e+21
-1.9141e+21
-1.9142e+21
-1.9145e+21
-1.9157e+21
-1.9157e+21
-1.918e+21
-1.9182e+21
-1.9182e+21
-1.9187e+21
-1.9188e+21
-1.9188e+21
-1.9192e+21
-1.9212e+21
-1.9217e+21
-1.9219e+21
-1.9225e+21
-1.9227e+21
-1.9228e+21
-1.9228e+21
-1.9228e+21
-1.9232e+21
-1.9234e+21
-1.9235e+21
-1.9255e+21
-1.926e+21
-1.9261e+21
-1.9273e+21
-1.9276e+21
-1.9277e+21
-1.9288e+21
-1.9293e+21
-1.93e+21
-1.9318e+21
-1.9318e+21
-1.932e+21
-1.9324e+21
-1.9328e+21
-1.9329e+21
-1.9333e+21
-1.9343e+21
-1.9351e+21
-1.9353e+21
-1.9354e+21
-1.9355e+21
-1.9358e+21
-1.9363e+21
-1.9374e+21
-1.9392e+21
-1.9395e+21
-1.9406e+21
-1.941e+21
-1.9423e+21
-1.9432e+21
-1.9444e+21
-1.9456e+21
-1.9459e+21
-1.9466e+21
-1.9473e+21
-1.9496e+21
-1.9496e+21
-1.9503e+21
-1.951e+21
-1.9514e+21
-1.9521e+21
-1.9534e+21
-1.9537e+21
-1.9549e+21
-1.9556e+21
-1.9562e+21
-1.957e+21
-1.957e+21
-1.9572e+21
-1.9581e+21
-1.9588e+21
-1.959e+21
-1.9599e+21
-1.9602e+21
-1.9606e+21
-1.9614e+21
-1.9617e+21
-1.9633e+21
-1.9641e+21
-1.9643e+21
-1.9667e+21
-1.9689e+21
-1.9691e+21
-1.9708e+21
-1.971e+21
-1.9719e+21
-1.972e+21
-1.9724e+21
-1.9729e+21
-1.974e+21
-1.9758e+21
-1.9761e+21
-1.9764e+21
-1.9766e+21
-1.9769e+21
-1.977e+21
-1.9771e+21
-1.9781e+21
-1.9782e+21
-1.9803e+21
-1.981e+21
-1.9819e+21
-1.9833e+21
-1.9835e+21
-1.9841e+21
-1.9848e+21
-1.9852e+21
-1.9858e+21
-1.9858e+21
-1.9866e+21
-1.9868e+21
-1.9873e+21
-1.9881e+21
-1.9884e+21
-1.9896e+21
-1.9898e+21
-1.9899e+21
-1.9901e+21
-1.9932e+21
-1.9933e+21
-1.9934e+21
-1.9936e+21
-1.9937e+21
-1.9939e+21
-1.9945e+21
-1.9953e+21
-1.9959e+21
-1.9964e+21
-1.9968e+21
-1.9974e+21
-1.9979e+21
-1.9982e+21
-1.9983e+21
-1.9993e+21
-1.9995e+21
-2.0007e+21
-2.0013e+21
-2.0028e+21
-2.0034e+21
-2.0036e+21
-2.0049e+21
-2.0061e+21
-2.0068e+21
-2.0068e+21
-2.0073e+21
-2.008e+21
-2.0097e+21
-2.011e+21
-2.0113e+21
-2.0122e+21
-2.0124e+21
-2.0127e+21
-2.0131e+21
-2.0132e+21
-2.0136e+21
-2.014e+21
-2.0144e+21
-2.0144e+21
-2.0145e+21
-2.0147e+21
-2.0157e+21
-2.0159e+21
-2.0168e+21
-2.0175e+21
-2.0177e+21
-2.0177e+21
-2.0185e+21
-2.0191e+21
-2.0192e+21
-2.0193e+21
-2.0193e+21
-2.0201e+21
-2.0212e+21
-2.0215e+21
-2.0215e+21
-2.022e+21
-2.0231e+21
-2.026e+21
-2.0277e+21
-2.0281e+21
-2.0288e+21
-2.0292e+21
-2.0298e+21
-2.0305e+21
-2.0306e+21
-2.0307e+21
-2.0309e+21
-2.031e+21
-2.0323e+21
-2.0324e+21
-2.0331e+21
-2.0334e+21
-2.0344e+21
-2.036e+21
-2.036e+21
-2.0363e+21
-2.0364e+21
-2.0369e+21
-2.0369e+21
-2.037e+21
-2.037e+21
-2.0371e+21
-2.0373e+21
-2.0373e+21
-2.0374e+21
-2.0388e+21
-2.0392e+21
-2.0394e+21
-2.0401e+21
-2.0405e+21
-2.0406e+21
-2.041e+21
-2.0412e+21
-2.0428e+21
-2.0444e+21
-2.0449e+21
-2.0449e+21
-2.0465e+21
-2.0469e+21
-2.0479e+21
-2.0495e+21
-2.05e+21
-2.0502e+21
-2.0504e+21
-2.0507e+21
-2.0509e+21
-2.0521e+21
-2.0536e+21
-2.0545e+21
-2.0547e+21
-2.0549e+21
-2.0549e+21
-2.0562e+21
-2.057e+21
-2.0579e+21
-2.0587e+21
-2.0587e+21
-2.0591e+21
-2.06e+21
-2.0602e+21
-2.0603e+21
-2.0605e+21
-2.0606e+21
-2.0608e+21
-2.061e+21
-2.0615e+21
-2.0619e+21
-2.0625e+21
-2.0632e+21
-2.0632e+21
-2.0636e+21
-2.0637e+21
-2.0645e+21
-2.0649e+21
-2.065e+21
-2.0656e+21
-2.0657e+21
-2.0682e+21
-2.0688e+21
-2.0692e+21
-2.0696e+21
-2.071e+21
-2.0718e+21
-2.0733e+21
-2.0734e+21
-2.0752e+21
-2.0752e+21
-2.0766e+21
-2.0773e+21
-2.078e+21
-2.0784e+21
-2.079e+21
-2.079e+21
-2.0793e+21
-2.0805e+21
-2.0806e+21
-2.0813e+21
-2.0814e+21
-2.0815e+21
-2.0817e+21
-2.082e+21
-2.0836e+21
-2.0838e+21
-2.0838e+21
-2.0845e+21
-2.0848e+21
-2.0852e+21
-2.0856e+21
-2.0862e+21
-2.0864e+21
-2.0875e+21
-2.0875e+21
-2.088e+21
-2.0883e+21
-2.0885e+21
-2.0885e+21
-2.0902e+21
-2.0908e+21
-2.0929e+21
-2.094e+21
-2.0941e+21
-2.096e+21
-2.0969e+21
-2.0975e+21
-2.0979e+21
-2.0997e+21
-2.1006e+21
-2.1008e+21
-2.1009e+21
-2.1013e+21
-2.1021e+21
-2.1024e+21
-2.1029e+21
-2.1029e+21
-2.1055e+21
-2.1061e+21
