-5.5306e+19
-6.9558e+19
-7.0587e+19
-7.1857e+19
-7.2512e+19
-7.4731e+19
-7.7249e+19
-7.9589e+19
-8.3706e+19
-8.3858e+19
-8.393e+19
-8.4234e+19
-8.4315e+19
-8.5697e+19
-8.6442e+19
-8.6851e+19
-8.6929e+19
-8.7702e+19
-8.8495e+19
-8.9153e+19
-8.9618e+19
-8.9643e+19
-8.9912e+19
-9.0314e+19
-9.073e+19
-9.0835e+19
-9.0986e+19
-9.135e+19
-9.1486e+19
-9.1609e+19
-9.2131e+19
-9.219e+19
-9.2374e+19
-9.2469e+19
-9.3056e+19
-9.3057e+19
-9.3236e+19
-9.3249e+19
-9.3535e+19
-9.3701e+19
-9.3821e+19
-9.4449e+19
-9.4555e+19
-9.5214e+19
-9.559e+19
-9.5957e+19
-9.5994e+19
-9.656e+19
-9.7222e+19
-9.7225e+19
-9.7533e+19
-9.8071e+19
-9.874e+19
-9.8762e+19
-9.9067e+19
-9.9078e+19
-9.9314e+19
-9.9548e+19
-9.9905e+19
-1e+20
-1.0029e+20
-1.0029e+20
-1.0118e+20
-1.0129e+20
-1.0149e+20
-1.0155e+20
-1.0168e+20
-1.0182e+20
-1.0189e+20
-1.0189e+20
-1.0223e+20
-1.0237e+20
-1.0276e+20
-1.0357e+20
-1.0394e+20
-1.0406e+20
-1.0414e+20
-1.0416e+20
-1.0456e+20
-1.0486e+20
-1.05e+20
-1.0512e+20
-1.0529e+20
-1.0539e+20
-1.0539e+20
-1.0557e+20
-1.0584e+20
-1.0608e+20
-1.0622e+20
-1.065e+20
-1.0674e+20
-1.068e+20
-1.0712e+20
-1.0764e+20
-1.0791e+20
-1.0796e+20
-1.0808e+20
-1.0814e+20
-1.0823e+20
-1.0827e+20
-1.0877e+20
-1.0935e+20
-1.0969e+20
-1.1071e+20
-1.1078e+20
-1.1128e+20
-1.1152e+20
-1.1156e+20
-1.1163e+20
-1.1167e+20
-1.1185e+20
-1.124e+20
-1.1298e+20
-1.13e+20
-1.1331e+20
-1.1369e+20
-1.1377e+20
-1.1397e+20
-1.1428e+20
-1.1447e+20
-1.1516e+20
-1.1545e+20
-1.1548e+20
-1.1554e+20
-1.1604e+20
-1.1625e+20
-1.1643e+20
-1.1656e+20
-1.1666e+20
-1.1685e+20
-1.1692e+20
-1.1728e+20
-1.1759e+20
-1.176e+20
-1.1768e+20
-1.1771e+20
-1.1783e+20
-1.1814e+20
-1.1863e+20
-1.1882e+20
-1.1891e+20
-1.1902e+20
-1.1923e+20
-1.1928e+20
-1.1958e+20
-1.1986e+20
-1.2049e+20
-1.2074e+20
-1.2125e+20
-1.2127e+20
-1.2134e+20
-1.2139e+20
-1.2149e+20
-1.2161e+20
-1.2168e+20
-1.2201e+20
-1.2223e+20
-1.2231e+20
-1.2234e+20
-1.2292e+20
-1.2306e+20
-1.2321e+20
-1.2321e+20
-1.2348e+20
-1.2358e+20
-1.2428e+20
-1.2479e+20
-1.2503e+20
-1.2513e+20
-1.2553e+20
-1.2581e+20
-1.2624e+20
-1.2644e+20
-1.2658e+20
-1.2682e+20
-1.2753e+20
-1.2765e+20
-1.2808e+20
-1.2847e+20
-1.286e+20
-1.2875e+20
-1.2885e+20
-1.2916e+20
-1.2981e+20
-1.2985e+20
-1.2999e+20
-1.3009e+20
-1.3013e+20
-1.3014e+20
-1.3038e+20
-1.3047e+20
-1.3053e+20
-1.306e+20
-1.3139e+20
-1.314e+20
-1.3157e+20
-1.3158e+20
-1.3169e+20
-1.3189e+20
-1.3193e+20
-1.3219e+20
-1.3224e+20
-1.3225e+20
-1.3237e+20
-1.3244e+20
-1.3254e+20
-1.3291e+20
-1.3291e+20
-1.3293e+20
-1.3313e+20
-1.3342e+20
-1.337e+20
-1.337e+20
-1.3386e+20
-1.3391e+20
-1.3412e+20
-1.3428e+20
-1.3436e+20
-1.3437e+20
-1.3447e+20
-1.3447e+20
-1.3449e+20
-1.3466e+20
-1.3509e+20
-1.3511e+20
-1.3589e+20
-1.3612e+20
-1.3622e+20
-1.3666e+20
-1.3716e+20
-1.3724e+20
-1.3735e+20
-1.3763e+20
-1.3807e+20
-1.3856e+20
-1.389e+20
-1.3899e+20
-1.3933e+20
-1.3939e+20
-1.3954e+20
-1.3989e+20
-1.3991e+20
-1.4029e+20
-1.4039e+20
-1.4053e+20
-1.4055e+20
-1.4061e+20
-1.4074e+20
-1.4085e+20
-1.4097e+20
-1.4113e+20
-1.412e+20
-1.413e+20
-1.4155e+20
-1.4192e+20
-1.4273e+20
-1.4283e+20
-1.4288e+20
-1.4289e+20
-1.4301e+20
-1.4307e+20
-1.4307e+20
-1.437e+20
-1.4386e+20
-1.4389e+20
-1.4396e+20
-1.4399e+20
-1.4408e+20
-1.4432e+20
-1.4443e+20
-1.4481e+20
-1.4525e+20
-1.4527e+20
-1.4559e+20
-1.4598e+20
-1.4637e+20
-1.4665e+20
-1.4675e+20
-1.468e+20
-1.468e+20
-1.468e+20
-1.4684e+20
-1.4687e+20
-1.4714e+20
-1.4721e+20
-1.4736e+20
-1.4739e+20
-1.4826e+20
-1.4874e+20
-1.4888e+20
-1.493e+20
-1.4933e+20
-1.4942e+20
-1.4962e+20
-1.5003e+20
-1.5015e+20
-1.5017e+20
-1.5018e+20
-1.5018e+20
-1.5027e+20
-1.5038e+20
-1.5059e+20
-1.5089e+20
-1.5108e+20
-1.5153e+20
-1.5154e+20
-1.5155e+20
-1.5194e+20
-1.5195e+20
-1.5206e+20
-1.5222e+20
-1.523e+20
-1.5247e+20
-1.5249e+20
-1.5291e+20
-1.5326e+20
-1.5329e+20
-1.5367e+20
-1.5378e+20
-1.5392e+20
-1.5415e+20
-1.5417e+20
-1.5462e+20
-1.547e+20
-1.5481e+20
-1.5505e+20
-1.5505e+20
-1.5536e+20
-1.5546e+20
-1.5553e+20
-1.5572e+20
-1.5587e+20
-1.5605e+20
-1.5667e+20
-1.5682e+20
-1.5696e+20
-1.572e+20
-1.5773e+20
-1.5861e+20
-1.5867e+20
-1.5877e+20
-1.593e+20
-1.5951e+20
-1.5955e+20
-1.599e+20
-1.6007e+20
-1.6028e+20
-1.6074e+20
-1.6082e+20
-1.6136e+20
-1.6192e+20
-1.6199e+20
-1.6202e+20
-1.621e+20
-1.6231e+20
-1.6255e+20
-1.6258e+20
-1.6285e+20
-1.6304e+20
-1.6307e+20
-1.6337e+20
-1.6339e+20
-1.6374e+20
-1.6385e+20
-1.642e+20
-1.6464e+20
-1.6484e+20
-1.6504e+20
-1.6507e+20
-1.6516e+20
-1.6547e+20
-1.6567e+20
-1.6568e+20
-1.6583e+20
-1.6598e+20
-1.6601e+20
-1.6628e+20
-1.6667e+20
-1.6681e+20
-1.6693e+20
-1.674e+20
-1.6757e+20
-1.6757e+20
-1.6771e+20
-1.6824e+20
-1.6852e+20
-1.6862e+20
-1.6871e+20
-1.6918e+20
-1.6925e+20
-1.6942e+20
-1.7017e+20
-1.7081e+20
-1.7121e+20
-1.714e+20
-1.7146e+20
-1.7146e+20
-1.7155e+20
-1.7156e+20
-1.7179e+20
-1.7216e+20
-1.725e+20
-1.7253e+20
-1.7269e+20
-1.7278e+20
-1.7285e+20
-1.7357e+20
-1.7372e+20
-1.7398e+20
-1.7414e+20
-1.7416e+20
-1.742e+20
-1.7438e+20
-1.7442e+20
-1.7463e+20
-1.747e+20
-1.7482e+20
-1.7509e+20
-1.7529e+20
-1.7532e+20
-1.7539e+20
-1.7545e+20
-1.7571e+20
-1.7599e+20
-1.7619e+20
-1.765e+20
-1.7652e+20
-1.7682e+20
-1.769e+20
-1.7701e+20
-1.7722e+20
-1.7722e+20
-1.7765e+20
-1.7793e+20
-1.7805e+20
-1.7841e+20
-1.7876e+20
-1.788e+20
-1.7906e+20
-1.7942e+20
-1.7946e+20
-1.7976e+20
-1.7994e+20
-1.8036e+20
-1.8058e+20
-1.806e+20
-1.8091e+20
-1.8101e+20
-1.8101e+20
-1.816e+20
-1.8163e+20
-1.8219e+20
-1.8253e+20
-1.8254e+20
-1.8255e+20
-1.8269e+20
-1.831e+20
-1.8312e+20
-1.8315e+20
-1.8328e+20
-1.8346e+20
-1.835e+20
-1.8423e+20
-1.8495e+20
-1.8509e+20
-1.8549e+20
-1.8581e+20
-1.8629e+20
-1.8644e+20
-1.8648e+20
-1.8654e+20
-1.8689e+20
-1.8697e+20
-1.8713e+20
-1.8722e+20
-1.8724e+20
-1.8798e+20
-1.8805e+20
-1.8858e+20
-1.8945e+20
-1.8984e+20
-1.8993e+20
-1.9037e+20
-1.9066e+20
-1.9069e+20
-1.9094e+20
-1.9115e+20
-1.913e+20
-1.9135e+20
-1.9145e+20
-1.9154e+20
-1.9181e+20
-1.9181e+20
-1.9232e+20
-1.9258e+20
-1.9266e+20
-1.9276e+20
-1.9284e+20
-1.9299e+20
-1.9368e+20
-1.9383e+20
-1.9501e+20
-1.9552e+20
-1.9593e+20
-1.9607e+20
-1.9655e+20
-1.9686e+20
-1.9699e+20
-1.9722e+20
-1.9726e+20
-1.9732e+20
-1.9746e+20
-1.9758e+20
-1.9789e+20
-1.9813e+20
-1.9831e+20
-1.9837e+20
-1.9869e+20
-1.9906e+20
-1.9906e+20
-1.9928e+20
-1.9936e+20
-1.9952e+20
-1.9956e+20
-1.9998e+20
-2.0004e+20
-2.0004e+20
-2.0028e+20
-2.0034e+20
-2.0041e+20
-2.0042e+20
-2.0046e+20
-2.008e+20
-2.0125e+20
-2.019e+20
-2.0209e+20
-2.0224e+20
-2.033e+20
-2.0335e+20
-2.0345e+20
-2.036e+20
-2.0363e+20
-2.0365e+20
-2.0381e+20
-2.04e+20
-2.0406e+20
-2.0425e+20
-2.0457e+20
-2.0506e+20
-2.0534e+20
-2.0577e+20
-2.0666e+20
-2.0679e+20
-2.0728e+20
-2.0738e+20
-2.0752e+20
-2.0755e+20
-2.0756e+20
-2.0802e+20
-2.0836e+20
-2.0842e+20
-2.0866e+20
-2.096e+20
-2.0964e+20
-2.0972e+20
-2.1034e+20
-2.1064e+20
-2.1083e+20
-2.1083e+20
-2.1135e+20
-2.1166e+20
-2.1206e+20
-2.1286e+20
-2.1315e+20
-2.1317e+20
-2.1353e+20
-2.1407e+20
-2.1452e+20
-2.1455e+20
-2.1468e+20
-2.1468e+20
-2.1513e+20
-2.155e+20
-2.1556e+20
-2.1575e+20
-2.1603e+20
-2.1651e+20
-2.1658e+20
-2.1671e+20
-2.1697e+20
-2.1709e+20
-2.175e+20
-2.1758e+20
-2.18e+20
-2.1829e+20
-2.187e+20
-2.1901e+20
-2.1912e+20
-2.1914e+20
-2.1914e+20
-2.1917e+20
-2.194e+20
-2.1944e+20
-2.2061e+20
-2.2066e+20
-2.213e+20
-2.2135e+20
-2.2149e+20
-2.2249e+20
-2.2284e+20
-2.234e+20
-2.235e+20
-2.2362e+20
-2.2366e+20
-2.2368e+20
-2.2374e+20
-2.2375e+20
-2.238e+20
-2.2427e+20
-2.251e+20
-2.2531e+20
-2.254e+20
-2.2547e+20
-2.255e+20
-2.2628e+20
-2.2654e+20
-2.2681e+20
-2.2706e+20
-2.2724e+20
-2.2738e+20
-2.274e+20
-2.2796e+20
-2.2854e+20
-2.286e+20
-2.2888e+20
-2.2927e+20
-2.3039e+20
-2.308e+20
-2.3108e+20
-2.3204e+20
-2.3249e+20
-2.3384e+20
-2.3415e+20
-2.3416e+20
-2.3418e+20
-2.3456e+20
-2.3469e+20
-2.3497e+20
-2.3594e+20
-2.3603e+20
-2.3637e+20
-2.3662e+20
-2.3687e+20
-2.3733e+20
-2.3761e+20
-2.3774e+20
-2.379e+20
-2.3817e+20
-2.3832e+20
-2.3871e+20
-2.391e+20
-2.3923e+20
-2.3976e+20
-2.3979e+20
-2.3982e+20
-2.4001e+20
-2.4033e+20
-2.4065e+20
-2.4138e+20
-2.416e+20
-2.4281e+20
-2.4421e+20
-2.4455e+20
-2.4457e+20
-2.4462e+20
-2.4624e+20
-2.4689e+20
-2.4708e+20
-2.4714e+20
-2.4782e+20
-2.4789e+20
-2.4902e+20
-2.4902e+20
-2.4911e+20
-2.4942e+20
-2.4947e+20
-2.5155e+20
-2.5161e+20
-2.5169e+20
-2.5177e+20
-2.5181e+20
-2.519e+20
-2.5215e+20
-2.5261e+20
-2.5267e+20
-2.529e+20
-2.5343e+20
-2.5397e+20
-2.5435e+20
-2.5506e+20
-2.5518e+20
-2.5523e+20
-2.5524e+20
-2.5542e+20
-2.5568e+20
-2.5599e+20
-2.5624e+20
-2.5626e+20
-2.5639e+20
-2.5639e+20
-2.5696e+20
-2.5702e+20
-2.5714e+20
-2.5715e+20
-2.5736e+20
-2.5774e+20
-2.5779e+20
-2.5874e+20
-2.5918e+20
-2.5938e+20
-2.5945e+20
-2.5993e+20
-2.6005e+20
-2.6041e+20
-2.6143e+20
-2.6195e+20
-2.6277e+20
-2.629e+20
-2.6311e+20
-2.6372e+20
-2.6435e+20
-2.6493e+20
-2.6528e+20
-2.6566e+20
-2.6575e+20
-2.6587e+20
-2.6594e+20
-2.6603e+20
-2.6605e+20
-2.6639e+20
-2.6642e+20
-2.6644e+20
-2.6674e+20
-2.6714e+20
-2.6724e+20
-2.6759e+20
-2.6762e+20
-2.6763e+20
-2.6769e+20
-2.6798e+20
-2.6826e+20
-2.6829e+20
-2.6904e+20
-2.6926e+20
-2.6929e+20
-2.6937e+20
-2.7261e+20
-2.7275e+20
-2.7283e+20
-2.7299e+20
-2.7344e+20
-2.7362e+20
-2.7363e+20
-2.7399e+20
-2.7523e+20
-2.755e+20
-2.7555e+20
-2.76e+20
-2.7645e+20
-2.7691e+20
-2.7697e+20
-2.7748e+20
-2.7824e+20
-2.7845e+20
-2.7865e+20
-2.7961e+20
-2.7999e+20
-2.8011e+20
-2.8048e+20
-2.8054e+20
-2.8093e+20
-2.8097e+20
-2.8126e+20
-2.8172e+20
-2.8217e+20
-2.829e+20
-2.8293e+20
-2.8335e+20
-2.8391e+20
-2.8438e+20
-2.8498e+20
-2.8542e+20
-2.86e+20
-2.8642e+20
-2.8662e+20
-2.8718e+20
-2.8721e+20
-2.8726e+20
-2.8745e+20
-2.8751e+20
-2.8854e+20
-2.8859e+20
-2.9019e+20
-2.9025e+20
-2.9034e+20
-2.9053e+20
-2.9083e+20
-2.9215e+20
-2.9226e+20
-2.9231e+20
-2.9233e+20
-2.9262e+20
-2.93e+20
-2.9538e+20
-2.9588e+20
-2.9645e+20
-2.9646e+20
-2.9708e+20
-2.9767e+20
-2.977e+20
-2.9801e+20
-2.9814e+20
-2.9996e+20
-3.0021e+20
-3.005e+20
-3.0102e+20
-3.012e+20
-3.0126e+20
-3.0128e+20
-3.0135e+20
-3.0148e+20
-3.0188e+20
-3.0237e+20
-3.0297e+20
-3.0302e+20
-3.0304e+20
-3.0356e+20
-3.0359e+20
-3.0377e+20
-3.0395e+20
-3.0402e+20
-3.0489e+20
-3.0557e+20
-3.0565e+20
-3.0615e+20
-3.0646e+20
-3.0655e+20
-3.0659e+20
-3.0709e+20
-3.0737e+20
-3.0766e+20
-3.0771e+20
-3.0822e+20
-3.0864e+20
-3.0915e+20
-3.1036e+20
-3.1133e+20
-3.1164e+20
-3.1165e+20
-3.1204e+20
-3.1228e+20
-3.1233e+20
-3.1255e+20
-3.1276e+20
-3.1315e+20
-3.135e+20
-3.1362e+20
-3.1373e+20
-3.1419e+20
-3.1497e+20
-3.1558e+20
-3.1583e+20
-3.1603e+20
-3.1613e+20
-3.1623e+20
-3.164e+20
-3.1713e+20
-3.1802e+20
-3.183e+20
-3.1836e+20
-3.1865e+20
-3.1907e+20
-3.2087e+20
-3.2114e+20
-3.2152e+20
-3.2209e+20
-3.2299e+20
-3.2329e+20
-3.2363e+20
-3.2371e+20
-3.2427e+20
-3.2439e+20
-3.2452e+20
-3.2516e+20
-3.2635e+20
-3.2651e+20
-3.2669e+20
-3.2731e+20
-3.276e+20
-3.2801e+20
-3.3008e+20
-3.3056e+20
-3.3057e+20
-3.3076e+20
-3.3092e+20
-3.3136e+20
-3.3136e+20
-3.3151e+20
-3.3161e+20
-3.3164e+20
-3.3207e+20
-3.3551e+20
-3.3656e+20
-3.3782e+20
-3.3793e+20
-3.392e+20
-3.3926e+20
-3.3937e+20
-3.3937e+20
-3.4006e+20
-3.4027e+20
-3.4056e+20
-3.4152e+20
-3.4188e+20
-3.4298e+20
-3.4403e+20
-3.4415e+20
-3.4419e+20
-3.4445e+20
-3.4494e+20
-3.4508e+20
-3.4576e+20
-3.4599e+20
-3.463e+20
-3.4696e+20
-3.4733e+20
-3.4737e+20
-3.4839e+20
-3.4844e+20
-3.4862e+20
-3.4901e+20
-3.4905e+20
-3.4926e+20
-3.5e+20
-3.5005e+20
-3.5027e+20
-3.5122e+20
-3.5131e+20
-3.5133e+20
-3.518e+20
-3.5237e+20
-3.5248e+20
-3.5283e+20
-3.5343e+20
-3.5357e+20
-3.5394e+20
-3.5397e+20
-3.5457e+20
-3.552e+20
-3.5612e+20
-3.5635e+20
-3.574e+20
-3.5825e+20
-3.5843e+20
-3.5878e+20
-3.5883e+20
-3.5885e+20
-3.5993e+20
-3.6022e+20
-3.6038e+20
-3.6041e+20
-3.607e+20
-3.6094e+20
-3.6101e+20
-3.6133e+20
-3.6143e+20
-3.6209e+20
-3.6299e+20
-3.6353e+20
-3.6387e+20
-3.6396e+20
-3.646e+20
-3.6484e+20
-3.6624e+20
-3.6736e+20
-3.6737e+20
-3.6822e+20
-3.6872e+20
-3.6888e+20
-3.6915e+20
-3.7048e+20
-3.7048e+20
-3.7192e+20
-3.7297e+20
-3.7305e+20
-3.7395e+20
-3.741e+20
-3.748e+20
-3.7553e+20
-3.765e+20
-3.7667e+20
-3.7715e+20
-3.773e+20
-3.7855e+20
-3.7876e+20
-3.7899e+20
-3.7903e+20
-3.7958e+20
-3.7961e+20
-3.7992e+20
-3.8109e+20
-3.8198e+20
-3.8212e+20
-3.8213e+20
-3.8224e+20
-3.823e+20
-3.8335e+20
-3.8369e+20
-3.8388e+20
-3.8431e+20
-3.8476e+20
-3.874e+20
-3.8775e+20
-3.8821e+20
-3.8852e+20
-3.8888e+20
-3.8909e+20
-3.8943e+20
-3.8962e+20
-3.9017e+20
-3.9036e+20
-3.9041e+20
-3.913e+20
-3.9141e+20
-3.9182e+20
-3.9209e+20
-3.9219e+20
-3.9378e+20
-3.9396e+20
-3.9417e+20
-3.955e+20
-3.9702e+20
-3.9744e+20
-3.9779e+20
-3.9873e+20
-3.9913e+20
-3.9925e+20
-3.9927e+20
-4.0005e+20
-4.0027e+20
-4.0054e+20
-4.0094e+20
-4.0172e+20
-4.0302e+20
-4.036e+20
-4.0379e+20
-4.0457e+20
-4.0632e+20
-4.0637e+20
-4.0641e+20
-4.0698e+20
-4.0944e+20
-4.095e+20
-4.0956e+20
-4.0977e+20
-4.098e+20
-4.1045e+20
-4.1054e+20
-4.1084e+20
-4.1096e+20
-4.1132e+20
-4.1178e+20
-4.1182e+20
-4.1203e+20
-4.1228e+20
-4.1262e+20
-4.1304e+20
-4.1408e+20
-4.1462e+20
-4.1548e+20
-4.1631e+20
-4.1647e+20
-4.1681e+20
-4.1695e+20
-4.1724e+20
-4.1757e+20
-4.1791e+20
-4.1884e+20
-4.1964e+20
-4.1967e+20
-4.2042e+20
-4.2054e+20
-4.2067e+20
-4.2094e+20
-4.2129e+20
-4.2248e+20
-4.226e+20
-4.2263e+20
-4.2312e+20
-4.2312e+20
-4.2342e+20
-4.2382e+20
-4.2517e+20
-4.2544e+20
-4.2544e+20
-4.2545e+20
-4.2547e+20
-4.2572e+20
-4.2589e+20
-4.2654e+20
-4.2704e+20
-4.272e+20
-4.2816e+20
-4.2824e+20
-4.2853e+20
-4.2855e+20
-4.2909e+20
-4.2915e+20
-4.3114e+20
-4.3114e+20
-4.3241e+20
-4.3306e+20
-4.3341e+20
-4.3371e+20
-4.3402e+20
-4.3525e+20
-4.3564e+20
-4.376e+20
-4.383e+20
-4.386e+20
-4.3875e+20
-4.3876e+20
-4.3884e+20
-4.3968e+20
-4.3979e+20
-4.41e+20
-4.4343e+20
-4.4353e+20
-4.4357e+20
-4.436e+20
-4.4361e+20
-4.443e+20
-4.4503e+20
-4.4525e+20
-4.4526e+20
-4.4561e+20
-4.4615e+20
-4.4778e+20
-4.48e+20
-4.4817e+20
-4.4861e+20
-4.4909e+20
-4.4948e+20
-4.4972e+20
-4.503e+20
-4.5147e+20
-4.5232e+20
-4.5261e+20
-4.5291e+20
-4.5362e+20
-4.5613e+20
-4.5672e+20
-4.5901e+20
-4.5999e+20
-4.6013e+20
-4.6118e+20
-4.6142e+20
-4.6171e+20
-4.6229e+20
-4.6248e+20
-4.6367e+20
-4.6465e+20
-4.6542e+20
-4.6551e+20
-4.6599e+20
-4.6631e+20
-4.6654e+20
-4.6704e+20
-4.6708e+20
-4.684e+20
-4.6956e+20
-4.7016e+20
-4.712e+20
-4.7246e+20
-4.7266e+20
-4.735e+20
-4.7369e+20
-4.7414e+20
-4.7459e+20
-4.7553e+20
-4.7559e+20
-4.766e+20
-4.7706e+20
-4.7722e+20
-4.776e+20
-4.7876e+20
-4.7953e+20
-4.8002e+20
-4.8026e+20
-4.8159e+20
-4.8207e+20
-4.8255e+20
-4.8269e+20
-4.829e+20
-4.8326e+20
-4.8333e+20
-4.8377e+20
-4.8458e+20
-4.8467e+20
-4.8477e+20
-4.8491e+20
-4.8529e+20
-4.8559e+20
-4.8644e+20
-4.8669e+20
-4.8895e+20
-4.8938e+20
-4.897e+20
-4.9006e+20
-4.9035e+20
-4.905e+20
-4.9066e+20
-4.907e+20
-4.9083e+20
-4.9218e+20
-4.9229e+20
-4.9296e+20
-4.9342e+20
-4.9367e+20
-4.9394e+20
-4.9413e+20
-4.9429e+20
-4.9457e+20
-4.9558e+20
-4.9584e+20
-4.9627e+20
-4.9751e+20
-4.9783e+20
-4.9954e+20
-4.9967e+20
-4.9972e+20
-4.9985e+20
-4.9995e+20
-5.0007e+20
-5.0027e+20
-5.0087e+20
-5.0087e+20
-5.0183e+20
-5.0314e+20
-5.0315e+20
-5.0322e+20
-5.0325e+20
-5.04e+20
-5.045e+20
-5.055e+20
-5.0605e+20
-5.0652e+20
-5.0765e+20
-5.0869e+20
-5.0935e+20
-5.1057e+20
-5.1062e+20
-5.1168e+20
-5.1194e+20
-5.1198e+20
-5.1231e+20
-5.1352e+20
-5.1362e+20
-5.1365e+20
-5.1389e+20
-5.1398e+20
-5.1417e+20
-5.1556e+20
-5.159e+20
-5.165e+20
-5.1725e+20
-5.1758e+20
-5.1844e+20
-5.1881e+20
-5.1906e+20
-5.1912e+20
-5.2012e+20
-5.2094e+20
-5.2194e+20
-5.2316e+20
-5.2321e+20
-5.2329e+20
-5.2364e+20
-5.2417e+20
-5.2506e+20
-5.2546e+20
-5.2638e+20
-5.2655e+20
-5.2719e+20
-5.2739e+20
-5.2758e+20
-5.2806e+20
-5.282e+20
-5.2835e+20
-5.3012e+20
-5.3022e+20
-5.3061e+20
-5.3108e+20
-5.3178e+20
-5.3277e+20
-5.3389e+20
-5.3441e+20
-5.3532e+20
-5.3565e+20
-5.3567e+20
-5.369e+20
-5.3701e+20
-5.371e+20
-5.3713e+20
-5.373e+20
-5.3768e+20
-5.382e+20
-5.3834e+20
-5.388e+20
-5.3962e+20
-5.3969e+20
-5.398e+20
-5.3981e+20
-5.4005e+20
-5.4031e+20
-5.4047e+20
-5.4168e+20
-5.4327e+20
-5.4366e+20
-5.4372e+20
-5.44e+20
-5.442e+20
-5.4462e+20
-5.4521e+20
-5.4575e+20
-5.4642e+20
-5.4735e+20
-5.4741e+20
-5.4815e+20
-5.4927e+20
-5.5032e+20
-5.5078e+20
-5.5114e+20
-5.5147e+20
-5.5176e+20
-5.5194e+20
-5.5237e+20
-5.5262e+20
-5.5321e+20
-5.5393e+20
-5.5448e+20
-5.5616e+20
-5.5657e+20
-5.569e+20
-5.5703e+20
-5.5716e+20
-5.5771e+20
-5.5854e+20
-5.6055e+20
-5.6062e+20
-5.615e+20
-5.6277e+20
-5.6289e+20
-5.6369e+20
-5.6425e+20
-5.6502e+20
-5.6792e+20
-5.6908e+20
-5.7003e+20
-5.7044e+20
-5.707e+20
-5.7115e+20
-5.715e+20
-5.7198e+20
-5.7261e+20
-5.734e+20
-5.7473e+20
-5.7541e+20
-5.7697e+20
-5.772e+20
-5.7732e+20
-5.7742e+20
-5.7764e+20
-5.7881e+20
-5.7922e+20
-5.8036e+20
-5.8045e+20
-5.8115e+20
-5.8218e+20
-5.8343e+20
-5.8374e+20
-5.8397e+20
-5.8526e+20
-5.8713e+20
-5.8846e+20
-5.8847e+20
-5.888e+20
-5.8918e+20
-5.895e+20
-5.8983e+20
-5.9002e+20
-5.9186e+20
-5.9199e+20
-5.9278e+20
-5.9315e+20
-5.9536e+20
-5.9611e+20
-5.971e+20
-5.971e+20
-5.9714e+20
-5.9826e+20
-5.9923e+20
-5.9931e+20
-6.0006e+20
-6.0198e+20
-6.024e+20
-6.0274e+20
-6.0362e+20
-6.0381e+20
-6.0385e+20
-6.058e+20
-6.0586e+20
-6.0632e+20
-6.0809e+20
-6.081e+20
-6.085e+20
-6.0888e+20
-6.0922e+20
-6.0924e+20
-6.1093e+20
-6.1153e+20
-6.1246e+20
-6.1272e+20
-6.1329e+20
-6.1343e+20
-6.1358e+20
-6.1368e+20
-6.1394e+20
-6.1415e+20
-6.1432e+20
-6.1461e+20
-6.1467e+20
-6.1602e+20
-6.1638e+20
-6.1679e+20
-6.173e+20
-6.1733e+20
-6.1775e+20
-6.181e+20
-6.1898e+20
-6.193e+20
-6.1978e+20
-6.2052e+20
-6.2127e+20
-6.2236e+20
-6.2279e+20
-6.2388e+20
-6.2636e+20
-6.2726e+20
-6.2854e+20
-6.2932e+20
-6.2991e+20
-6.3001e+20
-6.3193e+20
-6.3205e+20
-6.3313e+20
-6.3388e+20
-6.3502e+20
-6.3547e+20
-6.3722e+20
-6.3729e+20
-6.3821e+20
-6.3854e+20
-6.4143e+20
-6.4156e+20
-6.4272e+20
-6.4327e+20
-6.4359e+20
-6.4428e+20
-6.4556e+20
-6.4609e+20
-6.4674e+20
-6.4764e+20
-6.4818e+20
-6.486e+20
-6.4912e+20
-6.4933e+20
-6.4934e+20
-6.501e+20
-6.5073e+20
-6.5076e+20
-6.5173e+20
-6.5226e+20
-6.528e+20
-6.5293e+20
-6.5304e+20
-6.5473e+20
-6.5517e+20
-6.5684e+20
-6.5723e+20
-6.5892e+20
-6.5923e+20
-6.5947e+20
-6.5959e+20
-6.6021e+20
-6.6221e+20
-6.6245e+20
-6.6271e+20
-6.6289e+20
-6.65e+20
-6.6551e+20
-6.6571e+20
-6.6748e+20
-6.6877e+20
-6.6981e+20
-6.7036e+20
-6.7149e+20
-6.7186e+20
-6.7197e+20
-6.7221e+20
-6.7279e+20
-6.7424e+20
-6.7448e+20
-6.7559e+20
-6.7587e+20
-6.771e+20
-6.7743e+20
-6.7788e+20
-6.8168e+20
-6.8292e+20
-6.8355e+20
-6.8452e+20
-6.8454e+20
-6.8472e+20
-6.8489e+20
-6.8521e+20
-6.855e+20
-6.8613e+20
-6.8695e+20
-6.8879e+20
-6.8899e+20
-6.8909e+20
-6.895e+20
-6.9098e+20
-6.9103e+20
-6.9107e+20
-6.9155e+20
-6.9163e+20
-6.9172e+20
-6.9322e+20
-6.9392e+20
-6.9417e+20
-6.9429e+20
-6.9436e+20
-6.9453e+20
-6.9474e+20
-6.9731e+20
-6.9762e+20
-6.9774e+20
-6.9776e+20
-6.9785e+20
-6.9885e+20
-6.9975e+20
-7.0006e+20
-7.0211e+20
-7.0238e+20
-7.0353e+20
-7.0409e+20
-7.045e+20
-7.0459e+20
-7.056e+20
-7.0673e+20
-7.0712e+20
-7.082e+20
-7.0994e+20
-7.1258e+20
-7.1311e+20
-7.1312e+20
-7.1505e+20
-7.1532e+20
-7.1615e+20
-7.1683e+20
-7.1684e+20
-7.1691e+20
-7.1703e+20
-7.1873e+20
-7.1912e+20
-7.1964e+20
-7.1968e+20
-7.1974e+20
-7.2377e+20
-7.2404e+20
-7.2508e+20
-7.257e+20
-7.2639e+20
-7.2719e+20
-7.2805e+20
-7.2982e+20
-7.3116e+20
-7.32e+20
-7.3239e+20
-7.3361e+20
-7.3444e+20
-7.3666e+20
-7.3745e+20
-7.3793e+20
-7.3817e+20
-7.4071e+20
-7.4218e+20
-7.4321e+20
-7.4487e+20
-7.4507e+20
-7.4629e+20
-7.4721e+20
-7.4787e+20
-7.4933e+20
-7.5148e+20
-7.5226e+20
-7.5227e+20
-7.5406e+20
-7.5511e+20
-7.5527e+20
-7.5567e+20
-7.5581e+20
-7.5627e+20
-7.5746e+20
-7.5771e+20
-7.581e+20
-7.5888e+20
-7.6054e+20
-7.6069e+20
-7.6138e+20
-7.6165e+20
-7.6269e+20
-7.6337e+20
-7.6463e+20
-7.654e+20
-7.6643e+20
-7.6777e+20
-7.6812e+20
-7.6856e+20
-7.6951e+20
-7.7197e+20
-7.7329e+20
-7.7498e+20
-7.7517e+20
-7.752e+20
-7.7537e+20
-7.7541e+20
-7.7587e+20
-7.7625e+20
-7.7687e+20
-7.7701e+20
-7.7791e+20
-7.7895e+20
-7.7995e+20
-7.8009e+20
-7.8154e+20
-7.8181e+20
-7.82e+20
-7.826e+20
-7.8296e+20
-7.8303e+20
-7.8466e+20
-7.8473e+20
-7.8552e+20
-7.8641e+20
-7.873e+20
-7.8735e+20
-7.8749e+20
-7.9148e+20
-7.9176e+20
-7.9194e+20
-7.9239e+20
-7.9306e+20
-7.9344e+20
-7.9431e+20
-7.9493e+20
-7.9574e+20
-7.9621e+20
-7.9691e+20
-7.9715e+20
-7.9727e+20
-7.9762e+20
-7.9846e+20
-7.9864e+20
-7.9903e+20
-7.9988e+20
-8.0149e+20
-8.0179e+20
-8.0188e+20
-8.0288e+20
-8.0592e+20
-8.0664e+20
-8.0686e+20
-8.0718e+20
-8.0762e+20
-8.0906e+20
-8.106e+20
-8.1256e+20
-8.1359e+20
-8.1493e+20
-8.1546e+20
-8.1619e+20
-8.1666e+20
-8.1707e+20
-8.1707e+20
-8.1725e+20
-8.1725e+20
-8.1802e+20
-8.188e+20
-8.1899e+20
-8.1912e+20
-8.1915e+20
-8.1926e+20
-8.2095e+20
-8.2098e+20
-8.2123e+20
-8.2184e+20
-8.2279e+20
-8.2295e+20
-8.2377e+20
-8.2397e+20
-8.2404e+20
-8.2423e+20
-8.2494e+20
-8.2575e+20
-8.2596e+20
-8.2632e+20
-8.2638e+20
-8.2803e+20
-8.2832e+20
-8.2868e+20
-8.2959e+20
-8.2999e+20
-8.3046e+20
-8.3144e+20
-8.3158e+20
-8.3241e+20
-8.3392e+20
-8.3461e+20
-8.3473e+20
-8.3528e+20
-8.3581e+20
-8.3651e+20
-8.3693e+20
-8.388e+20
-8.3923e+20
-8.3938e+20
-8.3946e+20
-8.3947e+20
-8.404e+20
-8.4074e+20
-8.4128e+20
-8.4129e+20
-8.4136e+20
-8.4161e+20
-8.4186e+20
-8.4191e+20
-8.4219e+20
-8.4237e+20
-8.4329e+20
-8.4342e+20
-8.4398e+20
-8.442e+20
-8.4473e+20
-8.4705e+20
-8.478e+20
-8.5026e+20
-8.5093e+20
-8.5174e+20
-8.5198e+20
-8.5225e+20
-8.526e+20
-8.5347e+20
-8.5845e+20
-8.5917e+20
-8.5961e+20
-8.5973e+20
-8.6038e+20
-8.6255e+20
-8.6375e+20
-8.6477e+20
-8.65e+20
-8.6648e+20
-8.6685e+20
-8.6686e+20
-8.6879e+20
-8.7086e+20
-8.7099e+20
-8.7106e+20
-8.7115e+20
-8.7126e+20
-8.7172e+20
-8.7386e+20
-8.744e+20
-8.7593e+20
-8.7704e+20
-8.7718e+20
-8.7722e+20
-8.797e+20
-8.809e+20
-8.8092e+20
-8.8273e+20
-8.8359e+20
-8.8383e+20
-8.8396e+20
-8.8426e+20
-8.8489e+20
-8.866e+20
-8.8724e+20
-8.8886e+20
-8.8899e+20
-8.9104e+20
-8.9298e+20
-8.9325e+20
-8.9396e+20
-8.9433e+20
-8.9474e+20
-8.9484e+20
-8.9491e+20
-8.9625e+20
-8.9682e+20
-8.9809e+20
-8.9811e+20
-8.9825e+20
-9.0036e+20
-9.0108e+20
-9.0163e+20
-9.0266e+20
-9.0355e+20
-9.0395e+20
-9.0646e+20
-9.0673e+20
-9.0723e+20
-9.0726e+20
-9.0804e+20
-9.0953e+20
-9.1044e+20
-9.1045e+20
-9.1095e+20
-9.1224e+20
-9.1227e+20
-9.1321e+20
-9.1333e+20
-9.1372e+20
-9.1386e+20
-9.1505e+20
-9.1525e+20
-9.1548e+20
-9.1655e+20
-9.1683e+20
-9.1731e+20
-9.1788e+20
-9.1855e+20
-9.1949e+20
-9.1966e+20
-9.2027e+20
-9.2148e+20
-9.2171e+20
-9.2246e+20
-9.228e+20
-9.2372e+20
-9.2379e+20
-9.2417e+20
-9.2499e+20
-9.2577e+20
-9.2585e+20
-9.2972e+20
-9.3132e+20
-9.3296e+20
-9.3318e+20
-9.3379e+20
-9.3413e+20
-9.3573e+20
-9.3622e+20
-9.3628e+20
-9.3639e+20
-9.3762e+20
-9.3774e+20
-9.3844e+20
-9.388e+20
-9.3964e+20
-9.4122e+20
-9.4219e+20
-9.4245e+20
-9.4261e+20
-9.4262e+20
-9.4336e+20
-9.4631e+20
-9.4654e+20
-9.4714e+20
-9.4861e+20
-9.4878e+20
-9.4947e+20
-9.4977e+20
-9.5027e+20
-9.5067e+20
-9.524e+20
-9.5328e+20
-9.5455e+20
-9.5595e+20
-9.5686e+20
-9.5721e+20
-9.5779e+20
-9.5806e+20
-9.5856e+20
-9.5856e+20
-9.5931e+20
-9.5975e+20
-9.608e+20
-9.6203e+20
-9.6208e+20
-9.6239e+20
-9.6289e+20
-9.6306e+20
-9.6328e+20
-9.6337e+20
-9.6355e+20
-9.6402e+20
-9.6497e+20
-9.6571e+20
-9.6573e+20
-9.6696e+20
-9.6746e+20
-9.6777e+20
-9.6882e+20
-9.6896e+20
-9.6909e+20
-9.6919e+20
-9.6992e+20
-9.7083e+20
-9.7105e+20
-9.7178e+20
-9.7266e+20
-9.7373e+20
-9.7502e+20
-9.7639e+20
-9.7642e+20
-9.7675e+20
-9.7788e+20
-9.7847e+20
-9.789e+20
-9.8014e+20
-9.8049e+20
-9.8156e+20
-9.8346e+20
-9.8363e+20
-9.8497e+20
-9.8501e+20
-9.8506e+20
-9.8659e+20
-9.8669e+20
-9.8728e+20
-9.8869e+20
-9.9011e+20
-9.9022e+20
-9.9088e+20
-9.9096e+20
-9.9105e+20
-9.9222e+20
-9.9386e+20
-9.9412e+20
-9.9412e+20
-9.9439e+20
-9.9495e+20
-9.9523e+20
-9.9761e+20
-9.9802e+20
-9.9871e+20
-9.9886e+20
-9.9895e+20
-9.997e+20
-1.0002e+21
-1.0004e+21
-1.0009e+21
-1.0013e+21
-1.0017e+21
-1.0023e+21
-1.0036e+21
-1.0051e+21
-1.0066e+21
-1.0067e+21
-1.0074e+21
-1.0077e+21
-1.0084e+21
-1.0094e+21
-1.0119e+21
-1.0131e+21
-1.0139e+21
-1.0146e+21
-1.0146e+21
-1.0155e+21
-1.0158e+21
-1.016e+21
-1.0161e+21
-1.0182e+21
-1.0183e+21
-1.0191e+21
-1.0207e+21
-1.021e+21
-1.0234e+21
-1.0243e+21
-1.0256e+21
-1.0261e+21
-1.0286e+21
-1.0296e+21
-1.0306e+21
-1.0311e+21
-1.0314e+21
-1.0338e+21
-1.0348e+21
-1.0352e+21
-1.0353e+21
-1.0358e+21
-1.0366e+21
-1.0377e+21
-1.038e+21
-1.0382e+21
-1.0384e+21
-1.0385e+21
-1.0398e+21
-1.0402e+21
-1.0402e+21
-1.0407e+21
-1.0408e+21
-1.0412e+21
-1.0412e+21
-1.0418e+21
-1.0421e+21
-1.0423e+21
-1.0423e+21
-1.0443e+21
-1.0445e+21
-1.0446e+21
-1.0446e+21
-1.045e+21
-1.0452e+21
-1.0468e+21
-1.0468e+21
-1.0485e+21
-1.0486e+21
-1.0491e+21
-1.0493e+21
-1.0495e+21
-1.051e+21
-1.0537e+21
-1.0539e+21
-1.0548e+21
-1.0552e+21
-1.0553e+21
-1.0554e+21
-1.0571e+21
-1.0572e+21
-1.0581e+21
-1.0584e+21
-1.0588e+21
-1.063e+21
-1.0631e+21
-1.0638e+21
-1.0639e+21
-1.0653e+21
-1.0659e+21
-1.0669e+21
-1.0674e+21
-1.068e+21
-1.0693e+21
-1.0695e+21
-1.0704e+21
-1.0707e+21
-1.0708e+21
-1.0715e+21
-1.0717e+21
-1.0729e+21
-1.0746e+21
-1.0766e+21
-1.0788e+21
-1.0793e+21
-1.0798e+21
-1.0798e+21
-1.08e+21
-1.0802e+21
-1.0811e+21
-1.0813e+21
-1.0828e+21
-1.0828e+21
-1.0828e+21
-1.0832e+21
-1.0854e+21
-1.0863e+21
-1.0875e+21
-1.0881e+21
-1.0882e+21
-1.089e+21
-1.0891e+21
-1.0913e+21
-1.0915e+21
-1.0916e+21
-1.0933e+21
-1.0937e+21
-1.0944e+21
-1.0946e+21
-1.0979e+21
-1.0979e+21
-1.0989e+21
-1.0998e+21
-1.1012e+21
-1.1013e+21
-1.1017e+21
-1.1017e+21
-1.1031e+21
-1.104e+21
-1.1043e+21
-1.1046e+21
-1.1058e+21
-1.1061e+21
-1.1074e+21
-1.1079e+21
-1.108e+21
-1.1082e+21
-1.1085e+21
-1.1085e+21
-1.1095e+21
-1.1107e+21
-1.1113e+21
-1.1126e+21
-1.1127e+21
-1.1145e+21
-1.1168e+21
-1.1168e+21
-1.1173e+21
-1.1197e+21
-1.1199e+21
-1.1199e+21
-1.1201e+21
-1.1204e+21
-1.121e+21
-1.1215e+21
-1.1227e+21
-1.1231e+21
-1.1232e+21
-1.1234e+21
-1.1241e+21
-1.1245e+21
-1.1248e+21
-1.1261e+21
-1.1263e+21
-1.1264e+21
-1.1266e+21
-1.1275e+21
-1.1277e+21
-1.1281e+21
-1.1285e+21
-1.129e+21
-1.1293e+21
-1.1296e+21
-1.13e+21
-1.1301e+21
-1.1302e+21
-1.1303e+21
-1.131e+21
-1.1315e+21
-1.1316e+21
-1.1318e+21
-1.132e+21
-1.132e+21
-1.1327e+21
-1.1333e+21
-1.1336e+21
-1.1342e+21
-1.1343e+21
-1.1351e+21
-1.1353e+21
-1.1358e+21
-1.1372e+21
-1.1374e+21
-1.1379e+21
-1.1383e+21
-1.1391e+21
-1.1392e+21
-1.1401e+21
-1.1405e+21
-1.1421e+21
-1.1431e+21
-1.1433e+21
-1.1444e+21
-1.1448e+21
-1.1458e+21
-1.1459e+21
-1.1462e+21
-1.1464e+21
-1.1465e+21
-1.149e+21
-1.1494e+21
-1.1495e+21
-1.1504e+21
-1.1509e+21
-1.151e+21
-1.1515e+21
-1.1517e+21
-1.1534e+21
-1.1546e+21
-1.1546e+21
-1.1553e+21
-1.156e+21
-1.1569e+21
-1.1583e+21
-1.1604e+21
-1.1612e+21
-1.1624e+21
-1.1628e+21
-1.1634e+21
-1.1637e+21
-1.1638e+21
-1.1644e+21
-1.1645e+21
-1.1646e+21
-1.1649e+21
-1.1652e+21
-1.1653e+21
-1.166e+21
-1.1666e+21
-1.168e+21
-1.1684e+21
-1.1685e+21
-1.1691e+21
-1.1698e+21
-1.1704e+21
-1.1715e+21
-1.173e+21
-1.1731e+21
-1.1735e+21
-1.1737e+21
-1.1738e+21
-1.174e+21
-1.1748e+21
-1.1753e+21
-1.176e+21
-1.1764e+21
-1.1765e+21
