2.4683e-36
2.5683e-36
0.00068642
0.0059062
4.7638e-37
2.4504e-45
0.0040206
2.4504e-45
1.4034e-27
1.6517e-27
2.4504e-45
1.3664e-11
1.6655e-11
1.0758e-19
3.6221e+05
7.5082e-28
9.4721e-37
2.7872e-36
3.8503e-28
3.2786e-11
0.003483
1.9475e-11
1.7979e-27
3.9535e-28
2.7584e-27
1.8753e-27
7.5158e+05
2.9636e-11
3.0264e-37
2.4504e-45
1.0439e-11
4.9351e-11
4.96e-19
0.00091054
8.9185e-20
1.5106e+05
2.3702e+05
4.7855e-20
1.5813e+05
0.0029912
9.0786e-28
31516
2.4504e-45
1.2437e-11
2.12e-19
2.6898e-36
2.4504e-45
1.5138e-19
2.4504e-45
3.1155e-28
2.5572e-11
3.9347e+05
1.4869e-36
3.6398e-19
0.003676
2.4504e-45
2.3356e-28
1.5324e-11
0.00064779
4.0583e+05
5.9168e-28
9.0041e-20
3.3772e-28
1.5201e+05
1.0384e-11
2.4504e-45
2.5573e+05
1.1834e+05
2.4504e-45
2.2781e-20
0.0059055
0.0013971
9.4542e-29
2.1951e+05
2.3265e-28
4.8313e-20
2.4504e-45
1.6553e-36
7.5425e-11
4.3242e-28
61046
2.8462e-20
1.7009e+05
4.8043e-36
1.0051e-19
5.7509e+05
2.9434e-36
1.1252e-19
5.2434e-36
2.4504e-45
9.7417e-37
3.7783e-28
2.4504e-45
2.4504e-45
4.0886e-11
1.2473e-36
2.4504e-45
2.3671e+05
1.0771e+05
1.5258e-36
2.4504e-45
1.5436e-28
1.3869e-36
1.5593e-20
3.2311e-11
6.1338e-28
1.5392e+06
2.4504e-45
2.4504e-45
1.2447e-11
72504
1.1746e-28
0.0024871
3.7891e-28
0.00072358
0.0040691
1.4255e-19
2.9974e-28
3.6992e-20
1.7073e-11
0.0031873
2.4504e-45
0.0030612
2.4504e-45
1.2456e-27
4.2698e-28
0.000732
0.0045144
9.6048e-20
0.0010341
0.0031389
2.1935e-11
1.2999e+06
2.4504e-45
2.4504e-45
1.3582e-28
1.6686e-36
0.00087752
1.8991e-28
4.3733e+05
8.426e-12
1.1689e+05
1.4962e-36
0.0013928
5.5387e-28
2.4504e-45
1.3545e-35
1.2246e-19
1.3206e-36
2.4504e-45
2.4504e-45
1.7243e-19
2.9315e-11
2.4504e-45
6.6941e-28
4.5874e-28
1.5015e-28
0.0010572
1.2515e+05
4.2877e-20
77026
1.8962e-11
2.83e+05
4.0313e-19
4.8599e-28
2.2992e-11
0.00086562
2.4504e-45
2.6807e+05
5.8318e-20
2.1396e-36
2.1231e+05
0.0023559
1.9974e-20
7.5753e-11
5.2827e-20
1.0183e-36
9.3464e-37
2.1478e+05
1.331e-27
1.1462e-28
53179
5.9752e-28
2.1974e-36
0.00079016
2.4504e-45
4.9382e-20
1.1094e-19
9.5067e-12
1.1659e-36
1.24e-19
2.4504e-45
2.8147e-28
1.5598e+05
52008
3.0736e-36
0.0028122
7.3441e-12
0.0084691
5.0017e-19
1.0646e+06
0.0022588
9.8872e-20
1.426e+05
5.2867e-37
2.9574e-36
2.4504e-45
2.4504e-45
0.0029167
9.1709e-20
2.4245e-12
2.4504e-45
5.2148e-20
0.0006265
2.6356e-28
5.3104e-11
54230
1.5432e-19
4.721e-20
1.646e-11
6.7009e-28
5.9392e-37
2.7962e-12
0.00050123
2.4504e-45
2.2714e-28
6.8394e-12
2.9645e-11
3.5154e-11
0.007513
1.6378e-27
2.1105e-12
1.2216e-36
2.4504e-45
5.8982e-29
1.9694e-11
3.5317e-19
9.5817e-20
5.6735e-28
9.8084e-28
5.7801e-20
4.8548e-28
6.1621e-20
3.4117e-36
34772
1.5399e+05
1.497e-36
1.4496e-11
1.3825e+05
3.135e-28
5.977e-28
1.3684e-19
2.4504e-45
0.0055283
6.8575e+05
8.4827e-37
0.00071196
1.0962e-19
4.9798e-29
2.4504e-45
3.1531e+05
1.7986e-36
3.4961e-28
69378
2.4504e-45
0.0014362
1.9728e+05
1.9699e-36
2.3088e-28
1.0533e-19
2.6677e-28
17444
3.5288e-37
8.6258e-20
2.6884e-28
4.8876e-28
1.8201e-19
0.00437
6.7712e-12
2.0138e+05
7.5284e-37
2.3475e-28
1.8671e-36
6.1041e-20
7.5246e-12
3.2433e-28
2.4504e-45
0.011283
5.8156e-28
0.00048149
1.8314e-19
4.6877e-11
2.0579e-28
4.7633e-28
1.9354e+05
1.0233e-11
4.2921e-28
0.00050741
1.8529e-36
5.6356e-12
1.3052e+05
1.5926e-36
3.0324e-28
0.0029039
1.2491e-27
2.4504e-45
2.4504e-45
5.3811e-37
1.7157e-19
6.6535e-28
1.1344e-36
0.0014354
1.0364e-36
6.2325e-12
2.8787e-11
0.00097302
29094
4.4993e-37
2.275e+05
0.0016
1.3048e-19
7.9712e-37
8.1894e-29
8.2033e-12
8.3662e-28
1.2076e-19
1.23e+05
2.0933e-36
1.7087e-11
6.895e-37
2.4504e-45
0.0010073
8.6216e-28
5.309e-11
0.0016733
1.0356e-36
0.00468
0.00081895
0.00055326
8.7526e-11
1.9118e-11
2.908e-28
0.0018377
0.00045148
2.5188e-11
3.2587e-36
0.00099789
2.4504e-45
9.7751e-36
7.345e+05
8.2177e-20
8.7269e-20
1.5517e-11
2.4504e-45
1.6498e-11
2.1379e-27
2.1305e-11
1.0432e-28
2.0663e+05
1.0403e-11
7.5488e-12
2.4504e-45
2.0292e-36
2.4504e-45
1.4337e-10
2.0323e-36
2.5269e-19
5.1023e-36
2.3783e+06
1.611e-11
4.6057e-28
5.0723e-28
3.1425e-11
2.7034e-36
9.4997e-12
3.5147e-11
0.0017656
9.6384e-12
4.6194e-20
1.1403e+05
1.2089e-28
4.9109e-20
2.2774e-28
0.0058643
1.2105e-27
2.1554e-19
1.0493e-36
2.4504e-45
1.3748e-19
2.4504e-45
0.0010875
1.708e+05
9.3765e-12
3.7352e-12
1.0444e-36
1.3064e-19
4.792e-28
2.4504e-45
1.8513e-36
4.0287e-20
0.003449
0.0014161
2.4504e-45
2.4504e-45
0.0018714
73890
8.5677e-37
6.785e-20
1.7593e+05
87275
0.00085189
0.00057659
2.5511e+05
2.4504e-45
1.7905e-28
0.0012071
2.4504e-45
1.1197e-19
2.4504e-45
3.7702e-28
2.4504e-45
5.5001e+05
1.0319e-19
2.1174e-28
4.218e-20
0.0033439
5.0388e-20
7.3998e-20
2.4504e-45
0.0015705
2.0948e-36
3.7396e+05
2.4578e-28
4.3508e-28
2.921e-20
2.4504e-45
1.8358e-11
1.4962e-36
1.1944e+05
0.00026172
9.1992e-20
6.4345e+05
1.8883e+05
1.8383e-28
4.0787e-37
4.6585e-37
2.4504e-45
1.853e-20
4.9914e-20
4.0262e-36
4.7128e-12
3.4317e-36
1.5803e-20
0.0017987
3.4741e-12
2.4504e-45
1.2011e-36
2.6842e-11
2.4504e-45
1.9579e+05
2.4504e-45
2.4504e-45
6.0603e-28
2.88e-37
1.4491e-36
1.2512e-11
6.9717e-20
5.6046e-20
1.4184e+05
8.833e-37
1.6389e-28
4.5752e-12
1.1819e-36
3.2034e-36
6.398e-28
0.0031666
2.4721e+05
0.0018069
8.8487e-12
2.6911e-36
2.4504e-45
6.1798e-37
2.9324e-28
2.4504e-45
2.4504e-45
1.2578e+05
2.4504e-45
2.1297e-11
3.4894e-20
1.8134e+05
0.00022327
0.00068662
2.2503e-11
1.0942e-19
0.0049208
2.0406e-11
1.3614e-11
2.4504e-45
3.0833e-36
2.4504e-45
1.0558e-27
2.4504e-45
2.7804e+05
3.6712e-11
9.592e-37
1.5707e-28
9.0896e-37
1.8014e-12
9.939e-12
65080
2.4504e-45
0.0010763
5.8768e-36
48704
2.4504e-45
1.514e-11
0.0013491
2.7824e-28
1.402e-11
7.5871e-20
1.2091e+05
9.8392e-37
1.6004e+05
7.8175e-12
0.007582
45445
2.7865e-28
1.2769e+05
7.7184e-20
1.485e-19
7.0058e-36
1.2778e-19
2.1546e-28
1.1614e-28
7.2817e-12
6.329e+05
1.3633e+05
94555
2.8553e-11
1.3522e-36
8.9483e-12
2.709e-11
2.5735e-28
1.2008e-11
1.6298e-28
9.6767e-20
4.6963e-19
2.1604e-11
1.7141e-27
2.363e-28
1.759e-11
0.0011091
2.4504e-45
6.6402e-20
1.6515e-19
2.0418e-19
4.9688e-28
1.0087e-11
5.1346e-28
1.2833e-27
5.303e-11
1.0643e-19
1.0441e-27
1.8725e-27
5.4667e-28
1.0961e+05
1.9069e+05
6.8877e-28
2.471e-36
1.4382e+05
0.0061839
2.4504e-45
9.7847e+05
7.5252e-11
8.1156e-28
6.4572e-29
0.0018953
1.5933e-11
1.2439e-27
1.4031e+05
4.8334e-37
0.010574
1.9706e-36
1.4068e-19
1.0752e+05
1.9013e+05
91395
1.1434e-28
1.1314e-36
8.1822e-37
6.7415e-37
9.3678e-28
0.00067535
2.4504e-45
9.1481e-12
6.215e-11
0.0015752
5.3665e-28
2.4504e-45
0.0014339
4.638e-20
6.5706e-28
8.3639e-20
1.3626e-19
8.1585e-12
0.0060478
7.0909e-37
1.0894e-10
88606
2.4504e-45
4.0188e+05
2.3623e-11
3.6739e-28
2.4504e-45
0.0027207
2.186e+05
1.4202e-36
4.2424e-36
0.0022786
8.6575e-37
0.00063985
1.2212e-18
0.0054
2.0236e+05
2.2219e-28
1.3125e-19
1.3158e-36
3.6328e+05
0.0056415
33134
1.1802e+05
0.0033814
7.3959e-20
0.001543
1.6475e-28
1.9144e+05
2.4504e-45
0.0020412
3.9547e-19
5.5182e-28
1.8051e-19
1.5499e-36
4.1355e-11
0.0021222
2.1412e-36
9.8562e-12
7.3312e-20
0.0028785
50033
2.9735e-28
1.7066e-11
2.6019e-19
1.7103e+05
0.0014861
0.00070653
1.4195e-36
0.0015233
2.4504e-45
3.9861e-36
9.2711e-37
1.1263e-27
0.0011729
1.997e-11
1.484e-36
6.4021e-37
3.7304e-36
3.061e-11
2.4504e-45
1.6752e-28
2.0919e-11
1.8285e-11
2.6236e+05
1.9771e-19
4.7905e-12
1.4335e-19
0.00044033
4.1608e-28
3.9198e-36
0.0011218
4.401e+05
2.4504e-45
2.6156e-11
2.1381e-19
2.4504e-45
0.0010565
3.0963e-36
1.2254e+06
1.5188e+05
1.2144e-11
1.5004e+05
5.3524e-37
7.3038e+05
0.001621
2.2117e-36
1.1001e+05
1.0365e-19
6.5258e-20
0.00037103
0.0010243
2.4504e-45
4.4779e-11
3.9016e-11
1.886e-28
0.00094388
1.0766e-36
2.2332e-28
0.0039502
2.4504e-45
2.0045e-19
2.1953e-36
2.3231e-11
2.4504e-45
1.552e-27
3.7142e-28
1.0197e-27
4.3759e-11
5.1435e-20
1.2847e-11
1.9416e-19
1.1507e+05
9.076e-20
1.9935e-19
3.1104e-28
2.4504e-45
1.0643e-36
2.3836e-28
2.4504e-45
5.1441e-28
0.00063229
1.8379e-36
1.3189e-11
3.1941e-20
37571
6.6153e-11
4.3843e-36
7.6117e+05
7.0149e-37
0.00082926
3.3463e-20
7.3282e-28
4.2671e-11
2.0186e-11
2.4504e-45
1.3784e-19
0.001337
2.0244e-11
2.4504e-45
3.98e-20
2.013e-11
2.2051e-28
0.00022724
2.1023e-28
0.0010007
0.0032708
0.0032015
2.4504e-45
7.4782e-37
1.6405e-28
3.2797e-28
1.6919e+05
2.4504e-45
2.9818e-36
1.3945e-36
3.8364e-19
2.6346e-28
6.2972e+05
2.0336e-27
2.3682e-19
0.0013742
4.3566e-36
6.5037e-20
1.9207e-36
0.00097595
2.4504e-45
1.0702e-36
2.4504e-45
0.0032428
5.5372e+05
2.3702e+05
0.002984
2.1924e-28
2.6081e-36
2.4504e-45
5.2351e-12
1.6691e-10
3.3327e+05
2.4504e-45
4.3105e-19
2.4249e-10
3.6988e-28
2.4504e-45
4.4749e-37
5.7764e-20
6.1812e-12
3.3491e-28
7.2965e-28
2.4209e-19
7.7333e-28
0.00041332
0.0056389
0.014873
1.4549e-19
4.7334e+05
1.0261e+05
6.5349e-20
2.2049e-36
2.4504e-45
1.0704e-35
4.6571e-28
2.4504e-45
2.3974e+05
2.6903e-28
2.4504e-45
2.4504e-45
8.898e-20
2.4504e-45
3.2352e-28
1.2789e+05
2.9233e-12
4.1325e-20
4.4448e-37
0.0045824
2.4504e-45
1.269e-36
0.0005797
2.4504e-45
1.0711e-36
0.0019193
3.6464e+05
1.7932e-36
2.4504e-45
0.00035412
5.2219e-11
2.507e+05
5.3595e-19
9.0563e-37
2.2768e-19
4.3389e-12
0.0005798
0.0010735
2.4504e-45
0.0046325
2.639e-11
2.8873e+05
1.7502e+05
50062
2.4504e-45
57941
2.4504e-45
2.4504e-45
2.9689e-11
2.4504e-45
0.002228
0.0012195
1.4993e-19
0.0002975
5.3009e-27
2.4387e+05
1.1762e-11
1.8658e-11
1.4434e-36
2.2543e-18
2.8318e-20
2.4504e-45
86650
9.6887e-37
3.4405e+05
3.5617e+05
1.9547e-11
2.4504e-45
8.8064e-20
3.2969e-11
1.4064e+05
6.1455e+05
1.0228e-28
2.4504e-45
2.4158e+05
2.4504e-45
0.0015863
93470
1.8541e-11
5.4818e-12
0.00094209
2.7275e-28
3.781e-36
7.5302e-28
0.0015359
3.2883e-36
7.5333e-20
2.4504e-45
4.4788e+05
1.0896e+06
4.1166e-12
2.4504e-45
2.9017e-19
1.2538e-11
2.4504e-45
3.7826e-28
8.6289e+05
1.2963e-36
5.1036e-28
9.123e-37
1.0065e-27
3.4513e-19
2.798e-28
2.4504e-45
1.2582e+05
9.657e-20
3.4708e-28
63752
2.3591e-28
2.2472e+05
5.605e-19
2.4752e-11
4.6868e+05
3.5107e-36
7.5904e-21
0.0024535
1.3612e-36
0.0016068
2.4504e-45
2.2581e-36
1.5866e+05
60356
5.7552e-12
4.623e-28
1.6494e-19
9.8992e-20
2.4504e-45
5.3405e-20
2.126e-28
2.4504e-45
8.9014e-37
4.3937e+05
1.0726e-27
1.5365e-19
1.0987e-19
1.1315e-36
0.005289
2.4504e-45
1.1981e-19
8.2224e-20
1.7902e+05
1.7682e+05
0.0016555
1.291e-36
9.5732e-37
2.6374e+05
6.7961e-20
26795
1.0484e-36
0.0019504
2.4504e-45
8.6974e-12
1.9398e-19
0.00078417
1.6571e+05
2.4504e-45
1.1814e+05
8.7539e-12
5.2882e-28
2.4504e-45
8.5646e-12
1.8497e+05
6.9159e-28
4.4472e-28
2.9321e-37
9.7002e+05
1.0549e-28
1.9956e-19
2.4504e-45
0.00080912
2.0313e+05
2.1288e-28
1.2295e-10
5.2931e-12
1.531e-11
0.00067595
0.0026894
1.2097e-11
2.4504e-45
0.0013053
2.3176e+05
1.5441e-11
2.4504e-45
3.7384e-12
6.5616e-36
0.0017745
8.0809e-37
1.8986e+06
0.0086822
74692
3.0225e-19
1.8914e-19
2.4504e-45
4.5336e-37
2.4504e-45
6.7842e-28
3.8812e-19
1.7743e-19
1.8992e+05
0.0021881
2.4525e-28
3.6808e-20
72971
2.4153e-36
0.0013667
0.00089237
2.4504e-45
1.8825e+05
3.3156e-20
2.4504e-45
2.5685e+05
2.4504e-45
5.9118e+05
3.3835e-28
4.1978e+05
0.0028871
2.8886e-28
3.2372e-11
3.8288e-37
9.7365e-37
2.4451e-28
1.1081e-36
1.2909e-11
2.4978e-20
0.0013744
2.4504e-45
2.0482e-36
1.4303e-36
4.3991e-37
1.129e+05
0.00069994
1.8985e-36
0.0013124
7.8848e-20
5.1821e-20
3.2666e-28
2.4504e-45
1.908e+05
5.9938e-11
0.0020744
1.7523e-36
2.4504e-45
2.4504e-45
2.4504e-45
2.15e-11
1.6556e-36
6.9356e-20
4.9501e-28
1.1287e-28
3.969e-20
0.0042095
5.294e-36
2.4504e-45
2.4504e-45
2.4504e-45
3.3598e-19
3.5454e-11
2.4504e-45
3.7542e-20
2.4504e-45
2.3693e-28
2.4504e-45
1.7275e-28
2.4504e-45
1.0171e-11
1.8781e-11
57516
2.4504e-45
1.3684e-36
2.4524e-36
1.6562e-11
74762
2.6281e-19
6.6453e-12
0.00095002
5.815e+05
2.4504e-45
2.4504e-45
1.3478e-36
2.4504e-45
2.4968e-11
2.4504e-45
0.0094961
0.0028979
2.2169e+05
2.6573e-28
0.00067735
2.4504e-45
37969
3.156e-28
0.00083195
1.569e-11
4.7605e-20
5.2669e+05
0.0017826
1.5309e-36
2.139e-20
6.4149e-28
4.3472e+05
2.4504e-45
5.67e-12
5.5638e-37
0.00045285
9.5458e-20
69558
1.4359e+05
1.7105e-19
2.152e-19
2.4985e-12
2.4504e-45
2.8189e-11
4.1905e-28
7.6577e-20
1.9898e-28
4.397e-28
5.0795e-36
5.0215e-12
2.8291e-11
3.6689e+05
2.615e-28
2.2162e-19
1.2363e-36
8.5941e-20
35984
53435
2.4504e-45
3.3888e+05
5.5951e+05
1.5073e-27
1.0912e-27
3.257e-20
0.0021834
1.9229e-19
3.1488e+05
1.1154e-11
0.00061379
1.5796e-11
1.1609e-11
4.2451e-28
2.145e-19
4.5164e-28
3.2049e-28
2.4504e-45
0.021365
1.4058e+05
6.4504e-37
2.4504e-45
5.1779e+05
6.7519e-28
5.5414e-28
7.906e-29
7.0869e-28
1.6214e-28
3.9489e-28
5.921e-37
1.6864e-27
1.3149e-19
5.9198e-19
2.4504e-45
1.6871e-11
2.4504e-45
0.0021198
1.719e+05
1.5806e-36
4.4431e-11
2.4504e-45
6.6475e-20
3.1531e-28
2.0873e+05
2.2017e+05
3.1039e-11
1.044e-36
1.2436e-11
2.4504e-45
2.8362e-36
1.1466e+05
2.4504e-45
1.4662e-28
1.8602e-19
1.2348e-36
0.0044377
2.643e+05
6.999e-19
1.7305e-11
1.0291e-19
0.0006531
1.5426e-10
2.4504e-45
0.00069471
2.4504e-45
2.7523e+05
2.1619e-20
3.4972e-28
1.2291e-27
5.8402e-20
1.4078e-11
3.2122e-37
2.4504e-45
2.9494e-11
0.00094883
1.0532e-27
21042
9.6177e-12
7.9335e-20
3.1246e-11
2.4504e-45
1.0893e-19
2.4504e-45
1.3599e-27
6.0873e-12
2.4504e-45
2.4504e-45
9.4123e-28
2.4504e-45
2.7995e-11
7.429e-12
2.8765e-19
0.002539
2.8671e+05
5.3091e-28
4.6728e-20
3.5468e-36
1.0692e+05
6.0353e-28
2.4504e-45
3.0301e-28
1.7243e-11
7.1774e-20
1.5989e+05
2.4258e-36
4.331e+05
2.0959e-11
2.0999e-19
1.1215e+05
1.277e-19
3.551e+05
55033
6.4559e-11
0.0015907
42507
1.8187e-11
0.037833
6.4489e-20
0.0031715
2.4504e-45
3.2041e-27
2.9699e-11
4.4823e+05
1.0713e-19
3.7552e-12
3.9915e-36
2.4504e-45
6.726e-12
2.4504e-45
2.9701e-36
8.9947e-29
1.3681e-19
1.0822e-28
0.011087
2.4504e-45
2.4504e-45
2.6878e-11
2.4504e-45
2.2467e-36
2.4504e-45
1.4771e-36
3.3419e-11
5.3503e-20
2.4504e-45
2.4504e-45
1.1606e-19
2.0332e-19
5.1978e-19
1.5122e-36
4.537e-19
3.3243e-11
2.4504e-45
2.119e+05
0.0013932
2.4504e-45
0.00074008
4.9704e+05
5.6363e+05
5.8063e+05
0.0018193
2.4504e-45
3.8859e-28
7.1624e-37
4.1102e-28
2.4504e-45
0.0040484
6.2438e-20
2.4504e-45
2.3267e-20
7.4249e-20
2.4504e-45
4.4368e+05
2.8139e-28
2.4504e-45
2.4504e-45
2.4504e-45
1.8149e-36
0.017438
8.2561e-20
1.4253e-19
5.6467e-28
2.4504e-45
4.2425e-28
2.955e-12
1.0692e-11
1.3873e-36
1.4302e-36
9.0203e-20
1.1289e+06
4.088e+05
0.00073996
2.4504e-45
2.4504e-45
1.0002e+05
2.4504e-45
3.24e-20
2.4504e-45
2.4504e-45
0.00066446
0.011762
3.0202e-11
0.001062
4.7737e-36
5.2841e-12
70293
0.001161
4.5112e-11
5.4199e-28
1.6871e-19
1.9095e+05
7.5835e-28
1.7658e-19
2.4504e-45
1.0829e-36
55646
0.00089173
1.6281e-36
2.4504e-45
7.0931e-12
2.4504e-45
7.4042e-12
1.4513e-28
5.5077e-28
1.4703e-11
1.6693e-36
1.2342e-28
5.3063e-28
2.4504e-45
2.5668e-20
1.684e-36
1.0944e-36
5.8188e-20
3.7993e-11
8.8612e-28
8.3238e-12
2.4504e-45
1.6369e-11
0.025357
8.2519e-20
7.9953e-36
2.4504e-45
1.3922e-28
4.0484e-36
2.4504e-45
5.1998e-28
8.9707e-28
2.4989e-28
1.5932e+05
7.0714e-28
2.4504e-45
0.0078216
1.036e-36
2.4504e-45
1.3571e-36
2.4504e-45
1.6437e-19
3.1166e-11
4.9338e+05
3.6549e-28
3.2641e-11
1.6128e-11
2.1192e-11
5.9074e-20
1.9575e-20
2.1294e-36
0.0016005
3.0092e-11
1.775e-36
1.6709e-11
3.6047e-11
1.6879e+05
0.0010614
1.745e-19
0.0018696
0.00064815
2.4504e-45
0.00081775
6.1038e-20
0.0038084
1.6061e+05
8.8352e-12
0.0013467
2.4504e-45
1.861e-28
2.4504e-45
4.6726e-36
4.9606e-28
1.4837e-19
4.4816e+05
0.00046129
2.4504e-45
9.0186e-20
5.8736e+05
2.4504e-45
3.0998e-28
1.8351e-11
7.7971e-20
0.0014097
1.6203e-11
2.5553e-11
0.0011849
9.6185e-37
1.0729e-36
72459
8.284e-20
8.9605e-28
0.00096488
9.1709e-37
2.4504e-45
2.4504e-45
2.4504e-45
1.3324e-27
96481
7.0666e-12
6.4763e-36
0.00034762
2.3307e+05
2.8494e-20
1.6179e-19
4.648e-11
2.155e-28
3.5933e-19
8.3962e-20
7.1534e+05
2.5475e-12
7.1743e-20
3.5995e-20
1.1869e+05
5.838e-28
4.4545e-28
5.2508e-37
3.0132e+05
0.0039608
1.1617e-19
2.4504e-45
3.9494e-28
7.0591e-28
1.4266e-36
3.0063e+05
2.4504e-45
4.2085e+05
0.0017199
1.8557e+05
5.9642e-36
2.4504e-45
1.2624e-11
1.0621e-27
0.011037
2.4504e-45
5.9971e-12
1.279e-19
5.6252e-36
2.473e-36
1.5286e+06
2.4504e-45
6.8266e+05
3.7917e-11
2.1536e-19
2.4504e-45
1.1979e+05
4.3922e-19
0.0027505
6.2945e-28
1.6403e-10
1.4026e+05
0.0013881
0.00070032
2.4173e-28
2.4504e-45
0.0014849
0.00063792
9.4119e-12
0.0062395
8.398e-12
0.0010381
2.2254e-11
0.00064569
1.1018e+05
68567
1.9022e-36
0.0052729
5.6373e-20
0.001619
6.7621e-28
1.6336e-11
2.4504e-45
3.099e-28
2.761e-36
2.4504e-45
9.1162e-37
1.8131e-36
3.531e-20
9.4004e+05
3.3897e-11
2.4504e-45
3.7507e-36
2.5186e-27
1.6544e-11
5.2427e-20
3.1479e-12
2.4187e-28
2.0937e+05
9.964e-12
1.5222e-36
2.4504e-45
0.0038324
2.4368e-28
3.0025e-20
1.515e-28
2.5948e-11
2.5012e+05
4.2229e-28
0.0023408
2.8326e-29
3.0643e-28
2.7039e+06
4.2349e-12
1.885e+05
1.0514e-19
1.2503e+05
1.3345e-36
3.0503e-37
0.0014914
8.7157e-20
6.853e-20
9.034e-28
0.0023853
2.4504e-45
2.2014e-11
2.0449e-11
3.8549e-27
6.1383e-20
2.4504e-45
0.0053201
0.00086184
1.5126e-19
9.6851e+05
1.2796e-19
4.5835e-11
98834
1.0574e+05
2.0799e-28
1.6628e-11
9.002e-12
2.4504e-45
4.3556e-37
6.7574e-28
1.0085e-11
2.4504e-45
7.9203e-20
2.4504e-45
6.0212e-29
1.1026e-27
0.0089611
1.6645e-11
3.0788e-28
2.4913e-19
1.3991e-19
2.4504e-45
1.7318e-11
2.8201e-19
2.4504e-45
9.0383e-29
2.4504e-45
0.0025466
2.4504e-45
1.6068e-11
5.1711e-28
1.3696e-36
1.1999e-19
2.8552e-28
5.8863e-28
5.5898e-37
8.3567e-37
1.3875e+05
1.4519e+05
1.6788e-19
2.6967e-28
9898.2
0.0011781
2.4504e-45
2.28e-11
2.4504e-45
2.4504e-45
0.0015256
1.5515e+05
0.0023573
9.6029e-12
6.2977e-37
1.8527e+05
2.848e-11
7.7866e-37
1.3143e+05
8.8047e-20
6.7108e-12
6.6389e-19
1.5458e-10
0.0080432
91806
2.4504e-45
6.897e-12
0.0010027
8.1886e-20
6.7632e-19
0.00073056
0.0019422
2.4504e-45
0.0013908
4.0553e-11
3.8821e-28
1.1968e-36
4.115e-36
0.0045033
0.0069362
73012
0.0015514
2.4504e-45
56853
2.4966e-19
1.2608e+05
2.4504e-45
8.1939e-28
0.0022315
4.6212e-28
2.1862e-28
8.5865e-37
1.6372e+05
2.9069e-19
0.0013353
1.7042e+05
0.00057605
0.0055743
2.6463e-28
9.8187e-37
1.4609e-36
7.5764e-20
2.2388e-19
5.222e-28
1.637e-19
2.9657e-28
4.5258e-19
0.00024556
2.4504e-45
8.429e-37
3.8688e-20
0.00046796
4.1511e-20
5.9779e-28
2.4504e-45
1.7715e-19
2.4504e-45
3.491e-37
2.4504e-45
1.0444e-36
5.119e-20
2.4504e-45
3.6098e-36
5.1788e-20
0.0023852
4.717e-19
2.63e+05
3.0799e-36
4.1373e-28
1.7961e-19
0.0011566
2.4504e-45
7.9188e-28
0.00080981
0.0038442
3.4243e-20
1.4776e-12
1.5828e-11
3.0679e-28
2.4504e-45
0.00091311
2.4504e-45
3.1285e-11
5.4762e-37
0.0028523
1.3598e+05
2.5541e-11
73172
50632
4.6779e-11
7.6592e-12
3.8452e+05
2.4504e-45
3.8059e-11
3.0601e-28
1.8754e-19
2.4504e-45
2.4504e-45
1.4167e-36
0.0030674
1.1992e-36
5.4357e-29
2.0826e-11
4.581e-19
9.0493e-12
1.9219e-27
1.393e-11
8.4998e-11
0.00041129
7.4205e-12
0.00097755
1.415e-27
0.004868
2.8128e-11
8.5361e-28
9.3806e-37
8.6361e-28
2.4504e-45
1.0852e+05
1.3331e-27
1.0581e-11
1.1344e-19
0.0018562
6.3037e-28
2.1808e-27
2.4504e-45
7.2736e-28
7.0081e-20
0.0030183
8.4376e-37
2.4504e-45
1.009e-36
3.2888e-28
2.4504e-45
2.4504e-45
0.0018722
2.4504e-45
1.2522e-27
2.3994e-28
2.9363e-19
0.0012801
1.3708e-19
2.4504e-45
3.0645e-28
1.2049e+05
0.0008516
90046
2.371e-36
5.123e-12
5.2448e-28
6.0302e+05
3.3858e-11
90568
0.0029604
9.6579e-37
6.3729e-37
2.4504e-45
2.4504e-45
2.622e-28
1.7494e-11
1.4598e-11
2.4504e-45
6.0427e-11
47239
5.2427e-20
1.9154e-19
2.4504e-45
6.7825e-36
2.4504e-45
2.4504e-45
2.4504e-45
2.4504e-45
6.7048e-20
1.0245e+05
1.1316e-10
1.5057e-19
2.4504e-45
2.4504e-45
4.286e-19
2.4504e-45
2.4504e-45
1.0764e-19
2.4504e-45
3.5713e-36
2.4504e-45
2.4504e-45
1.6396e-11
2.8633e-19
2.4504e-45
3.3832e+05
1.0129e+05
2.289e-28
0.0055283
4.6077e+05
0.00089012
0.0036334
2.4504e-45
4.7392e-36
4.756e-37
42246
0.029097
1.337e-36
2.4504e-45
2.5326e-11
0.00056598
8.8174e-11
0.001625
1.0908e+05
5.6174e+05
2.9085e+05
2.4504e-45
1.0178e-19
1.9786e+05
8.88e-37
6.7894e-12
8.0654e-20
0.0016701
1.4752e-36
8.5822e-20
2.4504e-45
4.4193e-37
3.8153e+05
0.00081785
5.3209e-28
0.0023872
3.6543e-11
1.0663e+05
3.4987e-11
1.7531e-19
2.4158e-28
7.8623e-37
5.1122e-36
1.6041e-11
0.0011599
2.8917e-19
4.6252e-12
2.2923e+05
0.0018007
2.3359e-11
1.1385e+05
5.4232e-11
1.7385e-20
0.0026114
1.3812e+05
4.7826e-11
1.7027e+05
1.8899e-28
1.5345e-36
1.885e-36
2.8853e-36
8.9391e-37
2.4504e-45
1.4589e-11
4.8793e-12
2.6373e-11
3.3629e-29
1.1589e-28
2.4504e-45
3.2249e-28
2.4504e-45
4.0218e-19
1.0473e-11
2.3991e+05
2.0113e-19
2.4504e-45
1.7861e+05
0.0025743
4.4184e-28
0.0010086
4.7952e+05
95004
3.2558e-28
0.001091
4.0979e-27
2.6387e-20
0.0047897
2.2831e+05
4.6011e-28
1.4837e-11
1.6605e+06
1.0475e-19
2.4504e-45
0.0014279
51196
1.5625e+05
2.706e+05
1.2981e-27
0.0041007
1.1222e+05
2.4504e-45
42194
2.4504e-45
2.3519e-11
1.0151e-11
2.0782e-11
2.4504e-45
7.6514e-37
3.5291e-28
0.00051091
2.4504e-45
3.3669e-20
5.4294e-28
4.5674e-19
0.00053825
2.3889e-11
0.0014537
0.0021937
0.0014197
1.2085e-11
5.008e-11
2.1299e-28
1.0899e-27
2.8793e-11
1.3746e+05
5.6554e-37
1.4201e+05
1.3431e-27
1.4425e-28
7.5141e-12
2.4504e-45
2.4504e-45
2.2604e-28
7.7202e-20
0.0024111
4.5104e-37
4.5277e-37
2.504e-28
1.3038e-36
1.8148e-11
2.4504e-45
2.0486e-28
2.0857e-11
1.4963e-28
2.4504e-45
1.0298e-11
2.2241e-36
0.0022486
1.2554e-19
2.5681e-19
5.5711e-28
2.4504e-45
2.3164e-19
2.3415e-11
0.0017956
2.2871e-28
2.4504e-45
9.7312e+05
6.3957e-37
0.0013457
1.1396e-27
4.8169e-11
2.4504e-45
5.4896e-20
1.7621e-28
2.4504e-45
2.4504e-45
4.5153e-11
6.4503e-20
2.2369e-36
0.0021754
0.0015225
1.3936e-35
1.0436e-19
0.0010816
1.8211e-36
0.0023972
44056
4.2515e-28
1.0164e-27
1.3347e-36
1.8657e-11
2.4504e-45
71219
0.00073459
2.4504e-45
2.4974e-36
1.9251e-11
1.1052e-19
1.8444e-11
2.1028e+05
1.5332e-28
1.3864e-36
3.7984e-19
9.774e-12
2.4504e-45
1.5695e+05
2.4504e-45
1.0304e-11
2.8909e-11
0.00066603
1.397e+05
1.1492e-36
1.4378e-10
2.2099e-11
2.4852e-11
2.4604e+05
1.2856e-19
2.4504e-45
1.426e-11
3.6567e-28
3.3585e-11
4.3249e-12
2.2323e+05
0.0012303
0.00092488
2.7841e-19
2.4504e-45
0.0016319
3.9075e-19
2.4544e-11
2.4504e-45
68486
2.4504e-45
2.2573e+05
1.6987e+05
2.4504e-45
7.8989e-20
2.4288e-36
6.7102e-20
2.4504e-45
1.3623e-36
0.0009647
1.0018e-36
1.4307e-36
2.3804e-19
2.4504e-45
1.4054e-11
2.4504e-45
9.1013e-12
2.4504e-45
1.1556e-11
2.4504e-45
4.771e+05
0.00090032
0.0023772
0.0059042
2.4504e-45
2.675e-20
2.4504e-45
6.8805e-20
55438
1.6651e-36
7.4925e-20
2.4504e-45
6.4544e+05
2.7355e+05
2.1997e-36
2.8238e-36
0.0014198
0.0012741
2.5224e-11
99228
2.5133e-28
1.6704e-28
2.4504e-45
2.4504e-45
22755
3.9375e-20
8.6001e-37
2.4053e-19
0.0015589
0.0030669
2.4504e-45
3.3562e-19
0.010428
0.004489
2.128e-19
3.1964e-11
3.7581e-28
8.4637e-28
1.7281e+05
3.6811e-11
2.867e-11
2.8799e-36
3.5789e-28
7.9703e-37
0.0030251
1.211e-36
2.4504e-45
9.1161e+05
3.7253e-11
8.643e-37
1.1253e-36
1.2539e-11
0.00031711
2.2128e-19
2.4504e-45
3.2445e-37
3.2401e-28
3.6749e-11
0.0017821
0.0059108
2.4504e-45
1.6855e-36
2.4504e-45
3.848e-28
0.0013663
8.2314e-12
1.5734e-36
6.3973e-20
6.6839e-20
1.9175e-19
10538
2.5987e-19
9.0887e-29
6.5338e-37
2.1478e-11
9.4627e-28
2.4504e-45
2.4731e-19
0.0069811
2.9685e-11
0.0058255
2.1573e-20
1.0318e-11
4.9597e-28
9.0033e-12
7.9272e-12
1.1999e-11
0.00075245
2.931e+05
0.0024536
2.4504e-45
5.2985e-20
9.325e-28
0.0010438
1.3225e-11
8.1862e-37
1.1407e-27
2.4504e-45
2.6026e-28
1.4698e-11
1.0949e-11
2.7063e-11
2.4504e-45
1.3253e+05
2.4504e-45
6.9885e-20
2.4504e-45
8.4409e-12
1.9282e-36
2.4504e-45
7.6833e-37
6.0403e-28
2.4504e-45
1.2813e-28
5.9089e-11
1.4497e-19
2.4504e-45
1.1164e+05
67169
2.4504e-45
3.2484e-36
2.4504e-45
2.9421e-11
4.3466e-28
3.19e-11
5.9359e-20
44990
1.9658e-11
0.0064455
2.4504e-45
1.3758e-11
2.0868e-11
4.3786e+05
2.4504e-45
1.0803e-19
7.6417e-37
2.4504e-45
2.0624e+05
2.4504e-45
1.0795e+05
0.0039916
1.6638e-10
6.5683e-28
0.0009856
2.4504e-45
0.00013093
1.6337e-36
0.00068792
1.3205e-28
1.3537e-19
1.2372e+05
2.4504e-45
3.8779e+05
2.4504e-45
2.0083e-28
6.3212e+05
4.5237e-20
1.0534e-19
2.3483e+05
5.2212e-28
6.601e-20
2.1042e-36
3.6992e-20
2.0905e-11
62782
0.00051769
2.4504e-45
1.2125e-27
1.0978e-11
2.5337e-27
3.1383e-11
5.1168e-28
2.5311e-11
1.4906e-19
1.3059e-11
9.8435e-20
6.727e-37
4.505e-20
3.9757e-28
2.4504e-45
5.6976e-20
4.8901e-20
2.4446e-11
3.3436e+06
1.4993e+05
2.4504e-45
0.0055806
