0.00044643
0.00044643
0.00044643
0.00044643
0.00044643
0.00044643
0.00044643
0.00044643
13634
0.00044643
0.00044643
0.00044643
0.00044643
0.00044643
0.00044643
70569
27396
37221
0.00044643
0.00044643
0.00044643
0.00044643
1.8509e+05
23227
0.00044643
51290
17972
0.00044643
0.00044643
0.00044643
13715
28427
0.00044643
0.00044643
0.00044643
47944
0.00044643
0.00044643
59698
0.00044643
39124
0.00044643
0.00044643
40197
23571
37127
30240
0.00044643
0.00044643
0.00044643
22782
0.00044643
0.00044643
0.00044643
0.00044643
0.00044643
0.00044643
0.00044643
0.00044643
0.00044643
21118
0.00044643
74639
0.00044643
0.00044643
47065
0.00044643
52851
0.00044643
0.00044643
22393
0.00044643
24464
0.00044643
0.00044643
33259
0.00044643
23987
0.00044643
0.00044643
16335
0.00044643
0.00044643
0.00044643
0.00044643
44005
46246
0.00044643
0.00044643
0.00044643
27633
54273
26463
0.00044643
0.00044643
13760
0.00044643
16940
66723
14144
0.00044643
35104
0.00044643
0.00044643
0.00044643
0.00044643
35791
0.00044643
0.00044643
51628
0.00044643
20097
0.00044643
0.00044643
0.00044643
67033
62828
0.00044643
0.00044643
49521
0.00044643
0.00044643
48483
50854
26824
0.00044643
0.00044643
19788
25573
21061
0.00044643
53102
0.00044643
20079
0.00044643
0.00044643
82806
0.00044643
1.7519e+05
53594
0.00044643
16541
28230
0.00044643
0.00044643
0.00044643
0.00044643
12356
1.1289e+05
24794
51073
0.00044643
12358
0.00044643
20521
34306
12998
10139
0.00044643
0.00044643
0.00044643
9664.4
0.00044643
52393
10985
0.00044643
30403
0.00044643
0.00044643
53148
29118
22673
0.00044643
0.00044643
0.00044643
29327
24128
86310
0.00044643
0.00044643
39639
0.00044643
56230
52151
33288
0.00044643
0.00044643
50125
14828
0.00044643
0.00044643
0.00044643
36185
28708
0.00044643
0.00044643
0.00044643
28421
0.00044643
0.00044643
0.00044643
0.00044643
0.00044643
0.00044643
46944
22848
0.00044643
0.00044643
0.00044643
0.00044643
0.00044643
0.00044643
0.00044643
0.00044643
0.00044643
0.00044643
57847
0.00044643
0.00044643
21959
0.00044643
47181
0.00044643
0.00044643
9922.1
0.00044643
0.00044643
31204
36349
0.00044643
0.00044643
0.00044643
0.00044643
0.00044643
0.00044643
34083
56866
0.00044643
31448
14400
2.4073e+05
0.00044643
0.00044643
0.00044643
0.00044643
79095
0.00044643
72330
0.00044643
0.00044643
68627
0.00044643
0.00044643
0.00044643
0.00044643
15281
27210
0.00044643
87766
32560
0.00044643
0.00044643
0.00044643
0.00044643
0.00044643
59338
0.00044643
0.00044643
27919
66571
0.00044643
0.00044643
0.00044643
6552.2
0.00044643
55303
0.00044643
36376
10533
72700
0.00044643
0.00044643
27646
0.00044643
0.00044643
10954
0.00044643
16051
10049
18722
26007
31069
0.00044643
0.00044643
12819
60608
0.00044643
34702
16227
0.00044643
0.00044643
0.00044643
0.00044643
0.00044643
1.6147e+05
47544
0.00044643
13929
26257
0.00044643
0.00044643
0.00044643
1.4732e+05
0.00044643
29754
0.00044643
32539
27651
0.00044643
24105
0.00044643
0.00044643
12257
51485
13115
0.00044643
1.0989e+05
0.00044643
0.00044643
0.00044643
62343
9522.8
0.00044643
0.00044643
0.00044643
45621
37371
26525
5070.6
32324
0.00044643
0.00044643
0.00044643
14686
0.00044643
0.00044643
0.00044643
0.00044643
10977
0.00044643
21262
0.00044643
25804
21303
0.00044643
45063
94858
33156
0.00044643
50483
13545
44364
28768
1.2398e+05
0.00044643
29040
0.00044643
0.00044643
12664
0.00044643
12840
0.00044643
25296
0.00044643
0.00044643
0.00044643
0.00044643
0.00044643
0.00044643
1.5552e+05
0.00044643
22845
0.00044643
45823
0.00044643
0.00044643
21471
0.00044643
0.00044643
0.00044643
0.00044643
6419.9
27410
29465
21762
17870
23208
0.00044643
22553
0.00044643
0.00044643
17067
0.00044643
20143
0.00044643
0.00044643
4238.8
68434
25219
17807
0.00044643
1.5642e+05
39261
27553
0.00044643
0.00044643
36990
0.00044643
74719
29226
0.00044643
0.00044643
0.00044643
23480
42303
16086
0.00044643
73305
0.00044643
0.00044643
27153
92497
0.00044643
0.00044643
68672
0.00044643
29075
14414
0.00044643
0.00044643
0.00044643
0.00044643
0.00044643
0.00044643
0.00044643
27016
35275
10135
0.00044643
0.00044643
0.00044643
22373
16653
0.00044643
0.00044643
0.00044643
39589
74036
0.00044643
0.00044643
0.00044643
0.00044643
0.00044643
11268
0.00044643
49212
26742
2.7117e+05
0.00044643
0.00044643
0.00044643
0.00044643
0.00044643
0.00044643
0.00044643
0.00044643
0.00044643
0.00044643
0.00044643
49774
28608
46516
0.00044643
0.00044643
0.00044643
0.00044643
0.00044643
18087
0.00044643
0.00044643
43024
0.00044643
0.00044643
49751
48768
0.00044643
0.00044643
0.00044643
0.00044643
0.00044643
40269
47754
15923
55075
0.00044643
27001
0.00044643
11290
0.00044643
0.00044643
42395
13534
0.00044643
17739
0.00044643
38479
12132
73820
0.00044643
35431
1.0501e+05
27970
0.00044643
0.00044643
19654
0.00044643
0.00044643
44854
0.00044643
0.00044643
18979
0.00044643
0.00044643
1.0683e+05
0.00044643
0.00044643
0.00044643
0.00044643
64425
0.00044643
0.00044643
50157
0.00044643
0.00044643
33688
0.00044643
0.00044643
25638
0.00044643
0.00044643
21522
0.00044643
55369
38081
0.00044643
20107
41997
0.00044643
18390
61847
0.00044643
0.00044643
0.00044643
0.00044643
19895
0.00044643
70378
20733
51790
0.00044643
16255
0.00044643
50968
51675
0.00044643
0.00044643
60815
0.00044643
0.00044643
0.00044643
16125
0.00044643
19679
0.00044643
0.00044643
0.00044643
0.00044643
0.00044643
10301
40268
0.00044643
0.00044643
0.00044643
0.00044643
0.00044643
0.00044643
20081
0.00044643
17900
2.5551e+05
0.00044643
37153
0.00044643
79192
0.00044643
85208
44607
0.00044643
0.00044643
0.00044643
44684
0.00044643
0.00044643
38270
62036
0.00044643
0.00044643
0.00044643
36479
8287.6
0.00044643
21358
0.00044643
0.00044643
18426
0.00044643
0.00044643
21457
0.00044643
0.00044643
0.00044643
0.00044643
0.00044643
0.00044643
0.00044643
0.00044643
0.00044643
0.00044643
22056
0.00044643
0.00044643
0.00044643
0.00044643
64599
0.00044643
90183
14306
0.00044643
0.00044643
75036
28326
27366
0.00044643
2.1418e+05
0.00044643
0.00044643
0.00044643
0.00044643
16807
52509
0.00044643
0.00044643
0.00044643
16718
0.00044643
32607
0.00044643
17113
33515
0.00044643
94695
22014
29033
0.00044643
0.00044643
0.00044643
0.00044643
0.00044643
0.00044643
53369
53797
41404
0.00044643
16431
0.00044643
0.00044643
27676
26392
38467
18415
92886
0.00044643
0.00044643
46895
50883
0.00044643
0.00044643
0.00044643
0.00044643
38403
24949
69558
12502
0.00044643
0.00044643
0.00044643
0.00044643
0.00044643
31859
0.00044643
86511
0.00044643
0.00044643
0.00044643
57551
0.00044643
27021
16497
0.00044643
0.00044643
0.00044643
0.00044643
37006
0.00044643
0.00044643
64320
44675
0.00044643
0.00044643
0.00044643
12215
0.00044643
0.00044643
1.1867e+05
0.00044643
0.00044643
95768
16516
0.00044643
41453
0.00044643
36462
18552
0.00044643
14688
0.00044643
44972
21555
0.00044643
86977
0.00044643
41182
0.00044643
0.00044643
49767
0.00044643
59630
0.00044643
0.00044643
0.00044643
20688
0.00044643
88380
47907
0.00044643
25942
0.00044643
0.00044643
56962
15087
0.00044643
24546
0.00044643
28274
13730
0.00044643
20242
23037
0.00044643
16012
18215
0.00044643
1.3211e+05
0.00044643
0.00044643
16301
0.00044643
0.00044643
0.00044643
0.00044643
23820
0.00044643
1.3244e+05
0.00044643
0.00044643
0.00044643
16723
0.00044643
0.00044643
51142
19423
0.00044643
1.2612e+05
0.00044643
0.00044643
55797
0.00044643
0.00044643
30545
0.00044643
51364
0.00044643
0.00044643
20790
0.00044643
0.00044643
0.00044643
0.00044643
0.00044643
0.00044643
18831
0.00044643
0.00044643
0.00044643
0.00044643
44113
30526
0.00044643
0.00044643
15600
0.00044643
25676
0.00044643
0.00044643
16410
0.00044643
0.00044643
0.00044643
0.00044643
27016
0.00044643
14407
0.00044643
22929
28784
0.00044643
10173
0.00044643
0.00044643
0.00044643
0.00044643
43510
60547
27061
0.00044643
0.00044643
36368
8493.2
8619.1
0.00044643
13535
23730
0.00044643
0.00044643
61247
0.00044643
18941
0.00044643
19501
21324
22218
0.00044643
0.00044643
0.00044643
82161
22419
71784
41095
28820
0.00044643
20826
0.00044643
70282
0.00044643
0.00044643
0.00044643
16486
0.00044643
0.00044643
1.1639e+05
0.00044643
9358.7
0.00044643
20598
24572
25421
0.00044643
41379
16276
0.00044643
0.00044643
21330
0.00044643
0.00044643
40896
10165
11511
0.00044643
57274
50068
0.00044643
0.00044643
0.00044643
4370.2
0.00044643
0.00044643
0.00044643
36933
15253
0.00044643
0.00044643
0.00044643
0.00044643
89911
0.00044643
0.00044643
0.00044643
24995
0.00044643
64226
67891
35873
66500
0.00044643
16885
21051
0.00044643
0.00044643
0.00044643
58117
0.00044643
0.00044643
24577
13079
0.00044643
22354
54437
0.00044643
0.00044643
0.00044643
0.00044643
0.00044643
61587
0.00044643
17309
0.00044643
0.00044643
0.00044643
48021
0.00044643
0.00044643
19935
0.00044643
0.00044643
54455
26818
0.00044643
0.00044643
0.00044643
0.00044643
19699
43844
34892
21306
14870
0.00044643
0.00044643
0.00044643
0.00044643
0.00044643
0.00044643
0.00044643
11640
0.00044643
0.00044643
0.00044643
37947
0.00044643
0.00044643
0.00044643
0.00044643
10655
0.00044643
0.00044643
49896
0.00044643
0.00044643
0.00044643
40290
97459
34045
0.00044643
1.2452e+05
0.00044643
0.00044643
0.00044643
1.0806e+05
21547
0.00044643
21989
0.00044643
25577
0.00044643
0.00044643
0.00044643
23912
0.00044643
0.00044643
0.00044643
95401
0.00044643
0.00044643
0.00044643
0.00044643
95684
52639
32468
29334
0.00044643
81779
0.00044643
0.00044643
0.00044643
0.00044643
0.00044643
0.00044643
49032
0.00044643
40149
0.00044643
0.00044643
36011
0.00044643
95711
0.00044643
41826
0.00044643
0.00044643
40168
0.00044643
0.00044643
0.00044643
0.00044643
0.00044643
0.00044643
35955
23594
28030
0.00044643
0.00044643
0.00044643
0.00044643
1.3722e+05
0.00044643
0.00044643
1.9079e+05
26441
43288
0.00044643
36834
0.00044643
0.00044643
26573
0.00044643
0.00044643
16936
0.00044643
0.00044643
86524
0.00044643
0.00044643
0.00044643
0.00044643
52358
25834
0.00044643
23949
36283
0.00044643
0.00044643
0.00044643
0.00044643
0.00044643
0.00044643
1.1058e+05
48877
6743.4
0.00044643
0.00044643
0.00044643
26828
0.00044643
40102
0.00044643
0.00044643
0.00044643
26690
0.00044643
0.00044643
0.00044643
0.00044643
0.00044643
0.00044643
63620
0.00044643
0.00044643
0.00044643
36014
55228
0.00044643
0.00044643
26472
0.00044643
0.00044643
0.00044643
37095
84300
0.00044643
38345
0.00044643
0.00044643
0.00044643
39828
28096
24471
6766.4
0.00044643
0.00044643
0.00044643
0.00044643
0.00044643
0.00044643
0.00044643
0.00044643
0.00044643
0.00044643
0.00044643
0.00044643
35367
0.00044643
0.00044643
35087
0.00044643
0.00044643
27618
0.00044643
10978
81658
0.00044643
46128
0.00044643
0.00044643
0.00044643
0.00044643
20815
10496
15844
0.00044643
1.0154e+05
0.00044643
0.00044643
0.00044643
62245
0.00044643
0.00044643
0.00044643
22841
24497
26282
16791
68038
13801
28131
40116
0.00044643
17847
41306
0.00044643
0.00044643
0.00044643
46806
0.00044643
0.00044643
0.00044643
0.00044643
9989
0.00044643
18508
10275
0.00044643
0.00044643
20275
22815
10508
0.00044643
0.00044643
0.00044643
0.00044643
0.00044643
0.00044643
15977
0.00044643
31720
13869
0.00044643
0.00044643
15267
63802
1.1987e+05
37903
33329
21037
0.00044643
0.00044643
0.00044643
67131
0.00044643
0.00044643
0.00044643
29490
37912
0.00044643
0.00044643
35401
34936
14094
0.00044643
0.00044643
0.00044643
0.00044643
0.00044643
0.00044643
0.00044643
0.00044643
0.00044643
0.00044643
10601
16679
0.00044643
0.00044643
0.00044643
0.00044643
43625
0.00044643
0.00044643
0.00044643
44355
0.00044643
0.00044643
0.00044643
1.3776e+05
4731.5
77152
0.00044643
52978
0.00044643
17619
0.00044643
0.00044643
36495
0.00044643
59774
27457
0.00044643
0.00044643
0.00044643
61845
0.00044643
0.00044643
25119
0.00044643
0.00044643
55953
20561
58485
0.00044643
0.00044643
0.00044643
0.00044643
0.00044643
0.00044643
0.00044643
40700
0.00044643
0.00044643
0.00044643
0.00044643
82205
13816
22466
0.00044643
0.00044643
0.00044643
0.00044643
0.00044643
0.00044643
0.00044643
0.00044643
33938
0.00044643
0.00044643
0.00044643
27586
34281
0.00044643
84972
0.00044643
0.00044643
41470
75205
52228
22132
36800
0.00044643
0.00044643
0.00044643
44419
10171
23093
0.00044643
0.00044643
0.00044643
0.00044643
0.00044643
0.00044643
10767
0.00044643
0.00044643
0.00044643
0.00044643
0.00044643
0.00044643
0.00044643
0.00044643
17498
25785
32683
0.00044643
24374
0.00044643
27586
0.00044643
95356
0.00044643
0.00044643
13162
25736
1.2499e+05
0.00044643
43135
0.00044643
74615
0.00044643
0.00044643
0.00044643
0.00044643
0.00044643
10028
0.00044643
1.1512e+05
0.00044643
20873
0.00044643
0.00044643
23794
68005
30434
24251
0.00044643
1.1687e+05
0.00044643
0.00044643
0.00044643
26684
0.00044643
0.00044643
13386
41498
43102
98720
1.7371e+05
0.00044643
0.00044643
0.00044643
26561
0.00044643
76248
43625
0.00044643
0.00044643
50609
0.00044643
0.00044643
16191
0.00044643
0.00044643
0.00044643
0.00044643
23966
26766
40158
32049
0.00044643
0.00044643
0.00044643
0.00044643
0.00044643
15859
0.00044643
11420
0.00044643
0.00044643
0.00044643
0.00044643
15297
65256
21756
0.00044643
41651
0.00044643
41883
66949
16451
0.00044643
0.00044643
0.00044643
0.00044643
0.00044643
0.00044643
0.00044643
0.00044643
23228
18464
0.00044643
0.00044643
0.00044643
16405
0.00044643
0.00044643
0.00044643
16642
0.00044643
23747
25832
57614
0.00044643
0.00044643
14376
0.00044643
0.00044643
23609
0.00044643
16448
0.00044643
17575
20906
0.00044643
0.00044643
0.00044643
34484
0.00044643
0.00044643
30622
0.00044643
0.00044643
0.00044643
38522
97607
13150
0.00044643
0.00044643
0.00044643
41557
0.00044643
73220
27214
0.00044643
21348
0.00044643
0.00044643
0.00044643
23325
0.00044643
51014
0.00044643
0.00044643
90573
27549
20333
22953
0.00044643
0.00044643
0.00044643
0.00044643
0.00044643
0.00044643
75612
0.00044643
0.00044643
0.00044643
0.00044643
0.00044643
0.00044643
0.00044643
33208
15660
0.00044643
40533
0.00044643
24323
54461
0.00044643
0.00044643
79880
13967
0.00044643
0.00044643
16132
30839
0.00044643
0.00044643
0.00044643
89918
46371
33540
25802
32659
79575
66827
59970
45178
0.00044643
0.00044643
0.00044643
0.00044643
0.00044643
9133.6
0.00044643
67861
0.00044643
0.00044643
0.00044643
0.00044643
44432
14462
0.00044643
0.00044643
12232
0.00044643
21862
30731
0.00044643
0.00044643
0.00044643
0.00044643
0.00044643
0.00044643
0.00044643
0.00044643
12864
11081
0.00044643
40416
0.00044643
28073
88654
4764.4
19480
0.00044643
94369
0.00044643
0.00044643
0.00044643
21317
0.00044643
0.00044643
0.00044643
1.5412e+05
0.00044643
0.00044643
0.00044643
25516
9273
0.00044643
0.00044643
19372
0.00044643
1.0596e+05
0.00044643
0.00044643
0.00044643
0.00044643
0.00044643
50474
12077
0.00044643
19744
73384
19614
9003.5
0.00044643
0.00044643
0.00044643
1.9409e+05
0.00044643
0.00044643
0.00044643
0.00044643
0.00044643
20059
79941
20511
26354
0.00044643
27901
0.00044643
0.00044643
0.00044643
0.00044643
0.00044643
89116
43802
0.00044643
40152
0.00044643
0.00044643
0.00044643
47035
1.2298e+05
39687
22035
1.7471e+05
0.00044643
0.00044643
34017
13282
18590
0.00044643
0.00044643
62810
0.00044643
0.00044643
0.00044643
12403
75489
25488
24537
0.00044643
0.00044643
0.00044643
0.00044643
15366
0.00044643
0.00044643
13500
0.00044643
0.00044643
73288
0.00044643
33729
60159
1.1973e+05
0.00044643
8677.1
56886
16238
48137
32964
53740
0.00044643
23538
0.00044643
0.00044643
0.00044643
19106
0.00044643
42390
0.00044643
72537
0.00044643
0.00044643
11425
1.1058e+05
0.00044643
0.00044643
0.00044643
0.00044643
0.00044643
9310.2
0.00044643
0.00044643
0.00044643
10223
0.00044643
0.00044643
0.00044643
0.00044643
0.00044643
34013
0.00044643
0.00044643
19464
43951
0.00044643
0.00044643
0.00044643
1.0936e+05
0.00044643
17333
0.00044643
0.00044643
0.00044643
0.00044643
27194
1.1369e+05
0.00044643
0.00044643
10115
0.00044643
0.00044643
0.00044643
0.00044643
0.00044643
0.00044643
15508
0.00044643
15868
35847
0.00044643
0.00044643
0.00044643
0.00044643
0.00044643
0.00044643
78992
0.00044643
0.00044643
0.00044643
69023
14792
0.00044643
0.00044643
0.00044643
13763
0.00044643
0.00044643
58489
0.00044643
0.00044643
0.00044643
0.00044643
0.00044643
32634
58187
0.00044643
50792
52855
0.00044643
57078
0.00044643
0.00044643
67652
0.00044643
0.00044643
26732
22790
0.00044643
33928
0.00044643
23497
0.00044643
0.00044643
0.00044643
1.2124e+05
0.00044643
6518.8
86397
0.00044643
17013
15100
0.00044643
42161
0.00044643
8162.9
0.00044643
26074
0.00044643
26736
0.00044643
0.00044643
25235
0.00044643
7900.2
1.3065e+05
0.00044643
32408
0.00044643
42479
13565
0.00044643
0.00044643
0.00044643
0.00044643
0.00044643
16521
0.00044643
0.00044643
0.00044643
49685
0.00044643
0.00044643
0.00044643
0.00044643
0.00044643
0.00044643
42456
19936
0.00044643
14091
11919
0.00044643
11561
26527
0.00044643
58959
0.00044643
24851
0.00044643
31521
12139
22003
0.00044643
20837
0.00044643
24612
60646
0.00044643
0.00044643
52694
56200
19441
0.00044643
15611
48941
15569
0.00044643
0.00044643
76143
0.00044643
1.0127e+05
0.00044643
54523
0.00044643
28531
0.00044643
42377
0.00044643
1.0797e+05
44545
0.00044643
30422
0.00044643
41663
56937
0.00044643
22777
33864
24180
0.00044643
22918
34931
59900
23941
0.00044643
0.00044643
18675
0.00044643
0.00044643
48734
0.00044643
23328
0.00044643
0.00044643
17650
0.00044643
0.00044643
0.00044643
0.00044643
0.00044643
80233
15724
0.00044643
16263
15931
0.00044643
0.00044643
23042
45697
15343
0.00044643
35627
29122
0.00044643
25787
0.00044643
79986
22127
0.00044643
75205
0.00044643
21141
29495
17461
18596
29124
0.00044643
40656
0.00044643
28615
0.00044643
0.00044643
0.00044643
28656
27064
0.00044643
24612
0.00044643
0.00044643
9555.1
0.00044643
0.00044643
11594
1.0794e+05
31584
94334
49736
46162
14517
0.00044643
74441
18719
26222
0.00044643
0.00044643
58338
0.00044643
49544
0.00044643
89088
0.00044643
63028
0.00044643
0.00044643
1.2489e+05
0.00044643
0.00044643
23619
0.00044643
6852.3
39347
26594
0.00044643
0.00044643
0.00044643
0.00044643
33606
1.521e+05
92224
0.00044643
23194
12357
43391
0.00044643
98962
0.00044643
0.00044643
18730
43547
20396
0.00044643
0.00044643
0.00044643
26859
29565
0.00044643
10278
23036
0.00044643
34639
48918
0.00044643
0.00044643
0.00044643
27581
0.00044643
0.00044643
0.00044643
0.00044643
0.00044643
0.00044643
54282
19141
0.00044643
0.00044643
56122
45659
1.0489e+05
0.00044643
0.00044643
21295
16766
0.00044643
31631
40307
49094
0.00044643
39100
1.1e+05
0.00044643
54607
0.00044643
0.00044643
0.00044643
27490
0.00044643
0.00044643
8266.8
0.00044643
25342
0.00044643
0.00044643
0.00044643
0.00044643
42263
0.00044643
22861
0.00044643
0.00044643
56098
0.00044643
0.00044643
0.00044643
11291
12671
0.00044643
0.00044643
0.00044643
0.00044643
34076
0.00044643
0.00044643
0.00044643
0.00044643
0.00044643
44909
0.00044643
0.00044643
85665
0.00044643
0.00044643
0.00044643
11358
0.00044643
0.00044643
0.00044643
0.00044643
0.00044643
0.00044643
0.00044643
83396
0.00044643
0.00044643
43574
0.00044643
42495
92357
0.00044643
0.00044643
0.00044643
0.00044643
12181
0.00044643
12240
9247.2
0.00044643
0.00044643
0.00044643
0.00044643
0.00044643
51578
54664
0.00044643
94659
34956
0.00044643
29492
0.00044643
0.00044643
0.00044643
0.00044643
0.00044643
22496
0.00044643
14840
18193
30895
14511
17770
38325
49139
21169
0.00044643
46763
0.00044643
0.00044643
0.00044643
0.00044643
17811
0.00044643
60908
0.00044643
0.00044643
0.00044643
11499
0.00044643
79705
0.00044643
0.00044643
0.00044643
0.00044643
32288
32474
29014
0.00044643
27986
67751
0.00044643
0.00044643
31824
0.00044643
36911
16132
0.00044643
0.00044643
40723
44166
0.00044643
0.00044643
20238
18778
0.00044643
0.00044643
0.00044643
0.00044643
17147
0.00044643
0.00044643
30952
0.00044643
0.00044643
0.00044643
0.00044643
0.00044643
1.0296e+05
0.00044643
0.00044643
23180
0.00044643
0.00044643
0.00044643
25927
0.00044643
50062
0.00044643
0.00044643
0.00044643
15200
72208
17187
0.00044643
0.00044643
63980
0.00044643
0.00044643
0.00044643
46147
0.00044643
23961
0.00044643
0.00044643
0.00044643
0.00044643
0.00044643
36898
0.00044643
0.00044643
1.4164e+05
15270
94997
57862
0.00044643
0.00044643
0.00044643
62009
0.00044643
0.00044643
32194
0.00044643
0.00044643
0.00044643
11130
0.00044643
22140
0.00044643
8523.3
20838
0.00044643
29241
0.00044643
18898
0.00044643
0.00044643
32619
0.00044643
0.00044643
25227
0.00044643
0.00044643
0.00044643
0.00044643
