0.00044643
0.00044643
1.123e+06
2.9247e+05
3.6839e+05
0.00044643
0.00044643
7.8742e+05
4.0142e+06
0.00044643
3.2707e+06
2.7917e+05
2.7533e+05
0.00044643
5.6717e+05
0.00044643
4.7456e+05
0.00044643
0.00044643
0.00044643
0.00044643
1.0049e+05
3.9302e+05
0.00044643
0.00044643
0.00044643
0.00044643
4.5275e+05
3.7418e+06
2.9416e+06
0.00044643
0.00044643
7.2802e+05
2.6238e+05
0.00044643
2.2131e+06
0.00044643
0.00044643
0.00044643
2.3848e+06
4.1259e+05
0.00044643
1.9032e+05
3.4369e+05
0.00044643
2.5121e+06
2.9943e+05
3.1356e+05
0.00044643
2.8164e+05
0.00044643
0.00044643
0.00044643
8.7008e+05
1.6412e+05
0.00044643
5.4199e+05
0.00044643
6.8065e+05
6.5751e+05
5.0442e+06
4.3507e+05
0.00044643
0.00044643
0.00044643
2.0673e+06
0.00044643
0.00044643
0.00044643
8.4065e+05
1.1266e+06
0.00044643
0.00044643
0.00044643
1.4484e+06
3.0718e+05
0.00044643
0.00044643
2.7315e+05
0.00044643
1.0082e+05
4.9795e+05
3.8184e+05
5.3413e+05
2.0633e+06
4.853e+05
0.00044643
0.00044643
5.2701e+05
0.00044643
0.00044643
3.2385e+05
0.00044643
4.1173e+05
0.00044643
0.00044643
0.00044643
0.00044643
8.081e+05
4.776e+05
3.627e+05
0.00044643
6.2029e+05
0.00044643
1.4604e+06
0.00044643
3.2739e+05
0.00044643
0.00044643
1.1362e+06
0.00044643
0.00044643
0.00044643
9.1546e+05
0.00044643
3.3106e+05
4.0138e+05
0.00044643
0.00044643
0.00044643
0.00044643
3.8076e+05
1.2123e+05
7.2921e+05
0.00044643
2.0194e+05
0.00044643
0.00044643
0.00044643
0.00044643
0.00044643
3.999e+05
0.00044643
1.4694e+05
0.00044643
5.26e+05
6.1658e+05
0.00044643
3.1799e+05
1.2665e+06
0.00044643
0.00044643
0.00044643
5.4744e+05
0.00044643
0.00044643
0.00044643
1.036e+05
0.00044643
0.00044643
4.53e+05
2.7292e+06
6.8643e+05
9.1471e+05
0.00044643
1.7883e+05
2.3097e+05
1.8443e+05
0.00044643
1.0401e+06
0.00044643
0.00044643
2.6479e+06
2.2544e+06
8.3736e+05
0.00044643
0.00044643
3.8037e+05
0.00044643
4.8934e+05
7.7057e+05
0.00044643
0.00044643
0.00044643
4.9994e+05
3.5845e+05
7.0038e+05
7.0214e+05
0.00044643
0.00044643
0.00044643
0.00044643
6.1253e+05
0.00044643
0.00044643
0.00044643
3.9586e+05
7.2853e+05
0.00044643
0.00044643
0.00044643
1.3558e+06
0.00044643
0.00044643
4.6029e+05
3.7073e+05
0.00044643
3.0234e+05
0.00044643
0.00044643
0.00044643
0.00044643
0.00044643
0.00044643
0.00044643
9.6586e+05
3.9601e+05
5.9335e+05
4.7669e+05
1.8493e+06
0.00044643
1.0376e+06
0.00044643
6.9363e+05
0.00044643
1.0636e+06
0.00044643
8.1884e+05
0.00044643
7.1002e+05
0.00044643
0.00044643
0.00044643
2.7372e+05
0.00044643
1.3197e+06
0.00044643
0.00044643
0.00044643
4.4118e+05
7.8553e+05
0.00044643
0.00044643
2.523e+05
0.00044643
8.6826e+05
0.00044643
0.00044643
5.0778e+05
8.394e+05
1.2585e+05
4.4846e+05
1.9592e+06
6.8543e+05
0.00044643
0.00044643
0.00044643
1.0073e+06
0.00044643
0.00044643
0.00044643
0.00044643
5.7206e+05
1.0483e+06
0.00044643
2.9178e+05
7.953e+05
2.014e+05
0.00044643
0.00044643
0.00044643
0.00044643
0.00044643
1.043e+06
1.7977e+05
1.2396e+06
2.1084e+05
2.258e+05
0.00044643
0.00044643
4.28e+05
0.00044643
6.595e+05
0.00044643
1.9582e+05
5.4161e+05
0.00044643
0.00044643
1.2022e+06
0.00044643
2.2213e+06
0.00044643
0.00044643
1.0522e+06
0.00044643
0.00044643
1.8151e+05
4.9495e+05
0.00044643
8.6236e+05
0.00044643
2.6609e+05
1.041e+06
1.0877e+06
2.2411e+05
8.5092e+05
8.6805e+05
0.00044643
6.6923e+05
0.00044643
9.3947e+05
0.00044643
0.00044643
2.6916e+05
6.1254e+05
1.4583e+06
1.0536e+06
0.00044643
1.2555e+05
0.00044643
3.0573e+05
6.8219e+05
0.00044643
0.00044643
0.00044643
0.00044643
1.1211e+06
0.00044643
1.2133e+06
1.7959e+06
0.00044643
0.00044643
2.103e+06
8.3639e+05
0.00044643
6.3154e+05
5.2307e+05
0.00044643
4.5958e+05
0.00044643
0.00044643
0.00044643
0.00044643
0.00044643
2.6534e+05
0.00044643
1.2433e+06
0.00044643
6.9234e+05
5.4823e+05
0.00044643
0.00044643
3.0645e+05
0.00044643
6.0721e+05
3.6102e+05
0.00044643
7.8442e+05
0.00044643
0.00044643
2.8793e+05
0.00044643
4.8162e+05
1.3334e+06
9.3197e+05
4.8737e+06
0.00044643
2.6318e+05
0.00044643
3.3113e+05
0.00044643
0.00044643
1.2176e+06
0.00044643
0.00044643
4.1414e+05
0.00044643
0.00044643
3.7563e+06
8.6849e+05
0.00044643
1.4704e+06
0.00044643
0.00044643
2.756e+05
0.00044643
1.1476e+06
5.2396e+05
2.9703e+05
4.8454e+05
7.0457e+05
9.8711e+05
0.00044643
1.6144e+06
6.6812e+05
4.5782e+05
0.00044643
0.00044643
2.0082e+06
0.00044643
6.0286e+05
0.00044643
0.00044643
1.2567e+05
0.00044643
0.00044643
0.00044643
1.0194e+06
0.00044643
0.00044643
5.1053e+05
1.3999e+06
2.9264e+05
0.00044643
0.00044643
0.00044643
4.855e+05
0.00044643
0.00044643
7.418e+05
0.00044643
0.00044643
2.8129e+06
2.6626e+05
0.00044643
0.00044643
6.5865e+05
0.00044643
3.8562e+05
3.4741e+05
0.00044643
0.00044643
0.00044643
0.00044643
2.6852e+06
0.00044643
1.8578e+05
1.5181e+06
1.5269e+06
0.00044643
0.00044643
3.8253e+05
0.00044643
0.00044643
0.00044643
0.00044643
0.00044643
5.7514e+05
0.00044643
5.2935e+05
0.00044643
0.00044643
9.8682e+05
9.6861e+05
8.1869e+05
1.98e+05
3.7376e+05
0.00044643
4.5934e+05
1.5989e+06
0.00044643
0.00044643
0.00044643
0.00044643
0.00044643
4.7348e+05
9.5059e+05
0.00044643
3.2947e+05
3.4318e+05
0.00044643
0.00044643
3.835e+06
0.00044643
0.00044643
9.7435e+05
0.00044643
0.00044643
3.2054e+06
0.00044643
8.284e+05
0.00044643
5.9047e+05
8.3618e+05
0.00044643
6.4982e+05
0.00044643
3.2534e+05
0.00044643
0.00044643
0.00044643
9.0547e+05
5.9053e+05
0.00044643
0.00044643
1.5579e+05
0.00044643
2.9157e+05
4.5213e+05
2.0318e+06
0.00044643
0.00044643
5.7371e+05
1.9482e+06
0.00044643
0.00044643
1.208e+06
4.2714e+05
0.00044643
0.00044643
0.00044643
9.3891e+05
2.4286e+05
0.00044643
0.00044643
0.00044643
2.4205e+05
5.3898e+05
0.00044643
0.00044643
0.00044643
0.00044643
0.00044643
0.00044643
0.00044643
1.7182e+05
52699
8.0977e+05
1.4774e+06
0.00044643
3.0088e+05
0.00044643
8.1944e+05
0.00044643
1.4737e+05
9.3611e+05
0.00044643
0.00044643
0.00044643
0.00044643
1.3637e+05
0.00044643
0.00044643
0.00044643
0.00044643
0.00044643
0.00044643
0.00044643
2.6401e+05
0.00044643
3.6031e+05
4.1805e+05
0.00044643
0.00044643
0.00044643
0.00044643
0.00044643
0.00044643
1.37e+06
7.7464e+05
5.0555e+05
4.8001e+05
2.8051e+05
0.00044643
0.00044643
0.00044643
0.00044643
0.00044643
3.682e+05
5.2059e+05
0.00044643
0.00044643
9.2253e+05
0.00044643
2.7593e+06
1.1073e+06
1.3472e+06
4.2746e+05
0.00044643
0.00044643
3.8316e+05
0.00044643
8.2962e+05
5.0373e+05
0.00044643
0.00044643
0.00044643
0.00044643
0.00044643
0.00044643
0.00044643
8.6809e+05
0.00044643
0.00044643
1.2485e+06
0.00044643
4.8208e+05
0.00044643
0.00044643
0.00044643
4.8752e+05
0.00044643
0.00044643
0.00044643
0.00044643
2.0568e+05
3.6757e+05
7.2465e+05
0.00044643
0.00044643
4.1669e+05
0.00044643
4.6983e+05
1.0316e+06
0.00044643
4.7298e+05
4.5676e+05
8.7008e+05
0.00044643
3.945e+05
2.3143e+05
5.1676e+05
0.00044643
3.8249e+05
0.00044643
0.00044643
5.5462e+05
0.00044643
0.00044643
6.917e+05
1.7989e+06
0.00044643
0.00044643
1.3588e+05
0.00044643
0.00044643
0.00044643
0.00044643
0.00044643
3.8028e+05
0.00044643
0.00044643
0.00044643
0.00044643
1.9426e+06
3.34e+05
2.8336e+05
3.0607e+05
0.00044643
0.00044643
3.9788e+06
4.1052e+05
0.00044643
0.00044643
1.0078e+06
3.5666e+05
6.7871e+05
0.00044643
0.00044643
0.00044643
1.3904e+06
8.0437e+05
98698
3.4696e+05
3.3738e+05
8.341e+05
0.00044643
0.00044643
1.0543e+06
0.00044643
3.6787e+05
0.00044643
0.00044643
0.00044643
1.0477e+06
0.00044643
0.00044643
0.00044643
3.3508e+05
0.00044643
0.00044643
9.2868e+05
0.00044643
0.00044643
0.00044643
0.00044643
1.0851e+07
0.00044643
7.7028e+05
0.00044643
5.2403e+06
1.5469e+06
0.00044643
0.00044643
0.00044643
0.00044643
2.8894e+05
1.5245e+05
4.9964e+05
0.00044643
6.3004e+05
0.00044643
0.00044643
0.00044643
5.0303e+05
0.00044643
7.0531e+05
1.0137e+06
8.9395e+05
1.4876e+05
7.1404e+05
0.00044643
1.7575e+06
1.4471e+06
2.4478e+05
0.00044643
6.3288e+05
1.7873e+05
1.7018e+06
0.00044643
0.00044643
0.00044643
4.4926e+05
0.00044643
0.00044643
0.00044643
0.00044643
0.00044643
4.6514e+05
7.9703e+05
0.00044643
0.00044643
1.4112e+06
0.00044643
3.0166e+05
1.7777e+05
2.3043e+06
5.5368e+05
0.00044643
2.4498e+06
7.9447e+05
0.00044643
2.4689e+05
0.00044643
0.00044643
0.00044643
0.00044643
1.7064e+06
0.00044643
4.4407e+05
0.00044643
0.00044643
0.00044643
0.00044643
0.00044643
0.00044643
1.628e+05
9.9297e+05
0.00044643
0.00044643
2.8357e+05
6.4836e+05
1.4477e+05
0.00044643
0.00044643
7.1075e+05
7.3321e+05
1.6214e+06
0.00044643
0.00044643
0.00044643
0.00044643
4.6171e+06
0.00044643
0.00044643
0.00044643
0.00044643
5.4624e+05
0.00044643
0.00044643
0.00044643
0.00044643
0.00044643
2.693e+06
1.1313e+06
4.0436e+05
0.00044643
0.00044643
2.5197e+05
1.2722e+05
0.00044643
0.00044643
7.6677e+06
3.0566e+06
2.258e+05
1.4454e+06
1.0744e+06
8.085e+05
0.00044643
0.00044643
3.5192e+05
1.3838e+05
2.7989e+06
0.00044643
0.00044643
1.0814e+06
0.00044643
0.00044643
2.5698e+05
1.0716e+06
6.6732e+05
0.00044643
1.9597e+06
0.00044643
0.00044643
5.7975e+05
0.00044643
0.00044643
0.00044643
0.00044643
0.00044643
4.9179e+05
6.1981e+05
0.00044643
0.00044643
2.1323e+05
9.5192e+05
0.00044643
0.00044643
0.00044643
0.00044643
0.00044643
7.8883e+05
0.00044643
0.00044643
1.2413e+05
0.00044643
7.8057e+05
9.8287e+05
4.8848e+06
0.00044643
6.0271e+05
2.4743e+05
0.00044643
2.3585e+05
0.00044643
8.8335e+05
0.00044643
6.3461e+05
0.00044643
0.00044643
2.5257e+05
0.00044643
0.00044643
4.1538e+05
0.00044643
3.0374e+05
2.6562e+05
4.4755e+05
3.427e+05
0.00044643
0.00044643
0.00044643
0.00044643
0.00044643
0.00044643
4.1443e+05
2.1994e+05
5.6887e+05
4.9528e+05
0.00044643
0.00044643
3.1424e+05
2.3436e+06
0.00044643
0.00044643
0.00044643
3.4203e+05
0.00044643
0.00044643
1.6897e+05
6.6126e+05
1.7564e+06
0.00044643
0.00044643
0.00044643
7.3314e+05
1.77e+06
0.00044643
0.00044643
0.00044643
0.00044643
5.0664e+05
0.00044643
0.00044643
6.9471e+05
0.00044643
6.823e+05
0.00044643
0.00044643
1.8759e+05
6.6856e+05
0.00044643
2.8117e+05
0.00044643
1.102e+06
0.00044643
0.00044643
0.00044643
0.00044643
4.9294e+05
7.0791e+05
0.00044643
0.00044643
2.6618e+05
0.00044643
7.1111e+05
7.044e+05
0.00044643
1.7538e+06
2.5055e+05
0.00044643
0.00044643
0.00044643
0.00044643
4.5612e+05
0.00044643
1.5606e+06
1.2478e+06
1.053e+06
0.00044643
0.00044643
0.00044643
0.00044643
0.00044643
0.00044643
1.111e+05
0.00044643
0.00044643
0.00044643
0.00044643
8.2605e+05
0.00044643
0.00044643
0.00044643
7.169e+05
0.00044643
0.00044643
2.4144e+05
0.00044643
0.00044643
0.00044643
4.0075e+05
2.3115e+05
0.00044643
0.00044643
0.00044643
0.00044643
0.00044643
5.4376e+05
0.00044643
0.00044643
0.00044643
1.5441e+05
3.9642e+05
2.8489e+05
4.3552e+06
3.6318e+05
0.00044643
5.1953e+05
0.00044643
0.00044643
0.00044643
0.00044643
0.00044643
5.6168e+05
1.7316e+05
3.4295e+06
0.00044643
0.00044643
0.00044643
5.9338e+05
1.4053e+05
0.00044643
0.00044643
0.00044643
0.00044643
8.34e+05
0.00044643
1.5819e+06
0.00044643
0.00044643
5.6267e+05
3.382e+05
2.8454e+05
5.3529e+05
3.3926e+05
1.5931e+06
0.00044643
0.00044643
0.00044643
8.4778e+05
1.9799e+05
0.00044643
7.02e+05
3.0052e+05
2.424e+05
5.0997e+05
6.4279e+05
0.00044643
0.00044643
0.00044643
0.00044643
0.00044643
0.00044643
4.1167e+05
1.0816e+06
0.00044643
4.9519e+05
1.0588e+06
0.00044643
0.00044643
2.8459e+05
0.00044643
6.163e+05
3.0219e+05
3.452e+05
3.0714e+05
0.00044643
0.00044643
8.267e+05
2.3709e+05
1.4396e+06
0.00044643
0.00044643
9.2092e+05
8.7636e+05
1.5197e+06
0.00044643
0.00044643
0.00044643
0.00044643
0.00044643
0.00044643
1.4437e+06
0.00044643
0.00044643
0.00044643
7.843e+05
1.7563e+06
0.00044643
0.00044643
1.6805e+06
9.6235e+05
0.00044643
6.2854e+05
5.9485e+05
0.00044643
0.00044643
0.00044643
8.9281e+05
0.00044643
1.835e+06
8.3395e+05
0.00044643
2.2793e+06
7.2843e+05
0.00044643
0.00044643
0.00044643
5.891e+05
0.00044643
1.8281e+05
4.717e+05
3.817e+05
0.00044643
3.2028e+05
1.4776e+05
0.00044643
2.1017e+05
1.2806e+06
0.00044643
2.6131e+05
0.00044643
9.2592e+05
0.00044643
0.00044643
0.00044643
0.00044643
0.00044643
0.00044643
0.00044643
0.00044643
2.2552e+05
2.5581e+05
0.00044643
3.2474e+05
0.00044643
0.00044643
2.7833e+06
0.00044643
3.1662e+05
1.4618e+05
0.00044643
0.00044643
0.00044643
0.00044643
3.242e+05
0.00044643
2.0869e+06
1.0942e+06
0.00044643
0.00044643
5.843e+05
0.00044643
0.00044643
3.9289e+05
0.00044643
8.1651e+05
0.00044643
5.4761e+05
1.0253e+06
1.7323e+06
0.00044643
0.00044643
9.3412e+05
2.5559e+05
0.00044643
0.00044643
0.00044643
0.00044643
0.00044643
0.00044643
6.923e+05
4.3054e+05
2.1387e+05
6.9817e+05
0.00044643
7.0288e+05
0.00044643
0.00044643
8.8725e+05
0.00044643
0.00044643
2.1624e+05
2.136e+06
1.9914e+06
1.0129e+06
0.00044643
2.1965e+05
2.4533e+05
0.00044643
5.7389e+05
0.00044643
9.7226e+05
0.00044643
0.00044643
0.00044643
0.00044643
0.00044643
0.00044643
0.00044643
6.0475e+05
0.00044643
0.00044643
0.00044643
0.00044643
1.3773e+06
0.00044643
2.1567e+05
0.00044643
0.00044643
0.00044643
53697
0.00044643
1.9587e+06
0.00044643
0.00044643
0.00044643
2.7979e+05
0.00044643
0.00044643
0.00044643
6.8683e+05
0.00044643
1.1877e+06
1.1466e+05
0.00044643
0.00044643
5.7036e+05
0.00044643
0.00044643
7.8811e+05
8.0261e+05
0.00044643
0.00044643
1.9794e+05
3.437e+05
0.00044643
1.8152e+05
1.4245e+06
2.156e+06
0.00044643
0.00044643
0.00044643
0.00044643
0.00044643
6.5207e+05
1.8733e+06
1.1731e+06
0.00044643
0.00044643
0.00044643
1.861e+05
7.1838e+05
7.7948e+05
0.00044643
0.00044643
0.00044643
0.00044643
0.00044643
0.00044643
0.00044643
0.00044643
4.4e+06
0.00044643
1.015e+06
7.7754e+05
0.00044643
1.1039e+06
0.00044643
0.00044643
8.2908e+05
1.3874e+06
3.8182e+05
0.00044643
3.1379e+05
5.7575e+05
8.2588e+05
0.00044643
1.567e+05
0.00044643
0.00044643
4.1211e+05
3.7787e+05
0.00044643
0.00044643
1.9242e+05
4.2413e+05
0.00044643
6.371e+05
0.00044643
1.5374e+06
0.00044643
0.00044643
9.0293e+05
0.00044643
4.7014e+05
0.00044643
8.5275e+05
0.00044643
0.00044643
6.6746e+05
8.0706e+05
1.9628e+06
0.00044643
0.00044643
0.00044643
0.00044643
1.7175e+06
0.00044643
0.00044643
5.105e+05
2.04e+06
1.998e+06
4.1167e+05
0.00044643
0.00044643
7.9974e+05
0.00044643
1.7674e+05
0.00044643
0.00044643
4.5633e+05
0.00044643
0.00044643
1.0677e+06
0.00044643
0.00044643
9.3793e+05
1.2961e+05
0.00044643
0.00044643
4.8381e+05
0.00044643
0.00044643
0.00044643
3.2107e+05
1.1357e+06
0.00044643
1.1428e+06
5.4236e+05
0.00044643
0.00044643
0.00044643
0.00044643
0.00044643
1.9102e+06
0.00044643
0.00044643
0.00044643
0.00044643
0.00044643
3.9246e+05
0.00044643
2.4314e+05
0.00044643
0.00044643
1.7832e+06
0.00044643
0.00044643
7.2752e+05
0.00044643
0.00044643
5.2834e+05
9.6283e+05
3.7304e+05
5.5e+06
1.0739e+06
0.00044643
0.00044643
3.2507e+05
0.00044643
0.00044643
0.00044643
0.00044643
3.2644e+06
0.00044643
0.00044643
6.8474e+05
7.7775e+05
0.00044643
3.2665e+05
0.00044643
0.00044643
0.00044643
0.00044643
0.00044643
1.7637e+06
2.9893e+05
0.00044643
3.9432e+05
8.8341e+05
5.718e+05
2.501e+05
9.5922e+05
0.00044643
0.00044643
6.6004e+05
0.00044643
2.8802e+06
0.00044643
0.00044643
4.9053e+05
0.00044643
0.00044643
5.3976e+05
3.969e+05
0.00044643
0.00044643
1.8009e+05
0.00044643
5.2074e+05
8.4192e+05
0.00044643
3.7185e+05
3.6528e+05
0.00044643
3.2742e+05
1.4606e+06
0.00044643
0.00044643
4.6752e+05
0.00044643
1.3651e+06
0.00044643
0.00044643
0.00044643
5.1107e+05
0.00044643
0.00044643
0.00044643
0.00044643
0.00044643
0.00044643
5.8843e+05
0.00044643
0.00044643
0.00044643
1.5624e+05
5.4619e+05
8.0595e+05
1.6811e+06
0.00044643
1.1405e+06
0.00044643
0.00044643
3.4089e+05
0.00044643
0.00044643
0.00044643
0.00044643
0.00044643
0.00044643
5.2046e+05
0.00044643
0.00044643
0.00044643
0.00044643
0.00044643
4.7208e+05
0.00044643
1.3888e+06
9.4901e+05
0.00044643
1.9543e+05
0.00044643
1.0814e+06
2.2934e+05
0.00044643
2.3257e+06
9.4871e+05
4.1463e+05
0.00044643
0.00044643
1.287e+06
0.00044643
0.00044643
2.3852e+06
0.00044643
0.00044643
0.00044643
0.00044643
0.00044643
1.3947e+06
0.00044643
4.1545e+05
8.977e+05
3.4748e+05
9.3152e+05
3.8428e+05
0.00044643
0.00044643
1.2355e+05
0.00044643
0.00044643
0.00044643
0.00044643
0.00044643
0.00044643
0.00044643
0.00044643
0.00044643
0.00044643
3.5123e+05
1.7044e+05
0.00044643
9.8463e+05
0.00044643
0.00044643
0.00044643
0.00044643
0.00044643
0.00044643
1.1891e+05
2.7886e+06
1.1494e+06
1.5682e+05
1.1578e+06
0.00044643
5.2288e+05
5.3834e+05
3.8181e+06
2.3645e+05
0.00044643
8.8007e+05
8.1965e+05
0.00044643
0.00044643
0.00044643
0.00044643
0.00044643
2.4013e+06
2.1994e+06
0.00044643
3.0227e+05
5.3012e+05
0.00044643
1.3423e+05
0.00044643
0.00044643
3.1329e+05
0.00044643
0.00044643
5.3258e+05
0.00044643
0.00044643
0.00044643
0.00044643
0.00044643
0.00044643
0.00044643
0.00044643
0.00044643
0.00044643
3.5381e+05
0.00044643
7.2423e+05
0.00044643
1.3657e+06
5.4109e+05
0.00044643
4.9074e+05
0.00044643
3.217e+05
4.1619e+05
7.43e+05
3.6415e+05
1.2704e+06
0.00044643
0.00044643
90700
3.3053e+05
0.00044643
2.0825e+06
0.00044643
0.00044643
5.8453e+05
3.3792e+05
6.956e+05
6.4648e+05
1.3636e+06
8.1209e+05
1.5751e+06
4.227e+05
1.1503e+06
0.00044643
0.00044643
1.0555e+06
0.00044643
5.072e+05
0.00044643
0.00044643
0.00044643
0.00044643
0.00044643
1.8467e+06
0.00044643
0.00044643
0.00044643
2.0384e+06
9.9998e+05
92852
6.4146e+06
0.00044643
0.00044643
0.00044643
2.9136e+05
3.0706e+05
0.00044643
4.4605e+05
0.00044643
2.6309e+06
0.00044643
0.00044643
2.6672e+06
1.4312e+05
0.00044643
0.00044643
2.6661e+06
0.00044643
0.00044643
0.00044643
0.00044643
3.8436e+05
4.806e+05
1.0525e+06
0.00044643
0.00044643
0.00044643
2.8889e+05
2.6907e+05
0.00044643
4.0879e+05
0.00044643
1.7574e+06
1.3185e+06
0.00044643
3.8346e+05
0.00044643
0.00044643
0.00044643
0.00044643
2.321e+06
0.00044643
0.00044643
0.00044643
4.5182e+05
0.00044643
0.00044643
2.6377e+06
3.1906e+05
3.9802e+05
1.306e+05
0.00044643
0.00044643
2.9651e+05
2.8937e+05
0.00044643
0.00044643
3.9621e+05
0.00044643
3.6726e+05
0.00044643
1.5203e+06
1.9544e+05
8.5405e+05
0.00044643
1.7956e+05
0.00044643
0.00044643
2.2437e+05
1.369e+06
0.00044643
0.00044643
0.00044643
0.00044643
8.4138e+05
1.2269e+06
0.00044643
1.0597e+06
2.2691e+05
4.5847e+05
5.9202e+05
0.00044643
0.00044643
0.00044643
0.00044643
0.00044643
0.00044643
1.131e+06
0.00044643
9.3008e+05
0.00044643
0.00044643
1.9199e+05
0.00044643
0.00044643
3.492e+05
3.6472e+05
2.3736e+05
0.00044643
0.00044643
0.00044643
1.0497e+05
0.00044643
0.00044643
0.00044643
0.00044643
0.00044643
1.407e+05
0.00044643
0.00044643
6.0214e+05
0.00044643
0.00044643
1.1572e+06
5.8309e+05
4.1081e+05
8.122e+05
4.3225e+05
0.00044643
0.00044643
0.00044643
1.0523e+05
0.00044643
1.1043e+06
3.4234e+05
0.00044643
0.00044643
3.4063e+06
2.912e+05
0.00044643
7.711e+05
0.00044643
0.00044643
3.4268e+05
0.00044643
5.7693e+05
0.00044643
4.0169e+05
0.00044643
0.00044643
0.00044643
1.8005e+05
0.00044643
3.2639e+05
0.00044643
5.5764e+05
9.8206e+05
2.0761e+05
7.017e+05
0.00044643
0.00044643
0.00044643
0.00044643
0.00044643
0.00044643
1.263e+06
0.00044643
1.9065e+06
0.00044643
0.00044643
0.00044643
3.5416e+05
0.00044643
0.00044643
0.00044643
7.373e+05
3.8952e+05
0.00044643
6.5819e+05
0.00044643
3.5334e+05
3.1728e+05
1.8031e+05
0.00044643
4.4925e+05
0.00044643
5.6573e+05
9.4145e+05
2.1476e+05
4.5051e+05
0.00044643
5.0268e+05
2.1824e+05
0.00044643
1.1577e+06
4.2823e+05
0.00044643
0.00044643
3.1173e+05
5.2924e+05
0.00044643
4.9976e+05
4.3779e+05
4.4589e+05
7.2957e+05
1.9005e+06
0.00044643
6.9983e+05
0.00044643
3.6258e+05
7.2757e+05
0.00044643
0.00044643
0.00044643
0.00044643
0.00044643
3.6839e+05
1.5795e+05
0.00044643
0.00044643
3.8643e+05
7.4419e+05
0.00044643
2.9774e+05
7.1996e+05
6.642e+05
0.00044643
1.6623e+05
0.00044643
1.3237e+06
0.00044643
0.00044643
0.00044643
3.0365e+05
0.00044643
0.00044643
2.247e+05
0.00044643
4.966e+05
0.00044643
1.5849e+06
0.00044643
0.00044643
5.3225e+05
1.0519e+06
1.149e+06
0.00044643
0.00044643
2.7011e+05
0.00044643
1.7648e+06
4.8811e+05
0.00044643
1.138e+06
0.00044643
0.00044643
0.00044643
0.00044643
8.0154e+05
1.1545e+06
0.00044643
7.9263e+05
0.00044643
2.1441e+06
0.00044643
0.00044643
0.00044643
0.00044643
0.00044643
2.7678e+05
3.6996e+05
0.00044643
0.00044643
0.00044643
0.00044643
0.00044643
8.1381e+05
9.0451e+05
0.00044643
1.15e+06
0.00044643
0.00044643
0.00044643
0.00044643
0.00044643
0.00044643
0.00044643
1.4879e+06
3.7393e+05
0.00044643
1.6329e+06
0.00044643
0.00044643
0.00044643
0.00044643
0.00044643
2.2804e+05
7.3807e+05
0.00044643
0.00044643
5.589e+05
0.00044643
0.00044643
2.6704e+05
0.00044643
0.00044643
3.563e+05
0.00044643
0.00044643
0.00044643
6.487e+05
0.00044643
9.1971e+05
2.0935e+06
3.0722e+05
6.1944e+05
0.00044643
0.00044643
2.6918e+05
0.00044643
0.00044643
0.00044643
2.6952e+05
0.00044643
0.00044643
1.7712e+05
3.35e+05
4.9182e+06
1.1251e+06
0.00044643
0.00044643
5.9843e+05
3.4135e+05
4.0404e+05
0.00044643
4.9004e+05
2.8925e+06
0.00044643
0.00044643
1.1051e+06
0.00044643
3.0632e+05
0.00044643
3.4134e+05
0.00044643
8.3958e+05
0.00044643
0.00044643
1.1392e+06
1.3186e+05
0.00044643
3.1111e+06
1.0834e+06
0.00044643
1.461e+06
0.00044643
0.00044643
0.00044643
0.00044643
0.00044643
0.00044643
0.00044643
0.00044643
0.00044643
1.384e+05
1.4876e+06
2.1543e+06
0.00044643
0.00044643
0.00044643
0.00044643
0.00044643
0.00044643
2.1274e+06
0.00044643
5.5261e+05
4.0638e+05
0.00044643
63709
1.7024e+06
2.4169e+05
0.00044643
0.00044643
0.00044643
7.8598e+05
3.6378e+05
4.3237e+05
0.00044643
0.00044643
0.00044643
0.00044643
2.8474e+05
5.438e+05
0.00044643
0.00044643
7.1945e+05
6.3057e+05
0.00044643
4.043e+05
9.883e+05
5.7583e+05
0.00044643
6.0917e+05
4.1267e+05
0.00044643
0.00044643
0.00044643
1.3828e+06
0.00044643
0.00044643
6.0173e+05
6.2952e+05
0.00044643
3.6749e+05
0.00044643
3.182e+05
0.00044643
1.1141e+06
7.167e+05
6.7212e+05
0.00044643
2.2416e+05
4.5909e+05
0.00044643
0.00044643
8.7781e+05
7.7428e+05
1.0427e+05
1.4529e+06
0.00044643
0.00044643
5.9218e+05
0.00044643
3.9038e+05
5.0765e+05
0.00044643
4.4035e+05
1.3281e+06
0.00044643
8.7036e+05
0.00044643
0.00044643
0.00044643
0.00044643
34677
0.00044643
0.00044643
0.00044643
0.00044643
5.124e+05
2.4491e+05
3.5112e+06
0.00044643
0.00044643
7.2561e+05
2.9262e+05
3.1327e+05
0.00044643
0.00044643
0.00044643
0.00044643
0.00044643
0.00044643
0.00044643
0.00044643
0.00044643
0.00044643
1.6221e+05
3.3141e+06
4.3329e+05
1.8684e+05
9.1828e+05
3.4422e+05
0.00044643
0.00044643
0.00044643
0.00044643
0.00044643
1.7012e+05
0.00044643
0.00044643
0.00044643
0.00044643
2.8732e+05
0.00044643
3.2845e+06
3.8471e+05
1.3179e+06
6.2594e+05
0.00044643
0.00044643
1.4276e+05
0.00044643
0.00044643
0.00044643
1.0376e+06
0.00044643
0.00044643
0.00044643
0.00044643
0.00044643
9.3457e+05
4.7887e+05
0.00044643
0.00044643
4.1525e+05
0.00044643
0.00044643
9.8703e+05
0.00044643
4.6534e+05
0.00044643
7.038e+05
0.00044643
2.2151e+06
0.00044643
0.00044643
0.00044643
1.2978e+06
7.2161e+05
0.00044643
0.00044643
0.00044643
0.00044643
0.00044643
0.00044643
4.9109e+05
9.7223e+05
1.4534e+05
0.00044643
0.00044643
0.00044643
5.1857e+05
2.2021e+06
0.00044643
0.00044643
5.2242e+05
0.00044643
3.2595e+05
0.00044643
0.00044643
0.00044643
0.00044643
8.793e+05
0.00044643
0.00044643
5.8992e+05
1.7457e+06
0.00044643
0.00044643
0.00044643
0.00044643
4.4179e+05
5.2722e+05
1.3672e+06
3.9148e+05
0.00044643
1.6653e+05
0.00044643
3.9857e+05
0.00044643
0.00044643
0.00044643
0.00044643
0.00044643
0.00044643
0.00044643
4.5557e+05
6.7137e+05
2.4154e+05
2.1498e+05
7.9478e+06
1.7758e+06
0.00044643
0.00044643
0.00044643
8.5098e+05
0.00044643
1.9397e+06
4.8745e+05
5.9759e+05
0.00044643
0.00044643
0.00044643
0.00044643
0.00044643
0.00044643
0.00044643
4.5196e+05
3.1558e+05
0.00044643
0.00044643
0.00044643
0.00044643
4.3756e+05
4.0512e+05
1.0031e+05
0.00044643
3.66e+05
4.4479e+05
6.0955e+05
0.00044643
4.6854e+05
2.6009e+06
3.0662e+05
2.0412e+05
0.00044643
0.00044643
0.00044643
4.7415e+05
9.9159e+05
7.9189e+05
1.3027e+06
0.00044643
0.00044643
3.303e+05
6.9826e+05
0.00044643
1.2912e+06
0.00044643
0.00044643
1.3225e+06
6.4344e+05
0.00044643
0.00044643
1.4122e+06
7.9887e+05
0.00044643
5.8566e+05
0.00044643
1.1888e+06
0.00044643
0.00044643
6.3761e+05
5.5705e+05
0.00044643
5.5003e+05
0.00044643
0.00044643
1.2954e+06
1.2286e+06
0.00044643
0.00044643
0.00044643
1.0902e+06
6.4684e+05
0.00044643
0.00044643
1.9345e+05
0.00044643
3.4581e+05
3.7907e+05
3.6354e+05
0.00044643
1.9591e+06
7.0214e+06
0.00044643
0.00044643
0.00044643
0.00044643
1.8016e+05
0.00044643
4.179e+05
0.00044643
0.00044643
0.00044643
0.00044643
1.6576e+05
0.00044643
0.00044643
5.4543e+05
8.4286e+05
0.00044643
4.2423e+05
0.00044643
1.5458e+06
2.6441e+05
3.2425e+05
0.00044643
2.7232e+05
0.00044643
3.2115e+05
0.00044643
2.713e+05
3.4645e+05
0.00044643
4.2033e+05
2.7741e+06
0.00044643
9.8244e+05
0.00044643
6.4651e+05
8.5139e+05
2.2375e+05
0.00044643
0.00044643
0.00044643
