0.0012832
0.0005895
2.0849e+05
1.0219e-12
1.0219e-12
1.1376e+06
1.0219e-12
1.0219e-12
0.00091576
0.0016023
4.2124e+05
89991
1.0219e-12
3.9888e+05
1.0179e+05
0.0017414
3.7213e+05
0.00076563
0.0014804
1.0219e-12
1.0219e-12
4.928e+05
0.00036084
1.0219e-12
0.00039299
1.0219e-12
1.0219e-12
1.0219e-12
1.0219e-12
2.0548e+05
1.0219e-12
0.00052775
0.0038532
0.0050662
7.6649e+05
0.0010063
8.2924e+05
0.00019227
0.0010724
1.1476e+06
1.0219e-12
1.0219e-12
0.00041306
3.4949e+05
3.0329e+05
1.0219e-12
1.0219e-12
1.6689e+05
1.0219e-12
1.4575e+05
0.00083416
0.00044574
2.1704e+05
5.8399e+05
1.6225e+05
0.001282
1.0219e-12
2.7059e+05
0.00090333
4.1615e+05
1.0219e-12
1.0219e-12
0.0012159
0.0025937
2.3462e+05
86800
1.2442e+05
0.0019378
1.6066e+05
3.1581e+05
6.1295e+05
1.0219e-12
3.9745e+05
4.2818e+05
3.9101e+05
0.00077524
0.00024356
1.0219e-12
1.0219e-12
2.6883e+05
1.8019e+05
1.0219e-12
1.0219e-12
1.4172e+05
1.3792e+05
1.8101e+05
4.0154e+05
0.0011523
2.3688e+05
1.0219e-12
63376
4.3629e+05
61419
2.5426e+05
1.0219e-12
1.0219e-12
2.6438e+05
1.6152e+05
0.0006642
1.0219e-12
0.0010753
1.0219e-12
4.3203e+05
1.7095e+05
1.4683e+05
1.6891e+06
1.1768e+05
0.00030219
0.0003203
0.0002369
0.00036278
0.0008289
1.0783e+05
1.0219e-12
4.8665e+05
0.00035858
1.0219e-12
0.0013932
6.8176e+05
1.0219e-12
1.0219e-12
1.0219e-12
1.0219e-12
1.0219e-12
0.00046991
2.7288e+05
1.0219e-12
1.0219e-12
0.0012761
1.0219e-12
1.2804e+05
0.00082545
1.0219e-12
2.5017e+05
1.0219e-12
1.6958e+05
0.00029648
1.0219e-12
1.0219e-12
1.0219e-12
3.7607e+05
2.3722e+05
0.00024958
1.5228e+05
0.00062481
4.5008e+05
1.0219e-12
1.0219e-12
1.0219e-12
0.00044106
0.00039093
2.6794e+05
0.00041091
0.00048162
0.0015635
8.8781e+05
2.8646e+05
3.0026e+05
4.8121e+05
1.0083e+05
93446
0.00070866
3.6898e+05
5.0375e+05
1.0219e-12
1.0219e-12
0.00033349
1.0219e-12
0.00047154
3.0612e+06
0.00052425
3.5299e+05
4.7546e+05
2.9021e+05
0.00017777
1.0219e-12
1.0219e-12
2.7366e+05
1.3822e+05
1.4227e+05
8.006e+05
0.0010013
1.0219e-12
1.0219e-12
0.00064932
2.3089e+05
2.1234e+06
1.0219e-12
1.2995e+05
0.0023151
1.0219e-12
0.0010051
0.00049615
1.0219e-12
0.00082794
0.0017553
0.0002236
1.0219e-12
0.0004125
90592
42419
1.0219e-12
1.2158e+05
7.6066e+05
1.1269e+05
1.1693e+05
1.0219e-12
0.00072595
1.0219e-12
0.00077404
2.0785e+05
1.0219e-12
5.3082e+05
60500
0.00028527
8.7635e+05
0.0011538
1.0219e-12
1.0219e-12
0.00045373
0.0043798
1.1857e+06
2.5408e+05
1.0219e-12
1.0219e-12
1.0219e-12
0.00041046
0.0016589
1.0219e-12
1.0219e-12
0.0011647
4.5774e+05
2.816e+05
0.0006545
47958
1.0219e-12
1.0219e-12
7.8331e+05
1.0219e-12
29233
1.0219e-12
0.00054079
2.4478e+05
54449
96466
1.0689e+05
1.5748e+05
1.0219e-12
0.0002093
0.00074789
0.0023631
0.00073678
1.0219e-12
1.2305e+05
1.0219e-12
1.0219e-12
0.00040687
5.117e+05
1.6332e+05
73748
1.0219e-12
1.0219e-12
1.0219e-12
4.2937e+05
1.0219e-12
2.6234e+05
0.00023418
0.0012539
1.7592e+05
1.0219e-12
0.0017869
1.0219e-12
4.2561e+05
1.0219e-12
1.0219e-12
1.6214e+05
1.0219e-12
0.0011293
64849
1.0219e-12
2.3686e+05
52147
0.00064931
1.0219e-12
1.0561e+06
0.0012083
1.0219e-12
1.0219e-12
1.0219e-12
1.9626e+05
1.0219e-12
0.00025228
1.0219e-12
1.0219e-12
51902
0.0009788
0.00048001
1.0219e-12
1.0219e-12
3.9405e+05
1.0219e-12
1.0219e-12
1.0219e-12
1.0219e-12
1.0219e-12
1.7999e+05
0.00082448
0.00062054
0.00020579
0.0022849
0.0002348
4.2912e+05
0.00026388
0.00053452
0.00082252
0.002175
2.3544e+05
1.0219e-12
1.0219e-12
4.7935e+05
2.224e+05
1.0219e-12
0.0065912
1.0219e-12
1.0219e-12
0.00043805
1.0219e-12
1.196e+06
0.00040301
0.00029394
1.0219e-12
1.0219e-12
0.00077723
3.486e+05
1.0219e-12
1.6106e+05
0.00013812
1.0219e-12
1.0219e-12
1.0219e-12
1.595e+05
0.0003577
0.0020946
0.00036063
2.2306e+05
1.0219e-12
5.6517e+05
3.166e+05
0.0010702
0.00081889
1.0219e-12
0.0005047
5.9217e+05
0.0031791
1.0219e-12
1.0467e+05
1.408e+05
0.001165
81789
1.0219e-12
0.00041756
0.00057956
1.0219e-12
0.0010942
3.9561e+05
1.0219e-12
0.00094087
1.0219e-12
1.0219e-12
0.0019211
4.4714e+05
4.1174e+05
1.0219e-12
2.6545e+05
0.00030375
1.0219e-12
1.0219e-12
1.0219e-12
5.6519e+05
1.0219e-12
2.1267e+05
82564
2.2074e+05
1.0219e-12
1.0219e-12
1.0219e-12
1.7196e+05
1.0219e-12
1.0833e+06
1.0219e-12
2.1653e+05
0.00068507
1.0219e-12
0.0016505
1.0219e-12
0.00079906
1.0219e-12
0.00053714
1.9806e+05
0.00058441
2.2913e+05
1.0219e-12
1.9598e+05
3.0717e+05
2.0323e+05
1.0219e-12
1.0219e-12
0.00159
3.1415e+05
1.6592e+05
1.0219e-12
2.4125e+05
0.00060991
1.844e+05
2.967e+05
0.0011274
0.00049619
1.0219e-12
0.00043783
0.00057054
4.6894e+05
3.3927e+05
3.3321e+05
0.00032994
0.0018813
9.4058e+05
1.0219e-12
1.0219e-12
1.0642e+06
5.1106e-05
1.0219e-12
1.0219e-12
1.0347e+05
7.8105e+05
1.0219e-12
1.0219e-12
8.4103e+06
3.2607e+05
1.0708e+05
0.00047051
0.00034041
0.00034958
1.0219e-12
5.8314e+05
0.0024458
0.00027935
2.8345e+05
1.0219e-12
0.00049162
1.0219e-12
2.5379e+05
0.0011679
1.0219e-12
0.00031826
1.0219e-12
2.1645e+05
0.00071398
1.0219e-12
1.0219e-12
1.0219e-12
1.0219e-12
1.0219e-12
3.0213e+05
1.0219e-12
1.0219e-12
1.0219e-12
0.00048604
1.0219e-12
1.0219e-12
1.0219e-12
2.4818e+05
1.3879e+05
1.0219e-12
1.0219e-12
6.1356e+05
0.00067791
0.00024997
5.1125e+05
1.0219e-12
9.6046e+05
0.00050641
6.4403e+05
88670
0.00038678
1.0236e+06
1.1505e+05
82404
0.0015265
0.00027
0.00030602
0.0016955
0.0014819
3.3253e+05
1.0219e-12
2.2485e+05
0.001308
1.1361e+06
0.00062874
1.0219e-12
6.2846e+05
3.0853e+05
2.9237e+05
0.0013448
0.00023149
1.0219e-12
0.0027437
0.0016642
4.258e+05
4.4138e+05
0.0008489
1.071e+06
4.6036e+05
0.0012575
1.0219e-12
0.00024389
1.0219e-12
1.0219e-12
1.9674e+05
0.00041819
1.0219e-12
1.0219e-12
1.0219e-12
0.00032922
4.5326e+05
1.0219e-12
90341
1.144e+06
0.00014966
1.0219e-12
1.0219e-12
1.0219e-12
1.4641e+05
0.00045753
1.0219e-12
1.0373e+05
1.0219e-12
0.00074528
1.0219e-12
0.00041277
1.4964e+05
0.0010331
1.0219e-12
1.0219e-12
1.0219e-12
1.0219e-12
0.00057796
0.00028331
1.0219e-12
0.0010311
0.00023356
0.0009829
0.00072305
9.2843e+05
5.174e+05
1.0219e-12
1.0219e-12
1.0219e-12
1.9068e+05
2.105e+05
1.0219e-12
5.3287e+05
1.0219e-12
0.0005785
0.00067232
90807
0.00068041
1.0219e-12
1.0219e-12
0.00074889
1.0219e-12
1.0219e-12
2.3094e+05
1.0219e-12
1.0219e-12
1.0219e-12
0.00095435
0.00087847
1.718e+05
1.014e+05
0.00091057
0.0014663
1.1466e+05
0.00045182
0.0016579
1.0219e-12
1.0219e-12
1.0219e-12
3.9385e+05
0.00089119
0.0040846
0.00049131
4.0096e+05
1.0219e-12
1.0219e-12
3.0669e+05
0.0013677
0.00025578
3.2396e+05
91889
1.0219e-12
1.7147e+05
0.00040537
1.0219e-12
1.4829e+05
1.0219e-12
4.337e+05
1.0514e+05
1.0219e-12
1.0219e-12
1.0219e-12
1.0219e-12
1.5458e+05
1.0219e-12
3.5743e+05
1.0219e-12
1.0219e-12
0.00021378
1.0219e-12
1.0219e-12
2.1584e+05
1.0219e-12
0.00032585
1.0219e-12
88304
6.0691e+05
1.0219e-12
1.0219e-12
4.0199e+05
1.0219e-12
0.00090695
2.1238e+05
0.0010186
0.00092429
1.0122e+06
92496
0.00053034
1.0219e-12
1.0219e-12
0.00045275
5.5831e+05
1.0219e-12
3.0815e+05
5.5583e+05
57872
0.00022761
1.8004e+05
1.0219e-12
0.00057205
8.0474e+05
85202
4.7603e+05
0.0028181
1.0219e-12
0.00070909
3.3957e+05
0.0023822
0.0013396
1.0219e-12
1.0219e-12
1.0219e-12
47670
0.00052471
1.0219e-12
4.8642e+05
0.0024895
0.001433
1.0219e-12
0.0011481
7.8455e+05
2.0892e+05
1.0219e-12
4.0434e+05
0.00064332
3.5719e+05
1.0219e-12
1.0219e-12
89206
2.2389e+05
0.0007846
1.0219e-12
0.0013912
0.0001985
0.00072166
0.00033506
0.0010813
0.0021901
2.0298e+05
0.0015737
0.00044198
1.0219e-12
1.0219e-12
1.0219e-12
1.0219e-12
0.00060046
0.0026004
1.5096e+05
1.7038e+05
0.00016671
1.0219e-12
1.6786e+05
1.9251e+05
1.6159e+05
1.0219e-12
1.9289e+05
1.0219e-12
0.0026353
1.0219e-12
1.0219e-12
0.00026395
2.8228e+05
2.722e+05
0.00036962
2.7834e+05
4.1788e+05
1.3339e+06
1.0219e-12
0.00078553
0.00039675
2.0228e+05
2.659e+05
0.0002587
9.5177e+05
0.00088381
1.0219e-12
1.6016e+05
0.0016381
1.0219e-12
1.0219e-12
1.6289e+05
1.0219e-12
1.5975e+05
4.635e+05
1.0219e-12
0.00037374
0.00029208
3.1928e+05
1.0219e-12
1.0219e-12
2.2637e+05
3.0967e+05
1.0219e-12
1.0219e-12
0.0010939
1.1586e+05
1.0219e-12
1.0219e-12
0.00094879
0.0016213
0.00072451
1.0219e-12
1.0219e-12
1.0219e-12
0.00089523
0.00029327
2.7594e+05
1.0219e-12
1.6294e+05
0.00096559
50293
0.00020619
1.0219e-12
7.873e+05
0.00038159
1.6295e+06
1.0219e-12
1.0219e-12
0.00046222
1.4081e+06
1.0219e-12
0.00026765
0.00026573
0.00025851
0.00072252
1.5899e+05
0.00040666
1.0219e-12
1.3009e+05
0.00040608
6.7995e+05
1.0219e-12
1.0219e-12
1.0219e-12
1.0219e-12
1.0219e-12
6.9598e+05
1.0219e-12
0.00067901
1.0219e-12
1.0219e-12
1.0219e-12
1.0219e-12
1.0219e-12
1.0219e-12
0.0002759
1.0764e+05
1.0219e-12
1.0219e-12
2.0846e+05
0.00059347
0.00086033
1.0219e-12
1.0219e-12
0.0015018
0.00019306
0.00060521
1.0219e-12
0.0024236
0.00037854
1.0219e-12
7.8202e+05
1.0219e-12
0.0023667
1.0219e-12
1.0219e-12
2.5965e+05
0.0004714
1.0219e-12
0.00022562
0.00052041
1.0219e-12
1.4757e+06
1.3886e+05
0.00087453
1.0219e-12
0.001434
1.0219e-12
1.5577e+05
1.0219e-12
1.0219e-12
0.0011475
1.0219e-12
0.00086091
1.0219e-12
2.8702e+05
2.5996e+05
0.0008006
1.0219e-12
2.1972e+05
1.0219e-12
1.0219e-12
2.8003e+05
0.0005316
0.00026984
1.0219e-12
0.0011303
1.0219e-12
1.0219e-12
1.0219e-12
1.0219e-12
1.0219e-12
0.0003727
0.0021465
1.0219e-12
4.2435e+05
1.0219e-12
0.00052547
1.5653e+05
1.0219e-12
1.0219e-12
0.00025226
1.0219e-12
1.7674e+05
0.00080634
1.0219e-12
0.00099982
1.0219e-12
1.0297e+06
0.00049465
0.00049889
0.00032911
1.0219e-12
4.9214e+05
0.0001608
1.6218e+05
0.00093809
4.0338e+05
1.0219e-12
1.9928e+05
1.0219e-12
0.00073069
0.00052538
0.00088212
0.00052868
0.00072457
0.00046743
1.0219e-12
3.2884e+05
2.408e+05
0.00078413
0.00042636
0.00080023
1.0219e-12
0.0015383
7.3405e+05
3.6028e+05
0.00011852
65723
0.0010789
0.0012389
1.0219e-12
1.9999e+05
0.00046149
1.0219e-12
2.5355e+05
1.6206e+05
0.00041934
0.0009161
1.6205e+06
0.00049874
1.0219e-12
0.0017919
3.739e+05
3.8814e+05
5.4354e+05
0.00045169
1.0219e-12
2.5576e+05
1.0219e-12
2.2173e+05
1.0219e-12
1.0219e-12
1.0219e-12
0.0027927
1.8313e+05
0.0033623
0.00033487
1.0219e-12
1.229e+05
0.0011716
1.0219e-12
1.0219e-12
4.6983e+05
1.5082e+05
0.00028507
3.286e+05
0.0013951
1.0219e-12
1.0219e-12
3.405e+05
0.00066686
1.0219e-12
4.1504e+05
7.0934e+05
0.00050465
1.5106e+05
0.0013067
1.0219e-12
6.4888e+05
1.7408e+05
1.0219e-12
1.0219e-12
1.0219e-12
1.0219e-12
1.0219e-12
65069
1.0219e-12
0.00049884
0.00086449
1.1415e+06
5.4153e+05
1.0219e-12
5.1341e+05
4.6122e+05
0.00015823
0.00064871
1.0219e-12
7.1407e+05
0.00018257
1.0219e-12
6.145e+05
1.0219e-12
2.054e+05
5.3813e+05
2.0545e+05
1.7784e+05
0.00056146
0.0022689
1.0219e-12
1.0219e-12
4.6594e+05
1.0219e-12
3.6976e+05
0.00039453
0.00059019
0.00055284
1.4228e+05
0.00085633
2.6354e+05
1.0219e-12
1.7188e+05
1.0219e-12
1.8507e+05
1.0681e+06
1.0219e-12
2.4844e+05
1.0219e-12
1.0219e-12
0.00088036
1.0219e-12
0.00038823
0.0032553
3.2223e+05
0.00059356
0.00071738
0.0011622
0.00034099
78470
1.0219e-12
0.0021767
2.1078e+05
1.3297e+05
1.1973e+05
0.0017261
1.0219e-12
1.0219e-12
1.0219e-12
4.5232e+05
1.0219e-12
0.00030817
1.0219e-12
1.0219e-12
1.0219e-12
1.0219e-12
0.00018053
0.0008472
1.0219e-12
1.4176e+05
1.0219e-12
1.2527e+05
0.00057364
1.8957e+05
0.0016449
3.6619e+05
0.0002865
61561
0.00049339
1.0219e-12
1.0219e-12
1.0219e-12
0.00035236
0.0011336
0.0024037
3.529e+05
0.00038021
97915
1.0219e-12
1.0219e-12
1.0219e-12
1.0219e-12
6.5285e+05
1.0219e-12
1.0219e-12
1.2571e+05
1.0219e-12
1.0219e-12
0.0028962
1.0219e-12
1.0219e-12
1.0219e-12
0.00026203
1.7002e+05
0.0014384
1.1407e+06
8.6488e+05
1.0219e-12
0.00099461
3.2104e+05
5.8927e+05
0.00093148
5.6005e+05
1.0219e-12
1.0219e-12
1.0219e-12
4.272e+05
0.0014262
1.0219e-12
0.00049097
1.0219e-12
5.7532e+05
1.0219e-12
1.0219e-12
1.0219e-12
1.0219e-12
1.0219e-12
0.0015686
1.0219e-12
1.0219e-12
84517
98510
70917
93301
1.0219e-12
0.001865
1.0219e-12
80720
0.00017662
0.00077384
1.0219e-12
1.0219e-12
6.5106e+05
1.0219e-12
0.00096521
1.0219e-12
2.1583e+05
1.0219e-12
1.0219e-12
1.8554e+05
0.0012034
0.00065124
1.7202e+05
1.0219e-12
2.5514e+05
5.2026e+05
4.0978e+05
1.0219e-12
73195
0.00023935
0.00021704
1.0219e-12
5.3361e+05
1.0219e-12
3.3547e+05
0.00044313
6.9133e+05
1.5895e+05
1.0219e-12
2.5617e+05
0.00028104
1.0219e-12
1.0219e-12
1.8611e+05
1.0219e-12
0.00054198
1.4384e+05
5.3117e+05
0.00015623
0.00033066
0.00048588
69552
0.00050296
8.5095e+05
1.0219e-12
1.0219e-12
0.00079587
1.997e+05
1.0219e-12
1.0219e-12
2.4703e+05
0.003879
0.00065056
2.2581e+06
0.00081579
0.00049038
0.00030167
0.0019883
1.0219e-12
2.3861e+05
1.3973e+05
0.00039883
0.00072954
0.00059956
1.0219e-12
0.00038973
3.7269e+05
0.00076219
4.0623e+05
1.0219e-12
0.00069233
1.0219e-12
1.0219e-12
5.3888e+05
1.0219e-12
1.9936e+05
0.00023567
0.00065571
0.00082393
1.0736e+06
0.00075457
1.0219e-12
5.1052e+05
0.00029649
0.0010381
1.0219e-12
0.00034159
1.9427e+05
0.00052922
1.0219e-12
52311
1.0219e-12
0.00025842
1.0219e-12
0.0019528
4.4288e+05
0.00022629
7.2881e+05
0.00036112
0.00030608
0.0011211
2.7716e+05
2.0148e+05
5.0863e+05
0.00064213
1.0219e-12
1.0219e-12
77830
1.0219e-12
1.0219e-12
1.0219e-12
1.0219e-12
0.0021884
0.00093981
0.0011334
3.543e+05
1.0219e-12
1.9993e+05
0.00166
2.3136e+05
0.00032612
1.0219e-12
1.0219e-12
1.0219e-12
1.0219e-12
1.0219e-12
1.0219e-12
1.0219e-12
1.0219e-12
0.00087224
1.0219e-12
3.182e+05
0.00078641
1.2857e+05
1.0219e-12
1.0219e-12
1.0219e-12
36192
1.1057e+05
1.0219e-12
1.0219e-12
1.0219e-12
8.4686e+05
1.2464e+05
2.4431e+05
1.6839e+05
3.6419e+05
1.0219e-12
1.0219e-12
0.00060436
0.0010091
1.2525e+05
0.0020989
1.0219e-12
0.00069643
71210
1.0219e-12
1.0219e-12
1.0219e-12
2.9646e+05
2.412e+05
1.0219e-12
0.0011171
0.00064777
1.0219e-12
5.5474e+05
1.0219e-12
1.0219e-12
1.0219e-12
1.0219e-12
1.0219e-12
0.00010455
1.0528e+06
1.7189e+06
1.0219e-12
1.0219e-12
0.0015337
1.0219e-12
0.00070564
4.5658e+05
1.0219e-12
0.00080827
0.00039505
2.523e+05
7.2773e+05
1.0219e-12
1.6743e+05
4.7646e+05
3.4192e+05
1.3868e+05
0.0008675
2.6263e+06
4.244e+05
1.0219e-12
1.5117e+05
1.7474e+05
0.00036715
0.00062233
0.00027092
0.00022581
0.00086009
1.0219e-12
0.00036728
0.00065689
0.0012512
1.0219e-12
1.0219e-12
1.7324e+05
3.0354e+05
1.0219e-12
1.0219e-12
5.1217e+05
0.00060685
1.0219e-12
0.00064438
3.9115e+05
0.00040501
1.0219e-12
1.0219e-12
8.7606e+05
4.188e+05
0.0010317
0.0010045
2.8848e+05
1.0219e-12
1.0219e-12
4.418e+05
2.1337e+05
0.00063568
1.0219e-12
2.6625e+05
2.7904e+05
1.0219e-12
1.0634e+06
2.0419e+05
0.00093739
1.0219e-12
1.4445e+05
1.0219e-12
5.3945e+05
1.3076e+06
1.0219e-12
1.0219e-12
1.0219e-12
1.0219e-12
1.0219e-12
0.00066581
1.0219e-12
0.00038349
3.6905e+05
1.0219e-12
1.0219e-12
0.00045773
1.0219e-12
1.0219e-12
0.0014812
1.2798e+05
8.9497e+05
70349
1.0219e-12
1.0219e-12
1.4868e+05
2.3634e+06
1.0219e-12
2.0836e+05
3.4895e+05
0.00094238
0.0016623
0.0017054
1.3013e+05
1.0219e-12
1.0219e-12
1.3044e+06
1.0219e-12
0.00060038
99542
2.1099e+05
2.9299e+05
1.0219e-12
7.7431e+05
1.6093e+06
1.0219e-12
7.9945e+05
0.00042188
2.0061e+05
1.0219e-12
3.5728e+05
1.0219e-12
1.0219e-12
1.0219e-12
2.7358e+05
0.00033005
0.00065528
2.7415e+05
0.00037276
0.0004354
1.9265e+05
0.0013797
0.00032071
1.0219e-12
0.00065282
2.0244e+05
1.0219e-12
1.0219e-12
4.4911e+05
0.00082794
3.6076e+05
0.00050088
1.0219e-12
2.439e+06
0.0036754
0.00023219
0.00077914
1.8879e+05
0.00034217
1.0219e-12
0.001018
0.00081348
1.5162e+05
6.8581e+05
0.0014691
0.000427
1.0219e-12
1.0219e-12
0.00068405
0.00018368
1.1482e+05
0.0003199
86965
0.00039816
2.8666e+05
1.1711e+06
0.0018047
2.2823e+05
2.2504e+05
1.0219e-12
2.9873e+05
1.0219e-12
2.1093e+05
0.00095618
0.00071028
0.0006486
1.6264e+05
1.0219e-12
3.6954e+05
1.4953e+05
0.0007731
2.3452e+05
1.0219e-12
0.00030187
1.0219e-12
0.00057371
1.0219e-12
1.0219e-12
1.4737e+05
71781
1.0219e-12
0.00082007
1.0219e-12
0.00037739
0.00069716
0.0007958
1.0219e-12
0.00026585
1.0219e-12
0.00040033
1.0219e-12
1.0219e-12
0.00053175
1.0219e-12
4.7237e+05
2.219e+05
0.00058319
0.0038133
0.0053989
1.0219e-12
7.8897e+05
1.5044e+05
1.89e+05
2.9653e+05
2.9541e+05
1.0219e-12
0.00054084
1.0219e-12
0.0015814
1.0219e-12
2.2069e+05
1.0219e-12
0.00010656
0.00021644
0.00058306
1.0219e-12
1.6716e+05
0.00093764
3.9661e+05
1.0219e-12
1.0219e-12
0.00041693
0.00050419
0.00025637
0.0036554
5.2144e+05
1.0219e-12
0.0012148
1.0219e-12
8.4557e+05
1.0219e-12
1.0219e-12
1.2057e+05
1.0219e-12
98969
1.0219e-12
0.0010616
4.3583e+05
0.0020481
1.0219e-12
2.6065e+05
1.0219e-12
1.0219e-12
2.1982e+05
1.0219e-12
1.0219e-12
1.2058e+05
1.0219e-12
94131
1.6864e+05
5.0173e+05
1.0219e-12
3.5898e+05
1.0219e-12
3.3231e+05
66673
4.9615e+05
0.00056427
1.0219e-12
4.0505e+05
81119
0.00032697
1.0219e-12
1.2113e+06
0.0044181
8.9334e+05
1.0219e-12
1.0219e-12
2.0995e+05
1.0129e+06
1.7238e+05
1.0219e-12
1.0219e-12
0.00071119
1.0219e-12
1.0219e-12
1.5005e+05
2.005e+05
1.0219e-12
0.00068449
3.2618e+05
1.0219e-12
0.001237
1.0219e-12
1.0219e-12
1.9875e+05
7.4287e+05
1.0219e-12
1.0219e-12
1.2449e+05
0.00069016
0.00056552
0.00080657
4.9206e+05
1.0219e-12
0.00028349
9.5638e+05
0.00023592
2.7709e+06
0.0010804
1.0219e-12
92877
1.0219e-12
0.0010067
3.5836e+05
2.0426e+05
0.00067455
0.00032822
1.0219e-12
58535
1.3685e+06
3.3724e+05
0.0037414
0.0010227
0.00086413
1.0219e-12
0.0011427
7.484e+05
1.0219e-12
0.0017662
1.0219e-12
1.0219e-12
2.5759e+05
3.2237e+05
1.0219e-12
1.0219e-12
1.0219e-12
0.00074644
1.0219e-12
0.00062375
1.0219e-12
5.3346e+05
0.00077904
0.00031077
0.003791
0.0013671
1.9456e+05
3.8772e+05
0.00086252
1.0219e-12
0.00084512
0.0069482
1.0219e-12
0.001359
0.00044577
1.1593e+05
1.0219e-12
1.0219e-12
1.0219e-12
0.00080461
1.0219e-12
1.7227e+05
1.0219e-12
1.0219e-12
6.0307e+05
0.0020208
1.0219e-12
1.3146e+05
0.00013037
1.0568e+05
1.0219e-12
0.00060726
1.0219e-12
72367
0.0014986
0.00075725
1e+05
3.0846e+05
3.9879e+05
4.5327e+05
0.00062879
7.1202e+05
0.00067674
0.001623
5.0544e+05
1.8963e+05
3.2297e+05
0.0030544
1.0219e-12
1.0219e-12
0.0021829
0.00038383
0.00023033
6.8919e+05
2.0946e+05
62990
1.9362e+05
0.0029713
1.0219e-12
1.0219e-12
0.0007731
3.5785e+05
3.4744e+05
2.0985e+05
0.0010906
4.5298e+05
4.252e+05
0.00069986
1.0219e-12
0.00021417
1.0219e-12
1.0219e-12
74730
0.00062521
1.0219e-12
1.0219e-12
2.0446e+05
0.00025372
0.00030853
1.0219e-12
1.0219e-12
2.4056e+05
0.00090553
1.0219e-12
2.1459e+05
1.0219e-12
1.0219e-12
1.0219e-12
1.0219e-12
1.0219e-12
1.6325e+05
0.0011573
0.00012999
0.0017069
0.00046114
3.4531e+05
0.0011112
1.0219e-12
1.0219e-12
1.0219e-12
0.00031915
0.0013173
0.00097166
0.00072109
1.0219e-12
1.0219e-12
1.0219e-12
1.0746e+06
0.00018165
2.4546e+05
0.001555
3.284e+05
0.0019106
1.0219e-12
0.0009622
2.9901e+05
3.9372e+05
1.0219e-12
2.0467e+05
0.0018606
4.408e+05
1.7753e+05
1.0219e-12
1.0219e-12
3.8684e+05
0.001147
3.5377e+05
9.2094e+05
1.0219e-12
1.0219e-12
1.0219e-12
0.00026738
1.3369e+05
1.0219e-12
1.0219e-12
3.0438e+05
1.2535e+05
0.0032232
1.6414e+05
0.00086887
0.00094156
1.3077e+05
3.1375e+05
0.00041962
0.0028748
1.0219e-12
1.0219e-12
1.689e+05
1.0219e-12
1.0219e-12
1.0219e-12
0.00060489
2.2644e+05
0.00071311
0.0011388
1.0219e-12
6.5186e+05
1.0219e-12
1.0219e-12
0.0013343
0.00074367
0.00017178
1.0219e-12
1.0219e-12
0.00083028
66673
9.7523e+05
1.0219e-12
3.1359e+05
4.0388e+05
1.7722e+05
1.0219e-12
1.0219e-12
0.00046171
1.0219e-12
1.0219e-12
1.3002e+05
0.00034627
1.1433e+06
1.521e+05
1.0219e-12
2.1163e+05
1.0219e-12
1.0219e-12
3.6073e+05
1.0219e-12
96400
0.00048311
1.0219e-12
1.0219e-12
0.00070204
1.0219e-12
1.0219e-12
0.0017741
1.0219e-12
1.0219e-12
1.0219e-12
3.6599e+05
2.9885e+05
80254
1.0219e-12
0.00049755
0.00021994
4.0278e+05
0.001078
2.5268e+05
1.0219e-12
1.0219e-12
1.0219e-12
1.185e+05
0.00037456
0.00097039
0.0024446
3.5613e+05
1.0219e-12
1.0219e-12
0.0010357
0.00031033
1.7442e+05
1.0219e-12
0.0011482
1.0219e-12
3.117e+05
2.0875e+05
3.5558e+05
1.0219e-12
2.008e+05
8.355e-05
1.0219e-12
0.0027424
1.0219e-12
1.0219e-12
1.1633e+05
1.0219e-12
1.0219e-12
1.0219e-12
1.9111e+05
0.00056789
8.2636e+05
0.001876
1.0219e-12
0.00082749
1.0219e-12
0.00042423
1.0219e-12
0.00083779
1.272e+06
7.7822e+05
1.0219e-12
1.0219e-12
1.0219e-12
1.1039e+06
0.00055852
3.5502e+05
1.0397e+05
0.00039395
1.2162e+05
1.9917e+05
0.00061762
6.5062e+05
3.0832e+05
1.0219e-12
5.2498e+05
2.9942e+05
2.2812e+05
0.00089615
0.0009282
2.0879e+06
0.00131
1.0219e-12
1.0219e-12
0.00035762
1.0219e-12
0.0015483
0.0003527
0.0011191
0.00054192
1.0219e-12
1.7499e+05
0.00023979
0.0010295
1.0219e-12
0.0017546
1.0219e-12
3.9778e+05
1.0219e-12
2.39e+05
0.0011265
0.0010921
1.0219e-12
1.0219e-12
0.00077096
2.2247e+05
1.3214e+05
1.0219e-12
4.1884e+05
0.00056316
0.00031691
1.0219e-12
1.0219e-12
2.3168e+05
1.0219e-12
1.0971e+05
1.0219e-12
3.0087e+05
1.0219e-12
1.8805e+05
1.1568e+05
0.0014496
0.0020205
1.0219e-12
0.001179
2.0188e+06
2.2612e+05
0.0019159
1.0219e-12
3.9578e+05
1.0219e-12
98860
1.0219e-12
1.0219e-12
1.0219e-12
0.00032263
1.0219e-12
98313
1.0219e-12
0.00031099
1.0219e-12
1.7242e+05
1.0219e-12
0.00042049
0.0009663
1.0219e-12
72074
0.00051395
1.7262e+05
4.7522e+05
0.0005117
0.0013127
1.0219e-12
1.0219e-12
1.0219e-12
0.00018494
3.3733e+05
1.0219e-12
1.0219e-12
1.0219e-12
6.5938e+05
0.00098403
0.0013786
1.0219e-12
1.0219e-12
1.3444e+05
1.0219e-12
0.00090911
1.0219e-12
2.7676e+05
1.0219e-12
5.2748e+05
0.0021686
0.00021856
1.5749e+06
0.00034106
1.0219e-12
2.1468e+05
1.0219e-12
0.00047932
0.0006206
1.0219e-12
1.0219e-12
0.00029054
2.8632e+05
1.0219e-12
5.8211e+05
1.0219e-12
1.0219e-12
1.0219e-12
4.9352e+05
2.4584e+05
0.0012964
4.3904e+05
0.0033253
1.0219e-12
1.0219e-12
0.0021936
0.00048569
1.0219e-12
0.00044531
1.4744e+05
0.00057505
2.267e+05
1.0219e-12
1.2327e+05
1.3224e+05
1.0219e-12
1.5269e+05
1.0219e-12
1.4822e+05
1.2438e+05
1.5662e+05
0.0019493
0.00033555
1.0219e-12
0.00037927
93212
1.0219e-12
0.0015007
0.0010317
0.00086307
6.3849e+05
1.2908e+05
1.0219e-12
1.0219e-12
1.0219e-12
1.4521e+05
0.0011815
3.7114e+05
1.0219e-12
4.4802e+05
0.00028777
1.0219e-12
0.00054003
0.0016146
2.1655e+05
1.9349e+05
0.00031801
1.0219e-12
0.00078202
0.0012167
0.0011043
0.00023516
1.0219e-12
1.0219e-12
1.0219e-12
1.0838e+05
2.6597e+05
1.6676e+05
1.5551e+05
0.000278
1.0219e-12
1.0219e-12
1.0219e-12
1.0219e-12
0.001701
1.4309e+05
0.00026699
0.00099859
4.4761e+05
1.0219e-12
1.727e+05
1.0219e-12
3.2623e+05
2.9875e+05
1.0219e-12
0.00039566
0.00050825
0.00094224
3.6786e+05
2.8516e+05
6.4082e+05
1.1899e+05
0.00080643
0.0029136
0.00038775
4.842e+05
2.9478e+05
1.0219e-12
0.0023798
0.00067009
1.0219e-12
1.0219e-12
1.0219e-12
1.0219e-12
2.2427e+05
0.00024471
4.5714e+05
1.0219e-12
0.00016618
60032
1.0219e-12
0.00039065
3.1929e+05
4.8927e+05
3.5546e+05
0.00057694
1.0219e-12
1.0219e-12
1.1168e+05
46889
1.0219e-12
4.6579e+05
3.7824e+05
0.0012922
1.0219e-12
6.3365e+05
1.2902e+06
2.3454e+05
2.1985e+05
1.4473e+05
6.1534e+05
0.0012341
1.0219e-12
3.9204e+05
0.00077751
1.4029e+05
1.0219e-12
0.00063381
2.7228e+05
0.0018943
0.00045443
1.0219e-12
1.0219e-12
1.0219e-12
1.0219e-12
1.0219e-12
1.0219e-12
1.06e+06
0.0010797
1.0219e-12
95467
0.00048435
0.00019371
3.2023e+05
3.3679e+05
1.0219e-12
1.9926e+05
1.0219e-12
0.0012476
4.3232e+05
0.0012329
1.0219e-12
0.00087075
2.274e+05
0.00067701
1.0219e-12
0.0006241
1.0219e-12
3.7403e+05
1.0219e-12
3.5416e+05
1.0219e-12
2.8427e+05
0.0026061
0.0005714
1.0219e-12
1.0219e-12
0.00043847
0.0011419
1.0219e-12
1.0219e-12
1.0219e-12
0.001445
1.0219e-12
1.0219e-12
0.00059865
0.0012814
1.0219e-12
2.4759e+05
0.00056511
1.0381e+06
7.3694e+05
0.00028365
1.0219e-12
1.0219e-12
1.0219e-12
96994
1.0219e-12
1.0219e-12
1.3676e+06
3.607e+05
3.6108e+05
4.8765e+05
79876
7.1019e-05
0.0012092
0.0015337
1.0219e-12
1.0219e-12
1.0219e-12
0.00045511
4.5313e+05
0.0005672
4.2449e+05
1.0219e-12
4.1552e+05
1.0219e-12
1.0219e-12
2.252e+05
0.00091225
1.0219e-12
0.00086371
0.0004195
1.0219e-12
0.00020061
1.0219e-12
1.0219e-12
0.0013276
2.4776e+05
0.00026906
0.00051134
1.0219e-12
1.0219e-12
97796
1.0219e-12
1.1567e+05
6.3773e+05
4.5744e+05
0.0013934
1.0219e-12
1.3464e+05
1.0219e-12
1.0219e-12
2.7596e+05
1.0219e-12
0.00068806
1.0219e-12
6.0035e+05
4.0563e+05
1.0219e-12
1.0219e-12
1.7006e+05
0.00052637
1.0219e-12
1.3038e+06
1.0219e-12
1.0219e-12
0.00043239
1.0219e-12
0.00045043
67690
0.00092264
1.0219e-12
0.0010334
1.0219e-12
0.00086673
1.0219e-12
1.0219e-12
