-5.5106e+19
-5.6122e+19
-6.1955e+19
-6.2148e+19
-6.3079e+19
-6.4083e+19
-6.4435e+19
-6.6233e+19
-6.7466e+19
-6.7691e+19
-6.933e+19
-6.9967e+19
-7.0477e+19
-7.067e+19
-7.1535e+19
-7.1933e+19
-7.1948e+19
-7.1981e+19
-7.2929e+19
-7.3357e+19
-7.3661e+19
-7.3897e+19
-7.4025e+19
-7.4166e+19
-7.4586e+19
-7.4964e+19
-7.5218e+19
-7.5494e+19
-7.5737e+19
-7.5996e+19
-7.6391e+19
-7.6494e+19
-7.6519e+19
-7.6758e+19
-7.6787e+19
-7.6808e+19
-7.7001e+19
-7.7076e+19
-7.7234e+19
-7.7475e+19
-7.7504e+19
-7.7634e+19
-7.7809e+19
-7.7996e+19
-7.846e+19
-7.8594e+19
-7.877e+19
-7.8934e+19
-7.8978e+19
-7.934e+19
-7.9372e+19
-7.9403e+19
-7.9423e+19
-7.9591e+19
-7.9953e+19
-8.0259e+19
-8.0529e+19
-8.0837e+19
-8.1168e+19
-8.1168e+19
-8.1243e+19
-8.1351e+19
-8.1591e+19
-8.1629e+19
-8.1946e+19
-8.2175e+19
-8.2236e+19
-8.245e+19
-8.2587e+19
-8.317e+19
-8.3342e+19
-8.3416e+19
-8.4009e+19
-8.4277e+19
-8.4357e+19
-8.4417e+19
-8.4809e+19
-8.4959e+19
-8.5301e+19
-8.5481e+19
-8.5492e+19
-8.5509e+19
-8.5884e+19
-8.6014e+19
-8.607e+19
-8.6402e+19
-8.6553e+19
-8.6665e+19
-8.6679e+19
-8.6727e+19
-8.6757e+19
-8.6873e+19
-8.6879e+19
-8.6988e+19
-8.7151e+19
-8.723e+19
-8.7333e+19
-8.741e+19
-8.743e+19
-8.7461e+19
-8.7474e+19
-8.7629e+19
-8.7691e+19
-8.7763e+19
-8.7803e+19
-8.8017e+19
-8.8281e+19
-8.8329e+19
-8.8731e+19
-8.8761e+19
-8.904e+19
-8.9202e+19
-8.9629e+19
-8.9807e+19
-8.9922e+19
-9.0033e+19
-9.0108e+19
-9.0136e+19
-9.0507e+19
-9.0694e+19
-9.0726e+19
-9.0887e+19
-9.097e+19
-9.104e+19
-9.115e+19
-9.1279e+19
-9.128e+19
-9.1287e+19
-9.1322e+19
-9.1426e+19
-9.1474e+19
-9.149e+19
-9.1544e+19
-9.1893e+19
-9.2045e+19
-9.2152e+19
-9.253e+19
-9.2831e+19
-9.293e+19
-9.3134e+19
-9.3135e+19
-9.3153e+19
-9.3287e+19
-9.3528e+19
-9.3678e+19
-9.3848e+19
-9.3985e+19
-9.3986e+19
-9.3994e+19
-9.4009e+19
-9.4037e+19
-9.4105e+19
-9.4349e+19
-9.4865e+19
-9.5078e+19
-9.5296e+19
-9.5311e+19
-9.5312e+19
-9.5357e+19
-9.539e+19
-9.54e+19
-9.5506e+19
-9.5646e+19
-9.5676e+19
-9.5742e+19
-9.5807e+19
-9.6007e+19
-9.6276e+19
-9.6358e+19
-9.6402e+19
-9.6425e+19
-9.6671e+19
-9.6758e+19
-9.6854e+19
-9.706e+19
-9.7278e+19
-9.7462e+19
-9.755e+19
-9.7784e+19
-9.781e+19
-9.7897e+19
-9.793e+19
-9.834e+19
-9.8436e+19
-9.8451e+19
-9.8568e+19
-9.859e+19
-9.8618e+19
-9.8801e+19
-9.8853e+19
-9.8859e+19
-9.9057e+19
-9.9104e+19
-9.9615e+19
-9.9635e+19
-9.9649e+19
-9.9754e+19
-9.9771e+19
-1.0007e+20
-1.0009e+20
-1.0012e+20
-1.0023e+20
-1.0034e+20
-1.0044e+20
-1.007e+20
-1.0073e+20
-1.0076e+20
-1.0084e+20
-1.0114e+20
-1.0114e+20
-1.0116e+20
-1.0146e+20
-1.0159e+20
-1.0168e+20
-1.0172e+20
-1.0174e+20
-1.0185e+20
-1.0198e+20
-1.0206e+20
-1.0216e+20
-1.0221e+20
-1.0221e+20
-1.0242e+20
-1.0265e+20
-1.0267e+20
-1.0278e+20
-1.0282e+20
-1.0285e+20
-1.0291e+20
-1.0299e+20
-1.0312e+20
-1.0317e+20
-1.0321e+20
-1.0338e+20
-1.034e+20
-1.0362e+20
-1.0372e+20
-1.039e+20
-1.039e+20
-1.0395e+20
-1.0396e+20
-1.0413e+20
-1.0418e+20
-1.0447e+20
-1.0447e+20
-1.0492e+20
-1.0496e+20
-1.0496e+20
-1.0503e+20
-1.0529e+20
-1.0531e+20
-1.0533e+20
-1.057e+20
-1.0573e+20
-1.0584e+20
-1.0585e+20
-1.0589e+20
-1.0596e+20
-1.0599e+20
-1.061e+20
-1.0612e+20
-1.0621e+20
-1.0625e+20
-1.0649e+20
-1.0657e+20
-1.0659e+20
-1.0665e+20
-1.0666e+20
-1.068e+20
-1.068e+20
-1.0712e+20
-1.0732e+20
-1.0745e+20
-1.0755e+20
-1.0758e+20
-1.0773e+20
-1.0778e+20
-1.078e+20
-1.0793e+20
-1.0806e+20
-1.0821e+20
-1.0829e+20
-1.0849e+20
-1.085e+20
-1.0866e+20
-1.0876e+20
-1.0896e+20
-1.0898e+20
-1.0904e+20
-1.0905e+20
-1.0917e+20
-1.0929e+20
-1.0936e+20
-1.0938e+20
-1.0942e+20
-1.0947e+20
-1.0957e+20
-1.0959e+20
-1.0971e+20
-1.0986e+20
-1.0995e+20
-1.1017e+20
-1.1029e+20
-1.1032e+20
-1.1035e+20
-1.1039e+20
-1.1057e+20
-1.1057e+20
-1.1067e+20
-1.107e+20
-1.1082e+20
-1.1101e+20
-1.1111e+20
-1.1113e+20
-1.1119e+20
-1.1138e+20
-1.1141e+20
-1.1154e+20
-1.1157e+20
-1.1158e+20
-1.116e+20
-1.1163e+20
-1.1184e+20
-1.119e+20
-1.1192e+20
-1.1213e+20
-1.1242e+20
-1.1242e+20
-1.1253e+20
-1.1258e+20
-1.1261e+20
-1.1262e+20
-1.1289e+20
-1.129e+20
-1.1297e+20
-1.1302e+20
-1.1334e+20
-1.1347e+20
-1.1348e+20
-1.1359e+20
-1.1362e+20
-1.1362e+20
-1.1364e+20
-1.1383e+20
-1.1398e+20
-1.1405e+20
-1.1411e+20
-1.1418e+20
-1.1426e+20
-1.1433e+20
-1.1436e+20
-1.1442e+20
-1.1443e+20
-1.1443e+20
-1.1451e+20
-1.1476e+20
-1.1484e+20
-1.1487e+20
-1.149e+20
-1.1492e+20
-1.1493e+20
-1.1501e+20
-1.1505e+20
-1.1521e+20
-1.1529e+20
-1.1547e+20
-1.1547e+20
-1.157e+20
-1.1575e+20
-1.1575e+20
-1.1591e+20
-1.1601e+20
-1.1621e+20
-1.1624e+20
-1.163e+20
-1.1631e+20
-1.1632e+20
-1.1633e+20
-1.1636e+20
-1.1638e+20
-1.1639e+20
-1.164e+20
-1.1645e+20
-1.1654e+20
-1.1678e+20
-1.1684e+20
-1.1685e+20
-1.169e+20
-1.1691e+20
-1.1691e+20
-1.1698e+20
-1.1701e+20
-1.1704e+20
-1.1723e+20
-1.1727e+20
-1.1728e+20
-1.174e+20
-1.1744e+20
-1.1757e+20
-1.176e+20
-1.1777e+20
-1.1779e+20
-1.1781e+20
-1.1784e+20
-1.1801e+20
-1.1804e+20
-1.1814e+20
-1.1819e+20
-1.1827e+20
-1.183e+20
-1.1836e+20
-1.1842e+20
-1.1845e+20
-1.1851e+20
-1.1852e+20
-1.1862e+20
-1.1866e+20
-1.1874e+20
-1.188e+20
-1.1886e+20
-1.1887e+20
-1.1899e+20
-1.1905e+20
-1.1915e+20
-1.1919e+20
-1.1923e+20
-1.1927e+20
-1.1944e+20
-1.1956e+20
-1.1957e+20
-1.196e+20
-1.1963e+20
-1.199e+20
-1.2001e+20
-1.2012e+20
-1.2044e+20
-1.2047e+20
-1.2052e+20
-1.2057e+20
-1.2068e+20
-1.2097e+20
-1.2113e+20
-1.2116e+20
-1.2119e+20
-1.2121e+20
-1.2126e+20
-1.2133e+20
-1.2138e+20
-1.2161e+20
-1.2172e+20
-1.2174e+20
-1.218e+20
-1.2191e+20
-1.2192e+20
-1.2197e+20
-1.2198e+20
-1.2204e+20
-1.2208e+20
-1.2215e+20
-1.2224e+20
-1.2226e+20
-1.2239e+20
-1.2241e+20
-1.2245e+20
-1.2249e+20
-1.2265e+20
-1.2267e+20
-1.2286e+20
-1.2291e+20
-1.2291e+20
-1.2293e+20
-1.2293e+20
-1.2296e+20
-1.2305e+20
-1.2313e+20
-1.2314e+20
-1.2336e+20
-1.2348e+20
-1.2349e+20
-1.2363e+20
-1.2372e+20
-1.2382e+20
-1.2384e+20
-1.2388e+20
-1.2395e+20
-1.2399e+20
-1.2418e+20
-1.2438e+20
-1.2451e+20
-1.2475e+20
-1.2482e+20
-1.2486e+20
-1.2487e+20
-1.2487e+20
-1.249e+20
-1.2498e+20
-1.2502e+20
-1.2505e+20
-1.2505e+20
-1.2511e+20
-1.2512e+20
-1.2523e+20
-1.2527e+20
-1.2535e+20
-1.2538e+20
-1.2547e+20
-1.2556e+20
-1.2557e+20
-1.256e+20
-1.2578e+20
-1.2584e+20
-1.2592e+20
-1.2597e+20
-1.26e+20
-1.2607e+20
-1.2669e+20
-1.2672e+20
-1.2675e+20
-1.2686e+20
-1.2688e+20
-1.269e+20
-1.2699e+20
-1.2702e+20
-1.2715e+20
-1.2732e+20
-1.274e+20
-1.2742e+20
-1.2745e+20
-1.2753e+20
-1.2754e+20
-1.2756e+20
-1.276e+20
-1.2763e+20
-1.2767e+20
-1.2776e+20
-1.2779e+20
-1.2797e+20
-1.2798e+20
-1.28e+20
-1.2811e+20
-1.2827e+20
-1.2837e+20
-1.2841e+20
-1.2843e+20
-1.285e+20
-1.285e+20
-1.2856e+20
-1.2867e+20
-1.2883e+20
-1.2886e+20
-1.2887e+20
-1.289e+20
-1.2916e+20
-1.2919e+20
-1.2922e+20
-1.2931e+20
-1.2934e+20
-1.294e+20
-1.294e+20
-1.2941e+20
-1.2965e+20
-1.2965e+20
-1.2966e+20
-1.2978e+20
-1.2988e+20
-1.3012e+20
-1.3019e+20
-1.3039e+20
-1.3041e+20
-1.3044e+20
-1.3046e+20
-1.3047e+20
-1.305e+20
-1.3051e+20
-1.3061e+20
-1.3063e+20
-1.3069e+20
-1.307e+20
-1.3076e+20
-1.3085e+20
-1.3087e+20
-1.3092e+20
-1.3096e+20
-1.3102e+20
-1.3106e+20
-1.3111e+20
-1.312e+20
-1.3123e+20
-1.3124e+20
-1.3137e+20
-1.3145e+20
-1.3158e+20
-1.3166e+20
-1.3171e+20
-1.3181e+20
-1.3199e+20
-1.3206e+20
-1.3219e+20
-1.3225e+20
-1.3227e+20
-1.3229e+20
-1.3229e+20
-1.3231e+20
-1.3231e+20
-1.3234e+20
-1.3236e+20
-1.3237e+20
-1.325e+20
-1.3257e+20
-1.3285e+20
-1.3286e+20
-1.3291e+20
-1.3297e+20
-1.3302e+20
-1.332e+20
-1.3324e+20
-1.3325e+20
-1.3333e+20
-1.3333e+20
-1.3338e+20
-1.3342e+20
-1.3343e+20
-1.3346e+20
-1.3362e+20
-1.3362e+20
-1.3364e+20
-1.3367e+20
-1.3372e+20
-1.3376e+20
-1.3403e+20
-1.3405e+20
-1.3415e+20
-1.3417e+20
-1.3418e+20
-1.344e+20
-1.3443e+20
-1.3458e+20
-1.3465e+20
-1.3469e+20
-1.3472e+20
-1.3472e+20
-1.3487e+20
-1.3494e+20
-1.3505e+20
-1.3507e+20
-1.3507e+20
-1.3525e+20
-1.3527e+20
-1.3533e+20
-1.3533e+20
-1.3535e+20
-1.3542e+20
-1.3548e+20
-1.3551e+20
-1.3562e+20
-1.3566e+20
-1.357e+20
-1.3595e+20
-1.3608e+20
-1.3611e+20
-1.3614e+20
-1.3617e+20
-1.3618e+20
-1.3621e+20
-1.3631e+20
-1.3649e+20
-1.3673e+20
-1.3695e+20
-1.3705e+20
-1.3711e+20
-1.3717e+20
-1.3719e+20
-1.3721e+20
-1.3729e+20
-1.373e+20
-1.3742e+20
-1.3751e+20
-1.3755e+20
-1.3764e+20
-1.3766e+20
-1.3772e+20
-1.379e+20
-1.3791e+20
-1.3796e+20
-1.3801e+20
-1.3804e+20
-1.3805e+20
-1.382e+20
-1.3837e+20
-1.3843e+20
-1.3845e+20
-1.3852e+20
-1.3873e+20
-1.3873e+20
-1.3877e+20
-1.3878e+20
-1.3888e+20
-1.3889e+20
-1.3891e+20
-1.3893e+20
-1.3901e+20
-1.3909e+20
-1.3935e+20
-1.3945e+20
-1.3946e+20
-1.3951e+20
-1.3956e+20
-1.396e+20
-1.3974e+20
-1.3979e+20
-1.3993e+20
-1.3998e+20
-1.4004e+20
-1.4019e+20
-1.4021e+20
-1.4024e+20
-1.4026e+20
-1.4033e+20
-1.4034e+20
-1.4035e+20
-1.4039e+20
-1.4051e+20
-1.406e+20
-1.4066e+20
-1.4066e+20
-1.4078e+20
-1.4079e+20
-1.4081e+20
-1.4083e+20
-1.4084e+20
-1.4098e+20
-1.4104e+20
-1.4109e+20
-1.4124e+20
-1.4147e+20
-1.4169e+20
-1.4171e+20
-1.4177e+20
-1.4185e+20
-1.4187e+20
-1.4188e+20
-1.419e+20
-1.4192e+20
-1.4196e+20
-1.4206e+20
-1.4208e+20
-1.4216e+20
-1.4218e+20
-1.4229e+20
-1.4233e+20
-1.4233e+20
-1.4233e+20
-1.4244e+20
-1.4245e+20
-1.4246e+20
-1.4264e+20
-1.4266e+20
-1.4267e+20
-1.4269e+20
-1.4271e+20
-1.4281e+20
-1.4298e+20
-1.4308e+20
-1.4325e+20
-1.4343e+20
-1.4347e+20
-1.4351e+20
-1.4356e+20
-1.4368e+20
-1.4382e+20
-1.4399e+20
-1.4406e+20
-1.4408e+20
-1.441e+20
-1.4416e+20
-1.4419e+20
-1.442e+20
-1.4432e+20
-1.4433e+20
-1.444e+20
-1.4468e+20
-1.4483e+20
-1.45e+20
-1.4501e+20
-1.4509e+20
-1.4517e+20
-1.452e+20
-1.4522e+20
-1.4528e+20
-1.4531e+20
-1.4569e+20
-1.457e+20
-1.4573e+20
-1.4576e+20
-1.458e+20
-1.4582e+20
-1.4584e+20
-1.459e+20
-1.4592e+20
-1.46e+20
-1.4606e+20
-1.4607e+20
-1.4613e+20
-1.4618e+20
-1.4632e+20
-1.4635e+20
-1.4644e+20
-1.4647e+20
-1.465e+20
-1.4655e+20
-1.4657e+20
-1.4658e+20
-1.4665e+20
-1.4666e+20
-1.467e+20
-1.468e+20
-1.4719e+20
-1.4736e+20
-1.4741e+20
-1.4753e+20
-1.4762e+20
-1.4763e+20
-1.4763e+20
-1.4769e+20
-1.4776e+20
-1.4776e+20
-1.4778e+20
-1.4784e+20
-1.4785e+20
-1.4795e+20
-1.4809e+20
-1.4811e+20
-1.4817e+20
-1.4836e+20
-1.4837e+20
-1.4838e+20
-1.4842e+20
-1.4867e+20
-1.4878e+20
-1.4891e+20
-1.4899e+20
-1.4903e+20
-1.4914e+20
-1.4918e+20
-1.4919e+20
-1.4919e+20
-1.4926e+20
-1.494e+20
-1.4954e+20
-1.4961e+20
-1.4973e+20
-1.4976e+20
-1.4983e+20
-1.4984e+20
-1.4988e+20
-1.4994e+20
-1.4995e+20
-1.4999e+20
-1.5013e+20
-1.5032e+20
-1.5038e+20
-1.5039e+20
-1.5044e+20
-1.505e+20
-1.5061e+20
-1.5069e+20
-1.5071e+20
-1.5091e+20
-1.5092e+20
-1.5098e+20
-1.5103e+20
-1.5104e+20
-1.5106e+20
-1.5116e+20
-1.5121e+20
-1.5133e+20
-1.5136e+20
-1.5139e+20
-1.5139e+20
-1.5154e+20
-1.5156e+20
-1.5158e+20
-1.5173e+20
-1.5176e+20
-1.5176e+20
-1.5177e+20
-1.5178e+20
-1.5179e+20
-1.5182e+20
-1.5202e+20
-1.5209e+20
-1.5219e+20
-1.5231e+20
-1.5239e+20
-1.524e+20
-1.525e+20
-1.5271e+20
-1.5272e+20
-1.5277e+20
-1.5294e+20
-1.5303e+20
-1.5304e+20
-1.5309e+20
-1.5312e+20
-1.5314e+20
-1.5314e+20
-1.5322e+20
-1.5329e+20
-1.533e+20
-1.5343e+20
-1.5367e+20
-1.5368e+20
-1.5368e+20
-1.5369e+20
-1.537e+20
-1.5384e+20
-1.539e+20
-1.5397e+20
-1.5412e+20
-1.5421e+20
-1.5421e+20
-1.5432e+20
-1.5432e+20
-1.5433e+20
-1.5435e+20
-1.5452e+20
-1.5462e+20
-1.5482e+20
-1.5492e+20
-1.5504e+20
-1.5521e+20
-1.5532e+20
-1.5534e+20
-1.554e+20
-1.5546e+20
-1.5547e+20
-1.5556e+20
-1.5557e+20
-1.5558e+20
-1.5569e+20
-1.5572e+20
-1.5578e+20
-1.5587e+20
-1.5591e+20
-1.5595e+20
-1.5601e+20
-1.5609e+20
-1.561e+20
-1.5618e+20
-1.5621e+20
-1.563e+20
-1.5638e+20
-1.5643e+20
-1.5644e+20
-1.567e+20
-1.5679e+20
-1.5686e+20
-1.5692e+20
-1.5694e+20
-1.5697e+20
-1.5697e+20
-1.57e+20
-1.5702e+20
-1.5731e+20
-1.5737e+20
-1.5748e+20
-1.5769e+20
-1.5775e+20
-1.5806e+20
-1.581e+20
-1.5811e+20
-1.5823e+20
-1.5831e+20
-1.584e+20
-1.5841e+20
-1.5841e+20
-1.5845e+20
-1.5854e+20
-1.5859e+20
-1.586e+20
-1.5861e+20
-1.5864e+20
-1.5868e+20
-1.587e+20
-1.5889e+20
-1.5904e+20
-1.591e+20
-1.5911e+20
-1.5912e+20
-1.5917e+20
-1.5924e+20
-1.5924e+20
-1.5937e+20
-1.5943e+20
-1.5967e+20
-1.5971e+20
-1.5973e+20
-1.5976e+20
-1.5979e+20
-1.5984e+20
-1.5986e+20
-1.6001e+20
-1.6002e+20
-1.601e+20
-1.6012e+20
-1.6022e+20
-1.6038e+20
-1.6052e+20
-1.6062e+20
-1.6068e+20
-1.607e+20
-1.6072e+20
-1.6084e+20
-1.6085e+20
-1.61e+20
-1.6102e+20
-1.6109e+20
-1.611e+20
-1.613e+20
-1.6138e+20
-1.6147e+20
-1.615e+20
-1.6167e+20
-1.6172e+20
-1.6182e+20
-1.6187e+20
-1.6192e+20
-1.6192e+20
-1.6204e+20
-1.6206e+20
-1.6211e+20
-1.6212e+20
-1.6215e+20
-1.6215e+20
-1.6216e+20
-1.6248e+20
-1.6254e+20
-1.6255e+20
-1.6259e+20
-1.6268e+20
-1.6268e+20
-1.6269e+20
-1.6292e+20
-1.6293e+20
-1.6316e+20
-1.6317e+20
-1.6319e+20
-1.6321e+20
-1.6324e+20
-1.6325e+20
-1.6332e+20
-1.6338e+20
-1.6339e+20
-1.634e+20
-1.6348e+20
-1.6349e+20
-1.6352e+20
-1.6356e+20
-1.6371e+20
-1.6372e+20
-1.6374e+20
-1.6374e+20
-1.638e+20
-1.6384e+20
-1.6388e+20
-1.6394e+20
-1.6395e+20
-1.6397e+20
-1.6403e+20
-1.6408e+20
-1.6419e+20
-1.642e+20
-1.6424e+20
-1.6428e+20
-1.6437e+20
-1.6443e+20
-1.6445e+20
-1.6458e+20
-1.6473e+20
-1.6475e+20
-1.6482e+20
-1.6487e+20
-1.6488e+20
-1.6499e+20
-1.65e+20
-1.6503e+20
-1.6504e+20
-1.651e+20
-1.6519e+20
-1.6521e+20
-1.6522e+20
-1.6527e+20
-1.6537e+20
-1.6542e+20
-1.6543e+20
-1.6554e+20
-1.6561e+20
-1.6566e+20
-1.6581e+20
-1.6591e+20
-1.6597e+20
-1.6598e+20
-1.6605e+20
-1.6607e+20
-1.6608e+20
-1.6614e+20
-1.6626e+20
-1.6635e+20
-1.664e+20
-1.665e+20
-1.6663e+20
-1.6667e+20
-1.6672e+20
-1.6681e+20
-1.6716e+20
-1.672e+20
-1.6723e+20
-1.6731e+20
-1.675e+20
-1.6754e+20
-1.6764e+20
-1.6779e+20
-1.6785e+20
-1.6793e+20
-1.6795e+20
-1.68e+20
-1.6803e+20
-1.6806e+20
-1.6812e+20
-1.6815e+20
-1.6816e+20
-1.6844e+20
-1.6851e+20
-1.6851e+20
-1.6861e+20
-1.6866e+20
-1.6868e+20
-1.6874e+20
-1.6883e+20
-1.689e+20
-1.6895e+20
-1.6906e+20
-1.6908e+20
-1.6911e+20
-1.6918e+20
-1.6926e+20
-1.6934e+20
-1.6936e+20
-1.6958e+20
-1.6959e+20
-1.6973e+20
-1.6982e+20
-1.6991e+20
-1.7001e+20
-1.7001e+20
-1.7005e+20
-1.7007e+20
-1.7008e+20
-1.7017e+20
-1.702e+20
-1.7028e+20
-1.7036e+20
-1.7044e+20
-1.7046e+20
-1.706e+20
-1.7064e+20
-1.7065e+20
-1.7073e+20
-1.7094e+20
-1.7095e+20
-1.7106e+20
-1.7107e+20
-1.7113e+20
-1.7116e+20
-1.7131e+20
-1.7135e+20
-1.7137e+20
-1.7147e+20
-1.7149e+20
-1.715e+20
-1.7158e+20
-1.7174e+20
-1.7178e+20
-1.7193e+20
-1.72e+20
-1.7205e+20
-1.7215e+20
-1.7225e+20
-1.7236e+20
-1.7246e+20
-1.7264e+20
-1.7268e+20
-1.7273e+20
-1.7273e+20
-1.7293e+20
-1.7293e+20
-1.734e+20
-1.7345e+20
-1.7361e+20
-1.7365e+20
-1.7373e+20
-1.7375e+20
-1.7377e+20
-1.7385e+20
-1.7391e+20
-1.7404e+20
-1.7417e+20
-1.7428e+20
-1.7429e+20
-1.7429e+20
-1.7441e+20
-1.7462e+20
-1.7468e+20
-1.7476e+20
-1.7514e+20
-1.7525e+20
-1.7529e+20
-1.7537e+20
-1.7537e+20
-1.7552e+20
-1.7561e+20
-1.7581e+20
-1.7584e+20
-1.759e+20
-1.7595e+20
-1.7596e+20
-1.7596e+20
-1.7597e+20
-1.7602e+20
-1.7613e+20
-1.7613e+20
-1.7622e+20
-1.7634e+20
-1.7643e+20
-1.7656e+20
-1.7676e+20
-1.7681e+20
-1.7692e+20
-1.7693e+20
-1.7705e+20
-1.7708e+20
-1.771e+20
-1.7715e+20
-1.7729e+20
-1.7734e+20
-1.7742e+20
-1.7742e+20
-1.7753e+20
-1.7753e+20
-1.7757e+20
-1.7767e+20
-1.7774e+20
-1.7786e+20
-1.7788e+20
-1.7794e+20
-1.7804e+20
-1.7828e+20
-1.7842e+20
-1.785e+20
-1.7854e+20
-1.7873e+20
-1.7874e+20
-1.7875e+20
-1.7895e+20
-1.7898e+20
-1.7901e+20
-1.7911e+20
-1.7931e+20
-1.7943e+20
-1.7945e+20
-1.7947e+20
-1.7952e+20
-1.7957e+20
-1.796e+20
-1.7978e+20
-1.7982e+20
-1.7996e+20
-1.8012e+20
-1.8018e+20
-1.8032e+20
-1.8035e+20
-1.8051e+20
-1.8072e+20
-1.808e+20
-1.8124e+20
-1.8124e+20
-1.8126e+20
-1.813e+20
-1.8133e+20
-1.8135e+20
-1.8139e+20
-1.8139e+20
-1.815e+20
-1.8151e+20
-1.8162e+20
-1.8174e+20
-1.8181e+20
-1.8182e+20
-1.8184e+20
-1.8194e+20
-1.8199e+20
-1.8206e+20
-1.8219e+20
-1.8226e+20
-1.8242e+20
-1.8257e+20
-1.826e+20
-1.8263e+20
-1.8269e+20
-1.8275e+20
-1.8275e+20
-1.8294e+20
-1.8297e+20
-1.8317e+20
-1.8318e+20
-1.8327e+20
-1.8327e+20
-1.8363e+20
-1.8364e+20
-1.8375e+20
-1.8375e+20
-1.8381e+20
-1.8401e+20
-1.8403e+20
-1.8405e+20
-1.841e+20
-1.8412e+20
-1.8419e+20
-1.8441e+20
-1.8444e+20
-1.8446e+20
-1.8452e+20
-1.8459e+20
-1.8473e+20
-1.8481e+20
-1.8493e+20
-1.8493e+20
-1.8498e+20
-1.8499e+20
-1.8504e+20
-1.8517e+20
-1.8527e+20
-1.8535e+20
-1.8536e+20
-1.8548e+20
-1.8556e+20
-1.8562e+20
-1.8586e+20
-1.8587e+20
-1.8589e+20
-1.8591e+20
-1.8602e+20
-1.8604e+20
-1.8609e+20
-1.8609e+20
-1.8611e+20
-1.8612e+20
-1.8624e+20
-1.8626e+20
-1.866e+20
-1.8663e+20
-1.868e+20
-1.868e+20
-1.868e+20
-1.8683e+20
-1.8691e+20
-1.8696e+20
-1.8698e+20
-1.8706e+20
-1.8709e+20
-1.8712e+20
-1.872e+20
-1.8728e+20
-1.873e+20
-1.8738e+20
-1.8741e+20
-1.8752e+20
-1.876e+20
-1.8762e+20
-1.877e+20
-1.8775e+20
-1.8787e+20
-1.8796e+20
-1.8797e+20
-1.8799e+20
-1.8799e+20
-1.8808e+20
-1.8808e+20
-1.8816e+20
-1.8817e+20
-1.884e+20
-1.8841e+20
-1.8841e+20
-1.8843e+20
-1.8855e+20
-1.8878e+20
-1.8893e+20
-1.8901e+20
-1.8909e+20
-1.8912e+20
-1.8914e+20
-1.8944e+20
-1.8954e+20
-1.8959e+20
-1.8961e+20
-1.8966e+20
-1.898e+20
-1.8992e+20
-1.9017e+20
-1.9017e+20
-1.9019e+20
-1.903e+20
-1.903e+20
-1.903e+20
-1.9041e+20
-1.9041e+20
-1.9057e+20
-1.9072e+20
-1.9078e+20
-1.9095e+20
-1.9096e+20
-1.9105e+20
-1.912e+20
-1.9134e+20
-1.9139e+20
-1.9142e+20
-1.9172e+20
-1.9174e+20
-1.9175e+20
-1.9183e+20
-1.9188e+20
-1.9193e+20
-1.9204e+20
-1.9207e+20
-1.9207e+20
-1.921e+20
-1.9211e+20
-1.9216e+20
-1.9224e+20
-1.9234e+20
-1.9253e+20
-1.926e+20
-1.926e+20
-1.9271e+20
-1.9286e+20
-1.9289e+20
-1.9294e+20
-1.9306e+20
-1.9307e+20
-1.9322e+20
-1.9333e+20
-1.9339e+20
-1.9347e+20
-1.9374e+20
-1.9378e+20
-1.9381e+20
-1.9395e+20
-1.9402e+20
-1.9405e+20
-1.9411e+20
-1.9411e+20
-1.9426e+20
-1.9432e+20
-1.9446e+20
-1.9454e+20
-1.9461e+20
-1.9463e+20
-1.948e+20
-1.9483e+20
-1.9486e+20
-1.9497e+20
-1.9513e+20
-1.952e+20
-1.9522e+20
-1.9526e+20
-1.9541e+20
-1.9543e+20
-1.9546e+20
-1.9552e+20
-1.9552e+20
-1.9556e+20
-1.9574e+20
-1.9574e+20
-1.9577e+20
-1.9585e+20
-1.9594e+20
-1.9607e+20
-1.9616e+20
-1.9623e+20
-1.9624e+20
-1.9644e+20
-1.9644e+20
-1.9656e+20
-1.9686e+20
-1.9696e+20
-1.9701e+20
-1.9707e+20
-1.9714e+20
-1.9719e+20
-1.9722e+20
-1.9726e+20
-1.9733e+20
-1.9742e+20
-1.9759e+20
-1.976e+20
-1.9767e+20
-1.9777e+20
-1.9791e+20
-1.9806e+20
-1.981e+20
-1.9825e+20
-1.9828e+20
-1.9831e+20
-1.9832e+20
-1.9836e+20
-1.9844e+20
-1.9866e+20
-1.9871e+20
-1.9885e+20
-1.9901e+20
-1.9905e+20
-1.9926e+20
-1.9934e+20
-1.9937e+20
-1.9937e+20
-1.9951e+20
-1.9965e+20
-1.9993e+20
-2.0008e+20
-2.0016e+20
-2.0017e+20
-2.002e+20
-2.0028e+20
-2.0032e+20
-2.0041e+20
-2.0045e+20
-2.0053e+20
-2.0065e+20
-2.0074e+20
-2.0078e+20
-2.0084e+20
-2.0086e+20
-2.0093e+20
-2.01e+20
-2.0103e+20
-2.0108e+20
-2.0113e+20
-2.0114e+20
-2.0147e+20
-2.0152e+20
-2.016e+20
-2.0199e+20
-2.0222e+20
-2.0226e+20
-2.024e+20
-2.0242e+20
-2.0268e+20
-2.0271e+20
-2.028e+20
-2.0282e+20
-2.0288e+20
-2.0298e+20
-2.0316e+20
-2.0319e+20
-2.0324e+20
-2.0333e+20
-2.0335e+20
-2.0338e+20
-2.0341e+20
-2.0347e+20
-2.0354e+20
-2.0358e+20
-2.0366e+20
-2.0368e+20
-2.0394e+20
-2.0406e+20
-2.0407e+20
-2.0409e+20
-2.042e+20
-2.0423e+20
-2.0429e+20
-2.0432e+20
-2.0451e+20
-2.0451e+20
-2.0456e+20
-2.0456e+20
-2.0466e+20
-2.0475e+20
-2.0484e+20
-2.0485e+20
-2.0488e+20
-2.049e+20
-2.0493e+20
-2.0495e+20
-2.0496e+20
-2.0517e+20
-2.0528e+20
-2.0529e+20
-2.0534e+20
-2.0539e+20
-2.0544e+20
-2.0562e+20
-2.0565e+20
-2.0567e+20
-2.057e+20
-2.0601e+20
-2.0602e+20
-2.0617e+20
-2.0632e+20
-2.064e+20
-2.065e+20
-2.0655e+20
-2.0663e+20
-2.0679e+20
-2.0681e+20
-2.0691e+20
-2.0692e+20
-2.0712e+20
-2.0714e+20
-2.0723e+20
-2.0731e+20
-2.0745e+20
-2.0761e+20
-2.0768e+20
-2.0783e+20
-2.0796e+20
-2.081e+20
-2.0825e+20
-2.0836e+20
-2.0847e+20
-2.0851e+20
-2.0856e+20
-2.0878e+20
-2.0882e+20
-2.09e+20
-2.0901e+20
-2.0917e+20
-2.0922e+20
-2.0933e+20
-2.0933e+20
-2.0939e+20
-2.0948e+20
-2.0958e+20
-2.0988e+20
-2.0995e+20
-2.1012e+20
-2.1014e+20
-2.1021e+20
-2.103e+20
-2.104e+20
-2.1051e+20
-2.1065e+20
-2.1074e+20
-2.1085e+20
-2.1089e+20
-2.1102e+20
-2.1103e+20
-2.1107e+20
-2.1114e+20
-2.1126e+20
-2.113e+20
-2.114e+20
-2.1168e+20
-2.1175e+20
-2.1185e+20
-2.1186e+20
-2.121e+20
-2.1212e+20
-2.1219e+20
-2.1222e+20
-2.123e+20
-2.1245e+20
-2.1259e+20
-2.1279e+20
-2.128e+20
-2.1288e+20
-2.1296e+20
-2.1304e+20
-2.1306e+20
-2.1316e+20
-2.1317e+20
-2.1317e+20
-2.1323e+20
-2.1332e+20
-2.1334e+20
-2.134e+20
-2.1348e+20
-2.1351e+20
-2.1357e+20
-2.1358e+20
-2.1435e+20
-2.1436e+20
-2.1456e+20
-2.1462e+20
-2.1462e+20
-2.1495e+20
-2.1498e+20
-2.15e+20
-2.1501e+20
-2.1501e+20
-2.1509e+20
-2.1511e+20
-2.1518e+20
-2.1527e+20
-2.1536e+20
-2.154e+20
-2.1541e+20
-2.1548e+20
-2.1549e+20
-2.157e+20
-2.157e+20
-2.1597e+20
-2.16e+20
-2.1637e+20
-2.1648e+20
-2.1658e+20
-2.1664e+20
-2.1668e+20
-2.1694e+20
-2.17e+20
-2.17e+20
-2.1706e+20
-2.1714e+20
-2.1721e+20
-2.1724e+20
-2.1728e+20
-2.1741e+20
-2.1753e+20
-2.1764e+20
-2.1793e+20
-2.1793e+20
-2.1804e+20
-2.1805e+20
-2.182e+20
-2.1822e+20
-2.1827e+20
-2.1856e+20
-2.1875e+20
-2.1877e+20
-2.1886e+20
-2.1895e+20
-2.1906e+20
-2.1921e+20
-2.1938e+20
-2.1939e+20
-2.1942e+20
-2.1963e+20
-2.1981e+20
-2.1984e+20
-2.199e+20
-2.2003e+20
-2.2029e+20
-2.2041e+20
-2.2056e+20
-2.2065e+20
-2.2068e+20
-2.2073e+20
-2.2076e+20
-2.2083e+20
-2.2088e+20
-2.2106e+20
-2.2115e+20
-2.2116e+20
-2.2118e+20
-2.2129e+20
-2.2142e+20
-2.2145e+20
-2.2149e+20
-2.2159e+20
-2.216e+20
-2.2167e+20
-2.2183e+20
-2.2207e+20
-2.2209e+20
-2.2214e+20
-2.2231e+20
-2.2239e+20
-2.2248e+20
-2.2266e+20
-2.2275e+20
-2.2277e+20
-2.2279e+20
-2.2283e+20
-2.2291e+20
-2.2302e+20
-2.2302e+20
-2.2303e+20
-2.2316e+20
-2.2342e+20
-2.2355e+20
-2.2356e+20
-2.2371e+20
-2.2377e+20
-2.2384e+20
-2.2388e+20
-2.2396e+20
-2.2403e+20
-2.2424e+20
-2.2424e+20
-2.2427e+20
-2.2451e+20
-2.2462e+20
-2.2465e+20
-2.2477e+20
-2.2494e+20
-2.2502e+20
-2.252e+20
-2.2558e+20
-2.2559e+20
-2.2561e+20
-2.2568e+20
-2.2573e+20
-2.258e+20
-2.2583e+20
-2.2589e+20
-2.259e+20
-2.2593e+20
-2.2611e+20
-2.2614e+20
-2.2617e+20
-2.2641e+20
-2.2649e+20
-2.2655e+20
-2.2676e+20
-2.2705e+20
-2.2714e+20
-2.2723e+20
-2.2728e+20
-2.2758e+20
-2.2766e+20
-2.2776e+20
-2.278e+20
-2.2785e+20
-2.2793e+20
-2.2816e+20
-2.2821e+20
-2.2824e+20
-2.2845e+20
-2.2857e+20
-2.2865e+20
-2.287e+20
-2.2876e+20
-2.2895e+20
-2.2914e+20
-2.2926e+20
-2.2929e+20
-2.294e+20
-2.2954e+20
-2.297e+20
-2.2977e+20
-2.2986e+20
-2.3004e+20
-2.3012e+20
-2.3013e+20
-2.3021e+20
-2.3031e+20
-2.3033e+20
-2.3062e+20
-2.3071e+20
-2.3076e+20
-2.3078e+20
-2.3084e+20
-2.3096e+20
-2.3099e+20
-2.31e+20
-2.3101e+20
-2.3104e+20
-2.312e+20
-2.3121e+20
-2.3124e+20
-2.3129e+20
-2.316e+20
-2.3166e+20
-2.3179e+20
-2.3184e+20
-2.319e+20
-2.3195e+20
-2.3202e+20
-2.3206e+20
-2.3207e+20
-2.3221e+20
-2.3223e+20
-2.3248e+20
-2.3249e+20
-2.3258e+20
-2.3284e+20
-2.3287e+20
-2.3288e+20
-2.3301e+20
-2.3317e+20
-2.3318e+20
-2.3321e+20
-2.3331e+20
-2.3335e+20
-2.3367e+20
-2.3367e+20
-2.3376e+20
-2.3383e+20
-2.3386e+20
-2.3394e+20
-2.34e+20
-2.34e+20
-2.3409e+20
-2.3431e+20
-2.3436e+20
-2.3454e+20
-2.3458e+20
-2.3478e+20
-2.3495e+20
-2.3503e+20
-2.3509e+20
-2.3517e+20
-2.3522e+20
-2.3526e+20
-2.353e+20
-2.3541e+20
-2.3543e+20
-2.3543e+20
-2.3554e+20
-2.3571e+20
-2.3575e+20
-2.358e+20
-2.3582e+20
-2.3583e+20
-2.3587e+20
-2.3592e+20
-2.3592e+20
-2.3595e+20
-2.3599e+20
-2.3603e+20
-2.3604e+20
-2.3611e+20
-2.3615e+20
-2.3618e+20
-2.3631e+20
-2.3663e+20
-2.368e+20
-2.3682e+20
-2.3697e+20
-2.3697e+20
-2.3702e+20
-2.3709e+20
-2.3709e+20
-2.3718e+20
-2.3728e+20
-2.3736e+20
-2.374e+20
-2.3748e+20
-2.3763e+20
-2.3765e+20
-2.3769e+20
-2.377e+20
-2.3781e+20
-2.3827e+20
-2.3835e+20
-2.3848e+20
-2.3848e+20
-2.3851e+20
-2.3862e+20
-2.3863e+20
-2.3866e+20
-2.3873e+20
-2.3882e+20
-2.3887e+20
-2.3905e+20
-2.3907e+20
-2.391e+20
-2.3915e+20
-2.3921e+20
-2.3944e+20
-2.3945e+20
-2.3948e+20
-2.3966e+20
-2.3972e+20
-2.399e+20
-2.3992e+20
-2.4001e+20
-2.4005e+20
-2.4007e+20
-2.4007e+20
-2.4014e+20
-2.4026e+20
-2.4038e+20
-2.4044e+20
-2.4044e+20
-2.4062e+20
-2.4065e+20
-2.4101e+20
-2.4102e+20
-2.4116e+20
-2.4123e+20
-2.4127e+20
-2.4129e+20
-2.4131e+20
-2.4132e+20
-2.4136e+20
-2.4141e+20
-2.4182e+20
-2.4198e+20
-2.4207e+20
-2.4208e+20
-2.4209e+20
-2.421e+20
-2.4211e+20
-2.4256e+20
-2.4264e+20
-2.4267e+20
-2.4274e+20
-2.4275e+20
-2.4288e+20
-2.4289e+20
-2.429e+20
-2.4291e+20
-2.4292e+20
-2.4301e+20
-2.4315e+20
-2.4335e+20
-2.4368e+20
-2.4398e+20
-2.4399e+20
-2.4399e+20
-2.4412e+20
-2.4424e+20
-2.4427e+20
-2.4439e+20
-2.4449e+20
-2.4454e+20
-2.4472e+20
-2.4493e+20
-2.4494e+20
-2.4503e+20
-2.4504e+20
-2.4507e+20
-2.4533e+20
-2.4536e+20
-2.4549e+20
-2.4551e+20
-2.4559e+20
-2.4567e+20
-2.4568e+20
-2.4576e+20
-2.4598e+20
-2.4608e+20
-2.4628e+20
-2.4632e+20
-2.465e+20
-2.4653e+20
-2.4677e+20
-2.4681e+20
-2.4698e+20
-2.4706e+20
-2.4715e+20
-2.4722e+20
-2.4728e+20
-2.4732e+20
-2.4735e+20
-2.4745e+20
-2.4752e+20
-2.4754e+20
-2.4758e+20
-2.4762e+20
-2.4769e+20
-2.4773e+20
-2.4784e+20
-2.4863e+20
-2.4879e+20
-2.4909e+20
-2.4919e+20
-2.4926e+20
-2.4941e+20
-2.4941e+20
-2.4946e+20
-2.4947e+20
-2.4962e+20
-2.4973e+20
-2.4975e+20
-2.4979e+20
-2.4984e+20
-2.5003e+20
-2.5013e+20
-2.5054e+20
-2.5056e+20
-2.5064e+20
-2.5084e+20
-2.5089e+20
-2.5111e+20
-2.5117e+20
-2.5122e+20
-2.5127e+20
-2.5147e+20
-2.5169e+20
-2.5174e+20
-2.5176e+20
-2.5178e+20
-2.52e+20
-2.5207e+20
-2.5221e+20
-2.5222e+20
-2.5226e+20
-2.5227e+20
-2.5228e+20
-2.5229e+20
-2.5262e+20
-2.5278e+20
-2.5281e+20
-2.5282e+20
-2.5289e+20
-2.5291e+20
-2.5298e+20
-2.5313e+20
-2.5316e+20
-2.5318e+20
-2.5319e+20
-2.5358e+20
-2.5372e+20
-2.5378e+20
-2.5401e+20
-2.5413e+20
-2.5419e+20
-2.5436e+20
-2.5446e+20
-2.5454e+20
-2.549e+20
-2.5514e+20
-2.5527e+20
-2.5529e+20
-2.5542e+20
-2.5559e+20
-2.5565e+20
-2.5575e+20
-2.5578e+20
-2.5579e+20
-2.5607e+20
-2.5608e+20
-2.5626e+20
-2.5634e+20
-2.565e+20
-2.5658e+20
-2.5661e+20
-2.567e+20
-2.5682e+20
-2.5695e+20
-2.5697e+20
-2.5701e+20
-2.5716e+20
-2.5724e+20
-2.5725e+20
-2.5743e+20
-2.5746e+20
-2.5749e+20
-2.5759e+20
-2.5803e+20
-2.584e+20
-2.5848e+20
-2.5848e+20
-2.5851e+20
-2.5877e+20
-2.5908e+20
-2.5913e+20
-2.5916e+20
-2.5929e+20
-2.594e+20
-2.5953e+20
-2.5978e+20
-2.5978e+20
-2.5985e+20
-2.5998e+20
-2.6011e+20
-2.6022e+20
-2.6053e+20
-2.6058e+20
-2.606e+20
-2.6065e+20
-2.6066e+20
-2.608e+20
-2.6085e+20
-2.6093e+20
-2.6151e+20
-2.6155e+20
-2.6164e+20
-2.6164e+20
-2.6174e+20
-2.6183e+20
-2.6183e+20
-2.6185e+20
-2.6212e+20
-2.6214e+20
-2.6218e+20
-2.6232e+20
-2.6239e+20
-2.629e+20
-2.6293e+20
-2.6301e+20
-2.6316e+20
-2.6319e+20
-2.6342e+20
-2.6355e+20
-2.6394e+20
-2.6397e+20
-2.6417e+20
-2.6448e+20
-2.6466e+20
-2.6469e+20
-2.6504e+20
-2.6505e+20
-2.652e+20
-2.6553e+20
-2.6555e+20
-2.6599e+20
-2.6603e+20
-2.6616e+20
-2.6625e+20
-2.6627e+20
-2.6642e+20
-2.6671e+20
-2.6679e+20
-2.6682e+20
-2.6688e+20
-2.6703e+20
-2.6705e+20
-2.6711e+20
-2.6722e+20
-2.6743e+20
-2.675e+20
-2.6769e+20
-2.6778e+20
-2.6785e+20
-2.6793e+20
-2.6799e+20
-2.68e+20
-2.6803e+20
-2.6841e+20
-2.6842e+20
-2.6856e+20
-2.6881e+20
-2.6889e+20
-2.69e+20
-2.6908e+20
-2.6939e+20
-2.694e+20
