5.3465e-47
1.8904e-63
2.9947e-32
1.7298e-32
3.6816e-18
7.6053e-25
6.6264e-11
1.8904e-63
3.3366e-25
9.0109e-11
0.00037563
2.6219e-10
3.1378e-11
3.3195e-47
2.2357e-32
0.00083377
1.8904e-63
3.2035e-47
3.5034e-47
5.9318e-40
1.8904e-63
4.4194e-25
1.9778e-10
1.7966e-47
2.1043e-25
2.0104e-17
1.3126e-10
5.5889e-18
2.1571e-32
0.0010603
0.0019914
6.2392e-40
0.0025979
1.155e-47
2.9442e-32
1.8156e-39
5.5806e-11
0.0020116
6.8211e-25
5.2709e-11
0.0016605
2.5714e-47
2.1351e-18
8.6572e-11
3.8788e-32
1.8904e-63
4.5582e-40
1.2267e-39
0.0029659
4.3696e-40
1.8904e-63
1.8904e-63
1.116e-10
0.00075289
2.7373e-18
0.0043826
0.00059401
1.5905e-32
1.2348e-47
0.00066175
2.1027e-25
0.0016702
1.4841e-25
4.084e-25
0.0040658
6.9642e-40
2.8668e-18
2.0747e-47
1.198e-25
7.2674e-11
8.0897e-11
7.0573e-18
9.2869e-55
5.604e-18
2.5979e-25
1.0103e-10
5.3537e-25
2.9039e-55
1.4354e-32
1.5543e-18
0.00075521
9.9013e-19
0.0023561
1.6032e-25
4.6475e-40
1.8904e-63
2.7849e-40
1.8904e-63
5.5554e-55
0.0035777
1.3306e-32
1.8904e-63
5.849e-18
4.8884e-18
1.5298e-32
1.6748e-10
1.8904e-63
1.8904e-63
9.6508e-18
6.1099e-18
2.6686e-25
1.4602e-25
0.0005986
1.3026e-32
1.8904e-63
1.3728e-32
0.0016457
1.8904e-63
1.3374e-17
1.413e-47
6.4998e-11
1.3107e-25
6.6289e-11
1.8904e-63
0.0010325
1.3453e-10
2.0323e-25
5.4284e-40
1.8904e-63
6.8131e-26
0.0012941
1.1922e-47
8.0678e-40
1.2051e-25
2.0739e-18
5.1406e-40
3.686e-25
3.1833e-40
5.604e-40
2.3972e-11
4.1588e-25
0.00078976
1.8904e-63
2.6715e-40
6.2029e-11
0.0018277
4.5147e-55
3.0985e-18
0.00037391
1.6351e-25
1.0162e-10
1.8904e-63
0.0011885
0.0014738
3.982e-18
1.9221e-47
1.5876e-32
1.1799e-39
2.0311e-55
9.1544e-40
7.6962e-33
7.4789e-11
4.4717e-18
1.8904e-63
8.4452e-11
3.1547e-55
3.9199e-10
3.356e-25
0.00088723
3.2827e-18
1.5675e-10
3.0675e-11
7.5878e-11
1.0603e-39
9.3114e-11
1.8904e-63
1.8904e-63
0.0046293
1.8904e-63
3.1873e-18
7.9104e-26
1.1793e-47
1.2769e-10
1.8904e-63
1.8904e-63
5.447e-33
0.0012557
6.7606e-11
6.9843e-40
1.0586e-10
5.1251e-11
1.2485e-25
3.9417e-18
7.444e-25
0.00037768
0.00080472
1.8904e-63
4.0469e-40
2.8604e-47
1.5156e-32
8.7026e-18
5.2779e-11
0.0010185
6.4167e-33
2.1758e-39
0.0014345
2.3405e-47
1.8109e-10
1.8885e-39
9.4938e-11
1.3207e-25
2.5968e-40
1.8904e-63
1.8904e-63
1.3651e-47
0.0013304
2.0758e-32
0.00075562
2.6997e-40
2.3918e-17
1.5589e-25
1.5414e-10
3.2794e-11
5.5265e-40
6.3633e-40
2.4563e-18
2.0675e-47
0.00051402
1.8904e-63
1.3144e-39
4.1659e-47
0.00067347
1.2522e-54
0.00060842
3.9872e-25
7.9282e-55
0.000362
2.8886e-25
2.6898e-55
6.7764e-18
4.4961e-47
1.8904e-63
1.0028e-32
2.2782e-32
7.2093e-11
2.7628e-32
2.8405e-11
2.7568e-25
1.1257e-32
1.0632e-47
6.7915e-11
2.6801e-25
2.0472e-40
1.8904e-63
0.00090069
8.8239e-33
0.0017237
1.235e-10
3.4571e-32
1.8904e-63
1.8904e-63
1.9647e-47
0.0011513
0.0010497
2.8537e-55
1.8904e-63
8.6826e-19
8.0073e-11
1.3743e-10
0.0012664
9.0198e-26
6.4765e-11
0.0013464
1.8904e-63
1.8904e-63
1.2259e-25
1.4714e-32
0.0009445
2.9667e-40
3.197e-32
5.4411e-40
0.000831
1.842e-47
0.0015703
1.8904e-63
0.0013905
1.3246e-47
2.0386e-32
2.3631e-18
9.3359e-33
6.6232e-11
0.00070116
1.8904e-63
1.8904e-63
1.6969e-55
4.9128e-11
7.9909e-48
1.8904e-63
3.4886e-25
1.7758e-39
2.1002e-25
7.479e-40
1.8904e-63
2.8396e-25
1.8904e-63
4.4522e-40
5.6095e-11
8.3747e-18
1.4736e-18
1.8904e-63
2.5829e-18
0.0005958
2.9965e-25
1.8904e-63
4.5915e-18
1.1437e-47
5.3238e-18
3.3626e-40
1.2706e-32
2.786e-18
0.0010254
1.1869e-25
1.3915e-39
4.4897e-25
1.7951e-55
1.9068e-11
3.7427e-11
0.00027212
2.8924e-32
3.9269e-18
1.8904e-63
5.7888e-32
4.3284e-18
1.8574e-11
7.1262e-55
1.3358e-39
0.00068715
9.1435e-11
1.2393e-25
0.00042183
1.8904e-63
1.4222e-25
1.8904e-63
0.00086035
6.4207e-25
4.8966e-18
1.8904e-63
1.8904e-63
2.9767e-18
3.7957e-11
1.8904e-63
0.00028558
8.5367e-33
0.00057518
3.3037e-32
1.9006e-25
3.0405e-25
1.6538e-40
2.5745e-11
7.4026e-33
0.00051191
3.8452e-33
5.9737e-33
3.766e-25
5.7641e-19
0.00045101
9.3033e-33
3.0643e-18
1.2542e-25
2.9277e-25
2.6187e-25
5.9749e-18
1.091e-17
8.5137e-26
4.6004e-25
6.2769e-11
1.8904e-63
2.6322e-55
1.8904e-63
0.0015418
1.7499e-55
7.8024e-55
1.3286e-10
3.0712e-32
3.067e-25
3.338e-32
0.0004624
3.9848e-55
9.2415e-47
5.7008e-25
2.0339e-10
4.0659e-18
1.8904e-63
0.0018592
2.512e-18
1.7082e-25
1.3697e-47
1.6126e-55
6.9636e-18
1.0119e-25
2.3349e-55
1.8904e-63
1.8904e-63
0.00091088
9.8106e-40
1.8904e-63
1.5154e-25
7.2976e-11
1.8904e-63
1.9317e-55
1.8904e-63
1.8904e-63
3.4155e-18
2.8127e-25
4.4139e-40
0.00053185
4.5762e-18
1.8904e-63
1.8904e-63
3.9816e-18
6.9958e-40
1.5761e-10
1.3011e-55
2.871e-47
0.00042483
9.5165e-26
2.7035e-10
8.0159e-11
2.4339e-18
0.0004401
2.8299e-18
0.0014164
3.5852e-18
2.0667e-25
1.8904e-63
1.8904e-63
1.7213e-10
6.0404e-40
1.8904e-63
1.4382e-55
1.8904e-63
5.5498e-55
9.5655e-11
2.097e-40
1.0162e-24
4.7523e-40
1.1864e-25
0.0011254
1.5215e-39
2.3441e-32
1.8904e-63
3.4122e-18
0.00043128
3.9545e-47
1.8904e-63
3.2928e-55
3.971e-18
2.4206e-11
1.8904e-63
3.3398e-40
1.8904e-63
5.752e-25
9.6681e-40
1.0483e-25
3.0012e-11
0.00061379
3.7532e-10
1.973e-18
1.2717e-47
1.8904e-63
1.8904e-63
1.8758e-47
4.042e-11
0.00022878
1.773e-32
0.000735
7.4692e-33
0.0033859
1.9172e-25
5.6305e-18
1.8904e-63
1.4517e-25
1.4085e-18
1.1901e-10
6.7369e-11
1.068e-25
1.5132e-25
4.2561e-40
1.8904e-63
0.00076223
4.5858e-40
2.2971e-18
4.7694e-11
1.8904e-63
5.2143e-11
9.9267e-11
5.3264e-48
1.8904e-63
1.2911e-18
4.5344e-11
6.2242e-25
1.1358e-17
3.7172e-18
7.2349e-11
1.0019e-25
0.0018872
3.982e-25
0.0015345
4.3147e-18
9.5628e-40
2.5005e-32
1.0066e-24
3.4741e-32
2.4729e-25
1.0598e-18
1.495e-55
1.8904e-63
1.4995e-25
1.9306e-18
6.2575e-18
6.1909e-55
3.8545e-40
2.2853e-18
0.0028503
1.8904e-63
1.5943e-54
0.0025409
1.3416e-10
2.6445e-55
1.8204e-32
8.4229e-11
4.7545e-18
4.3763e-55
1.8904e-63
0.0011577
0.00045056
1.8483e-47
1.8904e-63
1.4517e-18
3.6872e-40
1.8904e-63
1.7337e-47
1.1343e-18
3.5846e-18
1.8904e-63
5.795e-33
0.0011923
1.8502e-32
1.24e-47
1.1539e-10
1.1865e-25
9.3877e-32
2.7935e-25
1.8904e-63
2.8622e-32
1.4573e-47
7.3454e-11
3.5059e-25
1.8904e-63
2.5696e-55
8.2241e-40
0.0013248
0.0011986
3.1083e-47
3.5342e-40
6.6431e-18
1.5092e-47
2.2731e-11
0.0006625
1.9602e-55
7.9415e-18
1.6889e-25
6.1496e-11
1.23e-18
0.00033312
2.0776e-25
7.4939e-32
3.1334e-25
0.0013407
2.2777e-18
2.685e-25
1.8904e-63
5.1278e-11
0.00061898
3.3168e-25
2.5252e-39
8.5082e-11
1.0726e-25
1.4761e-32
2.3294e-10
2.2115e-47
1.0111e-10
1.164e-25
1.7997e-47
1.8904e-63
1.9291e-25
4.8571e-40
1.8904e-63
3.3525e-18
2.0268e-55
2.4443e-40
8.4507e-11
7.6768e-11
1.8904e-63
7.2722e-40
2.442e-18
1.0588e-47
1.0138e-32
0.0022808
8.543e-11
5.0018e-55
3.4359e-25
1.8904e-63
1.3847e-25
0.0012547
0.00080215
1.6848e-18
1.8904e-63
1.6961e-32
6.0484e-40
1.8904e-63
8.971e-55
0.00043772
1.2307e-39
1.0355e-25
2.0483e-18
0.0017995
8.6728e-56
8.6631e-18
7.3262e-11
3.099e-18
1.0719e-25
1.8904e-63
1.8301e-25
1.8904e-63
5.9054e-26
6.0938e-18
0.00074093
1.0592e-17
1.7997e-11
1.3079e-47
8.5815e-32
8.7634e-11
1.3572e-25
7.505e-11
4.4178e-25
7.4376e-26
9.6481e-56
9.8278e-40
3.2533e-11
4.1936e-32
0.00055773
0.0006618
3.1721e-55
5.4597e-40
6.0864e-40
9.0549e-33
3.659e-11
0.0023956
3.1247e-11
4.4738e-11
2.3556e-40
1.8904e-63
0.0028569
3.7925e-26
1.8904e-63
2.76e-55
0.0078238
3.0524e-32
1.265e-47
0.00072975
5.9197e-11
6.5546e-40
2.0997e-32
1.2697e-10
2.2956e-25
8.0747e-18
2.8324e-25
1.8904e-63
2.4947e-32
6.8827e-32
1.8218e-10
1.8904e-63
0.00052207
0.00062411
7.5691e-11
0.0014966
8.2815e-25
8.1345e-33
4.407e-11
4.1047e-11
6.9258e-26
1.1457e-25
2.7825e-55
1.8904e-63
1.1281e-25
6.488e-11
1.8904e-63
0.00097277
2.6613e-47
2.133e-47
0.0004193
1.5267e-55
1.4435e-25
4.3047e-39
2.8675e-55
1.8904e-63
1.4793e-10
1.8904e-63
1.4583e-10
2.4928e-18
1.8904e-63
1.376e-18
1.0132e-10
1.8904e-63
0.00044227
1.7233e-47
1.1661e-25
8.0604e-40
0.00081999
8.1253e-33
4.8952e-11
2.0167e-25
0.00092305
6.5406e-11
4.0352e-11
1.2289e-10
1.5749e-32
0.0017665
1.9376e-10
1.444e-25
5.7928e-18
1.2563e-25
3.6561e-18
1.3341e-47
3.9131e-25
3.5967e-40
6.2844e-11
2.7393e-18
5.8215e-18
9.5238e-26
7.4504e-11
1.6126e-32
2.2602e-11
9.3042e-18
8.0575e-40
1.6212e-10
6.5408e-18
5.9875e-18
0.00081596
2.4922e-18
2.7674e-55
1.8904e-63
2.544e-11
2.9877e-25
5.4316e-40
7.6807e-48
4.3727e-26
7.6393e-25
1.8904e-63
2.2496e-47
1.2511e-32
1.0449e-10
3.6812e-25
4.566e-25
1.9547e-47
1.2887e-47
2.8402e-18
1.8904e-63
1.3637e-10
5.3807e-18
1.8904e-63
2.268e-39
1.8904e-63
0.00053391
4.5538e-11
3.9212e-55
2.3198e-18
4.2137e-25
6.5841e-11
0.0023513
1.8904e-63
0.0010652
7.867e-11
9.5873e-33
0.00061716
9.01e-33
1.4238e-25
0.0043055
1.9431e-18
0.0015398
0.00087849
1.0689e-10
6.9364e-11
4.6846e-18
2.8537e-47
1.2493e-39
9.0002e-40
0.0014952
2.4829e-18
9.2724e-11
6.0381e-40
6.9859e-11
2.4973e-18
3.5235e-18
9.014e-47
9.6227e-19
4.2076e-18
1.403e-24
1.8904e-63
0.00065086
3.7758e-18
4.973e-55
1.5586e-47
1.3812e-32
1.5723e-32
2.1245e-18
6.5817e-11
0.00086723
0.00071263
6.3593e-18
0.00079285
3.8143e-40
4.2189e-25
0.0011886
0.00018615
2.6633e-55
6.657e-11
1.6018e-32
0.0010611
1.6951e-32
7.1455e-11
4.9476e-40
0.0014341
6.3879e-11
1.1445e-24
1.7859e-11
5.4984e-40
2.5341e-47
3.5736e-55
1.2632e-25
9.443e-11
3.2981e-32
2.5724e-18
4.0325e-11
5.3854e-40
1.9776e-55
1.8904e-63
5.0928e-32
0.00060702
1.8904e-63
6.6752e-40
2.6205e-47
2.4496e-32
1.2128e-10
4.8784e-47
2.0156e-18
9.0126e-11
1.8904e-63
0.00019787
3.8553e-11
2.5296e-18
2.4006e-18
0.00068176
1.8904e-63
5.528e-33
3.4874e-25
1.6923e-25
3.0981e-25
1.1139e-10
4.4557e-18
3.9076e-18
0.00039658
2.4427e-55
3.1891e-11
2.1857e-18
0.00097473
7.1992e-40
1.0795e-25
1.8904e-63
3.0531e-55
1.1341e-10
8.7302e-26
8.104e-48
1.2825e-47
2.7919e-18
8.1069e-25
1.8904e-63
1.7221e-32
3.1618e-11
1.8904e-63
8.3493e-11
6.9236e-11
1.8904e-63
3.4934e-18
1.8604e-10
1.1215e-10
0.00049193
8.2155e-40
2.4191e-25
3.071e-32
1.9852e-32
7.5973e-40
3.8248e-32
5.1274e-18
2.237e-39
5.1579e-47
1.6841e-25
5.5175e-18
5.4683e-25
5.0219e-11
3.3062e-40
1.8904e-63
1.3822e-39
0.0026638
5.8847e-18
5.6488e-11
1.2465e-25
3.2331e-55
5.5633e-26
4.8915e-40
3.3213e-18
4.8167e-55
1.0263e-10
8.3218e-11
5.9577e-55
5.2394e-25
0.00031267
6.2915e-48
2.7049e-18
2.7432e-18
7.9862e-25
1.3196e-25
0.00061168
7.0429e-55
0.0010086
1.2e-32
1.5505e-18
8.1096e-11
2.5136e-25
9.1816e-33
1.42e-55
1.5519e-39
1.627e-18
1.9488e-32
2.7967e-18
2.348e-18
4.1141e-40
6.7319e-11
7.6273e-11
3.5089e-40
0.0036063
2.9707e-32
1.9041e-40
0.00057923
3.0116e-25
2.6589e-40
1.175e-32
0.00058389
9.5474e-40
1.8904e-63
2.5828e-18
3.6126e-40
9.9703e-48
5.86e-25
1.978e-47
1.7912e-32
1.9573e-47
1.694e-18
3.84e-18
3.1461e-18
3.8946e-33
4.8163e-47
1.4278e-18
1.8904e-63
6.5957e-11
1.1968e-10
2.2749e-55
1.8041e-18
1.5245e-47
2.0844e-25
4.1216e-40
1.591e-18
2.7373e-18
2.6108e-10
7.0784e-11
2.0419e-47
0.00089286
9.8723e-11
1.8384e-18
2.0384e-11
4.4771e-40
8.4849e-33
9.0089e-11
1.2002e-32
1.9253e-47
1.2103e-39
4.8915e-40
1.8904e-63
1.8904e-63
7.9286e-11
1.1069e-17
4.3209e-48
9.9785e-26
1.6045e-25
0.00023626
5.8778e-25
2.8938e-33
3.311e-32
2.5707e-32
1.2967e-40
4.9022e-32
1.5457e-39
1.2142e-25
2.368e-18
4.7566e-11
5.9737e-40
9.1154e-40
1.4567e-55
5.6787e-25
3.9318e-11
1.8904e-63
3.4134e-18
1.4818e-10
6.2197e-18
1.8904e-63
1.8904e-63
1.5312e-10
5.7928e-33
1.0627e-55
1.3088e-39
3.9205e-47
1.8904e-63
3.4943e-40
1.8904e-63
2.2979e-55
2.0129e-10
2.6777e-25
6.2972e-18
1.3265e-10
0.00067502
0.0010728
7.5675e-48
4.5418e-18
1.3477e-25
1.5233e-10
1.8904e-63
1.4875e-25
3.4536e-18
1.2676e-32
7.3089e-33
2.5615e-18
5.447e-18
3.1895e-18
2.3475e-25
0.00052426
2.0482e-40
5.6859e-11
1.8904e-63
6.2047e-26
3.6514e-11
8.7354e-11
2.5894e-55
4.6372e-40
8.1506e-48
1.9185e-25
8.7768e-25
4.7175e-18
1.1357e-10
0.00098958
3.874e-11
0.00056585
1.0911e-25
4.0124e-11
4.2276e-55
2.3532e-47
3.6502e-48
1.2531e-32
1.0258e-10
1.8904e-63
3.947e-18
1.9112e-47
8.8139e-11
0.00044038
1.3817e-25
1.8059e-25
8.5167e-11
4.02e-40
2.1763e-18
2.3324e-32
4.6675e-18
9.0635e-33
1.0462e-32
0.00044195
3.4326e-11
1.8904e-63
1.1285e-39
1.2701e-25
2.069e-17
1.8752e-32
1.8904e-63
0.00049243
1.7156e-18
3.2809e-55
6.2171e-11
7.4692e-40
2.9407e-11
1.6667e-18
1.704e-25
1.415e-25
8.3602e-55
9.8777e-11
1.6243e-32
4.5965e-40
8.1494e-33
0.0014423
1.8904e-63
1.4058e-32
0.00050106
2.2345e-11
3.2192e-18
6.223e-33
5.3809e-33
7.0441e-11
2.1011e-47
5.8985e-48
3.6597e-18
2.9191e-33
6.153e-18
0.0005882
1.8082e-10
2.8863e-40
1.6928e-25
1.008e-18
1.3492e-47
1.8276e-32
2.6017e-10
1.5615e-47
3.6032e-40
2.9994e-18
1.8904e-63
4.7464e-48
1.8904e-63
1.9551e-25
6.1375e-32
1.2192e-32
5.2354e-18
1.0363e-17
4.9369e-11
0.00049006
7.6088e-25
6.4012e-19
9.9267e-55
1.8904e-63
0.00043185
0.00051389
1.4966e-40
5.2801e-40
8.0027e-11
6.3586e-40
5.7175e-18
0.00061387
1.8904e-63
1.4165e-25
3.141e-25
0.00050966
1.6631e-25
1.4843e-32
2.3124e-25
1.9615e-25
5.5945e-40
8.1483e-18
3.4657e-32
0.001658
2.392e-18
0.00069896
0.00029359
3.1257e-18
1.8904e-63
5.222e-25
2.1239e-47
2.7019e-40
1.0232e-46
1.5946e-39
0.00064258
5.5336e-40
1.3525e-32
8.3017e-26
2.3318e-55
8.8756e-33
1.8904e-63
0.005582
1.1971e-32
0.0019125
0.0019028
1.0873e-32
8.0265e-11
2.5694e-32
6.589e-11
1.8904e-63
0.00080649
3.1497e-33
1.3386e-32
2.2879e-25
2.1307e-25
1.2929e-10
1.1989e-32
1.6082e-55
7.6955e-25
1.8904e-63
0.0011366
2.7978e-47
9.0583e-33
1.9908e-10
5.8416e-18
4.0038e-47
4.859e-40
2.2147e-47
3.2558e-40
0.0014426
1.5248e-25
0.00040518
0.0014314
1.3185e-18
9.9621e-33
1.8904e-63
5.4271e-11
0.00048455
1.6175e-18
2.0334e-25
2.7525e-55
1.2587e-25
2.6126e-18
2.4704e-32
8.9951e-33
2.3933e-40
1.8904e-63
1.1287e-25
1.8904e-63
1.3384e-32
7.1044e-48
0.00094183
1.8904e-63
2.9418e-55
4.0957e-18
2.1336e-18
1.193e-25
9.6363e-11
2.2053e-40
1.7706e-11
0.003573
7.3469e-18
2.3173e-40
3.3552e-18
3.9829e-32
0.00059762
1.2948e-32
1.5348e-25
4.3312e-48
8.2453e-33
2.3502e-11
0.00030502
4.689e-33
1.2276e-32
2.1944e-25
0.00036629
2.7785e-18
5.0494e-18
2.0785e-32
6.2161e-11
1.8248e-32
1.0957e-10
1.8904e-63
1.6802e-47
2.9674e-11
6.6413e-33
1.6364e-25
8.9377e-11
1.7252e-55
4.7068e-40
1.4539e-10
2.0656e-25
5.7589e-18
1.3794e-39
2.7203e-25
3.3704e-55
4.0046e-40
0.00040819
0.00051034
0.00080702
0.0020081
6.8786e-33
1.8904e-63
1.8904e-63
1.0015e-32
1.9751e-47
5.431e-18
1.4003e-17
6.5405e-11
1.8904e-63
1.8904e-63
1.7028e-55
0.0011011
0.00046885
2.5499e-47
1.8904e-63
1.5524e-17
1.5323e-18
1.8904e-63
1.0731e-25
7.4517e-11
6.6126e-18
1.1426e-39
3.426e-33
7.9803e-11
1.0913e-39
5.8117e-25
1.208e-47
7.4813e-18
3.0815e-55
0.00026802
0.00044243
3.6634e-40
1.5871e-25
3.3269e-55
2.9932e-11
2.7613e-40
2.1598e-25
3.2998e-18
1.1968e-32
1.7879e-10
1.8904e-63
1.794e-25
4.6455e-18
6.554e-25
1.0655e-17
3.1755e-47
2.5341e-11
5.2556e-25
1.3548e-55
0.00056961
8.6617e-11
6.2242e-18
1.8904e-63
1.7112e-11
1.8039e-40
3.4285e-47
0.0050511
3.3406e-25
6.9194e-55
1.2422e-47
1.0263e-10
1.4668e-25
1.5723e-32
6.8797e-32
2.5512e-40
3.8463e-11
7.7689e-11
1.9968e-39
6.3369e-33
1.8904e-63
0.00092498
2.9019e-25
1.4462e-10
7.5772e-33
1.0956e-32
0.00044369
7.6356e-11
1.3172e-25
2.3981e-25
5.7646e-25
0.0022269
1.0938e-47
1.8904e-63
1.7195e-47
3.5069e-25
3.5444e-25
2.8675e-39
0.00054495
3.4416e-11
0.00058199
1.2e-47
0.0006145
1.8521e-25
0.0006827
3.4434e-18
2.8989e-40
8.9589e-48
8.7337e-18
4.9378e-11
3.3266e-40
6.8097e-56
1.3754e-55
1.3384e-32
0.00095273
1.5167e-25
1.8904e-63
2.913e-55
2.1076e-18
1.4533e-17
1.3282e-16
0.00124
1.8904e-63
1.0515e-25
5.4505e-40
1.8904e-63
5.328e-33
4.4036e-40
2.0436e-18
1.8904e-63
1.8904e-63
1.8904e-63
1.3928e-25
2.2793e-55
1.8904e-63
1.0241e-10
9.2189e-11
2.5627e-18
8.5286e-33
1.4628e-18
1.7914e-55
0.00058107
1.8344e-25
1.8904e-63
1.8728e-18
4.9932e-11
4.5724e-18
2.2395e-25
0.00083227
4.3082e-18
1.8904e-63
0.0020059
4.279e-25
1.8904e-63
0.00071784
1.8904e-63
2.2537e-25
0.00087048
2.7967e-40
1.0201e-39
1.0059e-10
9.4557e-33
2.5517e-55
0.00036952
0.00051775
3.942e-33
3.9127e-55
9.6726e-11
2.1801e-25
6.2815e-11
1.202e-32
4.5252e-11
2.2484e-25
1.8904e-63
0.0024117
6.6006e-33
2.4936e-25
1.4352e-10
1.601e-32
0.001227
1.8904e-63
1.5813e-47
0.00039067
0.00012494
1.8904e-63
1.0282e-18
2.0377e-47
2.6504e-18
3.3426e-55
1.3329e-25
1.9524e-55
7.9248e-18
3.3557e-11
1.8904e-63
1.8904e-63
5.3687e-18
6.1547e-25
4.836e-11
1.8904e-63
4.0799e-18
1.5938e-32
4.659e-40
5.3596e-26
0.00074751
1.8904e-63
7.298e-48
6.766e-18
1.1678e-55
9.3641e-26
0.00052442
1.8904e-63
1.1909e-25
1.3378e-40
4.8252e-11
5.2875e-18
0.0044916
1.8904e-63
0.0017443
1.697e-32
0.00040431
3.8135e-25
0.00067679
2.5171e-40
0.0038852
1.5088e-17
2.0913e-55
1.9086e-10
0.00064088
2.3398e-18
1.5388e-25
2.2761e-18
1.8904e-63
4.5966e-18
0.00086283
3.7336e-40
7.0624e-18
1.9802e-18
0.00057815
0.00082394
4.9646e-40
2.1936e-47
4.3874e-47
3.1805e-55
2.6106e-32
9.3477e-19
1.9052e-55
1.6388e-32
2.081e-25
0.001258
0.00046947
2.5669e-25
4.1248e-33
2.5787e-18
1.8105e-18
6.1835e-25
0.00054234
7.3543e-40
2.1181e-18
4.2567e-18
5.0354e-33
3.2041e-18
2.7108e-40
3.0883e-32
3.9785e-55
1.7206e-55
2.5725e-11
1.3279e-39
1.8904e-63
6.0013e-40
1.9784e-25
1.1326e-39
1.8904e-63
2.0341e-25
8.1873e-48
1.8904e-63
6.5184e-33
6.9774e-47
1.8904e-63
9.4321e-33
1.8904e-63
0.00055805
1.9203e-32
5.0445e-25
0.00078546
1.682e-47
3.4108e-25
1.324e-18
1.7299e-18
2.4266e-32
0.00070839
2.5247e-47
3.2043e-55
5.5558e-11
1.8904e-63
2.2514e-25
6.6883e-11
5.8785e-11
1.8656e-18
5.0915e-33
3.3863e-25
1.1318e-25
4.7262e-32
1.8904e-63
2.4068e-25
0.00083234
0.0014168
1.3614e-18
0.0010462
3.1891e-18
1.8904e-63
1.1654e-18
0.0022208
1.8904e-63
1.8904e-63
1.3666e-18
7.8295e-11
4.7808e-33
1.9478e-10
1.4211e-55
1.2781e-32
1.1625e-39
7.5831e-11
6.0237e-25
0.0034354
1.9431e-11
9.1254e-32
1.1499e-32
1.7082e-47
1.8904e-63
3.421e-25
0.0002932
4.7776e-32
2.6994e-18
1.4762e-11
1.1102e-24
4.6206e-55
1.8698e-25
2.1719e-32
1.5918e-25
1.8904e-63
5.0971e-40
1.0902e-25
1.8904e-63
1.9264e-47
4.9148e-11
9.6681e-26
1.1519e-47
0.00038872
3.2081e-32
2.1255e-32
4.3e-18
2.2775e-25
1.9331e-18
4.3193e-18
0.00052135
0.0017229
0.0015319
7.3997e-55
1.6839e-25
0.00084123
6.5913e-47
3.1939e-32
2.731e-32
1.8904e-63
3.0661e-25
0.00079746
1.8904e-63
7.0785e-33
5.1995e-33
1.9893e-40
1.0774e-32
9.168e-11
1.6955e-40
2.1715e-40
1.3676e-32
0.0011908
1.0977e-39
8.5137e-48
0.00038467
5.8342e-11
3.6197e-55
3.9761e-40
0.0002798
1.1067e-17
4.7447e-40
1.9085e-55
1.6095e-32
2.8765e-18
2.5394e-25
4.4818e-18
4.8402e-18
0.000797
8.2179e-11
1.881e-47
2.3133e-18
5.752e-32
5.6577e-40
6.3426e-48
3.7683e-17
6.9633e-11
5.4466e-47
1.4349e-10
3.6583e-40
0.00046606
1.8904e-63
7.3624e-18
1.9594e-10
0.0026951
1.8904e-63
1.8904e-63
3.8037e-11
1.4669e-25
1.3025e-32
0.0014007
0.00070597
8.4843e-11
4.8152e-25
8.0586e-40
1.5474e-55
0.0032098
4.9912e-11
7.7201e-11
5.693e-11
1.7016e-18
5.6786e-11
1.8904e-63
1.2298e-25
1.4104e-25
2.619e-32
1.5991e-32
1.8904e-63
2.9588e-47
4.5678e-18
2.2843e-18
0.0017419
1.8904e-63
2.2647e-55
1.8904e-63
6.2553e-18
0.0014412
4.1272e-40
0.0020914
8.1523e-26
8.0644e-40
1.1367e-24
2.3969e-25
1.8904e-63
1.8904e-63
1.6305e-25
6.8344e-40
6.9298e-33
1.3696e-11
0.0015975
7.1142e-26
2.9459e-32
9.4385e-26
3.425e-47
1.3311e-32
7.8524e-48
5.0418e-11
1.8904e-63
0.00042278
0.0017683
2.7563e-32
1.5226e-32
2.0653e-55
2.6066e-47
1.0145e-39
2.9659e-32
4.9026e-25
7.5046e-11
1.8904e-63
0.00090509
7.9813e-11
1.3708e-11
3.0432e-25
2.1758e-40
3.1569e-18
9.8451e-25
8.7044e-56
5.5092e-11
1.7485e-32
1.1292e-10
6.9774e-18
1.0058e-17
3.1557e-11
5.6089e-18
8.7073e-11
9.9649e-33
1.8904e-63
1.8204e-10
9.424e-26
8.4393e-11
1.3323e-10
0.0014675
3.8683e-18
8.5288e-11
1.7551e-25
1.0734e-10
1.5535e-10
0.00029007
0.00069312
2.5548e-11
2.8139e-32
1.8904e-63
5.7531e-40
2.0118e-18
2.8372e-47
1.862e-54
1.7574e-32
3.2806e-18
1.4176e-40
7.9386e-55
1.2225e-55
2.088e-17
4.2306e-10
0.00036743
3.3075e-55
3.2267e-18
7.8933e-11
2.3218e-32
6.5499e-26
0.0016193
1.8904e-63
4.2843e-18
2.8631e-18
4.7239e-18
3.817e-40
9.8006e-11
2.9088e-47
1.1683e-47
6.6838e-40
0.0010026
6.616e-40
1.7528e-55
0.0017266
1.0698e-39
0.00059185
3.0435e-25
6.616e-48
1.3119e-25
4.2758e-33
2.4212e-32
2.4295e-25
4.0658e-18
2.9891e-33
4.2731e-18
3.2857e-18
8.3752e-26
1.4134e-10
1.4702e-55
1.9416e-18
2.0868e-47
1.9163e-10
2.3183e-32
0.00046693
1.8904e-63
2.1579e-32
2.3135e-55
1.8904e-63
3.939e-25
6.2754e-11
3.364e-10
9.1925e-40
2.0554e-39
2.4112e-25
1.4598e-32
2.4285e-47
2.8777e-18
8.3533e-40
1.8904e-63
1.0381e-10
1.8904e-63
5.6637e-47
1.8904e-63
1.8904e-63
8.5273e-11
6.115e-18
2.9292e-11
0.00088827
1.05e-32
3.3107e-55
0.001542
1.2939e-47
5.1378e-25
1.4631e-25
4.1253e-47
0.00094421
1.6908e-25
0.00070141
1.7652e-25
1.1239e-17
3.5765e-17
4.8234e-25
0.001203
1.1912e-25
6.947e-40
4.9266e-33
3.6424e-18
0.0017042
2.4074e-10
1.3207e-32
1.6228e-47
6.9377e-18
7.3145e-11
1.8904e-63
0.00069068
4.6963e-11
1.8904e-63
0.0028885
9.6599e-40
1.2186e-55
2.373e-40
8.7124e-33
2.605e-11
7.1682e-33
0.0011291
3.1091e-18
1.1957e-39
3.5279e-11
0.0031152
1.7922e-32
2.2733e-10
3.0731e-18
4.3639e-18
4.2482e-18
2.4249e-33
1.8904e-63
0.0010394
1.2354e-39
9.7198e-33
3.1088e-18
4.313e-32
1.0435e-32
1.6789e-25
1.7424e-10
5.5051e-40
1.3919e-25
1.361e-10
0.0016291
1.4099e-10
2.9745e-47
1.8904e-63
2.2355e-10
1.8904e-63
1.8904e-63
1.8904e-63
1.3249e-10
3.9817e-40
2.4825e-11
5.7451e-25
4.81e-25
1.7434e-32
1.8323e-55
4.0849e-25
1.2334e-32
3.1026e-32
1.5941e-32
1.8904e-63
6.7298e-18
8.9762e-48
4.1594e-11
5.672e-26
5.2339e-33
0.00040812
2.3675e-18
5.4051e-33
2.2682e-55
3.8898e-18
9.08e-26
1.3286e-25
2.4554e-10
2.6078e-18
1.8013e-25
1.6068e-47
5.7425e-18
4.8551e-33
6.1852e-33
1.1408e-25
1.6587e-55
3.2271e-32
3.0061e-32
2.288e-25
0.0014537
0.00043002
0.00062234
8.8836e-33
3.5416e-18
1.3174e-32
1.8904e-63
2.2824e-47
8.6095e-11
1.8904e-63
2.9344e-10
1.5083e-32
1.8904e-63
2.6913e-25
4.1208e-40
3.7249e-18
1.8904e-63
2.9353e-40
1.8904e-63
1.8904e-63
5.3525e-18
0.00023402
9.532e-33
2.1051e-25
3.7935e-18
1.7792e-32
1.3069e-32
3.999e-25
0.00086506
1.5628e-18
2.5297e-40
6.0807e-18
1.3392e-32
3.4417e-32
0.001161
2.2856e-39
4.5255e-11
5.8594e-40
1.8904e-63
1.7061e-39
0.0013371
1.8904e-63
3.2392e-40
4.5623e-11
5.7295e-11
0.0010296
1.8293e-25
4.0951e-47
4.2948e-40
4.4608e-11
9.8169e-33
1.8904e-63
3.1778e-18
1.7217e-55
7.7219e-56
4.0497e-40
2.6264e-18
1.8904e-63
1.4214e-32
4.9813e-47
2.8129e-40
1.8904e-63
1.5267e-55
9.3278e-18
1.6198e-10
3.8759e-18
1.732e-10
5.7416e-47
0.00072422
1.7537e-47
3.0174e-40
0.00064087
1.027e-39
1.0902e-10
1.1511e-39
8.6809e-18
7.46e-18
4.0295e-32
4.5544e-11
1.541e-24
2.8669e-25
0.00077012
0.0009901
2.8352e-32
0.0063497
1.8904e-63
3.8449e-18
2.0313e-25
5.3474e-25
4.0592e-47
8.0149e-11
0.0015693
1.8904e-63
1.8904e-63
3.758e-55
2.3738e-32
7.6726e-40
1.8904e-63
1.8904e-63
1.7399e-25
0.0010321
0.0013904
1.5289e-10
0.00022546
1.8393e-18
0.00061478
6.1288e-40
0.0011624
2.326e-25
1.8904e-63
1.8904e-63
3.1625e-47
1.9527e-18
1.8257e-25
0.00073477
0.00071081
8.9176e-33
1.8904e-63
0.00086845
4.3361e-18
1.8904e-63
5.096e-11
1.9403e-32
1.7279e-25
3.4309e-18
3.2778e-25
6.4409e-40
4.7771e-11
2.5208e-18
4.2223e-18
1.8904e-63
1.8904e-63
3.6502e-40
3.0076e-47
1.6003e-18
3.9481e-40
3.8232e-40
9.7107e-18
2.5969e-25
3.6753e-40
2.7995e-47
0.00039786
9.1581e-11
2.3711e-17
0.00076602
1.9415e-32
5.9422e-26
4.2185e-18
4.0006e-18
1.8904e-63
2.1235e-55
2.9347e-32
5.0029e-11
1.8904e-63
1.8904e-63
1.4079e-32
0.0010222
7.8685e-55
6.2259e-11
1.8904e-63
8.1833e-55
1.4391e-32
7.3927e-11
4.0364e-11
1.8904e-63
1.8904e-63
1.3857e-18
1.8904e-63
1.0567e-32
4.3622e-11
1.8904e-63
4.8239e-47
5.6874e-25
1.9316e-25
2.493e-47
1.7922e-10
9.8913e-40
1.8904e-63
2.7019e-10
1.2047e-17
1.2563e-10
3.1046e-25
6.1214e-18
1.0544e-55
0.0020557
4.383e-55
1.8904e-63
1.5185e-32
2.3143e-32
4.4586e-11
1.748e-25
4.1244e-40
9.7843e-19
1.8904e-63
1.4283e-55
4.044e-18
1.8066e-18
1.1122e-32
1.8904e-63
3.2779e-55
8.5068e-18
0.00044928
4.1537e-18
2.0459e-32
1.7105e-25
8.4068e-33
3.2301e-11
1.1484e-47
0.0012585
1.8904e-63
1.8904e-63
2.7766e-11
1.4641e-32
9.1798e-56
0.00079122
2.036e-32
0.0013529
3.5503e-25
2.1975e-25
5.2521e-25
1.8904e-63
1.8301e-18
1.9274e-18
2.2263e-47
6.6132e-55
2.6341e-18
0.00023033
1.1894e-32
1.89e-18
3.6508e-32
7.4117e-11
0.00060456
3.0839e-32
0.0019156
1.8904e-63
1.8904e-63
4.2838e-11
1.8904e-63
7.4882e-18
6.6058e-11
2.42e-18
1.1131e-55
0.0024181
9.9295e-48
1.0637e-55
8.4218e-33
2.9269e-32
7.5853e-40
3.8915e-18
1.0326e-39
0.0013024
4.3637e-11
2.9146e-18
3.158e-47
1.5394e-32
7.5944e-55
4.9105e-32
2.466e-55
2.3053e-47
9.2279e-18
5.473e-18
2.6115e-55
1.0454e-17
0.0011829
2.5792e-18
7.7811e-33
4.0599e-25
1.4432e-25
3.6e-55
8.7251e-25
0.001749
1.8904e-63
1.8244e-47
1.2497e-17
1.8904e-63
6.4115e-18
3.0152e-40
2.9484e-32
3.3726e-32
4.4261e-33
2.7299e-18
5.294e-33
4.198e-18
8.4287e-33
0.0027496
0.00038214
4.1813e-40
1.6806e-47
2.8513e-47
1.5632e-47
2.4446e-25
0.00077825
1.2167e-10
0.00072764
2.7449e-47
1.7902e-10
7.9862e-33
1.8395e-55
4.275e-25
1.2522e-32
1.1441e-32
4.5148e-18
1.9965e-32
1.4313e-25
1.9778e-47
3.554e-18
1.6785e-25
0.00067598
1.2244e-40
1.8904e-63
1.2995e-47
2.7492e-48
6.5882e-11
6.4133e-33
3.4343e-18
9.561e-48
2.3187e-25
1.0206e-32
4.3878e-25
1.4975e-10
3.5857e-25
3.9465e-18
1.8904e-63
3.1005e-18
7.4663e-33
9.4485e-25
0.00081229
6.4512e-18
1.2388e-25
0.00034085
4.6102e-11
1.5228e-25
2.294e-18
6.258e-11
1.8904e-63
7.4629e-11
2.1528e-25
2.2116e-18
4.8475e-10
2.2252e-18
4.7927e-40
5.3285e-11
1.8904e-63
7.9098e-33
1.0424e-39
2.1535e-55
6.0572e-11
3.7751e-47
6.5235e-55
3.3226e-47
9.306e-40
6.384e-48
6.7097e-25
8.4344e-55
1.6487e-18
1.6142e-10
0.0016991
0.00087152
5.141e-25
1.2515e-18
1.4612e-18
1.8904e-63
1.8904e-63
2.3457e-40
9.5474e-40
4.9518e-11
1.8904e-63
7.6933e-33
4.8204e-18
1.4242e-17
0.00048173
1.1993e-24
0.0034471
5.5182e-25
5.6886e-25
1.3577e-39
4.1228e-55
1.8904e-63
4.9139e-18
5.8715e-33
3.9172e-25
2.2911e-18
1.8603e-18
3.501e-25
9.2252e-18
0.00028793
0.00058908
8.9274e-18
2.9444e-25
0.0010454
1.571e-47
1.6907e-47
1.7077e-32
1.8904e-63
1.1073e-25
5.2431e-18
0.00040113
1.8904e-63
2.3012e-18
0.0012493
8.4373e-55
0.00080222
4.6672e-25
4.4978e-18
0.0013323
5.8123e-40
0.00083999
0.0014171
3.6225e-32
3.3468e-40
2.3052e-55
1.0489e-10
2.6704e-18
2.8156e-25
2.1012e-17
2.6263e-55
4.3308e-11
2.0086e-32
0.0019681
9.4439e-11
3.1886e-33
2.3103e-10
2.6234e-40
0.00070187
1.5383e-25
7.4497e-33
3.7336e-11
6.3926e-40
4.5788e-40
0.00097318
7.0533e-48
1.8904e-63
2.5963e-18
1.8904e-63
0.00032637
1.8904e-63
1.3162e-25
1.8058e-18
3.3158e-18
2.3027e-25
9.6409e-33
9.2297e-40
4.2858e-18
7.4353e-40
6.0016e-11
1.8904e-63
3.4244e-47
1.7425e-18
2.479e-18
1.8904e-63
3.7906e-40
2.774e-40
1.8904e-63
8.0685e-40
5.8704e-25
0.00050194
3.7529e-55
6.7212e-40
6.8846e-11
1.8904e-63
1.2336e-32
0.000857
4.1387e-18
4.353e-11
3.0303e-47
2.2033e-10
4.0792e-11
1.5397e-47
0.00077764
3.1768e-25
1.5053e-11
1.3319e-10
2.6989e-25
2.3338e-25
2.1828e-32
5.0583e-40
1.8904e-63
9.2016e-18
1.8904e-63
4.3314e-11
1.8904e-63
1.4248e-25
0.00061032
2.2547e-32
1.8904e-63
1.9304e-39
2.0848e-18
7.8282e-11
1.0557e-25
6.3909e-18
2.7816e-25
2.8519e-47
1.3384e-25
1.8904e-63
5.9737e-11
0.00079712
1.0093e-32
1.6687e-25
1.8904e-63
9.0129e-26
0.0011043
5.4554e-11
3.5216e-10
1.1825e-54
1.802e-39
1.4837e-18
4.7907e-40
1.0791e-25
2.4025e-47
1.8904e-63
1.5691e-32
1.1876e-32
8.2356e-18
0.0024588
1.5502e-47
1.8904e-63
1.8904e-63
1.0007e-17
5.7013e-33
3.2769e-25
6.0565e-56
1.5032e-10
2.2644e-18
3.3482e-18
3.1193e-47
0.00061812
1.8904e-63
1.8475e-55
1.8904e-63
0.00049619
2.0565e-47
3.5949e-11
8.532e-48
4.8958e-55
1.6613e-10
1.6165e-18
2.5388e-11
5.6629e-26
0.0010022
0.00054421
3.351e-25
2.1589e-32
3.95e-25
1.3263e-25
1.8904e-63
1.8904e-63
1.1502e-10
2.7278e-25
4.8136e-25
0.0014278
0.00092577
1.7301e-11
0.00063331
1.4292e-55
1.8904e-63
7.2222e-40
1.7357e-32
2.7775e-55
4.3699e-25
0.0016611
5.837e-18
5.7064e-26
1.0639e-39
1.6411e-18
0.00032424
9.5728e-33
5.8611e-55
2.8796e-11
8.416e-33
1.5366e-11
8.9727e-18
2.1216e-32
0.00045416
1.4429e-25
2.7723e-25
8.7935e-25
0.002875
1.13e-47
3.2025e-11
1.3286e-39
1.0076e-24
2.6077e-25
8.5501e-11
6.0444e-33
0.0012693
8.4533e-11
1.7092e-25
1.8904e-63
1.881e-32
0.00077093
1.2506e-32
1.8904e-63
2.9179e-47
1.8904e-63
4.3134e-47
3.0622e-40
3.173e-55
3.0557e-25
1.1072e-18
1.8904e-63
1.8904e-63
1.5681e-18
2.7723e-55
1.0518e-25
2.0003e-18
1.9095e-47
1.2438e-39
4.0193e-25
5.7635e-26
4.6677e-55
9.8569e-11
1.8904e-63
1.2825e-47
2.5216e-25
1.8904e-63
2.7695e-32
0.0023138
1.1324e-32
1.8904e-63
1.1331e-25
9.2806e-33
3.5019e-40
5.9158e-25
3.7001e-25
0.00043728
0.0016162
9.4721e-26
9.0118e-33
2.66e-47
0.00066423
1.9823e-18
3.4111e-11
5.5483e-10
1.8904e-63
1.8904e-63
5.7024e-26
1.8904e-63
6.2713e-48
0.00070773
6.9445e-11
1.23e-47
7.2796e-55
5.3028e-11
2.2564e-25
5.2991e-40
1.8904e-63
1.8904e-63
5.1501e-47
0.0016901
5.2892e-25
8.7987e-33
3.423e-18
2.2661e-18
1.8646e-32
1.2325e-32
1.8904e-63
5.47e-40
1.124e-32
1.8976e-25
3.952e-11
3.4951e-40
4.4028e-25
3.17e-25
1.222e-32
3.6214e-25
7.5014e-40
1.0665e-17
3.0174e-25
4.3225e-26
1.0994e-40
5.8186e-18
3.7681e-48
1.8904e-63
4.8423e-18
1.8904e-63
2.7839e-18
3.2546e-18
2.0147e-40
1.1667e-10
2.218e-47
0.00097933
2.5349e-25
2.1764e-32
1.8904e-63
0.00072292
1.7481e-47
5.8732e-55
2.8707e-11
1.0141e-17
4.8368e-11
9.6318e-11
6.9377e-48
1.8904e-63
0.0021866
9.9694e-33
0.0015034
1.063e-39
2.2219e-32
1.4282e-24
0.00091335
1.8498e-11
7.3215e-18
1.8904e-63
8.9434e-33
1.1107e-25
3.8275e-18
3.9533e-11
1.8904e-63
1.3452e-55
1.7731e-47
3.3223e-25
3.6546e-11
2.6974e-55
5.3525e-48
8.9666e-11
1.8904e-63
3.8642e-55
2.9874e-25
3.0172e-11
1.2898e-47
1.8904e-63
4.4842e-18
1.6084e-25
9.9331e-11
0.00086206
4.6047e-11
6.2289e-25
3.1632e-10
2.4055e-25
1.8904e-63
4.2146e-33
1.1354e-32
2.3619e-25
1.4996e-10
2.744e-25
2.4953e-40
1.8904e-63
0.0021194
1.9561e-10
0.00037618
6.7217e-11
2.9262e-47
5.6886e-18
1.9076e-10
6.1771e-40
1.3702e-32
1.2064e-25
0.00027625
4.7752e-18
7.3581e-11
1.5063e-10
1.8904e-63
1.8904e-63
2.3191e-25
2.8217e-40
1.3301e-32
3.1062e-47
2.4791e-25
2.649e-47
2.0422e-47
0.0011505
9.6554e-33
2.3132e-32
1.8904e-63
1.456e-10
1.3344e-32
2.3596e-32
1.8904e-63
2.8099e-18
5.1698e-40
4.3576e-11
9.9476e-33
1.1512e-17
0.00063165
1.5595e-18
1.183e-47
4.7372e-11
8.6412e-48
1.8904e-63
4.8428e-18
9.5374e-26
4.0983e-55
2.3043e-47
1.3821e-24
4.5637e-11
0.004856
0.0013206
3.5903e-40
1.8904e-63
1.3563e-18
9.1417e-18
1.0462e-39
4.1758e-40
1.8904e-63
1.3605e-10
0.00085063
4.3795e-40
1.8904e-63
1.0882e-39
1.8904e-63
1.5458e-25
0.00046525
1.1308e-10
4.6377e-40
5.2366e-32
0.00043939
6.3133e-55
0.0017777
2.5115e-32
1.4001e-47
3.0472e-25
5.0244e-18
1.906e-25
1.8904e-63
1.1285e-32
2.1338e-25
4.7411e-18
2.711e-32
3.8281e-11
2.9463e-47
4.5866e-55
2.4018e-18
7.9311e-40
4.6997e-18
1.2436e-39
0.0019533
1.8858e-18
1.6058e-47
1.2037e-32
1.8904e-63
0.00065885
2.7966e-10
4.886e-32
1.5445e-25
1.4213e-32
2.032e-18
3.4965e-25
1.4992e-47
9.4938e-33
5.5099e-40
1.3109e-17
6.0008e-40
1.7947e-47
3.2673e-55
1.6412e-32
0.00064832
2.7315e-25
6.2673e-55
8.0466e-19
5.0338e-40
4.5395e-11
3.2279e-47
2.9111e-25
2.2277e-25
9.0152e-33
3.22e-55
1.8904e-63
2.2847e-25
0.0016545
7.8386e-18
6.6546e-18
1.8904e-63
5.1392e-11
1.8904e-63
1.8904e-63
1.2953e-40
2.3109e-32
1.8299e-10
0.0012576
1.8904e-63
7.4066e-33
8.649e-11
2.0809e-18
1.8904e-63
2.5682e-55
6.168e-33
1.8904e-63
9.8324e-11
1.8904e-63
5.0417e-40
1.8904e-63
2.3651e-55
7.3583e-26
1.8904e-63
9.1027e-48
3.2882e-32
0.00027275
8.4568e-48
0.0015417
8.3091e-18
2.2709e-47
9.5891e-11
1.8904e-63
2.1147e-40
1.1316e-32
1.3377e-25
1.8904e-63
0.00031798
1.0622e-32
1.8904e-63
6.5563e-32
3.622e-18
1.7821e-32
3.8062e-40
2.0186e-25
2.7022e-40
0.0003386
0.00080005
2.0538e-18
7.768e-25
0.0010443
0.00082469
0.00083606
1.9619e-25
7.8111e-33
1.8904e-63
1.8904e-63
7.8409e-18
1.2943e-10
4.3981e-25
0.001882
3.6796e-18
3.2624e-47
8.6412e-26
1.8904e-63
1.4003e-32
3.814e-18
4.2035e-11
8.3239e-11
1.8904e-63
2.9446e-39
4.5592e-18
2.0533e-25
4.2355e-47
3.0842e-32
6.1226e-17
1.6726e-10
0.00050879
3.1413e-47
3.3093e-25
0.0058609
6.8849e-25
3.6855e-40
1.8904e-63
1.8904e-63
1.8424e-55
1.967e-32
3.4685e-32
0.00093469
1.1833e-18
4.7325e-40
2.5061e-25
1.8904e-63
8.0052e-33
0.00092661
0.0004456
1.7072e-18
1.7822e-32
3.179e-55
1.1343e-25
0.00044022
5.5668e-47
0.002251
2.5629e-47
1.8904e-63
4.2799e-18
1.8904e-63
1.8904e-63
8.7704e-18
6.5018e-40
2.4798e-18
1.8904e-63
1.6134e-32
1.3233e-25
1.8904e-63
5.6841e-18
9.4212e-33
0.00042278
1.8904e-63
1.8904e-63
0.0045526
5.4012e-40
1.6408e-39
1.8904e-63
1.764e-55
0.00062424
6.9251e-47
0.0010917
2.5894e-55
0.00024335
1.648e-40
1.9123e-18
1.6168e-32
1.2765e-47
6.3869e-40
1.8904e-63
3.7815e-55
0.0046122
3.4129e-25
3.459e-25
0.00059039
8.3953e-26
0.0010736
0.0010616
1.3688e-47
1.8904e-63
1.627e-55
1.4125e-25
3.0539e-18
9.9957e-18
1.8904e-63
7.8939e-11
0.0020209
2.1949e-40
3.4038e-18
0.00073694
1.8904e-63
0.00061663
2.3548e-25
2.4653e-32
4.3233e-40
5.5759e-25
3.8813e-39
1.8904e-63
1.0918e-10
0.00055082
4.3648e-18
1.5233e-10
0.00069817
1.5324e-25
1.8904e-63
5.6356e-40
1.5366e-32
2.14e-10
4.7881e-11
6.1645e-18
1.8904e-63
1.9391e-47
3.0533e-25
3.2301e-25
2.3642e-18
4.0774e-11
5.7457e-18
1.7223e-32
3.1965e-47
0.00055795
1.2205e-32
2.637e-32
6.3771e-33
2.5786e-40
7.8231e-55
6.2604e-40
1.8904e-63
1.6562e-25
0.00025128
3.8773e-40
1.3058e-11
4.7708e-18
3.5449e-32
3.2751e-40
0.00090486
5.1702e-25
5.5292e-40
1.9859e-32
0.00054278
3.0217e-25
1.8294e-55
1.7726e-10
1.1313e-10
1.1361e-17
0.0022734
2.3508e-47
1.3116e-32
4.3209e-40
1.8904e-63
0.0010041
1.8904e-63
1.8904e-63
7.82e-11
1.8904e-63
1.7831e-40
6.3341e-11
1.354e-25
9.5565e-11
0.00043676
6.7855e-18
2.9034e-40
1.1812e-55
1.1879e-32
0.00089746
5.5083e-55
1.8904e-63
4.0255e-55
2.0216e-18
0.00068053
0.00090882
3.2594e-40
1.8904e-63
3.5704e-40
2.4156e-32
0.0073624
1.8191e-10
2.3415e-47
0.00057625
0.0011859
1.8904e-63
2.7458e-18
1.4131e-47
1.8763e-25
2.5444e-18
0.0012263
1.5171e-47
4.0631e-18
2.3065e-47
0.00091885
4.1282e-18
1.5168e-32
1.5532e-32
6.5094e-11
1.8904e-63
5.9502e-26
0.0012198
1.8904e-63
0.0017213
1.8904e-63
5.1685e-11
1.8904e-63
0.000869
9.7616e-26
7.7892e-18
0.00085679
1.8904e-63
5.2472e-18
3.9338e-40
1.8904e-63
3.8342e-11
2.6309e-18
1.0248e-10
1.4893e-10
4.519e-40
1.1408e-47
2.2003e-25
0.00069227
7.8587e-18
2.7264e-25
1.8904e-63
1.4257e-47
7.832e-11
1.917e-32
4.2371e-25
1.6846e-10
1.8904e-63
2.3671e-25
1.1816e-32
4.4937e-25
8.898e-48
2.2133e-10
4.1324e-11
6.4517e-33
1.8904e-63
0.0012876
5.6787e-25
3.8677e-40
2.1886e-18
0.0017522
1.8904e-63
0.00043785
4.5882e-55
1.3879e-10
1.8904e-63
4.287e-40
1.8904e-63
2.75e-40
1.2089e-10
1.309e-55
9.0309e-11
2.5696e-32
3.9772e-18
9.2107e-11
5.6091e-18
5.8026e-25
1.4019e-18
1.0008e-39
6.7281e-56
2.1427e-47
3.2983e-33
1.8904e-63
1.2942e-39
3.7665e-40
0.00081745
3.0641e-25
1.0298e-18
1.3492e-54
3.9666e-55
2.7904e-40
1.5557e-10
0.006492
0.0021511
7.3279e-25
5.0366e-32
1.8309e-25
1.5068e-32
1.5266e-18
5.0529e-11
7.7849e-10
6.8326e-11
4.9642e-47
0.0009338
2.35e-18
1.0913e-25
3.2955e-25
5.1206e-11
4.8743e-11
3.0228e-55
2.4796e-55
2.6567e-54
1.8904e-63
2.5606e-18
2.4228e-10
0.0031804
5.3161e-47
0.00064784
7.9248e-25
1.8904e-63
0.0006942
1.6239e-10
1.8189e-25
6.3805e-40
2.1921e-47
1.7189e-40
2.143e-25
0.0005601
1.6538e-47
7.0441e-25
9.9857e-26
1.6612e-25
8.2298e-33
4.4075e-40
1.8724e-18
2.8703e-11
2.936e-18
6.7936e-55
4.9784e-40
4.6952e-11
1.0557e-47
2.6891e-32
3.2448e-55
7.2479e-11
3.9752e-10
1.3452e-32
0.0026493
9.9376e-11
1.8904e-63
1.3533e-32
0.00078581
1.8904e-63
1.3587e-47
5.2975e-40
0.0016685
1.8904e-63
1.7404e-18
0.0013994
1.2887e-10
0.0010123
5.5557e-33
1.5135e-18
1.8312e-18
1.743e-18
5.046e-11
5.6629e-40
9.8069e-11
2.6493e-18
1.8904e-63
9.9149e-11
4.6869e-18
3.275e-26
1.8904e-63
1.6552e-18
0.0024346
1.8904e-63
9.5664e-40
1.4429e-47
1.8904e-63
2.4389e-40
2.369e-18
1.8904e-63
7.1193e-25
0.001374
7.9279e-11
3.4026e-10
0.0008526
2.8147e-55
1.1359e-32
4.3707e-40
5.2631e-48
1.4028e-55
2.6068e-47
3.0008e-55
1.4891e-32
5.26e-40
6.7053e-11
7.926e-19
1.9905e-47
2.4261e-25
5.3027e-18
1.8821e-47
0.0017346
0.00038984
1.614e-10
6.3098e-48
1.8904e-63
3.2119e-25
1.7762e-32
0.00037418
8.5086e-11
1.1939e-55
3.0567e-18
3.4359e-55
0.003273
2.0643e-18
1.7664e-55
2.914e-32
3.2926e-18
3.9753e-40
1.8904e-63
8.0104e-11
5.852e-26
2.7659e-32
7.6898e-56
1.2643e-32
0.0015752
1.8904e-63
3.4255e-55
3.4577e-40
0.00035225
1.0117e-40
0.0011944
5.5397e-11
0.0026016
1.0395e-25
0.001693
1.2033e-39
0.0014834
4.5206e-55
1.8904e-63
2.1469e-47
1.0467e-32
2.6074e-32
0.0019035
1.0606e-18
6.856e-11
3.8196e-18
0.00079402
2.1339e-55
1.9762e-18
8.0908e-33
1.1616e-39
1.8904e-63
1.8904e-63
2.2549e-47
2.4974e-18
1.1993e-55
9.9031e-56
0.00063811
1.3862e-10
2.3474e-40
1.1161e-10
1.1082e-32
7.7364e-48
3.5105e-40
0.0028607
0.002331
1.8904e-63
2.3737e-47
1.3981e-10
1.0609e-10
3.107e-18
1.5381e-25
0.0013651
6.9549e-11
3.8793e-18
1.8904e-63
1.7816e-18
1.8904e-63
1.7774e-55
1.6096e-25
1.4026e-18
1.8904e-63
1.8904e-63
1.8904e-63
1.5375e-32
1.5309e-18
2.0025e-47
2.4245e-40
1.8904e-63
0.00081088
1.8904e-63
8.1173e-25
0.0007742
3.9547e-18
0.0020845
0.00081476
5.3863e-11
7.5255e-33
4.3471e-25
0.002875
5.5529e-11
0.0010972
1.7497e-39
1.4633e-18
2.7885e-25
3.034e-18
5.5881e-18
1.8904e-63
4.4731e-40
1.31e-32
1.8904e-63
9.5664e-11
1.8904e-63
4.9856e-11
2.6048e-18
1.7127e-32
1.989e-11
9.129e-56
0.0011831
1.9356e-25
5.7876e-40
0.00070312
1.3381e-47
5.9433e-40
1.276e-32
9.3786e-40
8.2815e-48
4.2968e-55
1.9209e-11
1.1454e-47
1.559e-10
1.4373e-18
1.8904e-63
3.4933e-18
3.9297e-55
4.1996e-55
8.4984e-11
1.8904e-63
1.8904e-63
1.587e-25
3.3384e-10
1.8904e-63
8.316e-56
1.2587e-55
5.6e-48
1.9499e-25
0.00040995
2.0376e-18
1.8904e-63
4.3956e-25
0.0055419
9.787e-18
1.8904e-63
1.8904e-63
2.684e-47
1.9604e-47
8.2707e-18
9.6372e-19
5.551e-18
5.7479e-18
2.3752e-18
1.0541e-47
9.2415e-33
1.8539e-25
7.8076e-11
7.6088e-48
2.1089e-25
8.1149e-48
1.761e-32
1.8904e-63
1.9746e-47
1.157e-54
4.9567e-18
2.3809e-47
2.4719e-25
2.0673e-25
2.3992e-47
1.0131e-10
1.8904e-63
8.478e-18
2.5059e-47
6.6982e-11
7.8725e-33
5.7591e-11
3.4632e-55
5.1752e-11
1.8904e-63
1.3474e-25
0.0030294
5.5272e-11
6.3804e-11
5.6094e-11
0.00041043
1.2082e-47
1.1e-47
4.4055e-25
4.8424e-40
1.726e-55
1.0201e-32
5.2869e-48
3.4672e-18
6.3029e-25
6.928e-40
2.4688e-18
3.8968e-25
5.5769e-11
1.8904e-63
4.2805e-25
3.6647e-32
1.6455e-10
5.0729e-18
7.9094e-11
4.4399e-33
2.8976e-32
1.687e-25
8.8951e-26
0.0017498
0.001481
0.0011488
1.7061e-32
1.3405e-18
0.0011906
3.7243e-40
0.00065817
1.0089e-25
0.0016674
2.8378e-11
8.154e-26
4.2082e-18
2.0621e-25
3.5294e-11
2.0131e-55
1.2859e-18
1.6064e-25
0.0002533
1.8904e-63
0.0010285
1.8923e-18
6.4851e-40
2.1778e-18
1.8573e-25
0.0015425
0.0010029
1.8904e-63
4.449e-55
0.0011425
1.7803e-25
4.4669e-25
2.822e-25
2.0619e-25
1.967e-55
1.8904e-63
5.7169e-18
6.5666e-48
0.00064301
1.8904e-63
2.9931e-11
7.4646e-25
1.2592e-25
0.0019113
4.0368e-11
0.00080767
2.8729e-18
3.3809e-11
1.6247e-32
4.3736e-18
3.469e-25
6.0169e-48
2.8521e-40
0.0018572
3.0375e-40
5.2549e-48
3.9358e-55
1.8904e-63
2.992e-18
1.8904e-63
2.2404e-25
1.0112e-18
1.0938e-25
8.9762e-33
2.7409e-40
3.3097e-18
0.0010969
6.712e-40
7.4928e-40
4.4975e-18
1.6235e-10
9.6245e-48
9.6381e-48
5.4465e-11
1.0459e-39
1.2173e-32
0.00044219
1.3059e-10
2.8081e-55
2.1548e-47
2.3999e-39
6.7861e-26
0.00094411
2.5527e-40
1.6583e-25
7.1664e-18
1.0414e-10
1.1609e-39
1.8904e-63
2.7381e-18
3.1619e-25
2.2907e-11
9.2025e-26
1.1592e-47
2.0736e-32
4.9145e-40
5.8968e-48
4.0379e-25
1.126e-10
2.1245e-18
7.3963e-11
1.202e-47
1.9661e-32
1.8904e-63
3.9137e-25
8.906e-11
3.9643e-55
1.8904e-63
1.9899e-32
0.00097642
5.9577e-40
4.5493e-11
1.3933e-18
4.3755e-40
1.6203e-10
8.2796e-11
4.9006e-33
1.8904e-63
2.3379e-18
5.7372e-40
1.3801e-10
2.2473e-25
2.7716e-18
0.00074077
1.8904e-63
0.0030351
1.8904e-63
6.7953e-48
4.1151e-11
2.5986e-25
1.0247e-55
2.9157e-18
6.8815e-25
1.23e-39
0.0024572
2.2989e-25
9.0313e-33
1.5436e-55
0.0020112
7.2589e-33
1.8904e-63
1.7262e-40
1.7864e-47
1.0908e-46
1.8904e-63
1.4168e-32
9.5165e-11
1.8904e-63
1.0023e-39
0.002304
9.2388e-56
1.9699e-18
7.2028e-11
1.6543e-32
1.3178e-25
3.3836e-11
2.1051e-47
8.1115e-26
8.1793e-40
1.8802e-47
1.8904e-63
4.8752e-47
1.8904e-63
1.2305e-39
0.00087793
8.7377e-48
1.0981e-18
1.4108e-32
5.3792e-11
1.8275e-55
4.9921e-18
1.8704e-32
0.00088078
1.857e-39
3.6394e-25
3.7788e-25
1.8904e-63
1.9025e-32
4.4174e-25
6.153e-11
3.7071e-18
5.8663e-32
6.1897e-18
2.6437e-18
0.0010463
7.6686e-33
1.5529e-47
2.6077e-32
8.8779e-33
7.3933e-33
1.8904e-63
1.8904e-63
6.3408e-33
1.7169e-32
2.7018e-25
0.00046247
0.0018767
1.8904e-63
2.833e-17
5.4738e-18
8.0133e-40
1.8904e-63
2.2329e-25
0.0007654
1.6841e-47
1.0198e-32
5.9975e-11
1.8904e-63
7.0688e-26
7.6393e-48
1.8904e-63
1.8038e-32
4.1213e-32
1.8904e-63
7.5261e-26
1.8904e-63
6.2506e-25
1.6405e-25
5.7186e-47
1.7439e-55
1.8904e-63
3.1219e-55
6.9285e-11
1.5076e-47
1.8904e-63
2.3967e-18
6.168e-25
1.1603e-25
1.8904e-63
3.7768e-18
0.00026475
0.0010624
9.2098e-33
1.3642e-32
0.0020892
5.4308e-56
1.3211e-32
7.2575e-11
0.0014749
1.0332e-17
1.8904e-63
0.0013186
1.8904e-63
4.4099e-32
7.9408e-26
4.4415e-33
0.0005121
3.6756e-47
0.0013516
2.5432e-18
1.3524e-25
0.00049213
0.00091247
3.1929e-55
1.5669e-17
1.8904e-63
2.4391e-18
8.6665e-26
1.9718e-25
1.9153e-18
1.4398e-47
4.5874e-40
9.4884e-18
2.9135e-47
9.8877e-33
2.601e-55
6.9537e-11
2.0112e-55
0.00078075
0.0005652
0.001371
1.8904e-63
8.4349e-33
0.00045001
2.0801e-25
7.1581e-11
5.7847e-32
8.4511e-25
0.00053203
1.202e-17
1.9171e-32
4.2449e-18
1.8904e-63
1.4701e-18
5.7384e-33
5.4421e-18
1.8904e-63
0.0015698
1.6692e-18
1.0313e-32
6.153e-18
2.0593e-25
0.0016637
3.2009e-18
5.5692e-26
1.2521e-25
9.8015e-33
3.7254e-32
2.358e-47
8.0271e-18
0.00051708
6.0142e-11
3.863e-11
1.2333e-25
1.218e-32
1.7842e-47
4.5182e-25
1.8904e-63
0.0014862
1.6408e-47
1.1629e-47
0.00084641
1.8904e-63
2.1409e-40
1.7183e-10
2.8835e-18
0.0010165
1.078e-47
1.8904e-63
3.1709e-40
1.8904e-63
3.9277e-47
6.931e-11
2.133e-24
5.7474e-25
1.1918e-10
1.8904e-63
1.8904e-63
1.8904e-63
0.00050445
6.1245e-11
1.1393e-17
1.8452e-25
4.9615e-48
1.0155e-32
2.6135e-25
0.0017412
4.0202e-18
1.3976e-10
0.00031247
0.0024277
3.1237e-47
2.6749e-25
0.00059431
1.8904e-63
1.9833e-25
2.53e-10
1.8669e-47
4.5139e-47
2.7434e-55
1.2392e-32
8.9824e-33
0.0010616
3.9943e-25
2.9316e-11
0.00080741
1.8904e-63
2.9906e-40
4.5422e-18
8.7487e-56
2.0633e-47
2.8242e-10
1.8904e-63
5.2193e-11
0.00075889
1.8904e-63
8.5079e-33
3.4875e-25
4.8254e-55
4.9421e-25
2.5132e-25
4.8286e-55
1.6927e-11
7.8053e-55
4.4281e-40
2.7456e-32
6.7252e-18
8.6277e-11
9.924e-11
3.1866e-40
1.734e-18
2.2621e-39
1.8083e-55
0.00045394
9.5329e-48
1.8904e-63
4.1696e-18
2.4126e-18
9.0704e-19
2.434e-10
4.2533e-25
1.7372e-47
0.00067247
0.00049313
1.8904e-63
3.1125e-47
4.6703e-11
7.4422e-11
1.8904e-63
1.5327e-32
1.8414e-18
1.2994e-32
0.0015421
1.7844e-39
1.8904e-63
1.8904e-63
1.8845e-47
4.8642e-26
9.4421e-11
0.0012456
5.2497e-33
2.3176e-55
1.8904e-63
3.5671e-40
1.5362e-25
7.1573e-48
1.8904e-63
6.0893e-48
0.0010848
0.00028692
3.4983e-40
9.7461e-18
8.6952e-18
9.5202e-48
0.00045461
1.0768e-39
2.3416e-47
0.00087894
1.1823e-25
1.8047e-18
1.4622e-55
1.0028e-10
1.8792e-47
1.1252e-24
3.8459e-40
5.7819e-18
6.2311e-18
1.7334e-32
6.3437e-18
2.2987e-32
5.976e-39
3.22e-32
7.0878e-40
1.4919e-32
4.0469e-25
1.8904e-63
1.8911e-18
3.9988e-11
1.2704e-47
4.8152e-25
2.1722e-55
7.1457e-32
2.1043e-55
1.3767e-55
5.426e-25
3.2674e-33
0.00075992
0.002173
7.9834e-33
1.5603e-25
1.5692e-47
4.0923e-47
2.8315e-17
1.8904e-63
3.6423e-11
1.8904e-63
3.9824e-25
3.9767e-18
2.4255e-18
0.0018466
0.00026877
5.2078e-32
3.4095e-11
2.8022e-18
3.982e-40
2.2096e-10
0.00047068
1.7613e-32
2.6568e-18
7.4744e-48
2.591e-47
7.9655e-18
5.9513e-40
5.065e-25
2.3604e-55
1.0167e-47
0.00041259
1.67e-25
5.5463e-33
1.5475e-32
9.2543e-11
2.7899e-40
1.8904e-63
0.0009256
1.0334e-10
1.0564e-10
1.3101e-25
8.0299e-33
2.7558e-18
2.7733e-10
0.00068377
3.6956e-18
6.1645e-25
3.601e-47
1.8904e-63
1.274e-18
2.0618e-25
6.4742e-18
5.345e-47
9.9594e-11
5.8537e-40
0.00037337
5.1173e-33
6.739e-40
7.2084e-25
2.4655e-47
1.8904e-63
3.5411e-55
3.7053e-11
1.355e-25
1.2546e-25
2.0066e-18
1.3149e-39
2.3063e-47
5.3699e-18
1.1902e-54
1.8689e-40
1.0179e-25
4.1952e-33
1.0088e-31
3.9268e-11
1.087e-10
7.3112e-47
1.3269e-55
6.1759e-40
1.9009e-32
4.4716e-47
1.8904e-63
2.2165e-32
3.0932e-11
8.358e-11
0.0013469
4.173e-40
0.002744
0.0010627
9.7008e-26
2.5584e-10
1.8904e-63
1.8904e-63
4.0935e-11
1.8904e-63
0.00052242
2.2424e-32
8.1156e-11
0.0010706
0.0012908
9.8187e-33
2.5269e-18
5.86e-40
2.1064e-40
1.8904e-63
1.8904e-63
6.9337e-40
1.8904e-63
2.8665e-18
4.6407e-32
5.7334e-18
4.1857e-40
4.3851e-18
3.7267e-18
5.8801e-33
1.4535e-55
1.3127e-40
1.8904e-63
8.3327e-18
8.6484e-11
8.9997e-33
1.9677e-10
2.0066e-40
1.8904e-63
0.0017697
1.2336e-39
1.2992e-25
1.8904e-63
0.00062612
1.8904e-63
1.0208e-25
4.3216e-10
0.0011164
0.0027616
0.0011584
3.9877e-18
1.925e-40
2.869e-18
1.8904e-63
4.1613e-18
0.00052598
3.0315e-18
1.0603e-55
1.8904e-63
2.8487e-25
4.2848e-18
8.8165e-48
3.2801e-55
3.9352e-47
2.3888e-25
1.7414e-25
2.4342e-25
1.6391e-18
1.8904e-63
1.8904e-63
3.3348e-32
1.7484e-25
8.2534e-40
0.00054294
6.8568e-33
1.9866e-25
8.7411e-41
9.4403e-33
3.7373e-40
3.6228e-18
4.8853e-18
2.3899e-55
9.8823e-48
2.4489e-47
5.4587e-18
1.692e-17
5.7547e-11
3.5059e-11
4.4818e-47
4.5021e-40
1.767e-18
2.2955e-32
2.9451e-18
0.00052539
1.6177e-18
0.0023829
1.0848e-32
3.2273e-55
9.9812e-11
2.4627e-47
2.752e-47
3.7293e-10
1.1961e-25
0.00071383
3.1662e-25
1.8904e-63
1.4121e-25
6.5741e-40
2.2828e-11
3.9612e-18
1.7488e-55
2.4959e-32
7.9213e-26
2.6534e-39
6.9895e-40
1.8904e-63
2.0648e-32
3.0157e-47
1.8904e-63
1.8904e-63
5.7746e-11
7.5737e-11
3.7227e-11
9.3759e-33
7.2072e-18
6.8913e-33
3.3962e-18
9.4467e-33
0.0028879
1.8904e-63
7.4071e-55
9.4521e-41
3.631e-18
1.7245e-40
3.9547e-25
1.8904e-63
1.4645e-25
6.0444e-55
2.7003e-25
1.6782e-32
1.7193e-18
9.0187e-40
1.8904e-63
8.2758e-48
9.3495e-33
5.4023e-18
6.6755e-11
4.3011e-40
5.1402e-26
1.7468e-47
0.0038897
1.8904e-63
3.0406e-25
1.3997e-17
1.7294e-47
2.1961e-25
6.1324e-11
7.4009e-18
1.2934e-32
0.00086124
6.6775e-48
1.7635e-25
2.7039e-33
1.7713e-25
0.00067499
0.0023784
9.483e-11
2.1086e-47
1.8904e-63
2.6406e-18
1.3163e-10
1.8904e-63
1.2999e-17
2.4621e-39
1.0597e-17
2.3724e-47
1.8904e-63
4.9539e-47
5.5875e-11
1.0233e-10
4.655e-55
1.8904e-63
2.1636e-25
2.3595e-40
1.9846e-32
0.0009132
6.8797e-55
0.0030251
1.6718e-10
2.549e-18
4.691e-40
2.3958e-47
2.3868e-25
1.8904e-63
7.3462e-33
2.4847e-25
5.4308e-47
1.8174e-55
1.8904e-63
6.1915e-48
3.4492e-10
0.0014428
1.8803e-47
1.5122e-39
2.9886e-25
3.0056e-18
8.6716e-40
1.8812e-32
2.3207e-32
5.4965e-40
1.4368e-25
1.4766e-55
3.4951e-40
1.9723e-32
0.00095518
4.9547e-25
2.6405e-32
1.8904e-63
2.5384e-18
0.00033276
5.1894e-18
1.3469e-10
0.0013859
2.0848e-40
0.0086466
1.8904e-63
3.3388e-25
3.0411e-11
2.5525e-40
1.5012e-55
7.8277e-26
1.8904e-63
1.6113e-55
1.5216e-17
3.9824e-25
1.2082e-32
2.2468e-17
2.5117e-55
1.8904e-63
0.00076146
4.2644e-18
1.8904e-63
0.00068255
4.585e-55
7.56e-18
0.0010714
1.5201e-47
3.7208e-33
2.3294e-11
1.525e-17
6.1116e-33
5.7759e-11
3.3481e-47
0.001243
1.8904e-63
1.8904e-63
2.1235e-47
1.615e-17
1.2963e-10
1.3505e-32
2.0611e-40
0.0012204
1.8904e-63
1.8908e-47
1.1058e-18
1.807e-47
1.901e-55
2.3814e-55
6.2949e-25
1.0316e-32
2.8423e-25
8.5286e-18
1.7547e-55
4.6424e-18
1.9862e-47
2.6258e-11
0.0024737
2.1123e-40
6.1151e-11
1.0705e-10
1.8904e-63
1.8904e-63
4.2513e-47
1.4303e-10
4.2293e-18
1.8904e-63
8.6797e-40
0.0014217
3.5332e-25
5.3841e-25
5.3975e-25
3.0337e-11
1.8904e-63
7.5922e-26
2.3088e-25
1.8904e-63
0.0021307
1.9661e-25
2.3907e-18
1.8904e-63
0.0058666
1.0579e-10
1.1176e-39
3.7861e-25
2.8673e-47
3.92e-18
0.00092503
2.3786e-18
1.7804e-18
2.8869e-18
4.4336e-55
1.8904e-63
1.026e-25
3.9345e-18
1.521e-40
1.2989e-25
5.1928e-55
3.0708e-32
1.8904e-63
4.2792e-11
0.001491
1.798e-47
1.6603e-10
1.8904e-63
2.1206e-25
2.6218e-55
0.0010281
1.1036e-10
2.9613e-40
1.4005e-54
1.1532e-10
3.8202e-32
1.4885e-55
4.2626e-11
1.9197e-39
0.0024167
8.1937e-26
6.3403e-18
1.8904e-63
2.0991e-18
0.00032402
3.0636e-25
2.1768e-25
3.5411e-40
5.8749e-33
1.8904e-63
8.9141e-33
0.00034466
4.568e-32
2.3687e-18
1.1616e-32
1.8904e-63
1.8904e-63
1.8904e-63
3.454e-47
0.00026316
3.1393e-32
5.1326e-47
2.5309e-11
4.4981e-55
3.9312e-25
2.5262e-25
7.9834e-40
3.5721e-40
1.9774e-47
4.9333e-26
0.0017403
3.669e-32
1.3384e-47
7.2227e-56
3.329e-25
1.5124e-25
2.3105e-40
0.0013827
4.8136e-40
7.1664e-26
1.228e-32
4.1446e-40
3.151e-39
5.7022e-18
1.8904e-63
1.8841e-10
3.4724e-18
1.2918e-39
3.4823e-18
1.8904e-63
3.3479e-32
9.8904e-56
3.3988e-25
1.4122e-47
1.6655e-25
5.5585e-40
2.8822e-47
0.0036834
8.5068e-33
1.4534e-47
5.0153e-11
1.5944e-10
3.4028e-25
1.528e-25
2.059e-18
0.0038475
1.8904e-63
1.3738e-25
3.0445e-18
0.0010142
1.6064e-25
5.6645e-18
7.7762e-11
7.2848e-55
3.0334e-18
3.651e-18
1.8904e-63
2.5469e-55
1.8904e-63
8.5309e-56
3.8406e-18
8.0242e-40
5.0353e-11
0.00025201
5.3284e-48
2.1153e-55
1.8904e-63
1.8904e-63
1.046e-54
1.0276e-18
2.7674e-40
5.245e-55
1.2271e-47
1.2548e-55
4.3061e-18
5.3798e-40
4.4217e-40
3.4847e-11
1.8904e-63
3.7815e-47
3.2406e-18
2.1948e-32
1.4066e-18
1.1306e-32
1.8904e-63
2.4988e-18
1.8904e-63
4.6392e-40
2.1649e-32
1.165e-17
1.1278e-17
4.4443e-40
1.587e-32
1.9961e-10
1.3311e-24
5.3454e-55
1.8316e-55
2.105e-25
1.2441e-55
8.9049e-40
2.2466e-25
4.5853e-10
1.0245e-32
1.1242e-47
5.0853e-25
5.1319e-55
7.3693e-47
7.0711e-40
1.8904e-63
1.8904e-63
4.5356e-18
3.7055e-25
2.2366e-47
5.4156e-18
5.071e-47
1.8904e-63
1.8904e-63
5.4868e-11
5.3442e-55
3.5829e-18
1.8904e-63
7.051e-33
2.44e-18
4.6954e-55
2.6538e-40
1.2033e-17
9.2216e-33
2.3883e-18
7.1705e-11
1.8904e-63
0.0018624
4.797e-25
9.9676e-56
2.4953e-55
3.6263e-40
1.5551e-47
1.8904e-63
1.8904e-63
3.4086e-40
2.8936e-32
4.5107e-48
2.2459e-25
1.8904e-63
1.8904e-63
4.1999e-11
6.1386e-47
4.0263e-47
3.8349e-10
9.0376e-56
4.3063e-55
0.0010389
5.1945e-18
1.0792e-47
0.0013395
1.8904e-63
9.9966e-48
1.8904e-63
3.4146e-55
3.4158e-39
0.00060896
3.8472e-55
0.0011191
5.7083e-18
1.0851e-31
1.8904e-63
1.7772e-55
7.6415e-25
1.9095e-18
3.1505e-18
3.31e-40
5.1674e-18
2.5011e-25
1.1263e-32
0.0015147
1.8904e-63
2.2887e-10
1.295e-17
1.8904e-63
1.5234e-47
3.1703e-25
0.0005108
1.8904e-63
1.8904e-63
6.1357e-33
2.4368e-25
1.8904e-63
1.8904e-63
1.6834e-18
0.00084315
9.2125e-25
0.00037529
2.0076e-25
3.2416e-18
4.512e-48
4.1061e-11
4.4857e-11
0.0025054
2.8815e-55
1.8904e-63
1.4404e-10
1.8904e-63
2.4659e-18
5.8336e-18
2.4887e-25
2.267e-55
0.00029849
7.3784e-48
1.8904e-63
1.8904e-63
0.0019292
1.8904e-63
1.8904e-63
0.0038036
1.8904e-63
1.8904e-63
2.0483e-47
1.2857e-47
5.8135e-18
9.8777e-11
0.00090253
2.3257e-25
2.1551e-32
1.0228e-47
1.4871e-10
8.6142e-11
3.132e-32
7.444e-40
0.0047288
5.1205e-40
1.4142e-32
8.3097e-18
1.8754e-10
9.5664e-40
0.00057585
0.0011706
3.7107e-18
2.2777e-25
1.4936e-25
1.7834e-39
5.2062e-40
2.6488e-25
8.1947e-11
1.1437e-10
1.1771e-39
1.8904e-63
1.8904e-63
0.0012732
1.8904e-63
0.00029096
4.6167e-48
6.2323e-48
0.0015929
2.2731e-55
1.7076e-32
0.0008395
1.8904e-63
7.3371e-33
2.5247e-25
7.6381e-40
1.8904e-63
9.6499e-33
3.5199e-18
2.289e-25
2.7773e-40
1.1211e-47
2.2521e-32
3.3501e-10
2.3643e-25
4.6396e-18
2.9325e-17
8.8325e-40
3.4815e-25
2.4598e-25
1.8904e-63
1.8904e-63
3.3048e-25
1.0292e-32
0.0020711
2.2248e-55
6.4e-11
1.5306e-32
3.4577e-40
4.5983e-18
1.8904e-63
2.7909e-40
3.2746e-55
1.9067e-47
9.2733e-48
3.0851e-18
2.2932e-25
6.8768e-18
1.2937e-32
0.0011763
6.4399e-11
1.8904e-63
3.2452e-40
4.6171e-25
1.7723e-25
4.8321e-55
5.58e-11
6.2616e-47
6.1209e-11
3.7699e-32
7.1233e-26
1.5884e-18
2.82e-18
1.0509e-39
1.8904e-63
0.00047191
1.3834e-25
8.0553e-10
6.0881e-11
1.5745e-47
4.6544e-11
1.4182e-25
6.5391e-18
0.00035659
1.2032e-47
2.2828e-25
9.7362e-26
9.6391e-11
4.8618e-25
0.0016896
0.0029505
0.00094709
4.3494e-25
3.6765e-11
2.3981e-18
7.0199e-11
3.286e-55
1.403e-55
2.421e-25
1.146e-10
2.1163e-18
1.8904e-63
1.2417e-39
2.5563e-55
5.7363e-10
5.9639e-40
3.6551e-32
0.00030496
1.6361e-47
9.5565e-11
3.9466e-18
2.1271e-32
1.8904e-63
1.452e-40
3.1234e-32
6.1513e-18
1.8904e-63
8.6521e-48
9.5492e-11
4.7392e-40
2.1567e-18
6.7516e-33
1.2328e-32
3.5861e-40
1.7966e-39
0.0018867
6.2587e-33
0.0011938
5.4841e-33
8.5864e-11
1.8904e-63
1.0381e-10
1.4471e-18
0.0013407
5.9708e-18
1.8904e-63
1.3801e-10
1.6223e-47
4.8728e-11
1.1082e-47
1.8904e-63
3.4796e-32
2.4346e-25
6.3455e-48
3.4329e-40
2.9818e-47
2.1214e-10
1.8904e-63
1.8904e-63
0.00055845
1.8904e-63
0.0015981
2.9717e-55
1.8904e-63
1.6876e-25
6.2874e-33
0.00016602
2.008e-18
1.0217e-10
1.1076e-47
2.634e-25
0.0013495
5.794e-40
4.3481e-47
2.2473e-39
3.8483e-40
0.00039812
0.0018362
4.4542e-11
1.5599e-32
4.2077e-17
2.4025e-47
4.9504e-47
8.6936e-11
1.5641e-25
1.8791e-25
5.3047e-40
1.4121e-47
3.9983e-18
1.8904e-63
8.3562e-33
7.5444e-26
1.8904e-63
1.8904e-63
1.7056e-18
5.6552e-18
0.0017221
1.732e-25
2.4518e-11
1.5926e-25
5.8347e-18
1.466e-18
7.4951e-40
3.6914e-11
3.5963e-18
4.6843e-25
1.8904e-63
7.2256e-18
0.0010267
1.4877e-17
1.366e-47
8.4884e-48
2.6555e-39
3.1032e-55
2.9884e-32
1.3166e-10
5.1086e-11
0.0011223
1.8904e-63
7.032e-55
8.2453e-18
3.9003e-25
4.4414e-18
1.1421e-10
4.3379e-10
2.2769e-25
1.8904e-63
0.0052554
1.8548e-10
5.7664e-25
1.0808e-32
7.6336e-18
2.8283e-18
4.1951e-17
3.5212e-10
5.5692e-25
2.4076e-18
2.8187e-47
9.3114e-33
2.8187e-25
1.1578e-32
1.8904e-63
1.8251e-39
2.8321e-47
2.3133e-32
1.2445e-55
0.00054953
1.2911e-25
0.0044895
0.00094668
1.6753e-25
1.2462e-18
2.5699e-18
2.11e-25
2.4657e-40
3.7612e-40
2.0665e-32
8.708e-11
4.848e-40
1.8904e-63
3.0393e-18
1.5839e-18
5.7457e-26
7.2296e-40
2.7362e-18
0.00097774
5.0254e-18
1.7605e-47
1.3663e-39
9.7652e-33
0.0018741
1.7277e-10
1.8904e-63
1.1815e-32
3.5699e-11
1.1321e-25
1.078e-32
3.5602e-40
1.8904e-63
0.0006324
0.0010324
1.1807e-47
4.7418e-11
1.4e-32
1.7894e-18
1.6267e-32
9.8514e-33
1.6359e-40
1.2815e-47
3.2477e-55
3.3753e-18
3.2925e-18
5.1229e-18
5.527e-17
6.0576e-18
7.2646e-26
4.2905e-47
1.8732e-32
0.0013391
1.1733e-32
2.0005e-10
1.8904e-63
3.3467e-18
8.2218e-40
4.8752e-40
6.1024e-47
5.4505e-33
3.4777e-18
6.4226e-10
7.6088e-18
2.9772e-18
3.3719e-55
1.8904e-63
0.001257
0.00065088
1.4427e-10
1.6476e-55
1.8904e-63
3.9847e-18
1.3032e-18
1.8904e-63
2.3433e-55
0.000697
3.6768e-25
2.6715e-18
1.7846e-32
2.0217e-32
1.8074e-25
1.8904e-63
4.5454e-18
2.3532e-32
3.3938e-25
4.8947e-25
3.5705e-11
1.8904e-63
1.2166e-25
2.7194e-32
4.6994e-18
3.1342e-40
1.8904e-63
5.4371e-25
1.1624e-10
2.7147e-25
1.43e-32
0.00042555
7.1854e-18
3.2698e-47
1.8904e-63
5.4247e-18
1.1234e-10
6.8826e-11
1.9874e-32
2.0776e-40
1.1669e-39
1.9694e-40
5.5423e-55
0.00057197
0.0011708
2.1584e-25
1.5979e-18
1.1691e-47
0.00044495
2.041e-25
1.8904e-63
1.8904e-63
1.8904e-63
9.119e-18
1.0446e-25
1.8904e-63
3.86e-11
2.2356e-40
3.0172e-40
5.1465e-55
3.9059e-25
1.8904e-63
0.0019614
2.6483e-18
1.8904e-63
3.5838e-47
6.3517e-26
3.4334e-18
1.2508e-47
1.8904e-63
1.8904e-63
1.7939e-25
0.0012204
1.214e-25
1.8904e-63
0.00077891
4.1733e-18
1.8904e-63
4.3521e-55
0.00083489
9.679e-11
0.0012989
7.448e-33
3.0714e-25
1.8904e-63
2.4401e-47
1.8904e-63
1.6533e-32
1.8904e-63
1.6786e-39
3.5029e-40
2.4753e-18
2.2932e-18
2.5227e-18
1.8904e-63
0.0058958
1.1625e-10
1.8904e-63
0.00041569
3.1253e-18
3.4745e-40
7.1906e-48
7.3779e-40
3.3947e-32
6.2027e-11
1.8107e-25
1.8904e-63
3.312e-47
1.8904e-63
1.8904e-63
6.4242e-33
1.1677e-47
1.7939e-55
1.8015e-40
1.2935e-54
1.8904e-63
4.6645e-40
2.4391e-18
1.8904e-63
2.605e-25
0.0023475
1.2041e-10
4.867e-56
1.67e-32
7.5215e-25
1.7074e-55
6.4276e-55
3.351e-18
0.00058308
9.2815e-33
1.0716e-47
1.8904e-63
1.0272e-17
2.3556e-32
1.4699e-47
1.8904e-63
1.8167e-47
2.4173e-18
7.7998e-11
2.6575e-10
5.9743e-40
2.0486e-25
2.4269e-32
1.8904e-63
1.8904e-63
3.3083e-18
1.8904e-63
4.9829e-40
1.5295e-32
1.4107e-32
7.2577e-18
2.8443e-25
2.0721e-25
9.473e-18
9.0014e-40
2.7008e-18
4.9294e-40
1.5526e-55
1.4795e-47
8.3178e-33
7.0584e-33
0.0029405
0.00066655
1.4896e-25
8.2672e-18
3.2195e-25
0.00055445
6.774e-33
3.7473e-18
1.8904e-63
3.2743e-25
3.7757e-25
1.2468e-47
7.8156e-18
1.8904e-63
2.6157e-47
8.3431e-48
0.00059589
2.1438e-47
7.6738e-32
3.0633e-10
2.7427e-40
1.8904e-63
1.8904e-63
2.8043e-25
2.3696e-32
3.6351e-25
3.3861e-10
2.0633e-25
1.6903e-10
1.0787e-10
1.1519e-10
3.339e-18
1.8904e-63
3.0337e-55
1.9531e-47
1.4602e-39
0.00036517
2.0967e-18
3.7383e-55
3.4823e-18
3.0387e-55
0.0017588
5.1224e-40
4.7962e-40
2.1609e-32
2.0079e-55
1.5154e-25
3.4127e-18
9.7362e-56
0.0013391
5.5637e-11
8.898e-33
0.00081638
9.6744e-25
5.47e-33
0.00081879
1.2512e-39
7.0964e-33
1.0204e-17
1.27e-32
1.8598e-39
1.8904e-63
0.00065362
0.00053618
8.7567e-11
1.2542e-32
2.9459e-47
9.9703e-47
2.951e-47
1.1959e-25
5.4257e-25
2.2284e-18
3.9378e-55
1.8904e-63
1.8904e-63
0.00037724
2.6568e-25
1.529e-47
1.2039e-18
1.8904e-63
1.2945e-32
7.6645e-33
2.7073e-39
3.6844e-47
1.8904e-63
1.9231e-55
3.8848e-18
9.1998e-11
6.0795e-33
2.087e-18
3.6119e-55
2.9351e-47
8.8009e-26
2.2549e-25
1.149e-55
0.0038506
0.00044184
6.0465e-11
0.00079353
5.118e-40
2.1796e-47
3.9631e-47
2.1792e-47
5.0437e-55
1.8904e-63
5.1841e-32
2.6024e-10
1.9635e-18
0.00060743
7.4864e-18
1.8904e-63
1.8904e-63
4.1015e-40
0.00061051
5.8157e-33
2.0868e-32
0.0024872
2.0039e-25
1.7001e-25
1.5641e-25
1.8904e-63
9.6391e-11
1.5067e-32
0.00052658
1.0371e-47
1.8904e-63
1.0782e-10
1.195e-25
7.0303e-33
0.00062236
1.8904e-63
4.7114e-18
7.9156e-33
3.5469e-55
0.0041291
1.8904e-63
3.6214e-11
2.109e-18
7.3146e-11
5.0235e-55
5.1933e-18
1.8904e-63
0.0020837
7.1176e-40
1.576e-32
1.5956e-32
6.4321e-11
7.286e-40
2.3558e-55
2.4914e-55
1.8904e-63
0.0021559
1.7429e-25
1.8904e-63
1.3816e-10
1.6444e-47
5.7112e-10
1.1637e-32
1.8904e-63
7.4019e-40
1.8904e-63
2.8507e-25
5.1959e-55
5.9617e-26
1.3304e-32
3.2261e-32
1.3503e-25
1.6035e-39
9.757e-26
8.0668e-11
7.5544e-11
1.6338e-17
8.8342e-48
1.8904e-63
4.7128e-48
9.4212e-56
1.8904e-63
4.0081e-18
1.643e-10
3.2604e-40
2.2097e-25
2.5553e-40
1.3522e-25
0.0012114
0.00040162
3.3003e-32
8.3798e-33
3.5504e-40
1.4462e-47
1.8904e-63
1.8409e-25
8.2322e-48
1.8904e-63
1.0461e-39
8.2167e-56
1.7555e-55
1.4585e-32
0.0010832
3.8224e-18
6.4702e-48
0.00030403
3.6531e-55
1.8904e-63
1.9855e-32
1.5053e-47
8.848e-40
1.1735e-47
1.6889e-17
8.8664e-48
3.3989e-18
7.3548e-11
4.3664e-55
1.8904e-63
6.3909e-18
6.7769e-33
1.3601e-39
1.318e-10
8.7462e-11
2.1167e-39
1.7972e-18
1.9728e-32
2.1218e-32
1.8904e-63
2.758e-55
1.5426e-32
1.1234e-32
6.0386e-48
2.5543e-55
6.5011e-18
1.8904e-63
1.8904e-63
6.4508e-11
6.2611e-11
8.0409e-40
1.5879e-25
5.2748e-11
0.0041307
3.5925e-11
1.8904e-63
1.9384e-10
4.3442e-25
9.4584e-11
7.6336e-40
3.831e-55
0.00073408
1.6713e-32
6.6098e-40
2.3243e-47
1.8904e-63
8.7949e-11
2.6367e-47
1.8904e-63
8.6182e-26
7.1797e-55
0.0006918
4.8253e-18
3.5421e-32
1.8904e-63
4.8555e-40
4.7535e-40
1.8904e-63
8.57e-48
1.1986e-32
1.8904e-63
2.4782e-47
2.2024e-47
5.7317e-47
2.5476e-25
2.9796e-55
2.0297e-32
1.8293e-18
5.8559e-40
8.8606e-11
1.8904e-63
3.6487e-33
1.2027e-25
1.4875e-39
8.4925e-11
3.284e-47
1.9733e-24
5.7096e-11
2.141e-25
4.5783e-25
1.7202e-25
3.7404e-25
2.6443e-18
9.1299e-48
2.4937e-40
7.2003e-33
1.9454e-18
2.0384e-32
2.8754e-55
1.6488e-47
8.9754e-11
0.00037335
4.0382e-47
1.3129e-25
0.00061245
9.0009e-48
7.1084e-18
0.0006305
0.0003836
0.00047273
3.0251e-25
1.2882e-25
3.403e-32
6.82e-33
4.5882e-25
6.7005e-40
3.2556e-32
0.00066986
2.3096e-25
1.8904e-63
6.026e-25
1.9639e-55
2.4901e-25
3.0842e-32
1.4686e-40
6.1226e-48
3.7152e-40
7.9564e-33
1.0027e-32
2.4201e-18
0.00061529
1.9229e-18
1.0695e-32
9.4267e-33
1.8904e-63
8.8773e-26
2.1916e-10
3.9817e-18
3.2803e-25
8.7159e-18
4.4075e-11
3.4639e-55
1.6062e-25
1.4391e-10
1.6325e-10
1.2948e-25
1.8274e-32
1.3365e-25
1.2447e-47
6.573e-48
7.6307e-55
0.002748
4.5308e-26
2.1502e-11
3.1636e-55
1.3573e-10
7.4295e-18
1.1995e-32
0.0036645
6.03e-33
2.0491e-32
1.8094e-11
0.00083925
1.8904e-63
3.4513e-55
3.3105e-47
1.8904e-63
4.1441e-40
8.6665e-25
1.8904e-63
8.05e-26
4.8622e-56
0.002472
9.9703e-11
1.297e-47
4.2356e-18
6.1444e-33
2.5328e-40
1.8904e-63
0.00057221
6.88e-11
8.5929e-40
1.8904e-63
1.8904e-63
1.8904e-63
1.8904e-63
1.7026e-17
0.001663
0.00078472
1.529e-25
2.6038e-40
2.2786e-25
0.00086046
3.7686e-18
1.9169e-25
1.8904e-63
9.4666e-33
1.8904e-63
1.7081e-18
9.1354e-40
5.4316e-40
1.8904e-63
1.8904e-63
1.3841e-54
6.1783e-40
2.553e-32
0.0014051
1.0083e-32
5.9645e-11
8.2586e-18
1.3797e-47
2.7798e-32
4.9302e-11
1.979e-47
9.3486e-56
1.8922e-54
1.8904e-63
1.5197e-32
1.7682e-39
0.00033602
1.2912e-39
0.00042511
7.807e-25
6.0002e-18
3.9059e-32
1.3416e-10
0.00041324
7.1222e-25
3.4632e-47
3.7977e-32
9.5165e-26
8.4351e-11
1.3267e-25
1.3216e-32
8.6998e-25
7.7768e-11
9.09e-11
1.1102e-47
1.4126e-11
1.7839e-55
8.5157e-11
2.0065e-10
6.8482e-33
2.3619e-32
2.5328e-55
1.8904e-63
0.0013939
4.5226e-40
1.067e-17
1.8904e-63
0.0040175
0.011377
1.9218e-39
5.885e-11
3.179e-47
3.202e-32
0.0012831
1.8904e-63
0.00091301
0.0005131
1.0332e-17
2.5038e-10
3.8333e-25
1.5775e-32
7.4302e-48
2.72e-10
9.1054e-48
6.061e-40
0.00097333
1.79e-39
1.8904e-63
2.0389e-32
8.5872e-18
1.3794e-32
1.3894e-25
1.7001e-47
0.0029523
1.8904e-63
9.7216e-11
4.4584e-18
0.00058467
1.8904e-63
4.1078e-40
1.8904e-63
1.1553e-25
0.00044475
1.2678e-10
7.9049e-11
9.2751e-33
1.6672e-25
3.8456e-18
3.9289e-18
6.1128e-25
6.2225e-40
1.8904e-63
1.8904e-63
1.8904e-63
1.058e-25
2.7043e-11
8.0719e-26
4.8393e-40
1.6621e-55
1.8904e-63
1.8091e-47
9.9413e-48
1.7901e-47
4.8497e-18
4.2106e-32
1.0844e-32
1.8904e-63
1.8904e-63
1.8904e-63
1.8904e-63
5.4324e-11
1.406e-10
6.4067e-11
7.6915e-48
3.3763e-32
8.5791e-40
7.0041e-11
0.0007381
2.5748e-55
8.4975e-25
1.0796e-18
3.7665e-18
3.1818e-47
1.6658e-10
4.9531e-33
4.0048e-11
2.0659e-17
6.4167e-33
0.0014129
1.1333e-32
4.1695e-47
7.6027e-11
2.3887e-25
2.4894e-47
1.3188e-32
6.153e-33
0.00070983
6.631e-40
1.8904e-63
1.9127e-32
1.9039e-10
3.8072e-18
3.9524e-18
2.3261e-47
3.2423e-25
2.3564e-18
1.4407e-25
3.0553e-55
0.0011233
1.8904e-63
0.00050297
1.8904e-63
2.3137e-32
1.3874e-25
2.4275e-40
1.8008e-32
7.5106e-25
0.00085883
3.1182e-25
4.4237e-40
2.0532e-40
6.0764e-11
4.6362e-18
1.8904e-63
1.0745e-10
0.00063742
4.4649e-40
1.8904e-63
1.762e-39
2.9071e-25
3.8917e-32
7.6703e-40
1.9185e-32
1.8904e-63
1.2737e-47
2.5311e-25
6.3583e-11
1.0675e-47
2.1561e-47
1.8904e-63
4.6694e-11
6.3667e-25
1.8171e-18
1.295e-25
9.0528e-11
1.8904e-63
9.0606e-33
1.8904e-63
1.8726e-25
0.0015035
1.1211e-10
0.00086634
5.6055e-11
2.2363e-40
2.3479e-18
9.8278e-11
9.5601e-56
3.1754e-18
0.00068008
1.9111e-40
1.9443e-47
1.2233e-10
6.4007e-18
4.2892e-25
5.4597e-48
1.5446e-32
7.2646e-18
6.0674e-25
3.8352e-25
1.2396e-10
9.0818e-11
1.8904e-63
1.6202e-55
1.577e-47
3.9518e-18
1.0121e-10
1.3674e-32
6.9877e-11
6.6511e-18
0.0026394
5.5334e-18
5.521e-40
1.5605e-32
7.954e-11
2.0417e-18
1.8904e-63
2.3155e-25
2.001e-10
2.8973e-18
0.0020346
2.2131e-10
4.4865e-26
6.5328e-55
1.8904e-63
0.0048607
0.00043036
2.2027e-18
1.0604e-32
4.3367e-18
9.8668e-40
1.6797e-47
2.7386e-47
0.0011497
3.0531e-40
2.0764e-55
6.2553e-33
3.9908e-47
7.8811e-40
2.104e-40
2.6063e-40
4.6004e-32
1.8904e-63
1.5676e-31
1.8904e-63
1.8904e-63
8.6594e-11
2.737e-18
1.8904e-63
8.3315e-40
2.6111e-32
2.5656e-55
8.79e-48
0.0019477
2.163e-47
0.0047597
8.0271e-33
2.0454e-55
6.1662e-18
0.00050978
2.49e-47
2.1658e-10
7.243e-11
2.9042e-40
5.6755e-40
3.1239e-32
1.8123e-32
2.1693e-47
4.9665e-40
1.1399e-10
2.4958e-32
8.813e-48
1.8904e-63
1.9577e-25
1.8904e-63
1.0832e-39
1.8904e-63
3.9995e-55
1.7914e-55
5.8542e-18
1.8904e-63
1.9142e-18
2.7573e-32
3.621e-11
4.2691e-48
2.0203e-40
2.1078e-17
1.1616e-17
2.3667e-55
1.0582e-32
8.0076e-18
0.001513
1.051e-47
6.9757e-18
2.225e-55
0.0004424
2.4019e-55
1.8904e-63
5.2062e-40
3.559e-10
1.8904e-63
1.4294e-25
1.081e-47
1.8904e-63
7.4618e-11
1.0345e-47
2.517e-40
1.8904e-63
0.0010891
1.8904e-63
0.00081319
4.1608e-18
4.0825e-48
0.0015458
1.7485e-10
1.0769e-32
2.7717e-32
0.0017036
1.8904e-63
0.00018857
8.8509e-18
3.0308e-18
5.6989e-25
2.4159e-25
1.1508e-18
2.6436e-18
6.5391e-40
2.3611e-18
1.9096e-54
8.9589e-33
3.5579e-25
2.1119e-39
1.8904e-63
1.8904e-63
1.8904e-63
1.4859e-25
2.4672e-55
2.645e-40
3.0539e-25
3.4303e-39
1.6807e-32
9.8269e-55
1.9436e-32
3.618e-18
2.7853e-25
5.3135e-11
1.2157e-25
4.1505e-33
4.2138e-17
1.8904e-63
1.6046e-24
2.6511e-55
9.1844e-25
1.5345e-25
3.3391e-25
9.551e-18
2.9416e-18
0.0023109
1.8904e-63
2.2443e-25
4.6309e-40
1.0862e-32
2.6364e-25
0.00038761
1.8904e-63
1.8904e-63
1.8904e-63
3.1252e-25
2.9088e-11
7.9351e-56
4.4699e-33
1.5906e-25
1.8904e-63
2.8551e-18
1.8904e-63
1.8488e-25
1.8904e-63
2.1665e-32
1.8724e-24
1.8904e-63
1.0412e-25
9.0954e-33
0.00036743
0.00023906
1.3712e-17
2.8471e-47
3.1209e-18
8.5108e-40
7.6163e-18
1.8904e-63
1.8853e-10
1.0376e-10
8.547e-26
5.3849e-33
4.5317e-47
5.1516e-48
8.6552e-11
5.294e-40
0.00058724
2.588e-39
2.9778e-47
9.4766e-18
0.00084222
2.2263e-32
3.5841e-32
1.7741e-32
1.6402e-10
1.5603e-47
2.1725e-25
4.2221e-25
1.5122e-10
2.483e-25
1.683e-18
0.00049665
0.0011909
0.0017512
1.324e-10
2.3562e-10
3.4631e-18
3.0455e-25
7.5393e-33
3.0944e-11
5.7622e-11
6.4609e-48
1.8904e-63
4.5706e-18
0.0012583
3.2961e-47
3.4522e-11
0.001066
4.1872e-18
1.8904e-63
1.4833e-55
1.1513e-25
1.8904e-63
1.5929e-47
2.4545e-39
3.423e-40
4.5558e-40
4.9271e-33
2.9515e-10
3.0107e-40
8.2167e-18
1.8904e-63
0.00025085
0.0010757
1.7401e-47
1.66e-40
1.1065e-55
2.0611e-18
1.8904e-63
0.0021434
1.2179e-32
2.1094e-55
1.8904e-63
6.0375e-40
5.5099e-55
4.0236e-55
3.9529e-32
1.0993e-10
5.1707e-48
0.00096357
2.0324e-18
1.8904e-63
3.6482e-25
5.475e-33
3.1985e-47
1.2298e-55
1.2211e-39
1.8904e-63
1.0855e-47
0.0018576
1.8904e-63
4.1233e-18
7.1136e-26
5.4573e-32
6.8127e-11
6.3359e-11
0.0012014
1.6506e-25
6.0513e-40
7.9501e-11
1.2278e-47
3.5531e-47
2.1738e-25
1.0656e-54
1.8904e-63
1.416e-39
4.0239e-18
7.0486e-33
4.4506e-40
6.3948e-33
7.3474e-48
1.1735e-25
0.0007381
1.2074e-24
1.8904e-63
1.654e-25
2.5341e-47
1.0037e-25
2.469e-32
1.3313e-47
1.849e-32
1.8904e-63
2.2627e-47
0.000658
1.1654e-47
9.2679e-48
1.0891e-17
1.2201e-47
6.0483e-10
4.7745e-10
3.3975e-40
2.0402e-32
1.8904e-63
1.8904e-63
1.7448e-25
7.8208e-25
1.8904e-63
1.523e-25
5.8115e-11
8.8999e-11
2.1181e-25
3.4156e-25
2.2838e-32
7.8283e-18
1.8495e-32
2.5326e-40
1.7798e-10
0.0019923
2.7494e-55
0.0014632
4.5534e-33
1.8904e-63
9.7779e-11
1.1529e-55
1.3485e-32
7.5278e-48
1.5965e-40
6.2587e-18
1.2753e-47
1.8904e-63
1.8751e-55
1.3963e-10
1.5276e-40
4.7603e-11
1.8904e-63
0.0046876
1.8904e-63
9.5501e-55
4.1773e-25
0.0034578
6.1513e-18
1.8904e-63
1.534e-25
1.8904e-63
7.7759e-48
2.0485e-18
3.4878e-10
2.3152e-25
1.1284e-39
0.00065524
3.5054e-18
7.5727e-48
5.2811e-11
1.8904e-63
0.0007024
1.8904e-63
1.0688e-39
2.1313e-18
4.6464e-25
1.4179e-25
6.2633e-26
4.5036e-25
1.8904e-63
3.6885e-47
0.00086828
1.5575e-40
7.1371e-40
7.5606e-25
0.0011281
1.2935e-55
1.8904e-63
5.1419e-18
5.018e-40
7.7828e-33
1.9555e-39
7.1102e-55
1.4302e-25
1.8904e-63
2.884e-25
2.499e-32
1.8904e-63
1.8904e-63
1.2049e-25
1.8904e-63
2.073e-25
1.4519e-17
0.0019558
0.00052696
1.388e-55
1.8904e-63
1.3885e-10
2.6155e-40
1.8904e-63
9.247e-18
2.2425e-40
1.5624e-25
7.6738e-18
1.2741e-32
1.5161e-25
7.5829e-11
2.18e-32
0.0022544
7.8053e-48
8.1087e-40
4.9587e-48
1.8904e-63
1.0368e-39
2.4854e-40
1.3175e-39
1.9916e-40
9.5002e-33
1.8904e-63
2.7376e-18
3.0288e-18
4.2215e-11
1.056e-55
7.7298e-11
3.3129e-11
2.6018e-47
1.0656e-24
0.0017096
2.1813e-18
0.001744
1.2382e-17
9.7652e-48
0.00022591
8.2075e-33
2.3578e-32
1.8726e-55
1.8904e-63
5.9893e-48
1.0674e-25
0.0016069
1.8904e-63
1.8904e-63
3.2061e-32
2.6714e-55
0.00036644
1.9638e-32
3.9963e-25
2.2601e-32
1.8904e-63
3.6708e-40
1.2934e-25
0.00062875
0.0018984
