6.6557e-197
5.9835e-164
6.6557e-197
6.6557e-197
6.6557e-197
6.6557e-197
6.6557e-197
3.3947e-62
1.0246e-68
6.6557e-197
1.6373e-57
6.6557e-197
1.4059e-165
9.1453e-168
1.3108e-162
8.8859e-167
2.7329e-53
6.6557e-197
6.6557e-197
9.2173e-163
6.6557e-197
6.6557e-197
6.6557e-197
6.5481e-49
6.6557e-197
6.6557e-197
6.6557e-197
6.6557e-197
2.6408e-71
6.6557e-197
5.5747e-163
2.3821e-73
7.348e-85
6.6557e-197
6.8265e-166
5.3623e-69
6.6557e-197
3.173e-155
2.4768e-167
6.6557e-197
6.6557e-197
6.6557e-197
6.6557e-197
6.6557e-197
6.6557e-197
6.6557e-197
3.2075e-34
4.2206e-162
6.6557e-197
6.6561e-66
7.2997e-46
9.4664e-48
6.6557e-197
4.0851e-67
4.1952e-80
5.4382e-69
6.6557e-197
3.2046e-66
6.6557e-197
6.6557e-197
6.6557e-197
6.6557e-197
6.6557e-197
6.6557e-197
6.6557e-197
6.6557e-197
6.6557e-197
6.6557e-197
5.368e-174
6.6557e-197
6.6557e-197
1.4165e-151
6.6557e-197
7.8587e-40
6.6557e-197
6.6557e-197
1.7655e-58
5.9025e-48
6.6557e-197
6.6557e-197
2.273e-165
6.6557e-197
7.8151e-153
1.7645e-41
1.0249e-164
6.6557e-197
6.6557e-197
7.3735e-164
3.8832e-154
6.6557e-197
5.4273e-67
9.2984e-163
6.6557e-197
6.6557e-197
1.873e-164
6.6557e-197
6.6557e-197
1.598e-65
1.3417e-167
8.2218e-80
1.2586e-72
1.9687e-64
7.3817e-37
2.1419e-160
6.9028e-58
6.6557e-197
1.9632e-152
9.457e-162
9.0888e-152
2.2746e-48
8.1324e-66
6.6557e-197
6.6557e-197
1.479e-175
6.6557e-197
7.5326e-141
6.6557e-197
6.6557e-197
6.6557e-197
1.4805e-76
1.3179e-162
9.4518e-153
6.6557e-197
4.601e-172
6.6557e-197
6.6557e-197
4.9893e-144
6.6557e-197
6.6557e-197
6.6557e-197
2.6534e-71
6.6557e-197
1.9539e-81
3.4485e-65
6.6557e-197
3.1753e-162
6.6557e-197
6.6557e-197
6.6557e-197
1.3876e-158
6.6557e-197
9.9267e-161
6.6557e-197
1.3168e-175
7.3085e-148
7.7955e-166
1.6968e-65
6.6557e-197
6.6557e-197
6.6557e-197
3.08e-162
6.6557e-197
2.9931e-59
6.6557e-197
4.4446e-62
6.6557e-197
6.6557e-197
1.2618e-150
1.9404e-93
7.8635e-159
4.0765e-53
6.6557e-197
6.6557e-197
3.2916e-59
6.7394e-177
6.6557e-197
6.6557e-197
1.6348e-167
1.5517e-157
6.6557e-197
6.6557e-197
6.6557e-197
1.802e-158
4.0392e-157
6.6557e-197
6.2479e-166
1.2157e-156
1.96e-59
6.6557e-197
4.2508e-38
6.6557e-197
1.6887e-152
6.6557e-197
1.2929e-157
9.8965e-156
6.6557e-197
6.6557e-197
5.4194e-46
6.6557e-197
8.7266e-162
3.3491e-64
1.2173e-145
6.6557e-197
6.6557e-197
4.0975e-58
6.6557e-197
1.0628e-71
6.6557e-197
1.8859e-53
6.6557e-197
6.6557e-197
2.6718e-70
6.6557e-197
5.0089e-53
2.087e-155
1.0707e-41
4.0467e-83
6.6557e-197
1.6784e-146
6.6557e-197
6.6557e-197
6.6557e-197
6.6557e-197
6.6557e-197
6.6557e-197
6.6557e-197
1.2991e-158
6.6557e-197
6.6557e-197
5.3568e-71
6.6557e-197
3.4849e-140
6.6557e-197
1.5661e-78
1.5147e-78
6.6557e-197
6.6557e-197
1.7402e-145
4.5169e-81
6.6557e-197
6.6557e-197
6.6557e-197
2.5236e-62
6.6557e-197
6.6557e-197
2.5525e-70
4.3737e-64
6.6557e-197
6.6557e-197
6.6557e-197
9.2129e-168
3.1891e-170
6.6557e-197
6.6557e-197
6.6557e-197
2.1444e-69
2.8256e-32
6.6557e-197
6.6557e-197
2.5411e-162
6.6557e-197
6.6557e-197
6.6557e-197
2.4427e-61
6.6557e-197
1.6167e-75
6.6557e-197
6.6557e-197
3.7724e-13
5.6805e-153
6.6557e-197
6.6557e-197
6.6557e-197
6.6557e-197
2.3506e-79
6.6557e-197
2.0104e-75
1.7707e-53
3.778e-71
6.6557e-197
1.4243e-78
2.0353e-70
6.6557e-197
8.5283e-166
6.6557e-197
2.7132e-159
6.6557e-197
6.6557e-197
6.6557e-197
1.347e-154
6.6557e-197
6.6557e-197
6.6557e-197
4.2696e-79
3.1512e-162
6.6557e-197
1.311e-157
9.8992e-51
2.7797e-157
3.0673e-163
2.5652e-159
6.6557e-197
6.6557e-197
3.6772e-48
2.399e-60
6.6557e-197
6.6557e-197
3.6188e-71
3.3821e-81
1.969e-67
6.6557e-197
4.2434e-52
6.6557e-197
2.6133e-156
5.3376e-163
1.0614e-64
6.6557e-197
4.1131e-60
6.6557e-197
7.0832e-32
2.6626e-154
6.6557e-197
6.6557e-197
6.6557e-197
6.6557e-197
6.6557e-197
6.6557e-197
6.6557e-197
1.8613e-73
6.6557e-197
3.115e-67
6.6557e-197
3.4594e-155
6.6557e-197
6.6557e-197
6.6557e-197
6.6557e-197
1.2858e-59
6.6745e-76
6.6812e-178
2.0188e-151
2.3311e-170
3.5724e-63
6.6557e-197
6.6557e-197
1.4249e-165
6.6557e-197
4.3358e-172
6.6557e-197
4.0535e-42
6.6557e-197
5.0172e-30
2.4851e-167
6.6557e-197
2.9439e-171
1.346e-66
4.4277e-150
6.6557e-197
6.6557e-197
6.6557e-197
6.6557e-197
6.6557e-197
7.4988e-79
1.024e-163
6.6557e-197
1.1543e-57
3.4424e-57
4.4167e-78
6.6557e-197
1.518e-44
1.0211e-163
6.9676e-168
6.6557e-197
2.9154e-64
6.6557e-197
6.6557e-197
6.6557e-197
3.9826e-168
1.6908e-168
1.319e-60
6.6557e-197
2.0382e-157
6.6557e-197
1.0265e-42
6.6557e-197
6.9316e-172
1.7123e-72
5.0277e-161
5.9167e-85
9.3037e-156
6.6557e-197
1.0084e-151
6.6557e-197
6.6557e-197
2.807e-165
6.6557e-197
8.4132e-143
6.6557e-197
6.6557e-197
1.0775e-62
2.0884e-158
1.7322e-60
1.3703e-162
6.6557e-197
4.812e-59
1.7369e-165
6.6557e-197
4.6719e-164
1.0858e-66
3.928e-82
6.6557e-197
6.6557e-197
1.347e-48
1.7318e-87
6.6557e-197
8.302e-27
1.1133e-62
1.3088e-159
3.1559e-73
3.2949e-65
6.6557e-197
4.5508e-158
6.6557e-197
7.2028e-149
4.0175e-63
6.6557e-197
4.9508e-54
6.6557e-197
4.7577e-159
1.3294e-158
6.9154e-157
3.5884e-162
4.7932e-148
6.6557e-197
1.5034e-160
6.6557e-197
6.6557e-197
6.6557e-197
6.6557e-197
1.5619e-69
2.1842e-63
5.6606e-84
7.6413e-79
9.2595e-81
1.4322e-75
6.6557e-197
1.1996e-81
6.8848e-73
6.6557e-197
6.6557e-197
6.6557e-197
6.6557e-197
1.6001e-147
6.6557e-197
5.8846e-60
1.7593e-151
6.6557e-197
5.6795e-74
5.4313e-10
6.6557e-197
9.2304e-67
3.657e-47
6.6557e-197
6.6557e-197
6.6557e-197
2.5452e-13
6.6557e-197
6.6557e-197
4.336e-153
6.6557e-197
6.6557e-197
2.6346e-101
6.0691e-161
1.6665e-169
6.6557e-197
6.6557e-197
4.0088e-61
6.6557e-197
6.6557e-197
4.0188e-82
1.661e-47
6.6557e-197
6.6557e-197
6.6557e-197
4.1424e-153
6.6557e-197
6.6557e-197
2.0313e-163
7.8344e-161
6.6557e-197
6.6557e-197
1.1956e-43
6.6557e-197
3.3384e-26
8.1802e-51
3.4621e-56
1.3375e-165
2.7599e-63
8.3053e-75
6.6557e-197
6.6557e-197
4.193e-155
2.7916e-150
6.6557e-197
6.6557e-197
6.6557e-197
7.3882e-42
1.948e-145
9.495e-54
6.6557e-197
6.6557e-197
5.7962e-164
6.6557e-197
6.6557e-197
6.0391e-63
6.6557e-197
4.352e-74
6.6557e-197
1.5948e-69
6.6557e-197
2.2574e-84
6.6557e-197
6.6557e-197
6.6557e-197
6.6557e-197
5.9687e-71
2.5114e-41
6.6557e-197
1.6635e-62
1.0759e-85
4.6939e-82
6.6557e-197
6.6557e-197
4.1775e-81
6.6557e-197
1.62e-44
6.6557e-197
8.4777e-159
6.6557e-197
4.7033e-72
6.6557e-197
3.9138e-74
6.6557e-197
1.1607e-80
6.7463e-78
6.6557e-197
6.6557e-197
4.9018e-153
6.6557e-197
2.6205e-83
1.3983e-154
6.6557e-197
6.6557e-197
6.6557e-197
6.6557e-197
6.6557e-197
2.8571e-70
2.409e-165
6.6557e-197
5.7116e-169
6.6557e-197
2.4793e-96
1.6973e-156
5.5001e-87
6.6557e-197
4.5001e-56
1.8705e-71
6.6557e-197
1.2681e-165
1.1348e-53
8.0184e-76
5.1318e-64
6.6557e-197
6.6557e-197
3.4707e-156
6.6557e-197
4.42e-157
6.6557e-197
5.9225e-169
3.7756e-71
5.3063e-157
6.6557e-197
6.6557e-197
2.4387e-53
1.8351e-55
6.6557e-197
6.6557e-197
6.6557e-197
6.6557e-197
1.0719e-155
5.7292e-70
4.0562e-169
8.9473e-159
5.5044e-58
1.3511e-59
6.6557e-197
2.2155e-86
6.6557e-197
6.6557e-197
6.6557e-197
6.6557e-197
7.1676e-66
6.6557e-197
6.6557e-197
6.6557e-197
2.1444e-162
6.6557e-197
1.3602e-158
6.6557e-197
6.6557e-197
2.3404e-72
6.6557e-197
6.6557e-197
6.6557e-197
6.6557e-197
5.3392e-162
6.6557e-197
6.6557e-197
2.4956e-155
6.6557e-197
8.2002e-98
6.6557e-197
6.6557e-197
6.6557e-197
4.8034e-171
6.6557e-197
1.9124e-63
6.6557e-197
4.2779e-163
6.6557e-197
2.0967e-69
2.2769e-157
6.6557e-197
6.6557e-197
6.6557e-197
6.6557e-197
7.0707e-84
6.6557e-197
6.6557e-197
6.6557e-197
3.0054e-71
3.0511e-82
7.0063e-63
3.8082e-74
1.2187e-93
1.2356e-159
6.6557e-197
5.2345e-93
1.9299e-161
1.3207e-66
6.6557e-197
4.7403e-84
6.6557e-197
6.6557e-197
7.5543e-165
6.6557e-197
6.6557e-197
1.7124e-143
6.6557e-197
1.5934e-169
1.3761e-61
6.6557e-197
1.6901e-158
1.0422e-167
6.6557e-197
6.6557e-197
6.6557e-197
1.8888e-153
1.0435e-159
1.4143e-47
6.6557e-197
1.5454e-159
1.3202e-50
3.7273e-65
6.6557e-197
6.6557e-197
1.1796e-56
1.6164e-36
8.9119e-61
9.4096e-57
6.6557e-197
2.5884e-153
6.6557e-197
6.6557e-197
6.6557e-197
6.6557e-197
7.1411e-164
6.6557e-197
6.6557e-197
4.221e-59
6.6557e-197
2.7307e-59
6.6557e-197
6.6557e-197
3.296e-155
2.1818e-72
6.6557e-197
6.6557e-197
1.1666e-72
6.6557e-197
2.6042e-67
6.6557e-197
4.0523e-73
5.7727e-71
4.1467e-72
6.6557e-197
3.9465e-167
3.4475e-164
6.6557e-197
6.6557e-197
6.5961e-66
2.9039e-72
2.6733e-85
6.6557e-197
6.6557e-197
7.1898e-164
2.5039e-40
6.6557e-197
1.193e-173
5.597e-40
8.769e-177
6.6557e-197
6.6557e-197
6.6557e-197
6.6557e-197
1.3622e-64
5.079e-167
2.3762e-52
9.8271e-58
9.9756e-161
6.6557e-197
6.6557e-197
1.4814e-72
6.6557e-197
6.6557e-197
6.6557e-197
1.0616e-70
1.1877e-149
6.6557e-197
6.6557e-197
6.6557e-197
6.6557e-197
6.6557e-197
6.6557e-197
8.9226e-54
6.6557e-197
3.6152e-35
6.6557e-197
3.0873e-73
1.0484e-163
1.2947e-29
1.0003e-68
6.6557e-197
2.2905e-65
4.7245e-168
6.6557e-197
1.6217e-151
6.4169e-77
2.6176e-78
6.6557e-197
6.6557e-197
9.2788e-164
1.2337e-77
5.1024e-70
6.6557e-197
6.6557e-197
9.6166e-84
6.6557e-197
2.0678e-37
6.6557e-197
3.5342e-53
8.1905e-64
6.6557e-197
3.8225e-160
6.6557e-197
4.6215e-55
6.6557e-197
5.2344e-51
1.4649e-164
6.6557e-197
1.2257e-166
6.6557e-197
2.3712e-52
5.2856e-160
4.6691e-60
3.5701e-52
6.6557e-197
6.6557e-197
2.7601e-48
3.5689e-75
9.184e-50
1.9563e-90
6.6557e-197
6.6557e-197
6.6557e-197
6.6557e-197
3.528e-164
6.6557e-197
2.7907e-81
6.6557e-197
6.6557e-197
6.6557e-197
1.144e-59
2.0373e-36
1.0116e-59
1.0773e-84
2.4346e-83
6.6557e-197
6.6557e-197
1.5448e-165
6.6557e-197
6.6557e-197
6.6557e-197
6.6557e-197
8.4842e-71
6.6557e-197
6.6557e-197
3.1326e-67
6.6557e-197
1.7033e-169
6.6557e-197
6.6557e-197
1.1325e-62
6.6557e-197
6.6557e-197
6.6557e-197
9.3303e-72
6.6557e-197
1.2525e-69
6.6557e-197
3.4308e-154
6.6557e-197
1.6319e-46
1.0972e-165
9.4103e-70
6.6557e-197
6.6557e-197
1.2763e-70
6.6557e-197
6.6557e-197
1.5162e-171
6.6557e-197
6.6557e-197
2.3457e-162
2.8538e-162
6.6557e-197
6.6557e-197
2.2457e-162
4.0773e-55
6.6557e-197
6.6557e-197
6.6557e-197
6.3109e-50
6.6557e-197
2.1629e-67
3.5251e-37
6.6557e-197
9.2652e-54
6.6557e-197
5.1498e-165
6.6557e-197
2.1587e-55
5.6975e-45
6.6557e-197
6.6557e-197
2.6911e-66
6.6557e-197
1.8313e-159
5.2135e-59
7.8787e-35
6.6557e-197
1.8487e-61
6.6557e-197
6.6557e-197
6.6557e-197
6.6557e-197
6.6557e-197
6.6557e-197
9.9454e-162
6.6557e-197
6.6557e-197
1.6906e-50
6.6557e-197
6.6557e-197
6.7597e-169
6.6557e-197
2.4117e-162
2.883e-44
6.6557e-197
1.5931e-163
8.8349e-67
6.6557e-197
6.6557e-197
1.3625e-155
6.6557e-197
6.3511e-73
6.6557e-197
6.6557e-197
2.6816e-145
6.6557e-197
6.6557e-197
4.3285e-159
6.6557e-197
1.6719e-79
3.4809e-66
6.6557e-197
5.6663e-154
6.6557e-197
2.0515e-74
6.6557e-197
6.6557e-197
2.693e-141
6.6557e-197
6.6557e-197
6.6557e-197
6.6557e-197
6.6557e-197
2.8566e-69
6.6557e-197
6.6557e-197
1.3729e-62
5.7061e-161
6.6557e-197
7.1207e-61
6.6557e-197
6.6557e-197
1.233e-159
6.6557e-197
6.6557e-197
6.6557e-197
1.6521e-64
7.9218e-151
2.5767e-49
6.6557e-197
6.9944e-53
6.6557e-197
6.6557e-197
6.6557e-197
6.6557e-197
1.287e-156
6.6557e-197
2.3336e-171
1.7577e-54
3.5937e-156
6.6557e-197
6.6557e-197
1.0114e-54
6.6557e-197
6.3203e-64
6.6557e-197
6.6557e-197
6.6557e-197
6.6557e-197
6.8333e-164
5.3738e-161
6.6557e-197
1.1962e-77
6.6557e-197
6.6557e-197
6.6557e-197
6.6557e-197
4.8278e-165
3.5914e-161
8.7591e-44
6.6557e-197
3.9794e-166
5.2403e-58
1.2446e-170
6.6557e-197
6.6557e-197
7.3657e-62
6.6557e-197
9.9886e-84
6.6557e-197
3.2782e-50
1.3751e-27
9.1741e-89
9.4344e-170
6.6557e-197
7.4731e-59
3.7791e-82
1.0099e-172
6.6557e-197
1.2074e-82
6.6557e-197
6.6557e-197
1.0521e-164
1.2092e-46
6.6557e-197
6.6557e-197
4.7172e-158
1.0295e-34
3.5792e-146
3.5615e-158
6.6557e-197
6.6557e-197
9.5166e-157
6.6557e-197
6.6557e-197
6.6557e-197
6.6557e-197
6.6557e-197
1.7967e-170
2.4113e-158
1.2795e-160
2.4759e-67
6.6557e-197
9.5167e-72
6.6557e-197
3.1394e-79
6.6557e-197
2.5635e-62
9.7801e-170
1.1242e-156
6.6557e-197
6.6557e-197
6.6557e-197
6.6557e-197
8.7749e-46
1.6127e-68
3.7971e-164
9.3718e-70
1.1485e-40
4.4096e-57
6.6557e-197
1.3374e-164
1.6593e-66
6.6557e-197
6.6557e-197
6.6557e-197
4.0149e-65
6.6557e-197
6.6557e-197
6.6557e-197
6.6557e-197
6.6557e-197
3.4629e-161
3.6555e-162
4.0708e-152
2.8855e-162
6.6557e-197
6.6557e-197
6.6557e-197
2.3181e-174
1.0776e-158
5.1244e-170
6.6557e-197
6.6557e-197
6.6557e-197
1.4357e-168
6.6557e-197
1.9045e-146
1.2035e-80
1.2314e-55
6.6557e-197
2.7691e-48
3.5124e-158
6.6557e-197
6.6557e-197
6.6557e-197
2.1985e-96
6.6557e-197
1.5649e-154
8.3999e-163
2.3048e-87
5.6775e-169
7.223e-155
1.0402e-66
5.219e-63
7.2985e-78
6.6557e-197
1.0373e-170
6.6557e-197
1.1371e-161
2.3523e-65
6.6557e-197
6.6557e-197
6.6557e-197
2.111e-65
4.5605e-54
2.9655e-160
6.6557e-197
4.4542e-59
6.6557e-197
2.6647e-48
4.4652e-169
3.4276e-170
1.5068e-75
1.2148e-83
7.047e-163
6.6557e-197
1.6062e-66
8.0277e-165
6.6557e-197
3.013e-171
6.6557e-197
8.2311e-155
6.6557e-197
6.6557e-197
6.6557e-197
6.8371e-78
6.6557e-197
6.6557e-197
6.6557e-197
9.0622e-175
4.9485e-163
6.6557e-197
3.9112e-170
4.2583e-78
6.6557e-197
6.6557e-197
1.5079e-156
5.8441e-56
6.6557e-197
6.6557e-197
6.6557e-197
7.5116e-161
6.6557e-197
2.426e-58
6.6557e-197
6.6557e-197
6.6557e-197
1.5828e-151
9.0936e-171
6.6557e-197
4.0626e-73
2.0757e-175
6.6557e-197
6.6557e-197
6.6557e-197
9.7265e-163
6.6557e-197
6.6557e-197
6.6557e-197
4.4675e-89
3.5678e-158
6.6557e-197
1.5446e-75
6.6557e-197
6.6557e-197
6.6557e-197
6.6557e-197
3.0314e-46
6.6557e-197
6.6557e-197
7.0625e-163
4.374e-165
6.6557e-197
3.8788e-164
6.6557e-197
5.557e-166
6.6557e-197
6.8146e-32
7.4663e-171
2.8058e-160
7.5736e-64
2.194e-40
6.6557e-197
6.6557e-197
6.6557e-197
6.6557e-197
6.6557e-197
2.4861e-71
6.6557e-197
6.6557e-197
3.0955e-168
6.6557e-197
6.6627e-169
1.4502e-82
6.6557e-197
1.5308e-59
8.3581e-09
6.6557e-197
1.9831e-52
1.1401e-52
6.6557e-197
3.218e-60
1.0062e-167
1.1023e-166
6.6557e-197
6.6557e-197
6.6557e-197
2.5277e-70
1.2626e-58
3.3739e-163
9.1117e-80
5.2548e-39
6.6557e-197
6.6557e-197
6.6557e-197
6.6557e-197
6.6557e-197
1.1042e-63
1.052e-163
6.5917e-66
6.6557e-197
6.6557e-197
6.6557e-197
6.6557e-197
4.695e-57
6.6557e-197
6.6557e-197
2.5538e-167
6.6557e-197
1.9153e-156
6.6557e-197
3.4888e-168
6.6557e-197
6.6557e-197
6.6557e-197
6.6557e-197
1.7045e-161
9.0026e-62
7.3535e-44
6.8627e-170
6.6557e-197
4.4517e-56
6.6557e-197
1.6798e-51
6.6557e-197
6.6557e-197
6.6557e-197
6.6557e-197
1.3384e-50
6.6557e-197
6.6557e-197
5.2137e-34
1.7474e-53
1.0103e-147
6.6557e-197
2.9032e-49
2.649e-61
2.5842e-164
1.2847e-77
6.6557e-197
6.5752e-70
2.6846e-55
4.649e-70
6.6557e-197
3.716e-159
1.1015e-79
3.1958e-81
2.1767e-79
1.4783e-165
1.1874e-57
4.2965e-164
1.6274e-43
4.3691e-159
6.6557e-197
1.3946e-57
3.155e-69
6.6557e-197
2.9881e-45
6.6557e-197
1.7235e-156
7.819e-73
6.6557e-197
6.6557e-197
2.0925e-166
1.1174e-161
1.6328e-42
3.208e-147
6.6557e-197
6.6557e-197
6.6557e-197
2.8722e-81
6.6557e-197
6.6557e-197
6.6557e-197
6.6557e-197
6.6557e-197
6.6557e-197
5.6988e-169
1.1022e-149
6.6557e-197
6.6557e-197
3.1079e-77
8.3874e-45
3.2493e-60
6.6557e-197
2.3498e-156
6.6557e-197
6.6557e-197
1.6433e-168
1.4936e-163
6.6557e-197
6.6557e-197
3.0614e-54
7.0816e-39
6.6557e-197
6.6557e-197
6.6557e-197
1.3421e-147
6.6557e-197
6.6557e-197
6.6557e-197
5.0395e-55
1.7845e-70
6.2326e-56
6.6557e-197
9.3252e-159
3.9255e-169
8.0908e-82
1.2223e-78
1.8355e-66
2.0964e-80
9.9602e-169
6.6557e-197
6.6557e-197
6.6557e-197
1.4627e-160
6.6557e-197
2.7159e-55
1.3145e-74
6.6557e-197
6.6557e-197
3.6151e-170
5.9739e-68
4.918e-68
2.4799e-161
6.6557e-197
6.6557e-197
6.6557e-197
1.9986e-162
6.6557e-197
6.6557e-197
2.2162e-65
6.6557e-197
6.6557e-197
6.6557e-197
6.6557e-197
6.6557e-197
3.5209e-156
8.8074e-55
6.6557e-197
6.6557e-197
1.8484e-165
6.6557e-197
6.6557e-197
6.6557e-197
1.2714e-163
4.8367e-81
9.2628e-171
6.6557e-197
6.6557e-197
3.18e-70
4.9398e-62
6.6557e-197
8.8913e-154
1.5999e-71
1.9462e-151
6.6557e-197
6.6557e-197
6.6557e-197
2.5586e-55
6.6557e-197
6.6557e-197
4.8882e-75
6.6557e-197
6.6557e-197
3.7336e-77
6.8742e-154
5.3787e-164
6.6557e-197
4.5881e-78
6.6557e-197
5.1487e-162
1.078e-66
6.6557e-197
6.6557e-197
8.9576e-166
6.6557e-197
6.6557e-197
2.689e-61
3.6798e-159
1.7866e-163
6.6557e-197
5.5613e-78
3.8294e-152
6.5256e-74
4.2424e-44
1.0045e-31
6.6557e-197
6.6557e-197
1.7902e-71
1.2596e-78
8.0303e-154
6.6557e-197
6.6557e-197
6.6557e-197
2.2025e-160
6.6557e-197
6.6557e-197
2.0432e-160
6.6557e-197
6.6557e-197
5.2772e-45
5.2821e-83
1.5343e-162
7.1319e-82
6.6557e-197
6.6557e-197
3.0709e-163
1.4303e-155
6.6557e-197
6.6557e-197
1.3887e-53
2.3283e-72
6.6557e-197
1.6876e-66
7.2357e-160
2.6871e-169
6.6557e-197
2.6999e-161
6.6557e-197
6.5741e-162
3.0259e-162
1.2851e-70
5.8438e-61
6.6557e-197
7.7188e-151
2.4386e-90
6.6557e-197
6.6557e-197
2.6727e-150
6.6557e-197
6.7141e-161
1.0753e-156
2.6897e-167
6.6557e-197
6.6557e-197
1.3741e-83
2.3797e-163
6.6557e-197
6.6557e-197
6.6557e-197
9.3654e-164
6.6557e-197
4.3075e-69
1.0096e-53
6.2995e-42
6.6557e-197
2.7449e-66
9.1848e-50
4.4847e-158
6.6557e-197
4.3499e-48
6.6557e-197
6.6557e-197
6.6557e-197
6.3358e-35
1.6564e-58
2.1505e-63
6.6557e-197
3.3064e-160
3.6524e-75
6.6557e-197
3.8372e-161
3.4114e-68
8.1531e-158
9.8738e-159
6.6557e-197
8.2342e-80
1.2504e-159
6.6557e-197
4.3433e-45
6.6557e-197
6.6557e-197
6.6557e-197
2.8168e-45
9.2385e-51
6.6557e-197
2.0862e-169
6.6557e-197
8.6725e-158
3.647e-163
2.3793e-71
1.5224e-68
6.6557e-197
6.6557e-197
1.8697e-93
2.9743e-56
3.9238e-65
1.0299e-169
6.6557e-197
3.3499e-154
7.9254e-58
1.5943e-35
1.5572e-60
1.042e-58
6.6557e-197
6.6557e-197
8.4112e-69
6.6557e-197
6.6557e-197
6.6557e-197
6.6557e-197
3.0077e-43
6.6557e-197
6.6557e-197
1.0116e-63
6.6557e-197
2.9216e-165
1.582e-156
1.4208e-63
6.6557e-197
6.6557e-197
6.6557e-197
7.8459e-78
2.4089e-156
6.6557e-197
6.6557e-197
4.7273e-85
6.6557e-197
2.8903e-164
6.6557e-197
6.6557e-197
6.6557e-197
6.6557e-197
6.6557e-197
6.6557e-197
6.6557e-197
6.6557e-197
1.1563e-76
1.2153e-153
6.6557e-197
4.5509e-70
6.6557e-197
6.6557e-197
6.6557e-197
5.9524e-40
3.4252e-73
6.6557e-197
4.7036e-54
6.6557e-197
6.6557e-197
6.6557e-197
6.3669e-170
1.5881e-164
6.6557e-197
3.6034e-148
5.3396e-164
6.6557e-197
6.6557e-197
6.6557e-197
3.9674e-157
6.6557e-197
6.6557e-197
6.6557e-197
6.6557e-197
1.8629e-165
6.6557e-197
6.6557e-197
6.6557e-197
6.6557e-197
1.0786e-35
6.6557e-197
4.668e-65
1.305e-88
4.6834e-60
2.4954e-159
6.6557e-197
6.6557e-197
6.6557e-197
6.6557e-197
6.6557e-197
2.172e-155
6.6557e-197
1.649e-165
2.1862e-157
6.6557e-197
6.6557e-197
3.6948e-171
2.5269e-174
2.4087e-76
1.8049e-159
5.2472e-164
2.5402e-63
9.877e-174
2.0909e-161
4.0851e-70
1.1457e-73
2.4847e-50
9.3515e-67
6.6557e-197
6.6557e-197
6.6557e-197
6.6557e-197
1.4821e-61
6.6557e-197
6.6557e-197
6.6557e-197
6.6557e-197
2.2973e-76
6.6557e-197
8.5091e-162
2.6783e-66
6.6557e-197
2.0381e-155
8.1416e-69
3.5773e-165
1.5635e-66
1.8518e-154
7.483e-170
4.5087e-156
6.6557e-197
9.4803e-31
6.6557e-197
4.6615e-63
5.1908e-63
1.6486e-164
1.3132e-63
6.6557e-197
6.6557e-197
2.8295e-34
6.6557e-197
8.7509e-165
4.5111e-82
3.3358e-165
2.1304e-75
2.9493e-44
6.6557e-197
6.6557e-197
9.8183e-144
6.6557e-197
6.6557e-197
7.4797e-153
2.362e-79
2.696e-165
7.9169e-49
1.1646e-51
1.2532e-83
6.6557e-197
6.6557e-197
2.0017e-77
6.6557e-197
1.5086e-168
6.6557e-197
3.0359e-163
6.6557e-197
6.9505e-170
1.9091e-157
1.5432e-173
6.6557e-197
6.6557e-197
6.6557e-197
6.0304e-41
4.0263e-168
7.4137e-65
2.6791e-171
6.6557e-197
3.9117e-169
6.6557e-197
2.6582e-59
6.4793e-153
7.7324e-53
2.6189e-35
1.8999e-168
2.5854e-155
6.6557e-197
1.5314e-48
6.4559e-154
6.6557e-197
1.6359e-64
5.5913e-62
9.4102e-162
1.0203e-20
1.2989e-60
6.6557e-197
6.6557e-197
1.0499e-67
6.6557e-197
6.6557e-197
1.2004e-171
6.6557e-197
9.6605e-75
6.6557e-197
5.744e-73
4.78e-55
6.6557e-197
6.8665e-71
6.6557e-197
6.6557e-197
6.6557e-197
2.0935e-164
1.039e-59
6.6557e-197
1.5866e-163
6.6557e-197
6.6557e-197
6.6557e-197
6.6557e-197
6.6557e-197
6.6557e-197
2.4807e-73
6.6557e-197
1.7237e-67
1.2019e-156
6.6557e-197
6.6557e-197
1.8163e-149
2.1142e-142
8.3347e-164
4.3134e-166
3.3885e-75
6.6557e-197
5.4785e-69
6.6557e-197
8.5368e-30
5.0122e-70
6.6557e-197
5.2159e-87
6.6557e-197
6.6557e-197
5.4852e-155
5.5118e-61
5.9704e-57
6.6557e-197
3.4008e-162
6.6557e-197
4.2219e-158
2.4929e-161
6.2051e-55
1.9845e-164
1.6121e-75
6.6557e-197
6.6557e-197
9.04e-158
6.6557e-197
1.9787e-81
6.6557e-197
6.6557e-197
5.8821e-79
3.6371e-64
1.1383e-53
6.6557e-197
6.3199e-161
6.6557e-197
3.1691e-167
6.6557e-197
8.2469e-169
8.6599e-166
6.6557e-197
9.2405e-161
2.9982e-166
1.764e-161
3.1087e-171
6.6557e-197
8.6346e-48
6.0109e-73
1.0166e-158
6.6557e-197
2.006e-164
6.6557e-197
1.8223e-74
3.0398e-69
2.2313e-166
6.6557e-197
6.6557e-197
6.6557e-197
6.6557e-197
6.6557e-197
6.6557e-197
9.6028e-39
1.8276e-164
1.5712e-82
6.8992e-173
3.814e-80
6.6557e-197
5.6548e-29
6.6557e-197
6.6557e-197
6.6557e-197
6.6557e-197
6.6557e-197
6.6557e-197
7.4948e-156
6.6557e-197
6.6557e-197
6.6557e-197
6.6557e-197
6.0258e-171
6.8759e-59
6.6557e-197
6.0915e-157
6.6557e-197
8.0211e-82
6.6557e-197
8.7395e-162
6.6557e-197
6.6557e-197
6.6557e-197
6.6557e-197
6.6557e-197
2.5824e-161
5.2083e-176
6.6557e-197
6.6557e-197
3.9688e-163
5.7476e-52
1.8566e-165
1.9572e-165
6.6557e-197
8.788e-152
9.753e-166
5.0092e-33
6.6557e-197
6.6557e-197
6.6557e-197
6.6557e-197
6.6557e-197
1.7695e-58
3.3268e-76
6.6557e-197
6.6557e-197
7.9964e-166
7.8438e-72
6.6557e-197
6.6557e-197
6.6557e-197
6.6557e-197
3.5125e-166
5.6712e-58
7.838e-48
6.6557e-197
6.6557e-197
6.6557e-197
5.6668e-59
6.6557e-197
3.9189e-95
6.6557e-197
4.7112e-163
6.6557e-197
6.6557e-197
1.2612e-72
3.5736e-61
6.6557e-197
2.5929e-32
6.6557e-197
6.6557e-197
6.6557e-197
3.4525e-76
1.0988e-152
3.4767e-162
1.3373e-87
6.6557e-197
6.6557e-197
4.4327e-164
6.6557e-197
6.6557e-197
6.6557e-197
6.6557e-197
1.4952e-72
6.6557e-197
2.33e-160
5.0675e-67
6.6557e-197
3.1765e-154
3.5694e-162
3.1692e-77
8.5396e-162
1.2231e-164
6.6557e-197
6.6557e-197
3.9505e-42
1.5788e-68
6.6557e-197
6.7323e-167
1.4702e-167
1.1146e-54
2.6132e-167
6.6557e-197
6.6557e-197
9.9888e-168
6.6557e-197
4.7553e-166
6.6557e-197
1.8262e-153
5.9343e-163
1.119e-96
1.4659e-158
1.1502e-66
6.6557e-197
6.6557e-197
3.3596e-63
2.1164e-163
6.6557e-197
6.6557e-197
4.3479e-170
6.6557e-197
9.9637e-168
6.6557e-197
6.6557e-197
6.6557e-197
1.7106e-80
6.6557e-197
6.6557e-197
6.6557e-197
2.2962e-159
6.6557e-197
4.8139e-33
6.6557e-197
6.6557e-197
6.6557e-197
6.3471e-175
6.6557e-197
6.6557e-197
6.6557e-197
1.6991e-160
6.6557e-197
1.1041e-62
6.6557e-197
6.6557e-197
6.6557e-197
1.4678e-159
2.6018e-90
6.6557e-197
6.6557e-197
2.546e-167
1.4788e-76
6.6557e-197
6.6557e-197
6.6557e-197
6.6557e-197
6.6557e-197
1.0307e-52
6.6557e-197
4.4645e-157
6.0009e-77
6.6557e-197
6.6557e-197
1.8314e-61
6.6557e-197
6.6557e-197
6.6557e-197
6.6557e-197
6.6557e-197
6.6557e-197
5.9115e-154
6.6557e-197
6.6557e-197
2.3949e-154
6.6557e-197
1.1983e-157
9.667e-168
6.6557e-197
6.6557e-197
6.6557e-197
9.6283e-72
6.6557e-197
3.541e-56
1.4802e-67
6.6557e-197
6.6557e-197
6.6557e-197
6.6557e-197
6.6557e-197
6.6557e-197
3.3832e-25
8.7761e-147
2.2748e-73
1.2156e-54
6.6557e-197
7.5883e-73
1.9867e-77
2.6675e-162
6.6557e-197
6.6557e-197
3.0065e-141
4.2429e-57
6.6557e-197
2.3055e-42
1.7336e-41
6.6557e-197
6.6557e-197
6.6557e-197
6.6557e-197
6.6557e-197
9.4779e-34
1.9598e-151
3.3687e-53
1.8308e-65
3.4502e-14
6.6557e-197
1.7585e-161
8.8014e-57
6.6557e-197
6.6557e-197
6.9256e-52
2.1963e-164
2.4259e-76
6.6557e-197
2.1467e-161
1.7714e-155
6.6557e-197
1.892e-159
6.6557e-197
6.6557e-197
3.1336e-156
6.6557e-197
6.4271e-162
1.2803e-70
6.6557e-197
5.1255e-172
6.6557e-197
1.0032e-51
1.0905e-76
8.3384e-68
1.2823e-155
6.6557e-197
2.6083e-75
6.6557e-197
6.2841e-154
6.6557e-197
6.6557e-197
8.6791e-29
6.6557e-197
6.6557e-197
6.6557e-197
6.6557e-197
1.0366e-172
3.096e-154
2.5733e-74
1.5117e-156
6.6557e-197
4.5079e-57
6.6557e-197
2.76e-156
1.1982e-38
6.6557e-197
6.6557e-197
5.9501e-152
6.6557e-197
1.0198e-153
6.6557e-197
7.5973e-172
2.3005e-67
2.5201e-164
6.6557e-197
6.6643e-158
2.9501e-155
2.3865e-173
6.6557e-197
6.6557e-197
4.6627e-63
6.6557e-197
6.6557e-197
6.6557e-197
6.6557e-197
6.6557e-197
4.8558e-59
6.6557e-197
7.2541e-78
4.5902e-157
6.4334e-161
5.7009e-162
1.2455e-57
6.6557e-197
6.6557e-197
9.7809e-65
6.6557e-197
6.6557e-197
2.1022e-161
6.6557e-197
6.6557e-197
6.6557e-197
9.6251e-41
6.6557e-197
2.6683e-58
6.6557e-197
6.6557e-197
6.6557e-197
1.5045e-158
6.6557e-197
3.5064e-77
6.6557e-197
6.6557e-197
1.7794e-72
2.7503e-91
1.6275e-50
6.6557e-197
6.6557e-197
9.49e-65
6.6557e-197
6.6557e-197
6.8098e-161
6.6557e-197
6.6557e-197
1.1568e-159
2.4009e-52
6.6557e-197
9.9471e-161
4.1545e-66
3.4536e-157
1.0425e-153
2.2616e-159
6.2748e-161
6.6557e-197
6.6557e-197
1.5316e-75
6.6557e-197
1.2319e-72
6.6557e-197
4.7834e-98
4.8363e-45
6.6557e-197
6.6557e-197
6.6557e-197
6.6557e-197
3.7962e-61
6.6557e-197
5.546e-164
5.4155e-155
1.2186e-161
6.6557e-197
6.6557e-197
6.6557e-197
6.6557e-197
1.2222e-139
1.4365e-73
6.6557e-197
9.1626e-62
5.99e-166
6.6557e-197
7.2898e-157
6.4239e-73
6.6557e-197
1.7667e-58
1.6753e-157
2.6151e-62
5.9459e-90
6.6557e-197
1.1725e-55
6.6557e-197
1.0922e-51
6.6557e-197
2.7062e-41
6.6557e-197
1.2883e-165
3.2898e-65
6.6557e-197
3.333e-29
6.6557e-197
4.2373e-45
8.4027e-57
7.9037e-155
6.6557e-197
6.6557e-197
6.6557e-197
3.293e-158
6.6557e-197
6.6557e-197
6.6557e-197
6.6557e-197
6.6557e-197
6.6557e-197
6.6557e-197
6.6557e-197
2.1577e-158
6.6557e-197
2.1379e-34
1.0403e-54
4.1091e-155
2.9979e-162
6.6557e-197
1.7435e-158
1.0671e-166
6.6557e-197
6.6557e-197
6.6557e-197
4.2977e-144
1.212e-67
6.6557e-197
6.6557e-197
6.028e-48
6.6557e-197
6.6557e-197
1.2132e-164
6.6557e-197
6.6557e-197
6.6557e-197
1.5886e-166
1.2778e-168
6.6557e-197
6.6557e-197
1.1954e-171
6.6557e-197
3.1001e-162
6.6557e-197
6.7985e-27
6.6557e-197
6.6557e-197
6.7253e-82
2.3064e-167
6.6557e-197
1.7996e-50
2.8096e-59
6.6557e-197
4.5694e-166
6.6557e-197
6.6557e-197
6.6557e-197
7.0137e-157
6.6557e-197
6.6557e-197
6.6557e-197
2.515e-155
9.8533e-58
6.6557e-197
2.0482e-46
6.6557e-197
1.122e-154
6.6557e-197
6.6557e-197
6.6557e-197
6.6557e-197
2.4149e-57
2.0011e-60
5.1487e-147
6.6557e-197
1.5257e-163
1.7319e-68
2.9322e-81
1.2111e-157
1.2441e-155
2.7219e-153
9.7193e-158
2.3593e-154
1.2514e-65
6.6557e-197
6.7591e-43
3.8517e-161
6.6716e-167
4.1575e-149
5.5863e-164
6.6557e-197
1.3434e-166
6.6557e-197
6.6557e-197
6.6557e-197
3.2647e-162
4.8842e-169
2.3988e-62
6.6557e-197
4.38e-168
6.8478e-163
6.6557e-197
6.6557e-197
6.2673e-157
8.627e-50
1.1813e-44
5.619e-157
1.9898e-47
5.7613e-159
9.6694e-153
6.6557e-197
1.9734e-172
6.6557e-197
3.3195e-162
2.3233e-158
6.6557e-197
6.6557e-197
5.4154e-63
3.7928e-41
5.0211e-155
6.9457e-150
6.6557e-197
6.6557e-197
1.0124e-165
6.6557e-197
5.14e-50
6.7932e-170
6.6557e-197
3.4843e-74
3.2801e-71
6.6557e-197
6.6557e-197
2.704e-31
6.6557e-197
2.4728e-68
6.4956e-79
5.6555e-82
8.1119e-167
9.8649e-55
1.0695e-36
2.3321e-74
6.6557e-197
1.865e-151
1.0395e-79
6.6557e-197
1.3029e-67
6.6557e-197
1.0444e-46
2.2954e-141
1.1576e-76
1.3178e-169
6.6557e-197
9.7049e-156
6.6557e-197
7.7914e-66
2.5923e-67
6.6557e-197
2.0531e-163
6.6557e-197
6.6557e-197
1.5107e-70
6.6557e-197
6.6557e-197
5.519e-175
1.0529e-54
1.8221e-58
3.9783e-159
6.6557e-197
5.35e-75
6.6557e-197
6.6557e-197
8.6097e-50
6.6557e-197
3.9027e-64
6.6557e-197
2.4987e-68
1.1305e-162
6.6557e-197
6.6557e-197
6.6557e-197
6.6557e-197
2.2015e-160
6.6557e-197
1.8155e-161
2.1814e-77
2.2028e-156
6.6557e-197
4.2281e-158
2.3757e-43
1.7466e-82
1.0804e-55
6.6557e-197
6.6557e-197
6.6557e-197
1.9344e-170
7.9737e-35
7.8415e-84
2.7355e-162
6.6557e-197
6.6557e-197
2.016e-165
6.6557e-197
6.6557e-197
6.6557e-197
1.058e-163
1.9942e-156
6.6557e-197
6.6557e-197
3.9829e-84
1.3415e-63
2.8523e-164
2.9036e-149
6.6557e-197
1.784e-165
6.6557e-197
6.6557e-197
6.6557e-197
6.6557e-197
9.023e-66
6.6557e-197
1.5396e-167
9.1145e-158
1.9866e-69
6.6557e-197
6.6557e-197
3.6881e-78
6.6557e-197
1.0988e-158
6.0842e-156
6.6557e-197
6.6557e-197
6.6557e-197
6.6557e-197
1.9553e-42
6.6557e-197
1.2435e-161
1.6006e-75
6.6557e-197
1.3413e-144
6.6557e-197
1.5903e-68
6.6557e-197
6.6557e-197
6.6557e-197
6.6557e-197
6.6557e-197
6.6557e-197
3.0391e-59
6.6557e-197
6.9113e-164
6.6557e-197
2.3968e-55
1.6207e-165
6.6557e-197
4.4873e-75
6.6557e-197
6.6557e-197
6.6557e-197
2.7455e-70
6.6557e-197
6.6557e-197
6.6557e-197
1.4524e-74
7.4234e-66
6.8008e-46
6.6557e-197
1.2629e-154
6.6557e-197
6.6557e-197
1.0138e-79
4.6123e-85
6.6557e-197
6.6557e-197
6.6557e-197
6.6557e-197
6.6557e-197
1.0213e-57
6.6557e-197
6.6557e-197
9.092e-68
6.6557e-197
7.805e-162
6.6557e-197
3.4248e-167
6.6557e-197
6.6557e-197
6.6557e-197
6.6557e-197
6.9992e-72
6.6557e-197
6.6557e-197
5.0614e-157
6.6557e-197
2.2392e-60
6.6557e-197
6.6557e-197
6.6557e-197
6.6557e-197
6.6557e-197
6.6557e-197
8.8186e-52
2.8573e-47
6.6557e-197
1.0895e-69
6.6557e-197
1.114e-169
1.2008e-162
3.5151e-159
6.6557e-197
6.6557e-197
6.6557e-197
1.9242e-36
6.6557e-197
4.1709e-166
7.5533e-65
1.0856e-71
4.6106e-83
7.9e-83
3.3706e-79
6.6557e-197
4.6943e-71
6.6557e-197
2.7129e-142
6.6557e-197
6.6557e-197
6.6557e-197
6.6557e-197
7.1151e-69
6.8439e-171
6.6557e-197
6.6557e-197
4.2009e-66
6.6557e-197
6.6557e-197
2.3697e-67
1.468e-159
6.6557e-197
3.7115e-71
6.6557e-197
5.1263e-161
9.0153e-79
7.8161e-154
2.7344e-167
6.6557e-197
6.6557e-197
6.6557e-197
6.6557e-197
1.2013e-65
1.2032e-54
6.6557e-197
6.6557e-197
2.6207e-168
7.7649e-173
6.6557e-197
7.7958e-60
6.6557e-197
1.9092e-170
1.9446e-161
3.748e-69
3.2313e-44
6.6557e-197
6.6557e-197
6.6557e-197
9.4954e-162
6.6557e-197
6.6557e-197
6.6557e-197
7.8409e-164
1.0731e-170
6.6557e-197
6.6557e-197
6.6557e-197
6.6557e-197
6.6557e-197
6.6557e-197
1.1019e-83
1.2181e-168
6.6557e-197
4.1545e-165
6.9377e-88
1.1528e-157
1.5548e-76
8.2572e-83
9.3903e-160
6.6557e-197
7.8874e-159
6.6557e-197
8.2475e-77
6.6557e-197
5.7431e-62
3.17e-165
6.6557e-197
6.6557e-197
2.098e-161
1.1002e-162
6.6557e-197
1.1305e-160
6.6557e-197
3.112e-166
6.6557e-197
6.6557e-197
2.8407e-50
6.6557e-197
1.571e-158
8.4207e-169
8.2101e-67
6.8591e-76
6.6557e-197
1.1812e-165
6.6557e-197
5.0997e-152
6.6557e-197
6.6557e-197
6.6557e-197
6.6557e-197
6.6557e-197
5.2933e-37
1.4515e-166
4.603e-161
2.2391e-167
6.6557e-197
4.2876e-168
6.6557e-197
7.3566e-151
3.8556e-168
6.6557e-197
6.6557e-197
1.0725e-74
6.6557e-197
6.6557e-197
6.6557e-197
5.7123e-159
1.3942e-42
2.7801e-67
6.2288e-153
1.8415e-57
6.6557e-197
5.3283e-164
6.6557e-197
1.9872e-43
6.362e-157
2.4499e-161
6.6557e-197
1.8116e-148
6.6557e-197
6.6557e-197
1.8502e-65
6.649e-163
2.0485e-57
6.6557e-197
6.6557e-197
6.6557e-197
1.3276e-172
1.0431e-79
8.307e-70
3.6684e-171
6.6557e-197
3.9601e-69
7.2516e-65
6.6557e-197
6.6557e-197
6.6557e-197
6.6557e-197
1.0102e-169
1.6158e-142
3.5082e-171
5.5277e-54
2.0776e-56
6.6557e-197
1.0215e-32
1.143e-170
4.3498e-167
3.4205e-72
1.2657e-163
2.0341e-172
2.458e-73
6.6557e-197
5.713e-23
6.6557e-197
4.7461e-148
6.6557e-197
6.6557e-197
6.6557e-197
6.6557e-197
6.6557e-197
6.6557e-197
6.6557e-197
6.6557e-197
5.6795e-60
6.6557e-197
6.6557e-197
6.6557e-197
1.3323e-149
6.6557e-197
1.2343e-79
3.7303e-76
5.9969e-172
1.7229e-73
1.8069e-65
1.0504e-54
2.7272e-166
6.6557e-197
7.334e-164
6.6557e-197
6.6557e-197
6.8242e-81
3.4449e-161
6.6557e-197
3.3915e-64
6.6557e-197
6.6557e-197
6.6557e-197
3.1239e-42
6.6557e-197
9.5354e-74
6.6557e-197
2.9875e-154
6.7531e-111
1.5817e-154
6.6557e-197
6.6557e-197
2.5055e-152
1.4134e-40
8.1788e-31
6.6557e-197
7.7887e-72
7.3477e-155
2.4429e-39
6.6557e-197
1.9434e-69
6.6557e-197
6.6557e-197
1.3253e-27
2.5574e-88
6.6557e-197
6.6557e-197
2.0137e-164
6.6557e-197
3.8905e-171
5.4193e-51
6.6557e-197
6.6557e-197
6.6557e-197
6.6557e-197
1.3395e-83
6.6557e-197
6.6557e-197
6.7234e-66
6.6557e-197
6.6557e-197
6.6557e-197
9.711e-71
6.6557e-197
6.6557e-197
2.6933e-160
1.7088e-69
6.6557e-197
6.6557e-197
6.6557e-197
3.686e-166
6.6557e-197
3.5858e-54
6.6557e-197
2.1473e-53
1.7791e-54
6.6557e-197
1.2859e-67
6.6557e-197
1.2071e-62
6.6557e-197
6.6557e-197
3.1278e-165
2.1693e-26
4.5828e-149
6.6557e-197
6.6557e-197
6.6557e-197
4.7369e-159
6.6557e-197
1.3251e-161
2.2835e-152
6.6557e-197
1.0287e-77
7.4034e-46
6.6557e-197
6.6557e-197
1.24e-157
5.4544e-153
6.6557e-197
1.6912e-64
6.6557e-197
6.6557e-197
6.6557e-197
6.6557e-197
8.5393e-158
6.6557e-197
3.1694e-69
6.6557e-197
6.6557e-197
6.6557e-197
6.6557e-197
6.6557e-197
6.6557e-197
6.6557e-197
1.254e-73
9.1635e-161
2.092e-90
9.865e-64
6.6557e-197
6.6557e-197
6.9707e-98
6.6557e-197
1.7173e-38
2.1888e-167
1.7876e-172
6.6557e-197
2.317e-165
3.0016e-37
6.6557e-197
6.6557e-197
3.4321e-164
1.2564e-150
6.6557e-197
6.6557e-197
5.7296e-166
3.4878e-71
6.6557e-197
6.6557e-197
5.4879e-81
6.6557e-197
2.025e-83
6.6557e-197
6.6557e-197
9.2143e-56
6.6557e-197
6.6557e-197
6.6557e-197
6.6557e-197
6.6557e-197
6.6557e-197
5.0077e-68
2.2088e-78
1.6939e-148
6.6557e-197
6.6557e-197
6.6557e-197
5.8865e-64
6.6557e-197
3.3246e-79
6.6557e-197
7.6724e-170
6.6557e-197
6.6557e-197
4.1499e-74
2.3271e-165
6.6557e-197
6.1715e-79
6.6557e-197
6.6557e-197
1.5719e-162
6.6557e-197
2.1804e-165
2.7651e-48
3.2711e-84
9.2472e-169
6.6557e-197
6.6557e-197
6.6557e-197
6.6557e-197
4.069e-171
8.1978e-73
2.0356e-70
3.0511e-37
3.3833e-84
4.6841e-49
6.6557e-197
6.6557e-197
6.6557e-197
3.5504e-150
6.6557e-197
2.3546e-140
6.6557e-197
1.0028e-159
8.8818e-154
6.6557e-197
2.0681e-165
1.6392e-54
2.8383e-63
6.6557e-197
6.3036e-72
5.9223e-51
6.6557e-197
6.6557e-197
9.271e-72
1.5327e-75
1.5625e-158
6.6557e-197
1.9723e-66
9.3169e-66
1.4885e-65
6.6557e-197
4.6219e-58
9.2223e-33
1.4873e-164
3.7021e-169
6.6557e-197
6.6557e-197
8.0171e-149
6.6557e-197
2.7279e-82
1.4712e-151
9.0879e-165
9.6533e-44
6.6557e-197
6.6557e-197
6.6557e-197
1.9929e-23
8.5349e-61
7.2003e-48
6.6557e-197
6.164e-70
7.684e-86
6.6557e-197
6.6557e-197
3.445e-33
6.6557e-197
5.0655e-152
9.2482e-40
2.8349e-91
2.1806e-77
6.6557e-197
6.6557e-197
6.6557e-197
6.6557e-197
6.6557e-197
6.6557e-197
6.6557e-197
6.6557e-197
6.6557e-197
6.1781e-85
6.6557e-197
6.6557e-197
6.6557e-197
6.6557e-197
6.6557e-197
6.6557e-197
4.2365e-73
5.7583e-164
1.1817e-50
7.6027e-75
6.6557e-197
6.6557e-197
6.6557e-197
6.6557e-197
6.6557e-197
6.6557e-197
6.6557e-197
6.6557e-197
6.6557e-197
6.6557e-197
8.8691e-72
6.6557e-197
5.0569e-66
7.4528e-163
6.6557e-197
1.5981e-28
1.0099e-50
3.3238e-161
4.9423e-165
6.6557e-197
6.6557e-197
3.3595e-53
6.7052e-70
6.6557e-197
1.1634e-61
6.6557e-197
1.2435e-163
2.8024e-152
3.272e-173
1.5066e-158
2.3314e-33
6.6557e-197
6.6557e-197
6.6557e-197
2.9605e-177
4.4317e-74
1.2222e-163
1.6074e-50
6.6557e-197
6.6557e-197
4.6328e-171
1.3037e-159
2.4919e-164
6.6557e-197
6.6557e-197
6.6557e-197
1.065e-53
4.6342e-77
6.6557e-197
6.6557e-197
6.6557e-197
7.7359e-167
6.6557e-197
4.25e-160
2.5841e-157
2.2987e-149
1.2174e-70
2.2288e-58
3.4027e-76
3.8596e-167
6.6557e-197
1.9324e-77
1.8788e-157
6.6557e-197
5.811e-163
6.6557e-197
3.9254e-24
6.6557e-197
1.3257e-166
6.6557e-197
6.6557e-197
4.1281e-161
2.7178e-67
6.6557e-197
6.6557e-197
6.6557e-197
4.6841e-171
1.6325e-56
6.1576e-158
1.4933e-152
1.0255e-67
6.6557e-197
6.6557e-197
1.0639e-161
6.6557e-197
6.6557e-197
9.4665e-59
4.2528e-54
6.6557e-197
4.2545e-45
4.9521e-165
2.9442e-163
6.6557e-197
2.8122e-165
1.567e-53
9.5669e-58
3.8897e-152
6.6557e-197
6.6557e-197
6.6557e-197
6.6557e-197
6.6557e-197
2.034e-76
6.6557e-197
4.2723e-75
6.4191e-61
6.6557e-197
1.6909e-64
1.6344e-52
6.6557e-197
6.6557e-197
9.6526e-82
6.6557e-197
5.0498e-166
1.7498e-151
5.1169e-51
6.6557e-197
6.6557e-197
1.1277e-164
1.4727e-168
2.358e-164
6.6557e-197
1.0244e-167
3.7476e-170
1.3162e-164
6.6557e-197
6.6557e-197
4.1942e-168
9.9176e-161
3.9901e-62
6.6557e-197
3.402e-157
6.6557e-197
2.0331e-68
2.2866e-79
1.1532e-66
6.6557e-197
6.0632e-168
1.6423e-155
7.9233e-158
6.6557e-197
6.6557e-197
6.9461e-69
6.308e-50
6.6557e-197
3.2999e-73
6.6557e-197
7.8861e-63
6.6557e-197
5.3196e-156
6.6557e-197
5.2938e-72
1.1329e-73
6.6557e-197
1.1145e-162
3.1065e-64
6.6557e-197
3.413e-156
6.6557e-197
2.6182e-166
6.6557e-197
3.1337e-63
6.6557e-197
6.6557e-197
6.6557e-197
6.6557e-197
1.2346e-178
6.6557e-197
8.7553e-62
2.1267e-153
6.6557e-197
1.146e-77
3.7989e-68
6.6557e-197
6.6557e-197
5.8979e-61
6.6557e-197
9.2088e-160
1.1944e-60
6.6557e-197
1.8588e-156
6.6557e-197
6.6557e-197
1.491e-55
1.6857e-71
7.2158e-40
7.9728e-162
6.6557e-197
4.5939e-71
4.6768e-64
6.6557e-197
6.6557e-197
4.703e-64
6.6557e-197
1.0812e-153
6.6557e-197
6.4289e-37
6.6557e-197
6.6557e-197
6.6557e-197
6.6557e-197
6.6557e-197
1.9474e-29
2.565e-63
6.6557e-197
6.6557e-197
6.6557e-197
6.6557e-197
5.4514e-72
2.1272e-158
6.6557e-197
5.3393e-153
6.6557e-197
6.6557e-197
6.6557e-197
6.6557e-197
1.6833e-62
6.6557e-197
2.4241e-170
6.6557e-197
7.5345e-163
1.3206e-173
3.5335e-156
6.6557e-197
9.4502e-164
3.2231e-44
2.0706e-143
6.6557e-197
9.7948e-78
6.6557e-197
6.6557e-197
2.9685e-160
1.832e-150
6.6557e-197
5.059e-77
6.6557e-197
6.6557e-197
6.6557e-197
2.4824e-77
1.0601e-159
6.6557e-197
1.5878e-159
4.8878e-69
6.6557e-197
6.6557e-197
1.0686e-82
6.6557e-197
6.6557e-197
1.9696e-37
1.3034e-160
6.6557e-197
6.6557e-197
6.6557e-197
6.6557e-197
3.1636e-159
4.0127e-162
6.6557e-197
2.0733e-31
8.1462e-75
7.5046e-66
2.4703e-62
1.4102e-173
6.6557e-197
1.8038e-148
5.6388e-46
6.6557e-197
6.6557e-197
7.3315e-168
6.6557e-197
6.6557e-197
6.6557e-197
3.3218e-173
1.3678e-55
1.8472e-166
6.5805e-74
1.003e-73
6.6557e-197
6.6557e-197
6.6557e-197
3.4131e-70
6.6557e-197
6.2875e-51
6.1721e-168
6.6557e-197
2.5077e-161
6.6557e-197
6.6557e-197
6.6557e-197
9.783e-71
2.2173e-59
3.2989e-83
6.6557e-197
9.6545e-75
2.6022e-158
6.6557e-197
6.6557e-197
6.6557e-197
7.8734e-166
1.017e-64
6.6557e-197
1.159e-165
6.6557e-197
6.6557e-197
2.0094e-174
6.6557e-197
6.6557e-197
6.6557e-197
7.3801e-174
6.6557e-197
6.6557e-197
6.6557e-197
1.0361e-168
1.1035e-34
2.815e-53
6.9808e-64
3.5876e-162
1.5372e-59
6.6557e-197
6.6557e-197
6.1461e-164
4.2885e-144
6.6557e-197
6.6557e-197
2.5065e-151
5.5003e-55
2.0451e-36
5.3606e-173
6.6557e-197
5.5054e-160
6.6557e-197
6.6557e-197
6.6557e-197
6.6557e-197
6.6557e-197
6.6557e-197
1.2094e-65
4.0709e-161
1.1702e-157
6.6557e-197
6.6557e-197
8.0259e-173
6.6557e-197
9.7837e-166
6.2202e-57
6.6557e-197
6.6557e-197
6.6557e-197
3.0001e-159
6.2235e-162
4.0621e-165
6.6557e-197
6.6557e-197
2.8783e-159
4.1551e-72
6.6557e-197
2.2051e-65
2.5951e-170
1.0709e-67
6.6557e-197
3.9626e-75
2.6106e-163
6.6557e-197
9.4899e-77
6.6557e-197
4.4423e-47
6.6557e-197
1.9591e-74
4.4515e-161
6.6557e-197
6.6557e-197
8.3996e-70
1
1.0336e-71
7.3628e-172
6.6557e-197
9.4952e-168
6.6557e-197
6.6557e-197
5.6853e-146
6.6557e-197
1.4532e-64
6.6557e-197
6.6557e-197
6.6557e-197
6.6557e-197
3.4444e-159
9.8233e-48
8.0663e-41
3.6312e-150
3.2886e-71
6.6557e-197
5.1847e-59
6.6557e-197
2.798e-55
2.2876e-47
6.6557e-197
8.4577e-163
6.2843e-82
6.6557e-197
1.0519e-152
6.6557e-197
6.6557e-197
4.1311e-160
3.1229e-169
1.1966e-169
6.6557e-197
2.3336e-160
6.6557e-197
6.6557e-197
4.3137e-54
2.112e-150
1.5462e-83
1.1496e-85
3.3057e-161
6.6557e-197
9.9747e-79
6.6557e-197
6.6557e-197
6.6557e-197
1.7913e-64
1.3e-55
7.7421e-164
6.6557e-197
7.2531e-74
2.3956e-67
6.6557e-197
1.482e-61
1.5399e-80
6.6557e-197
6.6557e-197
3.8473e-67
6.6557e-197
1.7643e-161
2.0729e-152
3.6162e-88
6.6557e-197
8.5286e-171
6.6557e-197
1.4291e-165
8.0024e-153
8.967e-161
6.5157e-140
6.6557e-197
3.1659e-166
6.6557e-197
2.3223e-158
6.6557e-197
6.6557e-197
6.6557e-197
6.6557e-197
6.6557e-197
5.89e-172
1.9446e-72
6.1224e-149
6.6557e-197
1.2677e-52
6.6394e-160
6.6557e-197
6.5844e-89
6.6557e-197
6.6557e-197
6.0341e-50
3.0667e-162
6.6557e-197
6.0954e-170
6.6557e-197
6.6557e-197
9.5388e-84
7.2659e-84
8.9769e-157
4.5565e-75
1.0459e-160
1.9371e-162
6.6557e-197
2.2109e-77
1.0791e-88
6.6557e-197
6.6557e-197
6.6557e-197
5.9411e-164
1.7596e-74
6.6557e-197
3.9602e-151
6.6557e-197
6.6557e-197
1.2267e-56
2.01e-60
6.6557e-197
1.4394e-51
6.6557e-197
6.6557e-197
1.7183e-42
6.6557e-197
6.6557e-197
6.6557e-197
2.4759e-56
6.6557e-197
9.312e-68
6.6557e-197
6.5794e-72
1.0674e-159
6.6557e-197
8.0746e-164
6.6557e-197
6.6557e-197
6.6557e-197
1.5967e-160
1.7514e-147
1.7205e-63
5.5954e-167
6.6557e-197
6.6557e-197
1.4993e-165
6.0626e-164
2.0565e-60
3.9298e-167
6.6557e-197
6.6557e-197
6.6557e-197
6.6557e-197
6.3424e-165
6.6557e-197
6.6557e-197
2.431e-166
6.6557e-197
6.6557e-197
9.729e-158
6.6557e-197
6.6557e-197
5.0149e-60
6.6557e-197
6.6557e-197
6.6557e-197
1.0104e-162
6.6557e-197
7.3892e-165
6.6557e-197
1.2463e-66
9.4991e-72
6.6557e-197
6.6557e-197
8.5266e-163
5.7937e-76
6.4519e-148
6.0683e-167
6.6557e-197
6.6557e-197
3.7999e-172
2.3976e-77
3.3516e-78
6.6557e-197
4.508e-173
6.6557e-197
2.5126e-75
6.6557e-197
1.4764e-160
6.6557e-197
2.0571e-162
6.6557e-197
6.6557e-197
1.6523e-163
6.6557e-197
6.6557e-197
7.8497e-52
6.6557e-197
1.7892e-65
6.6557e-197
4.0269e-77
2.0992e-157
7.3229e-151
2.458e-89
3.5335e-164
6.6557e-197
6.6557e-197
6.6557e-197
6.6557e-197
3.3007e-154
4.2576e-171
6.6557e-197
8.6488e-86
6.6557e-197
3.0562e-73
6.6557e-197
2.9621e-73
1.1598e-39
1.0233e-69
5.1685e-67
5.8111e-53
6.6557e-197
1.4477e-59
6.6557e-197
1.3385e-142
6.6557e-197
6.2895e-165
9.0359e-165
6.6557e-197
6.6557e-197
6.6557e-197
5.3721e-66
5.778e-165
5.1669e-70
1.4404e-154
7.1543e-74
1.2166e-161
6.6557e-197
5.4354e-66
6.6557e-197
2.6611e-43
3.8467e-169
1.7559e-58
2.0446e-52
4.4206e-82
1.6551e-60
9.4788e-43
4.5979e-63
6.768e-162
8.7546e-14
6.0417e-56
6.6557e-197
6.6557e-197
3.1492e-66
1.032e-66
6.6557e-197
6.6557e-197
3.4968e-21
6.6557e-197
6.6557e-197
6.6557e-197
1.437e-64
2.044e-54
6.6557e-197
6.6557e-197
2.0918e-70
6.6557e-197
2.9183e-166
6.6557e-197
6.6557e-197
1.471e-34
2.5001e-57
6.6557e-197
6.6557e-197
6.6557e-197
3.2172e-76
6.6557e-197
1.2039e-162
1.5023e-148
1.3277e-153
6.6557e-197
8.9004e-170
6.6557e-197
6.6557e-197
6.9016e-54
6.6557e-197
1.8953e-47
6.6557e-197
3.4806e-37
2.9204e-90
5.356e-155
6.3979e-82
6.6557e-197
3.4892e-158
6.6557e-197
4.9398e-52
1.2002e-70
9.1169e-68
4.9767e-80
1.6119e-155
6.6557e-197
5.5489e-62
6.6557e-197
1.093e-43
1.9569e-166
6.6557e-197
8.1732e-57
6.3692e-56
6.6557e-197
6.6557e-197
6.6557e-197
6.6557e-197
4.3818e-68
7.3585e-83
6.6557e-197
6.6557e-197
2.8316e-89
2.5321e-165
2.1419e-30
6.6557e-197
1.0464e-163
6.8025e-151
6.6557e-197
1.8378e-160
6.6557e-197
2.7241e-165
6.6557e-197
2.0322e-60
6.6557e-197
6.6557e-197
6.6557e-197
6.6557e-197
1.0809e-89
6.6557e-197
6.6557e-197
5.3943e-162
6.6557e-197
6.6557e-197
2.6329e-65
6.6557e-197
6.6557e-197
6.6557e-197
1.6655e-50
6.6557e-197
6.6557e-197
1.395e-159
4.6523e-55
6.6557e-197
6.6557e-197
6.6557e-197
6.6557e-197
6.6557e-197
6.6557e-197
6.6557e-197
6.6557e-197
6.6557e-197
2.9868e-72
6.6557e-197
1.028e-79
1.7448e-154
2.4104e-57
6.6557e-197
6.6557e-197
6.6557e-197
6.6557e-197
6.6557e-197
8.051e-48
1.9959e-74
6.6557e-197
6.6557e-197
6.6557e-197
1.8725e-51
6.6557e-197
4.5408e-167
3.8743e-165
2.3564e-164
2.8479e-79
3.2302e-157
4.5115e-57
9.7493e-52
6.6557e-197
6.6557e-197
6.6557e-197
1.3886e-159
3.2177e-64
6.6557e-197
5.6506e-45
1.6599e-35
6.6557e-197
5.485e-76
1.2188e-57
6.6557e-197
6.6557e-197
1.8256e-32
6.6557e-197
6.6557e-197
6.6557e-197
6.6557e-197
1.7532e-161
3.6498e-154
4.8087e-151
6.6557e-197
6.6557e-197
3.0986e-170
6.6557e-197
1.032e-54
6.6557e-197
3.7811e-85
6.6557e-197
6.6557e-197
5.2073e-80
7.2882e-169
6.6557e-197
6.6557e-197
6.6557e-197
6.6557e-197
6.6557e-197
6.6557e-197
1.4907e-169
6.6557e-197
6.6557e-197
8.8875e-165
1.8563e-60
6.6557e-197
6.6557e-197
6.6557e-197
7.0872e-42
1.9472e-171
6.6557e-197
6.6557e-197
6.6557e-197
6.6557e-197
3.7613e-53
6.6557e-197
6.6557e-197
6.6557e-197
3.0558e-145
2.2514e-154
3.0577e-77
6.6557e-197
1.1903e-160
6.6557e-197
6.6557e-197
1.0998e-65
2.5135e-165
6.6557e-197
6.6557e-197
2.9311e-165
7.9317e-74
1.4447e-83
6.6557e-197
5.7701e-81
6.6557e-197
5.4788e-169
8.7016e-70
1.7022e-73
6.6557e-197
1.3619e-79
3.1652e-64
6.6557e-197
1.6122e-74
5.2346e-75
1.9522e-140
6.6557e-197
6.6557e-197
6.6557e-197
6.6557e-197
6.6557e-197
1.9229e-162
6.6557e-197
6.6557e-197
6.9278e-151
2.8523e-162
6.6557e-197
6.6557e-197
1.2793e-165
6.6557e-197
6.6557e-197
6.6557e-197
4.6184e-153
1.5236e-60
6.6557e-197
6.6557e-197
6.6557e-197
7.1565e-167
6.211e-68
6.6557e-197
7.1189e-158
6.6557e-197
1.4653e-46
5.9063e-170
3.3716e-157
7.0487e-72
6.6557e-197
6.6557e-197
6.6557e-197
1.504e-65
6.0415e-167
6.6557e-197
5.5637e-149
6.6557e-197
6.6557e-197
1.9019e-159
9.0721e-72
4.3834e-63
1.5336e-156
6.6557e-197
6.6557e-197
6.6557e-197
2.6091e-48
6.6557e-197
6.6557e-197
6.6557e-197
1.3582e-64
6.2447e-59
1.6281e-66
6.6557e-197
1.3649e-156
1.3873e-74
6.6557e-197
2.3983e-55
6.6557e-197
7.7544e-79
6.6557e-197
4.8588e-49
3.3127e-148
7.6503e-50
4.3553e-58
6.4791e-57
1.8661e-155
6.6557e-197
6.6557e-197
5.9138e-167
3.359e-47
6.6557e-197
6.6557e-197
1.1822e-63
6.6557e-197
6.6557e-197
7.1202e-58
5.0976e-71
6.6557e-197
6.6557e-197
6.808e-150
6.5464e-170
6.6557e-197
6.6557e-197
6.6557e-197
6.6557e-197
6.6557e-197
7.5277e-159
9.0454e-59
6.7825e-46
6.6557e-197
6.6557e-197
6.6557e-197
2.3846e-157
5.9595e-60
6.6557e-197
6.6557e-197
6.6557e-197
6.6557e-197
6.6557e-197
6.6557e-197
1.0485e-156
6.2974e-69
6.6557e-197
5.2869e-78
5.7701e-77
6.6557e-197
2.3716e-156
8.4702e-78
6.3181e-164
1.0437e-68
6.6557e-197
3.9567e-73
6.6557e-197
6.6557e-197
1.4167e-79
6.6681e-169
1.6844e-27
3.6222e-80
6.6557e-197
7.4252e-170
5.413e-155
2.1614e-166
1.6905e-73
2.0721e-70
6.6557e-197
6.6557e-197
1.5901e-168
2.2199e-167
5.9394e-81
2.899e-61
5.897e-70
6.6557e-197
6.6557e-197
6.6557e-197
3.858e-71
2.2149e-29
6.1633e-153
1.1776e-58
6.6557e-197
4.2989e-154
8.8702e-39
2.0775e-162
5.134e-157
9.2745e-64
6.054e-61
6.6557e-197
1.028e-154
6.6557e-197
2.6783e-136
7.6927e-150
2.7156e-77
6.6557e-197
6.6557e-197
3.3812e-77
6.6557e-197
6.6557e-197
7.9566e-51
7.7476e-57
1.4155e-33
9.0334e-68
1.1446e-155
1.7819e-166
6.6029e-62
7.0093e-74
2.6438e-160
6.6557e-197
6.6557e-197
8.3111e-63
9.8516e-94
6.6557e-197
6.6557e-197
3.2655e-75
7.9178e-156
2.6093e-151
7.4804e-167
6.9392e-167
6.6557e-197
6.6557e-197
6.6557e-197
8.4275e-73
6.6557e-197
6.6557e-197
6.6557e-197
4.4567e-155
6.6557e-197
6.6557e-197
3.0744e-76
2.1193e-163
6.6557e-197
6.6557e-197
6.6557e-197
6.6945e-162
6.6557e-197
3.5672e-166
7.5019e-57
1.8262e-165
6.6557e-197
3.4822e-61
6.6557e-197
6.6557e-197
2.2032e-89
6.6557e-197
6.6557e-197
6.6557e-197
3.3545e-62
4.4242e-162
6.6557e-197
1.4525e-152
1.15e-167
1.4171e-69
6.6557e-197
6.6557e-197
3.1134e-160
6.6557e-197
1.2452e-164
2.8502e-172
1.3744e-61
2.1411e-78
1.4042e-57
6.6557e-197
2.0629e-176
6.6557e-197
2.0361e-170
6.6557e-197
6.6557e-197
6.6557e-197
6.6557e-197
6.5719e-159
6.6557e-197
6.6557e-197
6.6557e-197
6.6557e-197
6.6557e-197
1.9382e-56
6.6557e-197
4.0502e-158
6.6557e-197
3.6142e-58
6.6557e-197
1.5632e-151
6.6557e-197
3.6661e-33
6.6557e-197
6.6557e-197
6.6557e-197
1.2942e-154
1.0348e-165
6.6557e-197
6.6557e-197
6.6557e-197
2.3941e-67
3.9354e-53
5.8301e-168
6.9563e-174
2.3213e-48
8.4693e-157
5.5517e-55
6.6557e-197
6.6557e-197
9.0424e-74
6.6557e-197
5.3086e-73
6.6557e-197
1.1836e-58
2.5333e-11
6.6557e-197
6.6557e-197
2.8627e-86
6.6557e-197
6.6557e-197
6.6557e-197
1.8129e-136
6.6557e-197
7.3558e-59
5.6687e-77
3.8284e-167
1.2653e-52
7.3032e-152
2.063e-165
6.6557e-197
6.6557e-197
1.0213e-131
1.0998e-71
6.6557e-197
7.2767e-167
1.2428e-164
1.5901e-74
7.0928e-58
6.6557e-197
6.6557e-197
6.6557e-197
6.6557e-197
2.4727e-47
4.2282e-159
6.6557e-197
6.6557e-197
2.4301e-70
6.6557e-197
6.6557e-197
6.6557e-197
1.8614e-66
1.6483e-63
6.6557e-197
7.1914e-50
1.5355e-53
6.1524e-78
4.8037e-17
6.6557e-197
9.8609e-148
1.8935e-168
2.3107e-139
6.6557e-197
1.3619e-70
6.6557e-197
1.291e-147
5.066e-66
6.6557e-197
4.321e-163
3.06e-164
6.6557e-197
6.6557e-197
6.6557e-197
6.6557e-197
6.6557e-197
6.6557e-197
6.6557e-197
4.4439e-71
6.6557e-197
2.8906e-151
6.6557e-197
6.6557e-197
3.0188e-157
3.7537e-69
6.6557e-197
1.2842e-58
6.6557e-197
6.6557e-197
6.6557e-197
1.1201e-78
6.6557e-197
6.6557e-197
2.6422e-71
6.6557e-197
6.6557e-197
2.1978e-144
8.8353e-71
1.2486e-156
2.9804e-150
6.6557e-197
1.6094e-37
1.6325e-159
8.1158e-148
2.5814e-55
1.0498e-159
6.6557e-197
8.8677e-69
5.5919e-166
6.6557e-197
8.9904e-161
9.5549e-21
1.6835e-74
6.6557e-197
6.6557e-197
1.7071e-73
7.1157e-165
6.6557e-197
6.6557e-197
2.0559e-162
6.6557e-197
6.6557e-197
6.6557e-197
6.6557e-197
2.9237e-26
6.6557e-197
9.4899e-167
6.6557e-197
6.6557e-197
4.3165e-82
6.6557e-197
6.6557e-197
6.4754e-86
1.7001e-71
6.6557e-197
1.6783e-148
4.5498e-166
3.2499e-49
6.3087e-71
6.6557e-197
6.6557e-197
6.6557e-197
6.6557e-197
5.4762e-170
6.6557e-197
9.1005e-163
6.6557e-197
7.39e-63
6.6557e-197
1.1149e-40
4.5559e-171
3.7027e-92
6.6557e-197
6.6557e-197
1.4228e-58
6.6557e-197
6.6557e-197
1.4673e-166
6.6557e-197
5.4793e-161
6.6557e-197
2.8627e-73
6.6557e-197
6.6557e-197
1.7302e-69
3.7482e-39
2.7491e-53
6.6557e-197
6.1512e-46
3.249e-144
6.6557e-197
1.0567e-155
6.6557e-197
6.6557e-197
6.6557e-197
1.448e-147
6.6557e-197
1.5494e-82
5.2596e-153
6.6557e-197
2.8898e-165
6.6557e-197
2.7082e-62
6.6557e-197
6.6557e-197
4.2725e-155
6.7313e-74
6.6557e-197
1.658e-160
6.6557e-197
6.6557e-197
6.6557e-197
1.9842e-51
2.1092e-84
1.1288e-47
1.0349e-163
5.6392e-168
1.2896e-68
3.1902e-165
6.6557e-197
6.6557e-197
1.2432e-164
6.6557e-197
6.6557e-197
1.4709e-56
6.6557e-197
2.4423e-73
9.4761e-161
6.6557e-197
8.0544e-157
3.1129e-166
6.6557e-197
1.3156e-158
6.6557e-197
6.6557e-197
1.3446e-54
1.5641e-159
6.6557e-197
1.4628e-161
8.9696e-158
1.5845e-46
6.6557e-197
4.0924e-163
1.4386e-36
6.6557e-197
5.286e-152
5.1809e-64
7.4768e-165
8.5402e-176
8.1398e-48
6.6557e-197
1.4413e-39
5.2369e-153
7.5088e-162
7.6515e-159
1.4307e-167
2.7473e-61
2.0677e-64
6.6557e-197
1.2602e-44
6.5858e-167
6.6557e-197
1.0993e-41
9.7623e-169
1.8576e-162
2.3426e-77
1.6787e-168
6.6557e-197
1.3675e-60
6.6557e-197
6.6557e-197
6.6557e-197
7.9759e-75
6.6557e-197
6.6557e-197
1.6855e-157
6.6557e-197
4.2304e-54
6.6557e-197
6.6557e-197
6.6557e-197
6.6557e-197
2.3169e-158
2.4169e-171
1.6228e-62
1.379e-65
6.6557e-197
3.3332e-161
7.7486e-43
5.5764e-55
6.6557e-197
1.3036e-167
5.1793e-149
6.4037e-156
6.6557e-197
3.9492e-33
1.7723e-156
6.6557e-197
6.6557e-197
6.0619e-176
7.3909e-165
6.6557e-197
1.895e-150
8.771e-65
6.6557e-197
7.5078e-78
7.3061e-151
6.6557e-197
6.6557e-197
6.6557e-197
6.6557e-197
6.6557e-197
2.1025e-80
6.6557e-197
6.6557e-197
2.2474e-76
2.324e-70
6.6557e-197
5.2932e-76
1.1208e-161
2.1228e-171
6.6557e-197
5.2148e-81
1.8228e-47
5.4946e-38
6.9268e-166
3.4876e-159
3.131e-157
6.6557e-197
6.6557e-197
1.4113e-175
4.0581e-152
6.6557e-197
6.6557e-197
2.8897e-158
1.2873e-166
1.7474e-91
7.2638e-31
6.6557e-197
6.6557e-197
6.6557e-197
7.6951e-63
1.567e-161
6.6557e-197
6.6557e-197
6.6557e-197
6.6557e-197
6.6557e-197
6.6557e-197
6.6557e-197
6.6557e-197
6.6557e-197
6.6557e-197
4.5282e-175
6.6557e-197
7.779e-169
9.4737e-161
1.3431e-34
3.0807e-84
1.0085e-159
6.6557e-197
5.9116e-172
1.7109e-63
6.6557e-197
6.6557e-197
7.6605e-38
1.3467e-155
6.6557e-197
2.1217e-47
4.1027e-47
6.6557e-197
3.7433e-166
6.6557e-197
6.6557e-197
1.3769e-154
1.1003e-58
2.2178e-162
6.6557e-197
6.6557e-197
6.6557e-197
6.6557e-197
5.1484e-158
6.6557e-197
2.765e-164
1.2751e-66
6.6557e-197
8.6009e-166
6.6557e-197
1.6821e-162
8.9342e-152
6.6557e-197
6.6557e-197
2.812e-161
3.2103e-151
6.6557e-197
1.1396e-154
3.8641e-32
6.6557e-197
1.1647e-162
6.6557e-197
6.6557e-197
1.143e-57
6.6557e-197
1.0351e-47
6.0009e-156
6.6557e-197
1.9953e-71
6.6557e-197
6.6557e-197
4.4587e-153
4.7888e-42
1.6912e-52
1.852e-66
2.6603e-163
6.6557e-197
9.5884e-66
6.6557e-197
6.6557e-197
6.6557e-197
1.1319e-62
6.6557e-197
8.0064e-147
3.2409e-61
5.093e-74
6.6557e-197
6.6557e-197
6.6557e-197
6.6557e-197
6.6557e-197
4.3009e-77
6.6557e-197
2.686e-158
6.7831e-166
5.2296e-167
6.6557e-197
1.2782e-70
2.947e-56
6.6557e-197
6.6557e-197
2.4322e-155
6.898e-66
6.6557e-197
6.6557e-197
1.8231e-49
6.2338e-155
2.2326e-167
6.6557e-197
5.7087e-74
6.6557e-197
6.6557e-197
6.6557e-197
6.6557e-197
6.6557e-197
6.6557e-197
1.1305e-29
4.4084e-161
7.4586e-159
6.6557e-197
6.6557e-197
6.6557e-197
6.6557e-197
1.6945e-166
1.571e-171
6.6557e-197
1.2275e-171
2.277e-57
6.6557e-197
6.6557e-197
6.6557e-197
6.6557e-197
1.8086e-33
6.6557e-197
2.2938e-170
6.6557e-197
6.6557e-197
6.6557e-197
2.0807e-73
6.6557e-197
2.4669e-41
7.9083e-56
6.6557e-197
2.1453e-169
6.6557e-197
6.6557e-197
1.2358e-162
6.6944e-76
1.9701e-156
6.6557e-197
1.5654e-159
6.6557e-197
7.6483e-164
6.6557e-197
4.8961e-83
6.6557e-197
6.6557e-197
6.6557e-197
6.6557e-197
3.3384e-67
6.6557e-197
5.8288e-68
2.6486e-58
6.6557e-197
6.6557e-197
6.6557e-197
6.6557e-197
6.6557e-197
6.6557e-197
6.6557e-197
3.5026e-76
5.985e-60
1.9849e-54
5.3714e-65
6.6557e-197
6.6557e-197
6.6557e-197
6.6557e-197
6.6557e-197
5.3214e-66
6.6557e-197
1.0514e-77
6.6557e-197
5.6055e-60
6.6557e-197
6.6557e-197
5.2896e-70
2.8543e-169
6.6557e-197
3.8894e-170
4.9985e-159
1.2897e-49
1.7619e-160
1.0323e-52
6.6557e-197
1.558e-63
6.6557e-197
6.6557e-197
2.5e-164
1.1026e-68
1.0883e-92
4.537e-73
6.6557e-197
3.1544e-160
1.9322e-75
3.6058e-57
6.6557e-197
5.2297e-82
1.2894e-160
1.3762e-167
6.6557e-197
6.6557e-197
5.5685e-51
2.3017e-29
6.6557e-197
4.0587e-163
1.3323e-59
1.1306e-159
6.6557e-197
6.6557e-197
6.6557e-197
6.6557e-197
6.6557e-197
6.6557e-197
6.6557e-197
5.4076e-66
6.6557e-197
6.6557e-197
6.6557e-197
2.9163e-159
6.519e-77
6.6557e-197
1.111e-73
6.6557e-197
6.6557e-197
9.5603e-76
6.6557e-197
6.4045e-39
6.6557e-197
6.6557e-197
6.6557e-197
6.6557e-197
6.6557e-197
2.7878e-155
2.9653e-68
6.6557e-197
6.6557e-197
1.0581e-162
9.0684e-77
6.6557e-197
6.6557e-197
6.6557e-197
6.6557e-197
9.9426e-65
5.8074e-47
6.6557e-197
6.6557e-197
6.6557e-197
5.6419e-49
6.6557e-197
6.6557e-197
4.3462e-64
2.0425e-74
6.6557e-197
1.9003e-166
2.3876e-62
6.6557e-197
1.2744e-170
5.9853e-80
7.3301e-159
6.6557e-197
3.5848e-153
5.4769e-145
1.8325e-55
1.0317e-159
5.4772e-59
6.6557e-197
8.5289e-62
1.0393e-149
6.6557e-197
9.0797e-153
6.1867e-157
1.6652e-101
1.242e-166
6.6557e-197
2.1595e-39
6.6557e-197
6.6557e-197
6.6557e-197
5.7221e-52
3.388e-155
6.6557e-197
1.2528e-177
2.3271e-69
6.6557e-197
6.6557e-197
1.6148e-159
1.3919e-170
1.2172e-149
2.0712e-152
6.6557e-197
6.6557e-197
1.6134e-34
6.6557e-197
1.3455e-155
6.6557e-197
6.6557e-197
6.6557e-197
6.6557e-197
6.6557e-197
2.8748e-161
3.555e-45
6.6557e-197
3.6459e-164
5.2593e-169
4.0864e-157
6.6557e-197
7.9643e-69
6.6557e-197
6.6557e-197
6.6557e-197
6.6557e-197
4.5153e-147
1.2193e-165
1.2321e-166
5.8554e-161
6.6557e-197
6.6557e-197
1.3313e-56
6.6557e-197
1.8694e-157
6.6557e-197
2.1265e-63
6.6557e-197
6.6557e-197
2.5478e-162
1.1362e-167
1.9035e-67
6.6557e-197
6.6557e-197
6.6557e-197
6.6557e-197
5.3694e-52
6.6557e-197
6.6557e-197
4.3569e-172
5.2411e-56
6.6557e-197
6.6557e-197
1.0849e-163
6.6557e-197
6.6557e-197
6.6557e-197
6.6557e-197
7.4208e-151
4.7764e-78
2.937e-174
6.6557e-197
6.6557e-197
6.6557e-197
6.6557e-197
6.6557e-197
6.6557e-197
6.6557e-197
6.6557e-197
3.6587e-154
9.9251e-166
4.1088e-162
6.6557e-197
6.6557e-197
6.6557e-197
1.1451e-168
6.6557e-197
6.6557e-197
6.6557e-197
5.7146e-72
5.0347e-57
6.6557e-197
4.5962e-64
6.6557e-197
6.6557e-197
5.6335e-61
6.6557e-197
6.6557e-197
6.6557e-197
6.6557e-197
1.2421e-47
6.6557e-197
1.4001e-89
6.6557e-197
6.6557e-197
6.6557e-197
6.6557e-197
6.6557e-197
6.6557e-197
6.1727e-50
6.6557e-197
6.6557e-197
6.6557e-197
6.6557e-197
1.9414e-80
7.8723e-44
6.6557e-197
5.9473e-76
3.1365e-51
6.6557e-197
1.2406e-156
1.2802e-51
5.01e-69
8.2603e-164
6.6557e-197
6.6557e-197
6.6557e-197
6.6557e-197
2.6109e-61
6.6557e-197
5.2617e-87
6.6557e-197
1.5846e-172
6.6557e-197
7.4294e-57
4.7026e-163
1.1032e-168
6.6557e-197
6.6557e-197
6.6557e-197
5.5668e-59
6.6557e-197
6.6557e-197
3.2124e-169
1.8669e-161
1.5297e-82
6.6557e-197
2.0806e-167
6.6557e-197
6.6557e-197
6.6557e-197
6.4755e-168
6.6557e-197
6.6557e-197
8.7225e-156
7.4692e-40
6.6557e-197
6.6557e-197
2.4172e-150
4.9522e-68
6.6557e-197
9.7833e-65
1.2913e-165
6.6557e-197
6.6557e-197
4.4385e-85
6.6557e-197
1.308e-56
6.6557e-197
5.315e-78
1.2746e-168
6.6557e-197
6.6557e-197
6.6557e-197
7.7228e-155
6.6557e-197
6.6557e-197
6.6557e-197
2.254e-167
6.6557e-197
1.8944e-30
6.8689e-166
6.6557e-197
6.6557e-197
6.6557e-197
6.6557e-197
1.2523e-70
6.6557e-197
9.1808e-153
6.6557e-197
6.6557e-197
1.741e-58
2.9647e-54
6.6557e-197
2.0363e-67
6.6557e-197
6.6557e-197
3.373e-151
1.3743e-73
1.2819e-156
6.6557e-197
6.6557e-197
6.1062e-55
6.6557e-197
2.0024e-73
2.8536e-155
2.5307e-77
6.6557e-197
2.156e-158
6.6557e-197
6.6557e-197
7.0479e-161
6.6557e-197
6.6557e-197
6.1152e-47
6.6557e-197
2.5392e-154
6.6557e-197
2.3216e-55
1.964e-155
6.6557e-197
7.3716e-71
2.5964e-169
1.2445e-59
6.6557e-197
6.6557e-197
9.8464e-160
5.9114e-60
1.5911e-48
6.6557e-197
6.6557e-197
7.2799e-175
6.6557e-197
1.3384e-158
6.6557e-197
6.6557e-197
6.6557e-197
2.8467e-150
6.6557e-197
6.6557e-197
2.8785e-67
2.9467e-69
3.4208e-161
5.7751e-80
5.1608e-165
6.6557e-197
6.6557e-197
1.6172e-55
6.6557e-197
6.6557e-197
3.3147e-70
6.6557e-197
5.3432e-163
6.6557e-197
6.6557e-197
2.699e-66
3.2021e-67
3.4994e-68
6.6557e-197
6.6557e-197
6.6557e-197
8.5256e-163
4.0015e-56
4.3688e-71
1.5206e-38
7.1736e-166
4.4945e-67
3.7374e-167
6.6557e-197
4.1347e-73
6.6557e-197
4.7537e-166
6.0305e-73
6.6557e-197
1.4619e-72
2.2021e-160
5.8753e-51
6.6557e-197
1.702e-160
5.6015e-78
1.2288e-84
6.6557e-197
3.7048e-84
6.6557e-197
1.732e-76
3.1327e-167
6.6557e-197
8.8531e-164
8.4216e-62
1.7733e-50
3.0519e-75
6.6557e-197
6.6557e-197
6.6557e-197
7.3205e-163
6.9997e-68
6.6557e-197
6.6557e-197
3.563e-88
6.6557e-197
6.6557e-197
3.0721e-68
6.6557e-197
6.2341e-168
6.6557e-197
3.651e-159
6.6557e-197
1.2482e-78
6.6557e-197
6.6557e-197
6.6557e-197
6.6557e-197
6.6557e-197
6.6557e-197
5.5731e-69
6.6557e-197
7.7946e-167
6.6557e-197
8.7896e-148
6.6557e-197
2.4058e-160
3.8578e-149
3.0693e-170
6.6557e-197
6.6557e-197
3.6253e-174
6.6557e-197
6.6557e-197
6.6338e-70
6.6557e-197
5.4462e-61
3.1624e-73
6.5214e-36
4.306e-177
2.5476e-162
1.6528e-86
3.9045e-79
6.6557e-197
4.5136e-47
6.6557e-197
6.6557e-197
5.3181e-54
6.6557e-197
6.6557e-197
6.6557e-197
1.4388e-64
6.6557e-197
6.6557e-197
6.6557e-197
4.7963e-84
6.6557e-197
6.6557e-197
4.4031e-41
6.1356e-84
6.6557e-197
6.6557e-197
5.3944e-152
2.5228e-172
8.1846e-158
6.6557e-197
3.2568e-61
1.4861e-159
4.1698e-156
8.8537e-44
6.6557e-197
6.6557e-197
6.6557e-197
6.9765e-62
6.6557e-197
2.0362e-75
5.3837e-72
1.7815e-56
6.6557e-197
6.6557e-197
1.0529e-167
3.6125e-72
6.6557e-197
1.4122e-69
6.6557e-197
4.7686e-70
2.8586e-166
3.2397e-81
1.4697e-162
3.7851e-39
5.1966e-153
6.6557e-197
6.6557e-197
6.6557e-197
6.6557e-197
7.1833e-160
5.2985e-83
6.6557e-197
6.6557e-197
4.8938e-86
6.6557e-197
9.8537e-23
6.6557e-197
6.6557e-197
1.3671e-25
6.6557e-197
3.6002e-88
7.0687e-73
6.6557e-197
6.6557e-197
1.9076e-163
2.0068e-54
1.7246e-159
6.6557e-197
1.0234e-166
6.8932e-157
1.3657e-74
6.6557e-197
6.6557e-197
6.6557e-197
6.6557e-197
6.6557e-197
6.6557e-197
1.6232e-156
2.6431e-28
6.6557e-197
6.6557e-197
6.6557e-197
2.1414e-34
6.6557e-197
6.6557e-197
7.6999e-170
6.8858e-168
6.6557e-197
2.9211e-47
1.7894e-48
6.6557e-197
6.6557e-197
6.6557e-197
6.6557e-197
7.7093e-54
3.2674e-52
9.544e-86
2.4629e-152
6.6557e-197
6.6557e-197
7.1429e-169
1.5121e-44
2.6083e-99
6.6557e-197
6.6557e-197
1.1846e-166
7.628e-154
1.3737e-40
6.6557e-197
6.6557e-197
6.6557e-197
6.6557e-197
1.0689e-69
6.6557e-197
1.8773e-28
6.6557e-197
2.9088e-138
2.6743e-84
1.554e-171
5.9966e-74
6.6557e-197
4.7413e-156
6.6557e-197
6.3714e-151
1.435e-159
6.6557e-197
6.6557e-197
6.6557e-197
9.6455e-60
4.1544e-66
6.6557e-197
1.1885e-159
3.7355e-158
6.6557e-197
3.2969e-86
6.6557e-197
7.1699e-169
5.0278e-169
3.5565e-170
6.6557e-197
5.2887e-38
3.0533e-78
6.6557e-197
6.6557e-197
6.6557e-197
6.0181e-67
6.6557e-197
9.262e-162
6.6557e-197
6.6557e-197
6.6557e-197
5.2975e-75
7.8706e-156
6.6557e-197
4.0512e-146
7.0463e-73
1.2246e-170
6.6557e-197
7.3069e-158
6.6557e-197
4.6385e-163
9.721e-152
6.6557e-197
4.7249e-172
1.865e-45
2.3658e-169
7.5613e-70
7.5077e-171
6.5741e-31
6.6557e-197
6.2898e-63
6.6557e-197
6.6557e-197
2.9348e-143
6.6858e-72
2.9013e-159
2.2409e-52
6.5406e-158
6.6557e-197
6.6557e-197
2.384e-156
5.0289e-158
6.6557e-197
6.2669e-76
4.9641e-44
2.0189e-69
6.6557e-197
4.5735e-161
6.6557e-197
1.935e-159
6.6557e-197
1.4036e-162
6.6557e-197
1.0023e-35
6.6557e-197
1.1255e-70
3.5069e-57
6.6557e-197
8.7912e-162
6.6557e-197
3.9149e-157
6.6557e-197
6.6557e-197
6.6557e-197
6.6557e-197
3.1834e-160
6.6557e-197
6.6557e-197
6.6557e-197
7.8255e-163
6.6557e-197
6.6557e-197
7.6608e-70
6.6557e-197
6.6557e-197
4.5869e-54
6.6557e-197
5.223e-38
6.6557e-197
3.6241e-153
2.6189e-160
2.3977e-91
6.6557e-197
6.6557e-197
3.2549e-171
1.1582e-42
6.6557e-197
2.3495e-68
6.6557e-197
6.6557e-197
6.6557e-197
3.0855e-82
6.6557e-197
2.0365e-72
6.6557e-197
6.6557e-197
6.6557e-197
1.4016e-161
3.9806e-53
6.6557e-197
1.3723e-149
7.9241e-50
6.6557e-197
6.6557e-197
6.6557e-197
2.2159e-69
6.6557e-197
6.6557e-197
6.6557e-197
6.6557e-197
6.6557e-197
3.2478e-171
6.6557e-197
6.6557e-197
6.6557e-197
1.2069e-57
6.6557e-197
4.9725e-56
6.6557e-197
1.9774e-155
3.2841e-168
6.6557e-197
3.7988e-159
6.6557e-197
6.6557e-197
2.8017e-69
6.6557e-197
6.9842e-57
6.6557e-197
6.6557e-197
3.5841e-73
6.6557e-197
4.2869e-23
4.1534e-158
1.686e-155
9.2033e-161
9.3504e-61
1.2361e-161
1.1037e-68
6.6557e-197
6.6557e-197
6.3419e-71
6.6557e-197
8.1707e-153
6.6557e-197
6.6557e-197
5.3803e-56
6.6557e-197
2.4387e-165
6.6557e-197
6.6557e-197
2.1618e-155
1.4249e-159
6.6557e-197
6.6557e-197
6.9996e-151
6.6557e-197
2.7448e-57
6.6557e-197
5.2537e-164
6.6557e-197
8.9739e-50
9.5709e-48
1.183e-46
4.5469e-155
6.6557e-197
6.6557e-197
6.6557e-197
2.0393e-170
1.5187e-67
5.505e-160
6.6557e-197
7.8864e-55
4.3763e-170
1.1929e-73
6.6557e-197
1.675e-68
6.6557e-197
6.6557e-197
4.6918e-59
1.119e-58
6.6557e-197
2.0627e-164
9.2894e-164
7.4621e-149
3.1201e-164
6.6557e-197
2.4479e-154
6.6557e-197
1.2295e-64
6.6557e-197
6.6557e-197
6.6557e-197
2.0592e-58
4.7115e-162
6.6557e-197
3.0625e-163
8.1903e-76
6.6557e-197
8.5432e-154
6.6557e-197
6.6557e-197
6.6557e-197
6.6557e-197
2.2869e-75
1.6669e-88
6.6557e-197
5.9885e-58
2.2775e-160
6.6557e-197
2.1537e-36
6.6557e-197
6.6557e-197
6.6557e-197
6.0278e-165
6.6557e-197
5.4745e-171
3.7916e-60
6.6557e-197
1.2382e-173
6.6557e-197
3.5865e-169
8.53e-161
4.2415e-155
1.0709e-34
9.3615e-67
6.6557e-197
6.6557e-197
2.2084e-154
6.6557e-197
1.3217e-61
6.6557e-197
6.6557e-197
6.6557e-197
6.6557e-197
6.6557e-197
7.9952e-170
6.6557e-197
6.6557e-197
6.6557e-197
1.127e-158
1.7455e-81
6.6557e-197
4.0919e-80
1.0135e-160
5.8603e-60
1.3748e-164
6.6557e-197
4.2819e-44
6.6557e-197
2.3743e-174
6.6557e-197
1.7494e-57
6.6557e-197
1.5191e-76
4.2522e-91
1.3227e-69
6.6557e-197
6.6557e-197
6.6557e-197
6.6557e-197
5.1372e-159
6.6557e-197
6.6557e-197
6.6557e-197
6.6557e-197
2.6812e-83
1.7552e-155
8.7513e-157
3.9459e-66
6.6557e-197
1.5001e-144
6.6557e-197
1.17e-167
2.7552e-167
1.2385e-26
6.6557e-197
1.9111e-90
3.3869e-156
6.6557e-197
6.6557e-197
4.4896e-31
6.6557e-197
4.9429e-162
1.3287e-86
1.713e-159
6.6557e-197
6.6557e-197
6.6557e-197
6.6557e-197
6.6557e-197
6.6557e-197
6.6557e-197
6.6557e-197
6.6557e-197
6.6557e-197
3.021e-53
6.6557e-197
3.4861e-149
6.6557e-197
6.6557e-197
6.6557e-197
3.4811e-52
6.6557e-197
2.0441e-166
6.6557e-197
6.6557e-197
6.6557e-197
2.8299e-165
6.0461e-174
9.945e-54
6.6557e-197
6.6557e-197
6.6557e-197
6.6557e-197
6.6557e-197
6.6557e-197
1.2418e-57
4.7603e-39
6.6557e-197
6.6557e-197
5.2182e-173
6.6557e-197
6.6557e-197
7.1579e-58
6.6557e-197
6.6557e-197
3.3978e-63
5.581e-72
6.6557e-197
5.1626e-163
6.6557e-197
6.6557e-197
6.6557e-197
6.6557e-197
2.2767e-46
4.8648e-66
1.7579e-50
6.6557e-197
6.6557e-197
6.6557e-197
7.4944e-39
2.98e-56
4.448e-67
6.7948e-152
5.3202e-154
1.8508e-73
3.6604e-72
6.6557e-197
6.6557e-197
6.6557e-197
6.6557e-197
6.6557e-197
5.1074e-49
6.6557e-197
2.5765e-66
6.6557e-197
6.1384e-60
6.6557e-197
6.2135e-147
8.5602e-172
6.6557e-197
8.9719e-171
6.6557e-197
6.6557e-197
2.1347e-48
1.7986e-161
6.6557e-197
6.6557e-197
1.2605e-76
5.273e-83
6.6557e-197
3.5895e-50
6.1641e-169
6.6557e-197
6.6557e-197
6.6557e-197
6.6557e-197
6.6557e-197
6.6557e-197
2.8098e-74
6.6557e-197
1.8898e-157
6.6557e-197
6.6557e-197
2.0318e-163
6.6557e-197
6.6557e-197
9.1468e-144
6.6557e-197
6.6557e-197
1.2117e-73
3.4647e-165
1.5042e-62
4.2452e-28
6.6557e-197
6.6557e-197
2.4185e-165
1.4324e-162
8.0028e-56
1.3056e-58
6.6557e-197
2.4864e-161
6.6557e-197
6.6557e-197
2.9447e-42
6.6557e-197
3.893e-150
6.6557e-197
6.6557e-197
4.6813e-30
6.6557e-197
4.4656e-166
6.6557e-197
4.91e-162
6.6557e-197
6.6557e-197
2.794e-145
1.3787e-80
6.6557e-197
6.6557e-197
6.6557e-197
7.1178e-62
7.5911e-167
9.9719e-150
6.6557e-197
6.6557e-197
3.9587e-171
6.6557e-197
6.6557e-197
1.3929e-167
2.7679e-69
1.0326e-35
6.6557e-197
6.6557e-197
6.6557e-197
6.6557e-197
6.6557e-197
6.1319e-67
6.6557e-197
6.657e-157
6.6557e-197
2.9687e-163
6.6557e-197
6.8489e-150
6.6557e-197
6.6557e-197
6.8403e-163
6.6557e-197
1.4473e-66
2.796e-155
1.2537e-155
3.7859e-64
2.4892e-60
1.0944e-161
6.6557e-197
6.6557e-197
4.0039e-171
6.5499e-168
6.6557e-197
1.0728e-42
6.6557e-197
6.3088e-78
1.2766e-158
6.6557e-197
1.3373e-163
6.6638e-87
8.2056e-54
6.6557e-197
3.9914e-77
6.6557e-197
3.1701e-167
6.6557e-197
6.6557e-197
2.0514e-86
1.0083e-169
2.4435e-156
6.3794e-62
2.4802e-93
6.6557e-197
7.1962e-53
6.6557e-197
1.9101e-167
6.7469e-89
6.6557e-197
6.6557e-197
4.7241e-63
6.6557e-197
1.1436e-63
6.6557e-197
6.6557e-197
6.6557e-197
6.6557e-197
9.2907e-154
6.6557e-197
7.3954e-154
6.6557e-197
6.6557e-197
1.1254e-160
4.7147e-160
1.7654e-161
6.6557e-197
1.1348e-57
6.6557e-197
1.6088e-60
6.6557e-197
6.6557e-197
6.6557e-197
5.6144e-167
6.6557e-197
1.3267e-162
6.6557e-197
6.6557e-197
6.6557e-197
4.5839e-157
9.7133e-167
6.6557e-197
6.6557e-197
2.9605e-81
6.6557e-197
7.7534e-165
8.3265e-165
5.4257e-137
3.5201e-63
4.2004e-163
6.6557e-197
8.4275e-169
1.6557e-35
6.6557e-197
6.6557e-197
6.6557e-197
6.6557e-197
6.6557e-197
2.3417e-77
6.6557e-197
3.7798e-164
6.6557e-197
6.8533e-53
6.6557e-197
1.8053e-44
6.6557e-197
1.4892e-56
6.6557e-197
7.0905e-165
6.6557e-197
1.5408e-155
6.6557e-197
9.8126e-167
2.1729e-73
6.6557e-197
6.6557e-197
4.798e-57
8.5328e-71
6.6557e-197
6.6557e-197
6.6557e-197
1.5048e-60
1.6949e-154
6.6557e-197
6.6557e-197
6.6557e-197
6.6557e-197
6.6557e-197
6.6557e-197
6.6557e-197
1.1164e-69
6.6557e-197
6.6557e-197
1.0435e-161
6.6557e-197
8.8991e-158
1.0296e-154
2.2878e-167
6.6557e-197
6.5129e-163
6.6557e-197
6.6557e-197
5.1224e-69
6.6557e-197
6.6557e-197
6.6557e-197
6.6557e-197
6.6557e-197
6.6557e-197
1.1361e-159
3.1844e-163
6.6557e-197
6.6557e-197
6.6557e-197
6.6557e-197
6.6557e-197
4.0673e-59
2.524e-168
6.6557e-197
1.7153e-153
2.2536e-33
6.6557e-197
6.6557e-197
4.6099e-70
6.6557e-197
6.6557e-197
1.8645e-74
6.6557e-197
6.6557e-197
1.876e-163
6.6557e-197
6.6666e-167
6.8382e-40
6.6557e-197
6.6557e-197
6.6557e-197
6.6557e-197
6.6557e-197
6.6557e-197
3.4797e-62
6.6557e-197
6.6557e-197
4.3976e-76
6.8771e-164
1.4824e-164
6.6557e-197
6.6557e-197
5.1714e-156
1.4564e-59
7.9568e-166
6.6557e-197
4.6574e-150
6.6557e-197
6.6557e-197
6.6557e-197
1.0506e-50
1.4656e-144
5.4226e-165
6.6557e-197
6.6557e-197
1.1428e-72
2.3469e-165
5.2538e-158
6.6557e-197
6.6557e-197
2.4214e-169
6.6557e-197
6.6557e-197
6.6557e-197
5.339e-83
2.1626e-74
5.1231e-50
9.3089e-54
6.6557e-197
9.3389e-50
2.1432e-162
6.4682e-86
6.6557e-197
6.292e-60
6.6557e-197
6.6557e-197
6.6557e-197
3.9703e-166
6.6557e-197
2.3549e-159
6.6557e-197
6.6557e-197
6.6557e-197
6.6557e-197
2.7251e-167
1.7311e-154
6.6557e-197
4.1055e-65
1.6853e-31
6.6557e-197
8.0674e-158
2.2605e-57
6.6557e-197
4.4287e-86
1.9444e-56
1.8677e-156
6.6557e-197
6.6557e-197
6.6557e-197
6.6557e-197
1.1339e-169
6.6557e-197
6.6557e-197
6.6557e-197
6.6557e-197
6.6557e-197
6.6557e-197
6.6557e-197
6.6557e-197
6.6557e-197
3.0687e-149
6.6557e-197
6.6557e-197
4.3967e-169
7.0534e-173
6.6557e-197
5.876e-69
6.6557e-197
1.4331e-150
6.6557e-197
6.6557e-197
1.8119e-164
1.7242e-38
4.2719e-174
6.6557e-197
6.6557e-197
6.6557e-197
2.7617e-153
6.6557e-197
2.0131e-151
7.8687e-171
6.6557e-197
4.5884e-153
6.6557e-197
6.6557e-197
1.8963e-57
6.6557e-197
4.3715e-169
6.6557e-197
6.6557e-197
1.3983e-144
6.6557e-197
6.6557e-197
6.6557e-197
6.6557e-197
6.6557e-197
6.6557e-197
1.1404e-55
6.6557e-197
6.6557e-197
6.6557e-197
6.6557e-197
1.6089e-60
1.9041e-164
6.6557e-197
1.455e-162
1.2244e-69
2.6957e-72
6.6557e-197
6.6557e-197
6.6557e-197
6.6557e-197
6.6557e-197
9.5114e-156
6.6557e-197
1.692e-74
6.6557e-197
6.6557e-197
6.6557e-197
6.6557e-197
6.6557e-197
6.6557e-197
6.6557e-197
2.1863e-160
5.3054e-158
6.6557e-197
1.944e-165
6.6557e-197
2.5433e-68
6.6557e-197
3.6581e-157
6.6557e-197
6.6557e-197
6.6557e-197
6.6557e-197
6.6557e-197
6.6557e-197
6.6557e-197
6.6557e-197
1.5612e-91
6.6557e-197
6.6557e-197
6.6557e-197
1.2942e-168
6.6557e-197
7.2506e-66
6.6557e-197
6.6557e-197
6.6557e-197
6.6557e-197
6.6557e-197
1.1751e-70
3.2198e-63
3.115e-80
6.6557e-197
6.6557e-197
1.9872e-56
1.5097e-79
6.6557e-197
6.6557e-197
6.6758e-34
5.8411e-60
1.2507e-166
3.5619e-73
6.6557e-197
6.6557e-197
6.6557e-197
1.7275e-152
6.6557e-197
6.6557e-197
1.4911e-164
1.0592e-161
6.6557e-197
1.1542e-49
6.6557e-197
6.6557e-197
6.6557e-197
6.6557e-197
6.6557e-197
8.0562e-163
6.6557e-197
6.6557e-197
5.5523e-57
6.6557e-197
6.6557e-197
1.4021e-65
7.9459e-163
4.5941e-153
6.6557e-197
1.0797e-68
6.6557e-197
1.0087e-162
2.5012e-166
6.6557e-197
6.6557e-197
6.6557e-197
6.6557e-197
6.6557e-197
6.6557e-197
1.4722e-32
6.0007e-160
6.6557e-197
2.2162e-79
6.6557e-197
6.6557e-197
6.96e-154
2.7769e-160
6.6557e-197
3.7703e-74
4.1523e-151
1.4464e-83
9.6025e-18
3.068e-68
6.6557e-197
4.7736e-158
6.6557e-197
6.6557e-197
1.9002e-157
6.6557e-197
9.7924e-87
6.6557e-197
7.5892e-70
2.6827e-80
1.3658e-163
6.6557e-197
2.8941e-68
6.6557e-197
6.6557e-197
6.6557e-197
5.8799e-70
6.6557e-197
6.6557e-197
6.6557e-197
6.6557e-197
5.4499e-26
6.6557e-197
6.6557e-197
1.3921e-165
6.6557e-197
1.0375e-67
6.6557e-197
2.187e-43
8.0102e-50
5.7434e-164
1.3423e-168
6.6763e-69
6.6557e-197
6.6557e-197
1.1708e-70
6.6557e-197
1.6032e-155
6.6557e-197
6.6557e-197
1.9519e-49
6.6557e-197
6.6557e-197
6.6557e-197
1.5287e-162
6.6557e-197
7.6603e-162
6.6557e-197
6.6557e-197
6.6557e-197
6.6557e-197
6.6557e-197
6.6557e-197
6.6557e-197
1.4669e-68
6.6557e-197
6.6557e-197
4.758e-30
8.3013e-79
3.8341e-163
6.6557e-197
6.6557e-197
6.6557e-197
6.6557e-197
4.1168e-66
3.7641e-67
2.5916e-165
6.6557e-197
6.6557e-197
8.9081e-151
6.6557e-197
1.0653e-163
5.1266e-164
6.6557e-197
6.6557e-197
1.2118e-57
2.1069e-158
1.9975e-155
2.1532e-168
6.6557e-197
6.6557e-197
6.6557e-197
1.2268e-74
1.4408e-160
6.6557e-197
6.6557e-197
6.6557e-197
7.7772e-36
6.6557e-197
2.2429e-155
6.6557e-197
3.4669e-167
6.6557e-197
7.6401e-74
1.1247e-145
2.0741e-65
1.1676e-158
6.6557e-197
6.3916e-75
1.704e-157
6.6557e-197
6.6557e-197
2.4884e-154
6.6557e-197
6.6557e-197
1.5957e-75
6.6557e-197
6.6557e-197
6.6557e-197
6.6557e-197
6.6557e-197
7.3308e-152
6.6557e-197
5.031e-48
6.6557e-197
6.6557e-197
2.2518e-159
6.6557e-197
2.4897e-163
6.6557e-197
6.6557e-197
6.6557e-197
1.6352e-158
6.6557e-197
7.0725e-162
6.6557e-197
6.6557e-197
6.6557e-197
4.2288e-63
6.6557e-197
1.0636e-165
6.6557e-197
5.5727e-93
1.7278e-170
6.6557e-197
6.7269e-164
4.3733e-153
6.6557e-197
6.6557e-197
4.1984e-80
3.1095e-81
9.9711e-163
6.6557e-197
2.0001e-59
6.6557e-197
7.2765e-78
1.0866e-47
6.0413e-40
6.6557e-197
6.6557e-197
6.6557e-197
1.0761e-60
6.6557e-197
2.0179e-154
6.6557e-197
6.6557e-197
9.2149e-167
1.626e-71
1.0987e-166
1.5752e-175
5.6486e-147
6.6557e-197
9.11e-62
6.6557e-197
1.8303e-165
5.4312e-49
6.6557e-197
6.6557e-197
4.6577e-155
1.3068e-143
1.1377e-83
6.6557e-197
6.6557e-197
1.1043e-70
6.6557e-197
3.8221e-161
9.5433e-151
6.6557e-197
6.6557e-197
6.6557e-197
6.6557e-197
6.6557e-197
6.6557e-197
6.6557e-197
1.0646e-55
8.0999e-61
1.0976e-52
8.0832e-162
6.6557e-197
6.6557e-197
6.6557e-197
8.2341e-166
6.6557e-197
6.6557e-197
6.6557e-197
4.6643e-64
6.6557e-197
9.9366e-160
6.6557e-197
6.6557e-197
6.6557e-197
1.6135e-81
1.9833e-162
1.8922e-78
2.4996e-164
1.8642e-166
6.6557e-197
9.3962e-40
5.6194e-158
6.6557e-197
2.3467e-176
3.2793e-153
6.6557e-197
6.6557e-197
6.6557e-197
5.7752e-160
2.0195e-56
2.0348e-66
6.6557e-197
3.3089e-165
1.067e-154
6.6557e-197
3.2774e-63
5.6286e-161
1.7998e-166
3.4681e-67
2.832e-166
6.6557e-197
6.6557e-197
6.6557e-197
1.7558e-159
6.6557e-197
6.6557e-197
6.6557e-197
1.6476e-164
6.6557e-197
7.3708e-162
6.6557e-197
1.1503e-165
6.6557e-197
7.4225e-73
