1.7005e-127
1.34e-43
2.0021e-29
5.2224e-57
4.2448e-70
6.1916e-23
3.0216e-29
1.1191e-36
3.5824e-77
1.3691e-29
6.0121e-144
9.5245e-113
4.8467e-10
5.5017e-113
1.494e-36
3753
2.5868e-23
3.8041e-10
1.8993e-63
3761.5
1.7413e-56
1.1708e-98
0.0030211
7.0637e-50
4.0829e-16
1.8796e-23
5.928e-23
1.7249e-43
7217.5
6.1531e-29
0.0019163
3.4086e-10
1.686e-70
2.9839e-63
1.0707e-16
2.6753e-36
0.0029126
2.4186e-105
2.8547e-36
9.9509e-10
1.6011e-70
1.8992e-63
4963.8
2.1075e-91
1.3425e-42
1.09e-16
6.0121e-144
1.0611e-105
1.3668e-63
1.0443e-16
2.8657e-91
1.5123e-36
2.3541e-56
1.1946e-84
8.3387e-91
2.4177e-23
9.9792e-92
3.7634e-50
1.0557e-127
1.3148e-77
0.0016664
0.0017621
7.1102e-113
2.6517e-84
1.2617e-56
8.2024e-17
6.0121e-144
3.879e-30
1.0188e-127
1.582e-36
2.3665e-23
1.2655e-36
1.0334e-23
3.8598e-70
1.1142e-127
4.6233e-10
5.1981e-50
1.8865e-120
7519.7
5.6633e-10
2.861e-43
0.0028023
6.8833e-30
5.5207e-10
6.0462e-50
6.0121e-144
1.0986e-16
4.461e-30
1.7343e-70
8.1646e-30
4.8921e-16
5.8848e-64
7.4752e-43
1.7085e-22
1.5302e-23
2.6218e-16
3.7843e-70
3.1373e-70
1.4054e-105
6.29e-91
9.1422e-30
5.714e-128
9.4264e-17
8.6915e-24
4.7125e-43
3.069e-70
6.6924e-106
1.3532e-70
8.4773e-11
1.446e-63
8.5555e-30
6.3938e-98
4.1746e-91
9186.8
7.5129e-37
8.1307e-57
6.8634e-57
9.6258e-16
1.0368e-49
0.00094396
4.3277e-30
7.8917e-23
1.7211e-70
1.7775e-98
0.0018538
6.8604e-113
2.3412e-10
3.3719e-84
6.3332e-84
1.9843e-120
3.5284e-23
8.2621e-84
3.0367e-77
3.1444e-70
4.0578e-50
2.5356e-10
3.6733e-128
8.7475e-64
9.3631e-113
5.7746e-120
0.0037392
1.7749e-91
2.3319e-10
9.6118e-57
6.3974e-84
7.4262e-71
5.3631e-43
10238
2.1694e-105
2.3154e-56
1.6764e-91
1.5884e-63
2.0959e-63
2310.9
2.7327e-10
20641
9.1529e-71
1.6199e-23
5.2813e-84
0.00071157
1.8523e-56
2.5778e-56
8.1781e-128
1.8738e-77
9619.3
3.711e-43
8.2787e-37
3.2039e-50
6.9689e-70
6.7907e-99
2.7534e-91
0.0033042
4.0148e-43
2.1855e-77
1.3527e-10
9.1397e-50
2977.6
1.2768e-29
2.3118e-63
1.2335e-112
3.2532e-36
4.9935e-10
6.0121e-144
1.4496e-120
1.4184e-16
4.3473e-36
3.9013e-120
9.433e-84
1.3897e-120
1.7141e-43
10568
0.00047178
4.6748e-30
5.2108e-10
6.0121e-144
6.0121e-144
3.5493e-91
2.3945e-84
9.04e-23
4.5698e-43
6.0933e-37
3.4656e-30
8.7053e-99
7617.9
1.3938e-83
3.021e-70
1.8892e-84
4.1107e-30
4.0085e-43
3.2061e-77
4.2974e-16
5.0582e-113
3.927e-128
2.1047e-84
6.6877e-106
4.0316e-23
1.762e-43
5.8322e-64
7180.8
5.3116e-84
2.2718e-10
1.079e-56
5.9666e-57
1.671e-16
1.0054e-09
2.6018e-43
4.7197e-106
0.00058634
0.0036132
1.2988e-105
1.1298e-10
2.8665e-43
2.9153e-56
8.8885e-30
1.2931e-83
7.0265e-43
2.8004e-57
2.2149e-120
1.3322e-63
4.5095e-16
9.1182e-99
1.6743e-10
1.5635e-36
1.9864e-70
6.5982e-128
0.0018936
2.2087e-77
3.8102e-106
7868.3
2.3112e-91
1.3383e-36
8.1674e-10
2.5727e-91
2.7842e-50
2.2445e-98
0.0014955
1.1369e-76
0.0017192
4.6045e-10
2.9536e-135
1.4423e-16
0.0012686
1.8575e-10
1.7823e-98
5.4386e-70
8.5373e-78
0.00070408
1.4102e-10
1.0466e-49
4.7037e-57
2.0002e-43
8.2621e-106
3.213e-91
1.7027e-105
7.8052e-77
2.9764e-23
9.2353e-136
1.1852e-09
4.5649e-113
1.5689e-77
1.0445e-29
1.1879e-69
4.9428e-99
0.00093894
2.4019e-84
5961.5
1.0184e-29
3.1488e-99
8.7037e-37
4.5839e-57
7.8856e-23
3.0728e-10
2.8825e-23
7.92e-36
0.00057529
4.4002e-64
7.4931e-84
0.002092
5.5344e-70
5.099e-106
1.909e-36
1.4781e-120
7.6055e-70
3.318e-23
2.6697e-77
1.9463e-16
1.3295e-77
2.8538e-10
2.6655e-30
1.9173e-63
2.8426e-36
6.0121e-144
0.0012586
1.9825e-56
1.8807e-43
8.8571e-121
7.7385e-10
2.9089e-10
4.3418e-43
6.0121e-144
1.7015e-23
1.2263e-36
3771
0.0005987
1.7668e-135
1.1378e-83
2.3979e-63
4455
4.2322e-113
1.4642e-49
1.426e-16
2.5471e-10
1.8566e-10
6.0121e-144
1.8602e-98
3.3656e-63
1.5294e-70
1.5548e-98
1.9604e-42
4.8657e-113
5.3259e-91
1.5396e-09
7.0218e-30
1.8102e-77
2449.1
6.0121e-144
1.2385e-22
0.00085949
1.144e-36
6.0121e-144
3.069e-98
0.0018588
3223.1
2.1294e-16
1.9431e-98
8.4872e-106
0.00053258
1.4642e-23
5.7923e-30
4.6442e-106
1.9037e-84
4.1426e-113
2.2037e-16
3.3196e-23
6.0121e-144
2.2937e-10
4.3657e-113
1.5909e-16
2.8693e-23
5.2342e-84
6.0121e-144
4.2536e-98
4.4935e-128
1.5324e-76
2.0673e-91
6.672e-30
1.2424e-36
2.2752e-50
0.0016015
6.5613e-17
9.4198e-30
0.0029613
2.7784e-50
4.1685e-106
5.2532e-23
2.1083e-91
29702
3.0662e-77
6.0121e-144
3.2835e-84
1.0132e-49
4.2787e-91
6.4632e-106
6.1046e-77
4628.7
1.6579e-16
1.7264e-120
2.579e-23
4.5541e-50
7.2672e-10
6.0121e-144
0.0026603
3.9664e-50
2.167e-106
2.5003e-56
0.00092605
2.0715e-16
4.1156e-84
4.3156e-50
3.7914e-128
2.5657e-120
3.833e-106
6.5536e-43
2.4001e-77
6.5954e-99
2.8183e-77
1.6348e-120
0.000949
1.1724e-105
1.0124e-120
3.8487e-70
1.9989e-56
0.0018719
3.2761e-10
5.4601e-30
9.3226e-37
1.7823e-120
2.7274e-23
1.0998e-36
0.0038961
6.4335e-77
24743
3.4342e-77
5.2056e-50
7.6239e-92
2.5562e-57
1.3226e-105
2.5117e-84
1.0803e-70
6.2335e-43
6.0121e-144
2.0006e-70
0.00090227
8.4963e-121
1.9726e-91
6.9194e-64
1.3976e-16
1.8613e-09
0.0039806
5.8129e-84
1.7057e-63
5.0703e-77
1.4358e-135
2.8087e-43
1.11e-56
1.6883e-50
4.5555e-16
2.1508e-36
1.1269e-56
3.9391e-23
1.5542e-77
1.8095e-29
1.3008e-16
3.8567e-23
8.5191e-57
2.1484e-77
9.8542e-99
1.5287e-10
4.2693e-43
2.1823e-70
0.0021741
1.1892e-84
5.2003e-106
3.2318e-91
9.8079e-64
6.0121e-144
3.7796e-84
4.6869e-84
0.0018446
2152.8
4.7012e-10
1.2663e-98
3.2246e-10
0.0014161
6.1129e-128
2.4564e-23
3.816e-70
6.3153e-10
1.5611e-16
2.3287e-56
8.9213e-57
1.2345e-63
6.6894e-50
4.0278e-23
8.3536e-30
0.0012163
5.0491e-113
2.9695e-23
1.5137e-23
2.3238e-36
3.7526e-120
1.8077e-36
6.4596e-136
5.8066e-50
1.1369e-49
4.7759e-50
3.8325e-23
3.7303e-77
2.9114e-120
2.4476e-113
1.718e-56
2.3785e-91
0.0034548
1.4221e-98
2.826e-10
1.0583e-56
1.6116e-63
2.5357e-50
6.0121e-144
6.1275e-43
0.00097648
1.0395e-63
1.8499e-23
2.6857e-91
1.0033e-135
7.6672e-17
1.2467e-90
1.0673e-105
1.1107e-09
3.5727e-63
2.8216e-84
1.0374e-22
1.2203e-30
2.4257e-23
5.0345e-57
2.0631e-10
0.00055938
8.6279e-37
4.1234e-43
1.0439e-98
7.7556e-10
5.365e-10
12651
4.9852e-91
3.7102e-29
9.7561e-92
5212
2.4131e-91
8.2671e-30
5.3634e-70
3.3719e-120
2.9613e-91
6.0134e-30
6.8946e-57
6.0121e-144
6.0121e-144
1.4721e-83
1.0463e-23
2.8208e-50
7.9266e-37
6.0121e-144
0.0089197
8.2205e-57
7.6325e-57
1.0137e-98
2.5157e-106
2.3466e-23
1.3977e-49
9.7173e-50
3.7507e-128
4.0614e-91
2.5537e-70
4.8753e-50
1.2001e-16
2.7238e-16
6.5649e-43
0.0023443
9.56e-17
1.4345e-70
6.0121e-144
6.2745e-50
3.4863e-63
6.0121e-144
1.7323e-113
1.2873e-29
3.9936e-84
2.627e-30
2.8784e-56
2018.7
3.6185e-70
2.15e-91
3.1199e-23
0.00049892
2.2213e-120
5.094e-23
3.367e-91
1.7035e-77
1.3729e-56
7.6471e-64
3.405e-37
2.0827e-23
1.5422e-77
2.2333e-30
1.6299e-91
6.076e-43
3.9708e-106
1.5641e-10
1.8969e-10
3.5144e-77
1.2536e-98
2.4865e-43
2.3675e-105
3701.7
1.2011e-84
4.5877e-23
1.8408e-77
1.5342e-63
1.8877e-43
2.3608e-10
2.5596e-84
24356
5.8278e-43
2.1275e-70
1.9328e-23
2.3092e-43
11678
1.4758e-56
6.0121e-144
5.0645e-77
0.0031274
4616.3
1.2871e-120
9.0967e-128
7.635e-17
4.8202e-113
1.7879e-43
3.1615e-50
2.7679e-98
1.6785e-91
15424
5632.3
4.956e-10
3.2392e-84
3.6609e-50
0.002487
9535.2
8228.2
2.0409e-113
9.9407e-30
6.6866e-37
6.4065e-17
10063
9.4182e-57
3.4119e-43
3.5513e-30
6.9199e-120
1.8687e-63
9.8746e-64
6.8959e-10
4.5872e-50
1305.2
1.5356e-43
5.4322e-43
2.4665e-16
4.5621e-84
5.7743e-17
2.6086e-70
5.5466e-57
7.4435e-128
6.255e-36
8.2189e-64
9536.5
5.7595e-91
1.8847e-22
6.0063e-120
4.182e-70
2.023e-63
2.2121e-30
5637.8
1.2553e-63
7.0226e-43
1.1323e-36
5.8407e-10
1.8235e-63
7.1516e-57
3.0197e-91
5.2339e-37
9.8919e-17
2.304e-43
2.1758e-23
4.1999e-106
8.2588e-121
4.2933e-63
2.5153e-10
6.0121e-144
1.3971e-23
0.00091596
6.0121e-144
4.3002e-30
1.4034e-70
4.3412e-128
9.1485e-10
0.0023204
3.3293e-50
5.0764e-37
1.6214e-16
4.2308e-84
6.2801e-57
3.0241e-23
3.4235e-64
1.6756e-10
5.5036e-10
4.7687e-43
9.1636e-43
8.2869e-70
0.0015154
1.6109e-70
6.6015e-113
1.2422e-63
9.8228e-71
3.6689e-30
2.4033e-84
8.586e-121
3.367e-77
7.6063e-98
4.9577e-106
4.9023e-91
6.7362e-17
3.1263e-70
1.0429e-91
2.166e-43
1.7576e-120
5.6328e-50
7967.6
2.0238e-120
0.0017191
1.0971e-36
7.8118e-99
5.5066e-50
3080.4
6.5751e-128
3.2764e-23
1.5902e-23
2.8412e-77
6982.2
1.6928e-77
12368
0.0018227
4.0917e-10
2.6287e-63
6175.8
7.7677e-37
1.8123e-63
2.9671e-43
2678.3
1.1508e-77
1.5907e-16
1.6347e-84
2.3771e-70
6.0121e-144
4.1804e-120
4.7657e-23
5.0274e-37
15666
1.6669e-16
2.5653e-23
5.3436e-70
6.1985e-10
1.3101e-49
1.3249e-127
2.1418e-84
8.147e-37
3.9826e-135
4.8552e-23
0.00089999
2.7088e-16
1.7454e-36
4.1173e-77
5.4055e-10
6226.8
3.5017e-43
1.9349e-84
1.2681e-105
2.5215e-135
1.1514e-84
4.6913e-10
2.1306e-23
1.4014e-49
2.4136e-77
2.3885e-70
4.5076e-70
5.0422e-30
9.1865e-106
5.2901e-43
8.5546e-136
8.2285e-57
2.1552e-98
1.0526e-29
1.43e-127
6.0121e-144
4.9946e-23
9.1554e-57
3.1893e-113
1.7305e-16
0.0021404
7.2452e-113
3.6895e-30
6.2566e-37
0.0019399
7.3364e-30
2.2065e-70
1.0294e-56
5.4083e-43
0.0010044
9.073e-30
4.2071e-50
2.2927e-91
4.7403e-30
3.0654e-43
8.2522e-17
6.0969e-17
2.6763e-56
8.7863e-113
3.6975e-30
3.1604e-23
9.0342e-92
4.9365e-23
7.4474e-43
2.5323e-30
6.1525e-57
3.0668e-57
3.5121e-56
3.7766e-10
1.2834e-63
8.7681e-106
1.2629e-16
3.5805e-113
3.3813e-128
2.1598e-91
5.1466e-17
8.5232e-106
6.5106e-121
11058
1.0227e-42
3.7259e-10
6.0121e-144
1.2707e-29
2.9244e-56
2.8646e-84
1.024e-15
2.1003e-70
8.039e-37
7.3802e-16
1.6587e-43
2.8062e-113
2.8764e-50
6.1622e-64
5.4821e-84
2.4075e-36
3.9281e-91
1.0994e-112
6.0121e-144
23843
6.0121e-144
5.9148e-22
1.3044e-69
0.00096482
0.0036421
6.2484e-128
3.6614e-84
2.4232e-64
1.5422e-29
3.3386e-84
9.0755e-136
8.6436e-23
6.0121e-144
5.0728e-64
8.323e-57
6.1063e-63
2.7613e-99
2.8062e-23
2.4136e-43
4.8312e-50
3.1122e-43
4.7026e-77
4.9249e-50
4.1895e-10
9.601e-71
3.9121e-64
2.5467e-91
3.9121e-10
0.0009084
1.6943e-23
13661
9.9891e-17
2.7759e-23
11541
1.0183e-63
1.5981e-42
1.5034e-23
2.6801e-56
4.3707e-91
2.6069e-30
9.2931e-10
2.7842e-10
1.4203e-10
1.3789e-36
6.6081e-43
5456.5
0.001454
9.2006e-37
4.0275e-84
2.8684e-106
2665.1
2.0596e-91
4.2826e-84
6.0121e-144
6.0121e-144
1.8619e-63
6048.8
2.4348e-29
4.5464e-30
1.2415e-43
1.014e-49
3.8986e-106
4.6797e-113
6.9587e-57
1.0774e-63
5.0307e-57
1.037e-76
2.3987e-49
3.8653e-43
3.7719e-10
3.3799e-50
3.5168e-43
1.3134e-09
1.8654e-43
3.0037e-84
9.4355e-121
4.9574e-43
4.5734e-23
2.0849e-56
8.0415e-50
5288
1.1355e-23
1.4717e-23
1.0168e-112
7.2444e-63
1.2756e-56
9.6523e-64
1.7305e-120
3.7545e-30
0.00066333
6.7646e-30
0.0020535
2.6429e-84
5.8581e-128
5.1436e-10
4.9943e-84
1.1909e-63
6.0121e-144
1.9018e-23
5.1301e-36
2.6817e-49
3.3229e-50
6677.7
5.8068e-50
1.582e-63
8.6031e-57
3775.4
1.118e-29
4.4225e-84
0.00040313
4.0774e-77
4.2131e-128
1.4412e-36
6.4833e-113
1.002e-36
8.2365e-23
7.5151e-99
1.9165e-77
2.2822e-23
7.7242e-64
2.9693e-113
0.0003068
3.148e-10
4.4944e-70
2.1064e-91
2.2299e-84
4.5103e-36
6.0121e-144
1.6828e-77
6543.4
3.0356e-10
1.2726e-43
0.002949
2.5876e-70
9.7016e-71
7.5917e-10
3.0596e-77
5.8647e-30
6.0121e-144
4.0407e-63
1.3742e-63
2.1698e-56
1.0778e-16
8.6097e-64
3.0599e-23
5.3964e-136
1.3214e-56
0.0006995
1.5624e-91
1.3021e-56
4.6522e-77
1.3729e-16
7.6944e-63
4.0782e-36
2.9461e-70
2.5414e-128
6.0121e-144
1.1095e-105
5.6476e-120
7.4832e-43
6.6792e-106
0.00086583
1.054e-69
1.8426e-16
2.3787e-120
6.0121e-144
3.513e-57
5.557e-10
2.5566e-30
1.5573e-42
1.925e-42
6.4123e-37
0.0012753
7.2818e-43
9.0309e-106
11144
3.3973e-10
7.3854e-24
8.8579e-37
8.0809e-37
5.9024e-17
2.6026e-10
6.0121e-144
4.9141e-36
1.416e-120
1.7841e-91
2.4735e-43
2.6633e-98
21863
3.5689e-50
6.2726e-70
8.1104e-57
3.4667e-10
4.6866e-99
6.0121e-144
2.6214e-70
4.6651e-23
2.1876e-63
2.5724e-63
5.8658e-57
13340
9.0314e-10
8.2142e-99
0.00082528
3.023e-30
1.8663e-43
1.8949e-84
9.5294e-106
6.0121e-144
1.133e-29
7.9159e-50
1.5148e-23
2.2048e-63
2.2675e-42
1.4603e-98
4.4473e-50
3.4279e-43
3.6378e-128
1.6933e-98
1.5332e-50
1.0695e-120
7.7988e-17
1.3256e-36
1.9949e-70
5.5678e-70
4.041e-113
8.8604e-99
2.9337e-30
1.5797e-36
0.0023701
3.2612e-84
3.7746e-106
9.9258e-30
3.4182e-43
8.8587e-24
1.393e-16
4.4252e-120
1.4279e-105
3.7485e-23
2.2876e-63
3.7711e-43
2.8065e-17
12873
1.0519e-16
5.7088e-136
7.9922e-71
2.6563e-63
7.7457e-37
6.0638e-92
6.0583e-30
3.4868e-16
1.1903e-91
2.748e-50
2.874e-30
8.7103e-30
2.9475e-16
5.0519e-23
8.6544e-85
9.1989e-113
6.4073e-16
1.7936e-36
6.8563e-30
2.9745e-10
1.3856e-23
3.2161e-56
3805.5
1.2488e-98
9.2733e-44
5.7964e-37
6.0121e-144
4.4027e-30
1.3528e-56
3.6003e-43
1.841e-112
1.2013e-29
4.8395e-43
4.1234e-50
1.3764e-98
5.9071e-92
9.8277e-57
2.9569e-36
5.998e-77
2.2664e-135
2.6749e-56
4.2484e-120
4.6461e-57
2.1855e-84
0.0010777
6594.6
4.7445e-36
0.001058
3.4064e-10
2.9081e-91
8.3605e-10
5.781e-50
3.941e-106
1.2147e-29
1.783e-49
1.1285e-36
6.6428e-10
1.3417e-84
5383.6
3.8958e-10
6.0121e-144
4.5233e-106
2.5341e-43
3.0249e-36
6.6574e-70
1.0121e-56
6.815e-50
1.1716e-70
6.0121e-144
2.6555e-56
1.6691e-10
7.606e-57
5.5716e-43
7.2868e-57
2.7364e-84
2.6944e-16
3.0144e-70
2.042e-105
1.5572e-98
6.0121e-144
7.2391e-50
1.1747e-76
9.4578e-17
6.0121e-144
2.158e-56
3725.7
0.0015568
1.225e-36
1.1326e-49
2.048e-70
1.0275e-63
2.6625e-50
1.492e-36
3532.7
1.8094e-10
1.7366e-70
8.3817e-24
1.2157e-29
9.4661e-99
6.02e-17
3.6033e-77
8.7028e-17
2.6729e-23
1.9818e-70
25417
1.5586e-10
1.2071e-91
6.0121e-144
2.9009e-63
1.6029e-16
2.2091e-10
7.3904e-64
2.0991e-36
2.4704e-23
9.0829e-85
1.0412e-70
2.7148e-113
1.045e-36
1.8294e-84
2.2656e-10
1.0507e-112
1.4554e-16
5.2695e-43
13644
5.7201e-78
7.1089e-16
1.9926e-23
2.553e-16
6.0443e-106
4.6357e-71
1.1545e-56
9.6696e-106
1.8202e-36
5.2595e-121
1.315e-42
10728
1608.4
7.0089e-57
1.1123e-36
8.1878e-92
2.3543e-113
1.6114e-29
2.1117e-70
2.1652e-70
8.3437e-37
6.0503e-10
4.7301e-23
9.5055e-50
9.7173e-64
0.0018226
1.2108e-70
1.628e-84
2199.5
1.7075e-23
6.1506e-17
2.6789e-63
1.223e-113
0.0016781
1.8998e-113
1.2852e-63
8.2663e-57
3.7735e-17
1.1977e-105
3.1078e-30
0.0011554
8.4549e-57
1.8331e-99
1.2333e-43
0.015889
3.3196e-10
1.0614e-22
1.3471e-23
8.0536e-50
2.5321e-23
1.4345e-84
2.9591e-113
9.7454e-99
9.6572e-17
5.4926e-36
9.6751e-70
3.9887e-106
9.311e-106
8.3288e-106
4.6894e-10
1.9001e-98
2927.4
3.2855e-77
2.0184e-63
1.3214e-49
2.1554e-10
1.3242e-23
5.841e-64
3.4697e-98
4696.7
0.0019612
2.7075e-106
0.0022983
9.6826e-70
0.0018762
1.4632e-105
1.247e-36
5.2259e-64
2.2713e-43
1.4664e-16
0.0024905
1.9962e-91
2.0865e-23
6.0121e-144
26085
6.8353e-71
8.3709e-136
5962.4
6.0121e-144
4.9034e-84
3.6287e-77
5.5656e-136
9.6407e-64
7.0064e-37
6.5883e-10
6.2828e-17
5.2634e-09
1.0436e-22
2.4816e-135
1.7937e-70
1.1731e-23
4.2253e-91
3.9071e-63
26350
2.7638e-30
9.7677e-113
0.00037312
5.8848e-57
9.7545e-106
6.4753e-37
3.6926e-10
0.0014478
2.7112e-43
1.0615e-112
7.4937e-50
4.7604e-30
0.0014016
1.3627e-56
1.4707e-84
1.2674e-135
1.531e-56
2.4109e-63
2.9392e-127
1.8132e-105
6.4682e-91
4297.9
1.1663e-70
5.7818e-17
5970.8
1.7792e-22
1.2932e-98
6.0121e-144
3.8446e-57
1.0941e-49
4.6712e-57
8.426e-37
5.9129e-84
3.3821e-16
7.9894e-99
2.9739e-50
4.7841e-64
5.4328e-106
0.00047742
0.00091276
1.1521e-56
4.3561e-128
1.9303e-63
1.8472e-70
8.4219e-37
2.6681e-16
1.2933e-63
0.0052179
1.0278e-36
2.8478e-77
9.7569e-50
4815.1
7111.7
3.0312e-23
5394.5
1.7595e-30
0.0021071
5.1287e-136
7.4573e-57
5.0216e-30
8.0363e-57
0.045902
2.0989e-43
2.2147e-98
8324
2.0577e-43
4.2644e-77
4.1143e-10
3.2183e-106
7.4259e-136
3.3284e-63
3.7218e-23
0.00061748
1.2671e-69
2.1723e-09
4.7731e-30
5.9451e-23
0.0011307
7.0119e-37
1.4778e-56
7.6264e-10
1.2592e-09
6.0121e-144
2.5839e-16
0.0013419
3.3353e-10
3.1585e-36
6.0121e-144
0.0043856
4.7197e-77
2.8971e-84
3.1199e-120
3.9146e-70
8.0054e-57
6.0121e-144
0.00083895
1.8094e-23
3.4036e-10
0.0011489
12825
6.179e-30
2.6374e-43
4.8194e-106
3.5452e-09
2.3208e-91
1.0246e-56
6.317e-17
1.9522e-23
1.1163e-70
1.0294e-36
3.3816e-50
9.1347e-71
6.0121e-144
2.195e-50
6.1437e-136
1.3812e-36
2.3287e-37
6.0121e-144
1.5089e-63
2.8756e-16
1.1899e-49
5.4995e-10
1.2632e-43
1.4219e-70
5.21e-10
2.5653e-43
0.00097094
6.0121e-144
2.134e-23
4.3357e-56
3.0684e-43
9.9883e-30
9.5005e-30
7.5724e-10
7948.9
6.6249e-43
3.7857e-36
2.6206e-36
3.1869e-77
2.6586e-10
8325.4
2.5786e-49
2.6208e-63
1.0862e-98
8.9452e-106
1.4038e-120
0.00040546
1.6915e-84
1.4554e-98
1.5494e-49
6.0121e-144
6.0121e-144
1.2663e-98
2.2248e-120
2.1455e-10
1.4566e-77
3.4978e-56
8243.3
1.5304e-63
5.0122e-91
4.1377e-136
5.9107e-77
6.867e-30
4.2859e-70
1.2798e-36
5.5358e-43
9.1306e-128
2.405e-77
7.1237e-71
1.0136e-16
1.1963e-63
1.4139e-16
1.2282e-70
1.3962e-42
4.5208e-43
5.126e-50
1.3512e-84
0.0037991
0.0015269
1.5396e-36
1.1239e-23
3.0265e-106
1.297e-29
2.5945e-10
0.0010652
2.8392e-50
4.4608e-57
1.1823e-09
8.5984e-91
1.0926e-16
3.107e-77
2.0963e-50
2.7844e-43
5392.9
3.1877e-63
1.1399e-23
6128.1
2.5493e-91
3.6014e-23
7.741e-99
1.3962e-16
1.3994e-16
2.9293e-50
2.3691e-10
1.9338e-70
1.7332e-43
7.0262e-30
1.9163e-09
4737.2
1.3997e-84
1.5424e-16
8.0363e-64
9.9241e-30
2.6415e-16
9.5763e-37
2.6899e-77
1.2132e-56
1.5898e-23
9.4898e-64
3.5281e-50
9.0003e-99
4.528e-50
4.5048e-84
1.1402e-98
2.1634e-23
1.2991e-09
9.6366e-37
2.3925e-70
9.4553e-70
6.5726e-106
1.2497e-70
6.0121e-144
6.168e-64
7.5278e-16
9.7947e-64
6.0121e-144
2.7296e-23
3.6011e-30
5.4749e-91
2.8737e-23
3677.2
1.921e-120
0.0031326
5.1877e-23
1.7717e-30
2.0911e-36
3.297e-77
7.3912e-64
9.3259e-17
6.0121e-144
4.5737e-136
7221.1
2.6162e-70
7976.8
0.0022558
1.0388e-36
9.2419e-43
7877.3
0.0027998
9.3942e-78
2.368e-49
6.0121e-144
1.7651e-135
1.4151e-56
3.042e-91
1.3378e-49
1.9858e-70
1.322e-16
7.8908e-30
6.6693e-121
13222
3.2318e-105
2.6115e-50
1.6905e-63
1.5113e-120
2.7532e-16
3.7733e-106
1.5888e-70
1.4525e-16
0.0017921
8.1294e-30
3.5791e-84
4.412e-37
4.2737e-10
4.8392e-120
1.2069e-22
6.7213e-50
7.4551e-113
4826.6
6.2674e-50
6.0121e-144
1.0852e-98
2.319e-56
0.00061905
8.2935e-17
2.902e-16
1.3716e-84
5.2108e-37
1.9037e-77
2.4548e-63
5.3168e-10
1.2577e-127
0.0064598
0.00090348
6.0121e-144
2.8178e-23
1.26e-56
4.0859e-50
1.0471e-135
1.2629e-98
7.6986e-92
7.1725e-57
5.8493e-70
6.0121e-144
1.0621e-120
5.7047e-57
8.0511e-37
1.8777e-10
6.0121e-144
3.4841e-63
9.9192e-71
3.9551e-50
2.7038e-10
4.0135e-77
1.8294e-105
6.5376e-30
1.2971e-29
8.1655e-17
8.1511e-64
3.0747e-120
8.2205e-64
3639.6
8.3142e-10
2.2935e-09
7.4477e-30
3.3339e-106
33396
0.0039493
5.0992e-50
4.729e-23
1.9669e-70
9.5451e-92
7.5903e-44
10694
1.7063e-29
9546.1
3.673e-64
1.952e-84
0.0015552
1.1936e-90
8.7921e-64
4.3993e-23
1.3154e-16
4.4495e-50
1.1135e-42
7.0761e-17
2.1229e-70
5.6655e-30
2.3335e-16
2.4528e-77
0.0010376
2.0385e-16
6.8634e-64
6.2748e-99
4.688e-50
4.0443e-128
6.0121e-144
6.0121e-144
2.1915e-63
2.834e-43
5.9661e-128
1.5691e-16
4.0369e-30
3.4871e-70
16482
23342
4413.2
6.8048e-64
6630.3
2.6893e-50
1.2855e-91
0.0011625
7.2755e-85
1.421e-16
1.9711e-36
1.0397e-10
5.6391e-113
6.4671e-23
2557.1
2.3377e-84
6380.8
2.3755e-113
3.5314e-77
3782.6
1.0769e-83
9069.2
5479.2
6.0974e-106
3.3114e-77
1.1604e-43
7.4551e-43
2.1666e-50
8.6725e-64
1.7906e-98
6.0121e-144
4.6172e-106
2.4576e-77
1.5411e-36
4.718e-30
1.1367e-09
7.4675e-64
5.7212e-50
1.8869e-16
4.4792e-99
1.8454e-23
4.0184e-16
2.942e-63
1.1143e-63
0.0021518
3.3507e-10
3.7848e-91
3499.6
3.992e-57
0.0031782
1.3991e-63
0.0012631
6.9086e-10
2.0651e-63
2.1425e-91
3.3962e-106
4142.5
1.767e-43
10157
8.515e-17
3806.2
8.0624e-30
4.8128e-106
4.5037e-64
2.6651e-70
1.0333e-49
1.3536e-120
11213
1.642e-10
7.2683e-50
3.9289e-23
2.018e-36
8.3767e-24
6.0121e-144
2.4242e-84
2.7244e-43
2.2187e-23
0.00092306
8.0275e-43
7278.1
2.0526e-70
1.4584e-120
4.5216e-43
4.8995e-10
4.1457e-16
7.3058e-99
1.5169e-91
1.0208e-56
6.0121e-144
1.6583e-91
3.1568e-91
1.694e-128
4.7582e-30
6.3536e-10
6.0121e-144
5.2898e-43
0.0026205
1.9593e-43
0.0046202
5.9641e-57
9.8969e-77
1.0325e-29
2.6609e-30
4.5663e-57
4.1801e-77
3.1163e-70
0.00063293
9.8145e-37
3.3879e-70
1.2256e-36
3.2045e-43
4.106e-99
5.4584e-30
4.9331e-23
1.0012e-42
1.4422e-91
12734
2.1813e-77
1.9795e-105
9.6958e-50
3.7242e-50
4.4431e-10
9.6291e-57
3.6124e-98
1.1822e-98
2.301e-91
1.0489e-10
5.2518e-30
0.0020525
4.8737e-64
2682.8
3.1863e-106
4.3459e-37
10725
7.4201e-10
11813
5040.9
3.1924e-43
6.38e-10
1.295e-30
1.2265e-56
6.0016e-84
1.3327e-70
3.0001e-43
1.9907e-10
0.0051749
1.2663e-105
3.0759e-16
4.8803e-84
0.0039046
9.3796e-64
1.3723e-98
4.796e-37
5.1797e-23
8.7739e-10
0.0010419
1.6195e-43
3.0411e-120
0.0010892
7.9528e-113
7.6209e-70
2.0262e-77
9.7421e-30
1.4863e-36
1.2468e-70
4.1231e-10
1.8114e-43
3.2015e-105
3.3389e-63
1.0567e-49
3.0197e-43
8.7136e-57
1.4839e-56
8529.5
1.1049e-112
7.8649e-106
1.7572e-30
2.9054e-50
9.582e-43
3.3706e-99
4.7547e-136
8.2142e-37
1.9597e-23
4.78e-10
3.6928e-43
6.0121e-144
2.3965e-36
8.2211e-57
1.6191e-36
1.6967e-49
5.3788e-57
4.7687e-106
8.4764e-10
6.1399e-99
9517.1
1.9901e-98
1.9689e-135
1.2258e-120
2.4894e-63
0.0017285
2.2217e-09
2.5043e-77
0.0077673
9.7603e-37
1.5626e-63
2.3923e-43
1.6792e-63
7.2683e-99
7.6487e-30
5590.9
3.6835e-77
3.2205e-10
6.7679e-70
2.134e-63
1.8442e-77
2.392e-50
9.0656e-84
2.3507e-43
9.4082e-49
6.0121e-144
5.0703e-135
6.2269e-49
6.9587e-77
8.0809e-84
1.2479e-29
2.9659e-23
1.584e-23
1.3059e-10
4.2669e-91
8.4103e-136
3.1775e-50
2.4851e-23
0.00040932
3.1992e-30
1.3716e-23
13811
5.7898e-113
2.709e-09
17480
0.00081042
2607.3
1.6724e-56
1.1907e-56
1.5554e-23
6974.2
4.818e-70
2.6787e-91
3.1593e-16
1.9891e-09
2.7354e-43
1.512e-98
2.5629e-36
2.5422e-23
1.3918e-135
8.2026e-63
5.5146e-50
9.3843e-30
2.6108e-77
6.0121e-144
1.3773e-50
1.6991e-43
3.6821e-84
1.4329e-84
5.8785e-128
8.8191e-57
2.8869e-23
0.0012487
4.3153e-30
3.3064e-43
5.8391e-43
4.8009e-57
7657.6
0.0016496
4.0333e-43
5.5975e-30
0.0010319
9.3416e-43
3395.5
9514
6680.5
1.7849e-23
6.0121e-144
4.6172e-99
8.3726e-64
3.9878e-43
4.894e-43
1.1727e-120
6.0121e-144
4.5649e-30
1.1407e-36
9.9883e-50
5.5135e-128
0.0033857
1.2744e-36
3.6075e-99
0.002114
1.3989e-09
1.14e-98
5.8245e-30
4.8869e-70
6.0121e-144
6.1911e-57
1.4714e-16
4.5294e-10
1.8429e-113
9.176e-50
3.792e-84
1.0461e-56
5.8842e-113
2.4627e-43
1.0141e-29
3.7353e-63
6.5373e-36
0.0026516
3.9435e-128
2.3397e-10
3.67e-91
3.7738e-106
2.8913e-23
2.9858e-112
2.4774e-36
7938.4
1.1217e-56
8.8844e-106
1.4984e-56
1.315e-16
1.0111e-22
1.5208e-56
5861.9
7.2518e-64
7.2565e-10
7.024e-37
6.0121e-144
9.1025e-113
7078.1
0.0010072
4.6348e-128
2.336e-91
1.115e-105
11413
1.1868e-16
8.8877e-78
1.3648e-36
6.0121e-144
8.1718e-136
2.2079e-56
2.6157e-120
3.8702e-77
0.00070172
4.6247e-30
4.2134e-84
4.826e-77
3.8118e-84
0.003421
1.2355e-77
9.8853e-128
7.7013e-78
2.5123e-49
3.5273e-50
1.1239e-120
2.1127e-98
4.8001e-128
7.2292e-92
2.1071e-84
0.00094103
1.7778e-10
2.4989e-63
6.661e-16
1.3146e-16
1.2518e-56
6.2341e-136
0.0013742
1.4181e-63
2.883e-70
2.5257e-98
7.3826e-50
5.3719e-106
7.5664e-77
1.4252e-42
4.0944e-70
2.2913e-23
1.5207e-70
6.2252e-43
1.0618e-77
6.2283e-36
1.9558e-91
3.9118e-99
9.9184e-30
8.2621e-77
1.0594e-84
6.6078e-106
3.0679e-50
2.3835e-112
7.1876e-30
9.9652e-106
1.8744e-16
1.179e-36
4.2638e-84
9.414e-17
7.2444e-99
3.3686e-50
9.2774e-11
3.8025e-30
2.615e-23
1.1359e-09
7.3141e-50
7.8801e-57
3.5278e-23
8.5389e-106
1.0884e-16
6.5439e-37
8.6329e-50
4.3704e-23
6.0121e-144
1.6308e-91
1.9685e-84
1.0549e-105
2.5048e-70
1.0821e-70
2.0188e-36
4121.1
4.2487e-10
1.3117e-77
8.031e-120
2.706e-91
8.6097e-43
3.4116e-106
2.6136e-77
1.7777e-56
4.6946e-113
7.3625e-23
4.1729e-77
7.4083e-91
0.0023963
7.0334e-128
3.2158e-91
8.7648e-57
3.7017e-106
2.664e-16
1.5643e-70
5.7242e-128
6.0121e-144
6.1355e-106
9.5625e-30
1.5446e-120
1.5948e-16
5.7162e-36
1.6604e-29
6.0121e-144
1.0662e-98
6.4456e-136
7.7735e-121
3.6689e-30
2.0722e-10
2.6875e-91
3.1117e-23
4.1619e-23
0.0024897
2.0951e-63
2.4416e-91
1.0039e-09
1.5561e-36
6.0121e-144
4.0774e-77
2.6627e-50
1.1664e-49
2.3128e-120
8.9634e-71
6.0837e-36
7.7661e-99
6.1823e-63
2.3252e-23
2.6555e-77
3.3675e-128
9.3027e-43
3.224e-113
7.2537e-84
18420
2.5185e-36
1.4112e-70
2.7168e-91
1.5907e-135
2.3908e-10
4126.3
6.7668e-37
4.7037e-70
1.0927e-105
2.1219e-77
6.0121e-144
1.5439e-16
4.0432e-63
4.4038e-106
4.6701e-10
2.0096e-10
1.7802e-09
2.6354e-23
3.99e-84
2.5509e-84
6.1228e-43
5.3579e-99
1.0964e-16
1.1422e-22
2.0999e-36
3.3367e-50
1.0898e-29
4.4809e-50
12369
6.0121e-144
4.0096e-50
24721
1.7887e-36
1.334e-63
1.7713e-16
5.394e-113
1.0041e-36
0.0028669
6.8596e-23
1.8803e-70
1.9236e-120
3.0475e-49
6.0121e-144
8.4574e-57
1.51e-63
2.853e-135
1.3921e-84
0.0015794
5.6391e-57
2.305e-77
3.5642e-36
3.914e-120
3.2932e-106
3.7931e-43
2.201e-77
6.5139e-99
5.7228e-84
49372
3.8121e-30
93788
2.7585e-136
2.7552e-98
4.9409e-23
1.7078e-16
2.3823e-77
2.3298e-91
5.348e-37
4.3451e-36
1.0527e-63
4086.3
7.9035e-57
4.5872e-50
9.8558e-99
1.5976e-23
3.4089e-106
6.0121e-144
3.4692e-23
5.8203e-106
1.6955e-36
0.0016704
6.0121e-144
0.00079682
2928.8
1.8781e-106
1.938e-98
8048.2
2.3567e-84
4.7833e-23
2.3232e-43
3.3686e-98
3.7928e-63
4.1286e-23
5.7242e-92
4.1597e-128
2.7292e-112
1.2281e-36
2.7872e-91
4.6908e-43
2.252e-77
2.1904e-49
4.872e-36
1.6746e-70
4.3842e-50
4.3159e-106
0.0011163
5.5507e-23
4.8453e-30
2.3867e-91
9.9448e-64
1.405e-105
5.6319e-64
2.3653e-106
2.5938e-43
1.0273e-76
3.0684e-136
0.0013159
3.1254e-120
1.5367e-48
2.9943e-16
5.8986e-57
2.413e-10
1.0347e-91
1.3337e-112
1.7738e-84
1.3419e-36
5.8286e-37
1.1009e-76
5861.7
4236.3
2.1047e-84
8.4475e-64
1.0087e-135
1.7363e-120
2.3939e-63
2.0354e-70
8.0663e-50
1.7602e-70
1.9357e-120
3.1293e-70
19404
8.9857e-50
8.6965e-50
3.1285e-36
4.363e-10
9.5691e-57
2.8797e-113
4.3473e-57
6.6555e-17
3.9636e-30
6.5202e-10
9.2986e-71
2.6699e-50
1.1636e-91
7.6187e-84
1.4221e-36
2.753e-77
0.001176
9.9382e-92
9980.3
3.7903e-16
1.4229e-91
2.8362e-77
7.492e-121
3.9675e-77
8.0286e-10
4.3922e-10
1.5002e-29
1.3206e-70
1.9262e-70
3.6003e-57
1.6316e-70
2.2147e-36
8.8397e-17
6.0121e-144
1.9617e-43
6.6425e-43
2.6044e-23
9.0871e-84
5548.8
9.7561e-57
2.0725e-63
2.0767e-36
0.0023391
1.2062e-106
1.5605e-16
7.6947e-37
5.0246e-30
6.0121e-144
8.778e-136
2.4883e-83
8.0718e-30
9.7082e-113
4.0234e-128
0.0016914
2.3208e-84
1.8827e-91
2.0845e-120
6.6781e-113
1.2952e-23
3614
1.5466e-36
0.0007862
4.8563e-16
4.038e-91
6.0839e-10
0.0017276
0.0024444
1.4386e-16
15495
4.2815e-70
4.8403e-63
7.3011e-106
2.5682e-98
1.286e-10
0.0013889
2.1177e-63
1.5677e-43
1.5468e-36
9.5005e-57
0.00069322
1.0492e-56
3.3543e-70
0.0018861
2.3186e-36
3.3755e-16
9.0069e-106
6.0121e-144
3.8487e-77
1.3558e-56
7.9341e-113
2.1888e-112
5.7939e-91
1.7257e-23
5.7873e-57
6.0121e-144
6.0994e-23
3159.4
7.3598e-10
1.6604e-84
1.7211e-63
1.985e-84
8.4582e-50
1.498e-36
4.7076e-23
2.4071e-91
1.3091e-63
0.0015478
6.001e-70
5912.2
6.9163e-17
1.2201e-56
1.6761e-43
4388.8
1.584e-29
6.8824e-43
4.7599e-84
9.4628e-30
2.6339e-105
4.1941e-50
6.8241e-10
2.5872e-113
1.4016e-91
1.3055e-91
4.5128e-30
3227.9
2.2028e-106
2.0815e-23
2.1532e-36
4.4456e-70
3.6438e-106
4.493e-30
3.5623e-56
1.8647e-57
8.8488e-136
6.0121e-144
8.1341e-50
3.6284e-43
10178
4722.2
1036.9
4.1413e-30
1.4438e-56
1.1406e-70
1.4728e-36
3.5879e-106
2.731e-23
1.9283e-56
3.0596e-50
7.8454e-30
1.0037e-16
1.3344e-16
7280.2
5.3546e-50
2.0634e-91
6.0121e-144
1.9124e-23
7.0684e-17
3.0938e-84
1.5361e-09
7.0549e-50
1.726e-23
2.8599e-43
5.6573e-43
8.464e-128
1.702e-16
2.5362e-29
6.7557e-50
8.6122e-24
6.2588e-10
8.9427e-17
5.2452e-43
2.7369e-30
6.7836e-128
0.0020935
4.3594e-30
4.6092e-23
1.3335e-84
4.8555e-136
1.7176e-77
2.6681e-23
2.7421e-10
4.5905e-106
3.115e-77
1.3691e-119
1.3803e-36
6.6739e-77
9.119e-136
7.6639e-57
3.1563e-63
6.0121e-144
4.7051e-91
4.9293e-30
6.0121e-144
2.3416e-77
0.0036824
4.6382e-91
1.1895e-77
1.6695e-56
7.4983e-43
1.1043e-49
7.928e-99
1.9506e-50
2.1841e-23
9.9151e-71
6.0121e-144
0.00039732
3.0161e-77
9.0416e-43
7.484e-64
4.3762e-99
3.2224e-91
5.7515e-43
1.124e-70
8.5447e-24
6.0121e-144
2.5306e-10
2.5478e-23
1.4065e-84
5.0791e-77
3.6496e-36
1.1414e-36
9.4132e-50
5.4807e-128
3.7085e-106
1.6463e-10
1.8165e-56
6.3313e-30
16817
3.6774e-50
1.2815e-56
3.4582e-70
8.764e-16
7.4311e-50
2.1454e-77
1.2534e-70
3.4761e-43
0.0028868
2.5636e-120
4.2129e-16
2.8007e-10
1.2301e-70
5.6862e-17
2.6078e-84
2.6703e-56
2004.3
2.5842e-113
3.1541e-30
3.3417e-10
0.00026105
1.5417e-43
1.5568e-91
6.4136e-106
1.1529e-23
1.8737e-16
2.9679e-50
1.0704e-16
3.2188e-16
4.7872e-10
2.9357e-84
4911
1.1515e-49
1.224e-42
0.0041958
2.0801e-91
1.1036e-09
1.2834e-91
1.2451e-56
19036
3.9085e-91
5.0086e-113
5.6182e-84
6.1622e-91
6.482e-57
2.0941e-70
3.7193e-30
6.3555e-37
4.5927e-106
2172.8
9.0639e-17
2.3462e-43
5378.3
8.5365e-57
1.8423e-98
1.1238e-16
4.3919e-10
5599
0.0015314
3.9958e-106
4.4082e-37
0.00069807
1.1628e-98
6.7676e-57
4.2429e-128
9.0942e-37
3.4807e-10
4.6643e-23
1.1263e-29
3.4213e-30
1.2444e-105
1.1439e-120
1.9986e-91
2.75e-43
8.7119e-99
1.4583e-77
1.3934e-23
0.0035559
1.8514e-98
2.8538e-77
6.3591e-57
4.9307e-16
3.029e-106
4.6004e-10
2.3695e-91
5.1287e-113
7.1879e-92
2.9591e-98
2.5623e-120
14508
0.00056471
4.0798e-57
2.3679e-43
5.1557e-91
5.6424e-23
2.0803e-98
2.4716e-23
1.8225e-30
1.9043e-98
0.00073391
5.327e-57
2.3953e-10
8858.4
4.7541e-37
2.595e-84
4.1242e-50
5.6008e-17
7.9258e-99
8.8017e-136
1.7261e-77
1700.2
6.0121e-144
7562.1
4.5112e-10
1.3303e-77
9274.2
8.0911e-92
9.5013e-106
1.4446e-63
2.2349e-70
1.7273e-120
7.2678e-50
5.5606e-10
1.3327e-36
2.0133e-16
6167.2
9.2333e-11
6.7029e-16
1.6245e-23
2.4426e-128
3.5193e-77
1.3907e-106
1.525e-56
2.4296e-105
0.0006756
5.2317e-50
2.1134e-77
6.0121e-144
5.0064e-30
8.8166e-10
2.5489e-43
7.1549e-128
0.001127
3.9787e-113
2.1448e-09
6.5985e-23
3.3229e-91
1.1707e-105
1.4522e-105
1.8051e-49
5.6074e-23
0.0034096
6.2164e-128
11338
4.0986e-128
9.0334e-99
1.3856e-63
0.0048191
6.0121e-144
3.4441e-23
3.454e-30
4.0917e-23
0.0054017
4.3371e-91
4.6533e-63
1.7112e-98
13455
19842
6.0121e-144
7.2124e-120
7.7964e-78
3.4433e-57
8.7045e-64
1.7763e-23
1.2456e-36
6.0121e-144
2.4498e-56
1.6981e-84
1.1822e-56
3.9143e-57
1.4483e-91
1.2472e-135
4.003e-10
3.1034e-30
2.0184e-42
9.7732e-78
1.0224e-63
7.6801e-71
2.9759e-43
7.3777e-99
1.3104e-16
1.3401e-105
2.9971e-70
13787
1.7329e-49
2.0939e-91
2.8351e-10
9.9208e-77
3.2408e-50
7.4782e-84
6.0121e-144
2.8409e-36
4.8244e-10
8.3908e-17
8.0531e-37
1.2867e-42
1.5395e-16
4.5707e-23
3.3876e-84
2.5019e-91
2.9227e-10
5732.8
2.3823e-36
1.2469e-63
7.4592e-43
4.0333e-30
3.0491e-113
1.8427e-70
7.9423e-64
9.2791e-16
1.9627e-84
3.2899e-57
2.8657e-113
2.2183e-09
1.7548e-10
5.6319e-30
2.0353e-63
2.5099e-56
4.7792e-64
3159.6
4.5285e-106
1.5731e-50
4.0352e-77
1.3692e-83
2.3917e-16
1.2019e-70
2844.4
9.8853e-30
2.4987e-50
6.1798e-99
1.8099e-30
5.7036e-30
2.4929e-23
3.465e-43
1.0072e-56
5853.8
4.8973e-84
3.5105e-69
1.1144e-63
2.5062e-50
2.7938e-84
1.6268e-70
3616.7
3.3995e-91
1.2904e-62
1.0287e-56
2.0526e-70
2.2061e-91
4.7591e-43
1.4463e-43
1.4899e-98
9.0755e-128
2.0428e-23
6.0134e-64
1.7242e-56
1.3041e-42
6.7296e-10
5.6793e-23
3.9732e-120
2.8624e-120
8.9659e-10
7.2901e-57
2.6088e-70
4.7555e-84
7.8969e-99
2.9489e-91
1.9203e-120
6.1627e-23
0.0020115
0.0023237
3.7419e-56
3.8529e-17
1.1545e-49
6.3145e-77
4.498e-10
3.3042e-30
2.2217e-91
2.8156e-43
1.4127e-36
8.0567e-57
7.9423e-99
1.1206e-98
7.7752e-10
7.1133e-50
6.0685e-57
2.8668e-127
3.0602e-99
1.4826e-16
1.8575e-23
4.2985e-16
7.1717e-10
1.3381e-98
2.9494e-30
8.1908e-78
4.4619e-105
8345.7
0.0026742
6.0121e-144
2.0907e-63
2.7784e-77
0.0011912
3.619e-16
8.7992e-57
2.0701e-84
4.0925e-10
1.2008e-98
1.5816e-135
8.2021e-10
1.0103e-77
1.2885e-70
3.5102e-50
4.9568e-128
2798.2
4.3927e-113
1.9539e-23
6.4376e-23
1.9361e-70
5.0006e-113
6.7566e-99
3.4507e-16
8.707e-37
2.369e-16
1.5132e-16
0.00063568
2.0931e-91
5.4468e-24
6.3321e-10
0.014024
8.6329e-50
1.9223e-36
8.721e-50
9.381e-50
2.758e-84
2.2667e-84
4.5756e-63
10378
2.0224e-98
8.5885e-57
9.9465e-37
4.3275e-16
2.5215e-84
1.2132e-120
1.3417e-105
2.1317e-70
2.9175e-57
3.7802e-84
3.1893e-77
3.0332e-30
5.9804e-43
13774
1.922e-09
5.9203e-85
8.4706e-136
1.8295e-10
2.1169e-91
5.0943e-113
0.0021556
6.6861e-57
1.7488e-10
1.54e-30
3.3747e-84
1.1991e-49
5.3912e-113
1.3638e-63
3354.2
1.5446e-09
4.4889e-10
7.7735e-24
4.1313e-50
1.1688e-23
0.010536
9.162e-63
4.3974e-50
4.2311e-23
2.2724e-91
1.5735e-120
2.7544e-50
1.1245e-29
4.561e-84
0.0018091
24109
5.1047e-37
0.010574
2.0316e-91
2.2539e-77
3.2475e-43
6.3139e-30
13529
3.3841e-16
3.64e-105
5.6799e-92
1.7487e-120
9.582e-37
0.0015768
8.0597e-128
2.3797e-50
1.1365e-135
4.0173e-106
3.0031e-91
1.0489e-112
2.3272e-63
4.4682e-30
8.1812e-99
1.0877e-70
3.1241e-23
1.2825e-91
1.8241e-16
5.5063e-30
2.621e-43
1.7127e-120
6.2894e-136
1.6148e-23
5.4064e-37
6.0121e-144
2.0427e-50
1.9632e-43
1.6198e-112
1.9304e-84
1.1289e-70
6.0121e-144
2.1229e-120
3.4e-50
5.3171e-17
8.3346e-128
6.7271e-70
4.6685e-29
7.7903e-113
3.0075e-49
1.0903e-36
7.6157e-37
4552.3
3.857e-91
1.334e-77
3.0276e-23
3.2833e-16
5.7074e-57
1.0257e-63
1.5514e-127
2.0711e-10
0.0023175
0.0012385
1.5667e-16
6.4103e-99
1.0771e-29
4.3484e-23
4.8279e-10
8.9287e-30
8.1484e-77
2.8665e-91
1.0845e-56
6.0121e-144
6.293e-85
7.8368e-10
1.2261e-91
8.0448e-99
8.7194e-57
1.5551e-30
7.635e-99
2.1682e-84
6.0121e-144
1.2207e-35
1.7581e-113
1.1091e-105
5.3824e-106
9.8525e-106
1.1724e-22
3.8396e-10
5.5719e-37
8.4748e-50
3.5424e-91
8.8943e-64
1.5689e-16
1.4171e-98
4.6282e-10
2.8304e-43
1.2428e-98
2.5488e-29
5.1408e-50
1.2612e-84
2.5363e-43
1.6782e-10
1.514e-29
7102.5
2.5157e-77
1.9827e-56
7.7683e-136
1.6542e-16
5.1777e-43
5.7504e-10
0.014677
3.6901e-50
7.6088e-36
7.9115e-71
0.0015492
3.0175e-37
1.0143e-91
2.2122e-70
2.4381e-09
6.9513e-99
3.0998e-84
2.6311e-70
1.4674e-56
5.5328e-50
7.281e-43
6.2555e-23
2.2898e-120
4.6602e-23
13740
6.4158e-23
7.7644e-50
3.4331e-106
6.0121e-144
9.7098e-136
5543.4
3.6066e-91
4.3101e-10
5.0183e-10
5.4221e-23
3.3075e-49
1.9333e-16
4.4715e-64
4.8378e-30
0.0011785
2.5367e-29
2.7767e-106
0.0017175
9.4719e-57
1.066e-49
2.5774e-128
4.079e-128
3.5761e-57
1.1004e-16
1.4734e-29
5.9958e-30
14037
1.529e-63
7.4895e-17
4914
8.8794e-99
9.7297e-30
3.6339e-56
2.5782e-105
9.4239e-78
3.665e-30
6.0121e-144
5.4771e-113
1.0056e-91
3.99e-77
9.121e-10
6.0121e-144
2.7916e-36
2.6553e-91
3.9851e-23
5.8848e-36
2.202e-91
2.1366e-43
9.8919e-64
6.0121e-144
1.8682e-77
4.8326e-10
0.00036236
3.9052e-30
5.714e-50
2.3427e-70
2.8142e-43
3.3714e-50
1.2585e-36
1.459e-22
4.6241e-30
4.5911e-36
6.7684e-43
10026
1.5717e-43
1.111e-98
5.9167e-91
3800.9
3.567e-91
1.0848e-10
5.1012e-57
1.5646e-84
2.6129e-120
7.6933e-106
3.8625e-30
9.7677e-113
0.0032294
3340.8
7.8633e-37
1.1052e-56
6.3137e-113
2.4159e-120
1.642e-35
7.1287e-50
8.4169e-63
5.3204e-37
1.2164e-112
1.1715e-23
6.0784e-09
1.743e-56
4.9447e-70
0.00086785
1.6307e-98
7.4846e-10
2.6417e-30
7.1144e-120
1.6404e-127
5.356e-106
0.001893
6.6516e-37
1.7548e-98
1.7391e-105
9.438e-17
1.5971e-91
3.806e-70
1.0515e-120
1.1538e-36
0.0029466
6.0121e-144
2.9381e-16
7725.3
0.0011734
4.3958e-120
0.00057651
7.4587e-30
1.0968e-77
8.4715e-84
2.0154e-30
4.3726e-77
1.8714e-98
1.7965e-91
0.0025051
3.8273e-70
3.9641e-106
1.0282e-135
1.7694e-106
0.0029684
1.1951e-70
1.5556e-120
3.2009e-56
4.8356e-77
8.7722e-37
1.0563e-98
8.5208e-64
1.5319e-135
3.6135e-16
3.2643e-91
4.6577e-71
2.2513e-70
5.1042e-30
4.5048e-10
5.8234e-64
8.5852e-64
6.0267e-57
2.1925e-23
9.3556e-17
7147.4
2.6467e-91
3.8063e-50
2.0208e-70
1.8948e-135
1.6664e-105
9.944e-85
0.0010116
1.5363e-77
2.0011e-128
5.1794e-10
8.6026e-99
10053
8.7243e-99
1.4636e-16
1.2455e-36
1.7452e-70
2.2515e-16
0.00048019
2.54e-105
4.1969e-106
1.0774e-70
4.4106e-43
1.9453e-84
1.3209e-36
2.2399e-135
2.6658e-10
3.5391e-10
3.3992e-50
3.2078e-84
3.8165e-113
9.0507e-23
1.4645e-29
4.5495e-70
4.9309e-99
3.4874e-30
1.1713e-70
2.5792e-91
1.2969e-36
3.8642e-30
1.2383e-70
7.9939e-106
3.5287e-77
2.92e-113
4.7238e-63
10834
4.5159e-136
1.5049e-63
1.0004e-36
1.7342e-10
32602
7.303e-50
0.0029893
1.7241e-56
4.0236e-23
4.9354e-120
1.6452e-77
5.175e-99
3.4273e-57
1.9082e-43
6.198e-113
0.0053619
0.0012083
2.6098e-77
1.7351e-30
1.4525e-16
1.4939e-69
0.00039085
3.1009e-10
8.8948e-99
29755
6.0677e-30
5.0048e-77
7.4675e-99
3.0483e-77
1.6679e-42
2.8032e-43
6846.4
1.0527e-29
3.7215e-77
4407.2
5.6986e-57
1.3084e-120
2.1408e-91
2.4257e-91
6.9546e-30
7.6157e-50
1.1753e-70
1.2349e-23
1.116e-120
4646.3
1.1688e-49
1.1468e-83
9.4487e-113
6.0558e-121
1.8422e-84
9.5779e-106
0.0056081
1.9669e-16
8.4566e-121
1.0901e-29
1.38e-36
1.9176e-10
3.7369e-113
1.8571e-84
0.0030072
3.0365e-120
6.0121e-144
8.2139e-99
1.149e-120
3.1709e-128
5.3744e-17
1.8638e-105
4.9298e-57
9854.5
0.00096319
9.2146e-50
7.4777e-30
0.00479
6.2908e-128
8.1453e-50
9.0036e-57
5.6964e-113
6.2247e-128
4.2049e-23
4.1853e-57
6.6299e-10
5.3876e-99
50066
1.2292e-56
1.2212e-98
1.0006e-98
1.2386e-113
1.2804e-63
3.9732e-49
8.6791e-50
6.7703e-24
5.4419e-23
3.5218e-50
1.5318e-127
4.5412e-99
6.0121e-144
5.0461e-16
0.0029166
6.2148e-71
1.6128e-56
4.2746e-77
4.0614e-43
5.8294e-23
2.7844e-63
3.1205e-70
1.5032e-56
2.0977e-91
0.0019438
0.0016161
2.6004e-77
0.0033686
1.7305e-36
3.8063e-91
2.5221e-36
1.2604e-42
3.5631e-70
7.2347e-136
5.738e-99
1.862e-16
16331
1.1326e-49
5.546e-30
4.3145e-37
3.156e-43
0.00085664
3.497e-50
1.2621e-70
4.8483e-128
1.5671e-63
5.5006e-10
1.7408e-63
0.0015697
1.8497e-49
8.0294e-36
5182.7
6.6293e-106
7.6592e-57
4.431e-30
9.0028e-43
0.0075277
3.3722e-37
1.3108e-120
0.0011422
6.4216e-44
5.9313e-30
5.0599e-99
8.7053e-99
8.3034e-91
1.984e-16
1.6581e-16
2.2513e-91
1.0498e-56
1.334e-16
1.976e-36
2.2329e-43
2.7027e-10
6.4938e-128
4.187e-10
2.8395e-84
4597
9.2592e-57
8.3954e-10
1.435e-76
0.00081586
3.8435e-10
3.1395e-91
5.8471e-99
6.4831e-92
2.0094e-56
1.2485e-15
1.424e-120
6.2184e-77
3.2822e-43
2.6986e-113
2.8651e-91
1.3601e-23
1.9237e-16
3.8171e-113
3.5967e-30
6.1231e-128
4.1721e-10
8170.5
3.849e-120
1.5556e-120
4.4115e-63
2.6802e-10
6.0121e-144
9.381e-64
7.2559e-57
1.9459e-49
7.1584e-37
6.0121e-144
2.5215e-91
3.5204e-98
8.0046e-70
1.3743e-128
0.0058163
3.1734e-106
1.8636e-30
3.6284e-50
5.1028e-106
7.5138e-85
3986.4
3276.8
1.8693e-105
9.2039e-114
1.0531e-112
1.6873e-63
1.9043e-23
8.1751e-113
4.1236e-121
1.5591e-112
2258.9
4.9161e-120
7.0689e-44
1.5351e-49
0.0014797
8.8943e-78
8.7061e-50
3.8614e-106
1.1816e-23
2389.1
7.5306e-99
1.5128e-91
1.8998e-120
3.3871e-36
2.8987e-120
5.7e-78
5.0067e-50
6.2431e-50
4.6326e-136
1.806e-105
9.1058e-43
5.722e-43
1.2504e-91
6.0121e-144
2.9676e-16
2.0693e-63
25997
4086
0.0019095
2.0633e-30
1.4411e-56
1.1631e-29
1.312e-23
3.5818e-23
1662.7
1.0957e-16
1.0856e-98
8.7004e-17
5.1422e-50
2.2212e-10
4.7125e-91
1.9782e-98
8141
0.00090663
6.0121e-144
7.362e-64
6.0121e-144
3.6532e-36
6.8092e-78
3.7711e-30
4.0895e-30
4.8698e-91
3.6906e-50
1.6225e-36
2.4829e-36
1.4039e-16
1.8423e-113
6.8827e-30
3.3797e-136
0.0039952
1.7059e-77
4.1622e-120
1.487e-36
1.2468e-127
6.0121e-144
1.1113e-120
1.3166e-36
6.0121e-144
2.6093e-16
8.4023e-37
7.3083e-136
7.5344e-50
1.8334e-36
1.1477e-36
1.1088e-56
7.0557e-36
7.8999e-10
0.00072792
9.958e-23
6.4018e-91
8.5158e-106
2.0027e-98
4072.6
1.1879e-42
7.1047e-37
4.2184e-91
2.1468e-84
3.4119e-84
5.4372e-30
4.8186e-30
2.4069e-128
2.1866e-49
7.183e-17
1.4444e-98
1.0171e-49
4.2861e-106
2.0054e-56
5.8964e-63
4.8445e-91
8.1382e-43
7.5567e-43
6.0121e-144
5.7311e-64
6.1355e-16
4.7307e-106
2542.1
4.7136e-30
6103
1.0985e-98
1.095e-63
1.2526e-70
4.0314e-113
2.3244e-113
8.1462e-99
1.7323e-98
1.525e-70
7.1502e-17
1.0143e-98
7.4661e-106
1.2005e-49
1.6114e-10
1.6674e-84
11975
1.9481e-10
6.5136e-121
1.8084e-91
3.0731e-63
6.0121e-144
5.3986e-78
1.9733e-106
1.1613e-91
2.7784e-91
1.5778e-23
8.2349e-136
1.4748e-120
1.4039e-70
2.5922e-128
5.0386e-23
6.1016e-106
7.129e-16
1.0527e-49
2.7916e-105
1.5004e-98
1.2198e-49
3.6121e-91
2.1148e-23
2.4764e-49
3.1475e-84
8.2192e-17
1.2321e-91
2.1387e-63
8.9213e-64
1.7995e-84
1.0585e-36
3.47e-106
3.1304e-16
5.0037e-43
4.2322e-63
2.7811e-23
6.8656e-57
1.276e-91
2.3813e-16
5.3681e-43
1.8093e-49
1.3445e-135
2.7781e-16
2.2035e-16
7.484e-128
1.1609e-128
3.9854e-113
3.8432e-36
6.4271e-37
3.2623e-91
6.0121e-144
2.0122e-43
3.1254e-70
1.2553e-98
1.5521e-23
6.0782e-128
2.8032e-91
5.259e-64
5.8099e-77
6.2773e-43
1.4097e-70
1.4005e-84
2.5488e-49
3.608e-23
4.3944e-106
6.8304e-64
1.6871e-56
2.3357e-63
5.7429e-106
5764.2
1.4038e-49
8.7722e-43
2.7084e-91
6.3729e-44
6.0633e-70
3.1692e-50
1.0376e-56
6.5128e-64
3.5824e-16
1.7139e-16
1.2784e-120
1.7803e-70
6.9213e-99
7.4179e-113
1.5128e-63
1.4893e-63
0.00096369
1.4843e-98
1.5348e-49
0.0095544
5.5157e-57
4.8803e-70
6.5373e-50
2.8828e-113
3.3271e-113
1.4055e-84
8.7822e-64
3.1235e-10
1.0917e-91
2.3316e-30
6.0121e-144
4.2437e-17
7.0075e-30
8.8059e-63
1.9773e-22
6.1713e-43
3.589e-120
5.9539e-30
0.0041177
0.0006773
3.6466e-43
1.1293e-10
4.0391e-106
6.58e-98
5.9636e-113
8.6197e-50
3.5232e-23
0.0077
3.7096e-43
5.3386e-50
1.4809e-10
3.5777e-30
6.0121e-144
7.3953e-43
2.9514e-36
1.5159e-56
1.5662e-84
1.5992e-36
8422.2
0.00041037
10550
5.4557e-99
8.9386e-64
1.888e-36
3.0513e-30
2.8552e-30
1.0434e-135
10758
1.9773e-91
2.0456e-16
1.5713e-36
4772.3
2.3923e-43
7.2678e-50
2.3755e-120
9.3532e-92
6995.9
1.0132e-56
0.00095104
5.1284e-43
5.7903e-23
5.3009e-99
2.2257e-29
5.419e-106
2.7905e-16
4.5002e-106
2.6589e-135
4.0391e-16
2.9613e-77
3.1411e-91
4.2636e-57
5.1656e-113
1.4618e-120
2.5918e-113
4.5866e-84
6.0121e-144
4.4707e-113
1.5935e-84
2.9946e-70
1.0503e-56
2.9442e-43
2.7753e-10
7.1064e-92
1.1045e-49
2.3386e-77
2.1431e-10
1.0238e-98
1.979e-113
1.7112e-113
2.2404e-91
6.6759e-10
6.6822e-128
1.0553e-36
6.0352e-10
4.4751e-17
4.2826e-43
5.6917e-30
8.3858e-37
1.496e-16
0.0020122
7.005e-71
6.1269e-30
2.351e-09
1.7354e-16
8.3428e-43
1.8759e-128
4.9494e-63
1.1639e-98
9.2837e-114
2.0651e-70
4855.2
1.9568e-98
1.8706e-84
1.2948e-70
2.2213e-63
1.635e-63
2.2731e-56
5.7507e-91
9.1793e-121
5.3835e-106
3.9416e-50
8.997e-37
2.18e-16
1.7228e-42
3.2056e-99
7435.2
8.4974e-10
0.00086722
4.2908e-128
2.0582e-43
4.3847e-30
8.2563e-50
2.1332e-30
5635.5
5227.1
5.8126e-113
1.0872e-49
8.2745e-91
4.9662e-128
1.1458e-120
9.5394e-99
36794
6.0121e-144
1.5096e-128
1.5976e-70
3.4331e-43
2.2404e-42
4785.1
1.1854e-49
6.0121e-144
4.7979e-64
3.1948e-30
0.0040124
1.5439e-43
3.3433e-50
5.0037e-50
6.2175e-106
1.4345e-16
4.0294e-43
1.9519e-112
1.1301e-77
6.499e-77
3.8777e-113
0.0011291
7.0648e-43
2.5606e-10
1.6651e-98
2.6002e-70
7.349e-57
1.7057e-43
3.2959e-98
7.227e-57
3.3868e-10
1.8845e-30
1.3374e-70
6.7114e-37
2.9965e-10
20091
1.57e-91
1.5585e-84
2.4197e-105
2.7416e-10
4.0355e-77
2.0358e-99
3.1568e-135
6.0121e-144
1.3735e-84
1.6343e-84
4.7599e-121
2.5666e-10
6.7332e-77
1.3851e-36
2.1925e-63
1.6793e-120
7.2256e-23
1.6117e-16
3.8595e-43
2.9987e-70
0.0077044
9.3284e-30
1.1045e-77
18835
1.9507e-36
9.0474e-37
4.2349e-10
2.9414e-50
3.3607e-70
2.5451e-91
2.0222e-120
1.8183e-98
1.4543e-70
5413
0.0015901
1.9523e-84
6.0121e-144
4.5048e-106
9.9891e-106
1.103e-16
1.6209e-84
7222.6
0.0097679
0.004037
1.3649e-70
2.3864e-43
9.2328e-71
5.2893e-106
1.4116e-70
5.3546e-23
8.9651e-64
4.7205e-113
2.0721e-77
1.9576e-10
8.81e-37
7.354e-106
0.00073769
6.2387e-106
1.7097e-16
3.1497e-70
2.1434e-77
1.7792e-120
2.5913e-98
1.1022e-112
1.3249e-56
1.6547e-70
5.273e-84
23851
23790
3948.9
5.738e-10
1.4013e-16
4003.1
3.1805e-16
3207.4
0.0018201
7.6077e-99
2.468e-36
1.4636e-56
8.426e-36
9.9792e-50
2.3532e-23
2.2229e-84
9.3375e-85
1.2023e-43
8.1542e-57
9.9407e-99
2.9825e-43
4.4219e-30
6.0121e-144
1.6608e-105
5.2582e-10
1.1049e-49
6.7546e-128
7520.8
2.6115e-16
1.4529e-49
8.5935e-121
5.5934e-70
8.9675e-50
2.6462e-49
3.2543e-127
2.0389e-10
5.0717e-120
2.0437e-84
0.0015776
1.9239e-23
1.7599e-120
4.3013e-113
2.8828e-50
2.2407e-10
2.9301e-43
0.0013942
2.7458e-50
1.1197e-36
7.3788e-30
1.0033e-09
2.6403e-106
7.416e-136
0.003722
2.8227e-113
6.0121e-144
1.7753e-83
3.8071e-113
6.0817e-84
1.2286e-42
4.6792e-63
8.1277e-17
1.927e-16
3.1271e-77
6.0512e-84
3.4582e-113
8.9929e-36
2.5525e-91
8.1712e-113
1.3859e-56
2.0955e-91
0.00098355
1.4314e-56
7.5176e-50
2.6561e-70
6.0121e-144
0.0029557
1.8084e-16
2.565e-84
1.0017e-113
4.2567e-113
7.2763e-106
1.3314e-29
6.7764e-106
1.8639e-63
4125.2
4.1121e-91
3.8129e-113
5.8559e-50
1.2865e-16
3.5144e-77
6.1118e-77
8.9419e-30
7.5614e-57
2.9442e-50
3947.9
2.7613e-49
1.5029e-56
7.6159e-44
7.9721e-30
5.1149e-136
1.0275e-56
1.1707e-49
1.2797e-36
3.4673e-56
7.0662e-57
3.7669e-56
2.4474e-105
1.4132e-70
5.3039e-23
0.0025609
1.3537e-16
1.7766e-70
1.6363e-16
1.2793e-63
1.4119e-29
4.0338e-43
4.3082e-77
1.9394e-23
5.7625e-50
2727.7
1.4997e-77
6.0121e-144
3.6143e-84
8.8981e-128
2.8808e-113
1.9772e-63
6.3313e-91
1.8579e-98
1.8624e-57
6.3093e-30
1.2733e-127
6.0963e-23
1.6008e-23
1.0896e-36
1.5453e-120
8467
2.0196e-42
2.0648e-43
7.0433e-128
1.1591e-56
1.7273e-36
2.6679e-36
1.8395e-57
1.0354e-120
7.0717e-23
1.4089e-16
4116.5
4.588e-84
4.8491e-106
1.9691e-77
1.0411e-42
9.1554e-30
6.802e-43
1.6673e-10
1.794e-36
9.3176e-37
6.4814e-10
6.3305e-10
0.0044049
5.3336e-43
1.5504e-23
1.1484e-23
2.1716e-30
1.263e-23
1.2885e-84
6.22e-37
0.0020684
6.8136e-50
0.00098635
1.3067e-23
2.4915e-56
2.3392e-36
2.5506e-23
1.4412e-23
4.5522e-84
4.193e-99
3.6333e-77
3.1684e-113
2.1374e-10
2.6036e-77
6.0121e-144
1.7261e-91
1.3279e-36
8.6213e-57
2.3462e-77
7.2182e-57
2.9048e-43
3.4301e-70
1.9452e-63
1.5411e-84
2.6511e-43
4.3542e-23
1.6222e-23
6.5905e-30
3.6741e-56
1.3086e-43
1.2381e-36
9.9748e-10
1.9272e-70
2.8167e-23
4105.4
5.1444e-99
6.4671e-106
1.4446e-63
1.9439e-16
0.0025875
8.7541e-136
2.7258e-36
1.0827e-70
4.003e-106
5.0345e-50
8.3092e-99
7.857e-113
2.8607e-113
0.00063673
2.1939e-23
1.3516e-63
19392
7.6113e-121
1.2451e-16
3.9584e-50
6.0121e-144
8.5555e-77
5.1417e-50
3.5893e-106
8.8059e-37
5.3047e-43
6.0121e-144
5.7978e-30
9.1595e-64
1.9013e-36
4.2564e-113
8440.1
3.0293e-36
5.1042e-43
2.2594e-128
2.9949e-84
4.9736e-77
1.4099e-56
6.0121e-144
9.3565e-136
1.3864e-16
0.0025669
3.7342e-10
1.1191e-29
5.6295e-64
7.5716e-57
1.3026e-98
6.7855e-99
9.4487e-50
3.7945e-106
2.3712e-10
7.2714e-64
2.5968e-36
3.0142e-23
5.8498e-63
7.9724e-78
1.5703e-50
2.475e-50
6.2704e-30
2.4079e-30
2.2145e-43
4.4732e-23
1.8181e-22
1.0044e-63
1.4266e-36
2.5854e-77
4.0479e-23
1.4132e-63
3.2921e-43
2.3941e-70
1.3971e-56
1.2339e-63
3.0646e-91
7.9019e-37
7.013e-121
2.196e-16
3.1695e-30
5.6308e-92
1.1363e-83
6.7224e-10
2.3368e-98
8.648e-10
7.3692e-121
1.0671e-98
1.3466e-16
5.2235e-43
0.0031194
4.8739e-57
9.8952e-23
1.3356e-56
1.0595e-63
2.0967e-70
9.5168e-10
1.2668e-112
1.5177e-56
1.9007e-84
1.7276e-29
2.208e-23
17236
4.1178e-113
5.43e-43
4.8811e-106
1.3775e-128
8.1332e-30
6.9408e-23
2.3561e-63
2.7629e-49
4.5371e-10
2.6223e-113
7.9495e-30
7.4744e-92
5.1783e-57
9.7008e-85
5.5543e-50
8.0688e-43
5.0629e-71
1.9746e-16
1.9584e-70
1.1046e-70
3.5218e-56
4940
1.3901e-43
5.6452e-70
1.4913e-113
3.9041e-113
6.9791e-106
1.9308e-23
5747.6
2.1457e-23
1.165e-84
8.8373e-99
4.85e-43
2.782e-37
8.2679e-37
8.4318e-30
2.0557e-49
1.8009e-16
1.606e-98
6.6109e-113
6.6087e-50
7481.2
8793.7
1.5585e-69
4.0407e-50
1.9769e-91
5.8035e-113
3.4846e-91
1.0482e-63
6.0121e-144
5.3436e-128
2.1138e-10
1.179e-56
9.4372e-92
2.1121e-113
4.4164e-43
3.8829e-36
5.2045e-106
1.2244e-63
3.218e-50
2.8426e-91
5.4871e-136
3.3775e-30
9.7561e-17
0.00099933
3.611e-63
12337
1.4968e-120
3.4262e-43
5.4648e-30
4.6238e-91
6.569e-106
1.8315e-98
1.7413e-56
0.0036204
4.3867e-120
1.3753e-36
9.4923e-23
8.7309e-24
1.1334e-70
8735.6
7.8897e-57
7.1359e-10
8.6519e-106
1.2449e-42
1.9105e-77
5.6319e-23
3.6529e-50
2.7228e-30
1.5141e-43
1.072e-135
1.2735e-120
3.3852e-63
5.5231e-64
1.2982e-84
9.303e-10
4.0344e-10
1.6231e-84
2.5666e-84
4.0922e-30
3.9757e-77
2.1838e-29
6.3864e-84
5005.1
0.00057558
4258
11586
10040
3.4835e-77
9.8484e-57
6217.8
2.1876e-113
6.1231e-36
6.0121e-144
6.3431e-10
1.8327e-23
6.0121e-144
3.1849e-113
3.3904e-36
5.5614e-70
8.51e-37
0.0043262
2.4594e-36
8.3792e-71
6.2812e-128
3.8622e-50
1.7272e-98
3.8807e-23
4.2633e-56
4.0093e-70
2.0078e-50
3.8256e-23
4.4531e-98
1.158e-56
5.3135e-37
1.5879e-49
3.9796e-43
5.6928e-23
1.0483e-16
1.3979e-10
9.6801e-30
1.2967e-09
2.0801e-91
5.8013e-10
0.00049136
6.0121e-144
7.4702e-17
0.0010195
7.0472e-57
2.969e-50
2.7106e-50
2.7493e-16
6.4803e-36
1.8362e-70
1.4236e-29
1.7916e-70
6.0121e-144
5.4152e-136
3.5017e-84
2.157e-36
4.7613e-23
0.0027229
4.9937e-10
3.5402e-23
4.4737e-30
1.4911e-84
8.1098e-128
6.0121e-144
5760.6
1.2839e-16
10170
4.937e-98
6.7194e-37
9.016e-10
4.8731e-99
9.5046e-64
1.1242e-43
6.0121e-144
3.4127e-106
5.2686e-43
5.1954e-43
1.0127e-76
2.8246e-43
1.9308e-16
4.9629e-23
2.3699e-91
6.9673e-57
2.0631e-17
6.1707e-30
1.5851e-77
2.1032e-98
3.6339e-120
1.0896e-113
4843.6
5.2331e-57
1.766e-63
4.5709e-70
2.5381e-91
2.7278e-36
6.6054e-50
4.1258e-43
6.2853e-57
3.4706e-120
2.2114e-10
1.8484e-105
3.8419e-128
2.3793e-98
2.2874e-77
9.8005e-136
7.9636e-37
7.6964e-50
2.008e-70
8.5241e-85
9.8096e-17
1.407e-84
2.2237e-30
1.1538e-42
2.5215e-30
2.8478e-56
1.1651e-120
1.7818e-43
3.2119e-36
7.4124e-10
5.0475e-106
2.0943e-36
2.6641e-23
12021
0.0015559
6222.3
1.5638e-43
1.0581e-135
1.2452e-22
5781.1
9.5195e-92
8.6626e-30
0.0015252
2.6874e-50
8.7822e-121
9.0292e-30
5.8011e-37
0.0023905
2.0637e-10
6.8689e-106
1.0554e-16
1.3503e-29
1.0494e-98
1.1524e-77
3.1073e-57
3.8063e-113
1.9054e-50
5.6862e-91
6.0121e-144
5.7052e-106
1.8841e-36
4.5927e-57
1.807e-23
1.4775e-98
3.091e-63
8.0663e-24
2.0843e-105
3.3885e-98
5877.2
1.0099e-127
8.0597e-92
6217.9
5.8465e-37
1.6715e-105
2.1159e-49
0.00058955
3.0615e-49
5.3639e-50
1.489e-42
4.309e-136
1.8115e-84
2.7547e-91
1.9795e-98
6.0121e-144
5.4427e-92
4.6698e-70
1.9287e-43
5.7372e-121
5.8658e-37
1.0904e-127
1.6065e-83
1.0809e-42
7.8374e-30
3.3535e-23
9.6564e-17
8.6651e-57
1.0625e-105
2.2006e-135
3.9504e-128
1.2902e-16
0.001728
9.04e-70
6.9439e-57
5725.6
2.3779e-56
1.3138e-56
3.2643e-91
1.1621e-70
1.06e-56
5.1901e-57
1.9398e-43
0.0030019
2.4134e-70
4.6651e-106
4.5866e-50
3.9432e-23
5.0006e-113
9.2377e-77
4.7189e-64
3.0219e-23
1.7999e-63
2.188e-112
8.1142e-121
9.5137e-30
4.4184e-23
2.761e-43
2.611e-43
1.3933e-09
4.1234e-23
1.2233e-91
1.1056e-56
2.4708e-91
1.3601e-49
0.0020009
6.3506e-120
4758.5
3.0439e-17
4.0617e-64
2.0152e-113
3.0825e-36
3.6022e-70
0.00096906
6.0121e-144
7.5972e-70
7.2243e-77
1.8498e-49
2.942e-84
8.881e-57
3803.2
0.0010097
3.5568e-77
9.2287e-106
4.7715e-30
6.7456e-10
2.4378e-70
6.9428e-57
1.1527e-63
3.3753e-77
2.5051e-23
4.5993e-91
2.3241e-77
1.1064e-09
2.4098e-113
4.2476e-50
1.7063e-43
4.287e-16
1.235e-70
3.4843e-113
1.2484e-42
3.2755e-36
1.4111e-84
4693.9
1.0531e-22
1.2114e-29
2.4284e-91
1.847e-16
0.009121
6.9392e-10
4.1889e-106
7.3777e-64
0.0013221
7.9591e-37
7.627e-106
1.8334e-105
7.0821e-84
7.497e-50
1.9757e-63
3.4788e-128
2.2351e-10
6.0121e-144
9026.6
5.4683e-128
1.1153e-105
1.8873e-29
5.3163e-36
7.9429e-77
5.814e-43
1.1272e-105
9.119e-120
1.7332e-84
2.6944e-16
1.0072e-49
1.0945e-91
1.6341e-50
1.8509e-84
3.8165e-128
9.7355e-64
7.909e-37
4148.3
0.0056987
1.2732e-49
7.3091e-50
7.7517e-23
2.2017e-36
2.9241e-16
2.2719e-16
9.4889e-43
8.0985e-57
3.8198e-57
0.00121
1.1275e-49
1.9543e-84
19140
1.825e-56
0.001007
0.0012936
5.8903e-106
3.6064e-63
1.0189e-23
3.1166e-16
2.1712e-84
1.2961e-56
1.0951e-98
9.2196e-121
8.8472e-57
3318.8
2.8492e-128
7.9721e-36
3.7757e-43
2.7775e-98
1.5703e-91
2.6331e-63
1.058e-120
2.1656e-136
1.4722e-09
4.7795e-36
4.3746e-136
2.6012e-16
8.3858e-10
4.2564e-113
3.0299e-84
4.8238e-106
3.567e-10
6.0121e-144
9.2642e-136
1.806e-43
6.7026e-99
6.074e-24
1.1308e-42
4.6222e-98
4.2242e-97
3.9435e-84
6.0121e-144
1.213e-16
2.2009e-56
3.3441e-106
2.8924e-76
3.1734e-64
3.7262e-64
2.5506e-36
2824
1.3545e-23
8.6163e-50
1.7334e-120
2.2028e-56
1.4546e-36
3.7377e-70
4.3335e-70
4.0462e-16
2.5205e-56
9.9407e-71
6.0121e-144
1.6945e-113
4.4544e-63
0.0011076
1.4005e-120
6.1933e-43
6.4809e-37
6.3214e-17
0.00094327
6.499e-99
12835
1.0715e-49
6.0121e-144
6.0121e-144
4.2996e-70
7.4689e-57
6.9833e-43
4.8684e-30
4.701e-17
6.0121e-144
8.5175e-23
1.0426e-29
5.9313e-57
6.726e-10
3.7656e-36
4.3203e-50
3970
1.9317e-10
4.4296e-106
7.2491e-136
9.0909e-64
0.00099155
1.2783e-23
6.6734e-43
3.0343e-70
1.0201e-16
6.0121e-144
3.7127e-50
1.0749e-16
3.2571e-91
4.3084e-50
2.5114e-10
9.1058e-37
4.7125e-63
2.9318e-91
0.00080423
3.8366e-43
4.4407e-63
3.7176e-10
8.1503e-99
5.1866e-63
3387.6
1.2331e-63
5.5331e-17
3.4056e-16
7.0766e-30
5.9479e-36
2.7122e-113
2.2493e-70
4.6522e-99
3.8363e-70
5.6972e-136
1.848e-84
7384.3
1.1443e-22
5.8344e-106
4.7467e-23
1.2081e-63
6.0121e-144
5.9561e-99
1.2705e-29
1.588e-91
0.0023674
1.4543e-98
2.8023e-10
2.0581e-63
3.5606e-10
3.6774e-70
3.9796e-23
4.7814e-43
7.1224e-106
1.502e-23
0.0093946
4.2597e-77
2.6469e-84
1.4539e-22
4.2071e-16
3.4301e-30
4.3503e-50
1.3701e-98
6.0121e-144
6.3789e-84
1.361e-105
6.0121e-144
2.2829e-84
4.247e-77
2.8558e-77
7.4482e-23
1.8463e-09
3.3921e-30
0.0013073
6.0121e-144
7.1678e-106
1.4229e-56
3.289e-56
7.3339e-57
2.7685e-84
8.8948e-121
6.0063e-17
4.7412e-57
4.4503e-43
3.2444e-120
5.8674e-57
3.1992e-91
3.0073e-113
5.0086e-63
1.6658e-63
8.1156e-136
0.049157
1.1752e-84
3.4885e-37
2.6172e-77
1.6466e-84
3.8479e-43
5.3562e-10
1.2537e-113
1.3438e-63
5.3336e-29
0.0017244
7.4364e-30
1.2444e-135
1.9257e-77
2.6715e-10
1.3319e-36
7.5297e-43
3.0764e-91
6.231e-43
1.5245e-23
6.934e-106
2.4684e-50
4.2699e-50
4.5112e-23
1.0738e-56
4960.1
1.9977e-91
3.2742e-43
1.7896e-70
9.1504e-23
11659
1.2646e-36
3.8228e-113
1.2969e-43
1.098e-16
2.6595e-43
3.0665e-16
1.4393e-91
7.151e-106
2.8252e-36
6.0121e-144
7.6699e-84
0.0013459
4.3288e-10
2.5031e-50
1.0793e-76
4.1104e-50
7.005e-50
2.0993e-113
3.2772e-30
2.6592e-56
9964.1
1.4964e-36
1.5545e-36
6.9251e-23
1.2609e-70
1.114e-63
7.9305e-106
4.5203e-10
4.5646e-91
5.0918e-113
6.3492e-70
1.5214e-36
3.9022e-84
8135.5
7.1871e-43
6.0121e-144
5.0293e-128
1.2424e-84
5.2342e-77
1.3616e-36
7242.8
3.9738e-85
6.0121e-144
4367.9
2.3959e-57
5451.8
3.8779e-63
4.3137e-64
3.27e-99
6.4809e-128
3.7383e-23
9.1199e-71
5.8768e-10
3887.7
8.7508e-57
4.4137e-17
2.5297e-77
9.6217e-57
6.5065e-10
5.7107e-57
1.5173e-16
7986
2.4467e-16
2.7514e-63
7.8085e-30
9.9027e-17
8.4293e-99
4.9152e-57
4.1977e-50
2.3561e-36
1.063e-135
4.239e-106
0.0011655
6.2087e-136
2.5203e-98
1.0715e-77
1.0672e-91
9.5608e-64
6.0121e-144
6.0121e-144
1.7075e-98
4.1845e-64
4.3861e-10
1.9574e-105
3.0555e-30
1.538e-91
1.8947e-56
6.0121e-144
4.9789e-17
5.4865e-30
7.9027e-57
1.2975e-98
1.1207e-09
5.0689e-113
1.4818e-120
4.7318e-10
8.2894e-57
1.7046e-106
0.0010269
2.8866e-16
2.3773e-84
1.4384e-63
7.6385e-23
1.5346e-29
9.6867e-57
0.0023131
6.0121e-144
2.9519e-50
2.321e-128
2.1518e-98
3.714e-136
3.7449e-30
9.3942e-57
2.9781e-106
1.6677e-84
6.0121e-144
2.0977e-09
1.3518e-29
3.7879e-106
4.255e-121
0.0037769
2.1294e-23
7.654e-30
1.1036e-29
5.6598e-16
1.5345e-91
1.6816e-98
1.4285e-83
6.0121e-144
0.00045464
5.7611e-37
5.5474e-84
5.397e-113
0.00089991
1.2858e-84
1.2129e-105
0.0015158
2.1524e-84
8.0049e-121
1.2357e-83
0.001211
8.4905e-57
4.7987e-98
2.2834e-16
6.307e-43
7.7531e-43
6.6505e-136
3.8319e-64
1.0652e-23
1.4779e-16
6.0699e-91
5.2006e-30
1.9753e-10
7.3234e-50
2.0382e-84
1.4492e-30
7.4416e-99
1.4725e-36
1.2505e-50
1.3118e-63
4.8938e-106
6.2823e-43
3.5796e-29
7.2386e-99
6.0121e-144
9.5352e-44
1.4619e-98
9.0788e-10
6.1589e-37
2.8304e-36
2.7441e-84
2.8023e-70
1.1875e-120
3883.8
2.2461e-98
6.298e-99
7.9939e-77
4.8114e-36
1.8387e-84
2.6134e-50
2.6204e-84
1.3024e-23
1.5789e-120
1.6771e-70
2.5946e-36
5.0362e-30
6.9764e-128
1.3954e-127
4.3225e-57
0.0020772
7.8041e-77
3.4056e-77
6.1286e-50
4172.3
1.0116e-135
1.2725e-63
8.3034e-113
2.8797e-30
5.836e-23
2.5788e-09
3.7094e-70
4.0986e-29
3.2648e-49
1.143e-29
6606.4
2.9728e-99
6.0592e-136
5.5099e-30
7.9272e-37
1.1706e-23
5.2116e-113
5.0852e-43
1.3567e-10
1.1921e-10
1.9641e-43
1.8487e-63
2.4396e-77
3.0354e-63
9.2986e-50
3.8005e-16
1.2145e-36
1972.5
4.1928e-43
8.8753e-37
4.1757e-63
6.6183e-106
14743
0.0010706
4.0008e-84
8.1327e-57
9.2179e-63
1.4931e-84
8.1643e-106
1.77e-10
1.5799e-36
1.1376e-36
5.7909e-16
2.7842e-77
1.3118e-113
8.2013e-99
4.0473e-63
5.4791e-30
5.7578e-99
3.819e-43
6.4437e-10
1.9665e-105
3.5992e-50
0.0010946
1.6865e-16
0.0073109
9.1727e-64
1.7248e-84
2.3388e-120
6.7362e-99
4902.4
1.3538e-98
1.2878e-29
3.7945e-36
4.3291e-50
0.0014363
1.5842e-36
3.099e-23
1.6014e-113
3.0161e-77
1.1325e-49
4737.2
4.9466e-77
0.0019787
5.5174e-16
1.2561e-63
1.019e-98
8.6205e-121
3.2907e-57
2.0304e-23
11265
6.0817e-50
2.9233e-16
9.822e-113
1.4485e-36
7.5606e-57
8.553e-70
1.6371e-49
1.2653e-135
2.392e-43
16968
3369.6
9564.2
9.5501e-17
5.4719e-136
0.0039815
3.0731e-43
1.5339e-16
5.6454e-70
8.1814e-92
2.7102e-43
27694
3.5314e-50
2.2577e-56
4.2233e-120
4.8067e-57
6.0121e-144
4.7401e-10
1.5067e-49
2.3423e-10
0.0010854
4.2883e-10
7.749e-30
3.0852e-10
5.2452e-77
6410.7
3.9815e-29
1.9087e-120
6.2922e-106
2.8987e-63
3.1056e-36
8.8315e-30
14770
3.6022e-120
1.8787e-70
4.1101e-09
6.0121e-144
1.3468e-36
6.4685e-106
4.3203e-23
7.6534e-70
1.9117e-77
5.6157e-10
2.4594e-29
4.8602e-64
24430
5.6198e-10
4.3153e-30
26231
4.2024e-23
4.6844e-77
5.4642e-30
7.3771e-30
4.6979e-30
4688.1
0.0017731
7.3479e-57
3.4364e-77
5.8842e-64
3.5182e-36
2.604e-128
4.9505e-23
1.0853e-43
2.3269e-77
6.0121e-144
2.0731e-113
9.4454e-17
0.00075913
6575.6
2.2191e-127
7.5306e-70
5.1893e-43
6.0121e-144
2.3521e-70
1.1028e-29
2.9996e-113
6.0121e-144
1.7749e-84
6.1071e-113
2.1322e-76
1.2825e-70
0.0023518
1.6044e-105
2.4981e-84
2478.5
5.3491e-128
1.1058e-09
1.0848e-105
3.7039e-64
1.6582e-30
4.0526e-77
0.0035061
4.2107e-99
5.5017e-99
7.7173e-113
2.2527e-84
8.0836e-17
8.0294e-128
9.0593e-10
1.4393e-56
4.3214e-23
1.7765e-09
1.6608e-70
1.7629e-70
10705
1.0191e-135
2.0469e-16
0.0013036
1.7669e-91
6.0121e-144
7.1604e-106
5.0857e-10
8145.9
4.4407e-77
2.127e-91
3.4722e-23
1.8696e-91
5.933e-99
1.0232e-36
4.29e-43
1.6194e-113
1.077e-105
3.7895e-10
7.1543e-43
3.5995e-106
6.6525e-10
5.0312e-43
1.8494e-16
1.0876e-77
1.5031e-112
7.5845e-22
0.00079323
0.0011613
1.3712e-70
6.0121e-144
2.7908e-36
6.0853e-57
7.6545e-106
3.8837e-30
2.6471e-84
14183
4.5057e-84
2.9318e-77
4.3299e-99
3.3271e-84
2.9896e-77
1.3356e-70
6.4117e-23
4.214e-10
2.0639e-63
5.7628e-77
3.2268e-70
2.8095e-16
7.416e-17
2.9268e-23
8.8306e-64
1.2696e-49
2.0613e-56
1.3374e-70
1.4074e-77
1.5623e-30
1.0143e-98
6.3139e-70
6.0121e-144
2.0973e-70
3.7066e-99
7.0629e-84
2.0759e-23
2.6921e-50
9.625e-71
5.8964e-77
6.0121e-144
6.0121e-144
0.0068797
4.3465e-99
1.4401e-36
1.4914e-23
1.4164e-63
1.222e-23
3.1433e-43
2.4898e-91
1.5205e-113
0.0042163
5.7785e-36
6.1947e-91
4.5194e-136
4.0647e-113
4.9133e-10
4.3677e-10
3.9432e-30
1.8419e-63
2.9874e-43
2.1944e-70
3.6972e-120
3.8162e-23
0.0013849
5.698e-50
3.6141e-43
2.4117e-91
1.6246e-70
2.9894e-30
1.1398e-50
5.0199e-77
4783.2
1.9158e-105
1.0925e-83
6.1798e-92
2.902e-112
3.6573e-113
0.004822
5.4328e-128
3.5088e-70
9.6842e-64
2.5422e-36
4.9794e-64
1.0659e-63
4.103e-10
3.1117e-43
4.8186e-50
6.0121e-144
6.3024e-10
8.0652e-17
2.0357e-70
1.088e-105
1.3178e-29
5.4992e-64
3.1144e-70
9.3242e-85
1.5194e-112
8.5852e-99
1550.8
1.811e-16
4.6949e-92
3.5312e-105
7.5314e-50
1.0143e-70
1.4696e-135
6.6698e-57
1.5422e-22
7.1014e-10
1.4571e-49
0.00095224
1.5634e-29
8.0575e-43
5.9465e-106
6.9075e-113
1.1295e-70
9.546e-57
3.4011e-77
5.7352e-50
33574
5.0623e-106
1.2628e-56
1.3246e-70
5.1295e-77
2.6655e-29
0.0011263
6.0121e-144
1.621e-120
1.4415e-36
7.5633e-36
0.0019581
2.3841e-16
1.3506e-56
10431
2.0228e-42
2.3381e-36
0.0025062
5.4661e-77
3.467e-106
0.0047872
5.446e-30
6.7954e-57
6.6326e-30
0.0047982
2.2848e-70
9.1168e-10
8.4682e-50
1.1387e-56
15226
1.4187e-63
6.0121e-144
0.0024222
6.1266e-128
1.5631e-91
3.0747e-106
2.6312e-70
1.9735e-64
3.6634e-128
1.5072e-56
1.9746e-49
1.5717e-42
1.24e-16
1.2362e-84
1.1093e-36
4.1804e-36
1.0366e-77
1.0203e-112
4.0842e-10
8.1693e-43
6.6395e-10
6.7596e-113
0.0072732
1.3675e-98
7.2435e-106
6.1476e-99
1.3737e-98
5.2056e-56
1.2339e-42
6.3591e-64
1.1196e-63
1.658e-84
7.6275e-57
5.4793e-84
8.4963e-43
4.8723e-84
2.3532e-135
5.3551e-106
2.6755e-84
2.0963e-127
1.0158e-112
71032
8.6849e-113
8.7375e-37
1.2846e-09
0.0021219
8.0079e-71
4.5911e-43
1.2718e-23
7.1819e-17
8.5133e-64
5.2301e-77
6.0121e-144
3.6003e-50
9.7512e-106
3.3551e-43
8.6315e-10
8080.1
7727.7
0.0055424
6.8265e-30
3.2086e-70
1.3981e-43
2.5362e-84
6.0121e-144
11662
6.2828e-36
7.1372e-30
2.2513e-113
1.8403e-23
1.6536e-113
6.3269e-121
1.1462e-29
9.6801e-50
2.2239e-16
3.4265e-113
2.6251e-50
2.9158e-91
3.8658e-23
3.7534e-70
3.2334e-10
5.3923e-121
4.0165e-10
6.9061e-121
4.3492e-113
5.7333e-23
3.4325e-10
1.0861e-63
10656
3.4562e-43
2.3431e-43
3.7873e-84
8.4731e-64
4.079e-50
3.4909e-120
2.7075e-128
1.2233e-84
7.2491e-57
2.972e-70
1.8279e-16
3.6449e-50
3.9013e-23
1.8554e-91
1.1512e-135
1.2645e-120
6.9202e-50
7.5289e-78
8.8981e-85
1.0643e-23
3.5196e-98
2.2667e-70
10650
3.229e-10
2.2854e-23
1.5091e-120
5.6912e-64
1.0961e-16
1.6379e-10
7.687e-64
4416
6.0696e-136
0.0045814
5.1191e-113
9.1479e-99
3.3108e-50
3.1409e-36
2.2397e-36
1.0555e-36
8.0759e-106
1.4255e-98
3.3339e-16
1.0354e-63
2.4536e-43
1.5392e-98
3.8782e-36
12937
5.6377e-77
3.5177e-56
0.0024334
8.3313e-30
3.7377e-10
2.0843e-56
6.1624e-63
1.129e-29
3.2444e-23
1.2225e-23
3.3562e-50
2.5347e-84
2.6136e-91
5.9823e-128
3.6474e-70
4.1338e-56
3.54e-36
11690
8.9031e-17
1.0036e-56
1.3685e-70
1.9244e-42
7.357e-99
1.8294e-112
1.7993e-120
1.206e-29
2.0172e-128
1.4093e-77
1.1986e-97
1.0807e-56
2.2147e-91
9.1989e-57
4.5098e-37
2.6285e-30
9020.4
2.4576e-43
1.7321e-127
2.9516e-70
4.5638e-91
1.1635e-120
8.4706e-57
1.4823e-84
6.0121e-144
1.1295e-28
2.8004e-56
2.3416e-98
0.0027061
1.1387e-09
6.2313e-91
8.5703e-84
4.0382e-16
7.0882e-10
1.3681e-49
1.6106e-77
6.0121e-144
1.3998e-23
6.0121e-144
1.2096e-91
1.9019e-22
1.1951e-36
5.3383e-50
5.4793e-50
1.618e-63
6.028e-30
4.6654e-106
1.2842e-49
4.1426e-113
4.4547e-84
3.4224e-16
2.2453e-84
4.4049e-23
0.0036693
0.0021366
5.5361e-50
1.382e-16
1.1775e-63
2.6983e-91
9.176e-23
1.5314e-105
2.5629e-120
8.9667e-17
4.9213e-136
1.8471e-63
1.5686e-49
7.4468e-64
4.6346e-63
1.9185e-70
2.4997e-63
1.0208e-83
1.5873e-91
2.4552e-91
1.8106e-91
2.1827e-56
1.3884e-77
3.5962e-77
5.4113e-99
3.3529e-36
1.806e-91
1.0892e-63
1.6401e-36
2.4648e-16
0.0012655
1.1041e-23
7.324e-10
2.3889e-23
3.5733e-50
6.0121e-144
9.2402e-71
3.9113e-106
4.4856e-106
1.6242e-56
9.0706e-43
8.3288e-113
3.8622e-77
5.0857e-113
6.623e-10
7.5639e-30
5.0717e-64
1.1896e-36
2.0031e-16
6.0121e-144
4.3443e-57
9.4099e-128
3.1549e-77
0.00073097
1.7647e-36
7.9407e-57
1.0007e-10
6.0509e-17
1.4527e-98
7.2645e-99
5.5399e-84
5.7749e-43
1.8064e-36
8.5323e-23
6.0121e-144
7.2028e-136
6.0121e-144
6.3057e-70
2.4244e-16
1.5408e-56
2.3967e-77
1.061e-16
9.5845e-17
1.9893e-98
2.904e-16
2.1598e-22
4.5836e-84
1.3125e-120
4.7255e-30
6.6511e-84
2.5926e-106
2.3405e-43
2.5647e-120
2.4735e-43
0.0019739
5154.7
3.6154e-105
5.2312e-23
1.6297e-77
7.6228e-106
3.9126e-23
4.2291e-23
6.0121e-144
5.93e-23
0.00094956
6.0121e-144
3.8565e-23
5.186e-106
0.0060578
2.1736e-120
2.2038e-113
4.3561e-92
5.0174e-49
5.8493e-10
5.0808e-84
3.0084e-36
2.2627e-106
1.5465e-50
4.314e-50
9.3697e-113
0.00079204
3.0015e-106
1.38e-23
2.6489e-63
4945.7
22047
4.141e-77
1.0893e-127
7.4364e-64
1.5524e-70
4.2333e-113
1.7432e-16
2.4973e-128
1.6036e-91
5.9063e-43
6.0121e-144
1.3445e-84
3.067e-23
5.9371e-71
1.6051e-77
2.308e-77
2.7522e-10
5.624e-84
3.0949e-63
4.3836e-57
6.2977e-50
8.7656e-113
4.8425e-113
6.5687e-136
4.095e-23
9.479e-37
8.2894e-128
3.2265e-120
3.7446e-77
1.3396e-29
4.049e-16
9.433e-113
4.1702e-36
3.502e-10
1.0398e-16
1.5592e-105
2.3867e-91
1.0568e-56
6.0121e-144
2.8786e-84
2.636e-63
2.5385e-91
4.3594e-92
1.5704e-22
9.6784e-106
5.1012e-77
6.9199e-121
1.004e-98
4.3396e-77
3.1312e-105
2.7685e-136
9.9382e-24
5.1488e-10
1.6353e-36
29995
3.2312e-16
9.9498e-57
8.3114e-17
6.0729e-37
1.7521e-91
2.0869e-16
3.9931e-50
5.5609e-113
1.2225e-56
2.9469e-23
1.0047e-09
0.00079787
5530.1
6.4971e-23
9.3565e-30
2.0787e-43
6.488e-30
1.731e-43
3.5915e-91
4.32e-23
2.2191e-98
1.3346e-16
0.001169
2.7638e-30
0.00059359
3236
7.2044e-57
3.1987e-98
1.9779e-10
0.0020927
1.0036e-91
1.7838e-98
1.099e-22
8.797e-50
8671.7
6.5729e-17
3.995e-43
1.9711e-43
0.0085703
2.769e-91
3.1692e-113
6.0121e-144
5.2193e-30
5.7898e-91
1.3364e-56
0.0019128
1.3473e-09
3.042e-43
1.9735e-77
9.6809e-43
2.9971e-106
2.6839e-91
1.2567e-77
4.0763e-50
4.9568e-50
1.5835e-56
4.4456e-10
1.1041e-36
1.8229e-43
1.5194e-63
4.2371e-91
3.042e-70
4.6671e-84
4.3115e-71
6.1445e-57
6.2126e-43
1.2302e-98
2.7124e-91
4.8679e-43
1.1924e-70
5.5818e-106
12385
3.4138e-91
4.9409e-91
2.4332e-43
9.2253e-85
0.0012994
2.5754e-36
2.2042e-84
8.1252e-92
8.9494e-113
7.5413e-64
1.0287e-29
17859
6.0121e-144
9.4807e-30
1.8298e-120
47217
2.8941e-77
3.9429e-23
6.3982e-99
1.7871e-23
1.8884e-23
9.0234e-128
5.922e-135
2.7078e-29
5.5895e-113
1.9143e-09
1.1823e-16
9.3523e-10
1.0433e-98
1.701e-77
2.1616e-77
2.6132e-09
7.3179e-30
0.0025404
6.742e-10
4.5087e-121
3.1494e-56
78906
3.3631e-77
2.5247e-135
2.565e-29
1.6401e-16
3.8881e-136
1.3154e-09
6.6406e-98
1.3455e-90
2.16e-23
2.5745e-23
5.846e-50
0.0063998
8675.6
1.0355e-63
3.029e-70
3.7661e-49
2.4586e-57
7.3444e-78
6.1826e-10
1.1685e-84
1.9068e-09
1.7141e-16
1.0518e-135
9.8558e-43
1.0784e-70
1.0262e-98
6.8238e-64
3.6325e-43
6821.1
2.5105e-91
7.3837e-113
8.3412e-37
5.1232e-50
5314.1
3.4116e-50
5.5364e-64
8.656e-44
0.0006361
2.4232e-30
2.3143e-70
2.9326e-23
2.0831e-106
5.1496e-84
6.0121e-144
2.7574e-77
1.3627e-98
1.1256e-63
9.8591e-51
1.2147e-09
3.5755e-23
9.105e-99
4.821e-50
3.3306e-70
5.7289e-17
1.5024e-98
1.9427e-30
1.2139e-120
1.1394e-29
14119
3.1169e-91
5.3458e-50
18221
0.00078042
2.2191e-77
1.7356e-63
9.251e-128
3.7154e-128
2.1257e-120
0.0063736
0.0023855
2.4544e-43
2.8971e-23
3.1885e-84
2.6657e-23
2.3713e-56
2.1041e-120
5.267e-30
5.5744e-136
5330.2
5.4912e-84
3.6692e-50
3.4022e-120
0.0015226
13243
9.7757e-17
3610.4
4.5032e-70
8.4043e-10
12352
5.1725e-10
4.5018e-30
11424
1.8823e-84
3.1769e-43
9.6801e-106
2.1041e-128
4.1721e-106
6.2575e-23
1.3598e-113
8400
3.1122e-36
7.7005e-113
7.7267e-106
0.0021277
1.2931e-98
9.5063e-114
1.359e-98
7060.6
7.0246e-10
1.045e-98
7.8173e-64
1.1543e-42
1.8456e-63
8.4516e-29
2.6635e-106
14866
4.0236e-10
4.4825e-23
1.9489e-23
0.0016977
1.9482e-10
2.1494e-63
0.0050084
1.552e-76
7.3755e-43
4.6646e-77
4.4949e-91
13569
1.019e-16
3.1739e-36
4.6759e-136
6.1748e-99
8.3767e-30
6.6368e-128
4.526e-37
2.0206e-70
6.0944e-91
0.0020807
2.1999e-10
2.2305e-49
1.7207e-76
1.39e-35
1.9825e-29
15405
2.8808e-10
3.4243e-23
1.5389e-49
4190.2
4.2462e-16
7.373e-113
2.1232e-36
7.6033e-77
5.0689e-50
1.4849e-84
5.3849e-57
1.1336e-56
2.2404e-77
9.4361e-10
0.0059092
1.0323e-36
3.2251e-77
4462.6
6.0121e-144
1.2014e-36
6.8626e-113
15484
7.3573e-136
1.3894e-15
1.9022e-49
6.0121e-144
4.3118e-10
5.5253e-57
1.2527e-105
5.4526e-36
1.1747e-56
1.9959e-91
2.4264e-70
9.5928e-37
0.0040159
1.0699e-90
2.9238e-120
6.5373e-120
2.1432e-56
17386
2.5328e-16
7.7388e-43
3.8344e-56
2613.6
3.9195e-43
7.6686e-106
3.2879e-30
4.6428e-113
2.0142e-23
4.7844e-64
3.6804e-30
6.6604e-50
2.7383e-10
3.5862e-23
9.0425e-17
2.4324e-56
7.7236e-128
0.0028211
6.3602e-10
2.2766e-10
1.4448e-70
7.6289e-43
2.5569e-23
5.7341e-10
25004
3.3361e-30
4.4126e-10
9.6727e-57
5.3463e-77
9.1521e-99
2.9756e-77
2.6567e-120
8.4458e-64
8.3114e-37
1.7806e-10
6.0121e-144
3.3014e-91
3271.6
1.4255e-36
7.5785e-36
