-1548.7
-1624.8
-1648.8
-1660
-1732.1
-1823
-1913.2
-1941.7
-2095.8
-2154.5
-2192.9
-2195.1
-2234.8
-2239.1
-2261
-2339.6
-2348
-2363.9
-2390.9
-2452.3
-2500.3
-2514.9
-2575.9
-2594
-2643.1
-2676.2
-2720.4
-2868.1
-2878.3
-2902.7
-3051.6
-3062.3
-3072
-3075.9
-3078.7
-3094.6
-3099.7
-3101.5
-3132.3
-3154.8
-3165.3
-3177
-3179.5
-3190
-3213.2
-3237.6
-3254.3
-3259
-3291.7
-3304.5
-3310.8
-3342.8
-3343
-3410.9
-3614
-3669.3
-3680.7
-3685.7
-3717.5
-3751.5
-3784.4
-3787.2
-3869.5
-3913.4
-3926.1
-3927
-3996.2
-4017.5
-4074.7
-4090.7
-4099.2
-4171.7
-4172
-4182
-4196.8
-4199.9
-4224.1
-4285.3
-4296.5
-4323.8
-4398.2
-4412.2
-4415.6
-4504.4
-4531
-4539.2
-4604.6
-4649.5
-4697
-4704.2
-4770.9
-4808.4
-4818.1
-4833.6
-4869.3
-4883.2
-4884.1
-4891.9
-4894.5
-4921.1
-4939
-4960.1
-4965.1
-4966.4
-4969.1
-4993.4
-5022.1
-5090.2
-5092.9
-5119
-5135.4
-5166.7
-5185.9
-5199.4
-5234.7
-5248.8
-5249.9
-5252.8
-5265.3
-5292
-5300.5
-5325.4
-5393
-5457.3
-5476.2
-5490.8
-5502
-5503.3
-5520.9
-5580.9
-5589
-5628
-5668.7
-5696.4
-5718.2
-5753.7
-5761.4
-5811.4
-5831.2
-5877.3
-5922.7
-5935.6
-5972.9
-5987.7
-6005.9
-6059.4
-6077.3
-6093.8
-6130.3
-6187.2
-6199.3
-6210.3
-6225
-6247.7
-6256.4
-6286.7
-6304.2
-6317.8
-6330.3
-6353.5
-6367.5
-6371.9
-6373.8
-6428.2
-6431.7
-6436.5
-6464
-6535.9
-6591.7
-6598.2
-6667.9
-6711.5
-6737.8
-6796.2
-6804.9
-6845.2
-6850.3
-6850.4
-6933.1
-6938.8
-6942.6
-6956.4
-6961.1
-6965.9
-6970.5
-6974.9
-7016.6
-7092.8
-7109.5
-7133.9
-7207.9
-7219.8
-7233.1
-7245.4
-7267.2
-7332.4
-7357.9
-7375
-7393.4
-7396.1
-7414.6
-7425.8
-7455.9
-7488.3
-7489.6
-7491.2
-7526.2
-7528.9
-7542.9
-7555
-7563.9
-7588.6
-7589.5
-7594.2
-7621.1
-7646.8
-7673.8
-7689.6
-7721.3
-7722.8
-7731.3
-7742
-7749.6
-7789.2
-7809.1
-7873.9
-7889.5
-7889.9
-7904.4
-7921.7
-7925.8
-7955.8
-7984.1
-8004.6
-8007.1
-8008.8
-8009.1
-8010
-8014.4
-8042.8
-8056.7
-8057.4
-8063.6
-8065.3
-8124.4
-8135.7
-8139.5
-8149.9
-8156.1
-8156.6
-8193.6
-8205.9
-8259.6
-8289.9
-8292.2
-8293.5
-8300.2
-8304.6
-8331.7
-8371.3
-8379.1
-8390.3
-8447.1
-8450.9
-8451.9
-8461.2
-8491.3
-8493.1
-8507.1
-8509.4
-8565.2
-8575.2
-8578.1
-8583.6
-8599
-8620.3
-8625
-8638.2
-8672
-8677.4
-8684.1
-8717.7
-8728.4
-8738.3
-8741.5
-8755.8
-8759.9
-8761.1
-8778.6
-8788.7
-8793.3
-8793.6
-8814.8
-8872.8
-8887.5
-8919.9
-8952.2
-8977.2
-8991.8
-9011.7
-9030.6
-9038.5
-9058.8
-9108.4
-9115.6
-9121.5
-9125.4
-9130.8
-9137.1
-9148.6
-9150.7
-9164.8
-9176.5
-9176.5
-9217.2
-9232.9
-9236.9
-9237.4
-9247.9
-9249.6
-9273.9
-9315
-9331.8
-9355.6
-9370.2
-9377.8
-9401.8
-9407.9
-9414.8
-9437
-9445.4
-9459.1
-9462.5
-9467.4
-9498.6
-9520.3
-9521.9
-9531.6
-9553.5
-9570.7
-9605.7
-9614.6
-9624.4
-9629.4
-9667.8
-9671.6
-9686.9
-9758.5
-9765.7
-9805.9
-9811.2
-9812.3
-9841.7
-9877.8
-9896.3
-9926.6
-9926.6
-9934.1
-9935.1
-9941.1
-9942.6
-9964.6
-9966.6
-9979.3
-9983.8
-10005
-10013
-10017
-10070
-10086
-10087
-10099
-10103
-10105
-10134
-10153
-10163
-10167
-10191
-10200
-10221
-10223
-10259
-10271
-10290
-10314
-10375
-10377
-10383
-10385
-10420
-10458
-10471
-10474
-10494
-10500
-10510
-10516
-10530
-10530
-10537
-10538
-10590
-10594
-10616
-10617
-10746
-10788
-10809
-10823
-10835
-10836
-10851
-10861
-10867
-10884
-10893
-10894
-10912
-10922
-10924
-10924
-10941
-10956
-11001
-11018
-11042
-11079
-11088
-11109
-11111
-11119
-11126
-11130
-11133
-11164
-11193
-11202
-11225
-11230
-11253
-11288
-11295
-11300
-11343
-11350
-11405
-11430
-11430
-11433
-11444
-11453
-11454
-11465
-11468
-11472
-11494
-11495
-11502
-11502
-11515
-11516
-11518
-11530
-11534
-11538
-11538
-11545
-11555
-11556
-11557
-11564
-11568
-11574
-11575
-11617
-11621
-11628
-11646
-11655
-11697
-11718
-11771
-11780
-11812
-11834
-11864
-11865
-11866
-11876
-11882
-11884
-11892
-11893
-11898
-11901
-11917
-11929
-11933
-11950
-11954
-11968
-11972
-11977
-11978
-11986
-11995
-12013
-12023
-12049
-12061
-12082
-12098
-12107
-12114
-12124
-12128
-12161
-12164
-12176
-12179
-12182
-12188
-12194
-12195
-12200
-12205
-12213
-12218
-12218
-12230
-12235
-12262
-12267
-12273
-12282
-12289
-12289
-12300
-12301
-12321
-12327
-12330
-12336
-12346
-12352
-12356
-12361
-12374
-12382
-12382
-12387
-12389
-12406
-12409
-12414
-12426
-12427
-12432
-12444
-12451
-12456
-12461
-12467
-12473
-12474
-12479
-12481
-12486
-12508
-12525
-12529
-12530
-12533
-12549
-12552
-12552
-12557
-12561
-12573
-12582
-12586
-12587
-12587
-12590
-12595
-12602
-12605
-12617
-12623
-12642
-12645
-12657
-12671
-12673
-12679
-12689
-12699
-12701
-12724
-12726
-12732
-12736
-12737
-12741
-12754
-12770
-12777
-12778
-12782
-12788
-12802
-12809
-12823
-12836
-12836
-12858
-12860
-12861
-12862
-12864
-12871
-12885
-12935
-12947
-12964
-12971
-12978
-12981
-12982
-12984
-12989
-12996
-13002
-13006
-13019
-13029
-13033
-13034
-13043
-13047
-13049
-13051
-13052
-13054
-13058
-13061
-13069
-13072
-13087
-13089
-13090
-13106
-13107
-13108
-13109
-13109
-13127
-13128
-13134
-13134
-13139
-13144
-13147
-13148
-13149
-13150
-13157
-13160
-13161
-13171
-13177
-13181
-13202
-13208
-13228
-13255
-13269
-13277
-13291
-13292
-13304
-13319
-13324
-13328
-13338
-13342
-13344
-13347
-13356
-13363
-13368
-13369
-13369
-13372
-13386
-13388
-13394
-13395
-13399
-13413
-13416
-13420
-13429
-13434
-13438
-13438
-13443
-13444
-13447
-13458
-13462
-13462
-13463
-13464
-13469
-13479
-13483
-13484
-13489
-13497
-13497
-13534
-13541
-13547
-13565
-13565
-13570
-13583
-13584
-13588
-13589
-13591
-13601
-13612
-13614
-13619
-13621
-13636
-13637
-13643
-13645
-13653
-13653
-13662
-13668
-13678
-13681
-13685
-13685
-13687
-13687
-13689
-13694
-13696
-13701
-13701
-13713
-13716
-13725
-13725
-13728
-13735
-13745
-13749
-13769
-13773
-13780
-13781
-13782
-13784
-13784
-13790
-13804
-13807
-13818
-13820
-13831
-13839
-13843
-13854
-13854
-13856
-13859
-13860
-13868
-13871
-13872
-13876
-13880
-13889
-13891
-13903
-13905
-13909
-13911
-13929
-13942
-13947
-13956
-13956
-13959
-13966
-13968
-13969
-13972
-13975
-13977
-13982
-14000
-14016
-14018
-14022
-14034
-14039
-14040
-14040
-14045
-14045
-14047
-14051
-14065
-14068
-14071
-14072
-14075
-14081
-14086
-14095
-14100
-14101
-14102
-14104
-14106
-14110
-14116
-14117
-14120
-14127
-14134
-14137
-14138
-14140
-14145
-14151
-14160
-14160
-14168
-14172
-14191
-14193
-14200
-14201
-14205
-14210
-14213
-14223
-14230
-14230
-14233
-14235
-14237
-14239
-14241
-14245
-14251
-14252
-14259
-14265
-14267
-14267
-14278
-14283
-14290
-14292
-14302
-14305
-14306
-14308
-14310
-14314
-14321
-14329
-14330
-14334
-14338
-14344
-14347
-14350
-14363
-14366
-14372
-14372
-14376
-14378
-14380
-14387
-14391
-14393
-14397
-14397
-14397
-14398
-14405
-14408
-14410
-14415
-14417
-14422
-14430
-14433
-14447
-14450
-14456
-14457
-14460
-14460
-14463
-14464
-14469
-14472
-14473
-14479
-14479
-14493
-14500
-14504
-14510
-14522
-14523
-14528
-14532
-14532
-14539
-14541
-14549
-14553
-14553
-14563
-14565
-14579
-14580
-14581
-14585
-14588
-14593
-14594
-14595
-14595
-14598
-14599
-14600
-14600
-14603
-14603
-14603
-14604
-14607
-14607
-14609
-14624
-14632
-14639
-14647
-14652
-14656
-14662
-14667
-14668
-14670
-14681
-14689
-14689
-14693
-14702
-14704
-14704
-14708
-14722
-14722
-14732
-14734
-14736
-14742
-14745
-14749
-14759
-14761
-14762
-14767
-14768
-14773
-14776
-14787
-14790
-14792
-14796
-14800
-14806
-14815
-14819
-14821
-14823
-14830
-14833
-14844
-14850
-14850
-14853
-14856
-14857
-14865
-14867
-14871
-14878
-14881
-14882
-14886
-14891
-14898
-14901
-14902
-14903
-14903
-14907
-14932
-14940
-14940
-14944
-14949
-14951
-14954
-14957
-14958
-14965
-14967
-14968
-14971
-14973
-14980
-14981
-14982
-14986
-14993
-14998
-15000
-15002
-15005
-15007
-15008
-15011
-15016
-15016
-15016
-15017
-15019
-15029
-15029
-15031
-15031
-15037
-15041
-15049
-15055
-15059
-15062
-15066
-15069
-15078
-15078
-15080
-15082
-15089
-15100
-15107
-15113
-15113
-15120
-15133
-15141
-15145
-15147
-15154
-15155
-15157
-15160
-15161
-15162
-15164
-15166
-15170
-15185
-15188
-15188
-15192
-15193
-15195
-15205
-15206
-15208
-15216
-15218
-15220
-15221
-15222
-15225
-15230
-15237
-15239
-15242
-15243
-15265
-15269
-15272
-15272
-15274
-15276
-15281
-15284
-15293
-15298
-15304
-15308
-15308
-15309
-15311
-15315
-15316
-15317
-15322
-15323
-15324
-15325
-15327
-15327
-15336
-15340
-15342
-15343
-15345
-15348
-15353
-15356
-15366
-15369
-15374
-15376
-15378
-15380
-15384
-15386
-15388
-15390
-15393
-15393
-15394
-15414
-15417
-15422
-15424
-15424
-15427
-15427
-15428
-15430
-15430
-15432
-15439
-15439
-15443
-15446
-15452
-15458
-15467
-15474
-15499
-15503
-15506
-15511
-15511
-15513
-15513
-15520
-15523
-15530
-15532
-15532
-15534
-15537
-15544
-15553
-15556
-15557
-15559
-15560
-15564
-15572
-15574
-15574
-15581
-15593
-15595
-15596
-15599
-15600
-15605
-15608
-15611
-15613
-15614
-15614
-15617
-15623
-15623
-15626
-15627
-15632
-15638
-15643
-15645
-15650
-15650
-15653
-15657
-15666
-15670
-15671
-15673
-15673
-15674
-15684
-15689
-15704
-15710
-15710
-15715
-15715
-15716
-15723
-15723
-15723
-15723
-15731
-15734
-15734
-15735
-15737
-15737
-15740
-15740
-15747
-15749
-15751
-15751
-15755
-15756
-15758
-15760
-15760
-15764
-15766
-15769
-15772
-15776
-15798
-15806
-15808
-15808
-15809
-15821
-15821
-15828
-15828
-15831
-15837
-15839
-15848
-15853
-15859
-15869
-15870
-15870
-15875
-15877
-15878
-15880
-15881
-15888
-15889
-15892
-15895
-15896
-15897
-15898
-15917
-15920
-15922
-15924
-15929
-15930
-15934
-15938
-15938
-15943
-15944
-15952
-15952
-15954
-15970
-15987
-15990
-15993
-15994
-15998
-16001
-16007
-16011
-16018
-16019
-16019
-16027
-16028
-16029
-16031
-16033
-16033
-16036
-16039
-16039
-16039
-16046
-16047
-16049
-16063
-16065
-16067
-16071
-16073
-16074
-16083
-16089
-16094
-16094
-16096
-16107
-16122
-16123
-16127
-16133
-16133
-16142
-16149
-16156
-16156
-16159
-16162
-16164
-16170
-16178
-16178
-16178
-16180
-16181
-16182
-16186
-16188
-16189
-16195
-16195
-16198
-16201
-16204
-16206
-16209
-16210
-16210
-16213
-16213
-16226
-16231
-16232
-16233
-16241
-16241
-16245
-16246
-16246
-16252
-16255
-16261
-16262
-16262
-16264
-16268
-16274
-16276
-16276
-16277
-16283
-16283
-16284
-16284
-16285
-16287
-16289
-16290
-16291
-16294
-16300
-16302
-16307
-16310
-16311
-16313
-16315
-16318
-16323
-16324
-16326
-16327
-16330
-16331
-16337
-16341
-16343
-16345
-16346
-16348
-16352
-16353
-16354
-16355
-16358
-16360
-16360
-16363
-16367
-16368
-16369
-16373
-16378
-16382
-16384
-16393
-16396
-16396
-16400
-16401
-16403
-16404
-16408
-16416
-16422
-16431
-16431
-16435
-16436
-16437
-16443
-16449
-16457
-16458
-16463
-16468
-16469
-16479
-16480
-16481
-16483
-16490
-16493
-16494
-16499
-16507
-16512
-16513
-16519
-16520
-16523
-16523
-16525
-16526
-16531
-16541
-16545
-16548
-16555
-16558
-16558
-16559
-16562
-16571
-16571
-16577
-16581
-16587
-16589
-16589
-16591
-16597
-16599
-16603
-16604
-16605
-16605
-16605
-16610
-16619
-16624
-16625
-16632
-16637
-16637
-16637
-16639
-16639
-16641
-16647
-16651
-16651
-16654
-16656
-16657
-16662
-16666
-16669
-16669
-16673
-16676
-16688
-16692
-16695
-16698
-16701
-16702
-16703
-16704
-16706
-16708
-16711
-16713
-16718
-16723
-16723
-16729
-16734
-16735
-16741
-16744
-16745
-16753
-16756
-16758
-16760
-16763
-16769
-16779
-16780
-16781
-16783
-16785
-16788
-16788
-16790
-16792
-16792
-16795
-16811
-16811
-16814
-16818
-16820
-16827
-16833
-16843
-16844
-16845
-16845
-16850
-16859
-16860
-16864
-16871
-16873
-16883
-16885
-16885
-16891
-16893
-16897
-16899
-16902
-16903
-16909
-16913
-16916
-16923
-16925
-16929
-16933
-16936
-16938
-16949
-16959
-16961
-16964
-16974
-16976
-16976
-16977
-16978
-16979
-16981
-16984
-16995
-16995
-17000
-17001
-17002
-17006
-17008
-17009
-17010
-17011
-17016
-17019
-17022
-17031
-17040
-17041
-17044
-17048
-17055
-17056
-17058
-17058
-17058
-17062
-17065
-17072
-17072
-17075
-17077
-17080
-17081
-17082
-17084
-17086
-17087
-17088
-17088
-17091
-17092
-17092
-17093
-17094
-17096
-17099
-17104
-17104
-17106
-17107
-17112
-17113
-17115
-17116
-17116
-17116
-17117
-17118
-17123
-17123
-17124
-17124
-17127
-17127
-17132
-17136
-17139
-17141
-17142
-17143
-17145
-17146
-17150
-17151
-17151
-17152
-17153
-17162
-17162
-17170
-17171
-17175
-17177
-17177
-17184
-17189
-17192
-17192
-17197
-17198
-17198
-17202
-17209
-17214
-17214
-17218
-17220
-17222
-17222
-17223
-17223
-17227
-17228
-17235
-17236
-17237
-17237
-17241
-17244
-17248
-17248
-17251
-17254
-17256
-17263
-17270
-17272
-17272
-17272
-17277
-17282
-17282
-17285
-17286
-17291
-17292
-17293
-17294
-17294
-17294
-17297
-17302
-17304
-17306
-17312
-17317
-17317
-17319
-17322
-17322
-17324
-17327
-17334
-17337
-17338
-17343
-17346
-17346
-17349
-17349
-17351
-17352
-17354
-17354
-17356
-17356
-17357
-17357
-17360
-17361
-17364
-17370
-17376
-17376
-17378
-17378
-17379
-17380
-17381
-17383
-17385
-17387
-17390
-17391
-17393
-17395
-17397
-17397
-17399
-17400
-17403
-17405
-17406
-17409
-17418
-17422
-17424
-17426
-17428
-17430
-17435
-17439
-17442
-17443
-17443
-17446
-17449
-17452
-17452
-17452
-17454
-17457
-17462
-17467
-17472
-17474
-17474
-17477
-17485
-17490
-17490
-17492
-17495
-17499
-17500
-17501
-17504
-17504
-17506
-17506
-17507
-17510
-17511
-17511
-17516
-17518
-17524
-17527
-17530
-17534
-17543
-17547
-17550
-17553
-17553
-17554
-17557
-17557
-17568
-17572
-17579
-17580
-17585
-17587
-17589
-17589
-17592
-17596
-17599
-17602
-17605
-17606
-17611
-17614
-17615
-17615
-17616
-17617
-17619
-17622
-17622
-17628
-17629
-17630
-17633
-17633
-17636
-17641
-17641
-17643
-17643
-17643
-17645
-17648
-17650
-17652
-17653
-17655
-17655
-17657
-17661
-17661
-17666
-17670
-17671
-17673
-17681
-17682
-17683
-17684
-17685
-17687
-17688
-17689
-17690
-17691
-17694
-17694
-17694
-17694
-17695
-17695
-17698
-17703
-17709
-17712
-17713
-17714
-17714
-17715
-17715
-17718
-17724
-17725
-17726
-17727
-17729
-17730
-17734
-17739
-17741
-17743
-17752
-17753
-17760
-17762
-17763
-17764
-17764
-17764
-17765
-17766
-17767
-17767
-17767
-17769
-17771
-17771
-17772
-17772
-17774
-17775
-17783
-17785
-17785
-17787
-17790
-17796
-17798
-17799
-17800
-17805
-17805
-17806
-17814
-17815
-17815
-17818
-17824
-17832
-17834
-17840
-17845
-17848
-17852
-17853
-17855
-17855
-17861
-17862
-17862
-17865
-17871
-17871
-17877
-17878
-17883
-17891
-17894
-17902
-17904
-17906
-17912
-17912
-17913
-17914
-17916
-17925
-17932
-17932
-17935
-17938
-17956
-17960
-17965
-17967
-17969
-17969
-17969
-17970
-17971
-17972
-17974
-17978
-17985
-17986
-17987
-17991
-17993
-17994
-18000
-18000
-18001
-18009
-18011
-18012
-18013
-18016
-18020
-18023
-18029
-18029
-18031
-18034
-18035
-18036
-18047
-18049
-18050
-18052
-18055
-18057
-18059
-18060
-18071
-18073
-18078
-18079
-18084
-18084
-18088
-18090
-18091
-18092
-18092
-18095
-18096
-18096
-18098
-18101
-18103
-18104
-18107
-18113
-18113
-18114
-18115
-18115
-18116
-18119
-18121
-18125
-18127
-18130
-18131
-18132
-18135
-18139
-18145
-18145
-18150
-18150
-18150
-18150
-18150
-18151
-18152
-18163
-18171
-18178
-18181
-18184
-18189
-18190
-18196
-18197
-18203
-18206
-18214
-18220
-18221
-18221
-18225
-18227
-18228
-18229
-18229
-18240
-18244
-18247
-18247
-18250
-18254
-18255
-18257
-18258
-18260
-18260
-18261
-18264
-18265
-18268
-18272
-18272
-18280
-18283
-18284
-18286
-18293
-18300
-18304
-18304
-18308
-18309
-18312
-18315
-18317
-18325
-18328
-18329
-18331
-18342
-18344
-18347
-18347
-18354
-18357
-18359
-18359
-18362
-18370
-18370
-18372
-18373
-18379
-18383
-18389
-18390
-18391
-18393
-18396
-18399
-18400
-18401
-18403
-18411
-18413
-18413
-18415
-18419
-18420
-18421
-18427
-18429
-18430
-18439
-18441
-18450
-18451
-18458
-18460
-18460
-18463
-18468
-18469
-18470
-18471
-18475
-18476
-18479
-18480
-18482
-18482
-18484
-18485
-18491
-18493
-18498
-18498
-18499
-18500
-18501
-18501
-18504
-18504
-18506
-18508
-18509
-18513
-18517
-18519
-18520
-18526
-18528
-18529
-18531
-18531
-18531
-18532
-18533
-18534
-18534
-18536
-18542
-18543
-18544
-18546
-18550
-18552
-18559
-18560
-18560
-18566
-18570
-18572
-18574
-18574
-18582
-18586
-18591
-18591
-18593
-18593
-18599
-18601
-18604
-18605
-18606
-18615
-18615
-18618
-18620
-18622
-18625
-18628
-18631
-18632
-18639
-18641
-18645
-18647
-18648
-18659
-18662
-18662
-18663
-18666
-18666
-18674
-18674
-18677
-18678
-18683
-18686
-18688
-18693
-18698
-18701
-18703
-18706
-18709
-18709
-18711
-18712
-18715
-18715
-18721
-18727
-18734
-18735
-18741
-18746
-18747
-18749
-18752
-18754
-18755
-18756
-18760
-18762
-18762
-18769
-18779
-18781
-18785
-18788
-18793
-18793
-18794
-18795
-18797
-18799
-18799
-18802
-18803
-18805
-18806
-18806
-18807
-18808
-18811
-18813
-18815
-18818
-18823
-18824
-18829
-18831
-18833
-18837
-18840
-18844
-18845
-18848
-18851
-18852
-18855
-18856
-18858
-18858
-18858
-18863
-18866
-18867
-18867
-18868
-18873
-18876
-18876
-18880
-18881
-18882
-18884
-18886
-18888
-18889
-18890
-18892
-18892
-18894
-18895
-18896
-18897
-18899
-18899
-18902
-18905
-18905
-18907
-18907
-18907
-18907
-18910
-18912
-18918
-18919
-18919
-18922
-18923
-18924
-18926
-18931
-18934
-18937
-18940
-18940
-18944
-18947
-18949
-18949
-18950
-18951
-18952
-18953
-18954
-18959
-18963
-18967
-18967
-18967
-18970
-18972
-18972
-18973
-18973
-18975
-18976
-18980
-18981
-18981
-18985
-18995
-18996
-18996
-19001
-19003
-19004
-19004
-19006
-19007
-19007
-19007
-19023
-19024
-19029
-19029
-19030
-19032
-19033
-19034
-19039
-19044
-19046
-19047
-19051
-19052
-19053
-19053
-19057
-19063
-19064
-19066
-19074
-19075
-19076
-19080
-19085
-19086
-19087
-19087
-19088
-19096
-19098
-19103
-19107
-19109
-19109
-19111
-19112
-19113
-19113
-19121
-19121
-19124
-19126
-19132
-19134
-19138
-19140
-19141
-19142
-19146
-19147
-19150
-19150
-19156
-19158
-19161
-19166
-19168
-19170
-19171
-19171
-19171
-19174
-19174
-19175
-19180
-19185
-19186
-19187
-19189
-19193
-19194
-19195
-19197
-19199
-19199
-19201
-19207
-19207
-19207
-19208
-19215
-19218
-19222
-19225
-19226
-19231
-19236
-19238
-19240
-19243
-19245
-19247
-19247
-19250
-19252
-19254
-19256
-19262
-19264
-19270
-19272
-19273
-19273
-19278
-19282
-19283
-19283
-19283
-19284
-19284
-19284
-19285
-19286
-19287
-19289
-19290
-19290
-19297
-19301
-19301
-19303
-19304
-19310
-19318
-19318
-19318
-19322
-19322
-19323
-19328
-19334
-19335
-19336
-19337
-19338
-19344
-19346
-19347
-19347
-19348
-19349
-19353
-19353
-19354
-19355
-19356
-19358
-19358
-19360
-19360
-19363
-19365
-19367
-19371
-19378
-19379
-19381
-19384
-19385
-19387
-19389
-19391
-19394
-19394
-19395
-19395
-19395
-19398
-19407
-19408
-19408
-19412
-19414
-19414
-19417
-19419
-19422
-19424
-19425
-19426
-19426
-19427
-19429
-19433
-19435
-19441
-19441
-19449
-19451
-19453
-19455
-19455
-19455
-19456
-19460
-19461
-19462
-19463
-19463
-19467
-19471
-19473
-19473
-19475
-19475
-19476
-19481
-19481
-19483
-19484
-19485
-19485
-19485
-19485
-19488
-19489
-19490
-19490
-19491
-19492
-19492
-19492
-19493
-19495
-19496
-19499
-19500
-19501
-19502
-19502
-19504
-19504
-19505
-19507
-19510
-19511
-19511
-19512
-19512
-19512
-19512
-19512
-19513
-19513
-19513
-19513
-19513
-19513
-19514
-19514
-19514
-19514
-19514
-19514
-19514
-19514
-19514
-19514
-19514
-19514
-19514
-19514
-19514
-19514
-19515
-19515
-19517
-19518
-19519
-19521
-19523
-19528
-19529
-19529
-19533
-19535
-19536
-19539
-19541
-19542
-19543
-19545
-19549
-19550
-19554
-19555
-19557
-19558
-19561
-19563
-19566
-19567
-19568
-19568
-19569
-19569
-19570
-19570
-19575
-19577
-19580
-19581
-19583
-19585
-19586
-19587
-19589
-19593
-19593
-19596
-19596
-19596
-19598
-19600
-19601
-19604
-19606
-19607
-19610
-19613
-19614
-19615
-19617
-19620
-19622
-19623
-19626
-19626
-19626
-19632
-19635
-19638
-19639
-19647
-19649
-19653
-19657
-19662
-19663
-19663
-19664
-19667
-19668
-19668
-19672
-19674
-19679
-19679
-19681
-19682
-19688
-19690
-19694
-19695
-19701
-19703
-19703
-19704
-19705
-19705
-19708
-19709
-19709
-19714
-19715
-19716
-19725
-19726
-19733
-19737
-19743
-19747
-19747
-19747
-19749
-19750
-19754
-19759
-19760
-19762
-19763
-19763
-19767
-19770
-19784
-19785
-19794
-19794
-19796
-19803
-19807
-19811
-19812
-19815
-19818
-19819
-19819
-19819
-19819
-19820
-19821
-19822
-19822
-19823
-19825
-19826
-19827
-19827
-19836
-19839
-19842
-19845
-19852
-19856
-19857
-19861
-19863
-19867
-19869
-19874
-19877
-19878
-19883
-19883
-19884
-19885
-19886
-19888
-19889
-19898
-19903
-19908
-19908
-19915
-19917
-19919
-19919
-19920
-19922
-19923
-19927
-19933
-19934
-19940
-19942
-19946
-19948
-19951
-19953
-19954
-19956
-19959
-19964
-19968
-19971
-19971
-19972
-19973
-19973
-19975
-19975
-19976
-19979
-19984
-19987
-19988
-19989
-19996
-19997
-20001
-20010
-20012
-20013
-20015
-20017
-20017
-20018
-20018
-20018
-20019
-20021
-20022
-20029
-20030
-20032
-20034
-20035
-20037
-20037
-20037
-20037
-20040
-20041
-20042
-20044
-20046
-20047
-20053
-20058
-20058
-20068
-20068
-20070
-20071
-20076
-20084
-20085
-20086
-20087
-20088
-20093
-20094
-20095
-20100
-20102
-20107
-20108
-20110
-20110
-20115
-20123
-20128
-20129
-20130
-20140
-20140
-20140
-20142
-20143
-20144
-20147
-20150
-20155
-20158
-20164
-20164
-20178
-20180
-20181
-20190
-20191
-20193
-20195
-20196
-20199
-20206
-20212
-20212
-20213
-20224
-20229
-20230
-20232
-20233
-20234
-20237
-20242
-20242
-20243
-20245
-20246
-20248
-20251
-20252
-20258
-20261
-20263
-20265
-20266
-20267
-20273
-20277
-20283
-20290
-20291
-20294
-20302
-20304
-20306
-20311
-20312
-20323
-20326
-20329
-20330
-20333
-20334
-20335
-20337
-20337
-20339
-20341
-20342
-20343
-20347
-20349
-20352
-20354
-20355
-20357
-20358
-20360
-20360
-20360
-20361
-20363
-20363
-20364
-20366
-20367
-20370
-20371
-20372
-20375
-20382
-20382
-20382
-20386
-20387
-20389
-20398
-20402
-20409
-20413
-20414
-20419
-20419
-20421
-20430
-20430
-20432
-20434
-20434
-20439
-20447
-20450
-20454
-20456
-20458
-20461
-20461
-20462
-20462
-20462
-20465
-20465
-20470
-20470
-20474
-20477
-20480
-20484
-20485
-20486
-20489
-20490
-20494
-20496
-20497
-20498
-20498
-20501
-20501
-20503
-20503
-20507
-20510
-20510
-20510
-20521
-20523
-20526
-20527
-20528
-20529
-20536
-20537
-20538
-20542
-20544
-20547
-20547
-20550
-20553
-20559
-20560
-20563
-20567
-20571
-20573
-20574
-20577
-20577
-20578
-20582
-20585
-20585
-20587
-20588
-20592
-20594
-20594
-20594
-20601
-20601
-20602
-20604
-20606
-20607
-20608
-20613
-20615
-20616
-20616
-20619
-20620
-20626
-20627
-20629
-20631
-20635
-20636
-20643
-20644
-20648
-20649
-20649
-20655
-20656
-20658
-20658
-20660
-20661
-20662
-20662
-20662
-20663
-20664
-20665
-20674
-20674
-20676
-20677
-20677
-20677
-20678
-20679
-20682
-20684
-20689
-20692
-20693
-20695
-20707
-20710
-20712
-20714
-20715
-20718
-20718
-20721
-20725
-20729
-20732
-20737
-20738
-20739
-20740
-20746
-20752
-20754
-20755
-20759
-20762
-20762
-20762
-20767
-20768
-20769
-20770
-20770
-20772
-20775
-20776
-20780
-20781
-20783
-20785
-20793
-20795
-20800
-20805
-20806
-20810
-20811
-20822
-20823
-20823
-20825
-20826
-20828
-20831
-20832
-20838
-20839
-20840
-20841
-20849
-20852
-20862
-20864
-20865
-20867
-20871
-20873
-20875
-20877
-20877
-20885
-20888
-20890
-20892
-20893
-20896
-20897
-20897
-20897
-20897
-20901
-20916
-20918
-20921
-20923
-20923
-20929
-20931
-20931
-20932
-20940
-20944
-20945
-20951
-20954
-20957
-20958
-20958
-20960
-20961
-20961
-20964
-20965
-20965
-20968
-20969
-20969
-20971
-20971
-20972
-20975
-20975
-20978
-20979
-20980
-20981
-20981
-20984
-20987
-20989
-20990
-20996
-20996
-21000
-21001
-21007
-21007
-21007
-21011
-21014
-21019
-21022
-21023
-21024
-21030
-21032
-21040
-21043
-21044
-21052
-21056
-21062
-21066
-21068
-21070
-21071
-21073
-21074
-21075
-21079
-21082
-21085
-21086
-21087
-21089
-21089
-21094
-21095
-21099
-21106
-21111
-21113
-21114
-21118
-21120
-21122
-21123
-21130
-21134
-21136
-21137
-21139
-21140
-21141
-21142
-21151
-21156
-21160
-21162
-21165
-21169
-21173
-21184
-21187
-21189
-21196
-21202
-21203
-21203
-21205
-21215
-21216
-21218
-21220
-21221
-21222
-21224
-21224
-21228
-21229
-21232
-21234
-21235
-21237
-21243
-21252
-21256
-21261
-21261
-21262
-21266
-21268
-21268
-21274
-21274
-21276
-21279
-21281
-21288
-21289
-21291
-21294
-21294
-21304
-21307
-21309
-21310
-21313
-21315
-21315
-21320
-21322
-21324
-21325
-21326
-21334
-21343
-21344
-21348
-21348
-21350
-21351
-21356
-21358
-21358
-21359
-21361
-21362
-21364
-21365
-21368
-21370
-21370
-21376
-21378
-21379
-21395
-21397
-21397
-21403
-21410
-21411
-21411
-21418
-21424
-21426
-21427
-21428
-21428
-21435
-21438
-21445
-21452
-21457
-21457
-21463
-21464
-21467
-21469
-21471
-21472
-21473
-21474
-21475
-21475
-21477
-21481
-21486
-21488
-21488
-21489
-21490
-21493
-21494
-21499
-21503
-21504
-21508
-21520
-21524
-21524
-21526
-21527
-21528
-21529
-21534
-21536
-21542
-21542
-21544
-21546
-21548
-21550
-21552
-21553
-21559
-21559
-21560
-21560
-21561
-21562
-21564
-21568
-21571
-21575
-21575
-21576
-21584
-21585
-21586
-21590
-21596
-21598
-21598
-21603
-21604
-21604
-21605
-21605
-21607
-21607
-21609
-21613
-21617
-21617
-21625
-21626
-21629
-21632
-21633
-21633
-21633
-21633
-21633
-21638
-21638
-21643
-21645
-21648
-21652
-21652
-21653
-21657
-21659
-21662
-21667
-21670
-21671
-21674
-21675
-21680
-21682
-21684
-21685
-21690
-21692
-21693
-21701
-21706
-21706
-21709
-21710
-21712
-21722
-21729
-21730
-21731
-21732
-21735
-21736
-21740
-21745
-21749
-21752
-21752
-21753
-21755
-21762
-21763
-21765
-21766
-21767
-21769
-21772
-21773
-21774
-21774
-21775
-21775
-21776
-21795
-21795
-21797
-21799
-21799
-21804
-21807
-21807
-21808
-21810
-21812
-21813
-21813
-21814
-21815
-21815
-21816
-21820
-21825
-21835
-21841
-21841
-21847
-21847
-21847
-21848
-21855
-21875
-21876
-21876
-21888
-21901
-21902
-21905
-21907
-21907
-21908
-21910
-21915
-21917
-21917
-21920
-21921
-21925
-21927
-21927
-21928
-21930
-21932
-21935
-21937
-21947
-21949
-21949
-21950
-21954
-21957
-21957
-21958
-21963
-21966
-21970
-21970
-21970
-21976
-21976
-21981
-21982
-21982
-21986
-21986
-21989
-21999
-22001
-22004
-22006
-22006
-22007
-22008
-22009
-22010
-22011
-22016
-22016
-22017
-22020
-22023
-22024
-22027
-22028
-22033
-22035
-22037
-22042
-22042
-22046
-22047
-22053
-22053
-22062
-22071
-22073
-22076
-22080
-22082
-22084
-22084
-22087
-22088
-22089
-22094
-22096
-22096
-22097
-22097
-22097
-22100
-22103
-22105
-22108
-22108
-22113
-22117
-22117
-22118
-22119
-22119
-22120
-22121
-22122
-22122
-22123
-22123
-22127
-22135
-22136
-22140
-22142
-22144
-22148
-22152
-22153
-22156
-22158
-22158
-22160
-22161
-22162
-22162
-22169
-22169
-22170
-22172
-22179
-22181
-22182
-22190
-22191
-22191
-22195
-22195
-22196
-22198
-22198
-22204
-22206
-22206
-22219
-22220
-22220
-22221
-22228
-22229
-22229
-22229
-22232
-22232
-22234
-22237
-22239
-22243
-22245
-22245
-22249
-22253
-22256
-22256
-22256
-22258
-22260
-22262
-22268
-22270
-22274
-22276
-22276
-22277
-22280
-22285
-22286
-22286
-22287
-22292
-22295
-22295
-22296
-22297
-22297
-22297
-22300
-22305
-22306
-22307
-22311
-22315
-22316
-22316
-22317
-22318
-22320
-22324
-22326
-22328
-22330
-22332
-22333
-22334
-22337
-22341
-22346
-22348
-22351
-22353
-22360
-22364
-22368
-22369
-22371
-22372
-22375
-22378
-22378
-22379
-22382
-22384
-22384
-22386
-22389
-22389
-22390
-22391
-22392
-22396
-22399
-22401
-22404
-22405
-22405
-22406
-22407
-22413
-22414
-22416
-22417
-22419
-22422
-22423
-22423
-22444
-22445
-22448
-22450
-22453
-22460
-22460
-22464
-22465
-22469
-22470
-22473
-22473
-22476
-22480
-22481
-22483
-22488
-22488
-22489
-22493
-22494
-22497
-22498
-22499
-22500
-22504
-22507
-22508
-22509
-22509
-22510
-22510
-22511
-22524
-22531
-22532
-22536
-22537
-22541
-22542
-22554
-22555
-22555
-22556
-22556
-22558
-22566
-22566
-22571
-22572
-22574
-22574
-22574
-22575
-22575
-22576
-22578
-22584
-22584
-22584
-22586
-22587
-22587
-22590
-22604
-22605
-22605
-22607
-22608
-22611
-22615
-22619
-22619
-22622
-22623
-22624
-22624
-22624
-22625
-22631
-22631
-22634
-22637
-22640
-22642
-22642
-22646
-22650
-22652
-22653
-22657
-22660
-22661
-22661
-22665
-22668
-22669
-22672
-22675
-22678
-22679
-22679
-22681
-22684
-22684
-22686
-22691
-22694
-22694
-22695
-22695
-22696
-22701
-22701
-22703
-22704
-22704
-22706
-22708
-22710
-22710
-22711
-22712
-22714
-22715
-22716
-22717
-22717
-22717
-22720
-22721
-22725
-22729
-22731
-22732
-22732
-22734
-22736
-22737
-22739
-22742
-22746
-22751
-22760
-22760
-22770
-22771
-22771
-22776
-22779
-22783
-22784
-22784
-22787
-22792
-22793
-22799
-22800
-22802
-22804
-22808
-22809
-22815
-22815
-22817
-22818
-22818
-22821
-22821
-22824
-22825
-22828
-22829
-22831
-22834
-22837
-22838
-22839
-22839
-22842
-22860
-22861
-22864
-22869
-22880
-22881
-22884
-22889
-22890
-22891
-22892
-22895
-22902
-22902
-22904
-22905
-22913
-22914
-22915
-22915
-22918
-22920
-22920
-22924
-22930
-22932
-22933
-22934
-22937
-22938
-22942
-22945
-22946
-22948
-22950
-22950
-22955
-22960
-22963
-22964
-22967
-22967
-22970
-22970
-22975
-22976
-22978
-22979
-22981
-22985
-22985
-22989
-22990
-22991
-22997
-22997
