-1.66e+05
-1.6935e+05
-1.7571e+05
-1.7907e+05
-1.7954e+05
-1.8039e+05
-1.807e+05
-1.8139e+05
-1.8162e+05
-1.8228e+05
-1.8228e+05
-1.8391e+05
-1.8393e+05
-1.8509e+05
-1.8544e+05
-1.855e+05
-1.8581e+05
-1.8617e+05
-1.8644e+05
-1.8686e+05
-1.8741e+05
-1.8809e+05
-1.8901e+05
-1.8908e+05
-1.8966e+05
-1.898e+05
-1.9006e+05
-1.9032e+05
-1.9036e+05
-1.9037e+05
-1.9101e+05
-1.9101e+05
-1.9114e+05
-1.9129e+05
-1.9134e+05
-1.9145e+05
-1.9208e+05
-1.9216e+05
-1.9239e+05
-1.9257e+05
-1.9278e+05
-1.9284e+05
-1.9319e+05
-1.934e+05
-1.9363e+05
-1.9376e+05
-1.9388e+05
-1.9388e+05
-1.9414e+05
-1.9415e+05
-1.9419e+05
-1.9469e+05
-1.9502e+05
-1.9527e+05
-1.953e+05
-1.9557e+05
-1.9561e+05
-1.9602e+05
-1.9613e+05
-1.9618e+05
-1.9626e+05
-1.9628e+05
-1.9655e+05
-1.9662e+05
-1.9662e+05
-1.9675e+05
-1.9696e+05
-1.9703e+05
-1.9712e+05
-1.9737e+05
-1.9753e+05
-1.9753e+05
-1.9774e+05
-1.9795e+05
-1.9796e+05
-1.9826e+05
-1.9831e+05
-1.9832e+05
-1.9848e+05
-1.9875e+05
-1.9881e+05
-1.9899e+05
-1.9914e+05
-1.9923e+05
-1.9959e+05
-1.9982e+05
-1.9991e+05
-1.9991e+05
-1.9996e+05
-2.0005e+05
-2.0016e+05
-2.0023e+05
-2.0033e+05
-2.0071e+05
-2.0076e+05
-2.0087e+05
-2.0091e+05
-2.0096e+05
-2.0106e+05
-2.0108e+05
-2.0126e+05
-2.013e+05
-2.0132e+05
-2.0173e+05
-2.0183e+05
-2.0188e+05
-2.0191e+05
-2.0197e+05
-2.0211e+05
-2.0248e+05
-2.0275e+05
-2.0282e+05
-2.0288e+05
-2.0299e+05
-2.0321e+05
-2.0336e+05
-2.0339e+05
-2.034e+05
-2.0358e+05
-2.0363e+05
-2.0367e+05
-2.0368e+05
-2.0373e+05
-2.0385e+05
-2.0385e+05
-2.0398e+05
-2.04e+05
-2.0415e+05
-2.0417e+05
-2.042e+05
-2.0426e+05
-2.0426e+05
-2.044e+05
-2.0462e+05
-2.0469e+05
-2.0472e+05
-2.0474e+05
-2.0486e+05
-2.0495e+05
-2.0511e+05
-2.0512e+05
-2.0541e+05
-2.0543e+05
-2.0547e+05
-2.0553e+05
-2.0556e+05
-2.056e+05
-2.0566e+05
-2.0591e+05
-2.0602e+05
-2.0625e+05
-2.063e+05
-2.0634e+05
-2.0637e+05
-2.0639e+05
-2.0659e+05
-2.0669e+05
-2.0674e+05
-2.0675e+05
-2.0678e+05
-2.068e+05
-2.0693e+05
-2.0701e+05
-2.0703e+05
-2.0712e+05
-2.0726e+05
-2.0732e+05
-2.0741e+05
-2.0747e+05
-2.075e+05
-2.0751e+05
-2.0752e+05
-2.0759e+05
-2.0772e+05
-2.0779e+05
-2.0784e+05
-2.0795e+05
-2.0798e+05
-2.0804e+05
-2.0817e+05
-2.0826e+05
-2.0827e+05
-2.0829e+05
-2.0832e+05
-2.0842e+05
-2.0843e+05
-2.0845e+05
-2.0855e+05
-2.0857e+05
-2.0858e+05
-2.086e+05
-2.0875e+05
-2.0878e+05
-2.0884e+05
-2.0905e+05
-2.0911e+05
-2.0913e+05
-2.0915e+05
-2.0919e+05
-2.0921e+05
-2.0922e+05
-2.0927e+05
-2.0928e+05
-2.0929e+05
-2.0931e+05
-2.0939e+05
-2.0942e+05
-2.0946e+05
-2.0949e+05
-2.095e+05
-2.0954e+05
-2.0955e+05
-2.0957e+05
-2.0958e+05
-2.096e+05
-2.0962e+05
-2.0963e+05
-2.0963e+05
-2.0964e+05
-2.0965e+05
-2.097e+05
-2.0975e+05
-2.0977e+05
-2.0978e+05
-2.0983e+05
-2.0991e+05
-2.0992e+05
-2.1001e+05
-2.1003e+05
-2.1008e+05
-2.1022e+05
-2.1027e+05
-2.1028e+05
-2.1048e+05
-2.1048e+05
-2.1052e+05
-2.1078e+05
-2.1078e+05
-2.1083e+05
-2.1084e+05
-2.1088e+05
-2.1093e+05
-2.1097e+05
-2.1099e+05
-2.1101e+05
-2.1101e+05
-2.1113e+05
-2.1114e+05
-2.1119e+05
-2.1125e+05
-2.1129e+05
-2.1129e+05
-2.113e+05
-2.1135e+05
-2.1139e+05
-2.1143e+05
-2.116e+05
-2.116e+05
-2.1163e+05
-2.1176e+05
-2.1178e+05
-2.1194e+05
-2.1197e+05
-2.1204e+05
-2.1206e+05
-2.1212e+05
-2.1218e+05
-2.1218e+05
-2.123e+05
-2.1241e+05
-2.1255e+05
-2.1256e+05
-2.1257e+05
-2.1264e+05
-2.1273e+05
-2.1278e+05
-2.1279e+05
-2.1282e+05
-2.1292e+05
-2.1298e+05
-2.1301e+05
-2.1301e+05
-2.1301e+05
-2.1304e+05
-2.1308e+05
-2.1316e+05
-2.1318e+05
-2.1326e+05
-2.1332e+05
-2.1332e+05
-2.1343e+05
-2.1343e+05
-2.1355e+05
-2.1358e+05
-2.1361e+05
-2.1362e+05
-2.1364e+05
-2.1372e+05
-2.1378e+05
-2.1379e+05
-2.1385e+05
-2.1388e+05
-2.1399e+05
-2.1417e+05
-2.1429e+05
-2.143e+05
-2.1441e+05
-2.1441e+05
-2.1449e+05
-2.145e+05
-2.1454e+05
-2.1464e+05
-2.147e+05
-2.1471e+05
-2.1478e+05
-2.1479e+05
-2.1484e+05
-2.1494e+05
-2.1501e+05
-2.1501e+05
-2.1502e+05
-2.1504e+05
-2.1507e+05
-2.1513e+05
-2.1518e+05
-2.1532e+05
-2.1535e+05
-2.1542e+05
-2.1548e+05
-2.1549e+05
-2.1551e+05
-2.1558e+05
-2.156e+05
-2.1564e+05
-2.1566e+05
-2.1567e+05
-2.1577e+05
-2.1579e+05
-2.1582e+05
-2.1596e+05
-2.1597e+05
-2.1599e+05
-2.1601e+05
-2.1605e+05
-2.1606e+05
-2.1616e+05
-2.1616e+05
-2.1618e+05
-2.1618e+05
-2.1619e+05
-2.162e+05
-2.1624e+05
-2.1631e+05
-2.1639e+05
-2.164e+05
-2.1643e+05
-2.1647e+05
-2.1653e+05
-2.1658e+05
-2.1661e+05
-2.1665e+05
-2.1666e+05
-2.1668e+05
-2.1669e+05
-2.1672e+05
-2.1674e+05
-2.1677e+05
-2.1678e+05
-2.1678e+05
-2.168e+05
-2.1683e+05
-2.1687e+05
-2.1695e+05
-2.1698e+05
-2.171e+05
-2.1715e+05
-2.1717e+05
-2.1718e+05
-2.172e+05
-2.1729e+05
-2.1738e+05
-2.1741e+05
-2.1742e+05
-2.1743e+05
-2.1749e+05
-2.175e+05
-2.175e+05
-2.1758e+05
-2.1762e+05
-2.1764e+05
-2.1768e+05
-2.177e+05
-2.1782e+05
-2.1782e+05
-2.1784e+05
-2.179e+05
-2.1798e+05
-2.1798e+05
-2.1803e+05
-2.1804e+05
-2.1805e+05
-2.1811e+05
-2.1814e+05
-2.1818e+05
-2.1819e+05
-2.182e+05
-2.1821e+05
-2.1827e+05
-2.183e+05
-2.1831e+05
-2.1831e+05
-2.1833e+05
-2.1834e+05
-2.1837e+05
-2.1837e+05
-2.1839e+05
-2.1843e+05
-2.1849e+05
-2.1859e+05
-2.1864e+05
-2.1878e+05
-2.1879e+05
-2.1882e+05
-2.1883e+05
-2.1893e+05
-2.1897e+05
-2.1898e+05
-2.1912e+05
-2.1916e+05
-2.1917e+05
-2.1918e+05
-2.1924e+05
-2.1926e+05
-2.1928e+05
-2.1931e+05
-2.1931e+05
-2.1931e+05
-2.1933e+05
-2.1936e+05
-2.1937e+05
-2.1942e+05
-2.1946e+05
-2.1948e+05
-2.1951e+05
-2.1952e+05
-2.1954e+05
-2.1958e+05
-2.1959e+05
-2.1959e+05
-2.1961e+05
-2.1965e+05
-2.197e+05
-2.1972e+05
-2.1974e+05
-2.1975e+05
-2.1979e+05
-2.1982e+05
-2.1986e+05
-2.1988e+05
-2.1992e+05
-2.1996e+05
-2.2004e+05
-2.2005e+05
-2.2006e+05
-2.2007e+05
-2.2008e+05
-2.2013e+05
-2.2024e+05
-2.2025e+05
-2.2029e+05
-2.203e+05
-2.204e+05
-2.2042e+05
-2.2043e+05
-2.2044e+05
-2.2045e+05
-2.2047e+05
-2.2047e+05
-2.2048e+05
-2.2052e+05
-2.2054e+05
-2.2055e+05
-2.206e+05
-2.2068e+05
-2.207e+05
-2.2078e+05
-2.2079e+05
-2.2083e+05
-2.2088e+05
-2.2088e+05
-2.2091e+05
-2.2094e+05
-2.2096e+05
-2.2097e+05
-2.2098e+05
-2.2098e+05
-2.2098e+05
-2.2101e+05
-2.2104e+05
-2.2105e+05
-2.2108e+05
-2.2109e+05
-2.211e+05
-2.2113e+05
-2.2114e+05
-2.2118e+05
-2.2121e+05
-2.2127e+05
-2.2131e+05
-2.2133e+05
-2.2137e+05
-2.2138e+05
-2.2142e+05
-2.2142e+05
-2.2143e+05
-2.2146e+05
-2.2146e+05
-2.2147e+05
-2.2149e+05
-2.2158e+05
-2.2158e+05
-2.2159e+05
-2.2159e+05
-2.2163e+05
-2.2164e+05
-2.2166e+05
-2.2166e+05
-2.2167e+05
-2.2167e+05
-2.2171e+05
-2.2172e+05
-2.2175e+05
-2.2176e+05
-2.2176e+05
-2.2177e+05
-2.2186e+05
-2.2187e+05
-2.219e+05
-2.2191e+05
-2.2197e+05
-2.2199e+05
-2.2199e+05
-2.2205e+05
-2.2206e+05
-2.2207e+05
-2.2209e+05
-2.221e+05
-2.221e+05
-2.2215e+05
-2.2217e+05
-2.2218e+05
-2.222e+05
-2.222e+05
-2.223e+05
-2.224e+05
-2.2241e+05
-2.2241e+05
-2.2242e+05
-2.2243e+05
-2.2243e+05
-2.2246e+05
-2.2249e+05
-2.225e+05
-2.2253e+05
-2.2257e+05
-2.2264e+05
-2.2266e+05
-2.2266e+05
-2.2266e+05
-2.2268e+05
-2.2268e+05
-2.2268e+05
-2.2269e+05
-2.2272e+05
-2.2273e+05
-2.2274e+05
-2.228e+05
-2.2281e+05
-2.2286e+05
-2.2287e+05
-2.2289e+05
-2.2292e+05
-2.2292e+05
-2.2293e+05
-2.2294e+05
-2.2299e+05
-2.2301e+05
-2.2303e+05
-2.2307e+05
-2.2308e+05
-2.2309e+05
-2.232e+05
-2.2324e+05
-2.2325e+05
-2.2327e+05
-2.2328e+05
-2.2329e+05
-2.233e+05
-2.2333e+05
-2.2343e+05
-2.2346e+05
-2.2346e+05
-2.2347e+05
-2.235e+05
-2.2355e+05
-2.2365e+05
-2.2367e+05
-2.2367e+05
-2.2368e+05
-2.2372e+05
-2.2378e+05
-2.2379e+05
-2.2382e+05
-2.2391e+05
-2.2394e+05
-2.2401e+05
-2.2401e+05
-2.2401e+05
-2.2409e+05
-2.2413e+05
-2.2414e+05
-2.2419e+05
-2.2421e+05
-2.2421e+05
-2.2426e+05
-2.243e+05
-2.2438e+05
-2.2439e+05
-2.2443e+05
-2.2444e+05
-2.2444e+05
-2.2445e+05
-2.2449e+05
-2.2449e+05
-2.2452e+05
-2.2454e+05
-2.2455e+05
-2.2459e+05
-2.2459e+05
-2.2461e+05
-2.2461e+05
-2.2464e+05
-2.2468e+05
-2.2468e+05
-2.2471e+05
-2.2473e+05
-2.2473e+05
-2.2477e+05
-2.2477e+05
-2.2478e+05
-2.2481e+05
-2.2484e+05
-2.2486e+05
-2.2491e+05
-2.2493e+05
-2.2494e+05
-2.2496e+05
-2.2496e+05
-2.2497e+05
-2.2502e+05
-2.2503e+05
-2.2508e+05
-2.2508e+05
-2.2515e+05
-2.2515e+05
-2.2518e+05
-2.2523e+05
-2.2535e+05
-2.2536e+05
-2.254e+05
-2.254e+05
-2.2541e+05
-2.2545e+05
-2.2545e+05
-2.2545e+05
-2.2547e+05
-2.2549e+05
-2.2551e+05
-2.2551e+05
-2.2553e+05
-2.2554e+05
-2.2557e+05
-2.2558e+05
-2.2558e+05
-2.256e+05
-2.2562e+05
-2.2562e+05
-2.2565e+05
-2.2565e+05
-2.2565e+05
-2.2566e+05
-2.2567e+05
-2.257e+05
-2.2573e+05
-2.2575e+05
-2.2578e+05
-2.2581e+05
-2.2582e+05
-2.2585e+05
-2.2585e+05
-2.2586e+05
-2.2587e+05
-2.2587e+05
-2.2589e+05
-2.2589e+05
-2.2592e+05
-2.2593e+05
-2.2595e+05
-2.2601e+05
-2.2601e+05
-2.2604e+05
-2.2606e+05
-2.2608e+05
-2.261e+05
-2.2611e+05
-2.2612e+05
-2.2612e+05
-2.2616e+05
-2.2616e+05
-2.2618e+05
-2.262e+05
-2.262e+05
-2.2625e+05
-2.2626e+05
-2.2626e+05
-2.263e+05
-2.263e+05
-2.2634e+05
-2.2636e+05
-2.2637e+05
-2.2638e+05
-2.2638e+05
-2.2641e+05
-2.2642e+05
-2.2647e+05
-2.2649e+05
-2.2651e+05
-2.2651e+05
-2.2652e+05
-2.2653e+05
-2.2654e+05
-2.2659e+05
-2.266e+05
-2.2663e+05
-2.2665e+05
-2.2668e+05
-2.2673e+05
-2.2673e+05
-2.2673e+05
-2.2675e+05
-2.2676e+05
-2.2676e+05
-2.2678e+05
-2.2679e+05
-2.2685e+05
-2.2685e+05
-2.2685e+05
-2.2686e+05
-2.2691e+05
-2.2691e+05
-2.2691e+05
-2.2692e+05
-2.2693e+05
-2.2694e+05
-2.2698e+05
-2.27e+05
-2.27e+05
-2.2702e+05
-2.2702e+05
-2.2703e+05
-2.2704e+05
-2.2706e+05
-2.2706e+05
-2.2707e+05
-2.2707e+05
-2.2708e+05
-2.2708e+05
-2.271e+05
-2.2712e+05
-2.2713e+05
-2.2714e+05
-2.2716e+05
-2.2718e+05
-2.2719e+05
-2.272e+05
-2.2724e+05
-2.2725e+05
-2.2727e+05
-2.2727e+05
-2.2728e+05
-2.273e+05
-2.273e+05
-2.2731e+05
-2.2735e+05
-2.2736e+05
-2.2738e+05
-2.2739e+05
-2.2739e+05
-2.2742e+05
-2.2744e+05
-2.2746e+05
-2.2749e+05
-2.275e+05
-2.2751e+05
-2.2752e+05
-2.2757e+05
-2.2758e+05
-2.2759e+05
-2.2759e+05
-2.2759e+05
-2.2763e+05
-2.2763e+05
-2.2763e+05
-2.2764e+05
-2.2766e+05
-2.2769e+05
-2.2771e+05
-2.2772e+05
-2.2777e+05
-2.2778e+05
-2.2779e+05
-2.2779e+05
-2.278e+05
-2.2782e+05
-2.2784e+05
-2.2785e+05
-2.2788e+05
-2.2789e+05
-2.279e+05
-2.2792e+05
-2.2799e+05
-2.2801e+05
-2.2801e+05
-2.2803e+05
-2.2807e+05
-2.2807e+05
-2.2813e+05
-2.2814e+05
-2.2815e+05
-2.2816e+05
-2.2821e+05
-2.2823e+05
-2.2824e+05
-2.2824e+05
-2.2825e+05
-2.2826e+05
-2.2826e+05
-2.2826e+05
-2.2834e+05
-2.2835e+05
-2.2835e+05
-2.2836e+05
-2.284e+05
-2.2842e+05
-2.2847e+05
-2.2848e+05
-2.2849e+05
-2.2849e+05
-2.2852e+05
-2.2852e+05
-2.2853e+05
-2.2854e+05
-2.2857e+05
-2.2863e+05
-2.2866e+05
-2.2867e+05
-2.2869e+05
-2.287e+05
-2.2872e+05
-2.2873e+05
-2.2873e+05
-2.2873e+05
-2.2877e+05
-2.2878e+05
-2.2879e+05
-2.288e+05
-2.2881e+05
-2.2882e+05
-2.2882e+05
-2.2883e+05
-2.2884e+05
-2.2884e+05
-2.2885e+05
-2.2886e+05
-2.2889e+05
-2.2892e+05
-2.2897e+05
-2.2897e+05
-2.2897e+05
-2.2898e+05
-2.29e+05
-2.29e+05
-2.2905e+05
-2.2906e+05
-2.2907e+05
-2.291e+05
-2.2913e+05
-2.2914e+05
-2.2915e+05
-2.2917e+05
-2.2917e+05
-2.2919e+05
-2.2921e+05
-2.2922e+05
-2.2923e+05
-2.2924e+05
-2.2927e+05
-2.2931e+05
-2.2932e+05
-2.2934e+05
-2.2934e+05
-2.2935e+05
-2.2938e+05
-2.294e+05
-2.2941e+05
-2.2944e+05
-2.2951e+05
-2.2953e+05
-2.2955e+05
-2.2956e+05
-2.2956e+05
-2.296e+05
-2.2963e+05
-2.2964e+05
-2.2965e+05
-2.2966e+05
-2.2966e+05
-2.2968e+05
-2.297e+05
-2.2973e+05
-2.2974e+05
-2.2975e+05
-2.2977e+05
-2.2978e+05
-2.2981e+05
-2.2982e+05
-2.2982e+05
-2.2982e+05
-2.2982e+05
-2.2984e+05
-2.2984e+05
-2.2985e+05
-2.2989e+05
-2.2993e+05
-2.2993e+05
-2.2995e+05
-2.2995e+05
-2.2996e+05
-2.2997e+05
-2.2997e+05
-2.3e+05
-2.3003e+05
-2.3003e+05
-2.3005e+05
-2.301e+05
-2.3012e+05
-2.3014e+05
-2.3019e+05
-2.302e+05
-2.3022e+05
-2.3023e+05
-2.3024e+05
-2.3026e+05
-2.3028e+05
-2.303e+05
-2.303e+05
-2.3031e+05
-2.3032e+05
-2.3033e+05
-2.3036e+05
-2.3036e+05
-2.3037e+05
-2.3038e+05
-2.3038e+05
-2.304e+05
-2.3042e+05
-2.3044e+05
-2.3044e+05
-2.3044e+05
-2.3052e+05
-2.3057e+05
-2.3057e+05
-2.3057e+05
-2.3059e+05
-2.3061e+05
-2.3062e+05
-2.307e+05
-2.307e+05
-2.307e+05
-2.3072e+05
-2.3073e+05
-2.3075e+05
-2.3076e+05
-2.3077e+05
-2.3082e+05
-2.3084e+05
-2.3085e+05
-2.3087e+05
-2.3088e+05
-2.3089e+05
-2.3091e+05
-2.3091e+05
-2.3093e+05
-2.3096e+05
-2.3097e+05
-2.3097e+05
-2.3097e+05
-2.3102e+05
-2.3102e+05
-2.3105e+05
-2.3108e+05
-2.3113e+05
-2.3116e+05
-2.3116e+05
-2.3118e+05
-2.3119e+05
-2.3119e+05
-2.3123e+05
-2.3125e+05
-2.3126e+05
-2.3128e+05
-2.3135e+05
-2.3137e+05
-2.314e+05
-2.3144e+05
-2.3147e+05
-2.3148e+05
-2.3152e+05
-2.3152e+05
-2.3155e+05
-2.3156e+05
-2.3156e+05
-2.3156e+05
-2.3157e+05
-2.3159e+05
-2.3159e+05
-2.3167e+05
-2.3168e+05
-2.3169e+05
-2.3171e+05
-2.3173e+05
-2.3176e+05
-2.3179e+05
-2.3181e+05
-2.3181e+05
-2.3186e+05
-2.319e+05
-2.319e+05
-2.3191e+05
-2.3192e+05
-2.3195e+05
-2.3195e+05
-2.3197e+05
-2.3197e+05
-2.3198e+05
-2.3198e+05
-2.3201e+05
-2.3201e+05
-2.3204e+05
-2.3208e+05
-2.3209e+05
-2.321e+05
-2.3212e+05
-2.3213e+05
-2.3213e+05
-2.3213e+05
-2.3214e+05
-2.3214e+05
-2.3217e+05
-2.3218e+05
-2.3218e+05
-2.322e+05
-2.3223e+05
-2.3225e+05
-2.3226e+05
-2.3226e+05
-2.3228e+05
-2.3229e+05
-2.3231e+05
-2.3232e+05
-2.3233e+05
-2.3234e+05
-2.3237e+05
-2.3238e+05
-2.3238e+05
-2.3238e+05
-2.3241e+05
-2.3244e+05
-2.3245e+05
-2.3245e+05
-2.3248e+05
-2.3249e+05
-2.3252e+05
-2.3253e+05
-2.3253e+05
-2.3254e+05
-2.3254e+05
-2.3255e+05
-2.3256e+05
-2.3257e+05
-2.3257e+05
-2.3257e+05
-2.3258e+05
-2.3258e+05
-2.3262e+05
-2.3263e+05
-2.3263e+05
-2.3265e+05
-2.3267e+05
-2.3267e+05
-2.3269e+05
-2.3269e+05
-2.3272e+05
-2.3273e+05
-2.3273e+05
-2.3274e+05
-2.3276e+05
-2.3276e+05
-2.3279e+05
-2.3281e+05
-2.3282e+05
-2.3285e+05
-2.3289e+05
-2.3289e+05
-2.329e+05
-2.3294e+05
-2.3297e+05
-2.3298e+05
-2.3298e+05
-2.3299e+05
-2.3299e+05
-2.33e+05
-2.33e+05
-2.3302e+05
-2.3304e+05
-2.3309e+05
-2.331e+05
-2.331e+05
-2.3311e+05
-2.3313e+05
-2.3314e+05
-2.3317e+05
-2.3322e+05
-2.3323e+05
-2.3324e+05
-2.3326e+05
-2.3327e+05
-2.3329e+05
-2.3329e+05
-2.333e+05
-2.3332e+05
-2.3333e+05
-2.3333e+05
-2.3334e+05
-2.3339e+05
-2.3342e+05
-2.3343e+05
-2.3343e+05
-2.3344e+05
-2.3346e+05
-2.3348e+05
-2.3348e+05
-2.3349e+05
-2.335e+05
-2.335e+05
-2.3351e+05
-2.3353e+05
-2.3353e+05
-2.3355e+05
-2.3356e+05
-2.336e+05
-2.3361e+05
-2.3364e+05
-2.3365e+05
-2.3366e+05
-2.3366e+05
-2.3368e+05
-2.3373e+05
-2.3374e+05
-2.3374e+05
-2.3375e+05
-2.3376e+05
-2.3376e+05
-2.3379e+05
-2.338e+05
-2.3381e+05
-2.3382e+05
-2.3383e+05
-2.3384e+05
-2.3384e+05
-2.3385e+05
-2.3386e+05
-2.3387e+05
-2.3389e+05
-2.3389e+05
-2.339e+05
-2.3393e+05
-2.3393e+05
-2.3401e+05
-2.3404e+05
-2.3405e+05
-2.3405e+05
-2.3408e+05
-2.3409e+05
-2.3411e+05
-2.3413e+05
-2.3414e+05
-2.3415e+05
-2.3415e+05
-2.3416e+05
-2.342e+05
-2.3422e+05
-2.3423e+05
-2.3426e+05
-2.3426e+05
-2.3427e+05
-2.343e+05
-2.3433e+05
-2.3435e+05
-2.3436e+05
-2.3439e+05
-2.3441e+05
-2.3445e+05
-2.3447e+05
-2.3447e+05
-2.3448e+05
-2.3448e+05
-2.3449e+05
-2.345e+05
-2.345e+05
-2.3452e+05
-2.3453e+05
-2.3454e+05
-2.3454e+05
-2.3456e+05
-2.3456e+05
-2.3457e+05
-2.3458e+05
-2.3458e+05
-2.346e+05
-2.3461e+05
-2.3461e+05
-2.3464e+05
-2.3465e+05
-2.3466e+05
-2.3467e+05
-2.3468e+05
-2.347e+05
-2.3473e+05
-2.3478e+05
-2.348e+05
-2.3481e+05
-2.3483e+05
-2.3485e+05
-2.3488e+05
-2.3489e+05
-2.3489e+05
-2.3489e+05
-2.3492e+05
-2.3494e+05
-2.3496e+05
-2.3498e+05
-2.35e+05
-2.35e+05
-2.3502e+05
-2.3504e+05
-2.3506e+05
-2.3507e+05
-2.3507e+05
-2.3508e+05
-2.3509e+05
-2.3512e+05
-2.3516e+05
-2.3517e+05
-2.3517e+05
-2.3517e+05
-2.3517e+05
-2.3519e+05
-2.3519e+05
-2.3524e+05
-2.3526e+05
-2.3528e+05
-2.3529e+05
-2.3532e+05
-2.3532e+05
-2.3535e+05
-2.3538e+05
-2.3539e+05
-2.3541e+05
-2.3542e+05
-2.3542e+05
-2.3543e+05
-2.3544e+05
-2.3545e+05
-2.3546e+05
-2.3547e+05
-2.3548e+05
-2.3548e+05
-2.3549e+05
-2.355e+05
-2.355e+05
-2.3552e+05
-2.3552e+05
-2.3555e+05
-2.3556e+05
-2.3557e+05
-2.3562e+05
-2.3562e+05
-2.3565e+05
-2.3565e+05
-2.3565e+05
-2.357e+05
-2.357e+05
-2.3574e+05
-2.3579e+05
-2.358e+05
-2.3581e+05
-2.3581e+05
-2.3582e+05
-2.3586e+05
-2.3587e+05
-2.3587e+05
-2.3587e+05
-2.359e+05
-2.359e+05
-2.3591e+05
-2.3592e+05
-2.3592e+05
-2.3593e+05
-2.3596e+05
-2.3597e+05
-2.3598e+05
-2.3598e+05
-2.36e+05
-2.3601e+05
-2.3603e+05
-2.3604e+05
-2.3605e+05
-2.3606e+05
-2.3606e+05
-2.3607e+05
-2.3608e+05
-2.3609e+05
-2.3609e+05
-2.3613e+05
-2.3614e+05
-2.3614e+05
-2.3615e+05
-2.3616e+05
-2.3618e+05
-2.362e+05
-2.362e+05
-2.3625e+05
-2.3629e+05
-2.363e+05
-2.3631e+05
-2.3634e+05
-2.3634e+05
-2.3634e+05
-2.3642e+05
-2.3643e+05
-2.3644e+05
-2.3645e+05
-2.3645e+05
-2.3646e+05
-2.3647e+05
-2.365e+05
-2.3651e+05
-2.3653e+05
-2.3654e+05
-2.3654e+05
-2.3654e+05
-2.3654e+05
-2.3656e+05
-2.3656e+05
-2.3656e+05
-2.3662e+05
-2.3664e+05
-2.3666e+05
-2.3668e+05
-2.367e+05
-2.367e+05
-2.3671e+05
-2.3672e+05
-2.3672e+05
-2.3672e+05
-2.3675e+05
-2.3676e+05
-2.3676e+05
-2.3677e+05
-2.3677e+05
-2.368e+05
-2.3685e+05
-2.3685e+05
-2.3688e+05
-2.3689e+05
-2.3689e+05
-2.3691e+05
-2.3692e+05
-2.3693e+05
-2.3695e+05
-2.3697e+05
-2.3703e+05
-2.3703e+05
-2.3704e+05
-2.3704e+05
-2.3707e+05
-2.3708e+05
-2.3708e+05
-2.3709e+05
-2.3713e+05
-2.3715e+05
-2.3717e+05
-2.3717e+05
-2.3719e+05
-2.3719e+05
-2.3721e+05
-2.3722e+05
-2.3723e+05
-2.3726e+05
-2.3729e+05
-2.3729e+05
-2.3731e+05
-2.3731e+05
-2.3732e+05
-2.3732e+05
-2.3732e+05
-2.3734e+05
-2.3735e+05
-2.3739e+05
-2.3739e+05
-2.3742e+05
-2.3743e+05
-2.3745e+05
-2.3749e+05
-2.3749e+05
-2.3752e+05
-2.3753e+05
-2.3753e+05
-2.3754e+05
-2.3755e+05
-2.3756e+05
-2.3757e+05
-2.3757e+05
-2.3761e+05
-2.3762e+05
-2.3763e+05
-2.3764e+05
-2.3764e+05
-2.3764e+05
-2.3764e+05
-2.3767e+05
-2.3768e+05
-2.377e+05
-2.377e+05
-2.377e+05
-2.377e+05
-2.3771e+05
-2.3771e+05
-2.3772e+05
-2.3777e+05
-2.3777e+05
-2.3778e+05
-2.3779e+05
-2.3779e+05
-2.3779e+05
-2.378e+05
-2.3783e+05
-2.3784e+05
-2.3784e+05
-2.3784e+05
-2.3786e+05
-2.3786e+05
-2.3786e+05
-2.3787e+05
-2.3787e+05
-2.3788e+05
-2.379e+05
-2.3791e+05
-2.3795e+05
-2.3796e+05
-2.3799e+05
-2.38e+05
-2.3801e+05
-2.3801e+05
-2.3804e+05
-2.3804e+05
-2.3804e+05
-2.3809e+05
-2.381e+05
-2.381e+05
-2.381e+05
-2.3813e+05
-2.3817e+05
-2.3817e+05
-2.3818e+05
-2.382e+05
-2.3822e+05
-2.3826e+05
-2.3826e+05
-2.3826e+05
-2.3827e+05
-2.3831e+05
-2.3831e+05
-2.3834e+05
-2.3835e+05
-2.3837e+05
-2.3841e+05
-2.3841e+05
-2.3843e+05
-2.3844e+05
-2.3844e+05
-2.3847e+05
-2.3849e+05
-2.385e+05
-2.3852e+05
-2.3853e+05
-2.3855e+05
-2.3856e+05
-2.3857e+05
-2.3859e+05
-2.386e+05
-2.386e+05
-2.3864e+05
-2.3864e+05
-2.3866e+05
-2.3868e+05
-2.3868e+05
-2.387e+05
-2.387e+05
-2.3872e+05
-2.3874e+05
-2.3874e+05
-2.3874e+05
-2.3875e+05
-2.388e+05
-2.3881e+05
-2.3882e+05
-2.3885e+05
-2.3887e+05
-2.3887e+05
-2.3889e+05
-2.3891e+05
-2.3892e+05
-2.3893e+05
-2.3893e+05
-2.3893e+05
-2.3894e+05
-2.3899e+05
-2.39e+05
-2.3902e+05
-2.3902e+05
-2.3904e+05
-2.3904e+05
-2.3907e+05
-2.3907e+05
-2.3908e+05
-2.3911e+05
-2.3912e+05
-2.3912e+05
-2.3913e+05
-2.3915e+05
-2.3915e+05
-2.3916e+05
-2.3917e+05
-2.3917e+05
-2.3922e+05
-2.3924e+05
-2.3924e+05
-2.3924e+05
-2.3925e+05
-2.3926e+05
-2.3927e+05
-2.3931e+05
-2.3931e+05
-2.3932e+05
-2.3932e+05
-2.3935e+05
-2.3935e+05
-2.3935e+05
-2.3935e+05
-2.3935e+05
-2.3937e+05
-2.3937e+05
-2.3937e+05
-2.394e+05
-2.3946e+05
-2.3946e+05
-2.3949e+05
-2.3949e+05
-2.3949e+05
-2.395e+05
-2.3951e+05
-2.3952e+05
-2.3953e+05
-2.3954e+05
-2.3954e+05
-2.3959e+05
-2.396e+05
-2.3961e+05
-2.3961e+05
-2.3962e+05
-2.3962e+05
-2.3965e+05
-2.3965e+05
-2.3966e+05
-2.3967e+05
-2.3968e+05
-2.3968e+05
-2.397e+05
-2.3972e+05
-2.3975e+05
-2.3977e+05
-2.3977e+05
-2.3977e+05
-2.3977e+05
-2.3978e+05
-2.3979e+05
-2.3985e+05
-2.3985e+05
-2.3986e+05
-2.3986e+05
-2.3988e+05
-2.3989e+05
-2.3991e+05
-2.3993e+05
-2.3993e+05
-2.3996e+05
-2.3998e+05
-2.4e+05
-2.4002e+05
-2.4003e+05
-2.4005e+05
-2.4009e+05
-2.4009e+05
-2.401e+05
-2.4011e+05
-2.4011e+05
-2.4011e+05
-2.4012e+05
-2.4012e+05
-2.4012e+05
-2.4015e+05
-2.4015e+05
-2.4016e+05
-2.4017e+05
-2.4018e+05
-2.4018e+05
-2.4019e+05
-2.4019e+05
-2.4019e+05
-2.402e+05
-2.4022e+05
-2.4022e+05
-2.4024e+05
-2.4024e+05
-2.4026e+05
-2.4027e+05
-2.4028e+05
-2.4028e+05
-2.4028e+05
-2.4029e+05
-2.4029e+05
-2.403e+05
-2.4032e+05
-2.4033e+05
-2.4034e+05
-2.4035e+05
-2.4037e+05
-2.4037e+05
-2.4038e+05
-2.4039e+05
-2.4041e+05
-2.4042e+05
-2.4043e+05
-2.4044e+05
-2.4044e+05
-2.4047e+05
-2.4049e+05
-2.405e+05
-2.4051e+05
-2.4052e+05
-2.4053e+05
-2.4053e+05
-2.4055e+05
-2.4055e+05
-2.4056e+05
-2.4057e+05
-2.4058e+05
-2.4058e+05
-2.4058e+05
-2.4059e+05
-2.406e+05
-2.4062e+05
-2.4062e+05
-2.4063e+05
-2.4063e+05
-2.4064e+05
-2.4065e+05
-2.4065e+05
-2.4066e+05
-2.4069e+05
-2.4071e+05
-2.4075e+05
-2.4075e+05
-2.4076e+05
-2.4076e+05
-2.4077e+05
-2.4079e+05
-2.408e+05
-2.4081e+05
-2.4083e+05
-2.4084e+05
-2.4085e+05
-2.4088e+05
-2.4088e+05
-2.4089e+05
-2.4089e+05
-2.4091e+05
-2.4091e+05
-2.4091e+05
-2.4092e+05
-2.4092e+05
-2.4093e+05
-2.4093e+05
-2.4095e+05
-2.4098e+05
-2.4099e+05
-2.4099e+05
-2.4101e+05
-2.4102e+05
-2.4105e+05
-2.4106e+05
-2.4106e+05
-2.4107e+05
-2.4107e+05
-2.4108e+05
-2.4109e+05
-2.4111e+05
-2.4112e+05
-2.4113e+05
-2.4115e+05
-2.4118e+05
-2.4118e+05
-2.412e+05
-2.4121e+05
-2.4122e+05
-2.4125e+05
-2.4126e+05
-2.4128e+05
-2.413e+05
-2.413e+05
-2.4133e+05
-2.4133e+05
-2.4134e+05
-2.4135e+05
-2.4135e+05
-2.4137e+05
-2.4138e+05
-2.4139e+05
-2.414e+05
-2.4141e+05
-2.4141e+05
-2.4143e+05
-2.4144e+05
-2.4144e+05
-2.4146e+05
-2.4147e+05
-2.4148e+05
-2.4148e+05
-2.4155e+05
-2.4155e+05
-2.4156e+05
-2.4157e+05
-2.4157e+05
-2.4157e+05
-2.416e+05
-2.416e+05
-2.4161e+05
-2.4164e+05
-2.4164e+05
-2.4166e+05
-2.4167e+05
-2.417e+05
-2.417e+05
-2.4173e+05
-2.4173e+05
-2.4173e+05
-2.4175e+05
-2.4176e+05
-2.4177e+05
-2.4178e+05
-2.4183e+05
-2.4183e+05
-2.4185e+05
-2.4186e+05
-2.4186e+05
-2.4187e+05
-2.4189e+05
-2.4189e+05
-2.419e+05
-2.4191e+05
-2.4192e+05
-2.4194e+05
-2.4196e+05
-2.4197e+05
-2.4198e+05
-2.4198e+05
-2.4199e+05
-2.4199e+05
-2.42e+05
-2.4201e+05
-2.4202e+05
-2.4202e+05
-2.4202e+05
-2.4204e+05
-2.4205e+05
-2.4206e+05
-2.4207e+05
-2.4208e+05
-2.421e+05
-2.421e+05
-2.4211e+05
-2.4211e+05
-2.4211e+05
-2.4211e+05
-2.4211e+05
-2.4216e+05
-2.4218e+05
-2.4218e+05
-2.4218e+05
-2.4221e+05
-2.4223e+05
-2.4224e+05
-2.4224e+05
-2.4225e+05
-2.4226e+05
-2.4226e+05
-2.4227e+05
-2.4227e+05
-2.4228e+05
-2.4229e+05
-2.4229e+05
-2.423e+05
-2.423e+05
-2.4231e+05
-2.4232e+05
-2.4232e+05
-2.4232e+05
-2.4233e+05
-2.4233e+05
-2.4234e+05
-2.4235e+05
-2.4236e+05
-2.4238e+05
-2.4239e+05
-2.4243e+05
-2.4244e+05
-2.4244e+05
-2.4246e+05
-2.4247e+05
-2.4247e+05
-2.4248e+05
-2.4248e+05
-2.4249e+05
-2.4249e+05
-2.4251e+05
-2.4251e+05
-2.4252e+05
-2.4253e+05
-2.4254e+05
-2.4256e+05
-2.4256e+05
-2.4256e+05
-2.4257e+05
-2.4258e+05
-2.4258e+05
-2.4259e+05
-2.4259e+05
-2.426e+05
-2.426e+05
-2.426e+05
-2.4263e+05
-2.4264e+05
-2.4264e+05
-2.4266e+05
-2.4266e+05
-2.4268e+05
-2.4268e+05
-2.4269e+05
-2.4271e+05
-2.4272e+05
-2.4272e+05
-2.4275e+05
-2.4275e+05
-2.4275e+05
-2.4277e+05
-2.4277e+05
-2.4278e+05
-2.4279e+05
-2.4279e+05
-2.428e+05
-2.4281e+05
-2.4282e+05
-2.4286e+05
-2.4286e+05
-2.4287e+05
-2.4288e+05
-2.4288e+05
-2.4288e+05
-2.4288e+05
-2.4288e+05
-2.4289e+05
-2.429e+05
-2.429e+05
-2.4291e+05
-2.4291e+05
-2.4293e+05
-2.4294e+05
-2.4294e+05
-2.4298e+05
-2.4299e+05
-2.4301e+05
-2.4301e+05
-2.4305e+05
-2.4307e+05
-2.4309e+05
-2.4309e+05
-2.431e+05
-2.431e+05
-2.4314e+05
-2.4314e+05
-2.4314e+05
-2.4314e+05
-2.4314e+05
-2.4315e+05
-2.4316e+05
-2.4317e+05
-2.4318e+05
-2.4318e+05
-2.4322e+05
-2.4324e+05
-2.4325e+05
-2.4325e+05
-2.4327e+05
-2.4327e+05
-2.4329e+05
-2.4331e+05
-2.4332e+05
-2.4333e+05
-2.4333e+05
-2.4333e+05
-2.4335e+05
-2.4336e+05
-2.4337e+05
-2.4337e+05
-2.4338e+05
-2.4339e+05
-2.4339e+05
-2.4342e+05
-2.4343e+05
-2.4343e+05
-2.4343e+05
-2.4343e+05
-2.4344e+05
-2.4344e+05
-2.4345e+05
-2.4345e+05
-2.4347e+05
-2.4348e+05
-2.4349e+05
-2.4349e+05
-2.435e+05
-2.4351e+05
-2.4351e+05
-2.4353e+05
-2.4354e+05
-2.4356e+05
-2.4356e+05
-2.4358e+05
-2.4359e+05
-2.4359e+05
-2.436e+05
-2.4361e+05
-2.4361e+05
-2.4366e+05
-2.4366e+05
-2.4369e+05
-2.4369e+05
-2.437e+05
-2.4371e+05
-2.4372e+05
-2.4372e+05
-2.4373e+05
-2.4375e+05
-2.4377e+05
-2.4377e+05
-2.4379e+05
-2.438e+05
-2.4381e+05
-2.4384e+05
-2.4384e+05
-2.4385e+05
-2.4386e+05
-2.4388e+05
-2.4388e+05
-2.4389e+05
-2.439e+05
-2.439e+05
-2.439e+05
-2.4392e+05
-2.4393e+05
-2.4396e+05
-2.4396e+05
-2.4397e+05
-2.4397e+05
-2.4398e+05
-2.44e+05
-2.4402e+05
-2.4402e+05
-2.4403e+05
-2.4403e+05
-2.4404e+05
-2.4405e+05
-2.4409e+05
-2.441e+05
-2.441e+05
-2.441e+05
-2.4412e+05
-2.4413e+05
-2.4413e+05
-2.4413e+05
-2.4414e+05
-2.4416e+05
-2.4416e+05
-2.4417e+05
-2.4417e+05
-2.4421e+05
-2.4427e+05
-2.4427e+05
-2.4428e+05
-2.4428e+05
-2.4428e+05
-2.4429e+05
-2.4429e+05
-2.443e+05
-2.4433e+05
-2.4433e+05
-2.4434e+05
-2.4435e+05
-2.4439e+05
-2.4442e+05
-2.4443e+05
-2.4444e+05
-2.4446e+05
-2.4446e+05
-2.4447e+05
-2.4447e+05
-2.4448e+05
-2.4449e+05
-2.445e+05
-2.4451e+05
-2.4451e+05
-2.4452e+05
-2.4453e+05
-2.4453e+05
-2.4453e+05
-2.4453e+05
-2.4454e+05
-2.4455e+05
-2.4457e+05
-2.446e+05
-2.446e+05
-2.4461e+05
-2.4462e+05
-2.4462e+05
-2.4462e+05
-2.4464e+05
-2.4464e+05
-2.4465e+05
-2.4465e+05
-2.4466e+05
-2.4469e+05
-2.4472e+05
-2.4473e+05
-2.4473e+05
-2.4474e+05
-2.4474e+05
-2.4474e+05
-2.4474e+05
-2.4474e+05
-2.4475e+05
-2.4478e+05
-2.4478e+05
-2.4479e+05
-2.448e+05
-2.4481e+05
-2.4481e+05
-2.4485e+05
-2.4485e+05
-2.4487e+05
-2.4487e+05
-2.4488e+05
-2.4488e+05
-2.449e+05
-2.4491e+05
-2.4491e+05
-2.4492e+05
-2.4492e+05
-2.4492e+05
-2.4492e+05
-2.4496e+05
-2.4498e+05
-2.4499e+05
-2.4503e+05
-2.4504e+05
-2.4504e+05
-2.4506e+05
-2.4506e+05
-2.4507e+05
-2.4507e+05
-2.4508e+05
-2.451e+05
-2.451e+05
-2.4511e+05
-2.4511e+05
-2.4512e+05
-2.4513e+05
-2.4513e+05
-2.4514e+05
-2.4515e+05
-2.4518e+05
-2.4519e+05
-2.4519e+05
-2.4519e+05
-2.4519e+05
-2.452e+05
-2.452e+05
-2.452e+05
-2.452e+05
-2.452e+05
-2.4521e+05
-2.4523e+05
-2.4523e+05
-2.4523e+05
-2.4523e+05
-2.4525e+05
-2.4527e+05
-2.4528e+05
-2.4528e+05
-2.4528e+05
-2.4529e+05
-2.4529e+05
-2.453e+05
-2.4531e+05
-2.4531e+05
-2.4533e+05
-2.4533e+05
-2.4534e+05
-2.4535e+05
-2.4537e+05
-2.4537e+05
-2.4538e+05
-2.4539e+05
-2.4541e+05
-2.4541e+05
-2.4542e+05
-2.4543e+05
-2.4543e+05
-2.4545e+05
-2.4546e+05
-2.4546e+05
-2.4546e+05
-2.4548e+05
-2.4548e+05
-2.4548e+05
-2.455e+05
-2.4553e+05
-2.4553e+05
-2.4554e+05
-2.4556e+05
-2.4557e+05
-2.4559e+05
-2.456e+05
-2.456e+05
-2.4561e+05
-2.4564e+05
-2.4565e+05
-2.4566e+05
-2.4575e+05
-2.4575e+05
-2.4577e+05
-2.4578e+05
-2.4578e+05
-2.4579e+05
-2.4579e+05
-2.4581e+05
-2.4581e+05
-2.4581e+05
-2.4581e+05
-2.4582e+05
-2.4582e+05
-2.4582e+05
-2.4582e+05
-2.4584e+05
-2.4586e+05
-2.4586e+05
-2.4587e+05
-2.4587e+05
-2.4587e+05
-2.4587e+05
-2.4588e+05
-2.4589e+05
-2.4592e+05
-2.4592e+05
-2.4595e+05
-2.4596e+05
-2.4597e+05
-2.4598e+05
-2.4598e+05
-2.4598e+05
-2.46e+05
-2.46e+05
-2.46e+05
-2.4602e+05
-2.4603e+05
-2.4603e+05
-2.4604e+05
-2.4609e+05
-2.4611e+05
-2.4611e+05
-2.4613e+05
-2.4614e+05
-2.4616e+05
-2.4619e+05
-2.4619e+05
-2.462e+05
-2.462e+05
-2.462e+05
-2.4621e+05
-2.4622e+05
-2.4622e+05
-2.4622e+05
-2.4623e+05
-2.4624e+05
-2.4624e+05
-2.4625e+05
-2.4625e+05
-2.4626e+05
-2.4627e+05
-2.4627e+05
-2.463e+05
-2.4631e+05
-2.4631e+05
-2.4633e+05
-2.4633e+05
-2.4633e+05
-2.4634e+05
-2.4635e+05
-2.4636e+05
-2.4637e+05
-2.4638e+05
-2.4641e+05
-2.4641e+05
-2.4643e+05
-2.4643e+05
-2.4643e+05
-2.4645e+05
-2.4645e+05
-2.4646e+05
-2.465e+05
-2.4651e+05
-2.4653e+05
-2.4654e+05
-2.4655e+05
-2.4656e+05
-2.4656e+05
-2.4657e+05
-2.4658e+05
-2.4658e+05
-2.466e+05
-2.4661e+05
-2.4661e+05
-2.4662e+05
-2.4662e+05
-2.4663e+05
-2.4663e+05
-2.4663e+05
-2.4665e+05
-2.4666e+05
-2.4667e+05
-2.4667e+05
-2.4668e+05
-2.467e+05
-2.4671e+05
-2.4672e+05
-2.4672e+05
-2.4672e+05
-2.4673e+05
-2.4674e+05
-2.4675e+05
-2.4675e+05
-2.4677e+05
-2.4677e+05
-2.4678e+05
-2.4679e+05
-2.4679e+05
-2.4682e+05
-2.4683e+05
-2.4683e+05
-2.4683e+05
-2.4684e+05
-2.4684e+05
-2.4685e+05
-2.4686e+05
-2.4686e+05
-2.4686e+05
-2.4686e+05
-2.4687e+05
-2.4688e+05
-2.4688e+05
-2.4689e+05
-2.4689e+05
-2.469e+05
-2.4692e+05
-2.4695e+05
-2.4697e+05
-2.47e+05
-2.4703e+05
-2.4706e+05
-2.4709e+05
-2.4712e+05
-2.4712e+05
-2.4713e+05
-2.4713e+05
-2.4715e+05
-2.4716e+05
-2.4717e+05
-2.4717e+05
-2.4718e+05
-2.4718e+05
-2.4718e+05
-2.4719e+05
-2.4719e+05
-2.4719e+05
-2.472e+05
-2.472e+05
-2.4723e+05
-2.4723e+05
-2.4724e+05
-2.4724e+05
-2.4725e+05
-2.4726e+05
-2.4726e+05
-2.4727e+05
-2.4727e+05
-2.4727e+05
-2.473e+05
-2.4732e+05
-2.4732e+05
-2.4732e+05
-2.4733e+05
-2.4734e+05
-2.4736e+05
-2.4738e+05
-2.4738e+05
-2.4738e+05
-2.4738e+05
-2.4739e+05
-2.4739e+05
-2.4741e+05
-2.4741e+05
-2.4743e+05
-2.4744e+05
-2.4745e+05
-2.4745e+05
-2.4746e+05
-2.4748e+05
-2.4752e+05
-2.4753e+05
-2.4754e+05
-2.4755e+05
-2.4755e+05
-2.4755e+05
-2.4756e+05
-2.4758e+05
-2.4759e+05
-2.4759e+05
-2.4761e+05
-2.4762e+05
-2.4764e+05
-2.4765e+05
-2.4765e+05
-2.4767e+05
-2.4767e+05
-2.4768e+05
-2.4769e+05
-2.4769e+05
-2.4769e+05
-2.477e+05
-2.477e+05
-2.477e+05
-2.477e+05
-2.4771e+05
-2.4772e+05
-2.4772e+05
-2.4772e+05
-2.4773e+05
-2.4773e+05
-2.4773e+05
-2.4776e+05
-2.4777e+05
-2.4777e+05
-2.4777e+05
-2.4777e+05
-2.478e+05
-2.4781e+05
-2.4781e+05
-2.4784e+05
-2.4784e+05
-2.4786e+05
-2.4787e+05
-2.4787e+05
-2.4788e+05
-2.4791e+05
-2.4792e+05
-2.4792e+05
-2.4792e+05
-2.4794e+05
-2.4794e+05
-2.4794e+05
-2.4795e+05
-2.4797e+05
-2.4799e+05
-2.4799e+05
-2.48e+05
-2.48e+05
-2.4802e+05
-2.4802e+05
-2.4804e+05
-2.4806e+05
-2.4806e+05
-2.4808e+05
-2.4809e+05
-2.4809e+05
-2.481e+05
-2.4813e+05
-2.4813e+05
-2.4815e+05
-2.4815e+05
-2.4817e+05
-2.4817e+05
-2.4817e+05
-2.4818e+05
-2.4819e+05
-2.482e+05
-2.4821e+05
-2.4822e+05
-2.4823e+05
-2.4823e+05
-2.4825e+05
-2.4826e+05
-2.4826e+05
-2.4828e+05
-2.4829e+05
-2.4829e+05
-2.483e+05
-2.483e+05
-2.483e+05
-2.4831e+05
-2.4831e+05
-2.4834e+05
-2.4835e+05
-2.4835e+05
-2.4836e+05
-2.4837e+05
-2.484e+05
-2.484e+05
-2.4841e+05
-2.4841e+05
-2.4842e+05
-2.4842e+05
-2.4843e+05
-2.4843e+05
-2.4844e+05
-2.4844e+05
-2.4846e+05
-2.4846e+05
-2.4846e+05
-2.4847e+05
-2.4847e+05
-2.4848e+05
-2.4851e+05
-2.4851e+05
-2.4852e+05
-2.4853e+05
-2.4853e+05
-2.4854e+05
-2.4854e+05
-2.4855e+05
-2.4857e+05
-2.4857e+05
-2.4857e+05
-2.4858e+05
-2.4859e+05
-2.486e+05
-2.486e+05
-2.4861e+05
-2.4862e+05
-2.4862e+05
-2.4863e+05
-2.4866e+05
-2.4866e+05
-2.4867e+05
-2.4867e+05
-2.4867e+05
-2.487e+05
-2.4871e+05
-2.4873e+05
-2.4873e+05
-2.4875e+05
-2.4875e+05
-2.4876e+05
-2.4877e+05
-2.4877e+05
-2.4877e+05
-2.4878e+05
-2.4878e+05
-2.4878e+05
-2.4881e+05
-2.4881e+05
-2.4882e+05
-2.4884e+05
-2.4884e+05
-2.4885e+05
-2.4885e+05
-2.4886e+05
-2.4886e+05
-2.4886e+05
-2.4886e+05
-2.4888e+05
-2.4889e+05
-2.489e+05
-2.489e+05
-2.4891e+05
-2.4892e+05
-2.4892e+05
-2.4892e+05
-2.4893e+05
-2.4895e+05
-2.4895e+05
-2.4897e+05
-2.4898e+05
-2.4898e+05
-2.4898e+05
-2.4899e+05
-2.49e+05
-2.49e+05
-2.4902e+05
-2.4902e+05
-2.4903e+05
-2.4904e+05
-2.4905e+05
-2.4905e+05
-2.4906e+05
-2.4906e+05
-2.4907e+05
-2.4907e+05
-2.4907e+05
-2.4908e+05
-2.4909e+05
-2.491e+05
-2.491e+05
-2.491e+05
-2.491e+05
-2.4911e+05
-2.4912e+05
-2.4914e+05
-2.4915e+05
-2.4916e+05
-2.4916e+05
-2.4916e+05
-2.4917e+05
-2.4918e+05
-2.4919e+05
-2.492e+05
-2.4921e+05
-2.4921e+05
-2.4921e+05
-2.4922e+05
-2.4923e+05
-2.4924e+05
-2.4925e+05
-2.4926e+05
-2.4927e+05
-2.4927e+05
-2.4928e+05
-2.4928e+05
-2.4929e+05
-2.4931e+05
-2.4931e+05
-2.4932e+05
-2.4933e+05
-2.4933e+05
-2.4934e+05
-2.4935e+05
-2.4939e+05
-2.4941e+05
-2.4941e+05
-2.4942e+05
-2.4942e+05
-2.4942e+05
-2.4943e+05
-2.4944e+05
-2.4945e+05
-2.4945e+05
-2.4947e+05
-2.4947e+05
-2.4947e+05
-2.4948e+05
-2.4948e+05
-2.4954e+05
-2.4954e+05
-2.4954e+05
-2.4954e+05
-2.4955e+05
-2.4957e+05
-2.4957e+05
-2.4957e+05
-2.4958e+05
-2.4959e+05
-2.4959e+05
-2.496e+05
-2.4961e+05
-2.4962e+05
-2.4962e+05
-2.4963e+05
-2.4964e+05
-2.4964e+05
-2.4965e+05
-2.4965e+05
-2.4966e+05
-2.4969e+05
-2.4969e+05
-2.497e+05
-2.497e+05
-2.4971e+05
-2.4973e+05
-2.4973e+05
-2.4974e+05
-2.4977e+05
-2.4978e+05
-2.4978e+05
-2.4978e+05
-2.4978e+05
-2.4979e+05
-2.4979e+05
-2.4981e+05
-2.4981e+05
-2.4982e+05
-2.4983e+05
-2.4983e+05
-2.4984e+05
-2.4985e+05
-2.4986e+05
-2.4988e+05
-2.4988e+05
-2.4989e+05
-2.499e+05
-2.4992e+05
-2.4993e+05
-2.4994e+05
-2.4994e+05
-2.4994e+05
-2.4996e+05
-2.4996e+05
-2.4998e+05
-2.4999e+05
-2.5e+05
-2.5e+05
-2.5001e+05
-2.5002e+05
-2.5004e+05
-2.5005e+05
-2.5005e+05
-2.5006e+05
-2.5007e+05
-2.5008e+05
-2.5008e+05
-2.5008e+05
-2.5009e+05
-2.501e+05
-2.5011e+05
-2.5012e+05
-2.5012e+05
-2.5013e+05
-2.5015e+05
-2.5016e+05
-2.5016e+05
-2.5017e+05
-2.5018e+05
-2.5018e+05
-2.5019e+05
-2.5019e+05
-2.502e+05
-2.502e+05
-2.5022e+05
-2.5023e+05
-2.5024e+05
-2.5025e+05
-2.5026e+05
-2.5026e+05
-2.5027e+05
-2.5027e+05
-2.5027e+05
-2.503e+05
-2.503e+05
-2.503e+05
-2.5031e+05
-2.5032e+05
-2.5032e+05
-2.5032e+05
-2.5033e+05
-2.5034e+05
-2.5034e+05
-2.5034e+05
-2.5035e+05
-2.5035e+05
-2.5035e+05
-2.5037e+05
-2.5037e+05
-2.5039e+05
-2.5039e+05
-2.5039e+05
-2.504e+05
-2.5041e+05
-2.5041e+05
-2.5041e+05
-2.5042e+05
-2.5042e+05
-2.5045e+05
-2.5046e+05
-2.5047e+05
-2.5047e+05
-2.5048e+05
-2.5048e+05
-2.5049e+05
-2.5049e+05
-2.505e+05
-2.5051e+05
-2.5051e+05
-2.5051e+05
-2.5051e+05
-2.5052e+05
-2.5052e+05
-2.5054e+05
-2.5057e+05
-2.5057e+05
-2.5057e+05
-2.5057e+05
-2.5058e+05
-2.5058e+05
-2.5059e+05
-2.5064e+05
-2.5067e+05
-2.5067e+05
-2.5067e+05
-2.5068e+05
-2.5068e+05
-2.5068e+05
-2.5069e+05
-2.5071e+05
-2.5071e+05
-2.5071e+05
-2.5072e+05
-2.5072e+05
-2.5072e+05
-2.5073e+05
-2.5074e+05
-2.5075e+05
-2.5076e+05
-2.5077e+05
-2.5078e+05
-2.5079e+05
-2.5079e+05
-2.508e+05
-2.5081e+05
-2.5081e+05
-2.5082e+05
-2.5083e+05
-2.5084e+05
-2.5085e+05
-2.5087e+05
-2.5088e+05
-2.509e+05
-2.5092e+05
-2.5092e+05
-2.5092e+05
-2.5093e+05
-2.5093e+05
-2.5093e+05
-2.5093e+05
-2.5094e+05
-2.5094e+05
-2.5094e+05
-2.5096e+05
-2.5096e+05
-2.5096e+05
-2.5096e+05
-2.5097e+05
-2.5097e+05
-2.5098e+05
-2.5099e+05
-2.51e+05
-2.51e+05
-2.5101e+05
-2.5101e+05
-2.5101e+05
-2.5101e+05
-2.5102e+05
-2.5102e+05
-2.5102e+05
-2.5102e+05
-2.5102e+05
-2.5103e+05
-2.5104e+05
-2.5105e+05
-2.5105e+05
-2.5105e+05
-2.5107e+05
-2.5108e+05
-2.5108e+05
-2.5112e+05
-2.5112e+05
-2.5112e+05
-2.5114e+05
-2.5114e+05
-2.5115e+05
-2.5118e+05
-2.5118e+05
-2.512e+05
-2.512e+05
-2.5121e+05
-2.5121e+05
-2.5123e+05
-2.5123e+05
-2.5124e+05
-2.5124e+05
-2.5124e+05
-2.5124e+05
-2.5128e+05
-2.5129e+05
-2.513e+05
-2.513e+05
-2.5131e+05
-2.5132e+05
-2.5132e+05
-2.5133e+05
-2.5134e+05
-2.5134e+05
-2.5134e+05
-2.5136e+05
-2.5136e+05
-2.5137e+05
-2.5137e+05
-2.5138e+05
-2.5141e+05
-2.5141e+05
-2.5143e+05
-2.5143e+05
-2.5144e+05
-2.5144e+05
-2.5144e+05
-2.5145e+05
-2.5145e+05
-2.5146e+05
-2.5146e+05
-2.5149e+05
-2.5149e+05
-2.5149e+05
-2.5151e+05
-2.5152e+05
-2.5152e+05
-2.5153e+05
-2.5153e+05
-2.5154e+05
-2.5154e+05
-2.5155e+05
-2.5155e+05
-2.5156e+05
-2.5158e+05
-2.5159e+05
-2.5159e+05
-2.5159e+05
-2.5159e+05
-2.5159e+05
-2.5159e+05
-2.516e+05
-2.516e+05
-2.516e+05
-2.5161e+05
-2.5161e+05
-2.5162e+05
-2.5163e+05
-2.5165e+05
-2.5165e+05
-2.5167e+05
-2.5169e+05
-2.5169e+05
-2.5169e+05
-2.5169e+05
-2.5169e+05
-2.517e+05
-2.5172e+05
-2.5173e+05
-2.5174e+05
-2.5176e+05
-2.5178e+05
-2.5179e+05
-2.5182e+05
-2.5182e+05
-2.5183e+05
-2.5184e+05
-2.5185e+05
-2.5185e+05
-2.5185e+05
-2.5186e+05
-2.5186e+05
-2.5186e+05
-2.5186e+05
-2.5187e+05
-2.5187e+05
-2.5189e+05
-2.519e+05
-2.5191e+05
-2.5192e+05
-2.5192e+05
-2.5193e+05
-2.5193e+05
-2.5195e+05
-2.5197e+05
-2.5198e+05
-2.5201e+05
-2.5202e+05
-2.5202e+05
-2.5202e+05
-2.5203e+05
-2.5206e+05
-2.5208e+05
-2.5208e+05
-2.5209e+05
-2.521e+05
-2.5211e+05
-2.5211e+05
-2.5211e+05
-2.5215e+05
-2.5216e+05
-2.5218e+05
-2.5218e+05
-2.5219e+05
-2.5219e+05
-2.522e+05
-2.5221e+05
-2.5221e+05
-2.5221e+05
-2.5222e+05
-2.5224e+05
-2.5228e+05
-2.5228e+05
-2.5229e+05
-2.5229e+05
-2.523e+05
-2.523e+05
-2.523e+05
-2.5231e+05
-2.5232e+05
-2.5232e+05
-2.5232e+05
-2.5234e+05
-2.5234e+05
-2.5235e+05
-2.5236e+05
-2.5237e+05
-2.5238e+05
-2.5238e+05
-2.5238e+05
-2.5238e+05
-2.5239e+05
-2.5239e+05
-2.5239e+05
-2.5239e+05
-2.5241e+05
-2.5243e+05
-2.5244e+05
-2.5244e+05
-2.5244e+05
-2.5246e+05
-2.5247e+05
-2.5247e+05
-2.5248e+05
-2.525e+05
-2.5251e+05
-2.5252e+05
-2.5252e+05
-2.5253e+05
-2.5253e+05
-2.5254e+05
-2.5254e+05
-2.5255e+05
-2.5256e+05
-2.5257e+05
-2.5258e+05
-2.5259e+05
-2.526e+05
-2.5261e+05
-2.5261e+05
-2.5262e+05
-2.5263e+05
-2.5263e+05
-2.5265e+05
-2.5265e+05
-2.5265e+05
-2.5265e+05
-2.5266e+05
-2.5266e+05
-2.5266e+05
-2.5266e+05
-2.5268e+05
-2.5269e+05
-2.5271e+05
-2.5272e+05
-2.5272e+05
-2.5272e+05
-2.5272e+05
-2.5273e+05
-2.5277e+05
-2.5277e+05
-2.5278e+05
-2.5278e+05
-2.5278e+05
-2.5278e+05
-2.5279e+05
-2.5279e+05
-2.528e+05
-2.5281e+05
-2.5281e+05
-2.5283e+05
-2.5283e+05
-2.5283e+05
-2.5284e+05
-2.5284e+05
-2.5285e+05
-2.5285e+05
-2.5286e+05
-2.5286e+05
-2.5286e+05
-2.5288e+05
-2.5289e+05
-2.5291e+05
-2.5292e+05
-2.5292e+05
-2.5292e+05
-2.5293e+05
-2.5295e+05
-2.5295e+05
-2.5297e+05
-2.5298e+05
-2.5298e+05
-2.5298e+05
-2.5299e+05
-2.5299e+05
-2.5299e+05
-2.53e+05
-2.53e+05
-2.53e+05
-2.5301e+05
-2.5302e+05
-2.5302e+05
-2.5302e+05
-2.5303e+05
-2.5304e+05
-2.5307e+05
-2.5308e+05
-2.5309e+05
-2.531e+05
-2.531e+05
-2.5311e+05
-2.5311e+05
-2.5313e+05
-2.5313e+05
-2.5313e+05
-2.5317e+05
-2.5317e+05
-2.5318e+05
-2.5318e+05
-2.5319e+05
-2.532e+05
-2.532e+05
-2.532e+05
-2.532e+05
-2.532e+05
-2.5323e+05
-2.5324e+05
-2.5324e+05
-2.5324e+05
-2.5324e+05
-2.5327e+05
-2.5327e+05
-2.5327e+05
-2.5328e+05
-2.5329e+05
-2.5329e+05
-2.5329e+05
-2.5331e+05
-2.5331e+05
-2.5331e+05
-2.5333e+05
-2.5334e+05
-2.5334e+05
-2.5335e+05
-2.5335e+05
-2.5335e+05
-2.5337e+05
-2.5337e+05
-2.5337e+05
-2.5338e+05
-2.5339e+05
-2.5339e+05
-2.534e+05
-2.5341e+05
-2.5342e+05
-2.5342e+05
-2.5342e+05
-2.5342e+05
-2.5342e+05
-2.5343e+05
-2.5345e+05
-2.5345e+05
-2.5346e+05
-2.5346e+05
-2.5347e+05
-2.5347e+05
-2.5352e+05
-2.5353e+05
-2.5354e+05
-2.5355e+05
-2.5356e+05
-2.5356e+05
-2.5356e+05
-2.5356e+05
-2.5356e+05
-2.5357e+05
-2.5357e+05
-2.5357e+05
-2.5359e+05
-2.536e+05
-2.536e+05
-2.5362e+05
-2.5363e+05
-2.5363e+05
-2.5363e+05
-2.5364e+05
-2.5364e+05
-2.5364e+05
-2.5365e+05
-2.5365e+05
-2.5366e+05
-2.5367e+05
-2.5368e+05
-2.5369e+05
-2.537e+05
-2.537e+05
-2.5372e+05
-2.5374e+05
-2.5377e+05
-2.5377e+05
-2.5377e+05
-2.5377e+05
-2.5377e+05
-2.5377e+05
-2.5378e+05
-2.5378e+05
-2.5382e+05
-2.5382e+05
-2.5383e+05
-2.5383e+05
-2.5385e+05
-2.5385e+05
-2.5385e+05
-2.5385e+05
-2.5386e+05
-2.5387e+05
-2.5387e+05
-2.5389e+05
-2.5389e+05
-2.5391e+05
-2.5391e+05
-2.5392e+05
-2.5392e+05
-2.5392e+05
-2.5394e+05
-2.5395e+05
-2.5396e+05
-2.5396e+05
-2.5398e+05
-2.5401e+05
-2.5401e+05
-2.5402e+05
-2.5403e+05
-2.5403e+05
-2.5403e+05
-2.5405e+05
-2.5407e+05
-2.5408e+05
-2.541e+05
-2.541e+05
-2.5412e+05
-2.5414e+05
-2.5415e+05
-2.5418e+05
-2.5419e+05
-2.5419e+05
-2.542e+05
-2.5421e+05
-2.5421e+05
-2.5423e+05
-2.5424e+05
-2.5425e+05
-2.5425e+05
-2.5425e+05
-2.5425e+05
-2.5427e+05
-2.5427e+05
-2.5428e+05
-2.543e+05
-2.5431e+05
-2.5432e+05
-2.5433e+05
-2.5435e+05
-2.5435e+05
-2.5435e+05
-2.5436e+05
-2.5436e+05
-2.5437e+05
-2.5438e+05
-2.5439e+05
-2.544e+05
-2.544e+05
-2.5441e+05
-2.5442e+05
-2.5442e+05
-2.5442e+05
-2.5443e+05
-2.5446e+05
-2.5448e+05
-2.5448e+05
-2.5449e+05
-2.5449e+05
-2.545e+05
-2.545e+05
-2.545e+05
-2.5454e+05
-2.5456e+05
-2.5457e+05
-2.5457e+05
-2.5458e+05
-2.5458e+05
-2.5458e+05
-2.5459e+05
-2.546e+05
-2.5461e+05
-2.5461e+05
-2.5463e+05
-2.5464e+05
-2.5464e+05
-2.5465e+05
-2.5468e+05
-2.5469e+05
-2.5469e+05
-2.5472e+05
-2.5474e+05
-2.5474e+05
-2.5475e+05
-2.5478e+05
-2.5478e+05
-2.548e+05
-2.5481e+05
-2.5482e+05
-2.5483e+05
-2.5484e+05
-2.5485e+05
-2.5486e+05
-2.5489e+05
-2.549e+05
-2.5491e+05
-2.5491e+05
-2.5491e+05
-2.5492e+05
-2.5493e+05
-2.5493e+05
-2.5493e+05
-2.5495e+05
-2.5495e+05
-2.5497e+05
-2.5498e+05
-2.5499e+05
-2.55e+05
-2.55e+05
-2.55e+05
-2.5502e+05
-2.5502e+05
-2.5502e+05
-2.5503e+05
-2.5503e+05
-2.5503e+05
-2.5503e+05
-2.5504e+05
-2.5504e+05
-2.5505e+05
-2.5506e+05
-2.5507e+05
-2.5508e+05
-2.5508e+05
-2.5508e+05
-2.5509e+05
-2.551e+05
-2.5511e+05
-2.5511e+05
-2.5512e+05
-2.5513e+05
-2.5514e+05
-2.5515e+05
-2.5516e+05
-2.5517e+05
-2.5519e+05
-2.5519e+05
-2.5519e+05
-2.5521e+05
-2.5521e+05
-2.5522e+05
-2.5523e+05
-2.5523e+05
-2.5523e+05
-2.5525e+05
-2.5526e+05
-2.5527e+05
-2.5528e+05
-2.5528e+05
-2.5529e+05
-2.5531e+05
-2.5531e+05
-2.5532e+05
-2.5532e+05
-2.5533e+05
-2.5536e+05
-2.5536e+05
-2.5537e+05
-2.5537e+05
-2.5538e+05
-2.5538e+05
-2.5539e+05
-2.554e+05
-2.554e+05
-2.554e+05
-2.5541e+05
-2.5541e+05
-2.5541e+05
-2.5542e+05
-2.5542e+05
-2.5542e+05
-2.5543e+05
-2.5544e+05
-2.5548e+05
-2.5548e+05
-2.5549e+05
-2.555e+05
-2.5551e+05
-2.5551e+05
-2.5552e+05
-2.5553e+05
-2.5553e+05
-2.5553e+05
-2.5553e+05
-2.5554e+05
-2.5554e+05
-2.5554e+05
-2.5555e+05
-2.5557e+05
-2.5557e+05
-2.5557e+05
-2.5558e+05
-2.5559e+05
-2.556e+05
-2.5561e+05
-2.5561e+05
-2.5562e+05
-2.5565e+05
-2.5567e+05
-2.5567e+05
-2.5569e+05
-2.557e+05
-2.557e+05
-2.5572e+05
-2.5573e+05
-2.5573e+05
-2.5573e+05
-2.5576e+05
-2.5577e+05
-2.5577e+05
-2.5577e+05
-2.5578e+05
-2.5581e+05
-2.5581e+05
-2.5582e+05
-2.5583e+05
-2.5583e+05
-2.5583e+05
-2.5583e+05
-2.5585e+05
-2.5586e+05
-2.5588e+05
-2.5588e+05
-2.5589e+05
-2.5589e+05
-2.5589e+05
-2.559e+05
-2.559e+05
-2.5593e+05
-2.5593e+05
-2.5594e+05
-2.5594e+05
-2.5595e+05
-2.5595e+05
-2.5596e+05
-2.5596e+05
-2.5597e+05
-2.5597e+05
-2.5598e+05
-2.5599e+05
-2.5599e+05
-2.56e+05
-2.5603e+05
-2.5604e+05
-2.5604e+05
-2.5605e+05
-2.5605e+05
-2.5609e+05
-2.5612e+05
-2.5612e+05
-2.5612e+05
-2.5612e+05
-2.5614e+05
-2.5614e+05
-2.5614e+05
-2.5614e+05
-2.5615e+05
-2.5616e+05
-2.5617e+05
-2.5619e+05
-2.562e+05
-2.562e+05
-2.5621e+05
-2.5621e+05
-2.5621e+05
-2.5621e+05
-2.5621e+05
-2.5622e+05
-2.5622e+05
-2.5623e+05
-2.5625e+05
-2.5625e+05
-2.5626e+05
-2.5627e+05
-2.5627e+05
-2.5627e+05
-2.5628e+05
-2.5631e+05
-2.5631e+05
-2.5631e+05
-2.5631e+05
-2.5632e+05
-2.5632e+05
-2.5633e+05
-2.5634e+05
-2.5634e+05
-2.5635e+05
-2.5636e+05
-2.5636e+05
-2.5637e+05
-2.5638e+05
-2.5639e+05
-2.5639e+05
-2.5639e+05
-2.5639e+05
-2.5641e+05
-2.5641e+05
-2.5642e+05
-2.5642e+05
-2.5643e+05
-2.5645e+05
-2.5646e+05
-2.5647e+05
-2.5647e+05
-2.5648e+05
-2.5649e+05
-2.5649e+05
-2.5649e+05
-2.565e+05
-2.565e+05
-2.565e+05
-2.5651e+05
-2.5652e+05
-2.5652e+05
-2.5653e+05
-2.5654e+05
-2.5654e+05
-2.5655e+05
-2.5655e+05
-2.5658e+05
-2.5658e+05
-2.5658e+05
-2.5659e+05
-2.566e+05
-2.5661e+05
-2.5662e+05
-2.5663e+05
-2.5663e+05
-2.5663e+05
-2.5664e+05
-2.5665e+05
-2.5666e+05
-2.5666e+05
-2.5666e+05
-2.5667e+05
-2.5668e+05
-2.5668e+05
-2.567e+05
-2.567e+05
-2.5671e+05
-2.5672e+05
-2.5672e+05
-2.5673e+05
-2.5673e+05
-2.5674e+05
-2.5674e+05
-2.5675e+05
-2.5676e+05
-2.5677e+05
-2.5677e+05
-2.5678e+05
-2.5678e+05
-2.5679e+05
-2.5679e+05
-2.568e+05
-2.5681e+05
-2.5681e+05
-2.5682e+05
-2.5682e+05
-2.5683e+05
-2.5684e+05
-2.5685e+05
-2.5686e+05
-2.5686e+05
-2.5687e+05
-2.5687e+05
-2.5688e+05
-2.5688e+05
-2.569e+05
-2.5691e+05
-2.5691e+05
-2.5692e+05
-2.5692e+05
-2.5694e+05
-2.5694e+05
-2.5694e+05
-2.5694e+05
-2.5694e+05
-2.5695e+05
-2.5695e+05
-2.5696e+05
-2.5696e+05
-2.5697e+05
-2.5698e+05
-2.5698e+05
-2.5699e+05
-2.57e+05
-2.57e+05
-2.5701e+05
-2.5702e+05
-2.5702e+05
-2.5703e+05
-2.5703e+05
-2.5703e+05
-2.5704e+05
-2.5704e+05
-2.5705e+05
-2.5705e+05
-2.5706e+05
-2.5706e+05
-2.5707e+05
-2.5707e+05
-2.5709e+05
-2.571e+05
-2.5712e+05
-2.5712e+05
-2.5713e+05
-2.5715e+05
-2.5715e+05
-2.5717e+05
-2.5719e+05
-2.5719e+05
-2.5719e+05
-2.572e+05
-2.572e+05
-2.572e+05
-2.572e+05
-2.5721e+05
-2.5721e+05
-2.5721e+05
-2.5721e+05
-2.5721e+05
-2.5722e+05
-2.5722e+05
-2.5723e+05
-2.5724e+05
-2.5724e+05
-2.5725e+05
-2.5725e+05
-2.5727e+05
-2.5728e+05
-2.5728e+05
-2.5729e+05
-2.5729e+05
-2.573e+05
-2.5731e+05
-2.5732e+05
-2.5732e+05
-2.5734e+05
-2.5734e+05
-2.5734e+05
-2.5735e+05
-2.5735e+05
-2.5735e+05
-2.5735e+05
-2.5735e+05
-2.5735e+05
-2.5738e+05
-2.5738e+05
-2.5739e+05
-2.574e+05
-2.5741e+05
-2.5744e+05
-2.5745e+05
-2.5745e+05
-2.5747e+05
-2.5747e+05
-2.5747e+05
-2.5748e+05
-2.5748e+05
-2.5749e+05
-2.5751e+05
-2.5751e+05
-2.5752e+05
-2.5752e+05
-2.5753e+05
-2.5754e+05
-2.5755e+05
-2.5756e+05
-2.5756e+05
-2.5756e+05
-2.5757e+05
-2.5757e+05
-2.5757e+05
-2.5759e+05
-2.5759e+05
-2.576e+05
-2.576e+05
-2.5761e+05
-2.5761e+05
-2.5761e+05
-2.5761e+05
-2.5762e+05
-2.5763e+05
-2.5763e+05
-2.5764e+05
-2.5764e+05
-2.5765e+05
-2.5766e+05
-2.5766e+05
-2.5767e+05
-2.5769e+05
-2.5769e+05
-2.5769e+05
-2.577e+05
-2.577e+05
-2.5771e+05
-2.5772e+05
-2.5772e+05
-2.5772e+05
-2.5773e+05
-2.5773e+05
-2.5774e+05
-2.5776e+05
-2.5777e+05
-2.5777e+05
-2.5777e+05
-2.5778e+05
-2.5778e+05
-2.578e+05
-2.5781e+05
-2.5782e+05
-2.5784e+05
-2.5785e+05
-2.5786e+05
-2.5787e+05
-2.5788e+05
-2.5788e+05
-2.5788e+05
-2.579e+05
-2.579e+05
-2.579e+05
-2.5792e+05
-2.5794e+05
-2.5795e+05
-2.5795e+05
-2.5795e+05
-2.5795e+05
-2.5796e+05
-2.5796e+05
-2.5798e+05
-2.5799e+05
-2.58e+05
-2.58e+05
-2.58e+05
-2.58e+05
-2.5801e+05
-2.5803e+05
-2.5804e+05
-2.5807e+05
-2.5807e+05
-2.5807e+05
-2.5808e+05
-2.5808e+05
-2.5808e+05
-2.5809e+05
-2.5809e+05
-2.5809e+05
-2.5809e+05
-2.5811e+05
-2.5811e+05
-2.5812e+05
-2.5812e+05
-2.5812e+05
-2.5812e+05
-2.5812e+05
-2.5813e+05
-2.5814e+05
-2.5814e+05
-2.5814e+05
-2.5817e+05
-2.5818e+05
-2.5818e+05
-2.5818e+05
-2.5819e+05
-2.5819e+05
-2.582e+05
-2.5821e+05
-2.5822e+05
-2.5823e+05
-2.5823e+05
-2.5823e+05
-2.5823e+05
-2.5824e+05
-2.5825e+05
-2.5825e+05
-2.5826e+05
-2.5826e+05
-2.5827e+05
-2.5827e+05
-2.5828e+05
-2.5829e+05
-2.5829e+05
-2.5829e+05
-2.583e+05
-2.5832e+05
-2.5833e+05
-2.5833e+05
-2.5834e+05
-2.5836e+05
-2.5837e+05
-2.5837e+05
-2.5838e+05
-2.5838e+05
-2.5839e+05
-2.5839e+05
-2.5839e+05
-2.584e+05
-2.5842e+05
-2.5843e+05
-2.5843e+05
-2.5844e+05
-2.5845e+05
-2.5845e+05
-2.5846e+05
-2.5846e+05
-2.5847e+05
-2.5847e+05
-2.5848e+05
-2.5848e+05
-2.5848e+05
-2.5849e+05
-2.5849e+05
-2.5849e+05
-2.5849e+05
-2.585e+05
-2.585e+05
-2.5851e+05
-2.5853e+05
-2.5854e+05
-2.5856e+05
-2.5856e+05
-2.5856e+05
-2.5857e+05
-2.5857e+05
-2.5857e+05
-2.5857e+05
-2.5858e+05
-2.586e+05
-2.586e+05
-2.5861e+05
-2.5862e+05
-2.5863e+05
-2.5863e+05
-2.5864e+05
-2.5864e+05
-2.5866e+05
-2.5867e+05
-2.5868e+05
-2.587e+05
-2.5871e+05
-2.5872e+05
-2.5872e+05
-2.5873e+05
-2.5874e+05
-2.5875e+05
-2.5877e+05
-2.5878e+05
-2.5878e+05
-2.5878e+05
-2.5878e+05
-2.5879e+05
-2.5881e+05
-2.5882e+05
-2.5884e+05
-2.5885e+05
-2.5886e+05
-2.5887e+05
-2.5887e+05
-2.5889e+05
-2.589e+05
-2.5891e+05
-2.5891e+05
-2.5891e+05
-2.5891e+05
-2.5892e+05
-2.5892e+05
-2.5892e+05
-2.5893e+05
-2.5893e+05
-2.5893e+05
-2.5894e+05
-2.5894e+05
-2.5894e+05
-2.5894e+05
-2.5895e+05
-2.5897e+05
-2.5897e+05
-2.5898e+05
-2.5898e+05
-2.5898e+05
-2.5899e+05
-2.5899e+05
-2.59e+05
-2.59e+05
-2.59e+05
-2.59e+05
-2.59e+05
-2.5902e+05
-2.5904e+05
-2.5904e+05
-2.5905e+05
-2.5905e+05
-2.5906e+05
-2.5907e+05
-2.5909e+05
-2.591e+05
-2.591e+05
-2.5911e+05
-2.5911e+05
-2.5912e+05
-2.5912e+05
-2.5912e+05
-2.5913e+05
-2.5913e+05
-2.5915e+05
-2.5916e+05
-2.5916e+05
-2.5916e+05
-2.5917e+05
-2.5917e+05
-2.5917e+05
-2.5917e+05
-2.5922e+05
-2.5923e+05
-2.5924e+05
-2.5925e+05
-2.5925e+05
-2.5927e+05
-2.5927e+05
-2.5928e+05
-2.5929e+05
-2.593e+05
-2.593e+05
-2.593e+05
-2.593e+05
-2.5931e+05
-2.5934e+05
-2.5935e+05
-2.5935e+05
-2.5935e+05
-2.5936e+05
-2.5936e+05
-2.5938e+05
-2.5938e+05
-2.5938e+05
-2.5938e+05
-2.5939e+05
-2.5941e+05
-2.5941e+05
-2.5941e+05
-2.5942e+05
-2.5944e+05
-2.5944e+05
-2.5944e+05
-2.5946e+05
-2.5946e+05
-2.5947e+05
-2.595e+05
-2.595e+05
-2.5951e+05
-2.5951e+05
-2.5952e+05
-2.5953e+05
-2.5954e+05
-2.5954e+05
-2.5956e+05
-2.5956e+05
-2.5956e+05
-2.5957e+05
-2.5957e+05
-2.5957e+05
-2.5957e+05
-2.5957e+05
-2.5957e+05
-2.5958e+05
-2.5958e+05
-2.596e+05
-2.596e+05
-2.5961e+05
-2.5961e+05
-2.5963e+05
-2.5964e+05
-2.5964e+05
-2.5964e+05
-2.5966e+05
-2.5966e+05
-2.5968e+05
-2.5968e+05
-2.5968e+05
-2.5969e+05
-2.597e+05
-2.5971e+05
-2.5972e+05
-2.5973e+05
-2.5976e+05
-2.5979e+05
-2.5979e+05
-2.598e+05
-2.5982e+05
-2.5982e+05
-2.5982e+05
-2.5982e+05
-2.5982e+05
-2.5983e+05
-2.5984e+05
-2.5985e+05
-2.5985e+05
-2.5986e+05
-2.5986e+05
-2.5986e+05
-2.5987e+05
-2.5987e+05
-2.5988e+05
-2.5988e+05
-2.5988e+05
-2.5988e+05
-2.5988e+05
-2.599e+05
-2.5991e+05
-2.5992e+05
-2.5992e+05
-2.5992e+05
-2.5994e+05
-2.5994e+05
-2.5996e+05
-2.5996e+05
-2.5996e+05
-2.5996e+05
-2.5997e+05
-2.5997e+05
-2.5997e+05
-2.5998e+05
-2.5998e+05
-2.6e+05
-2.6e+05
-2.6002e+05
-2.6002e+05
-2.6003e+05
-2.6004e+05
-2.6004e+05
-2.6004e+05
-2.6005e+05
-2.6006e+05
-2.6007e+05
-2.6008e+05
-2.6008e+05
-2.6009e+05
-2.601e+05
-2.6012e+05
-2.6012e+05
-2.6013e+05
-2.6013e+05
-2.6014e+05
-2.6014e+05
-2.6015e+05
-2.6015e+05
-2.6015e+05
-2.6016e+05
-2.6016e+05
-2.6017e+05
-2.6017e+05
-2.6017e+05
-2.6018e+05
-2.6019e+05
-2.6019e+05
-2.6019e+05
-2.602e+05
-2.602e+05
-2.6021e+05
-2.6022e+05
-2.6024e+05
-2.6024e+05
-2.6024e+05
-2.6026e+05
-2.6027e+05
-2.6028e+05
-2.6028e+05
-2.6029e+05
-2.6029e+05
-2.603e+05
-2.6033e+05
-2.6033e+05
-2.6034e+05
-2.6036e+05
-2.6039e+05
-2.6042e+05
-2.6043e+05
-2.6045e+05
-2.6047e+05
-2.6047e+05
-2.6049e+05
-2.6049e+05
-2.605e+05
-2.605e+05
-2.6051e+05
-2.6051e+05
-2.6052e+05
-2.6053e+05
-2.6053e+05
-2.6055e+05
-2.6058e+05
-2.6058e+05
-2.6059e+05
-2.6061e+05
-2.6061e+05
-2.6062e+05
-2.6062e+05
-2.6062e+05
-2.6063e+05
-2.6064e+05
-2.6064e+05
-2.6064e+05
-2.6064e+05
-2.6064e+05
-2.6065e+05
-2.6065e+05
-2.6065e+05
-2.6067e+05
-2.6068e+05
-2.6069e+05
-2.6072e+05
-2.6073e+05
-2.6073e+05
-2.6074e+05
-2.6074e+05
-2.6075e+05
-2.6076e+05
-2.6077e+05
-2.6077e+05
-2.6078e+05
-2.6078e+05
-2.6079e+05
-2.608e+05
-2.608e+05
-2.6081e+05
-2.6081e+05
-2.6081e+05
-2.6081e+05
-2.6081e+05
-2.6082e+05
-2.6082e+05
-2.6082e+05
-2.6082e+05
-2.6083e+05
-2.6084e+05
-2.6086e+05
-2.6088e+05
-2.6089e+05
-2.6089e+05
-2.6091e+05
-2.6091e+05
-2.6092e+05
-2.6092e+05
-2.6092e+05
-2.6092e+05
-2.6092e+05
-2.6094e+05
-2.6094e+05
-2.6094e+05
-2.6094e+05
-2.6094e+05
-2.6096e+05
-2.6097e+05
-2.6098e+05
-2.6098e+05
-2.6099e+05
-2.61e+05
-2.61e+05
-2.6101e+05
-2.6101e+05
-2.6101e+05
-2.6103e+05
-2.6103e+05
-2.6103e+05
-2.6103e+05
-2.6104e+05
-2.6105e+05
-2.6105e+05
-2.6107e+05
-2.6107e+05
-2.6107e+05
-2.6107e+05
-2.6108e+05
-2.6109e+05
-2.6109e+05
-2.6109e+05
-2.611e+05
-2.611e+05
-2.611e+05
-2.6111e+05
-2.6112e+05
-2.6112e+05
-2.6115e+05
-2.6115e+05
-2.6116e+05
-2.6116e+05
-2.6117e+05
-2.6119e+05
-2.612e+05
-2.612e+05
-2.6121e+05
-2.6122e+05
-2.6122e+05
-2.6122e+05
-2.6122e+05
-2.6123e+05
-2.6123e+05
-2.6124e+05
-2.6124e+05
-2.6124e+05
-2.6124e+05
-2.6124e+05
-2.6125e+05
-2.6126e+05
-2.6126e+05
-2.6126e+05
-2.6128e+05
-2.613e+05
-2.613e+05
-2.613e+05
-2.613e+05
-2.6131e+05
-2.6131e+05
-2.6131e+05
-2.6131e+05
-2.6131e+05
-2.6133e+05
-2.6133e+05
-2.6135e+05
-2.6135e+05
-2.6136e+05
-2.6136e+05
-2.6137e+05
-2.6138e+05
-2.6139e+05
-2.6139e+05
-2.6139e+05
-2.614e+05
-2.614e+05
-2.614e+05
-2.614e+05
-2.6141e+05
-2.6141e+05
-2.6142e+05
-2.6142e+05
-2.6143e+05
-2.6143e+05
-2.6143e+05
-2.6143e+05
-2.6144e+05
-2.6144e+05
-2.6144e+05
-2.6144e+05
-2.6145e+05
-2.6146e+05
-2.6146e+05
-2.6147e+05
-2.6147e+05
-2.6148e+05
-2.6148e+05
-2.6149e+05
-2.6149e+05
-2.6149e+05
-2.615e+05
-2.615e+05
-2.6151e+05
-2.6151e+05
-2.6152e+05
-2.6153e+05
-2.6154e+05
-2.6154e+05
-2.6156e+05
-2.6156e+05
-2.6156e+05
-2.6157e+05
-2.6158e+05
-2.6159e+05
-2.616e+05
-2.616e+05
-2.616e+05
-2.6161e+05
-2.6162e+05
-2.6164e+05
-2.6165e+05
-2.6165e+05
-2.6165e+05
-2.6166e+05
-2.6166e+05
-2.6167e+05
-2.6167e+05
-2.6168e+05
-2.6168e+05
-2.6169e+05
-2.617e+05
-2.6171e+05
-2.6171e+05
-2.6172e+05
-2.6172e+05
-2.6172e+05
-2.6173e+05
-2.6174e+05
-2.6174e+05
-2.6175e+05
-2.6176e+05
-2.6177e+05
-2.6178e+05
-2.6178e+05
-2.6179e+05
-2.6179e+05
-2.618e+05
-2.6181e+05
-2.6181e+05
-2.6182e+05
-2.6182e+05
-2.6184e+05
-2.6185e+05
-2.6186e+05
-2.6188e+05
-2.6188e+05
-2.619e+05
-2.6191e+05
-2.6191e+05
-2.6192e+05
-2.6193e+05
-2.6193e+05
-2.6193e+05
-2.6194e+05
-2.6194e+05
-2.6194e+05
-2.6195e+05
-2.6196e+05
-2.6196e+05
-2.6197e+05
-2.6198e+05
-2.6198e+05
-2.6199e+05
-2.6199e+05
-2.62e+05
-2.6201e+05
-2.6201e+05
-2.6202e+05
-2.6204e+05
-2.6204e+05
-2.6204e+05
-2.6207e+05
-2.6207e+05
-2.6207e+05
-2.6208e+05
-2.6208e+05
-2.6209e+05
-2.6212e+05
-2.6212e+05
-2.6213e+05
-2.6213e+05
-2.6213e+05
-2.6213e+05
-2.6214e+05
-2.6215e+05
-2.6218e+05
-2.6218e+05
-2.6218e+05
-2.6219e+05
-2.6221e+05
-2.6222e+05
-2.6222e+05
-2.6223e+05
-2.6223e+05
-2.6223e+05
-2.6223e+05
-2.6225e+05
-2.6225e+05
-2.6225e+05
-2.6227e+05
-2.6227e+05
-2.6228e+05
-2.6228e+05
-2.6228e+05
-2.6229e+05
-2.6229e+05
-2.623e+05
-2.623e+05
-2.623e+05
-2.6231e+05
-2.6232e+05
-2.6232e+05
-2.6233e+05
-2.6233e+05
-2.6233e+05
-2.6233e+05
-2.6233e+05
-2.6234e+05
-2.6235e+05
-2.6235e+05
-2.6236e+05
-2.6237e+05
-2.6237e+05
-2.6238e+05
-2.6238e+05
-2.6238e+05
-2.6238e+05
-2.6238e+05
-2.6239e+05
-2.6239e+05
-2.6239e+05
-2.624e+05
-2.6241e+05
-2.6241e+05
-2.6242e+05
-2.6242e+05
-2.6242e+05
-2.6243e+05
-2.6243e+05
-2.6244e+05
-2.6244e+05
-2.6246e+05
-2.6246e+05
-2.6246e+05
-2.6247e+05
-2.6247e+05
-2.6248e+05
-2.6249e+05
-2.6253e+05
-2.6254e+05
-2.6254e+05
-2.6254e+05
-2.6254e+05
-2.6256e+05
-2.6256e+05
-2.6256e+05
-2.6256e+05
-2.6257e+05
-2.6257e+05
-2.6257e+05
-2.6258e+05
-2.626e+05
-2.6262e+05
-2.6263e+05
-2.6264e+05
-2.6265e+05
-2.6265e+05
-2.6265e+05
-2.6265e+05
-2.6266e+05
-2.6266e+05
-2.6266e+05
-2.6267e+05
-2.6267e+05
-2.6267e+05
-2.627e+05
-2.627e+05
-2.6271e+05
-2.6271e+05
-2.6272e+05
-2.6273e+05
-2.6274e+05
-2.6275e+05
-2.6276e+05
-2.6276e+05
-2.6276e+05
-2.6277e+05
-2.6278e+05
-2.6278e+05
-2.6278e+05
-2.6279e+05
-2.6279e+05
-2.6281e+05
-2.6282e+05
-2.6282e+05
-2.6284e+05
-2.6285e+05
-2.6286e+05
-2.6287e+05
-2.6287e+05
-2.6287e+05
-2.6288e+05
-2.6288e+05
-2.6289e+05
-2.6289e+05
-2.6289e+05
-2.629e+05
-2.6291e+05
-2.6291e+05
-2.6292e+05
-2.6292e+05
-2.6292e+05
-2.6292e+05
-2.6292e+05
-2.6293e+05
-2.6293e+05
-2.6293e+05
-2.6294e+05
-2.6295e+05
-2.6296e+05
-2.6297e+05
-2.6298e+05
-2.6299e+05
-2.6299e+05
-2.63e+05
-2.63e+05
-2.63e+05
-2.63e+05
-2.6302e+05
-2.6303e+05
-2.6303e+05
-2.6303e+05
-2.6304e+05
-2.6306e+05
-2.6307e+05
-2.6308e+05
-2.6308e+05
-2.6308e+05
-2.6309e+05
-2.631e+05
-2.631e+05
-2.6311e+05
-2.6312e+05
-2.6314e+05
-2.6315e+05
-2.6315e+05
-2.6316e+05
-2.6316e+05
-2.6317e+05
-2.6318e+05
-2.6319e+05
-2.6319e+05
-2.6319e+05
-2.632e+05
-2.6321e+05
-2.6322e+05
-2.6322e+05
-2.6323e+05
-2.6323e+05
-2.6323e+05
-2.6323e+05
-2.6324e+05
-2.6324e+05
-2.6324e+05
-2.6325e+05
-2.6325e+05
-2.6326e+05
-2.6327e+05
-2.6327e+05
-2.6327e+05
-2.6327e+05
-2.6328e+05
-2.6328e+05
-2.6328e+05
-2.6329e+05
-2.633e+05
-2.6332e+05
-2.6333e+05
-2.6334e+05
-2.6336e+05
-2.6336e+05
-2.6339e+05
-2.6339e+05
-2.634e+05
-2.6341e+05
-2.6342e+05
-2.6344e+05
-2.6344e+05
-2.6345e+05
-2.6345e+05
-2.6346e+05
-2.6346e+05
-2.6347e+05
-2.6348e+05
-2.6348e+05
-2.6349e+05
-2.635e+05
-2.6351e+05
-2.6352e+05
-2.6352e+05
-2.6352e+05
-2.6353e+05
-2.6353e+05
-2.6354e+05
-2.6354e+05
-2.6355e+05
-2.6355e+05
-2.6355e+05
-2.6356e+05
-2.6356e+05
-2.6357e+05
-2.6358e+05
-2.6358e+05
-2.6359e+05
-2.636e+05
-2.636e+05
-2.6362e+05
-2.6363e+05
-2.6366e+05
-2.6366e+05
-2.6366e+05
-2.6367e+05
-2.6367e+05
-2.6368e+05
-2.6368e+05
-2.6368e+05
-2.6369e+05
-2.6369e+05
-2.6369e+05
-2.6369e+05
-2.637e+05
-2.637e+05
-2.6371e+05
-2.6372e+05
-2.6373e+05
-2.6373e+05
-2.6373e+05
-2.6373e+05
-2.6374e+05
-2.6374e+05
-2.6375e+05
-2.6377e+05
-2.6377e+05
-2.6377e+05
-2.6377e+05
-2.6378e+05
-2.6378e+05
-2.6378e+05
-2.6379e+05
-2.6381e+05
-2.6382e+05
-2.6382e+05
-2.6383e+05
-2.6383e+05
-2.6383e+05
-2.6384e+05
-2.6386e+05
-2.6387e+05
-2.6388e+05
-2.6388e+05
-2.6388e+05
-2.6388e+05
-2.6388e+05
-2.6389e+05
-2.6389e+05
-2.639e+05
-2.6393e+05
-2.6393e+05
-2.6393e+05
-2.6395e+05
-2.6395e+05
-2.6396e+05
-2.6396e+05
-2.6397e+05
-2.6397e+05
-2.6398e+05
-2.6398e+05
-2.6398e+05
-2.6399e+05
-2.6399e+05
-2.6399e+05
-2.6399e+05
-2.6399e+05
-2.6401e+05
-2.6402e+05
-2.6403e+05
-2.6403e+05
-2.6404e+05
-2.6405e+05
-2.6405e+05
-2.6406e+05
-2.6408e+05
-2.6409e+05
-2.6409e+05
-2.641e+05
-2.6411e+05
-2.6411e+05
-2.6412e+05
-2.6414e+05
-2.6414e+05
-2.6414e+05
-2.6416e+05
-2.6416e+05
-2.6416e+05
-2.6417e+05
-2.6417e+05
-2.6418e+05
-2.6419e+05
-2.6421e+05
-2.6422e+05
-2.6422e+05
-2.6422e+05
-2.6422e+05
-2.6422e+05
-2.6422e+05
-2.6423e+05
-2.6424e+05
-2.6424e+05
-2.6424e+05
-2.6425e+05
-2.6426e+05
-2.6426e+05
-2.6426e+05
-2.6426e+05
-2.6428e+05
-2.6429e+05
-2.6429e+05
-2.6429e+05
-2.643e+05
-2.643e+05
-2.6431e+05
-2.6431e+05
-2.6432e+05
-2.6433e+05
-2.6433e+05
-2.6436e+05
-2.6437e+05
-2.6437e+05
-2.644e+05
-2.644e+05
-2.6441e+05
-2.6441e+05
-2.6442e+05
-2.6442e+05
-2.6442e+05
-2.6442e+05
-2.6443e+05
-2.6443e+05
-2.6443e+05
-2.6445e+05
-2.6445e+05
-2.6445e+05
-2.6446e+05
-2.6447e+05
-2.6447e+05
-2.6448e+05
-2.6449e+05
-2.6449e+05
-2.6452e+05
-2.6452e+05
-2.6453e+05
-2.6455e+05
-2.6455e+05
-2.6455e+05
-2.6456e+05
-2.6456e+05
-2.6457e+05
-2.6457e+05
-2.6459e+05
-2.6459e+05
-2.646e+05
-2.6462e+05
-2.6462e+05
-2.6463e+05
-2.6464e+05
-2.6464e+05
-2.6465e+05
-2.6465e+05
-2.6466e+05
-2.6466e+05
-2.6469e+05
-2.647e+05
-2.6472e+05
-2.6474e+05
-2.6474e+05
-2.6474e+05
-2.6475e+05
-2.6476e+05
-2.6477e+05
-2.6477e+05
-2.6479e+05
-2.648e+05
-2.648e+05
-2.648e+05
-2.648e+05
-2.648e+05
-2.6481e+05
-2.6481e+05
-2.6482e+05
-2.6483e+05
-2.6483e+05
-2.6484e+05
-2.6485e+05
-2.6485e+05
-2.6486e+05
-2.6488e+05
-2.6489e+05
-2.6489e+05
-2.6489e+05
-2.649e+05
-2.6491e+05
-2.6492e+05
-2.6492e+05
-2.6493e+05
-2.6493e+05
-2.6494e+05
-2.6495e+05
-2.6495e+05
-2.6496e+05
-2.6496e+05
-2.6496e+05
-2.6496e+05
-2.6497e+05
-2.6497e+05
-2.6497e+05
-2.6498e+05
-2.6498e+05
-2.6498e+05
-2.6499e+05
-2.65e+05
-2.65e+05
-2.65e+05
-2.6501e+05
-2.6503e+05
-2.6503e+05
-2.6505e+05
-2.6506e+05
-2.6507e+05
-2.6507e+05
-2.6507e+05
-2.6507e+05
-2.6508e+05
-2.6508e+05
-2.6508e+05
-2.6508e+05
-2.6508e+05
-2.6508e+05
-2.6508e+05
-2.6509e+05
-2.6509e+05
-2.6509e+05
-2.6512e+05
-2.6513e+05
-2.6515e+05
-2.6516e+05
-2.6517e+05
-2.6518e+05
-2.6519e+05
-2.652e+05
-2.652e+05
-2.6522e+05
-2.6523e+05
-2.6524e+05
-2.6524e+05
-2.6526e+05
-2.6526e+05
-2.6526e+05
-2.6527e+05
-2.6527e+05
-2.6528e+05
-2.6528e+05
-2.6529e+05
-2.6531e+05
-2.6531e+05
-2.6531e+05
-2.6531e+05
-2.6533e+05
-2.6534e+05
-2.6535e+05
-2.6535e+05
-2.6535e+05
-2.6535e+05
-2.6536e+05
-2.6536e+05
-2.6537e+05
-2.6537e+05
-2.6537e+05
-2.6537e+05
-2.6538e+05
-2.6539e+05
-2.654e+05
-2.654e+05
-2.6541e+05
-2.6542e+05
-2.6542e+05
-2.6542e+05
-2.6544e+05
-2.6544e+05
-2.6544e+05
-2.6544e+05
-2.6544e+05
-2.6547e+05
-2.6547e+05
-2.6547e+05
-2.6548e+05
-2.6548e+05
-2.6548e+05
-2.6548e+05
-2.6549e+05
-2.6549e+05
-2.655e+05
-2.655e+05
-2.655e+05
-2.6551e+05
-2.6551e+05
-2.6552e+05
-2.6552e+05
-2.6553e+05
-2.6553e+05
-2.6555e+05
-2.6555e+05
-2.6556e+05
-2.6556e+05
-2.6556e+05
-2.6557e+05
-2.6557e+05
-2.6557e+05
-2.6557e+05
-2.6557e+05
-2.6558e+05
-2.6558e+05
-2.6559e+05
-2.6559e+05
-2.6559e+05
-2.656e+05
-2.656e+05
-2.6561e+05
-2.6561e+05
-2.6562e+05
-2.6562e+05
-2.6562e+05
-2.6563e+05
-2.6563e+05
-2.6563e+05
-2.6564e+05
-2.6565e+05
-2.6565e+05
-2.6566e+05
-2.6566e+05
-2.6566e+05
-2.6566e+05
-2.6567e+05
-2.6568e+05
-2.6568e+05
-2.657e+05
-2.657e+05
-2.657e+05
-2.657e+05
-2.6571e+05
-2.6571e+05
-2.6571e+05
-2.6572e+05
-2.6572e+05
-2.6573e+05
-2.6574e+05
-2.6575e+05
-2.6576e+05
-2.6577e+05
-2.6578e+05
-2.6578e+05
-2.6579e+05
-2.6579e+05
-2.6579e+05
-2.658e+05
-2.6581e+05
-2.6582e+05
-2.6582e+05
-2.6583e+05
-2.6583e+05
-2.6584e+05
-2.6584e+05
-2.6584e+05
-2.6585e+05
-2.6587e+05
-2.6588e+05
-2.6588e+05
-2.6589e+05
-2.6591e+05
-2.6591e+05
-2.6592e+05
-2.6593e+05
-2.6593e+05
-2.6593e+05
-2.6593e+05
-2.6593e+05
-2.6593e+05
-2.6595e+05
-2.6595e+05
-2.6595e+05
-2.6595e+05
-2.6595e+05
-2.6595e+05
-2.6595e+05
-2.6596e+05
-2.6596e+05
-2.6596e+05
-2.6597e+05
-2.6597e+05
-2.6597e+05
-2.6598e+05
-2.6598e+05
-2.6598e+05
-2.6599e+05
-2.6599e+05
-2.6599e+05
-2.6599e+05
-2.6601e+05
-2.6602e+05
-2.6602e+05
-2.6602e+05
-2.6603e+05
-2.6604e+05
-2.6604e+05
-2.6605e+05
-2.6605e+05
-2.6605e+05
-2.6606e+05
-2.6606e+05
-2.6606e+05
-2.6606e+05
-2.6608e+05
-2.6608e+05
-2.6608e+05
-2.6609e+05
-2.6609e+05
-2.661e+05
-2.661e+05
-2.6612e+05
-2.6612e+05
-2.6614e+05
-2.6614e+05
-2.6618e+05
-2.6618e+05
-2.6618e+05
-2.6619e+05
-2.6619e+05
-2.6619e+05
-2.662e+05
-2.6621e+05
-2.6621e+05
-2.6621e+05
-2.6621e+05
-2.6622e+05
-2.6622e+05
-2.6622e+05
-2.6623e+05
-2.6623e+05
-2.6624e+05
-2.6624e+05
-2.6624e+05
-2.6625e+05
-2.6625e+05
-2.6626e+05
-2.6626e+05
-2.6627e+05
-2.6628e+05
-2.6628e+05
-2.6629e+05
-2.6629e+05
-2.6629e+05
-2.6631e+05
-2.6631e+05
-2.6631e+05
-2.6632e+05
-2.6633e+05
-2.6634e+05
-2.6634e+05
-2.6635e+05
-2.6636e+05
-2.6637e+05
-2.6637e+05
-2.6637e+05
-2.6637e+05
-2.6638e+05
-2.6639e+05
-2.6639e+05
-2.6639e+05
-2.6639e+05
-2.664e+05
-2.664e+05
-2.664e+05
-2.664e+05
-2.6641e+05
-2.6641e+05
-2.6642e+05
-2.6643e+05
-2.6644e+05
-2.6644e+05
-2.6644e+05
-2.6646e+05
-2.6646e+05
-2.6646e+05
-2.6647e+05
-2.6647e+05
-2.6647e+05
-2.6648e+05
-2.6648e+05
-2.6648e+05
-2.6648e+05
-2.6649e+05
-2.665e+05
-2.6652e+05
-2.6653e+05
-2.6653e+05
-2.6653e+05
-2.6654e+05
-2.6654e+05
-2.6655e+05
-2.6656e+05
-2.6656e+05
-2.6656e+05
-2.6657e+05
-2.6657e+05
-2.6658e+05
-2.6658e+05
-2.6659e+05
-2.6659e+05
-2.6659e+05
-2.666e+05
-2.666e+05
-2.6663e+05
-2.6663e+05
-2.6664e+05
-2.6665e+05
-2.6665e+05
-2.6665e+05
-2.6666e+05
-2.6667e+05
-2.6667e+05
-2.6667e+05
-2.6669e+05
-2.667e+05
-2.667e+05
-2.6673e+05
-2.6673e+05
-2.6674e+05
-2.6675e+05
-2.6675e+05
-2.6676e+05
-2.6679e+05
-2.6679e+05
-2.6679e+05
-2.668e+05
-2.6681e+05
-2.6682e+05
-2.6683e+05
-2.6684e+05
-2.6684e+05
-2.6685e+05
-2.6685e+05
-2.6685e+05
-2.6685e+05
-2.6686e+05
-2.6686e+05
-2.6687e+05
-2.6687e+05
-2.6687e+05
-2.6688e+05
-2.6689e+05
-2.6689e+05
-2.6691e+05
-2.6691e+05
-2.6691e+05
-2.6692e+05
-2.6693e+05
-2.6693e+05
-2.6693e+05
-2.6693e+05
-2.6694e+05
-2.6694e+05
-2.6696e+05
-2.6697e+05
-2.6697e+05
-2.6697e+05
-2.6697e+05
-2.6698e+05
-2.6699e+05
-2.6699e+05
-2.67e+05
-2.67e+05
-2.6701e+05
-2.6701e+05
-2.6701e+05
-2.6704e+05
-2.6704e+05
-2.6705e+05
-2.6705e+05
-2.6705e+05
-2.6706e+05
-2.6707e+05
-2.6707e+05
-2.6707e+05
-2.6708e+05
-2.6709e+05
-2.6709e+05
-2.6709e+05
-2.671e+05
-2.671e+05
-2.671e+05
-2.6711e+05
-2.6711e+05
-2.6711e+05
-2.6713e+05
-2.6713e+05
-2.6713e+05
-2.6714e+05
-2.6714e+05
-2.6715e+05
-2.6715e+05
-2.6715e+05
-2.6715e+05
-2.6716e+05
-2.6717e+05
-2.6718e+05
-2.6718e+05
-2.6719e+05
-2.6719e+05
-2.6719e+05
-2.672e+05
-2.6723e+05
-2.6723e+05
-2.6723e+05
-2.6723e+05
-2.6724e+05
-2.6724e+05
-2.6724e+05
-2.6724e+05
-2.6725e+05
-2.6726e+05
-2.6726e+05
-2.6726e+05
-2.6728e+05
-2.6728e+05
-2.6728e+05
-2.6729e+05
-2.6729e+05
-2.673e+05
-2.673e+05
-2.6732e+05
-2.6734e+05
-2.6734e+05
-2.6734e+05
-2.6735e+05
-2.6736e+05
-2.6737e+05
-2.6738e+05
-2.6738e+05
-2.6739e+05
-2.6739e+05
-2.6741e+05
-2.6742e+05
-2.6742e+05
-2.6742e+05
-2.6745e+05
-2.6745e+05
-2.6745e+05
-2.6745e+05
-2.6745e+05
-2.6746e+05
-2.6746e+05
-2.6746e+05
-2.6746e+05
-2.6747e+05
-2.6747e+05
-2.6748e+05
-2.6749e+05
-2.675e+05
-2.675e+05
-2.6751e+05
-2.6751e+05
-2.6752e+05
-2.6754e+05
-2.6754e+05
-2.6754e+05
-2.6754e+05
-2.6755e+05
-2.6756e+05
-2.6756e+05
-2.6756e+05
-2.6756e+05
-2.6756e+05
-2.6756e+05
-2.6756e+05
-2.6758e+05
-2.6759e+05
-2.676e+05
-2.676e+05
-2.676e+05
-2.676e+05
-2.6761e+05
-2.6762e+05
-2.6762e+05
-2.6762e+05
-2.6763e+05
-2.6764e+05
-2.6765e+05
-2.6765e+05
-2.6766e+05
-2.6766e+05
-2.6767e+05
-2.6768e+05
-2.6768e+05
-2.6768e+05
-2.6768e+05
-2.677e+05
-2.677e+05
-2.6771e+05
-2.6771e+05
-2.6771e+05
-2.6772e+05
-2.6774e+05
-2.6775e+05
-2.6775e+05
-2.6775e+05
-2.6776e+05
-2.6777e+05
-2.6777e+05
-2.6777e+05
-2.6777e+05
-2.6779e+05
-2.6779e+05
-2.678e+05
-2.678e+05
-2.6781e+05
-2.6781e+05
-2.6781e+05
-2.6781e+05
-2.6781e+05
-2.6781e+05
-2.6782e+05
-2.6783e+05
-2.6783e+05
-2.6783e+05
-2.6783e+05
-2.6783e+05
-2.6783e+05
-2.6785e+05
-2.6785e+05
-2.6786e+05
-2.6786e+05
-2.6786e+05
-2.6786e+05
-2.6787e+05
-2.6787e+05
-2.6787e+05
-2.6787e+05
-2.6788e+05
-2.6788e+05
-2.6788e+05
-2.6788e+05
-2.6788e+05
-2.6792e+05
-2.6792e+05
-2.6793e+05
-2.6793e+05
-2.6793e+05
-2.6793e+05
-2.6793e+05
-2.6793e+05
-2.6793e+05
-2.6793e+05
-2.6794e+05
-2.6794e+05
-2.6795e+05
-2.6796e+05
-2.6797e+05
-2.6797e+05
-2.68e+05
-2.6801e+05
-2.6802e+05
-2.6803e+05
-2.6803e+05
-2.6803e+05
-2.6804e+05
-2.6805e+05
-2.6805e+05
-2.6805e+05
-2.6806e+05
-2.6807e+05
-2.6807e+05
-2.6807e+05
-2.6809e+05
-2.681e+05
-2.6811e+05
-2.6812e+05
-2.6813e+05
-2.6813e+05
-2.6814e+05
-2.6815e+05
-2.6815e+05
-2.6816e+05
-2.6817e+05
-2.6817e+05
-2.6819e+05
-2.6819e+05
-2.6819e+05
-2.682e+05
-2.6821e+05
-2.6822e+05
-2.6822e+05
-2.6822e+05
-2.6823e+05
-2.6824e+05
-2.6824e+05
-2.6824e+05
-2.6825e+05
-2.6826e+05
-2.6826e+05
-2.6827e+05
-2.6828e+05
-2.6828e+05
-2.6829e+05
-2.6829e+05
-2.683e+05
-2.683e+05
-2.683e+05
-2.683e+05
-2.683e+05
-2.683e+05
-2.683e+05
-2.6831e+05
-2.6831e+05
-2.6832e+05
-2.6832e+05
-2.6833e+05
-2.6833e+05
-2.6835e+05
-2.6835e+05
-2.6836e+05
-2.6837e+05
-2.6838e+05
-2.6838e+05
-2.684e+05
-2.684e+05
-2.684e+05
-2.6841e+05
-2.6841e+05
-2.6841e+05
-2.6841e+05
-2.6843e+05
-2.6843e+05
-2.6844e+05
-2.6844e+05
-2.6844e+05
-2.6844e+05
-2.6845e+05
-2.6846e+05
-2.6846e+05
-2.6846e+05
-2.6846e+05
-2.6847e+05
-2.6847e+05
-2.6847e+05
-2.6848e+05
-2.6849e+05
-2.6849e+05
-2.6849e+05
-2.685e+05
-2.685e+05
-2.6851e+05
-2.6852e+05
-2.6852e+05
-2.6852e+05
-2.6853e+05
-2.6853e+05
-2.6854e+05
-2.6854e+05
-2.6854e+05
-2.6854e+05
-2.6855e+05
-2.6856e+05
-2.6856e+05
-2.6856e+05
-2.6857e+05
-2.6857e+05
-2.6858e+05
-2.6859e+05
-2.6859e+05
-2.686e+05
-2.686e+05
-2.686e+05
-2.686e+05
-2.686e+05
-2.6861e+05
-2.6862e+05
-2.6862e+05
-2.6863e+05
-2.6864e+05
-2.6865e+05
-2.6865e+05
-2.6866e+05
-2.6866e+05
-2.6866e+05
-2.6867e+05
-2.6867e+05
-2.6868e+05
-2.6868e+05
-2.6869e+05
-2.687e+05
-2.6871e+05
-2.6871e+05
-2.6871e+05
-2.6871e+05
-2.6872e+05
-2.6872e+05
-2.6873e+05
-2.6873e+05
-2.6873e+05
-2.6874e+05
-2.6874e+05
-2.6874e+05
-2.6874e+05
-2.6875e+05
-2.6877e+05
-2.6879e+05
-2.688e+05
-2.688e+05
-2.6881e+05
-2.6882e+05
-2.6882e+05
-2.6882e+05
-2.6884e+05
-2.6885e+05
-2.6885e+05
-2.6886e+05
-2.6886e+05
-2.6886e+05
-2.6887e+05
-2.6887e+05
-2.6888e+05
-2.6888e+05
-2.6889e+05
-2.689e+05
-2.689e+05
-2.6891e+05
-2.6892e+05
-2.6894e+05
-2.6896e+05
-2.6897e+05
-2.6897e+05
-2.6898e+05
-2.6898e+05
-2.6898e+05
-2.6898e+05
-2.6898e+05
-2.6899e+05
-2.6899e+05
-2.69e+05
-2.6901e+05
-2.6901e+05
-2.6901e+05
-2.6901e+05
-2.6901e+05
-2.6902e+05
-2.6902e+05
-2.6902e+05
-2.6903e+05
-2.6904e+05
-2.6905e+05
-2.6906e+05
-2.6906e+05
-2.6907e+05
-2.6908e+05
-2.6909e+05
-2.691e+05
-2.6911e+05
-2.6911e+05
-2.6913e+05
-2.6914e+05
-2.6916e+05
-2.6916e+05
-2.6917e+05
-2.6918e+05
-2.6918e+05
-2.6919e+05
-2.6919e+05
-2.692e+05
-2.692e+05
-2.6921e+05
-2.6922e+05
-2.6924e+05
-2.6925e+05
-2.6926e+05
-2.6926e+05
-2.6926e+05
-2.6926e+05
-2.6926e+05
-2.6927e+05
-2.6928e+05
-2.6928e+05
-2.6929e+05
-2.6931e+05
-2.6931e+05
-2.6931e+05
-2.6932e+05
-2.6932e+05
-2.6933e+05
-2.6934e+05
-2.6934e+05
-2.6934e+05
-2.6935e+05
-2.6936e+05
-2.6937e+05
-2.694e+05
-2.694e+05
-2.6941e+05
-2.6941e+05
-2.6943e+05
-2.6943e+05
-2.6943e+05
-2.6943e+05
-2.6945e+05
-2.6945e+05
-2.6946e+05
-2.6947e+05
-2.6948e+05
-2.6948e+05
-2.6948e+05
-2.6951e+05
-2.6951e+05
-2.6951e+05
-2.6952e+05
-2.6952e+05
-2.6953e+05
-2.6954e+05
-2.6954e+05
-2.6954e+05
-2.6955e+05
-2.6955e+05
-2.6955e+05
-2.6957e+05
-2.6958e+05
-2.6959e+05
-2.696e+05
-2.696e+05
-2.696e+05
-2.696e+05
-2.6961e+05
-2.6961e+05
-2.6961e+05
-2.6962e+05
-2.6963e+05
-2.6964e+05
-2.6966e+05
-2.6966e+05
-2.6968e+05
-2.6969e+05
-2.6969e+05
-2.6969e+05
-2.697e+05
-2.697e+05
-2.6971e+05
-2.6971e+05
-2.6972e+05
-2.6972e+05
-2.6973e+05
-2.6974e+05
-2.6975e+05
-2.6977e+05
-2.6977e+05
-2.6977e+05
-2.6977e+05
-2.6978e+05
-2.6978e+05
-2.6978e+05
-2.6978e+05
-2.698e+05
-2.698e+05
-2.698e+05
-2.6981e+05
-2.6981e+05
-2.6982e+05
-2.6982e+05
-2.6982e+05
-2.6983e+05
-2.6984e+05
-2.6984e+05
-2.6984e+05
-2.6986e+05
-2.6986e+05
-2.6987e+05
-2.6988e+05
-2.6988e+05
-2.6988e+05
-2.6989e+05
-2.699e+05
-2.6992e+05
-2.6992e+05
-2.6994e+05
-2.6995e+05
-2.6995e+05
-2.6997e+05
-2.6997e+05
-2.6998e+05
-2.6998e+05
-2.6999e+05
-2.7e+05
-2.7001e+05
-2.7003e+05
-2.7003e+05
-2.7005e+05
-2.7005e+05
-2.7006e+05
-2.7008e+05
-2.7008e+05
-2.7009e+05
-2.7009e+05
-2.701e+05
-2.7011e+05
-2.7012e+05
-2.7013e+05
-2.7014e+05
-2.7014e+05
-2.7014e+05
-2.7014e+05
-2.7014e+05
-2.7015e+05
-2.7017e+05
-2.7017e+05
-2.7017e+05
-2.7018e+05
-2.7019e+05
-2.7019e+05
-2.7019e+05
-2.7019e+05
-2.702e+05
-2.7021e+05
-2.7022e+05
-2.7022e+05
-2.7022e+05
-2.7022e+05
-2.7024e+05
-2.7024e+05
-2.7024e+05
-2.7024e+05
-2.7025e+05
-2.7025e+05
-2.7026e+05
-2.7027e+05
-2.7027e+05
-2.7028e+05
-2.7028e+05
-2.703e+05
-2.703e+05
-2.703e+05
-2.7031e+05
-2.7032e+05
-2.7032e+05
-2.7032e+05
-2.7032e+05
-2.7032e+05
-2.7032e+05
-2.7032e+05
-2.7032e+05
-2.7033e+05
-2.7033e+05
-2.7035e+05
-2.7036e+05
-2.7036e+05
-2.7036e+05
-2.7037e+05
-2.7037e+05
-2.7037e+05
-2.7037e+05
-2.7038e+05
-2.7038e+05
-2.7038e+05
-2.704e+05
-2.704e+05
-2.7042e+05
-2.7043e+05
-2.7043e+05
-2.7043e+05
-2.7045e+05
-2.7045e+05
-2.7046e+05
-2.7046e+05
-2.7047e+05
-2.7047e+05
-2.7047e+05
-2.7048e+05
-2.705e+05
-2.7051e+05
-2.7051e+05
-2.7051e+05
-2.7052e+05
-2.7052e+05
-2.7053e+05
-2.7053e+05
-2.7053e+05
-2.7055e+05
-2.7056e+05
-2.7056e+05
-2.7056e+05
-2.7057e+05
-2.7057e+05
-2.7057e+05
-2.7058e+05
-2.706e+05
-2.7061e+05
-2.7061e+05
-2.7062e+05
-2.7062e+05
-2.7063e+05
-2.7063e+05
-2.7063e+05
-2.7065e+05
-2.7066e+05
-2.7066e+05
-2.7066e+05
-2.7067e+05
-2.7067e+05
-2.7067e+05
-2.7067e+05
-2.7067e+05
-2.7068e+05
-2.7069e+05
-2.7069e+05
-2.707e+05
-2.707e+05
-2.7071e+05
-2.7072e+05
-2.7072e+05
-2.7073e+05
-2.7073e+05
-2.7075e+05
-2.7075e+05
-2.7075e+05
-2.7077e+05
-2.7079e+05
-2.7079e+05
-2.7079e+05
-2.7079e+05
-2.7081e+05
-2.7083e+05
-2.7083e+05
-2.7085e+05
-2.7086e+05
-2.7086e+05
-2.7087e+05
-2.7087e+05
-2.7088e+05
-2.7088e+05
-2.7089e+05
-2.7089e+05
-2.709e+05
-2.7091e+05
-2.7093e+05
-2.7093e+05
-2.7094e+05
-2.7096e+05
-2.7098e+05
-2.7098e+05
-2.7099e+05
-2.7101e+05
-2.7101e+05
-2.7102e+05
-2.7102e+05
-2.7102e+05
-2.7103e+05
-2.7105e+05
-2.7105e+05
-2.7105e+05
-2.7105e+05
-2.7105e+05
-2.7105e+05
-2.7106e+05
-2.7106e+05
-2.7106e+05
-2.7106e+05
-2.7107e+05
-2.7107e+05
-2.7107e+05
-2.7108e+05
-2.7109e+05
-2.711e+05
-2.711e+05
-2.7111e+05
-2.7111e+05
-2.7112e+05
-2.7112e+05
-2.7113e+05
-2.7113e+05
-2.7113e+05
-2.7114e+05
-2.7114e+05
-2.7115e+05
-2.7115e+05
-2.7116e+05
-2.7117e+05
-2.7117e+05
-2.7118e+05
-2.712e+05
-2.712e+05
-2.712e+05
-2.7121e+05
-2.7121e+05
-2.7122e+05
-2.7122e+05
-2.7122e+05
-2.7123e+05
-2.7123e+05
-2.7123e+05
-2.7124e+05
-2.7124e+05
-2.7124e+05
-2.7124e+05
-2.7125e+05
-2.7125e+05
-2.7126e+05
-2.7126e+05
-2.7126e+05
-2.7126e+05
-2.7127e+05
-2.7128e+05
-2.7129e+05
-2.713e+05
-2.7131e+05
-2.7132e+05
-2.7132e+05
-2.7132e+05
-2.7133e+05
-2.7133e+05
-2.7133e+05
-2.7135e+05
-2.7135e+05
-2.7135e+05
-2.7136e+05
-2.7137e+05
-2.7137e+05
-2.7138e+05
-2.7138e+05
-2.7138e+05
-2.7139e+05
-2.7142e+05
-2.7142e+05
-2.7142e+05
-2.7142e+05
-2.7143e+05
-2.7145e+05
-2.7146e+05
-2.7146e+05
-2.7146e+05
-2.7147e+05
-2.7147e+05
-2.7147e+05
-2.7148e+05
-2.715e+05
-2.715e+05
-2.7151e+05
-2.7151e+05
-2.7151e+05
-2.7151e+05
-2.7152e+05
-2.7152e+05
-2.7152e+05
-2.7152e+05
-2.7153e+05
-2.7153e+05
-2.7153e+05
-2.7154e+05
-2.7155e+05
-2.7156e+05
-2.7156e+05
-2.7159e+05
-2.716e+05
-2.716e+05
-2.7161e+05
-2.7161e+05
-2.7162e+05
-2.7162e+05
-2.7162e+05
-2.7163e+05
-2.7164e+05
-2.7164e+05
-2.7166e+05
-2.7166e+05
-2.7167e+05
-2.7168e+05
-2.7168e+05
-2.7169e+05
-2.717e+05
-2.7171e+05
-2.7172e+05
-2.7172e+05
-2.7172e+05
-2.7172e+05
-2.7173e+05
-2.7173e+05
-2.7173e+05
-2.7173e+05
-2.7173e+05
-2.7173e+05
-2.7173e+05
-2.7174e+05
-2.7174e+05
-2.7174e+05
-2.7174e+05
-2.7175e+05
-2.7176e+05
-2.7176e+05
-2.7177e+05
-2.7177e+05
-2.7178e+05
-2.7179e+05
-2.7179e+05
-2.718e+05
-2.718e+05
-2.7181e+05
-2.7182e+05
-2.7182e+05
-2.7182e+05
-2.7183e+05
-2.7183e+05
-2.7183e+05
-2.7183e+05
-2.7184e+05
-2.7185e+05
-2.7185e+05
-2.7185e+05
-2.7186e+05
-2.7186e+05
-2.7187e+05
-2.7187e+05
-2.7187e+05
-2.7187e+05
-2.7188e+05
-2.7188e+05
-2.7189e+05
-2.719e+05
-2.7191e+05
-2.7191e+05
-2.7192e+05
-2.7192e+05
-2.7192e+05
-2.7192e+05
-2.7192e+05
-2.7193e+05
-2.7193e+05
-2.7193e+05
-2.7193e+05
-2.7193e+05
-2.7194e+05
-2.7195e+05
-2.7196e+05
-2.7197e+05
-2.7197e+05
-2.7198e+05
-2.7198e+05
-2.7199e+05
-2.72e+05
-2.72e+05
-2.72e+05
-2.7201e+05
-2.7201e+05
-2.7202e+05
-2.7202e+05
-2.7203e+05
-2.7203e+05
-2.7203e+05
-2.7203e+05
-2.7204e+05
-2.7205e+05
-2.7206e+05
-2.7207e+05
-2.7207e+05
-2.7207e+05
-2.7209e+05
-2.721e+05
-2.7212e+05
-2.7212e+05
-2.7213e+05
-2.7213e+05
-2.7213e+05
-2.7214e+05
-2.7214e+05
-2.7214e+05
-2.7214e+05
-2.7214e+05
-2.7215e+05
-2.7215e+05
-2.7215e+05
-2.7216e+05
-2.7216e+05
-2.7216e+05
-2.7217e+05
-2.7218e+05
-2.7218e+05
-2.7218e+05
-2.7219e+05
-2.722e+05
-2.7221e+05
-2.7221e+05
-2.7222e+05
-2.7222e+05
-2.7223e+05
-2.7225e+05
-2.7225e+05
-2.7225e+05
-2.7226e+05
-2.7226e+05
-2.7226e+05
-2.7226e+05
-2.7227e+05
-2.7228e+05
-2.7229e+05
-2.7229e+05
-2.7229e+05
-2.7231e+05
-2.7232e+05
-2.7232e+05
-2.7233e+05
-2.7233e+05
-2.7233e+05
-2.7234e+05
-2.7234e+05
-2.7235e+05
-2.7235e+05
-2.7235e+05
-2.7236e+05
-2.7236e+05
-2.7236e+05
-2.7236e+05
-2.7236e+05
-2.7238e+05
-2.7238e+05
-2.7239e+05
-2.7239e+05
-2.7239e+05
-2.7239e+05
-2.724e+05
-2.7241e+05
-2.7241e+05
-2.7241e+05
-2.7242e+05
-2.7243e+05
-2.7243e+05
-2.7244e+05
-2.7244e+05
-2.7244e+05
-2.7244e+05
-2.7246e+05
-2.7246e+05
-2.7247e+05
-2.7248e+05
-2.7248e+05
-2.7248e+05
-2.7249e+05
-2.7249e+05
-2.725e+05
-2.7251e+05
-2.7253e+05
-2.7253e+05
-2.7253e+05
-2.7254e+05
-2.7254e+05
-2.7254e+05
-2.7256e+05
-2.7256e+05
