6.6111e-10
1.2712e-38
3.2546e-46
3.2546e-46
2.5109e-11
3.2546e-46
1.0697e-18
3.2546e-46
2.7846e-18
5.8611e-39
3.2546e-46
2.3153e-10
3.2546e-46
1.2911e-38
4.9616e-39
3.2546e-46
1.0834e-24
4.5965e-18
3.2546e-46
1.2329e-18
3.2546e-46
7.1002e-11
3.2546e-46
2.4435e-11
1.8029e-25
4.0574e-18
0.0023243
3.2546e-46
5.5445e-32
3.1955e-25
1.4079e-24
3.2546e-46
2.2318e-39
3.3916e-25
0.0010954
7.4852e-32
2.4683e-25
2.8683e-11
3.2546e-46
0.00021105
3.2546e-46
2.912e-39
2.4566e-11
4.6581e-11
3.2546e-46
3.2546e-46
4.282e-25
2.8695e-11
0.00027285
0.00027365
1.4303e-31
5.6192e-11
3.0181e-32
1.3821e-11
7.0617e-12
0.00044864
3.2546e-46
9.531e-32
1.6698e-24
0.00040444
6.549e-26
1.2934e-25
2.7719e-11
3.2546e-46
3.5607e-18
1.7416e-10
3.2546e-46
3.2546e-46
1.8006e-32
8.0975e-32
2.8711e-25
3.2546e-46
4.3036e-32
4.277e-11
4.1588e-11
3.2546e-46
2.0186e-39
5.8588e-19
3.9086e-32
2.9617e-25
2.7556e-18
3.2546e-46
3.2546e-46
3.2546e-46
3.2546e-46
3.0724e-39
3.2546e-46
0.00020088
1.0177e-31
6.7592e-19
3.093e-25
1.2394e-18
6.1455e-18
3.2546e-46
2.921e-39
0.0024257
4.143e-39
1.4428e-10
3.2546e-46
7.9693e-33
9.1081e-05
1.9744e-39
3.704e-39
9.8204e-24
6.4109e-05
3.2194e-32
4.0628e-25
2.7156e-11
3.2546e-46
4.4789e-05
3.2546e-46
1.621e-18
0.00043533
5.8479e-39
1.377e-30
0.00029792
3.2546e-46
0.01597
3.8377e-12
0.0002084
2.8263e-32
0.0019985
3.9918e-32
0.0005284
3.2546e-46
1.1534e-25
0.0025197
3.2546e-46
3.2546e-46
1.0889e-32
3.0184e-11
0.00077307
0.00086124
2.0409e-11
5.0368e-11
3.9341e-32
3.5836e-11
3.2546e-46
0.0060472
3.2546e-46
2.2911e-31
2.2475e-25
5.9245e-18
1.4594e-18
2.954e-17
3.2546e-46
2.5583e-39
3.2546e-46
1.0053e-10
1.1661e-31
8.4702e-32
2.0291e-32
2.4412e-25
2.4526e-18
2.0083e-11
4.4024e-39
4.094e-39
3.2546e-46
1.9551e-39
2.4063e-25
1.0968e-17
3.2546e-46
1.2079e-25
3.0129e-11
3.2546e-46
3.2546e-46
2.7744e-39
1.381e-23
4.026e-11
1.6778e-18
0.00010047
9.2089e-39
0.0001976
3.2546e-46
3.0456e-32
6.6591e-25
3.0736e-25
6.5961e-26
7.9091e-11
0.00072505
3.2546e-46
0.0049998
3.2546e-46
3.2546e-46
0.00052659
3.2546e-46
3.2546e-46
3.2546e-46
1.5326e-32
5.0263e-24
3.3708e-18
2.5347e-10
3.2546e-46
6.9788e-26
3.2651e-32
9.1324e-19
2.5782e-11
4.3006e-11
6.934e-18
7.1487e-19
3.8475e-11
2.2457e-11
2.612e-25
6.4267e-10
3.2546e-46
3.2546e-46
1.6934e-32
1.8926e-32
4.6889e-11
2.4492e-10
5.9462e-19
2.0808e-18
8.0998e-39
3.2546e-46
3.69e-11
0.00025091
1.8543e-25
3.1336e-18
1.3525e-18
5.5438e-05
2.4762e-32
0.0028851
8.5726e-11
3.2546e-46
3.2546e-46
3.2546e-46
7.0825e-39
4.1008e-25
1.4475e-25
3.2546e-46
3.2546e-46
1.8619e-24
0.0059964
4.4184e-18
6.0295e-11
3.2546e-46
2.6278e-32
1.7368e-18
1.5713e-11
4.6432e-10
3.2546e-46
1.6461e-25
1.1068e-11
0.00014617
1.3046e-32
1.7543e-25
3.0399e-32
7.5354e-33
3.2546e-46
1.219e-24
4.9177e-11
3.2546e-46
1.3362e-24
7.5921e-39
2.5753e-32
2.6265e-25
2.5579e-32
0.00012671
3.2546e-46
1.2073e-38
3.3768e-39
5.5037e-18
0.00064556
0.00028388
3.2546e-46
2.0468e-39
3.8573e-32
8.0441e-25
1.4534e-25
3.2546e-46
2.4303e-11
4.3207e-18
3.2546e-46
1.9349e-25
3.5636e-39
2.7843e-18
8.8874e-33
3.2546e-46
3.2546e-46
3.2546e-46
2.7964e-39
1.1282e-11
5.7143e-39
2.8825e-25
8.6193e-19
2.7233e-18
3.2546e-46
8.5155e-32
2.8109e-18
4.2934e-18
3.2546e-46
9.4734e-25
0.00026069
3.2546e-46
3.2546e-46
3.2546e-46
1.3721e-24
6.6795e-39
1.4834e-18
9.9635e-19
0.00023011
3.2546e-46
3.2546e-46
4.799e-18
2.7994e-11
0.0011077
4.0336e-32
3.126e-39
1.5404e-39
0.00057421
7.1491e-39
1.6863e-39
2.2148e-25
1.0513e-25
0.0020679
3.2546e-46
1.6633e-39
3.7956e-26
3.2546e-46
3.2546e-46
2.79e-18
0.00024687
9.3732e-05
2.4073e-39
5.9331e-25
5.5318e-39
3.2546e-46
2.4402e-39
3.2546e-46
3.1807e-39
8.9191e-11
3.3727e-17
0.00035281
3.9857e-32
1.0755e-38
3.2546e-46
3.2546e-46
4.0799e-32
2.3756e-39
1.1174e-32
1.8498e-24
1.7005e-18
9.7298e-11
0.0020925
8.1061e-26
1.0911e-11
3.2546e-46
1.8108e-18
3.2546e-46
1.4953e-32
4.5309e-25
5.0064e-25
6.8113e-11
8.348e-39
2.3416e-32
1.5514e-25
3.2546e-46
3.2546e-46
3.7264e-39
2.3994e-32
2.7407e-25
7.7968e-18
7.5527e-11
0.00010022
3.2546e-46
3.2546e-46
3.2546e-46
6.3692e-25
3.2546e-46
9.2379e-19
1.1302e-31
1.591e-18
0.0003742
3.2546e-46
0.00055984
3.612e-18
1.355e-10
3.2546e-46
3.4241e-11
7.4046e-39
4.7913e-39
4.871e-32
3.3886e-18
1.858e-11
4.0506e-10
1.0026e-11
4.8869e-25
3.4105e-17
1.963e-39
1.3052e-24
3.0787e-24
3.0657e-11
3.2546e-46
3.2546e-46
3.2546e-46
2.309e-25
1.9228e-18
2.5189e-25
4.9426e-11
3.2546e-46
3.2546e-46
1.2053e-10
1.1562e-11
3.2546e-46
6.5314e-11
3.0265e-39
1.0399e-11
3.2546e-46
2.3731e-11
2.4324e-11
0.00018805
6.3321e-25
8.8634e-11
3.2546e-46
3.2546e-46
2.7968e-18
0.00186
3.2546e-46
2.1828e-32
3.003e-39
3.8722e-31
3.3026e-11
3.5924e-39
6.5608e-18
3.2546e-46
3.2546e-46
3.2546e-46
1.2773e-24
0.00016758
2.0237e-11
3.2546e-46
3.2789e-25
8.285e-25
3.2546e-46
4.2672e-32
2.298e-18
3.2546e-46
7.0671e-39
2.1329e-32
3.5213e-26
0.0024308
3.2546e-46
9.7144e-18
1.9831e-39
0.0011106
3.2546e-46
3.2546e-46
5.6165e-25
3.2546e-46
7.5341e-39
1.1325e-24
3.2546e-46
6.2569e-18
2.5634e-39
3.1779e-32
8.8597e-18
1.4766e-10
0.00038834
2.5743e-31
4.0618e-18
3.2546e-46
1.6509e-32
1.8675e-31
2.8024e-18
2.8991e-39
9.7615e-11
9.9748e-12
3.2546e-46
1.6254e-25
1.0406e-25
1.8799e-18
5.5508e-39
7.0504e-39
2.4301e-18
7.3978e-39
7.2827e-25
3.4457e-25
1.7128e-17
2.8994e-18
3.2546e-46
3.6172e-32
1.1221e-18
6.5685e-18
5.8556e-05
4.8067e-25
0.0013973
3.2546e-46
3.2546e-46
1.0729e-31
1.5938e-32
3.4545e-11
3.2546e-46
3.2546e-46
3.2546e-46
3.2546e-46
1.9215e-18
0.00019437
3.2546e-46
6.0069e-18
3.2546e-46
9.3647e-26
3.2546e-46
3.2546e-46
3.2546e-46
8.3317e-19
0.00027074
5.3067e-32
0.00030731
0.00029449
5.9842e-25
2.2984e-10
0.00029257
3.2546e-46
3.2546e-46
3.2546e-46
1.3712e-31
4.3569e-18
3.2546e-46
1.9081e-25
3.2546e-46
2.0363e-32
3.0266e-25
3.8858e-24
1.824e-10
3.5223e-39
1.6255e-18
2.4006e-11
2.5485e-39
3.2963e-25
0.00029572
1.8159e-32
2.6081e-18
8.872e-39
2.1976e-24
1.4429e-25
1.7346e-25
1.6359e-09
5.5273e-39
9.3222e-19
5.7252e-19
0.00020115
3.2546e-46
1.3631e-24
1.163e-18
3.2546e-46
5.237e-18
1.0177e-17
3.2546e-46
5.7877e-32
3.3776e-11
2.53e-11
3.2546e-46
1.8311e-11
4.2191e-11
0.00071407
4.8352e-39
4.6115e-32
1.2852e-18
0.0011396
3.2546e-46
1.5253e-39
1.1214e-25
9.3765e-12
3.2546e-46
6.8448e-26
2.3138e-10
3.2546e-46
2.5213e-17
3.0915e-39
1.8296e-24
8.1371e-05
3.2546e-46
6.1994e-25
7.6926e-25
8.4308e-26
4.3512e-25
1.7759e-32
3.2546e-46
5.4294e-39
2.7005e-11
1.6699e-25
1.1293e-18
3.2546e-46
2.9086e-18
3.9412e-18
3.2546e-46
4.3238e-39
1.3062e-32
2.4545e-18
1.2016e-24
0.0011422
1.2085e-17
2.5961e-18
3.2546e-46
5.9598e-19
1.0833e-11
1.1161e-10
5.6283e-11
4.295e-32
6.2134e-25
0.00078299
3.2546e-46
4.4257e-18
5.2795e-18
2.9933e-39
2.3285e-32
1.7847e-32
3.4769e-11
3.2546e-46
6.8321e-39
9.1777e-26
0.00021734
0.00032008
3.6823e-11
9.3267e-26
1.6266e-17
3.1306e-11
0.0071062
3.2546e-46
4.8198e-32
3.2546e-46
4.1472e-39
3.2546e-46
3.2546e-46
1.6431e-25
3.2546e-46
2.1053e-39
1.7957e-11
4.8366e-11
9.0115e-33
1.68e-18
4.4016e-18
2.1052e-18
3.8239e-11
0.00066905
0.0051694
3.2546e-46
3.5838e-39
4.0523e-11
2.7305e-11
2.7995e-11
1.9696e-10
3.2546e-46
8.1931e-19
1.9883e-11
3.2546e-46
2.3887e-39
4.3238e-32
3.2546e-46
0.0011708
0.002341
3.2546e-46
9.8462e-33
1.1039e-09
0.0087539
3.2546e-46
1.9332e-10
3.2546e-46
2.542e-25
3.7985e-32
3.2546e-46
6.6111e-32
3.2546e-46
4.2361e-32
7.8466e-25
3.0368e-11
0.00067655
3.2546e-46
3.0351e-11
1.0335e-32
2.7833e-25
3.2546e-46
3.2546e-46
3.2546e-46
3.2546e-46
2.1895e-32
1.435e-17
5.4815e-19
1.782e-39
5.0263e-39
1.4762e-18
2.6742e-11
2.2003e-25
2.4865e-11
3.2546e-46
3.2546e-46
4.0138e-32
2.4634e-11
0.0077499
3.2546e-46
8.9127e-26
2.1803e-32
3.7564e-25
4.8959e-12
1.5598e-25
0.00075985
1.774e-10
3.4028e-39
8.8004e-11
3.0573e-32
1.6963e-25
2.7022e-10
2.8027e-11
1.3282e-10
6.8896e-32
1.6258e-19
9.4551e-05
3.2546e-46
7.9213e-39
0.00027718
3.2546e-46
1.8557e-25
3.2546e-46
3.2546e-46
8.8276e-32
0.00011245
2.8271e-11
0.00010451
0.0001175
3.7574e-39
4.9244e-32
1.7113e-25
1.8468e-10
0.00039621
0.00045062
4.2046e-39
6.6953e-18
8.0672e-11
1.8952e-11
3.2546e-46
4.5125e-18
2.5336e-10
0.00060306
2.8274e-39
2.4248e-25
4.6803e-25
4.2604e-18
4.9258e-18
0.00014848
3.2546e-46
2.2992e-25
6.0291e-11
4.5938e-11
4.3616e-39
6.7438e-39
1.7655e-11
1.9009e-32
2.1275e-18
3.0378e-05
7.7768e-18
2.6847e-11
6.4104e-39
8.0115e-32
6.3325e-25
3.1846e-25
7.2977e-11
5.7438e-11
3.7685e-25
3.2546e-46
0.00057637
3.2546e-46
1.3319e-25
0.00055789
1.7839e-26
6.6654e-18
5.3719e-32
6.7845e-26
0.00025553
2.6949e-39
3.2648e-39
0.00033924
0.0021577
0.00022785
3.2546e-46
0.0006026
0.00081927
3.2546e-46
2.6766e-11
6.8805e-11
3.2546e-46
3.2546e-46
6.4308e-32
3.2546e-46
3.2546e-46
1.438e-38
3.2546e-46
3.7297e-32
1.8005e-32
0.0017141
3.7877e-39
3.7116e-26
0.00028413
4.3805e-39
7.6473e-25
4.2579e-11
6.5105e-39
8.059e-39
1.745e-16
0.00043431
9.1177e-05
3.5187e-18
1.2602e-32
1.1828e-24
4.0044e-12
0.00059227
3.2546e-46
2.3283e-39
8.5101e-33
0.00083742
3.2546e-46
3.2546e-46
9.8851e-32
9.5536e-11
5.2542e-39
1.7067e-24
0.0011119
3.2546e-46
0.00068511
2.1414e-25
3.2546e-46
3.2207e-39
4.64e-25
2.6827e-18
5.5676e-39
3.2546e-46
3.7279e-39
2.8128e-18
0.00061185
3.2546e-46
3.2546e-46
1.7835e-32
7.3267e-39
5.4149e-39
1.0849e-18
2.4458e-11
1.2596e-31
4.549e-25
1.0273e-10
0.00019991
3.2546e-46
4.4059e-18
8.1609e-11
5.5232e-39
3.2546e-46
3.2546e-46
3.2546e-46
6.294e-11
4.1559e-32
2.7735e-11
9.3344e-17
4.1726e-25
8.9476e-26
3.5179e-11
3.2546e-46
1.2679e-31
7.1156e-11
0.00032368
3.2546e-46
5.8959e-31
1.4555e-11
1.8685e-25
3.2546e-46
3.2546e-46
1.1669e-11
4.7197e-39
1.183e-31
3.7296e-25
3.5787e-18
6.179e-10
3.2546e-46
1.7695e-31
4.1523e-11
3.2546e-46
3.7441e-18
0.0011667
3.2546e-46
3.2546e-46
3.8394e-11
5.1658e-32
0.0023826
7.03e-11
3.2546e-46
6.727e-39
5.0277e-39
1.8242e-18
7.9329e-05
0.0012125
3.2546e-46
4.3512e-39
3.2546e-46
4.0024e-18
2.8291e-18
3.2546e-46
2.0939e-31
0.0011
1.1946e-25
0.00020793
1.594e-25
4.1403e-18
3.2546e-46
3.2546e-46
7.1613e-18
3.2546e-46
3.2546e-46
5.0707e-39
6.8701e-32
3.2546e-46
1.4201e-31
8.7719e-12
0.0019881
1.4815e-38
2.3145e-39
1.6514e-18
1.6689e-18
3.2546e-46
1.5979e-25
2.3482e-39
8.2877e-18
1.5852e-24
7.8597e-31
2.1389e-18
3.2546e-46
1.626e-11
0.00012446
3.8338e-18
8.9734e-18
0.00013589
0.0018894
1.2868e-38
3.2546e-46
1.4175e-11
3.2546e-46
3.2546e-46
8.6695e-26
0.00071915
3.8744e-18
5.4879e-18
2.5508e-10
1.3943e-18
0.00086012
4.4769e-10
3.2546e-46
3.2546e-46
4.2995e-10
0.00045083
3.2546e-46
3.2546e-46
5.3742e-32
6.549e-25
1.1707e-32
4.5608e-25
3.2546e-46
0.0053523
3.2546e-46
0.00047648
3.2546e-46
2.0451e-11
3.2546e-46
0.00046491
3.2546e-46
2.7993e-39
3.2546e-46
1.5448e-32
2.3811e-25
5.4408e-18
3.2546e-46
1.7459e-24
0.0029214
3.2546e-46
1.5943e-32
3.2546e-46
1.2578e-38
2.4682e-39
8.0377e-25
4.5155e-26
3.2546e-46
2.2712e-18
3.2546e-46
2.0218e-25
5.1088e-17
8.3389e-39
1.4144e-24
5.8746e-39
2.3255e-11
2.804e-32
8.5264e-25
1.0822e-10
3.2546e-46
1.0071e-17
1.7734e-17
3.0296e-10
3.2546e-46
3.1764e-05
0.00016421
3.2546e-46
3.144e-39
1.2721e-25
2.7082e-25
0.0036193
5.419e-25
3.2546e-46
4.9666e-39
3.2546e-46
3.2546e-46
5.6292e-39
1.6296e-17
3.8742e-11
0.0001591
3.0805e-39
3.2546e-46
3.2546e-46
8.6097e-25
1.3725e-18
3.2546e-46
3.2546e-46
4.091e-18
1.4051e-19
3.2546e-46
3.47e-39
5.2351e-39
8.2452e-18
3.2546e-46
1.5903e-18
3.2546e-46
2.9647e-32
3.7556e-39
3.2546e-46
3.2546e-46
1.216e-10
2.4794e-38
1.6619e-18
3.2546e-46
1.0566e-10
0.00067801
2.5043e-18
1.7162e-18
1.2569e-11
3.2521e-25
4.5108e-25
6.8253e-18
3.1342e-11
0.0031139
3.2546e-46
3.2546e-46
1.0373e-17
2.2359e-11
4.1545e-05
3.2546e-46
3.2546e-46
2.2023e-11
1.9058e-10
0.016645
2.9011e-32
2.4176e-25
3.1634e-39
1.4991e-17
3.4727e-25
3.6782e-18
3.6408e-39
4.4317e-18
1.4637e-38
7.6469e-19
1.0285e-31
4.6414e-32
8.8955e-26
3.2546e-46
3.8121e-32
3.5218e-39
1.3685e-17
1.4672e-11
2.7292e-11
2.1121e-11
3.3797e-32
8.54e-18
3.2546e-46
0.00026708
3.4035e-39
3.2546e-46
3.2546e-46
3.2546e-46
2.0169e-18
2.2553e-11
3.2546e-46
1.3299e-11
0.00049002
3.2546e-46
2.6142e-18
0.00014915
3.2546e-46
5.0807e-18
6.8697e-18
3.8585e-39
2.5335e-39
0.00041799
3.2546e-46
5.0363e-18
2.0333e-39
2.1916e-32
3.2546e-46
7.9494e-31
3.2546e-46
1.0162e-31
1.2659e-11
2.5986e-39
7.6708e-05
2.7993e-11
3.6545e-25
0.0020586
3.2546e-46
5.5748e-39
9.304e-26
3.5747e-24
3.2546e-46
2.9658e-31
9.3588e-11
3.2546e-46
1.9512e-24
2.2225e-24
4.1428e-11
3.2546e-46
3.2546e-46
4.4648e-39
3.4553e-24
3.2546e-46
6.6093e-26
1.7856e-32
1.3552e-18
3.8942e-25
5.0753e-12
1.2712e-32
3.2546e-46
3.2546e-46
2.2636e-39
1.379e-09
3.9199e-11
0.00015838
3.2546e-46
2.1788e-39
4.1525e-25
1.1614e-25
1.0508e-18
8.6075e-32
1.0584e-32
4.7089e-25
2.5883e-18
0.00028964
1.1281e-18
2.1908e-18
0.00036183
1.5757e-18
4.6953e-10
1.1879e-25
3.2546e-46
1.7071e-24
2.7974e-25
0.00028211
3.2546e-46
1.1991e-38
1.1406e-32
7.3384e-25
3.2546e-46
3.0588e-39
2.4587e-32
3.2546e-46
1.1858e-17
8.2655e-39
8.2166e-39
6.5649e-33
1.1591e-32
3.5987e-25
1.9461e-25
3.2546e-46
9.0472e-39
2.6702e-18
1.1021e-25
7.6953e-25
3.2546e-46
3.203e-39
2.0263e-18
1.4075e-24
1.1158e-10
9.4834e-39
1.9182e-32
7.8855e-32
0.00046124
2.1113e-25
3.2546e-46
2.3295e-25
3.2546e-46
3.2546e-46
3.4327e-39
4.808e-18
1.548e-11
3.9608e-10
7.9829e-25
0.00080311
7.3729e-39
3.2546e-46
2.9209e-26
0.00054212
4.2478e-39
1.3566e-25
6.4e-19
6.6093e-18
1.3627e-10
5.1953e-17
8.0898e-25
3.2546e-46
3.2546e-46
3.4694e-17
3.2546e-46
1.2468e-10
1.2012e-17
1.5054e-24
0.00010208
3.2546e-46
2.354e-39
3.2546e-46
2.0053e-18
3.8292e-39
2.1497e-17
6.8008e-32
8.0269e-11
1.1979e-25
9.1265e-39
3.2546e-46
7.8058e-39
3.882e-39
1.8622e-32
3.2546e-46
2.5447e-32
0.00018901
3.1313e-32
3.906e-25
1.1516e-32
3.2546e-46
1.7424e-11
3.2546e-46
3.2546e-46
3.2546e-46
3.2e-39
8.0393e-05
0.00013519
3.2546e-46
4.7356e-24
3.9553e-25
7.4725e-11
0.0051292
1.5145e-32
3.8592e-11
0.00025419
3.2546e-46
2.3298e-18
5.0114e-39
3.8155e-25
3.2546e-46
3.2546e-46
3.2546e-46
6.9553e-39
4.2474e-32
1.1101e-24
3.2546e-46
3.7312e-32
1.8195e-10
3.2546e-46
0.00078141
6.4154e-25
0.0012464
1.7587e-32
0.00015575
3.2546e-46
1.1451e-32
1.2703e-11
1.593e-24
1.3819e-18
4.6368e-11
2.9048e-32
4.712e-11
3.2546e-46
3.2546e-46
6.3411e-39
3.2546e-46
8.0735e-33
3.9451e-32
2.3143e-25
1.9694e-17
0.00047356
3.4046e-39
0.0013373
3.2546e-46
9.0029e-39
3.2546e-46
7.4557e-11
3.2546e-46
2.6749e-32
4.086e-25
3.7858e-11
2.1389e-25
0.00040806
4.5481e-26
3.2546e-46
4.8828e-32
4.2498e-26
1.8402e-10
4.219e-39
3.8737e-11
0.004171
3.2546e-46
3.2546e-46
3.383e-18
3.2546e-46
4.0696e-12
3.2546e-46
3.2546e-46
3.2546e-46
1.7445e-39
2.2879e-10
0.0016871
0.00012458
3.2546e-46
3.2546e-46
8.4757e-17
1.622e-24
0.00026472
3.4527e-19
5.0033e-11
4.119e-39
1.8119e-32
8.3593e-11
3.2546e-46
2.4719e-11
1.1928e-18
5.4874e-10
2.124e-11
0.00026351
3.2546e-46
2.9265e-39
1.5874e-24
2.2623e-11
1.1856e-32
2.1063e-32
1.5607e-18
5.5268e-32
5.3312e-32
3.4584e-17
3.2546e-46
3.2546e-46
3.2546e-46
7.7207e-11
4.8819e-18
0.00015241
0.00065971
3.2546e-46
3.2546e-46
1.9034e-25
1.4212e-25
6.7184e-17
1.4895e-11
2.0821e-32
2.7246e-18
3.2546e-46
3.2546e-46
4.7714e-39
1.602e-32
3.2546e-46
1.3408e-18
4.3844e-10
4.1844e-39
0.031288
3.2546e-46
3.0368e-25
3.2546e-46
2.6107e-39
0.0011513
1.1733e-25
0.00052673
3.2546e-46
2.775e-39
5.7655e-39
3.2546e-46
7.3991e-11
3.2546e-46
3.2546e-46
2.7964e-32
2.7763e-18
3.2546e-46
4.5467e-39
3.356e-32
6.6468e-39
0.0013928
0.0018179
5.3588e-25
3.2546e-46
4.113e-32
4.7528e-39
4.4872e-32
7.5676e-18
1.2563e-18
2.8292e-11
4.7591e-39
5.0825e-39
0.00030415
3.2546e-46
3.2546e-46
1.1439e-11
8.7217e-05
0.00012721
3.2546e-46
3.5831e-32
1.6805e-25
3.2546e-46
3.5847e-39
1.3364e-18
1.2954e-18
0.00011608
2.6158e-38
3.2546e-46
3.9348e-39
3.2546e-46
8.6777e-25
3.2546e-46
3.2772e-31
1.7089e-11
6.9766e-11
4.9167e-32
1.195e-18
9.8041e-12
6.5028e-39
9.4703e-26
3.2546e-46
3.2546e-46
3.2546e-46
1.7245e-25
0.00017064
9.9716e-39
3.2546e-46
2.222e-25
5.5508e-10
3.2546e-46
8.0336e-39
2.7704e-18
1.3501e-39
0.00084773
2.6568e-25
3.2546e-46
5.5101e-18
3.9451e-11
3.2546e-46
3.2546e-46
1.4537e-11
0.00087673
3.2546e-46
6.29e-39
4.2243e-32
2.3011e-39
1.3085e-32
0.00086519
3.2546e-46
0.0001148
8.5803e-39
9.5585e-05
2.1676e-17
5.9e-18
0.00048682
4.448e-39
3.4051e-25
1.8056e-10
0.00017737
3.2546e-46
3.2546e-46
4.1012e-39
6.9575e-39
1.7186e-17
3.2546e-46
5.7152e-18
2.3531e-25
3.2546e-46
4.4407e-25
5.5599e-25
1.3938e-25
0.00049486
0.00017755
2.458e-39
2.4052e-11
0.00054409
3.2546e-46
3.2546e-46
4.6332e-32
5.2175e-11
1.5094e-18
3.2546e-46
1.3307e-31
6.751e-05
3.2546e-46
3.2546e-46
5.8447e-17
3.9123e-18
3.2546e-46
4.8316e-39
4.64e-18
5.7057e-39
1.5676e-17
6.3543e-11
0.00026363
1.1758e-32
0.0025132
0.00027409
2.7666e-25
8.8969e-11
3.151e-32
3.2546e-46
2.4651e-32
1.0885e-25
0.0030352
4.2404e-11
2.6062e-32
3.2546e-46
5.9281e-39
1.6778e-25
2.0169e-18
7.3914e-39
1.2214e-17
1.1757e-11
3.2546e-46
1.9408e-32
4.7872e-11
0.001226
0.0017724
4.2402e-18
4.5108e-11
0.00075356
3.2546e-46
3.2546e-46
4.6183e-10
0.0034701
3.2546e-46
3.2546e-46
0.0013412
3.2546e-46
2.0196e-39
2.1059e-32
1.5066e-10
7.1921e-17
3.4159e-39
4.2304e-39
1.2004e-10
8.6367e-05
2.0292e-39
1.1025e-24
5.0472e-25
3.2546e-46
3.2546e-46
3.2546e-46
6.0554e-26
2.5604e-25
0.00038278
2.1603e-18
3.2546e-46
3.2546e-46
6.0902e-39
3.2546e-46
8.8584e-18
0.00022068
0.00016232
1.7808e-25
3.2546e-46
2.2909e-25
2.2781e-11
5.6097e-25
3.2546e-46
3.3543e-39
1.2122e-10
3.2546e-46
2.6766e-32
3.2546e-46
3.2546e-46
5.1568e-25
3.2546e-46
2.1094e-11
3.2546e-46
1.897e-24
5.4172e-39
9.4245e-25
8.79e-11
3.1458e-25
2.9951e-11
6.2401e-39
1.9568e-32
1.4075e-32
1.9823e-25
1.1424e-25
1.5142e-32
3.0732e-11
4.8814e-32
1.9251e-31
3.2546e-46
3.2546e-46
4.2339e-18
0.00040408
7.6152e-33
9.9177e-25
0.001655
2.1574e-18
2.5928e-25
3.2546e-46
3.696e-18
1.3838e-18
3.2546e-46
0.00039177
3.2546e-46
0.00022304
3.2546e-46
2.7473e-10
3.4994e-25
7.6201e-18
1.3801e-24
2.0675e-18
5.7265e-32
3.2546e-46
3.2546e-46
3.2546e-46
1.1811e-24
3.2546e-46
3.2546e-46
7.9716e-25
1.9343e-18
3.2546e-46
2.648e-39
3.2546e-46
2.5379e-32
3.8756e-25
2.5193e-18
3.2546e-46
3.0871e-39
1.0982e-24
3.5008e-39
7.9494e-25
6.3411e-11
1.6496e-31
2.0591e-17
2.0619e-11
4.0834e-11
2.3779e-18
4.7632e-17
0.00012287
1.2813e-11
7.723e-12
0.00084202
3.028e-18
0.0004691
8.9603e-18
9.2976e-05
0.00067628
3.457e-39
2.2333e-32
5.3289e-25
1.9768e-39
3.2546e-46
3.2546e-46
3.2546e-46
4.4177e-11
2.7799e-11
3.2546e-46
1.7508e-11
1.1812e-25
9.9635e-33
2.8139e-32
5.0603e-18
3.2546e-46
2.3161e-39
0.00034847
2.2419e-17
3.2546e-46
4.2142e-11
0.00049838
2.7621e-25
2.3411e-39
0.00047766
3.2546e-46
2.2858e-39
7.0015e-11
0.0021807
3.5332e-25
3.2546e-46
3.2546e-46
1.4669e-32
5.3855e-18
3.2546e-46
2.9228e-39
3.1985e-25
2.1594e-25
3.2546e-46
2.6441e-11
3.2546e-46
7.7479e-25
3.2546e-46
2.1339e-18
3.3499e-25
1.7539e-18
0.00021141
3.2546e-46
2.789e-39
3.2546e-46
3.2546e-46
7.1949e-11
1.2134e-38
3.2572e-25
3.2546e-46
1.7739e-25
0.00043163
2.7533e-25
3.9305e-11
3.21e-39
1.4581e-32
0.0029278
0.00081353
0.00033946
1.1674e-10
1.9244e-24
3.2546e-46
3.2546e-46
5.8248e-26
5.7415e-25
3.2546e-46
3.2546e-46
3.2883e-25
0.00023963
1.6964e-31
1.756e-32
2.5699e-25
2.1308e-25
2.7131e-18
3.2546e-46
1.8822e-18
1.4217e-18
3.1343e-39
3.2546e-46
3.2546e-46
3.2546e-46
2.6477e-25
6.0938e-11
6.0286e-11
1.1595e-17
8.6691e-18
3.2546e-46
3.2578e-32
6.5576e-11
3.2546e-46
1.7389e-25
1.9591e-31
3.2546e-46
2.073e-24
1.0117e-17
7.0531e-11
4.2684e-25
3.2546e-46
6.2456e-19
3.2546e-46
1.2329e-25
3.0923e-11
0.00067266
1.6029e-32
3.2546e-46
2.03e-05
2.5206e-26
3.2546e-46
0.00046864
3.2546e-46
2.8233e-25
0.00063414
3.7267e-18
0.00037842
4.322e-39
5.106e-05
3.2546e-46
4.1988e-39
8.29e-18
1.947e-18
1.9561e-10
3.2546e-46
0.00057436
2.6543e-39
6.8072e-12
0.0021707
2.5233e-32
3.2546e-46
7.275e-32
3.2546e-46
7.117e-32
3.6534e-24
9.2746e-39
3.1483e-18
3.5448e-18
2.3326e-18
1.7969e-25
3.4686e-32
8.8942e-26
4.3975e-10
9.4585e-26
2.9768e-25
1.4829e-25
3.2546e-46
2.1582e-39
2.4979e-32
3.6225e-18
0.00024809
1.5319e-17
3.2546e-46
0.0041257
0.00013935
1.7551e-18
3.2546e-46
5.1867e-24
3.2546e-46
1.8021e-32
1.5411e-10
0.0015187
2.339e-39
4.6133e-18
0.0010067
2.5693e-39
3.2546e-46
4.0305e-32
0.0003515
5.9392e-05
2.3328e-17
1.2027e-11
1.5873e-25
3.2546e-46
1.2502e-17
3.4902e-18
3.2546e-46
1.6497e-32
1.9047e-18
8.1686e-05
3.4293e-39
3.2546e-46
3.2546e-46
3.2546e-46
1.8333e-25
2.4447e-11
0.00022294
0.0017857
3.2546e-46
1.235e-32
1.8556e-11
0.00021198
2.5588e-17
3.6082e-39
0.00093379
4.3647e-10
1.5169e-11
3.2546e-46
0.00010507
0.00053982
1.5786e-32
5.1264e-39
0.0001318
3.2546e-46
7.6242e-32
2.9895e-39
5.6201e-32
1.5573e-24
4.1899e-05
3.2546e-46
3.2546e-46
3.2599e-25
1.6993e-25
3.2546e-46
0.0014815
2.2552e-25
3.4129e-25
1.4416e-32
3.2546e-46
3.2546e-46
0.00059437
3.2546e-46
8.9553e-32
0.00016123
3.2546e-46
5.987e-11
3.2546e-46
3.5012e-18
3.2546e-46
1.3156e-18
3.2546e-46
2.3285e-24
1.4676e-32
3.7877e-18
3.9515e-11
7.8833e-32
2.8937e-25
7.7614e-26
1.8872e-10
2.2293e-32
2.8871e-25
1.9301e-18
2.0211e-25
8.4853e-05
2.5202e-32
0.00073661
2.28e-17
3.2546e-46
3.2546e-46
3.8057e-32
2.0032e-39
7.5893e-10
3.9246e-39
5.3737e-25
1.0038e-25
1.3363e-25
6.7207e-18
0.0016951
3.817e-25
0.00083825
1.6304e-32
1.5251e-11
8.9576e-11
3.2546e-46
4.5345e-32
0.00089696
3.2546e-46
3.1989e-25
0.00026098
1.6577e-32
0.00033584
2.0759e-18
3.2546e-46
1.7653e-25
3.2546e-46
1.0447e-11
3.2546e-46
2.599e-18
2.2574e-11
0.00062684
3.2546e-46
1.1006e-32
1.568e-25
6.154e-05
1.339e-11
3.6498e-11
9.3616e-19
2.0138e-38
1.0866e-32
1.4082e-32
4.3079e-10
4.2608e-32
9.9404e-25
9.2243e-11
3.2546e-46
1.1637e-10
3.2546e-46
3.2546e-46
2.635e-32
0.00012814
2.0862e-18
3.2546e-46
3.6844e-10
0.00066656
0.0008032
9.3607e-39
3.09e-39
3.2546e-46
3.8285e-39
4.3e-11
3.2546e-46
3.2546e-46
1.0334e-17
2.5994e-11
2.2823e-39
4.6337e-11
3.2546e-46
3.2546e-46
1.1485e-31
1.5634e-38
3.8333e-39
1.4946e-38
1.1134e-11
3.2546e-46
1.8453e-31
6.1246e-26
5.6717e-18
3.2546e-46
3.2546e-46
6.5952e-19
2.1217e-18
0.0030712
2.9759e-39
6.5318e-32
7.6595e-25
1.4724e-17
1.6081e-16
9.2366e-32
3.2546e-46
3.2546e-46
3.0286e-32
0.0010356
1.0294e-17
0.0033343
3.2546e-46
3.2546e-46
0.00065059
5.3588e-39
4.0074e-32
5.554e-39
1.6439e-32
5.1233e-26
1.9488e-18
2.0899e-39
3.3699e-32
5.6618e-25
6.9426e-18
3.2546e-46
1.9814e-18
3.2438e-25
5.1686e-11
8.4997e-39
1.9391e-11
1.5977e-11
0.00040774
1.5688e-39
0.0012789
1.6835e-11
6.2012e-39
4.6622e-32
1.424e-11
4.8497e-39
6.2777e-39
1.0073e-10
3.3952e-39
9.9445e-33
3.7719e-25
1.4113e-18
0.00072617
2.8935e-39
2.9638e-10
3.2546e-46
3.0873e-11
8.2039e-18
2.018e-31
3.2546e-46
7.3982e-33
1.2286e-18
4.0488e-18
6.2705e-18
7.2592e-39
3.2546e-46
3.2546e-46
8.5685e-26
8.4639e-12
5.6944e-11
0.0006614
2.9399e-11
0.0040523
3.2546e-46
3.2546e-46
3.2546e-46
0.00031122
3.2546e-46
0.00012373
1.907e-32
2.3331e-17
4.3342e-05
3.2546e-46
5.155e-18
8.0549e-39
0.00057175
3.2546e-46
2.2066e-31
4.0795e-32
1.5439e-17
0.00011368
3.2546e-46
3.2546e-46
1.3261e-25
4.5662e-39
2.8741e-39
3.2546e-46
5.3715e-32
0.00020816
2.5611e-32
4.0492e-39
8.862e-26
8.6174e-18
3.2546e-46
9.3996e-39
5.9154e-39
1.2943e-25
3.2546e-46
5.9729e-25
3.2546e-46
3.2546e-46
3.7454e-39
0.0010619
0.00014509
5.1541e-24
3.1212e-39
0.0012722
3.6266e-11
2.6484e-25
3.2546e-46
3.2546e-46
9.9508e-39
3.2546e-46
3.2546e-46
3.2546e-46
3.2546e-46
4.8139e-32
1.8625e-31
1.9109e-17
3.2546e-46
0.00053923
9.3561e-33
5.3072e-32
1.1259e-25
0.00039354
3.2546e-46
3.2546e-46
8.3534e-32
5.347e-11
3.7455e-11
4.5716e-11
4.0905e-18
1.1355e-11
3.2546e-46
3.2546e-46
1.2377e-10
0.00098376
1.972e-32
7.0001e-32
3.2546e-46
1.4565e-39
5.5531e-11
3.4629e-11
3.2546e-46
3.2546e-46
3.2546e-46
3.2546e-46
1.6447e-39
7.1038e-19
5.5308e-05
3.2546e-46
4.7587e-19
0.00033356
0.0010293
5.2958e-11
3.2546e-46
1.3297e-10
5.6754e-39
3.2546e-46
2.9878e-39
1.3174e-18
3.3375e-32
3.2546e-46
3.2546e-46
3.2546e-46
6.1704e-32
3.8801e-19
4.4235e-39
6.525e-39
0.0010794
3.2268e-32
2.7666e-25
0.00010633
2.4038e-10
3.2546e-46
3.1721e-11
3.2546e-46
2.832e-32
3.2007e-24
2.343e-32
1.0665e-24
3.2546e-46
3.2546e-46
3.2546e-46
0.00026735
3.2546e-46
3.2546e-46
3.8211e-11
0.00037739
4.0783e-18
0.00014848
1.6811e-10
0.00047233
7.7153e-26
4.0511e-32
3.2546e-46
3.2546e-46
9.8199e-18
7.2053e-18
0.00056137
2.248e-18
3.3308e-39
4.9847e-11
6.3203e-39
0.00051359
2.2196e-17
3.4597e-11
4.191e-18
3.5703e-32
0.0017249
1.5426e-18
0.00055486
5.9802e-39
3.2546e-46
0.00097407
0.001813
5.9027e-25
3.0276e-11
3.5584e-33
2.4085e-32
3.6476e-39
1.7155e-24
5.6808e-11
1.3342e-32
3.2546e-46
3.2546e-46
3.2405e-25
3.2546e-46
8.5472e-18
6.3674e-11
3.2546e-46
4.5013e-18
1.2535e-24
1.0399e-17
7.1541e-12
0.0027517
0.0023126
0.0026138
3.2546e-46
6.467e-18
2.9605e-18
0.0013829
3.2546e-46
9.4694e-39
6.0015e-32
3.2546e-46
8.9965e-39
2.193e-39
9.4218e-32
0.00014541
0.00024424
3.2546e-46
1.5585e-32
0.00024295
2.086e-18
9.2352e-11
4.958e-25
3.3946e-25
5.9566e-12
1.84e-10
2.2606e-18
1.2296e-11
1.665e-10
2.4075e-32
7.4535e-11
0.009472
4.9027e-32
1.482e-10
3.1749e-18
0.00056496
3.2546e-46
1.8313e-39
4.171e-05
3.2546e-46
2.3683e-39
3.2546e-46
0.00028167
3.2546e-46
3.2546e-46
1.6321e-18
1.1895e-32
0.00026705
5.8429e-25
5.5707e-39
3.2546e-46
2.8535e-39
1.4544e-25
3.2546e-46
3.2546e-46
5.1246e-25
3.2546e-46
3.1895e-25
1.4281e-18
2.5525e-11
2.0989e-11
2.7491e-25
3.8582e-11
1.6768e-32
6.8674e-25
9.6745e-25
4.3932e-11
3.1797e-39
4.2125e-11
5.9276e-12
7.4444e-25
3.5412e-39
3.2546e-46
2.4615e-25
1.2471e-17
0.00062767
3.0706e-18
2.1712e-32
3.1445e-32
1.6191e-18
3.2546e-46
3.2546e-46
3.1116e-39
3.2121e-09
3.2546e-46
3.5326e-32
3.4957e-25
6.6106e-18
1.8814e-18
3.2546e-46
0.00050345
3.1808e-39
7.4462e-39
1.7044e-32
6.2537e-11
2.9483e-39
3.2546e-46
7.1097e-25
1.8658e-39
3.8904e-17
2.2309e-32
3.2546e-46
3.2546e-46
1.1472e-25
2.5448e-16
3.6486e-39
1.0021e-18
6.3819e-18
0.00077514
0.0005476
4.331e-26
2.0494e-10
3.2957e-18
0.00021176
0.0007738
9.3444e-39
3.2546e-46
3.2546e-46
0.00039682
3.2546e-46
4.9747e-05
1.6086e-17
3.2546e-46
3.2546e-46
4.0241e-32
2.0066e-18
9.5753e-26
1.9354e-11
0.0003093
3.6884e-32
3.2546e-46
1.0502e-17
4.8705e-18
3.2546e-46
6.3624e-25
1.9311e-17
3.2915e-39
0.00043242
3.2546e-46
2.0291e-25
3.5855e-25
3.2546e-46
2.5299e-11
3.2546e-46
3.2546e-46
4.1381e-25
0.00037049
3.2546e-46
4.9629e-32
3.2546e-46
4.5848e-25
1.1537e-18
0.00026099
3.6278e-39
2.0138e-17
0.0016733
3.2546e-46
3.2546e-46
9.8548e-39
3.4583e-32
3.553e-18
4.9806e-39
0.00036374
4.866e-17
3.2546e-46
3.2546e-46
3.2546e-46
3.2546e-46
1.3501e-25
0.00069534
3.2546e-46
3.2546e-46
5.424e-25
0.00042283
0.00010154
3.2546e-46
3.7197e-12
3.2546e-46
9.6537e-39
8.5468e-33
3.2546e-46
8.5885e-12
0.00030055
3.2546e-46
2.235e-39
9.4055e-19
4.0324e-25
3.2546e-46
3.2546e-46
3.2546e-46
1.2894e-17
0.00060902
3.2546e-46
6.2066e-39
1.0219e-32
2.7049e-39
6.0409e-12
5.304e-11
7.6881e-39
1.7872e-05
1.6574e-17
3.5618e-18
3.2546e-46
0.00077264
3.2546e-46
3.8634e-32
1.0397e-10
5.6473e-39
3.2546e-46
1.8318e-39
4.4669e-25
1.0607e-24
2.6634e-19
3.2546e-46
3.2546e-46
6.3946e-32
1.4242e-18
2.4682e-25
3.2546e-46
3.2546e-46
0.00049753
3.2546e-46
7.4802e-25
2.0825e-39
7.1392e-11
2.3897e-25
1.1734e-24
2.6927e-18
0.0014235
3.2546e-46
2.838e-39
0.00022575
1.2882e-18
3.2546e-46
3.2546e-46
3.7203e-11
0.000401
0.00039181
2.978e-32
3.6632e-32
6.3882e-25
1.0752e-24
3.194e-18
3.2546e-46
3.2546e-46
3.2546e-46
3.2546e-46
1.4333e-32
3.2546e-46
0.00013157
3.2546e-46
3.2546e-46
3.2546e-46
2.3496e-31
1.2756e-38
3.2546e-46
1.6569e-11
2.7352e-18
3.2546e-46
4.0568e-39
1.1342e-25
2.7553e-39
3.2546e-46
1.7187e-32
9.4336e-39
5.712e-17
1.6395e-25
1.1439e-25
0.00061621
1.8935e-10
0.0001131
0.00043763
3.2546e-46
5.8805e-25
7.5862e-18
7.7048e-19
1.8424e-32
0.00025334
3.2546e-46
5.1396e-39
3.3372e-25
3.2546e-46
3.5926e-11
0.00030509
8.4474e-05
1.5144e-18
2.2927e-25
0.00083716
0.00011644
5.9729e-39
5.2732e-25
0.059637
5.4888e-25
0.00032613
3.2546e-46
4.2543e-25
5.5236e-18
4.0555e-18
1.3073e-10
3.2546e-46
3.2546e-46
3.2546e-46
3.6486e-18
3.2546e-46
3.2546e-46
2.4084e-39
3.2546e-46
0.00055451
2.5069e-18
2.5618e-18
0.00034627
1.1524e-10
3.2546e-46
3.351e-11
5.2338e-32
4.4781e-18
3.398e-18
3.0265e-25
1.8744e-17
3.2546e-46
6.3783e-32
1.3218e-25
2.2624e-39
8.4254e-18
6.823e-39
0.0014605
3.2546e-46
0.0027793
3.2546e-46
5.0458e-11
1.5868e-39
3.2546e-46
3.2546e-46
2.7346e-31
3.2546e-46
5.5064e-19
4.3573e-39
2.7902e-18
2.6962e-39
3.2546e-46
3.2546e-46
1.7962e-25
1.5429e-11
0.00097171
3.2546e-46
4.8705e-39
1.0011e-18
2.6958e-18
2.661e-39
3.2546e-46
6.7388e-11
2.1957e-18
3.604e-39
0.00040812
5.0562e-39
3.1651e-32
0.00021243
7.2673e-25
3.2546e-46
7.6845e-25
6.9539e-18
1.3094e-25
0.00039545
3.5735e-18
3.2546e-46
2.2186e-39
0.0017968
2.7792e-32
4.6165e-18
0.00033835
2.6092e-17
5.2981e-39
3.2546e-46
3.1619e-39
1.9801e-39
3.438e-32
3.2546e-46
1.6807e-38
2.4067e-38
2.9625e-10
3.2546e-46
0.00015402
2.8366e-25
0.0012385
1.1871e-18
5.2655e-39
3.1897e-10
3.2546e-46
5.6554e-11
1.9854e-32
3.2546e-46
3.1841e-26
2.2029e-32
0.0011234
4.1269e-11
3.6949e-25
1.2225e-38
4.9507e-32
8.3896e-25
7.1405e-18
3.2546e-46
3.2546e-46
5.4272e-18
3.2546e-46
0.001276
3.2546e-46
0.00033417
3.2546e-46
9.7868e-12
8.4576e-33
2.6954e-25
0.00090958
3.993e-32
1.3473e-10
8.382e-05
1.654e-39
3.2546e-46
7.8398e-11
3.2546e-46
0.00014736
3.2546e-46
3.2546e-46
2.5817e-25
0.00027736
3.2546e-46
0.00050759
3.2546e-46
2.126e-18
3.2546e-46
3.6307e-10
0.0010467
5.8782e-05
3.2546e-46
1.7236e-11
5.4729e-39
2.6741e-25
0.0022341
5.5975e-25
1.0766e-18
2.4191e-32
2.3103e-32
1.2353e-24
0.0018639
5.7524e-32
1.399e-25
1.9677e-17
1.5086e-25
5.5003e-05
3.5661e-39
9.3847e-25
4.4265e-39
1.9691e-32
9.3063e-25
3.1706e-25
8.0694e-12
3.0456e-25
3.126e-39
1.392e-05
3.2546e-46
9.5024e-25
3.2546e-46
2.1126e-32
1.763e-32
1.6059e-18
3.1494e-25
3.2546e-46
8.8733e-39
3.7111e-39
2.1889e-18
8.4105e-11
0.00041128
3.2546e-46
1.5475e-25
0.00075621
1.1603e-25
0.0011545
4.9267e-39
2.7546e-11
3.2546e-46
1.7986e-32
1.7301e-32
0.00083729
3.2546e-46
7.5943e-25
2.6427e-18
1.2436e-11
1.8764e-38
3.1912e-25
5.6396e-39
9.5744e-11
1.055e-32
2.4045e-10
0.0038355
1.4603e-32
3.0116e-32
0.00029809
3.2546e-46
0.00040592
1.9167e-24
3.2546e-46
6.1496e-25
9.983e-39
9.1107e-19
1.0434e-24
4.9711e-10
3.2546e-46
1.9362e-32
4.8819e-18
0.0015494
1.7234e-17
3.2546e-46
4.2756e-25
1.5236e-31
3.2831e-32
5.9679e-39
3.2546e-46
3.1194e-39
2.4047e-39
2.0624e-31
2.0495e-18
1.2406e-39
3.2546e-46
2.3508e-17
3.2546e-46
9.9617e-11
0.00082562
3.2546e-46
9.8299e-11
4.587e-25
0.00034265
1.4965e-38
3.1923e-39
2.5475e-25
7.5486e-18
4.5743e-18
3.4069e-18
3.2546e-46
3.2546e-46
3.2546e-46
5.6387e-32
1.481e-32
3.2546e-46
3.2546e-46
2.6754e-32
1.9132e-25
3.2546e-46
4.9874e-25
9.4059e-11
3.2546e-46
0.00031452
3.2546e-46
6.2189e-11
3.2546e-46
2.0642e-32
2.7341e-09
3.2546e-46
3.2546e-46
3.2546e-46
0.00050543
0.0018597
3.2546e-46
1.0169e-10
3.2546e-46
0.00034104
3.2546e-46
0.00062553
2.8503e-18
4.809e-39
5.1672e-32
1.7517e-31
1.0406e-25
3.2546e-46
3.2546e-46
9.482e-18
5.6305e-25
3.2546e-46
3.2546e-46
0.00087927
1.3525e-38
3.2546e-46
3.2546e-46
0.00065446
3.2546e-46
4.3784e-18
3.2546e-46
5.8996e-11
1.1213e-32
0.00061301
3.2546e-46
1.074e-18
3.2546e-46
3.2546e-46
3.2546e-46
4.0899e-18
3.2546e-46
3.2546e-46
3.2546e-46
5.4969e-11
8.3317e-32
1.4106e-25
7.3769e-12
3.4626e-39
0.00036844
6.0368e-32
2.825e-31
4.5408e-11
3.2546e-46
5.2895e-25
3.4925e-25
3.3606e-18
9.3172e-19
3.2546e-46
2.0525e-10
2.7013e-32
6.1337e-39
3.2546e-46
2.2337e-17
2.3372e-32
1.9224e-32
3.2546e-46
4.8918e-39
5.4032e-25
1.6818e-11
3.2546e-46
8.5699e-18
0.00030556
1.8972e-25
3.5341e-11
1.0546e-18
0.00016424
1.2172e-17
0.53586
2.7625e-24
2.511e-32
3.2546e-46
4.799e-18
1.1569e-12
4.4824e-39
1.6924e-18
3.2546e-46
1.404e-38
1.2381e-17
0.00024429
8.9091e-39
3.2546e-46
3.2546e-46
5.7229e-25
3.2546e-46
3.0409e-32
0.0042353
1.4956e-25
3.1262e-11
3.9276e-11
0.0028051
4.263e-25
