-5.8698e+19
-5.9301e+19
-6.667e+19
-6.8321e+19
-6.9342e+19
-6.9669e+19
-6.9735e+19
-7.0256e+19
-7.195e+19
-7.2335e+19
-7.2748e+19
-7.3068e+19
-7.4176e+19
-7.4544e+19
-7.4687e+19
-7.5145e+19
-7.5948e+19
-7.6048e+19
-7.9039e+19
-7.9173e+19
-8.0118e+19
-8.0185e+19
-8.093e+19
-8.0933e+19
-8.1159e+19
-8.1484e+19
-8.1543e+19
-8.1794e+19
-8.2049e+19
-8.27e+19
-8.3607e+19
-8.3982e+19
-8.4162e+19
-8.4255e+19
-8.4676e+19
-8.4725e+19
-8.516e+19
-8.5343e+19
-8.5382e+19
-8.5383e+19
-8.5421e+19
-8.5453e+19
-8.5526e+19
-8.575e+19
-8.5819e+19
-8.6077e+19
-8.6425e+19
-8.6748e+19
-8.6818e+19
-8.6841e+19
-8.7038e+19
-8.7348e+19
-8.7469e+19
-8.801e+19
-8.8152e+19
-8.8615e+19
-8.9266e+19
-8.9521e+19
-8.9524e+19
-8.9651e+19
-9.0675e+19
-9.0858e+19
-9.0889e+19
-9.1072e+19
-9.1509e+19
-9.2045e+19
-9.2214e+19
-9.225e+19
-9.2307e+19
-9.2372e+19
-9.2461e+19
-9.2543e+19
-9.3057e+19
-9.3095e+19
-9.3144e+19
-9.3219e+19
-9.3859e+19
-9.4179e+19
-9.4242e+19
-9.4881e+19
-9.4934e+19
-9.4997e+19
-9.5108e+19
-9.512e+19
-9.5384e+19
-9.5441e+19
-9.5574e+19
-9.5872e+19
-9.5923e+19
-9.6126e+19
-9.7189e+19
-9.7278e+19
-9.7359e+19
-9.741e+19
-9.7722e+19
-9.7919e+19
-9.8493e+19
-9.8502e+19
-9.8792e+19
-9.891e+19
-9.9022e+19
-9.9118e+19
-9.9209e+19
-9.9291e+19
-9.9822e+19
-9.9905e+19
-9.9925e+19
-1.0014e+20
-1.007e+20
-1.008e+20
-1.0081e+20
-1.0108e+20
-1.0153e+20
-1.0158e+20
-1.016e+20
-1.0164e+20
-1.0178e+20
-1.0194e+20
-1.0206e+20
-1.0222e+20
-1.0233e+20
-1.0238e+20
-1.0248e+20
-1.0251e+20
-1.0284e+20
-1.0285e+20
-1.0285e+20
-1.0297e+20
-1.0297e+20
-1.0305e+20
-1.0327e+20
-1.0339e+20
-1.0377e+20
-1.0381e+20
-1.0388e+20
-1.0389e+20
-1.0394e+20
-1.0397e+20
-1.0402e+20
-1.0412e+20
-1.0431e+20
-1.0436e+20
-1.0458e+20
-1.0499e+20
-1.0528e+20
-1.0547e+20
-1.0555e+20
-1.0581e+20
-1.0615e+20
-1.0621e+20
-1.0644e+20
-1.0673e+20
-1.0694e+20
-1.0712e+20
-1.072e+20
-1.0733e+20
-1.0776e+20
-1.0778e+20
-1.0783e+20
-1.08e+20
-1.0806e+20
-1.0808e+20
-1.0811e+20
-1.0821e+20
-1.0833e+20
-1.0836e+20
-1.0846e+20
-1.0906e+20
-1.0918e+20
-1.0925e+20
-1.0933e+20
-1.0952e+20
-1.0965e+20
-1.0995e+20
-1.1006e+20
-1.1006e+20
-1.1012e+20
-1.1069e+20
-1.109e+20
-1.1105e+20
-1.1153e+20
-1.1156e+20
-1.1173e+20
-1.1184e+20
-1.1187e+20
-1.1187e+20
-1.1205e+20
-1.1214e+20
-1.1219e+20
-1.1233e+20
-1.1234e+20
-1.1237e+20
-1.1255e+20
-1.1284e+20
-1.1286e+20
-1.1288e+20
-1.1301e+20
-1.1318e+20
-1.1351e+20
-1.1385e+20
-1.1386e+20
-1.1392e+20
-1.141e+20
-1.141e+20
-1.1411e+20
-1.1425e+20
-1.1432e+20
-1.1475e+20
-1.1483e+20
-1.1488e+20
-1.1494e+20
-1.1499e+20
-1.1527e+20
-1.1527e+20
-1.1535e+20
-1.154e+20
-1.1545e+20
-1.1549e+20
-1.1578e+20
-1.161e+20
-1.1618e+20
-1.1628e+20
-1.1632e+20
-1.1637e+20
-1.1669e+20
-1.167e+20
-1.1676e+20
-1.1698e+20
-1.1724e+20
-1.1737e+20
-1.1741e+20
-1.1761e+20
-1.1777e+20
-1.1793e+20
-1.1802e+20
-1.1809e+20
-1.1829e+20
-1.1881e+20
-1.1898e+20
-1.1916e+20
-1.1919e+20
-1.1935e+20
-1.1956e+20
-1.1981e+20
-1.1987e+20
-1.2006e+20
-1.2008e+20
-1.201e+20
-1.2016e+20
-1.2019e+20
-1.2049e+20
-1.2079e+20
-1.2085e+20
-1.2098e+20
-1.2105e+20
-1.2106e+20
-1.2138e+20
-1.2141e+20
-1.2142e+20
-1.2151e+20
-1.2152e+20
-1.2156e+20
-1.2197e+20
-1.2201e+20
-1.2219e+20
-1.2251e+20
-1.2259e+20
-1.2265e+20
-1.2267e+20
-1.2289e+20
-1.2292e+20
-1.2303e+20
-1.232e+20
-1.2342e+20
-1.2385e+20
-1.24e+20
-1.2417e+20
-1.2425e+20
-1.2446e+20
-1.2467e+20
-1.2489e+20
-1.2507e+20
-1.2513e+20
-1.2513e+20
-1.2513e+20
-1.2525e+20
-1.2525e+20
-1.2533e+20
-1.2535e+20
-1.2539e+20
-1.256e+20
-1.2561e+20
-1.2587e+20
-1.2599e+20
-1.2606e+20
-1.2637e+20
-1.2656e+20
-1.2675e+20
-1.2693e+20
-1.2713e+20
-1.2713e+20
-1.2726e+20
-1.2729e+20
-1.2746e+20
-1.2747e+20
-1.2748e+20
-1.2749e+20
-1.2783e+20
-1.2784e+20
-1.2796e+20
-1.2809e+20
-1.2811e+20
-1.2813e+20
-1.2819e+20
-1.2839e+20
-1.284e+20
-1.2848e+20
-1.2865e+20
-1.2899e+20
-1.2907e+20
-1.2918e+20
-1.293e+20
-1.2936e+20
-1.2942e+20
-1.2973e+20
-1.298e+20
-1.2998e+20
-1.3005e+20
-1.3027e+20
-1.3034e+20
-1.3052e+20
-1.3074e+20
-1.3099e+20
-1.3103e+20
-1.3104e+20
-1.3124e+20
-1.3127e+20
-1.3138e+20
-1.3157e+20
-1.3171e+20
-1.3176e+20
-1.3188e+20
-1.3222e+20
-1.3232e+20
-1.327e+20
-1.3304e+20
-1.331e+20
-1.3316e+20
-1.3325e+20
-1.3327e+20
-1.3367e+20
-1.3368e+20
-1.3371e+20
-1.3378e+20
-1.338e+20
-1.3404e+20
-1.3424e+20
-1.3424e+20
-1.3441e+20
-1.3457e+20
-1.3465e+20
-1.3475e+20
-1.3504e+20
-1.3536e+20
-1.3576e+20
-1.3581e+20
-1.359e+20
-1.3612e+20
-1.3633e+20
-1.3646e+20
-1.3657e+20
-1.3681e+20
-1.3687e+20
-1.3696e+20
-1.372e+20
-1.3727e+20
-1.3774e+20
-1.3787e+20
-1.379e+20
-1.3795e+20
-1.381e+20
-1.382e+20
-1.3835e+20
-1.384e+20
-1.3852e+20
-1.3863e+20
-1.3868e+20
-1.3871e+20
-1.3873e+20
-1.3878e+20
-1.3886e+20
-1.3889e+20
-1.3945e+20
-1.3946e+20
-1.3961e+20
-1.3962e+20
-1.3975e+20
-1.3983e+20
-1.3988e+20
-1.4003e+20
-1.4003e+20
-1.4011e+20
-1.4017e+20
-1.4034e+20
-1.4059e+20
-1.4064e+20
-1.4078e+20
-1.4087e+20
-1.4129e+20
-1.4142e+20
-1.415e+20
-1.4174e+20
-1.4178e+20
-1.4179e+20
-1.4186e+20
-1.42e+20
-1.423e+20
-1.4287e+20
-1.4321e+20
-1.4335e+20
-1.4342e+20
-1.4367e+20
-1.4367e+20
-1.437e+20
-1.4376e+20
-1.4397e+20
-1.4407e+20
-1.4427e+20
-1.4445e+20
-1.4466e+20
-1.4476e+20
-1.4488e+20
-1.45e+20
-1.451e+20
-1.4516e+20
-1.4517e+20
-1.4542e+20
-1.4544e+20
-1.4547e+20
-1.4549e+20
-1.4555e+20
-1.458e+20
-1.458e+20
-1.4598e+20
-1.4606e+20
-1.4612e+20
-1.4621e+20
-1.4624e+20
-1.4652e+20
-1.4653e+20
-1.4662e+20
-1.4666e+20
-1.4671e+20
-1.4672e+20
-1.4686e+20
-1.469e+20
-1.4692e+20
-1.4699e+20
-1.47e+20
-1.4706e+20
-1.4755e+20
-1.4767e+20
-1.4777e+20
-1.4834e+20
-1.4837e+20
-1.4841e+20
-1.4844e+20
-1.4851e+20
-1.4868e+20
-1.4878e+20
-1.4882e+20
-1.4924e+20
-1.4928e+20
-1.4957e+20
-1.4967e+20
-1.4983e+20
-1.4992e+20
-1.5004e+20
-1.5006e+20
-1.501e+20
-1.5025e+20
-1.5034e+20
-1.5061e+20
-1.5078e+20
-1.5086e+20
-1.5158e+20
-1.5174e+20
-1.5182e+20
-1.5183e+20
-1.5188e+20
-1.5192e+20
-1.5203e+20
-1.5204e+20
-1.5204e+20
-1.5223e+20
-1.5226e+20
-1.5229e+20
-1.5231e+20
-1.5234e+20
-1.5243e+20
-1.5248e+20
-1.5267e+20
-1.529e+20
-1.5296e+20
-1.5316e+20
-1.5322e+20
-1.5328e+20
-1.5374e+20
-1.5375e+20
-1.5379e+20
-1.5409e+20
-1.5419e+20
-1.5465e+20
-1.5467e+20
-1.5469e+20
-1.547e+20
-1.5486e+20
-1.551e+20
-1.552e+20
-1.5524e+20
-1.5534e+20
-1.5535e+20
-1.5552e+20
-1.5578e+20
-1.5616e+20
-1.5623e+20
-1.5626e+20
-1.5631e+20
-1.5632e+20
-1.5639e+20
-1.5681e+20
-1.5691e+20
-1.5706e+20
-1.5714e+20
-1.5719e+20
-1.5739e+20
-1.5743e+20
-1.5761e+20
-1.5772e+20
-1.5786e+20
-1.5795e+20
-1.5799e+20
-1.5801e+20
-1.581e+20
-1.5831e+20
-1.5833e+20
-1.5845e+20
-1.5876e+20
-1.5915e+20
-1.5945e+20
-1.5953e+20
-1.5966e+20
-1.5966e+20
-1.597e+20
-1.5999e+20
-1.6006e+20
-1.6014e+20
-1.6032e+20
-1.6032e+20
-1.6042e+20
-1.6043e+20
-1.6076e+20
-1.6079e+20
-1.608e+20
-1.6098e+20
-1.6099e+20
-1.6124e+20
-1.6129e+20
-1.6147e+20
-1.6154e+20
-1.6156e+20
-1.6193e+20
-1.6223e+20
-1.6242e+20
-1.6251e+20
-1.6255e+20
-1.6262e+20
-1.6271e+20
-1.6288e+20
-1.6299e+20
-1.6305e+20
-1.6314e+20
-1.6317e+20
-1.6317e+20
-1.6326e+20
-1.6331e+20
-1.6339e+20
-1.6358e+20
-1.6374e+20
-1.6399e+20
-1.6406e+20
-1.6424e+20
-1.6429e+20
-1.6444e+20
-1.6445e+20
-1.645e+20
-1.6451e+20
-1.646e+20
-1.6487e+20
-1.6516e+20
-1.6529e+20
-1.6553e+20
-1.6569e+20
-1.6592e+20
-1.6612e+20
-1.6654e+20
-1.673e+20
-1.6763e+20
-1.6765e+20
-1.6769e+20
-1.6781e+20
-1.6782e+20
-1.6807e+20
-1.6821e+20
-1.6822e+20
-1.6878e+20
-1.6886e+20
-1.6908e+20
-1.6927e+20
-1.6936e+20
-1.6946e+20
-1.6952e+20
-1.6962e+20
-1.6983e+20
-1.7016e+20
-1.7059e+20
-1.7069e+20
-1.7096e+20
-1.7112e+20
-1.7112e+20
-1.7123e+20
-1.7126e+20
-1.7136e+20
-1.7146e+20
-1.7151e+20
-1.7156e+20
-1.717e+20
-1.718e+20
-1.7183e+20
-1.7202e+20
-1.7233e+20
-1.7258e+20
-1.7296e+20
-1.7297e+20
-1.7388e+20
-1.7417e+20
-1.7437e+20
-1.7448e+20
-1.7452e+20
-1.7452e+20
-1.746e+20
-1.7479e+20
-1.7519e+20
-1.7522e+20
-1.7525e+20
-1.7549e+20
-1.7553e+20
-1.7554e+20
-1.7559e+20
-1.7566e+20
-1.7598e+20
-1.76e+20
-1.76e+20
-1.7626e+20
-1.7629e+20
-1.7642e+20
-1.7667e+20
-1.7697e+20
-1.7702e+20
-1.7768e+20
-1.7772e+20
-1.7774e+20
-1.7788e+20
-1.7805e+20
-1.783e+20
-1.7838e+20
-1.7841e+20
-1.7898e+20
-1.7915e+20
-1.7932e+20
-1.7944e+20
-1.7947e+20
-1.7956e+20
-1.797e+20
-1.7977e+20
-1.7985e+20
-1.7985e+20
-1.7986e+20
-1.7998e+20
-1.8021e+20
-1.8034e+20
-1.8054e+20
-1.8077e+20
-1.8111e+20
-1.8126e+20
-1.8176e+20
-1.8218e+20
-1.8244e+20
-1.8257e+20
-1.8258e+20
-1.8282e+20
-1.8306e+20
-1.8311e+20
-1.8314e+20
-1.832e+20
-1.8331e+20
-1.8358e+20
-1.8359e+20
-1.8365e+20
-1.8397e+20
-1.841e+20
-1.8444e+20
-1.8474e+20
-1.8479e+20
-1.8487e+20
-1.8502e+20
-1.8505e+20
-1.8505e+20
-1.8506e+20
-1.8512e+20
-1.8517e+20
-1.856e+20
-1.8562e+20
-1.8585e+20
-1.8593e+20
-1.8636e+20
-1.8662e+20
-1.8683e+20
-1.8736e+20
-1.8763e+20
-1.8782e+20
-1.8787e+20
-1.8797e+20
-1.8806e+20
-1.8817e+20
-1.8817e+20
-1.8831e+20
-1.888e+20
-1.8884e+20
-1.89e+20
-1.8903e+20
-1.8908e+20
-1.8914e+20
-1.8932e+20
-1.8936e+20
-1.8944e+20
-1.8946e+20
-1.8958e+20
-1.8965e+20
-1.8975e+20
-1.8978e+20
-1.8984e+20
-1.8991e+20
-1.9027e+20
-1.9032e+20
-1.9036e+20
-1.9059e+20
-1.9062e+20
-1.9094e+20
-1.9127e+20
-1.9167e+20
-1.9168e+20
-1.9177e+20
-1.9185e+20
-1.9205e+20
-1.9233e+20
-1.9261e+20
-1.9262e+20
-1.9265e+20
-1.9287e+20
-1.9287e+20
-1.9292e+20
-1.9316e+20
-1.9324e+20
-1.9333e+20
-1.9334e+20
-1.9358e+20
-1.9363e+20
-1.9366e+20
-1.9366e+20
-1.9387e+20
-1.9402e+20
-1.9433e+20
-1.9434e+20
-1.9435e+20
-1.9453e+20
-1.9454e+20
-1.9519e+20
-1.9554e+20
-1.9568e+20
-1.9589e+20
-1.9603e+20
-1.9627e+20
-1.9672e+20
-1.9673e+20
-1.9675e+20
-1.9774e+20
-1.9783e+20
-1.9784e+20
-1.9784e+20
-1.9789e+20
-1.979e+20
-1.9838e+20
-1.9847e+20
-1.9867e+20
-1.9867e+20
-1.9874e+20
-1.9904e+20
-1.9916e+20
-1.9932e+20
-1.9939e+20
-1.9961e+20
-1.9996e+20
-2.0065e+20
-2.0076e+20
-2.0097e+20
-2.0119e+20
-2.0146e+20
-2.0161e+20
-2.0183e+20
-2.0196e+20
-2.0289e+20
-2.0297e+20
-2.0328e+20
-2.0337e+20
-2.0343e+20
-2.0367e+20
-2.0368e+20
-2.0397e+20
-2.0429e+20
-2.0432e+20
-2.0441e+20
-2.0446e+20
-2.0465e+20
-2.0471e+20
-2.0474e+20
-2.0499e+20
-2.052e+20
-2.0599e+20
-2.0609e+20
-2.0633e+20
-2.0661e+20
-2.0691e+20
-2.0701e+20
-2.0721e+20
-2.073e+20
-2.0737e+20
-2.0744e+20
-2.0793e+20
-2.0814e+20
-2.083e+20
-2.0864e+20
-2.0896e+20
-2.0901e+20
-2.092e+20
-2.0962e+20
-2.0965e+20
-2.1028e+20
-2.1077e+20
-2.1094e+20
-2.1117e+20
-2.1187e+20
-2.1239e+20
-2.1249e+20
-2.1304e+20
-2.1332e+20
-2.1345e+20
-2.1364e+20
-2.1374e+20
-2.1424e+20
-2.144e+20
-2.1476e+20
-2.149e+20
-2.1497e+20
-2.152e+20
-2.1542e+20
-2.1549e+20
-2.1569e+20
-2.1585e+20
-2.1616e+20
-2.1675e+20
-2.1686e+20
-2.1714e+20
-2.1761e+20
-2.1763e+20
-2.177e+20
-2.1805e+20
-2.1834e+20
-2.1866e+20
-2.1941e+20
-2.196e+20
-2.1994e+20
-2.1996e+20
-2.2e+20
-2.2012e+20
-2.2035e+20
-2.206e+20
-2.2066e+20
-2.2096e+20
-2.2122e+20
-2.2124e+20
-2.2156e+20
-2.2159e+20
-2.2163e+20
-2.2167e+20
-2.2209e+20
-2.2232e+20
-2.2235e+20
-2.2243e+20
-2.2259e+20
-2.2324e+20
-2.2436e+20
-2.2468e+20
-2.2489e+20
-2.2493e+20
-2.2494e+20
-2.2502e+20
-2.2535e+20
-2.2567e+20
-2.2581e+20
-2.2603e+20
-2.2606e+20
-2.261e+20
-2.2612e+20
-2.2614e+20
-2.2627e+20
-2.2646e+20
-2.2672e+20
-2.2674e+20
-2.2688e+20
-2.2712e+20
-2.2758e+20
-2.2784e+20
-2.282e+20
-2.2823e+20
-2.2838e+20
-2.2887e+20
-2.2891e+20
-2.2926e+20
-2.2946e+20
-2.2982e+20
-2.2986e+20
-2.2993e+20
-2.307e+20
-2.3094e+20
-2.312e+20
-2.3121e+20
-2.3152e+20
-2.3161e+20
-2.3181e+20
-2.3189e+20
-2.3192e+20
-2.3256e+20
-2.328e+20
-2.3293e+20
-2.3305e+20
-2.3346e+20
-2.3355e+20
-2.3358e+20
-2.336e+20
-2.3362e+20
-2.3388e+20
-2.3432e+20
-2.3518e+20
-2.354e+20
-2.3541e+20
-2.3542e+20
-2.3543e+20
-2.3545e+20
-2.3552e+20
-2.3564e+20
-2.3654e+20
-2.3753e+20
-2.377e+20
-2.3798e+20
-2.3815e+20
-2.3847e+20
-2.3859e+20
-2.3899e+20
-2.3903e+20
-2.3907e+20
-2.3988e+20
-2.3989e+20
-2.3996e+20
-2.4019e+20
-2.4058e+20
-2.4084e+20
-2.4143e+20
-2.4148e+20
-2.415e+20
-2.4171e+20
-2.4172e+20
-2.4181e+20
-2.4194e+20
-2.4263e+20
-2.4296e+20
-2.4324e+20
-2.4334e+20
-2.4368e+20
-2.4376e+20
-2.4395e+20
-2.4411e+20
-2.4417e+20
-2.4446e+20
-2.4452e+20
-2.456e+20
-2.4562e+20
-2.4613e+20
-2.4626e+20
-2.4628e+20
-2.4637e+20
-2.4736e+20
-2.4783e+20
-2.4838e+20
-2.4848e+20
-2.4853e+20
-2.4867e+20
-2.4899e+20
-2.4901e+20
-2.4901e+20
-2.4905e+20
-2.4914e+20
-2.4923e+20
-2.4928e+20
-2.499e+20
-2.4993e+20
-2.5e+20
-2.5033e+20
-2.5035e+20
-2.5064e+20
-2.5087e+20
-2.5101e+20
-2.5147e+20
-2.5162e+20
-2.5172e+20
-2.5221e+20
-2.5239e+20
-2.5246e+20
-2.5274e+20
-2.5306e+20
-2.5367e+20
-2.539e+20
-2.544e+20
-2.5474e+20
-2.5484e+20
-2.5506e+20
-2.5523e+20
-2.555e+20
-2.5562e+20
-2.5568e+20
-2.56e+20
-2.5609e+20
-2.5639e+20
-2.5652e+20
-2.5674e+20
-2.5674e+20
-2.5697e+20
-2.5703e+20
-2.5738e+20
-2.574e+20
-2.5741e+20
-2.5744e+20
-2.5777e+20
-2.5791e+20
-2.5799e+20
-2.5855e+20
-2.5899e+20
-2.5905e+20
-2.5971e+20
-2.5989e+20
-2.5998e+20
-2.601e+20
-2.6041e+20
-2.6042e+20
-2.6057e+20
-2.6087e+20
-2.611e+20
-2.6193e+20
-2.6204e+20
-2.6266e+20
-2.6341e+20
-2.6357e+20
-2.6361e+20
-2.6389e+20
-2.6408e+20
-2.6423e+20
-2.6428e+20
-2.6449e+20
-2.647e+20
-2.6514e+20
-2.6543e+20
-2.6578e+20
-2.6627e+20
-2.6697e+20
-2.6853e+20
-2.6937e+20
-2.695e+20
-2.7021e+20
-2.7029e+20
-2.7039e+20
-2.7055e+20
-2.7084e+20
-2.7091e+20
-2.7096e+20
-2.7131e+20
-2.7134e+20
-2.7161e+20
-2.718e+20
-2.7182e+20
-2.7213e+20
-2.7213e+20
-2.726e+20
-2.7281e+20
-2.7282e+20
-2.731e+20
-2.7357e+20
-2.7361e+20
-2.7417e+20
-2.7417e+20
-2.744e+20
-2.7488e+20
-2.7528e+20
-2.7572e+20
-2.7593e+20
-2.7669e+20
-2.7675e+20
-2.7677e+20
-2.7683e+20
-2.7743e+20
-2.7808e+20
-2.7837e+20
-2.7845e+20
-2.7854e+20
-2.7901e+20
-2.7944e+20
-2.7969e+20
-2.7977e+20
-2.8005e+20
-2.8038e+20
-2.8048e+20
-2.8055e+20
-2.8094e+20
-2.814e+20
-2.8161e+20
-2.8174e+20
-2.8178e+20
-2.8232e+20
-2.8235e+20
-2.8312e+20
-2.8328e+20
-2.8332e+20
-2.834e+20
-2.8352e+20
-2.8379e+20
-2.8393e+20
-2.8393e+20
-2.8409e+20
-2.8417e+20
-2.8428e+20
-2.8442e+20
-2.8511e+20
-2.8528e+20
-2.8554e+20
-2.8608e+20
-2.8614e+20
-2.8629e+20
-2.8654e+20
-2.8654e+20
-2.8691e+20
-2.8706e+20
-2.8716e+20
-2.8729e+20
-2.876e+20
-2.8769e+20
-2.878e+20
-2.8796e+20
-2.8812e+20
-2.8869e+20
-2.8871e+20
-2.8875e+20
-2.8908e+20
-2.8976e+20
-2.9011e+20
-2.9019e+20
-2.9029e+20
-2.9116e+20
-2.9121e+20
-2.9147e+20
-2.9167e+20
-2.9175e+20
-2.9216e+20
-2.9287e+20
-2.9347e+20
-2.9459e+20
-2.9532e+20
-2.9535e+20
-2.9537e+20
-2.9546e+20
-2.9557e+20
-2.9575e+20
-2.9639e+20
-2.9641e+20
-2.9656e+20
-2.9698e+20
-2.9723e+20
-2.9756e+20
-2.9763e+20
-2.9775e+20
-2.9851e+20
-2.9876e+20
-2.9888e+20
-2.9943e+20
-2.9954e+20
-2.9978e+20
-2.9984e+20
-2.9988e+20
-2.9991e+20
-2.9993e+20
-3.0032e+20
-3.0033e+20
-3.0049e+20
-3.0056e+20
-3.0079e+20
-3.011e+20
-3.0144e+20
-3.0151e+20
-3.0203e+20
-3.0211e+20
-3.0243e+20
-3.0252e+20
-3.0265e+20
-3.0282e+20
-3.0288e+20
-3.0304e+20
-3.0343e+20
-3.0355e+20
-3.0414e+20
-3.0453e+20
-3.0462e+20
-3.0499e+20
-3.0524e+20
-3.0593e+20
-3.0641e+20
-3.0694e+20
-3.0736e+20
-3.0785e+20
-3.0826e+20
-3.0841e+20
-3.0872e+20
-3.0906e+20
-3.0936e+20
-3.0988e+20
-3.1006e+20
-3.1045e+20
-3.1046e+20
-3.1067e+20
-3.1152e+20
-3.1186e+20
-3.1217e+20
-3.1319e+20
-3.1339e+20
-3.1373e+20
-3.1374e+20
-3.1437e+20
-3.1462e+20
-3.1464e+20
-3.1485e+20
-3.1544e+20
-3.1563e+20
-3.1584e+20
-3.1635e+20
-3.1637e+20
-3.1638e+20
-3.1649e+20
-3.1664e+20
-3.169e+20
-3.1692e+20
-3.1719e+20
-3.1764e+20
-3.1808e+20
-3.1841e+20
-3.1909e+20
-3.1927e+20
-3.1932e+20
-3.1967e+20
-3.2022e+20
-3.2072e+20
-3.2119e+20
-3.2121e+20
-3.2163e+20
-3.2194e+20
-3.2237e+20
-3.2289e+20
-3.2338e+20
-3.2393e+20
-3.2398e+20
-3.2421e+20
-3.2424e+20
-3.2427e+20
-3.2431e+20
-3.2438e+20
-3.2447e+20
-3.2475e+20
-3.2476e+20
-3.2479e+20
-3.2485e+20
-3.2515e+20
-3.2518e+20
-3.2529e+20
-3.2538e+20
-3.2541e+20
-3.2567e+20
-3.2591e+20
-3.2594e+20
-3.2622e+20
-3.2725e+20
-3.2742e+20
-3.2774e+20
-3.2816e+20
-3.2853e+20
-3.2878e+20
-3.294e+20
-3.2959e+20
-3.2997e+20
-3.3008e+20
-3.3014e+20
-3.3027e+20
-3.3099e+20
-3.3129e+20
-3.3165e+20
-3.3166e+20
-3.3171e+20
-3.3177e+20
-3.3214e+20
-3.3223e+20
-3.3246e+20
-3.3267e+20
-3.332e+20
-3.3354e+20
-3.3382e+20
-3.3386e+20
-3.3386e+20
-3.3431e+20
-3.3451e+20
-3.3457e+20
-3.3557e+20
-3.3619e+20
-3.3632e+20
-3.367e+20
-3.3681e+20
-3.3697e+20
-3.3718e+20
-3.3733e+20
-3.375e+20
-3.3791e+20
-3.3792e+20
-3.3797e+20
-3.384e+20
-3.3846e+20
-3.3859e+20
-3.3866e+20
-3.3869e+20
-3.3916e+20
-3.3948e+20
-3.3953e+20
-3.3954e+20
-3.3986e+20
-3.3986e+20
-3.4027e+20
-3.4046e+20
-3.4053e+20
-3.4085e+20
-3.4096e+20
-3.4119e+20
-3.4148e+20
-3.4166e+20
-3.4189e+20
-3.4213e+20
-3.4227e+20
-3.4253e+20
-3.4255e+20
-3.4258e+20
-3.4347e+20
-3.439e+20
-3.4412e+20
-3.4419e+20
-3.448e+20
-3.4542e+20
-3.4549e+20
-3.455e+20
-3.4557e+20
-3.4566e+20
-3.4669e+20
-3.4741e+20
-3.4754e+20
-3.4858e+20
-3.4861e+20
-3.4887e+20
-3.4937e+20
-3.4945e+20
-3.4946e+20
-3.4948e+20
-3.4961e+20
-3.5128e+20
-3.5145e+20
-3.5146e+20
-3.5149e+20
-3.519e+20
-3.52e+20
-3.5262e+20
-3.5331e+20
-3.5566e+20
-3.5612e+20
-3.5636e+20
-3.5647e+20
-3.5678e+20
-3.5728e+20
-3.5749e+20
-3.5752e+20
-3.5769e+20
-3.582e+20
-3.5835e+20
-3.5844e+20
-3.5862e+20
-3.5864e+20
-3.6084e+20
-3.6148e+20
-3.6151e+20
-3.6212e+20
-3.63e+20
-3.6319e+20
-3.633e+20
-3.6331e+20
-3.6386e+20
-3.6409e+20
-3.647e+20
-3.6518e+20
-3.6543e+20
-3.6551e+20
-3.6568e+20
-3.6587e+20
-3.6638e+20
-3.6644e+20
-3.6663e+20
-3.6698e+20
-3.6726e+20
-3.6778e+20
-3.6842e+20
-3.701e+20
-3.7022e+20
-3.7059e+20
-3.7114e+20
-3.715e+20
-3.7155e+20
-3.716e+20
-3.7176e+20
-3.7184e+20
-3.7186e+20
-3.726e+20
-3.7265e+20
-3.7434e+20
-3.7489e+20
-3.7497e+20
-3.7502e+20
-3.7507e+20
-3.7532e+20
-3.7555e+20
-3.7586e+20
-3.7639e+20
-3.7703e+20
-3.7732e+20
-3.7732e+20
-3.7744e+20
-3.7777e+20
-3.778e+20
-3.78e+20
-3.7829e+20
-3.7853e+20
-3.7856e+20
-3.7868e+20
-3.7868e+20
-3.7913e+20
-3.7919e+20
-3.7928e+20
-3.7956e+20
-3.7959e+20
-3.7972e+20
-3.8034e+20
-3.8076e+20
-3.8115e+20
-3.8128e+20
-3.82e+20
-3.8214e+20
-3.8223e+20
-3.8223e+20
-3.8343e+20
-3.8374e+20
-3.8388e+20
-3.8432e+20
-3.8486e+20
-3.8499e+20
-3.8583e+20
-3.8586e+20
-3.8605e+20
-3.8605e+20
-3.861e+20
-3.8619e+20
-3.8649e+20
-3.8653e+20
-3.8754e+20
-3.8779e+20
-3.8791e+20
-3.8913e+20
-3.8927e+20
-3.8939e+20
-3.8949e+20
-3.8964e+20
-3.9018e+20
-3.9074e+20
-3.9137e+20
-3.9213e+20
-3.9214e+20
-3.9418e+20
-3.942e+20
-3.9427e+20
-3.9428e+20
-3.9467e+20
-3.9526e+20
-3.9534e+20
-3.9559e+20
-3.9611e+20
-3.9627e+20
-3.9628e+20
-3.9662e+20
-3.9685e+20
-3.9694e+20
-3.9708e+20
-3.9723e+20
-3.9795e+20
-3.9812e+20
-3.9813e+20
-3.987e+20
-3.988e+20
-3.9996e+20
-4.0036e+20
-4.0087e+20
-4.0122e+20
-4.0136e+20
-4.0168e+20
-4.0186e+20
-4.0231e+20
-4.029e+20
-4.0332e+20
-4.0358e+20
-4.0377e+20
-4.0429e+20
-4.0488e+20
-4.0504e+20
-4.0504e+20
-4.0519e+20
-4.0537e+20
-4.0543e+20
-4.0596e+20
-4.0601e+20
-4.0665e+20
-4.067e+20
-4.0686e+20
-4.0688e+20
-4.072e+20
-4.0735e+20
-4.0783e+20
-4.0802e+20
-4.0903e+20
-4.0916e+20
-4.1026e+20
-4.1032e+20
-4.1039e+20
-4.1078e+20
-4.1135e+20
-4.1192e+20
-4.1192e+20
-4.1338e+20
-4.1365e+20
-4.1375e+20
-4.1394e+20
-4.1395e+20
-4.1451e+20
-4.1456e+20
-4.1466e+20
-4.149e+20
-4.1499e+20
-4.1502e+20
-4.151e+20
-4.1636e+20
-4.168e+20
-4.177e+20
-4.1804e+20
-4.1862e+20
-4.1936e+20
-4.1961e+20
-4.1977e+20
-4.2042e+20
-4.209e+20
-4.2174e+20
-4.2207e+20
-4.2291e+20
-4.2335e+20
-4.2504e+20
-4.2572e+20
-4.2621e+20
-4.2624e+20
-4.2671e+20
-4.2687e+20
-4.2714e+20
-4.2719e+20
-4.2729e+20
-4.2739e+20
-4.2773e+20
-4.2783e+20
-4.2787e+20
-4.2813e+20
-4.2849e+20
-4.2907e+20
-4.2953e+20
-4.2978e+20
-4.2995e+20
-4.3006e+20
-4.3238e+20
-4.3301e+20
-4.3315e+20
-4.3346e+20
-4.3356e+20
-4.3362e+20
-4.3372e+20
-4.3388e+20
-4.3409e+20
-4.3442e+20
-4.3442e+20
-4.3477e+20
-4.3481e+20
-4.3484e+20
-4.3486e+20
-4.3517e+20
-4.3532e+20
-4.354e+20
-4.3564e+20
-4.3595e+20
-4.3602e+20
-4.3624e+20
-4.3631e+20
-4.3677e+20
-4.3684e+20
-4.3761e+20
-4.379e+20
-4.3825e+20
-4.3827e+20
-4.3859e+20
-4.387e+20
-4.3872e+20
-4.3876e+20
-4.4005e+20
-4.4021e+20
-4.4025e+20
-4.4062e+20
-4.4137e+20
-4.4272e+20
-4.4339e+20
-4.4426e+20
-4.4473e+20
-4.4603e+20
-4.4678e+20
-4.4681e+20
-4.4685e+20
-4.4718e+20
-4.4738e+20
-4.4794e+20
-4.481e+20
-4.4881e+20
-4.4902e+20
-4.4923e+20
-4.4953e+20
-4.4995e+20
-4.5011e+20
-4.5012e+20
-4.5024e+20
-4.505e+20
-4.5057e+20
-4.507e+20
-4.5111e+20
-4.5146e+20
-4.5148e+20
-4.5174e+20
-4.5179e+20
-4.5244e+20
-4.5315e+20
-4.5322e+20
-4.5346e+20
-4.5418e+20
-4.5426e+20
-4.5439e+20
-4.5523e+20
-4.5536e+20
-4.5584e+20
-4.5631e+20
-4.5746e+20
-4.5812e+20
-4.5846e+20
-4.5861e+20
-4.5875e+20
-4.5946e+20
-4.5998e+20
-4.6012e+20
-4.6075e+20
-4.6128e+20
-4.6131e+20
-4.6168e+20
-4.6188e+20
-4.6199e+20
-4.6239e+20
-4.6414e+20
-4.6421e+20
-4.6444e+20
-4.6473e+20
-4.6476e+20
-4.6482e+20
-4.6485e+20
-4.6595e+20
-4.6662e+20
-4.6725e+20
-4.6732e+20
-4.674e+20
-4.6748e+20
-4.679e+20
-4.6808e+20
-4.6826e+20
-4.6848e+20
-4.6882e+20
-4.6939e+20
-4.6964e+20
-4.7007e+20
-4.7022e+20
-4.7054e+20
-4.7074e+20
-4.7085e+20
-4.7179e+20
-4.7205e+20
-4.727e+20
-4.7418e+20
-4.7438e+20
-4.7448e+20
-4.7465e+20
-4.7469e+20
-4.7499e+20
-4.756e+20
-4.7572e+20
-4.7576e+20
-4.759e+20
-4.7599e+20
-4.7663e+20
-4.7737e+20
-4.7871e+20
-4.7938e+20
-4.8039e+20
-4.805e+20
-4.8101e+20
-4.8156e+20
-4.8168e+20
-4.8262e+20
-4.8266e+20
-4.8268e+20
-4.8268e+20
-4.8318e+20
-4.8323e+20
-4.8328e+20
-4.8404e+20
-4.8439e+20
-4.848e+20
-4.8493e+20
-4.8563e+20
-4.858e+20
-4.8634e+20
-4.8643e+20
-4.8685e+20
-4.8738e+20
-4.875e+20
-4.8766e+20
-4.8779e+20
-4.879e+20
-4.8841e+20
-4.8881e+20
-4.8926e+20
-4.8926e+20
-4.9007e+20
-4.9067e+20
-4.9074e+20
-4.9145e+20
-4.9178e+20
-4.9225e+20
-4.9231e+20
-4.932e+20
-4.9356e+20
-4.9433e+20
-4.9454e+20
-4.9551e+20
-4.9566e+20
-4.9572e+20
-4.9588e+20
-4.9592e+20
-4.9603e+20
-4.9605e+20
-4.9636e+20
-4.965e+20
-4.965e+20
-4.9746e+20
-4.9753e+20
-4.9755e+20
-4.9795e+20
-4.9852e+20
-4.9899e+20
-4.9905e+20
-5.0014e+20
-5.0039e+20
-5.019e+20
-5.0194e+20
-5.0201e+20
-5.0327e+20
-5.0331e+20
-5.0376e+20
-5.0436e+20
-5.0516e+20
-5.0519e+20
-5.0575e+20
-5.075e+20
-5.089e+20
-5.0978e+20
-5.1027e+20
-5.1056e+20
-5.1073e+20
-5.1086e+20
-5.1123e+20
-5.1175e+20
-5.1207e+20
-5.1258e+20
-5.1362e+20
-5.1463e+20
-5.1542e+20
-5.1552e+20
-5.1576e+20
-5.159e+20
-5.1593e+20
-5.1599e+20
-5.1608e+20
-5.1709e+20
-5.1753e+20
-5.178e+20
-5.1801e+20
-5.1833e+20
-5.1867e+20
-5.1873e+20
-5.1941e+20
-5.203e+20
-5.2074e+20
-5.2137e+20
-5.2143e+20
-5.2173e+20
-5.2214e+20
-5.2242e+20
-5.2322e+20
-5.2326e+20
-5.2427e+20
-5.2455e+20
-5.247e+20
-5.2505e+20
-5.2534e+20
-5.2543e+20
-5.256e+20
-5.257e+20
-5.2577e+20
-5.2585e+20
-5.2605e+20
-5.2838e+20
-5.2864e+20
-5.2981e+20
-5.2986e+20
-5.2997e+20
-5.3001e+20
-5.3011e+20
-5.3178e+20
-5.3227e+20
-5.3255e+20
-5.3314e+20
-5.3317e+20
-5.3476e+20
-5.3532e+20
-5.3555e+20
-5.3574e+20
-5.3703e+20
-5.3785e+20
-5.3811e+20
-5.3898e+20
-5.391e+20
-5.4163e+20
-5.4172e+20
-5.4182e+20
-5.422e+20
-5.4236e+20
-5.435e+20
-5.4423e+20
-5.4423e+20
-5.4476e+20
-5.4528e+20
-5.4586e+20
-5.4637e+20
-5.4675e+20
-5.4695e+20
-5.4941e+20
-5.4993e+20
-5.5042e+20
-5.5044e+20
-5.5118e+20
-5.5154e+20
-5.5164e+20
-5.52e+20
-5.5221e+20
-5.5247e+20
-5.5303e+20
-5.5327e+20
-5.5379e+20
-5.5439e+20
-5.545e+20
-5.5452e+20
-5.5505e+20
-5.555e+20
-5.5563e+20
-5.5569e+20
-5.5587e+20
-5.5652e+20
-5.5711e+20
-5.5713e+20
-5.5844e+20
-5.597e+20
-5.6002e+20
-5.6076e+20
-5.6163e+20
-5.6169e+20
-5.6236e+20
-5.6291e+20
-5.6395e+20
-5.6423e+20
-5.6439e+20
-5.6547e+20
-5.6591e+20
-5.6606e+20
-5.6664e+20
-5.6693e+20
-5.6801e+20
-5.6862e+20
-5.6863e+20
-5.6901e+20
-5.6902e+20
-5.6915e+20
-5.6935e+20
-5.6953e+20
-5.7014e+20
-5.7046e+20
-5.7067e+20
-5.7135e+20
-5.7241e+20
-5.7279e+20
-5.7287e+20
-5.7439e+20
-5.7494e+20
-5.7526e+20
-5.7602e+20
-5.7791e+20
-5.7812e+20
-5.7817e+20
-5.7848e+20
-5.7893e+20
-5.7926e+20
-5.8005e+20
-5.8013e+20
-5.8071e+20
-5.8118e+20
-5.8181e+20
-5.8208e+20
-5.8211e+20
-5.8213e+20
-5.8258e+20
-5.827e+20
-5.829e+20
-5.8321e+20
-5.8356e+20
-5.8415e+20
-5.8436e+20
-5.8551e+20
-5.8577e+20
-5.8589e+20
-5.8684e+20
-5.8691e+20
-5.8696e+20
-5.8717e+20
-5.8765e+20
-5.8822e+20
-5.8877e+20
-5.8885e+20
-5.8895e+20
-5.896e+20
-5.8995e+20
-5.9003e+20
-5.903e+20
-5.9035e+20
-5.9043e+20
-5.9122e+20
-5.9155e+20
-5.917e+20
-5.9176e+20
-5.9242e+20
-5.9366e+20
-5.9538e+20
-5.9549e+20
-5.956e+20
-5.97e+20
-5.9821e+20
-5.9868e+20
-5.9916e+20
-5.9935e+20
-5.9953e+20
-6.006e+20
-6.0068e+20
-6.008e+20
-6.0103e+20
-6.0187e+20
-6.0226e+20
-6.0268e+20
-6.0271e+20
-6.0306e+20
-6.0311e+20
-6.0317e+20
-6.0366e+20
-6.0367e+20
-6.0461e+20
-6.0478e+20
-6.0884e+20
-6.0897e+20
-6.1084e+20
-6.1166e+20
-6.1204e+20
-6.1217e+20
-6.1248e+20
-6.1309e+20
-6.1326e+20
-6.1332e+20
-6.1339e+20
-6.1355e+20
-6.1366e+20
-6.144e+20
-6.1466e+20
-6.1486e+20
-6.1487e+20
-6.1519e+20
-6.1566e+20
-6.1604e+20
-6.1675e+20
-6.1714e+20
-6.172e+20
-6.1741e+20
-6.1827e+20
-6.1849e+20
-6.1882e+20
-6.1942e+20
-6.204e+20
-6.2117e+20
-6.2153e+20
-6.2256e+20
-6.2317e+20
-6.2593e+20
-6.2603e+20
-6.2624e+20
-6.268e+20
-6.2684e+20
-6.2697e+20
-6.2741e+20
-6.2767e+20
-6.2818e+20
-6.2821e+20
-6.2823e+20
-6.2824e+20
-6.2828e+20
-6.2834e+20
-6.2992e+20
-6.3019e+20
-6.3026e+20
-6.3036e+20
-6.3101e+20
-6.3129e+20
-6.3132e+20
-6.3154e+20
-6.3179e+20
-6.3223e+20
-6.3242e+20
-6.3246e+20
-6.3255e+20
-6.3345e+20
-6.3396e+20
-6.3412e+20
-6.3442e+20
-6.3452e+20
-6.3458e+20
-6.3515e+20
-6.354e+20
-6.3545e+20
-6.3624e+20
-6.3698e+20
-6.3777e+20
-6.3839e+20
-6.3876e+20
-6.3885e+20
-6.3956e+20
-6.4029e+20
-6.4041e+20
-6.4097e+20
-6.4136e+20
-6.4146e+20
-6.4151e+20
-6.4186e+20
-6.4261e+20
-6.4271e+20
-6.4349e+20
-6.4383e+20
-6.4387e+20
-6.4411e+20
-6.4434e+20
-6.4545e+20
-6.4613e+20
-6.4616e+20
-6.4625e+20
-6.4761e+20
-6.4817e+20
-6.497e+20
-6.4984e+20
-6.515e+20
-6.5164e+20
-6.5186e+20
-6.5484e+20
-6.5497e+20
-6.5502e+20
-6.5676e+20
-6.5685e+20
-6.5695e+20
-6.5735e+20
-6.5741e+20
-6.5752e+20
-6.592e+20
-6.5936e+20
-6.5956e+20
-6.6024e+20
-6.6036e+20
-6.6063e+20
-6.6191e+20
-6.6207e+20
-6.6227e+20
-6.6263e+20
-6.6263e+20
-6.6274e+20
-6.6643e+20
-6.6714e+20
-6.676e+20
-6.6906e+20
-6.7029e+20
-6.709e+20
-6.709e+20
-6.735e+20
-6.7396e+20
-6.7427e+20
-6.7464e+20
-6.7507e+20
-6.76e+20
-6.766e+20
-6.7672e+20
-6.7689e+20
-6.7701e+20
-6.7891e+20
-6.7969e+20
-6.8002e+20
-6.8038e+20
-6.8065e+20
-6.8138e+20
-6.8187e+20
-6.8242e+20
-6.8261e+20
-6.8349e+20
-6.8358e+20
-6.8396e+20
-6.8398e+20
-6.8702e+20
-6.8815e+20
-6.8869e+20
-6.8977e+20
-6.9031e+20
-6.9033e+20
-6.9051e+20
-6.9057e+20
-6.9242e+20
-6.9258e+20
-6.9312e+20
-6.9381e+20
-6.9411e+20
-6.9415e+20
-6.9563e+20
-6.9569e+20
-6.9607e+20
-6.9653e+20
-6.9699e+20
-6.9714e+20
-6.9724e+20
-6.9752e+20
-6.9826e+20
-6.9888e+20
-6.9906e+20
-6.9999e+20
-7.0194e+20
-7.022e+20
-7.0224e+20
-7.0301e+20
-7.0373e+20
-7.0408e+20
-7.0413e+20
-7.0426e+20
-7.053e+20
-7.0595e+20
-7.0598e+20
-7.0625e+20
-7.0713e+20
-7.0729e+20
-7.0782e+20
-7.086e+20
-7.0888e+20
-7.0898e+20
-7.0906e+20
