-2.2094e+22
-9.5526e+21
-1.6481e+22
-2.2733e+22
-3.5475e+21
-1.7209e+22
-8.8392e+21
-1.2772e+20
-1.3388e+22
-1.982e+22
-2.1738e+22
-2.8851e+22
-4.2624e+21
-2.6388e+20
-2.0001e+22
-8.5358e+21
-1.3932e+22
-1.9924e+21
-2.3975e+22
-1.6846e+22
-1.5335e+21
-1.7614e+22
-1.6623e+22
-1.3061e+22
-1.1788e+21
-1.6504e+22
-3.0415e+22
-1.7854e+21
-2.5568e+22
-1.4741e+20
-3.2051e+22
-1.4863e+22
-4.3218e+21
-5.4184e+21
-1.3242e+22
-1.419e+22
-2.4638e+22
-1.9951e+22
-4.0339e+21
-1.2739e+22
-2.1077e+22
-9.1118e+21
-5.9104e+20
-1.2568e+21
-2.6636e+22
-1.8619e+21
-3.393e+20
-2.9762e+20
-1.055e+22
-1.2758e+22
-1.8604e+20
-2.6205e+22
-1.9633e+21
-1.3217e+20
-2.4442e+22
-1.1008e+20
-1.71e+22
-1.7012e+22
-5.333e+21
-1.1721e+21
-1.0441e+21
-1.3354e+21
-1.0735e+21
-1.4791e+22
-1.8634e+21
-1.4494e+22
-2.6597e+21
-1.0563e+21
-1.7317e+21
-1.6303e+22
-6.2276e+21
-1.0677e+22
-1.4039e+22
-1.5101e+22
-4.3979e+20
-3.0014e+22
-1.4795e+21
-3.11e+20
-2.0753e+22
-1.0235e+21
-1.5581e+21
-4.9474e+20
-8.0501e+21
-1.6048e+21
-2.614e+22
-3.038e+22
-7.8005e+20
-9.9905e+21
-1.0198e+22
-2.336e+22
-3.4584e+21
-2.8208e+22
-6.406e+20
-1.8927e+21
-7.9125e+20
-1.3202e+22
-1.9442e+22
-2.62e+20
-8.6846e+21
-1.0677e+22
-2.991e+22
-8.6504e+20
-8.1954e+21
-2.4155e+22
-8.9193e+21
-1.7726e+22
-4.4681e+21
-1.8392e+21
-2.1307e+22
-1.8082e+22
-2.9555e+22
-2.119e+22
-2.3004e+22
-1.6031e+21
-2.6313e+22
-1.5499e+22
-1.5302e+22
-1.7558e+22
-1.942e+20
-2.3989e+22
-3.2346e+22
-1.267e+21
-1.1514e+22
-2.6352e+22
-9.1961e+19
-2.4477e+22
-5.72e+21
-2.3773e+21
-1.6064e+21
-2.1753e+22
-1.8545e+21
-3.343e+21
-2.0553e+22
-2.0431e+21
-1.7778e+20
-3.5326e+21
-3.1841e+20
-1.6413e+21
-7.0687e+20
-8.9923e+20
-1.7937e+22
-2.1227e+22
-1.5406e+22
-6.1064e+21
-3.7102e+21
-3.1576e+20
-1.8958e+21
-1.3161e+22
-2.6278e+22
-1.7784e+20
-1.226e+20
-8.7547e+21
-2.5606e+22
-1.4384e+22
-2.4083e+22
-1.0788e+21
-2.5023e+22
-4.8035e+20
-1.0805e+20
-1.4725e+22
-4.1285e+21
-3.203e+21
-2.3391e+22
-2.5886e+21
-1.5842e+22
-4.7869e+21
-7.9433e+21
-1.6453e+21
-2.2472e+22
-1.4853e+21
-3.311e+20
-3.0331e+22
-2.086e+22
-2.7193e+21
-3.9734e+20
-3.5549e+20
-1.9865e+22
-1.9654e+22
-6.4372e+20
-1.3656e+21
-3.015e+22
-1.1718e+22
-1.9307e+22
-3.0221e+22
-2.1457e+22
-2.8017e+22
-2.2079e+22
-3.6074e+20
-1.6674e+22
-1.7871e+21
-1.5565e+21
-2.3706e+20
-1.6277e+22
-1.3284e+21
-2.7863e+22
-2.9731e+22
-3.1204e+22
-1.6946e+22
-1.4733e+21
-2.4731e+22
-2.3495e+22
-2.0138e+22
-3.4707e+21
-8.3883e+21
-5.4862e+21
-2.7633e+22
-3.0314e+21
-2.055e+22
-3.9277e+21
-8.0847e+20
-7.318e+20
-9.7997e+21
-1.301e+22
-2.499e+22
-2.7895e+22
-2.3332e+22
-4.5733e+21
-9.2593e+21
-2.5048e+20
-4.0026e+21
-2.1974e+22
-3.2942e+21
-8.1111e+20
-8.7476e+20
-1.8823e+21
-9.9161e+21
-2.7075e+22
-1.4689e+21
-1.2715e+22
-7.4945e+20
-2.4354e+20
-2.3203e+20
-7.6506e+21
-7.004e+21
-2.3392e+22
-1.9698e+20
-1.9343e+22
-6.5702e+21
-2.0472e+20
-2.8921e+22
-7.9332e+21
-5.3164e+21
-1.0909e+22
-8.4947e+21
-2.5999e+22
-1.288e+22
-2.4411e+20
-2.102e+22
-1.5575e+21
-1.2624e+21
-6.7801e+20
-1.4759e+21
-3.2201e+21
-1.2366e+22
-1.6069e+22
-2.9243e+22
-1.0802e+22
-1.9426e+22
-1.7808e+21
-1.0221e+22
-2.2494e+22
-2.2394e+21
-1.0367e+21
-8.6185e+21
-1.3503e+22
-1.0344e+22
-2.718e+22
-2.0353e+22
-1.6373e+21
-6.6209e+21
-1.8404e+21
-2.0769e+21
-2.6091e+22
-3.8904e+21
-1.2871e+21
-1.0877e+22
-1.7948e+22
-1.8496e+20
-5.7307e+21
-5.4267e+20
-8.5047e+21
-1.6438e+22
-2.4959e+22
-3.0429e+22
-1.0815e+22
-1.7482e+22
-1.6834e+20
-2.5273e+21
-2.4107e+21
-2.0922e+21
-1.2511e+22
-1.6407e+22
-2.6281e+22
-2.2539e+21
-1.7205e+22
-2.141e+22
-8.998e+21
-2.2103e+22
-1.791e+20
-2.1523e+22
-1.1452e+21
-1.6765e+22
-2.0416e+22
-2.6648e+22
-7.4336e+21
-1.1501e+21
-2.8919e+22
-5.5044e+21
-2.3136e+22
-2.5153e+21
-1.9447e+22
-1.1763e+22
-1.9666e+22
-2.9518e+22
-1.6515e+21
-2.058e+22
-2.0907e+22
-6.2588e+21
-2.2228e+20
-4.0235e+21
-3.0324e+21
-7.7826e+20
-1.9564e+21
-2.08e+22
-2.1678e+22
-1.0642e+22
-4.4794e+21
-6.657e+21
-4.8479e+21
-5.6798e+20
-2.6464e+20
-1.8838e+22
-1.5547e+21
-1.9693e+22
-1.7322e+21
-1.0093e+20
-1.141e+22
-6.622e+21
-1.2362e+21
-1.1746e+22
-2.1846e+20
-1.8551e+21
-2.3607e+22
-1.6996e+21
-8.8856e+21
-2.5748e+22
-1.0465e+22
-2.7839e+22
-1.8393e+20
-4.4578e+21
-1.3968e+20
-1.7218e+21
-1.1588e+22
-1.8372e+22
-6.2406e+20
-1.0986e+22
-1.6469e+22
-2.4674e+22
-8.8568e+21
-1.2413e+22
-1.8234e+22
-1.1114e+22
-1.326e+21
-1.881e+21
-2.3329e+22
-1.5146e+22
-2.6296e+22
-1.0119e+21
-2.2225e+22
-1.6452e+22
-1.4124e+22
-8.9921e+21
-1.699e+21
-2.9196e+21
-1.9691e+22
-1.1092e+21
-2.8877e+22
-2.706e+22
-1.963e+20
-2.4467e+22
-8.2971e+21
-6.6951e+21
-1.1299e+22
-2.3353e+22
-1.5446e+22
-9.3628e+21
-1.5228e+22
-8.0576e+21
-1.9107e+21
-1.9907e+22
-4.0618e+21
-2.7646e+22
-2.7379e+20
-1.0396e+22
-1.3481e+22
-6.0598e+21
-5.697e+20
-7.8188e+21
-1.5955e+21
-1.27e+22
-1.9011e+21
-2.9064e+20
-2.6554e+22
-2.5109e+22
-6.3658e+20
-2.0068e+22
-1.996e+22
-1.6549e+22
-1.8516e+20
-2.0216e+21
-2.457e+22
-2.6586e+22
-2.8325e+21
-2.5368e+20
-7.9061e+21
-3.1588e+22
-1.8461e+22
-8.9802e+21
-1.3782e+20
-9.2091e+21
-2.0224e+20
-3.2855e+21
-6.76e+20
-1.8209e+21
-2.5398e+20
-1.7612e+22
-1.5477e+22
-3.7305e+21
-3.2646e+22
-2.8179e+22
-6.9487e+21
-1.6525e+22
-1.1713e+22
-1.3842e+22
-1.7668e+21
-1.711e+22
-1.9058e+22
-2.581e+22
-2.286e+22
-1.5621e+22
-1.4291e+22
-2.2732e+22
-1.6411e+21
-8.0157e+21
-2.2178e+22
-1.3487e+22
-1.7615e+21
-1.2055e+22
-2.8416e+21
-1.2211e+20
-1.1611e+21
-1.007e+21
-3.5777e+21
-7.5057e+21
-3.1004e+22
-5.353e+20
-2.1095e+21
-8.1419e+20
-2.3374e+22
-7.6386e+21
-2.138e+22
-1.5358e+22
-2.1441e+22
-2.6041e+22
-2.8097e+22
-1.2698e+22
-1.048e+22
-1.6515e+20
-2.4469e+22
-3.0799e+20
-2.7499e+22
-2.5293e+22
-1.8803e+22
-5.428e+20
-1.3604e+22
-1.3057e+21
-1.0043e+21
-1.3521e+22
-2.6519e+22
-1.495e+22
-2.0724e+22
-1.5622e+22
-1.1177e+21
-2.066e+22
-3.2635e+21
-2.5098e+22
-1.5815e+22
-2.8332e+21
-1.9174e+22
-3.1224e+20
-1.8544e+22
-1.1364e+21
-3.1022e+22
-2.0245e+22
-1.5631e+22
-1.6619e+22
-4.0142e+20
-2.5179e+22
-2.6337e+22
-1.6254e+22
-1.0419e+22
-3.0156e+20
-1.9759e+22
-1.3234e+22
-5.7471e+21
-1.5731e+21
-6.3885e+21
-2.1616e+21
-1.6481e+21
-1.9536e+21
-3.3774e+21
-2.8151e+22
-2.0408e+21
-4.7795e+21
-2.65e+22
-8.8661e+21
-1.2177e+22
-6.488e+21
-5.2501e+20
-1.3202e+22
-1.0007e+22
-1.5014e+22
-2.1173e+22
-1.8839e+21
-1.9226e+21
-1.7927e+22
-1.0578e+22
-1.9156e+22
-4.0993e+20
-1.9707e+22
-2.1559e+22
-2.2848e+22
-2.0267e+22
-2.2334e+21
-1.1852e+22
-1.5858e+22
-5.7587e+21
-8.1621e+21
-3.0794e+22
-2.2747e+22
-1.7843e+22
-1.3156e+21
-4.6546e+21
-1.5729e+22
-1.4981e+20
-1.5148e+21
-1.4534e+20
-4.2922e+20
-2.3132e+21
-1.2995e+22
-2.109e+22
-1.2485e+22
-6.2214e+21
-1.5195e+22
-1.4334e+22
-3.9374e+20
-1.8644e+21
-2.2487e+22
-2.3784e+22
-7.7829e+21
-2.2681e+22
-4.1528e+20
-2.5424e+22
-1.6456e+22
-1.777e+21
-6.7091e+21
-6.066e+20
-1.1355e+22
-2.4474e+22
-3.145e+22
-8.3067e+20
-2.1686e+22
-2.7269e+20
-4.5603e+20
-1.2401e+22
-4.0257e+21
-2.062e+21
-1.6978e+22
-8.5781e+21
-2.8529e+22
-2.4958e+22
-8.6795e+21
-1.8392e+22
-1.0933e+22
-2.7885e+22
-2.2472e+22
-2.39e+22
-1.5629e+22
-1.6017e+21
-1.7319e+21
-8.6768e+21
-1.6135e+21
-1.6733e+20
-2.1631e+22
-2.818e+22
-1.2084e+21
-1.6439e+22
-2.5484e+22
-2.3683e+22
-2.0067e+22
-2.1022e+22
-2.3202e+21
-1.3422e+22
-4.2539e+21
-2.6021e+22
-1.155e+22
-1.2875e+20
-1.0682e+22
-2.9039e+22
-1.6056e+20
-9.5504e+21
-3.9414e+20
-1.8914e+22
-2.0943e+21
-2.5331e+22
-8.31e+21
-1.735e+22
-2.1957e+20
-1.0211e+22
-1.7759e+21
-8.633e+20
-2.2939e+21
-2.4597e+20
-2.0481e+22
-9.1393e+21
-1.5734e+20
-1.8486e+22
-2.1859e+22
-2.5425e+22
-1.2391e+22
-7.961e+21
-1.8376e+21
-2.1263e+22
-1.3729e+21
-4.167e+21
-2.6072e+22
-5.3759e+21
-9.153e+21
-1.2192e+22
-3.3994e+20
-7.5047e+20
-1.5258e+22
-7.8246e+21
-1.0938e+22
-1.6382e+22
-1.4868e+22
-2.7796e+22
-2.0525e+22
-1.2665e+22
-2.609e+22
-2.2422e+22
-2.6948e+22
-2.4607e+22
-3.3549e+22
-1.747e+22
-3.3163e+20
-2.3747e+22
-3.698e+21
-1.5594e+22
-1.799e+22
-1.1412e+21
-8.4931e+20
-1.4122e+22
-8.9903e+21
-2.2104e+22
-2.0614e+22
-9.2629e+20
-1.5864e+21
-1.0157e+22
-8.9471e+21
-3.1106e+20
-1.7373e+22
-5.1229e+20
-2.3805e+22
-3.0197e+21
-1.148e+22
-9.8506e+21
-1.5536e+22
-4.365e+21
-8.0013e+20
-1.3821e+21
-5.536e+21
-1.9871e+21
-7.7719e+21
-1.548e+22
-2.3046e+22
-2.8297e+22
-1.3464e+22
-1.2466e+22
-7.8665e+21
-2.7431e+22
-9.9036e+20
-9.8752e+20
-2.4368e+22
-2.3652e+22
-1.43e+21
-9.9804e+21
-4.5984e+21
-2.2139e+22
-1.9242e+22
-2.4172e+22
-1.8779e+22
-7.1908e+21
-1.0652e+22
-1.4074e+20
-1.1034e+20
-1.1591e+22
-2.3368e+22
-4.729e+21
-7.7797e+21
-2.5697e+22
-2.4288e+21
-1.4427e+22
-1.7964e+21
-2.1978e+22
-2.2628e+22
-2.5414e+22
-1.4804e+22
-1.2969e+22
-1.7577e+21
-2.1115e+22
-8.9865e+21
-2.3243e+22
-1.2876e+21
-3.6529e+20
-7.1111e+21
-9.229e+20
-1.7202e+21
-2.4266e+22
-2.04e+21
-8.2233e+20
-7.8386e+21
-5.8493e+21
-4.0319e+21
-8.3905e+21
-2.8019e+22
-2.4826e+22
-1.6117e+22
-2.2103e+22
-3.2491e+21
-1.1801e+22
-6.3575e+21
-1.6724e+22
-1.4369e+22
-2.9894e+21
-1.5187e+22
-1.637e+21
-2.0472e+22
-2.1804e+22
-1.7942e+22
-6.0821e+21
-1.1364e+21
-1.3752e+22
-2.3445e+22
-9.845e+20
-7.2471e+21
-1.0944e+22
-2.0917e+21
-1.0466e+21
-1.8815e+22
-1.7187e+21
-1.4493e+22
-2.229e+22
-2.2025e+22
-1.6852e+22
-1.6264e+22
-1.2478e+22
-1.555e+21
-2.4743e+22
-9.8409e+20
-5.6644e+20
-1.8815e+22
-2.7333e+20
-3.6088e+21
-1.2752e+22
-2.2312e+22
-2.3193e+22
-2.9979e+22
-6.3455e+20
-2.2943e+22
-2.3019e+20
-5.3047e+21
-1.2877e+22
-1.7698e+22
-2.3684e+22
-1.6938e+22
-1.299e+22
-4.2331e+21
-7.5495e+21
-9.5427e+20
-1.7706e+22
-5.1122e+21
-4.6728e+21
-1.4665e+22
-1.7089e+22
-1.1062e+22
-2.9486e+22
-2.1989e+20
-1.8004e+21
-1.6234e+20
-2.7749e+21
-2.1333e+22
-1.3479e+21
-1.8819e+22
-7.7631e+21
-1.5387e+20
-1.8156e+22
-2.3587e+22
-2.0561e+22
-2.778e+22
-1.2221e+22
-2.0609e+20
-7.6791e+20
-2.6567e+22
-2.0359e+22
-4.7767e+21
-4.5023e+21
-1.7172e+22
-2.9634e+22
-1.7748e+21
-9.7055e+21
-1.9536e+22
-2.5461e+22
-5.1057e+20
-9.7787e+21
-2.8692e+22
-1.4071e+22
-2.2462e+22
-4.3703e+21
-1.7439e+22
-3.5609e+20
-1.4013e+21
-2.0489e+21
-3.2175e+21
-1.9623e+22
-5.4213e+21
-7.8953e+21
-2.0057e+22
-4.1721e+20
-2.0289e+22
-4.6861e+20
-1.4299e+20
-1.4878e+22
-2.694e+22
-1.9408e+22
-8.8489e+21
-1.6642e+22
-1.7145e+22
-2.3099e+22
-1.1779e+21
-1.8659e+21
-8.2353e+21
-1.3305e+21
-3.7753e+21
-2.7546e+22
-2.5012e+22
-1.0211e+22
-6.5796e+20
-1.9029e+22
-2.4164e+20
-2.6992e+22
-2.6277e+22
-4.542e+21
-2.4065e+22
-5.7586e+21
-1.9601e+20
-1.48e+22
-2.6491e+22
-6.6955e+21
-1.2234e+21
-2.1402e+22
-1.4896e+22
-2.0549e+22
-1.7268e+22
-2.3447e+22
-2.5739e+22
-1.5696e+22
-1.3897e+22
-4.3033e+21
-5.4741e+21
-3.6636e+21
-1.5786e+22
-2.8439e+22
-3.569e+20
-1.6992e+22
-9.3194e+21
-1.9253e+22
-3.6084e+20
-1.8829e+22
-6.3077e+21
-3.1265e+21
-1.5493e+22
-8.9511e+21
-1.3266e+21
-1.9732e+22
-1.6642e+22
-5.7697e+21
-9.8471e+21
-1.2818e+22
-1.8699e+22
-2.0391e+22
-8.0337e+21
-1.4919e+20
-1.862e+21
-1.035e+22
-2.6973e+22
-1.4027e+22
-1.9166e+22
-1.7682e+20
-3.3369e+21
-2.7404e+20
-1.5414e+20
-1.8924e+22
-1.6024e+22
-3.1283e+20
-4.9445e+21
-4.5046e+21
-1.6402e+22
-1.2866e+22
-5.5825e+21
-2.8799e+21
-1.354e+22
-1.1229e+22
-4.7833e+20
-2.0273e+22
-4.2259e+21
-2.0525e+22
-2.3554e+22
-1.0723e+21
-1.2363e+22
-1.1456e+21
-2.0103e+22
-2.442e+22
-1.8605e+21
-3.2006e+20
-1.8711e+20
-5.721e+21
-9.9936e+20
-2.2851e+20
-2.1336e+20
-1.9188e+22
-2.2799e+22
-1.7977e+21
-5.9897e+20
-4.5444e+20
-1.0205e+22
-1.5289e+21
-1.314e+22
-1.9477e+22
-2.7094e+22
-2.49e+21
-3.1209e+21
-5.6634e+21
-1.3465e+22
-5.5967e+21
-2.4798e+20
-4.6806e+21
-2.1428e+22
-1.7542e+21
-8.2017e+21
-8.7706e+21
-1.4247e+22
-2.5465e+21
-1.077e+20
-9.8108e+21
-2.0686e+22
-2.0946e+22
-1.5783e+22
-2.568e+22
-5.4741e+20
-1.0741e+22
-1.3394e+22
-2.4343e+22
-2.0276e+22
-6.1735e+20
-2.011e+22
-9.4201e+20
-1.5264e+21
-8.1531e+21
-3.1087e+20
-1.1428e+22
-3.0959e+22
-2.232e+22
-5.0579e+20
-2.3109e+22
-1.1316e+20
-4.1465e+21
-2.0332e+20
-2.1758e+22
-1.7705e+22
-8.656e+21
-3.2186e+22
-2.6637e+22
-7.7906e+21
-1.4015e+22
-1.3356e+21
-2.6633e+22
-2.4824e+22
-1.4504e+22
-2.2173e+22
-1.983e+21
-8.7145e+21
-1.972e+21
-6.4146e+20
-1.9334e+22
-2.1816e+22
-5.3678e+20
-3.8786e+21
-1.6278e+20
-2.7698e+21
-1.6746e+20
-7.6548e+21
-1.3078e+22
-5.5241e+20
-3.4467e+20
-7.6149e+20
-1.4285e+22
-9.6625e+21
-1.4258e+22
-4.61e+21
-1.203e+20
-1.2967e+20
-2.0773e+22
-1.8421e+21
-2.579e+22
-2.339e+22
-2.594e+22
-1.4739e+22
-2.4549e+22
-2.9621e+22
-2.5524e+22
-3.8205e+21
-2.5671e+22
-3.4104e+22
-2.5998e+22
-1.0761e+22
-2.3042e+22
-5.3729e+21
-1.5098e+21
-1.4905e+22
-2.9272e+20
-1.5024e+20
-2.0827e+22
-2.0943e+21
-2.6456e+22
-1.4971e+22
-2.2634e+22
-2.0117e+21
-2.4418e+22
-2.4738e+22
-3.7867e+21
-3.0858e+22
-1.9996e+22
-1.32e+21
-3.6246e+21
-9.1213e+20
-2.8213e+20
-1.9655e+21
-9.6062e+20
-6.2648e+20
-8.812e+21
-1.5159e+22
-7.2709e+21
-9.3398e+21
-1.358e+22
-2.0398e+22
-3.0193e+22
-1.8966e+21
-2.43e+22
-3.1154e+22
-6.3077e+21
-2.5452e+22
-1.3526e+22
-1.8787e+21
-1.5364e+22
-1.8224e+22
-1.3701e+22
-3.0476e+20
-3.3163e+20
-3.0312e+21
-1.074e+21
-1.4011e+22
-2.0164e+22
-4.6862e+20
-1.369e+22
-2.9678e+22
-2.034e+20
-3.44e+21
-1.9262e+21
-5.0498e+21
-1.8582e+21
-1.474e+22
-2.7474e+22
-1.7236e+21
-1.6045e+22
-1.9484e+21
-2.6571e+22
-1.3767e+21
-1.5574e+22
-6.5614e+21
-8.6313e+20
-3.7627e+21
-2.2319e+22
-1.1395e+21
-7.7241e+20
-2.0414e+22
-2.4755e+21
-8.7457e+20
-2.1164e+20
-2.0517e+22
-2.8852e+22
-2.4619e+22
-6.9223e+20
-2.232e+22
-2.249e+22
-2.8903e+22
-1.7768e+22
-1.4082e+20
-9.1936e+20
-2.0681e+22
-1.5481e+22
-2.4802e+22
-2.0362e+20
-2.5358e+21
-9.2133e+21
-2.507e+22
-7.1441e+20
-2.0399e+22
-1.3635e+22
-4.2276e+21
-1.0528e+22
-1.7701e+21
-2.4947e+22
-1.7743e+22
-9.8295e+21
-2.1227e+22
-3.2388e+22
-3.8735e+20
-1.6646e+22
-1.7456e+22
-1.0488e+22
-2.5283e+21
-1.1224e+22
-1.489e+22
-2.7747e+22
-8.7435e+21
-6.278e+20
-2.2482e+22
-7.9365e+21
-2.8983e+22
-1.9525e+21
-2.7956e+22
-4.9254e+21
-5.5702e+21
-4.8557e+21
-1.9393e+20
-1.918e+22
-2.9371e+22
-1.6176e+21
-6.9117e+21
-7.0022e+20
-3.9731e+21
-6.5111e+20
-2.5971e+22
-1.7747e+22
-1.6779e+22
-1.2223e+22
-2.3234e+22
-1.1842e+21
-1.3836e+21
-1.6548e+22
-4.7594e+21
-8.0074e+20
-2.6591e+22
-7.333e+20
-9.966e+21
-1.2774e+22
-2.3556e+22
-3.6348e+21
-9.1419e+20
-5.7102e+21
-1.3471e+22
-1.548e+22
-1.8912e+22
-1.537e+22
-2.3694e+22
-2.5395e+22
-1.2261e+22
-3.0389e+22
-2.1926e+22
-1.9435e+21
-1.5108e+22
-1.1874e+20
-3.476e+20
-1.169e+22
-7.3693e+20
-2.5604e+22
-5.1311e+21
-2.2331e+22
-1.567e+22
-1.3694e+21
-1.5789e+20
-7.2839e+21
-2.3876e+22
-5.1908e+21
-2.2907e+21
-3.818e+20
-1.3885e+22
-7.9323e+20
-2.3358e+22
-6.9115e+20
-2.4351e+22
-2.5294e+22
-2.5445e+21
-9.5915e+21
-2.4784e+22
-2.107e+22
-1.0838e+21
-1.2785e+22
-1.8251e+21
-9.8043e+21
-1.7164e+22
-1.9448e+22
-1.7049e+21
-6.4814e+21
-2.2606e+22
-1.9986e+22
-2.0963e+20
-2.1119e+22
-7.2494e+21
-2.162e+22
-2.7193e+22
-1.7113e+22
-8.0958e+21
-9.5361e+21
-1.7996e+21
-1.5399e+22
-2.3057e+22
-2.3084e+22
-5.9808e+20
-1.0965e+20
-6e+21
-1.1179e+22
-1.1271e+22
-1.0818e+22
-2.3751e+21
-6.4295e+20
-1.5812e+22
-2.1227e+22
-1.3234e+20
-1.9072e+21
-2.7852e+20
-1.7222e+22
-2.0923e+21
-2.2248e+22
-2.0533e+21
-1.6132e+21
-7.9444e+21
-1.7163e+21
-1.9331e+22
-1.226e+22
-2.8309e+22
-2.1504e+22
-5.9144e+20
-2.2914e+22
-4.3409e+21
-4.1715e+20
-1.8162e+22
-1.9999e+21
-6.8415e+20
-8.03e+21
-2.0185e+21
-2.4676e+21
-1.6587e+21
-2.0071e+22
-2.4661e+22
-1.0701e+22
-3.5374e+21
-1.8375e+21
-1.4433e+21
-2.5969e+22
-1.7123e+21
-5.4609e+21
-6.521e+20
-9.2179e+19
-2.4442e+22
-9.8278e+21
-1.251e+22
-1.8923e+21
-9.9904e+20
-9.5207e+21
-9.3501e+20
-1.1478e+21
-2.4893e+21
-4.9906e+21
-2.5281e+22
-1.234e+22
-1.9466e+22
-3.0083e+22
-2.4961e+22
-1.8171e+21
-1.93e+22
-1.2162e+22
-2.3874e+20
-1.3214e+21
-5.6285e+21
-6.4166e+21
-1.5516e+22
-2.4471e+22
-1.5389e+22
-1.1511e+22
-4.1314e+21
-1.717e+20
-2.4262e+22
-2.6159e+22
-1.0417e+21
-1.8948e+21
-1.6336e+22
-1.5827e+21
-6.5846e+21
-1.6096e+22
-2.1332e+22
-2.5365e+22
-1.3847e+21
-2.2073e+22
-1.7901e+20
-9.0649e+21
-2.6865e+22
-1.3814e+21
-5.6829e+20
-1.4067e+20
-1.2272e+22
-2.4585e+22
-1.008e+22
-3.8609e+20
-1.64e+22
-2.1675e+21
-2.9141e+22
-2.4424e+21
-9.5209e+21
-1.7439e+22
-2.7999e+22
-4.8256e+21
-1.4612e+22
-2.9931e+22
-2.1917e+22
-3.102e+21
-2.4752e+22
-2.046e+22
-1.5713e+22
-7.8159e+21
-6.9872e+20
-1.6301e+21
-2.5414e+22
-9.8663e+21
-2.3452e+22
-1.9846e+21
-9.7079e+20
-1.9349e+22
-2.824e+21
-1.4218e+22
-2.0925e+22
-2.4728e+22
-2.0453e+22
-2.2439e+22
-2.2392e+22
-9.1824e+20
-1.7767e+22
-1.5334e+22
-3.0529e+20
-3.0076e+20
-2.2722e+22
-2.0971e+22
-3.8771e+21
-2.5277e+22
-2.2579e+22
-1.4004e+21
-1.8105e+22
-2.8301e+22
-5.4867e+21
-1.4649e+20
-9.5289e+20
-2.5552e+22
-2.2041e+22
-1.7134e+22
-6.0412e+20
-5.6701e+20
-1.0235e+22
-5.7241e+20
-9.6241e+21
-1.8679e+22
-2.8344e+22
-5.8268e+20
-1.688e+21
-2.7919e+22
-1.0615e+22
-2.6028e+21
-1.3831e+22
-1.9107e+22
-2.1395e+22
-1.8418e+22
-9.4815e+21
-9.0831e+21
-8.9397e+21
-2.6349e+22
-1.0038e+21
-1.0016e+21
-2.6986e+22
-1.8351e+22
-1.8405e+22
-1.0615e+21
-2.1622e+22
-6.1502e+21
-5.4958e+21
-2.4104e+22
-3.8248e+21
-2.9794e+22
-1.6179e+21
-1.6918e+22
-2.2463e+22
-2.3423e+22
-2.392e+22
-1.0952e+21
-1.1028e+21
-1.8708e+20
-1.1457e+22
-1.5228e+21
-2.2141e+22
-3.143e+22
-1.1114e+21
-1.645e+21
-3.3259e+21
-2.5358e+22
-2.0153e+22
-1.0527e+22
-3.2206e+21
-2.4666e+22
-1.3365e+20
-2.3613e+22
-9.6888e+21
-6.4494e+21
-3.1271e+21
-2.2405e+22
-2.6575e+22
-7.5374e+20
-2.2155e+22
-6.4545e+20
-9.6411e+21
-2.4222e+22
-1.547e+20
-2.1755e+22
-8.2565e+20
-2.5897e+22
-2.2973e+21
-1.4671e+21
-3.2168e+20
-2.5648e+22
-1.8663e+22
-2.2272e+22
-1.4024e+22
-1.1806e+21
-1.8668e+22
-1.9751e+22
-2.1461e+22
-2.4088e+21
-1.7176e+22
-4.4046e+20
-1.8408e+22
-2.0481e+22
-8.2102e+21
-4.9069e+21
-3.014e+22
-1.6609e+22
-1.943e+21
-1.2245e+21
-6.1014e+21
-2.5711e+22
-1.3223e+22
-1.7024e+22
-3.0835e+21
-2.8393e+22
-2.9883e+22
-9.9391e+20
-1.0631e+21
-8.0035e+21
-1.9695e+22
-2.3102e+22
-3.2731e+21
-2.4763e+20
-1.5046e+21
-1.3746e+22
-1.5386e+22
-2.0794e+22
-2.2504e+22
-1.3099e+22
-1.2496e+20
-1.8356e+22
-3.5801e+21
-1.0565e+20
-1.2942e+20
-1.5397e+21
-2.6098e+22
-3.6484e+21
-2.9528e+22
-2.2401e+22
-7.5004e+21
-2.283e+22
-1.1603e+22
-1.5206e+22
-1.1449e+22
-1.3598e+22
-4.0011e+21
-1.8508e+22
-2.3045e+22
-4.9969e+20
-1.4512e+22
-2.1833e+22
-2.0933e+22
-3.1322e+21
-1.2387e+22
-9.4665e+21
-8.829e+20
-8.3664e+21
-3.456e+21
-3.8677e+20
-3.162e+21
-5.9882e+21
-1.6409e+21
-2.2428e+22
-9.3599e+21
-1.6347e+22
-8.8964e+21
-1.1895e+21
-4.6691e+21
-6.095e+21
-1.5146e+22
-1.7865e+21
-1.6798e+22
-8.0438e+20
-4.6188e+21
-1.5801e+21
-8.7666e+21
-2.2161e+21
-1.897e+21
-6.8114e+20
-8.2732e+20
-1.2039e+22
-3.5599e+20
-9.9413e+21
-1.243e+22
-2.3056e+22
-1.7391e+22
-2.3515e+22
-6.4939e+21
-1.9176e+21
-9.6858e+21
-1.2339e+22
-2.7159e+20
-2.795e+22
-5.719e+21
-2.7266e+22
-3.5501e+21
-1.5351e+22
-1.0131e+22
-2.0169e+22
-1.3943e+22
-7.9556e+21
-8.2024e+21
-7.3453e+21
-1.1949e+22
-9.7467e+21
-2.8862e+20
-3.0015e+21
-6.343e+21
-2.7038e+22
-3.0588e+22
-2.2082e+22
-2.1804e+22
-2.5347e+22
-5.6366e+20
-1.8204e+22
-4.6877e+21
-1.5367e+21
-2.0341e+22
-1.8347e+22
-1.9614e+22
-1.5663e+22
-1.6864e+22
-1.3307e+22
-1.4632e+21
-9.251e+20
-3.066e+22
-5.7483e+21
-2.498e+22
-1.171e+22
-1.4096e+20
-1.0325e+22
-1.2223e+22
-3.0465e+20
-2.8106e+22
-4.4809e+21
-3.1482e+22
-6.8649e+21
-8.8387e+21
-1.5619e+20
-1.1658e+21
-4.097e+21
-1.84e+21
-2.6307e+22
-1.8635e+21
-3.0655e+22
-2.992e+21
-5.5615e+21
-8.3583e+20
-2.3062e+22
-4.6101e+20
-8.2546e+20
-5.1954e+21
-7.699e+20
-8.8708e+21
-8.7737e+21
-1.7601e+22
-9.307e+20
-2.5997e+22
-6.6898e+21
-1.4051e+20
-2.4277e+22
-2.0061e+22
-3.2637e+22
-1.7675e+21
-2.4932e+22
-1.878e+21
-2.9413e+22
-2.6415e+22
-1.845e+21
-4.4591e+21
-2.2427e+22
-2.3557e+22
-8.0639e+21
-3.6912e+20
-1.4271e+21
-1.3358e+22
-2.3137e+22
-5.6324e+21
-1.7534e+22
-1.5582e+22
-1.3198e+22
-1.4743e+20
-4.8087e+21
-1.6333e+22
-2.3224e+20
-2.8245e+22
-2.1042e+22
-1.617e+22
-1.327e+22
-1.8695e+20
-2.481e+20
-2.2073e+22
-1.0133e+21
-2.4318e+22
-1.1659e+22
-2.8823e+22
-2.2082e+22
-2.0749e+21
-3.4197e+20
-1.716e+21
-1.6553e+22
-1.0527e+22
-1.3035e+22
-2.1924e+22
-1.4114e+22
-1.0776e+21
-2.4307e+22
-4.6304e+21
-5.7299e+20
-2.0323e+22
-3.1308e+22
-1.2821e+22
-2.3466e+22
-7.1372e+21
-2.6749e+22
-6.0392e+21
-1.922e+21
-2.7732e+22
-9.5757e+21
-1.6627e+22
-9.707e+20
-6.6043e+21
-1.2301e+20
-1.914e+22
-1.6114e+22
-1.4004e+22
-4.6226e+20
-1.9788e+21
-1.6233e+20
-3.7227e+21
-1.3147e+22
-8.3038e+20
-8.5148e+21
-1.9601e+22
-5.0164e+21
-1.2847e+22
-1.65e+22
-2.0785e+22
-2.7406e+21
-1.2067e+21
-1.1183e+20
-1.4671e+21
-6.1772e+21
-1.0497e+22
-1.6341e+22
-1.9013e+22
-1.7487e+21
-8.9301e+20
-2.2556e+22
-7.6972e+20
-1.9305e+21
-2.4883e+22
-2.8215e+22
-5.0632e+21
-1.972e+21
-2.6836e+22
-8.6006e+21
-7.9894e+21
-1.6169e+21
-1.9632e+22
-3.0974e+20
-2.011e+21
-8.0186e+20
-1.633e+22
-1.8553e+22
-2.4295e+21
-1.673e+22
-1.4787e+22
-7.5624e+21
-1.5929e+22
-2.0734e+21
-3.3384e+21
-9.6388e+20
-1.7906e+22
-6.5453e+21
-2.727e+22
-2.4188e+22
-2.0956e+22
-1.3296e+22
-1.9968e+22
-1.2709e+22
-4.3674e+21
-1.0298e+22
-3.2034e+21
-1.1462e+22
-1.3004e+20
-7.7606e+21
-2.0039e+21
-1.4421e+22
-2.1079e+22
-1.0681e+22
-1.2051e+22
-1.7914e+22
-2.2523e+22
-5.4431e+21
-3.2826e+21
-1.0083e+22
-1.2769e+22
-2.6386e+22
-1.5346e+22
-1.8159e+22
-6.4505e+21
-2.4587e+22
-5.8526e+21
-1.5086e+20
-1.0093e+21
-2.0026e+22
-2.6338e+21
-2.8049e+21
-3.051e+20
-3.1254e+22
-2.6976e+22
-1.9203e+22
-2.9356e+22
-7.7109e+20
-1.5585e+22
-1.0625e+22
-1.609e+21
-1.9438e+22
-1.8289e+21
-2.5103e+22
-3.1037e+20
-1.2411e+22
-4.8167e+21
-7.3691e+21
-2.5698e+22
-2.0154e+20
-2.7005e+22
-5.1914e+20
-1.9881e+21
-2.6989e+21
-6.6742e+19
-6.915e+21
-1.183e+21
-1.3323e+21
-2.7795e+22
-9.8013e+20
-2.1787e+22
-1.311e+22
-8.3313e+20
-1.5031e+21
-1.7811e+22
-8.2346e+20
-5.7519e+21
-4.2371e+20
-2.9247e+22
-2.1697e+22
-2.7441e+22
-4.7367e+21
-1.0449e+20
-1.6116e+21
-1.1885e+22
-5.6396e+21
-9.6218e+20
-1.6345e+22
-1.9569e+21
-1.2631e+22
-4.8864e+20
-1.7462e+21
-2.6592e+22
-1.1873e+22
-2.4404e+21
-4.9546e+21
-2.588e+22
-1.2715e+21
-9.507e+19
-1.4551e+22
-7.274e+20
-1.7902e+22
-7.3939e+21
-1.4804e+21
-1.906e+22
-6.2215e+20
-3.261e+20
-2.4881e+22
-7.4722e+20
-3.204e+22
-5.3787e+21
-9.6005e+20
-7.0298e+21
-5.0137e+21
-3.4993e+21
-2.8522e+22
-1.5529e+22
-1.5243e+20
-1.5893e+21
-1.8951e+22
-2.8949e+22
-1.16e+22
-4.9684e+21
-2.0672e+21
-1.5533e+20
-1.937e+20
-2.3933e+22
-5.4559e+21
-4.8841e+21
-3.8607e+21
-1.1574e+22
-7.6369e+21
-2.3172e+20
-1.3908e+22
-1.6352e+22
-1.3726e+22
-5.3979e+21
-2.0633e+22
-1.4698e+22
-1.1149e+22
-1.7838e+21
-3.7205e+20
-1.9027e+22
-3.6943e+20
-1.4762e+22
-4.5109e+20
-2.9843e+22
-3.2073e+21
-1.4179e+22
-2.5896e+21
-2.0355e+22
-5.8236e+21
-1.2863e+21
-2.9914e+22
-1.9676e+21
-8.0147e+21
-3.3662e+21
-1.8567e+22
-2.292e+22
-1.9846e+20
-6.7638e+21
-2.418e+22
-4.7669e+20
-8.4424e+21
-1.7998e+21
-1.9881e+22
-1.9451e+20
-1.0176e+22
-1.8779e+21
-8.6004e+21
-9.9101e+19
-2.564e+22
-1.1843e+22
-2.2198e+22
-1.5752e+22
-6.4596e+21
-1.2245e+22
-6.1713e+21
-3.0025e+22
-5.9273e+21
-1.5959e+21
-1.3138e+22
-2.8937e+22
-3.8441e+20
-1.9609e+22
-1.5934e+22
-2.0009e+22
-7.7748e+21
-2.3377e+22
-8.477e+21
-6.1704e+21
-1.2429e+20
-1.0316e+22
-1.2222e+21
-2.3639e+22
-5.7795e+21
-2.8092e+22
-3.1656e+20
-1.2471e+22
-2.1044e+22
-4.6042e+21
-2.9381e+21
-1.0269e+21
-1.5465e+22
-1.425e+22
-1.025e+22
-4.6656e+21
-2.4465e+22
-1.562e+22
-2.3157e+22
-7.1715e+21
-1.8651e+21
-6.9779e+21
-1.6104e+22
-4.4812e+21
-2.4307e+22
-2.9812e+22
-1.0729e+22
-1.1924e+21
-8.3352e+21
-8.5911e+21
-2.1817e+22
-2.3573e+22
-1.733e+22
-8.8108e+21
-1.8902e+21
-1.5727e+22
-1.6467e+22
-2.7919e+21
-2.0962e+21
-1.6753e+22
-1.2499e+22
-2.6947e+22
-2.2661e+21
-1.6663e+21
-1.4781e+22
-6.2372e+21
-2.2572e+21
-2.3043e+22
-2.4251e+22
-3.6728e+20
-9.8907e+21
-4.8029e+21
-2.7961e+22
-8.8195e+21
-3.9898e+21
-3.6872e+20
-2.7721e+21
-3.5283e+21
-2.9129e+22
-1.6875e+21
-1.6244e+21
-1.7735e+21
-1.6123e+22
-1.2936e+21
-2.0345e+22
-4.2953e+21
-1.486e+22
-1.9254e+21
-1.8254e+22
-2.449e+22
-2.291e+20
-9.2037e+21
-2.784e+22
-2.5018e+22
-1.9523e+22
-1.7466e+21
-1.6002e+22
-8.2596e+19
-9.2493e+21
-6.5335e+21
-1.766e+20
-1.0022e+22
-9.4343e+20
-4.0794e+21
-1.2304e+22
-1.8523e+21
-1.3065e+22
-1.3614e+20
-2.6109e+22
-8.0468e+21
-4.3989e+21
-2.2826e+22
-8.7128e+21
-5.9395e+20
-7.4034e+20
-1.5206e+22
-2.3782e+22
-1.4936e+22
-4.1545e+21
-1.9098e+21
-5.0269e+20
-1.0492e+21
-2.0713e+20
-7.2912e+21
-4.9021e+21
-2.5751e+22
-4.0787e+20
-2.4493e+20
-1.8935e+22
-2.168e+22
-6.0758e+21
-1.0443e+22
-1.7945e+21
-3.056e+22
-2.0472e+22
-1.3646e+22
-3.8997e+20
-3.0931e+20
-1.9341e+22
-1.0734e+20
-1.8209e+20
-2.2388e+20
-3.5572e+20
-2.9486e+22
-1.289e+22
-1.4059e+22
-9.0718e+21
-1.2546e+21
-2.2208e+21
-9.1114e+20
-1.901e+21
-2.2641e+22
-4.1916e+20
-1.2455e+22
-1.8454e+22
-1.8862e+22
-1.2855e+20
-2.4727e+21
-2.7089e+22
-1.8821e+22
-4.9714e+21
-9.4697e+20
-4.6203e+21
-8.8878e+21
-3.6806e+21
-2.0952e+21
-1.0399e+21
-9.9472e+21
-4.7139e+20
-3.0382e+22
-2.655e+22
-3.5971e+20
-8.5463e+20
-2.3623e+22
-2.3848e+22
-2.3959e+22
-2.8692e+22
-2.0266e+22
-1.4311e+22
-1.1174e+22
-1.5223e+22
-4.3559e+20
-9.297e+20
-1.9478e+22
-1.1436e+22
-6.688e+20
-2.5014e+20
-1.2583e+22
-1.1738e+21
-1.4526e+21
-3.9443e+20
-5.8213e+20
-9.3226e+20
-2.9752e+22
-1.4454e+21
-2.0053e+21
-2.8066e+22
-8.7274e+20
-1.9653e+22
-2.0759e+21
-1.5347e+22
-1.9283e+21
-1.5309e+22
-1.8438e+22
-5.0483e+21
-2.3598e+22
-1.3375e+22
-6.5329e+20
-2.6882e+21
-2.1306e+22
-2.9364e+20
-2.1969e+21
-2.3755e+22
-3.5106e+21
-2.4478e+22
-1.2588e+22
-1.2462e+22
-2.006e+22
-1.9248e+22
-2.5479e+22
-2.5754e+21
-1.923e+22
-8.9216e+20
-8.2739e+20
-7.4412e+20
-4.4071e+21
-1.6701e+20
-1.4954e+22
-1.9105e+22
-6.6702e+20
-1.1339e+22
-1.9348e+20
-1.7211e+22
-2.5957e+22
-6.3811e+21
-1.6245e+22
-1.0271e+21
-2.6405e+22
-2.6688e+22
-8.851e+21
-2.2671e+22
-8.9585e+20
-2.2329e+22
-2.3953e+22
-9.6211e+21
-1.0892e+22
-1.5209e+22
-1.6905e+21
-1.4203e+22
-1.7894e+22
-2.4171e+22
-2.0454e+21
-3.5578e+20
-2.3221e+22
-8.3013e+21
-3.6237e+21
-2.128e+22
-1.5261e+21
-2.723e+22
-1.0263e+22
-9.1081e+21
-1.4127e+21
-3.1257e+22
-2.1138e+22
-1.9774e+21
-1.494e+22
-1.3727e+22
-2.9827e+21
-1.3165e+22
-5.3735e+20
-9.3898e+20
-1.5009e+21
-1.3991e+21
-2.0154e+21
-2.1957e+22
-5.0796e+21
-2.9428e+22
-1.0329e+22
-4.3856e+21
-2.5339e+21
-9.0155e+21
-2.056e+21
-3.1311e+22
-1.9815e+22
-1.9991e+22
-1.9216e+20
-3.0174e+21
-2.8742e+22
-2.2821e+22
-2.9366e+22
-6.5516e+20
-7.7913e+21
-1.0327e+20
-4.5993e+20
-7.716e+21
-1.9383e+22
-1.6417e+21
-1.0335e+22
-2.8979e+22
-2.8303e+22
-2.2061e+22
-1.9732e+20
-1.4636e+22
-1.4885e+21
-1.5534e+21
-1.3849e+21
-1.961e+22
-2.7749e+22
-2.2267e+22
-1.8394e+22
-1.9083e+22
-1.4612e+21
-2.0289e+22
-2.2882e+22
-2.4779e+20
-9.1003e+21
-1.2782e+22
-2.5571e+22
-4.2356e+21
-1.6702e+22
-1.3134e+22
-2.6355e+22
-1.4803e+21
-3.2672e+20
-1.9479e+22
-1.4967e+22
-1.3956e+21
-3.0967e+22
-7.7938e+20
-2.4668e+20
-1.6351e+22
-1.0425e+22
-9.6768e+21
-8.2207e+21
-4.9156e+20
-2.0165e+22
-3.6102e+21
-4.7579e+20
-8.5934e+21
-7.3809e+20
-1.8598e+21
-2.7907e+22
-2.1149e+22
-2.0626e+22
-1.4781e+21
-1.0291e+21
-2.7042e+22
-1.4294e+22
-1.3984e+22
-2.7575e+22
-2.8092e+22
-2.2914e+22
-2.0408e+22
-1.2889e+21
-7.8741e+21
-1.991e+22
-3.2988e+21
-2.9589e+20
-2.2138e+22
-1.8609e+22
-2.0713e+22
-3.6694e+21
-1.5593e+22
-7.553e+21
-1.1759e+22
-1.8296e+22
-2.5095e+22
-2.4796e+22
-6.5944e+21
-2.2223e+22
-1.9098e+22
-1.3425e+22
-1.9457e+22
-1.3993e+22
-2.2847e+22
-2.6523e+22
-1.5956e+22
-4.0536e+21
-8.7333e+21
-2.5299e+22
-1.8797e+21
-1.5055e+22
-5.6598e+20
-1.0455e+22
-8.5896e+21
-5.5565e+20
-2.5217e+22
-3.1171e+22
-1.2513e+22
-2.3845e+22
-2.4356e+22
-8.9689e+21
-2.3201e+22
-1.3423e+22
-1.5046e+22
-8.0783e+21
-7.8777e+21
-3.8512e+21
-2.17e+20
-9.2741e+21
-7.8648e+20
-2.3462e+22
-1.8719e+21
-2.8872e+22
-5.3147e+20
-9.7324e+20
-1.9311e+21
-3.1044e+22
-1.1351e+20
-2.7317e+21
-1.2938e+20
-2.8223e+22
-1.863e+22
-1.0871e+22
-2.3147e+22
-1.1347e+22
-2.6045e+22
-4.6022e+21
-1.8426e+22
-1.3418e+22
-1.0614e+22
-1.0216e+21
-2.6827e+20
-5.3045e+20
-1.3335e+22
-7.3477e+21
-2.8926e+22
-1.5634e+22
-1.1188e+21
-9.7168e+20
-2.725e+22
-1.4726e+21
-1.2013e+22
-3.4434e+21
-1.4142e+22
-5.6263e+21
-1.3492e+21
-1.7161e+22
-1.433e+20
-1.1391e+22
-1.8512e+21
-3.0681e+21
-2.815e+21
-4.0663e+21
-1.3232e+20
-2.4889e+22
-2.875e+22
-3.3169e+21
-9.5543e+21
-1.1006e+22
-1.0042e+22
-9.6434e+21
-2.3035e+21
-3.8372e+21
-4.443e+21
-5.9313e+21
-6.3781e+21
-2.2896e+22
-2.2119e+22
-3.6909e+21
-1.2079e+21
-9.4496e+19
-8.2889e+21
-8.0159e+20
-1.2599e+22
-3.0671e+22
-5.919e+21
-2.2389e+22
-1.6776e+22
-3.0433e+20
-2.1312e+22
-6.8918e+20
-1.5852e+22
-1.0394e+21
-2.7717e+21
-2.0883e+22
-6.0021e+20
-7.5654e+21
-1.4031e+22
-3.3462e+20
-2.8597e+20
-5.9189e+21
-2.1442e+22
-2.4698e+20
-2.1171e+22
-1.0477e+22
-9.403e+21
-1.8527e+21
-1.9183e+21
-2.4872e+22
-1.226e+22
-4.5084e+21
-3.0821e+20
-1.4298e+21
-7.9999e+21
-1.3515e+22
-2.2064e+22
-2.1336e+22
-8.0654e+20
-1.5795e+21
-1.6499e+21
-1.869e+22
-6.2089e+20
-5.4712e+20
-7.1627e+20
-1.9939e+22
-4.0185e+21
-2.1089e+22
-2.0065e+22
-1.6137e+21
-1.3793e+22
-2.0331e+22
-1.7646e+22
-2.5207e+22
-7.2177e+20
-2.8556e+20
-1.6635e+21
-1.1744e+22
-1.645e+22
-1.3869e+20
-3.1821e+22
-1.6855e+21
-6.096e+21
-3.8463e+20
-1.0858e+22
-1.8304e+21
-2.4164e+21
-5.9878e+21
-1.5923e+22
-4.3969e+21
-1.312e+22
-1.3755e+22
-2.092e+22
-2.2111e+22
-1.8244e+21
-1.9993e+21
-5.6511e+21
-2.815e+22
-2.0002e+22
-2.3438e+22
-1.9298e+21
-1.021e+21
-1.4416e+22
-1.945e+22
-5.4888e+21
-2.7565e+21
-2.713e+22
-1.9076e+22
-5.297e+21
-2.6182e+22
-1.3251e+22
-1.9981e+22
-1.266e+22
-2.5872e+22
-2.6486e+21
-2.1848e+22
-7.5592e+21
-1.5902e+22
-2.8022e+22
-1.314e+22
-3.2518e+20
-2.1559e+21
-7.8821e+21
-4.5407e+20
-3.4469e+21
-8.6069e+21
-2.2798e+21
-1.2795e+22
-2.2082e+22
-1.872e+22
-9.7839e+20
-2.4494e+22
-1.6554e+22
-1.1303e+22
-1.7616e+21
-1.0449e+22
-6.4702e+20
-2.3497e+22
-1.5739e+22
-1.4527e+22
-1.3576e+21
-4.136e+21
-2.4864e+22
-2.7129e+22
-1.0853e+22
-2.3972e+22
-1.8167e+22
-1.085e+22
-3.2928e+22
-2.5262e+22
-6.649e+20
-2.174e+22
-2.0879e+21
-1.1001e+22
-1.3386e+22
-7.4937e+20
-1.5866e+21
-1.9665e+22
-1.1239e+21
-9.2255e+21
-2.8964e+21
-2.8384e+21
-1.1069e+22
-2.9967e+22
-2.1321e+20
-2.0993e+22
-1.2165e+21
-3.7352e+21
-1.1134e+22
-2.9731e+22
-2.0885e+21
-5.3398e+20
-1.0732e+21
-1.8504e+22
-2.6323e+22
-1.7928e+22
-2.2788e+22
-6.7265e+21
-7.5959e+21
-1.4316e+22
-2.0614e+22
-1.9028e+22
-2.0902e+22
-6.6556e+21
-8.7538e+20
-1.7648e+22
-2.6479e+22
-3.1833e+20
-1.6133e+21
-2.103e+22
-1.1533e+22
-7.3363e+20
-1.6714e+22
-5.91e+20
-1.0271e+21
-1.614e+22
-2.5659e+22
-1.9352e+22
-1.4597e+21
-2.1762e+22
-4.4544e+20
-6.5708e+20
-5.7824e+20
-1.0934e+20
-1.5222e+22
-1.2447e+21
-2.5147e+22
-1.1449e+22
-1.9908e+21
-1.8601e+20
-1.111e+22
-2.1112e+22
-2.0191e+22
-1.3588e+21
-5.3583e+21
-1.9214e+21
-1.3399e+22
-1.5739e+22
-1.3512e+22
-7.4871e+20
-1.8396e+22
-5.8031e+21
-2.7461e+22
-1.6401e+22
-2.5467e+22
-2.1936e+21
-7.4645e+20
-2.3407e+22
-5.9479e+21
-7.8146e+20
-2.76e+22
-7.4664e+20
-2.2118e+22
-1.0464e+21
-1.9301e+21
-3.6195e+21
-2.627e+22
-1.5723e+22
-2.1202e+22
-9.4672e+21
-1.0343e+22
-2.4787e+21
-1.0227e+22
-1.5196e+20
-1.7481e+22
-9.9573e+21
-1.9453e+22
-1.4876e+22
-1.962e+22
-1.298e+21
-3.6118e+20
-2.2683e+22
-5.3857e+20
-2.1674e+22
-4.8754e+20
-1.3006e+22
-1.8505e+21
-1.7867e+20
-9.3936e+21
-1.8761e+21
-1.9337e+22
-4.4825e+21
-1.2323e+22
-1.3367e+22
-1.4017e+22
-6.2384e+20
-3.3996e+21
-1.9717e+22
-1.5364e+22
-1.4319e+22
-5.4437e+21
-1.3873e+21
-1.1037e+22
-2.8885e+22
-3.5273e+20
-3.1631e+21
-2.5279e+22
-2.7097e+22
-1.5792e+22
-9.2311e+21
-3.5958e+20
-6.5133e+20
-1.8391e+22
-2.7211e+22
-1.2086e+22
-1.5245e+21
-4.2568e+21
-1.3055e+22
-2.2332e+21
-1.8586e+22
-1.5802e+21
-1.5268e+22
-2.9638e+22
-9.5935e+20
-2.8287e+22
-4.9297e+21
-1.2659e+22
-4.3612e+20
-1.0062e+21
-5.796e+20
-1.3576e+22
-1.3696e+21
-3.6132e+21
-1.7492e+22
-4.9031e+21
-2.5668e+22
-1.83e+21
-8.2432e+19
-1.2685e+22
-6.9137e+21
-1.9605e+22
-1.1306e+22
-4.845e+20
-2.1536e+22
-2.5206e+22
-4.474e+20
-5.2491e+20
-3.1865e+22
-2.7985e+21
-2.1993e+22
-9.2967e+21
-5.9944e+20
-1.6426e+22
-1.3191e+20
-2.6331e+22
-1.4508e+20
-8.8588e+21
-1.2807e+20
-1.8599e+22
-1.3507e+22
-2.373e+22
-3.6584e+20
-6.9517e+20
-2.0289e+22
-1.7212e+21
-2.5564e+22
-1.173e+22
-2.3129e+22
-1.2648e+21
-1.9016e+20
-1.1448e+21
-1.0056e+22
-2.4739e+22
-6.7068e+21
-1.5999e+22
-2.2488e+20
-2.0736e+22
-2.2223e+20
-2.1765e+22
-5.1824e+21
-3.0658e+21
-5.4739e+20
-2.5376e+22
-1.5746e+22
-1.5178e+22
-5.8429e+21
-1.3359e+20
-5.5371e+21
-2.2004e+22
-1.4082e+20
-1.7868e+21
-9.3887e+20
-2.3351e+21
-2.9e+22
-8.7773e+20
-1.422e+22
-1.8204e+22
-1.4921e+21
-2.3377e+22
-1.2336e+22
-1.5775e+22
-4.823e+21
-1.9747e+21
-1.647e+21
-2.8071e+22
-5.0681e+20
-8.6385e+20
-1.2644e+21
-2.1498e+22
-1.3689e+22
-2.018e+22
-2.7846e+22
-7.5896e+21
-1.8714e+22
-9.9962e+21
-2.5716e+22
-8.6393e+21
-1.6757e+22
-1.9662e+22
-1.0788e+20
-1.9408e+22
-9.1459e+21
-2.3639e+22
-2.9051e+22
-3.0034e+22
-2.3528e+22
-3.6285e+21
-2.0522e+21
-1.0417e+22
-2.0013e+21
-1.1655e+21
-2.4975e+21
-1.1433e+21
-7.81e+21
-1.489e+21
-1.5971e+21
-2.5222e+22
-1.7951e+21
-1.327e+22
-1.0567e+22
-3.0121e+21
-1.0926e+21
-4.8346e+21
-2.2964e+22
-1.0923e+22
-1.2491e+22
-1.1552e+22
-3.073e+22
-5.0339e+20
-2.1389e+20
-1.2491e+22
-1.5751e+22
-7.6124e+21
-1.2965e+21
-1.2553e+21
-1.5776e+21
-2.4212e+22
-2.6326e+22
-3.9483e+20
-4.2989e+21
-9.6827e+21
-4.3174e+21
-1.3156e+21
-2.2724e+22
-1.6717e+22
-1.8701e+22
-8.9852e+20
-6.5626e+21
-2.0919e+21
-1.8216e+22
-6.1708e+21
-2.2431e+20
-1.8533e+22
-8.0933e+20
-2.6271e+22
-1.0281e+22
-1.7881e+21
-1.365e+22
-2.0639e+22
-1.7644e+22
-5.1893e+20
-1.7666e+22
-1.3781e+22
-1.3019e+21
-1.1785e+21
-2.736e+22
-2.0191e+22
-1.4295e+22
-5.9994e+20
-7.4577e+21
-2.65e+21
-2.3094e+22
-9.7158e+21
-9.3622e+21
-8.1549e+21
-2.1794e+22
-2.15e+21
-2.2129e+20
-1.4625e+20
-1.0849e+22
-6.2648e+21
-2.7142e+22
-3.0518e+22
-1.085e+21
-2.2132e+22
-1.5175e+21
-1.9515e+22
-1.3866e+20
-2.2607e+22
-1.0062e+20
-2.3887e+22
-1.3092e+22
-6.7714e+20
-1.2599e+21
-3.4118e+21
-4.0975e+21
-1.6084e+22
-2.2788e+22
-1.4393e+22
-5.9878e+21
-7.0576e+20
-2.9349e+21
-2.4045e+22
-1.3647e+20
-2.2777e+22
-2.3638e+21
-5.9157e+21
-2.0759e+22
-1.6391e+22
-1.3524e+22
-2.3182e+22
-1.8683e+22
-1.4389e+22
-3.4776e+21
-2.9555e+20
-1.3342e+22
-7.9748e+20
-1.9522e+21
-1.859e+22
-3.0933e+22
-1.9268e+22
-1.9019e+22
-9.3765e+21
-4.7778e+21
-2.7301e+22
-1.8371e+22
-3.6932e+20
-7.7281e+21
-5.354e+21
-2.0322e+22
-1.4874e+22
-1.0444e+22
-2.2597e+22
-1.146e+21
-2.3037e+22
-2.5696e+22
-1.4895e+22
-1.6422e+22
-1.0058e+22
-1.9284e+21
-1.7601e+22
-1.3966e+20
-1.7979e+22
-8.4668e+20
-2.8467e+20
-1.0231e+22
-3.1391e+22
-2.1302e+22
-5.5843e+21
-9.7538e+21
-3.2296e+20
-1.3525e+22
-1.6201e+21
-4.8588e+21
-2.095e+20
-1.8273e+21
-2.156e+21
-6.1575e+21
-1.2952e+22
-9.4537e+20
-2.3791e+21
-1.7068e+21
-3.2174e+22
-1.0397e+22
-1.7754e+22
-1.6609e+22
-2.51e+20
-7.4967e+21
-1.9648e+22
-3.0008e+22
-1.9219e+22
-2.2125e+22
-1.8143e+20
-2.9355e+22
-1.0172e+22
-1.024e+22
-1.4019e+22
-1.715e+21
-1.356e+20
-9.0304e+21
-1.6917e+22
-1.9747e+22
-1.9402e+20
-1.2342e+22
-2.0612e+22
-2.3711e+21
-2.1735e+20
-4.3981e+21
-2.3943e+22
-2.3785e+22
-9.3009e+21
-2.2302e+22
-1.9269e+21
-3.5458e+21
-1.5067e+22
-1.081e+21
-6.2186e+20
-2.8971e+22
-2.4025e+21
-2.3035e+21
-3.1524e+21
-1.3114e+22
-1.5297e+22
-1.392e+22
-2.1436e+22
-2.086e+22
-2.3374e+22
-1.4546e+22
-5.8441e+21
-2.5966e+22
-1.186e+21
-2.5187e+20
-1.3166e+21
-2.2471e+22
-9.266e+20
-1.5444e+21
-2.529e+22
-1.5938e+20
-1.1559e+21
-1.3684e+22
-1.4912e+22
-1.6714e+21
-2.7644e+22
-3.1065e+22
-2.6633e+22
-4.9499e+20
-1.687e+22
-1.5649e+21
-1.0596e+22
-1.9437e+22
-1.6463e+20
-1.6164e+20
-1.7259e+22
-1.3295e+22
-2.2061e+22
-1.1359e+21
-1.1162e+22
-1.5452e+22
-1.0673e+22
-1.5354e+22
-9.7497e+21
-5.3219e+21
-2.5695e+21
-2.8489e+22
-2.0249e+22
-1.0974e+22
-2.9878e+21
-2.4789e+22
-6.8401e+21
-7.5626e+21
-2.5377e+22
-2.2089e+22
-7.8758e+20
-2.0923e+22
-3.4474e+21
-1.3191e+22
-8.0286e+21
-1.9323e+20
-1.8726e+21
-2.1373e+22
-1.4908e+22
-1.8069e+20
-5.1066e+21
-2.2057e+22
-3.5752e+20
-2.5126e+22
-4.0569e+20
-6.9755e+20
-1.062e+22
-2.838e+22
-1.7711e+22
-6.9954e+21
-2.3546e+22
-1.6946e+22
-4.8895e+21
-3.1963e+22
-2.21e+20
-1.4573e+22
-1.28e+21
-2.1041e+22
-3.1025e+22
-7.9542e+20
-2.1356e+22
-5.0193e+21
-1.2831e+22
-2.2819e+21
-2.5532e+22
-1.9357e+20
-7.7831e+21
-1.734e+22
-7.6361e+21
-1.4699e+21
-2.4662e+22
-5.8244e+20
-7.7299e+20
-2.8322e+21
-1.5789e+22
-3.913e+20
-1.9875e+22
-1.9385e+22
-2.1247e+21
-1.1491e+22
-3.1876e+21
-1.474e+22
-2.2676e+22
-2.6616e+22
-1.6207e+22
-4.1031e+20
-2.6666e+20
-2.2307e+22
-2.8321e+22
-2.7701e+21
-1.5968e+21
-6.1293e+21
-6.7942e+21
-3.0286e+22
-8.614e+21
-4.8909e+20
-2.7696e+21
-1.3897e+22
-2.1061e+21
-2.7223e+22
-6.2728e+21
-1.9248e+22
-3.2023e+21
-1.4475e+22
-5.7837e+20
-3.7156e+21
-1.5011e+22
-9.2137e+21
-1.6146e+21
-1.4972e+21
-2.0765e+21
-7.5134e+21
-7.0901e+21
-2.0822e+22
-1.2924e+21
-1.4489e+21
-1.1925e+21
-3.7244e+21
-2.7099e+22
-1.1731e+21
-4.0183e+21
-5.3776e+20
-1.9774e+21
-9.2943e+21
-2.8015e+22
-1.3924e+20
-9.2041e+21
-2.0186e+22
-6.4172e+20
-2.8824e+22
-9.9122e+20
-2.7026e+20
-1.3825e+22
-4.6418e+21
-1.4118e+22
-2.0573e+21
-2.3471e+22
-1.4362e+21
-1.6635e+22
-1.1154e+20
-1.8644e+22
-6.1849e+21
-2.2796e+22
-7.8789e+21
-3.0336e+20
-4.6436e+20
-1.5956e+21
-6.5652e+20
-1.4271e+22
-1.0096e+22
-1.3091e+22
-2.2333e+22
-1.0612e+22
-1.6168e+22
-1.5449e+22
-1.4184e+21
-4.6163e+21
-2.769e+22
-8.1371e+20
-2.3614e+21
-2.8701e+22
-2.4126e+22
-8.7352e+21
-2.9089e+20
-8.4635e+21
-3.646e+21
-1.2912e+22
-1.528e+21
-2.4963e+20
-3.5422e+21
-3.211e+21
-1.3534e+22
-2.6752e+22
-2.2388e+22
-2.3887e+22
-1.7747e+22
-1.617e+22
-2.0367e+21
-9.2062e+21
-1.2758e+20
-2.6809e+22
-2.3504e+22
-3.6637e+20
-8.1184e+21
-8.6512e+20
-2.3884e+22
-1.4645e+22
-7.0541e+21
-1.5797e+21
-3.5042e+20
-8.2854e+21
-8.4168e+21
-2.3988e+20
-1.2807e+22
-1.2259e+21
-2.3441e+20
-2.7732e+22
-2.0447e+22
-8.713e+21
-1.3513e+22
-3.0658e+20
-2.7109e+21
-3.051e+22
-1.8797e+22
-1.419e+22
-2.4221e+22
-1.882e+22
-1.9641e+22
-1.9934e+21
-1.0198e+21
-1.5525e+21
-5.6571e+20
-2.2381e+22
-1.0749e+22
-2.1545e+20
-2.4487e+22
-2.7647e+22
-1.0201e+21
-1.39e+21
-1.4413e+22
-2.9864e+20
-1.7013e+21
-8.3175e+20
-2.3311e+22
-2.6571e+22
-1.8028e+21
-1.7457e+22
-2.9632e+22
-4.8169e+20
-1.7868e+22
-1.2478e+21
-2.7186e+22
-3.3616e+20
-3.1713e+22
-1.4498e+21
-1.0003e+22
-1.507e+22
-7.7654e+21
-6.1817e+21
-9.1427e+21
-4.7204e+21
-4.1453e+21
-9.3942e+21
-1.7124e+22
-1.0719e+22
-2.3108e+22
-1.4424e+22
-6.7794e+21
-2.3773e+22
-3.0265e+22
-1.1754e+22
-2.1022e+22
-6.2888e+21
-1.2814e+22
-2.75e+22
-1.0862e+22
-2.2248e+20
-2.5969e+22
-1.5658e+21
-2.0979e+22
-5.5671e+21
-2.6935e+22
-2.785e+22
-1.8066e+22
-6.4362e+21
-1.1964e+20
-2.1809e+22
-1.2034e+22
-5.7343e+20
-1.3666e+22
-1.3478e+21
-2.9765e+20
-1.5502e+22
-1.5428e+21
-1.1255e+22
-1.0372e+21
-1.4817e+21
-1.8303e+22
-2.9928e+21
-1.1567e+22
-2.3731e+22
-1.0308e+22
-1.7061e+22
-1.7748e+22
-2.575e+21
-2.6063e+22
-1.1408e+22
-1.1933e+21
-1.8255e+22
-7.2918e+20
-1.9957e+20
-8.4882e+21
-1.0262e+21
-1.7414e+22
-4.9357e+21
-2.8089e+21
-2.9578e+22
-1.1715e+22
-5.2337e+21
-3.116e+21
-2.9668e+22
-4.9147e+21
-1.1546e+21
-9.6593e+20
-1.5963e+22
-3.7812e+21
-4.685e+21
-2.021e+22
-5.3403e+20
-2.8412e+20
-1.6451e+22
-1.1163e+21
-7.6103e+21
-1.9569e+21
-1.5182e+21
-1.3581e+21
-2.3325e+22
-2.8334e+22
-3.0127e+22
-1.2245e+22
-6.5128e+20
-2.4279e+22
-9.3846e+21
-2.7281e+22
-3.0908e+22
-2.2047e+22
-2.8121e+22
-1.5568e+22
-3.9644e+20
-5.3575e+20
-1.0575e+22
-9.9193e+20
-2.9627e+22
-1.2843e+22
-4.7608e+20
-3.4412e+20
-9.3132e+21
-1.0062e+22
-1.0534e+21
-1.8142e+22
-1.696e+20
-3.0057e+20
-1.585e+22
-1.5504e+22
-1.139e+21
-2.1159e+22
-4.781e+20
-1.7318e+22
-1.2427e+22
-2.0037e+22
-1.6835e+20
-2.4954e+22
-2.1718e+20
-1.2094e+21
-1.3337e+20
-2.7825e+22
-1.408e+22
-2.6099e+22
-1.0993e+22
-1.7957e+22
-1.1545e+22
-1.4144e+21
-2.5424e+22
-8.6611e+20
-2.1281e+22
-2.4308e+22
-1.8748e+22
-2.6961e+22
-1.0206e+22
-1.8382e+21
-2.2785e+22
-2.171e+22
-1.3262e+22
-2.0222e+22
-1.8282e+21
-1.2749e+22
-2.3704e+22
-5.4964e+20
-1.6042e+22
-8.8249e+20
-2.6533e+22
-6.9504e+20
-4.4238e+20
-1.5225e+22
-8.9799e+20
-2.9673e+22
-9.3435e+20
-6.7703e+21
-1.84e+20
-1.2457e+22
-2.9589e+22
-1.1256e+22
-1.6175e+22
-2.0066e+22
-2.9579e+22
-1.4543e+22
-1.2852e+21
-9.806e+20
-2.9309e+22
-2.0923e+22
-7.5881e+20
-2.2875e+22
-2.4504e+22
-5.0632e+21
-1.1265e+20
-1.7474e+20
-1.4889e+22
-2.0303e+22
-9.5399e+21
-2.2371e+22
-1.0426e+22
-2.8997e+22
-9.8256e+21
-1.0262e+21
-1.0949e+22
-8.9284e+21
-1.7132e+22
-1.5765e+22
-9.6599e+20
-1.7087e+21
-1.3624e+21
-1.6747e+22
-6.505e+21
-2.3255e+22
-2.2114e+22
-1.4529e+22
-1.0446e+22
-5.4029e+21
-1.8623e+22
-2.2443e+20
-1.4193e+21
-1.109e+22
-2.0475e+22
-2.331e+22
-5.5757e+21
-2.2818e+22
-1.3221e+22
-1.2099e+22
-2.2314e+22
-9.7057e+21
-2.4909e+21
-1.9616e+21
-2.9333e+20
-9.1946e+21
-2.7604e+22
-3.0409e+22
-5.2353e+21
-2.7264e+20
-1.3151e+22
-9.0255e+21
-2.4102e+22
-3.7328e+21
-2.0963e+22
-2.2596e+22
-1.3302e+22
-3.0563e+21
-1.8367e+22
-2.2147e+22
-2.1333e+22
-1.3774e+22
-1.8165e+22
-1.9504e+22
-7.6579e+21
-5.1544e+21
-1.503e+22
-3.6346e+20
-1.2925e+21
-1.6865e+21
-1.0957e+22
-4.5538e+21
-2.6932e+20
-2.8785e+22
-1.0386e+22
-7.97e+21
-6.3397e+21
-9.9306e+21
-1.7669e+22
-2.1779e+22
-7.6226e+21
-1.4395e+22
-1.8847e+22
-3.6642e+20
-2.0131e+22
-1.4387e+21
-7.5082e+21
-1.2029e+22
-2.199e+22
-2.4859e+22
-1.5884e+22
-8.1157e+19
-1.8027e+22
-6.1485e+21
-2.3127e+22
-1.9179e+21
-1.0724e+22
-1.8252e+22
-1.3645e+22
-1.282e+22
-1.4393e+22
-2.7939e+22
-2.1425e+22
-1.8831e+22
-3.0264e+21
-5.1812e+21
-1.4924e+22
-2.9562e+22
-2.4874e+22
-2.9436e+22
-3.3861e+20
-1.741e+22
-3.0766e+20
-1.3735e+22
-1.7865e+22
-2.3105e+22
-9.1553e+21
-2.724e+22
-1.2695e+21
-2.3716e+21
-2.6612e+20
-2.5668e+22
-1.2474e+22
-1.8557e+22
-2.4249e+21
-7.7278e+21
-8.4241e+19
-1.5118e+20
-1.8925e+21
-2.3497e+22
-3.3073e+21
-5.3389e+21
-3.5864e+20
-1.4322e+22
-2.1338e+21
-2.1703e+22
-1.0964e+22
-2.4527e+22
-2.4442e+22
-2.1755e+22
-9.7788e+21
-2.439e+22
-1.4339e+21
-2.0527e+22
-2.2132e+22
-1.0632e+22
-1.1748e+22
-2.2173e+21
-1.7643e+21
-1.5205e+21
-2.3458e+21
-1.315e+22
-2.2012e+22
-2.8178e+20
-9.7889e+19
-7.6527e+21
-1.619e+21
-1.0311e+22
-5.6298e+21
-1.8839e+22
-2.5187e+22
-1.6125e+22
-1.1722e+22
-5.0234e+21
-1.7271e+22
-7.5499e+20
-2.3076e+22
-1e+21
-1.6909e+22
-2.3205e+20
-2.7291e+22
-2.7632e+22
-3.5622e+21
-2.5519e+22
-3.0846e+22
-1.633e+22
-6.8889e+21
-5.4083e+21
-2.6673e+22
-1.8331e+22
-2.2199e+22
-6.7664e+21
-5.3662e+21
-3.9773e+21
-8.4701e+21
-1.8217e+22
-1.9468e+21
-3.6296e+21
-1.8339e+22
-2.2424e+22
-3.4723e+21
-1.1837e+20
-6.6042e+20
-2.011e+22
-1.9992e+22
-1.6036e+22
-7.0424e+21
-2.5927e+22
-2.4035e+20
-4.3944e+20
-1.3612e+20
-1.0568e+22
-2.9082e+20
-1.1446e+22
-1.4734e+20
-1.0674e+22
-6.9504e+20
-2.0234e+22
-2.8223e+22
-1.386e+22
-2.0309e+22
-2.6782e+21
-1.0625e+22
-2.3763e+22
-2.4826e+22
-9.5805e+21
-2.4105e+22
-3.0546e+20
-1.1068e+20
-2.0796e+22
-1.4053e+21
-2.2101e+22
-5.6416e+21
-1.8447e+22
-3.0069e+22
-2.5421e+22
-4.473e+20
-1.9167e+22
-2.5288e+22
-1.5709e+21
-1.739e+22
-3.8995e+20
-6.7446e+21
-1.4843e+21
-1.8488e+22
-6.1558e+21
-5.6428e+20
-2.4892e+22
-1.9113e+21
-2.5107e+22
-1.135e+22
-1.3338e+22
-1.1537e+22
-1.1985e+20
-2.6465e+21
-3.9269e+20
-2.5979e+22
-8.8618e+20
-2.9225e+22
-6.8617e+19
-1.0904e+22
-3.2594e+21
-2.0919e+22
-2.83e+21
-1.3879e+22
-2.0794e+22
-1.2098e+21
-2.7045e+20
-5.8761e+21
-7.6721e+20
-4.2688e+21
-2.2013e+21
-3.1741e+20
-1.0742e+22
-1.3835e+22
-1.7497e+22
-4.2161e+20
-2.8617e+22
-1.0683e+22
-1.5114e+21
-1.9139e+20
-2.0897e+22
-1.9044e+21
-2.636e+22
-1.4806e+21
-4.303e+21
-1.2834e+22
-1.3037e+22
-1.8614e+22
-2.0185e+22
-6.9524e+21
-3.5073e+21
-2.1533e+22
-1.9303e+21
-6.9494e+20
-1.3985e+22
-1.0461e+22
-1.407e+22
-1.9733e+22
-1.1827e+21
-1.8019e+21
-1.343e+22
-2.7906e+22
-6.6257e+20
-1.1123e+21
-3.6348e+21
-4.9362e+20
-8.8341e+21
-2.7271e+22
-1.9351e+22
-1.2844e+21
-2.8447e+22
-2.3022e+22
-1.3458e+21
-1.263e+22
-1.7508e+22
-2.345e+22
-2.3146e+21
-4.0887e+21
-2.6252e+22
-2.6428e+22
-2.2288e+20
-4.6467e+21
-3.2027e+20
-1.7812e+22
-2.7807e+22
-8.2188e+21
-4.5089e+21
-1.1317e+22
-1.4714e+22
-5.9274e+21
-7.7104e+20
-2.13e+22
-2.5937e+22
-8.7289e+21
-5.0678e+20
-7.408e+20
-2.4318e+22
-1.8098e+22
-2.8693e+22
-2.441e+21
-1.7498e+22
-4.4677e+20
-1.4795e+22
-7.8075e+21
-1.6949e+21
-1.046e+22
-2.3696e+22
-5.5819e+20
-1.1318e+21
-6.0743e+20
-6.4561e+21
-2.6958e+22
-6.8364e+21
-1.1361e+22
-1.5097e+22
-1.4342e+21
-2.1063e+21
-6.3951e+21
-6.6098e+21
-2.7311e+22
-8.5787e+21
-1.5011e+22
-1.0329e+21
-5.5829e+20
-1.6664e+21
-4.0473e+20
-1.6705e+20
-1.0753e+22
-7.0011e+21
-2.6333e+22
-2.4087e+22
-2.426e+20
-1.7546e+22
-1.7564e+22
-1.6949e+21
-4.488e+21
-1.6963e+22
-1.036e+22
-4.9186e+20
-1.5233e+21
-1.9932e+21
-2.461e+22
-1.5739e+22
-2.8514e+22
-1.7416e+21
-6.92e+20
-9.2297e+19
-1.3319e+22
-4.5409e+21
-2.6034e+22
-2.8799e+22
-5.2115e+21
-1.3653e+21
-2.3512e+22
-5.6538e+21
-1.121e+22
-1.841e+20
-1.0974e+21
-1.8065e+22
-3.596e+20
-8.9177e+21
-3.2591e+20
-5.4707e+21
-1.6894e+22
-2.1167e+21
-2.5474e+21
-6.2998e+21
-1.1664e+20
-5.948e+21
-1.467e+22
-1.6723e+22
-1.1898e+22
-3.6928e+20
-2.6576e+20
-1.3471e+22
-1.6679e+22
-1.6047e+22
-2.0295e+22
-1.1755e+22
-1.552e+21
-7.9681e+20
-1.5541e+21
-1.4129e+20
-5.2975e+21
-1.0605e+21
-2.4057e+22
-2.7094e+21
-2.6633e+22
-3.7116e+20
-1.416e+22
-1.8696e+22
-5.2339e+21
-1.6749e+20
-1.643e+22
-3.2106e+22
-1.3312e+22
-1.2399e+22
-2.8062e+22
-1.3486e+22
-8.6016e+20
-1.0441e+22
-2.0225e+22
-9.1739e+21
-2.1646e+22
-2.6421e+22
-2.766e+20
-2.7717e+22
-9.8588e+20
-7.3319e+20
-1.9999e+22
-2.4353e+21
-2.0513e+22
-7.6762e+21
-1.5312e+22
-8.1927e+20
-1.7258e+20
-5.7049e+20
-7.6579e+20
-8.4596e+21
-2.772e+22
-1.226e+21
-1.7348e+21
-3.0139e+22
-5.7221e+21
-1.0393e+20
-6.4251e+21
-1.8971e+21
-2.3643e+22
-1.9978e+22
-4.0193e+20
-5.4833e+21
-1.9137e+21
-6.6256e+20
-2.0138e+22
-1.863e+21
-3.7169e+21
-3.6443e+21
-1.5464e+21
-1.131e+22
-1.5743e+20
-2.8001e+21
-2.3958e+21
-7.5501e+21
-1.5636e+21
-6.7072e+20
-4.2678e+21
-3.6652e+21
-1.9428e+22
-1.1638e+22
-2.1823e+21
-3.6525e+21
-9.0878e+21
-2.5602e+21
-2.2998e+20
-1.6382e+22
-3.3113e+21
-1.972e+20
-3.4812e+20
-1.5092e+22
-1.9682e+22
-5.1703e+21
-1.5118e+22
-1.767e+22
-8.3104e+20
-6.3569e+21
-7.6505e+20
-1.3838e+21
-1.9879e+22
-4.7267e+21
-2.7575e+22
-4.6614e+20
-4.7644e+21
-1.24e+22
-1.7094e+22
-2.5773e+22
-3.6877e+21
-2.0009e+22
-1.5228e+22
-4.2963e+21
-2.8606e+22
-1.4769e+21
-1.6361e+22
-8.245e+21
-6.5003e+21
-9.9551e+21
-1.6988e+21
-4.9675e+21
-2.0274e+22
-4.8453e+21
-1.5128e+21
-1.919e+22
-1.9064e+22
-1.5975e+22
-1.8049e+22
-1.8848e+22
-1.8221e+22
-5.545e+21
-6.2787e+21
-2.2273e+22
-2.9423e+22
-6.0121e+21
-1.8051e+22
-3.0065e+22
-2.0534e+22
-1.6201e+21
-2.5699e+22
-1.2612e+21
-4.5554e+20
-5.7138e+21
-1.0079e+21
-2.0625e+21
-9.3512e+21
-1.3868e+22
-2.4716e+22
-2.0883e+22
-9.1638e+21
-5.9486e+20
-5.1493e+21
-1.753e+20
-1.6454e+21
-1.979e+21
-1.607e+22
-9.1255e+21
-1.7667e+22
-2.1434e+22
-1.292e+21
-1.8369e+22
-2.1568e+22
-1.4037e+22
-1.274e+22
-5.8549e+21
-7.6486e+20
-1.6913e+20
-2.3794e+22
-1.0546e+21
-1.1644e+22
-2.3522e+22
-2.7275e+22
-1.9831e+21
-1.2214e+22
-1.3431e+22
-1.1625e+22
-2.1855e+22
-2.5465e+22
-9.3848e+20
-3.6481e+20
-1.4852e+21
-1.5341e+22
-1.3365e+22
-3.0389e+22
-6.9716e+21
-4.5533e+21
-1.7718e+22
-4.655e+20
-1.8019e+21
-1.7934e+22
-2.8403e+22
-5.0188e+21
-1.4535e+21
-1.0407e+22
-4.0213e+21
-1.6314e+22
-1.2052e+22
-2.4394e+22
-2.1677e+22
-2.592e+20
-1.0724e+22
-1.8045e+21
-2.7845e+21
-4.1743e+21
-2.3124e+22
-1.6988e+22
-8.6261e+21
-1.1238e+22
-2.1549e+22
-1.9612e+22
-1.8745e+21
-9.6394e+20
-4.4674e+21
-1.664e+21
-1.6029e+22
-1.8461e+22
-1.8088e+21
-2.4094e+22
-3.0956e+22
-1.5777e+22
-9.0737e+21
-8.6957e+21
-2.686e+22
-9.227e+20
-3.1027e+21
-1.0936e+20
-1.4564e+21
-1.6992e+22
-1.9272e+22
-3.1295e+22
-2.8276e+22
-1.2837e+22
-3.8835e+20
-9.5055e+21
-1.9327e+22
-7.8873e+20
-1.472e+20
-4.333e+21
-2.0287e+22
-8.4789e+21
-3.7106e+21
-1.291e+21
-4.609e+20
-2.6548e+22
-1.1248e+22
-2.2847e+21
-1.4605e+22
-2.1032e+22
-3.9573e+20
-1.6837e+21
-1.8615e+21
-1.3193e+22
-2.2157e+22
-1.214e+20
-1.9023e+20
-2.3905e+21
-3.7414e+21
-6.4524e+20
-7.0826e+20
-1.0289e+22
-8.6852e+21
-2.4769e+22
-3.3975e+20
-1.1649e+22
-2.4829e+22
-2.1307e+22
-4.0714e+20
-2.2151e+22
-2.7836e+21
-9.9623e+20
-2.2396e+22
-1.5821e+22
-9.4727e+20
-1.0414e+22
-1.1299e+22
-2.0681e+20
-2.654e+22
-4.103e+20
-1.6734e+22
-1.586e+20
-1.9423e+22
-6.5447e+20
-2.0822e+21
-2.9704e+22
-1.2248e+22
-3.0025e+22
-6.4068e+21
-8.1668e+21
-2.7698e+22
-2.4436e+20
-1.7136e+22
-4.7361e+21
-1.7666e+20
-2.0164e+21
-7.7743e+21
-1.7239e+22
-1.0301e+21
-7.6141e+20
-1.3024e+22
-4.1035e+21
-7.2061e+21
-1.6958e+21
-2.3576e+22
-1.3599e+22
-3.9334e+21
-7.0598e+20
-9.9804e+20
-5.7707e+20
-1.4832e+21
-2.7325e+22
-3.0125e+22
-1.929e+22
-3.7087e+21
-5.3529e+20
-1.0243e+22
-5.6393e+21
-1.1982e+21
-1.0292e+21
-2.0898e+22
-4.6758e+21
-9.6313e+21
-1.4407e+22
-2.0351e+22
-1.2703e+22
-2.5359e+22
-2.4696e+22
-1.2507e+22
-8.7287e+20
-5.5248e+21
-1.8629e+21
-1.9347e+21
-2.6522e+21
-2.4423e+22
-7.9397e+21
-1.9835e+22
-2.5283e+21
-1.4159e+21
-6.8086e+21
-1.4981e+22
-2.8601e+21
-2.0004e+22
-1.2932e+22
-1.4511e+20
-4.7744e+21
-1.4797e+22
-1.7235e+22
-1.924e+21
-1.1067e+22
-1.4813e+22
-8.3578e+21
-2.2243e+22
-2.8309e+21
-2.3934e+22
-4.6292e+21
-2.9587e+22
-3.2553e+21
-2.1234e+22
-1.3056e+22
-3.7088e+21
-9.7409e+20
-2.6085e+22
-7.5642e+19
-8.4229e+21
-2.2953e+22
-1.5508e+22
-2.4334e+21
-1.0044e+21
-1.0633e+22
-1.0519e+22
-8.4647e+20
-1.0958e+20
-8.633e+20
-8.4555e+20
-7.8737e+20
-2.8451e+22
-1.6096e+22
-1.8989e+22
-1.4926e+22
-2.4315e+20
-1.8868e+21
-3.4271e+21
-2.039e+20
-3.8597e+21
-2.6097e+22
-1.8776e+22
-1.3731e+21
-1.9978e+22
-9.0913e+21
-1.3594e+22
-5.804e+21
-2.4305e+22
-2.3727e+22
-1.431e+22
-8.4956e+21
-4.3067e+21
-2.1623e+22
-2.0425e+21
-2.9118e+22
-2.2574e+22
-2.0454e+21
-2.3608e+22
-6.4693e+21
-4.3108e+20
-1.8432e+22
-8.4543e+21
-1.2215e+21
-3.0635e+22
-8.7706e+21
-3.2502e+22
-3.4199e+21
-4.4522e+20
-7.6619e+21
-2.3288e+22
-4.0085e+20
-1.037e+22
-3.7081e+21
-7.8661e+20
-1.4142e+21
-2.8365e+22
-1.9872e+20
-1.9257e+22
-5.2418e+21
-2.079e+21
-3.5046e+21
-7.9394e+21
-1.8975e+21
-2.2733e+22
-1.5596e+20
-4.6263e+21
-9.3997e+20
-1.3047e+22
-2.8195e+22
-6.7454e+21
-5.5267e+21
-2.0154e+22
-5.4204e+20
-1.6435e+21
-2.2038e+22
-8.6874e+21
-1.5288e+22
-2.9437e+22
-7.2452e+21
-1.2685e+20
-1.9018e+22
-9.6608e+21
-2.3504e+22
-1.8241e+21
-3.7865e+21
-1.722e+22
-1.8874e+22
-7.7789e+21
-2.5635e+22
-1.7004e+21
-4.5152e+20
-7.0657e+21
-1.3642e+22
-4.2947e+20
-6.4537e+21
-1.1107e+22
-1.7564e+22
-2.4763e+22
-2.242e+22
-2.5384e+22
-2.8427e+22
-3.0754e+22
-2.6954e+21
-2.033e+22
-1.8645e+22
-7.8981e+20
-2.2455e+22
-7.764e+21
-9.411e+21
-1.0983e+22
-3.1278e+22
-1.7787e+22
-2.8562e+22
-3.487e+21
-1.73e+21
-2.1588e+22
-2.8253e+22
-2.3364e+22
-4.6759e+20
-2.1094e+22
-2.8956e+22
-1.4712e+21
-1.5619e+22
-1.3785e+21
-1.9137e+22
-1.9418e+22
-2.2012e+22
-2.32e+22
-3.1262e+22
-2.104e+22
-1.8305e+21
-1.2435e+22
-2.3298e+22
-1.2842e+22
-3.0134e+22
-1.1311e+22
-1.2943e+22
-1.1317e+22
-2.7187e+21
-1.5506e+21
-9.6666e+21
-5.8117e+20
-1.3852e+22
-3.101e+22
-1.8569e+21
-9.8751e+20
-1.9655e+22
-1.0403e+22
-1.591e+22
-1.5797e+22
-2.1869e+22
-9.4682e+21
-7.455e+20
-6.5854e+21
-1.1928e+21
-2.6783e+22
-8.0365e+21
-4.1553e+21
-2.0144e+21
-1.2449e+20
-2.9747e+22
-6.3137e+19
-2.2568e+21
-1.3302e+22
-1.2442e+22
-2.8552e+21
-2.9172e+21
-2.4572e+22
-2.1782e+22
-1.9572e+22
-6.3137e+21
-1.4602e+22
-1.1202e+22
-1.8803e+21
-5.2963e+21
-7.7849e+21
-2.2257e+21
-1.1723e+21
-1.5606e+22
-9.0916e+21
-2.0795e+22
-2.6465e+22
-4.3913e+20
-2.2768e+21
-2.2908e+21
-1.969e+22
-1.8873e+22
-2.2604e+22
-1.1111e+21
-1.5616e+21
-1.2401e+22
-1.0981e+22
-4.5863e+21
-4.3758e+20
-1.1228e+21
-1.2691e+22
-1.5319e+22
-2.6899e+20
-2.2705e+22
-1.8374e+22
-3.9781e+20
-1.707e+22
-1.7518e+22
-6.0544e+20
-1.3799e+21
-2.6393e+21
-1.2505e+21
-2.001e+21
-2.0084e+22
-3.2714e+22
-1.1572e+22
-1.6388e+22
-1.4134e+22
-1.9842e+22
-2.3007e+22
-1.0326e+21
-3.2125e+22
-1.133e+22
-8.3063e+20
-1.4367e+22
-2.1684e+20
-1.1449e+21
-2.4313e+22
-1.1691e+20
-2.4573e+20
-1.0928e+22
-4.3839e+21
-1.0554e+22
-2.1874e+22
-2.2755e+20
-2.4424e+22
-5.7827e+20
-3.737e+21
-5.521e+20
-1.9602e+20
-9.8759e+20
-2.2811e+20
-2.4348e+22
-7.7184e+21
-1.5819e+20
-1.5511e+22
-1.4974e+22
-2.2715e+21
-2.1257e+22
-2.8172e+22
-1.1918e+22
-1.3609e+22
-2.2928e+22
-3.5833e+21
-9.5549e+20
-1.6254e+22
-5.5071e+20
-3.3294e+21
-2.139e+22
-2.7655e+21
-1.9022e+22
-2.1114e+21
-8.9023e+21
-1.2151e+22
-1.2606e+21
-2.5525e+22
-1.4517e+21
-6.6852e+21
-3.2108e+22
-2.4988e+22
-9.0396e+21
-2.4092e+21
-1.2861e+22
-1.6508e+22
-1.4885e+22
-9.7493e+20
-2.2515e+21
-1.9894e+22
-2.3587e+20
-7.1635e+20
-6.5e+21
-3.6977e+20
-9.2371e+21
-6.3363e+20
-8.8687e+20
-4.345e+20
-1.7045e+21
-1.0976e+21
-1.8162e+22
-1.1755e+22
-3.003e+22
-8.5532e+20
-1.4625e+22
-2.1682e+22
-1.9816e+21
-2.1904e+21
-5.9302e+20
-1.6148e+20
-1.6736e+20
-2.8397e+22
-2.901e+21
-3.3994e+21
-2.6254e+22
-2.9335e+21
-2.1062e+22
-9.4788e+21
-1.6658e+20
-3.3589e+21
-1.0969e+21
-3.5012e+20
-1.8781e+22
-1.5269e+22
-1.7749e+21
-5.3213e+20
-9.9269e+21
-4.8489e+21
-2.304e+22
-2.3532e+21
-6.0785e+20
-1.3256e+22
-1.3219e+22
-1.1313e+22
-1.8739e+21
-1.7351e+20
-1.7907e+22
-1.3747e+22
-2.0136e+22
-2.5015e+22
-2.2763e+22
-1.2868e+22
-1.9172e+21
-2.7321e+22
-2.0214e+22
-2.5198e+21
-1.9146e+21
-2.3429e+22
-1.406e+22
-2.5919e+22
-1.0633e+21
-1.9106e+22
-2.3204e+22
-2.0345e+22
-1.4145e+22
-1.9344e+21
-1.356e+22
-6.431e+20
-1.4213e+21
-1.9152e+20
-9.0352e+21
-1.6574e+22
-4.6232e+20
-4.048e+20
-5.7114e+20
-1.0572e+21
-2.0193e+21
-1.5716e+22
-2.0224e+22
-1.4753e+22
-1.5691e+20
-1.4268e+21
-2.5734e+22
-9.8305e+21
-1.3617e+22
-9.7534e+21
-1.1002e+21
-1.3534e+21
-2.7664e+22
-1.5993e+21
-6.2233e+20
-1.7532e+22
-5.2938e+21
-2.7991e+22
-1.93e+22
-1.975e+21
-1.1528e+22
-1.764e+22
-2.5772e+22
-2.5134e+22
-2.205e+21
-6.4031e+20
-1.2867e+21
-2.8425e+22
-2.5904e+22
-1.8888e+22
-7.3706e+20
-1.3324e+22
-2.9272e+22
-6.3425e+21
-1.0796e+22
-1.935e+21
-2.3442e+20
-1.4643e+22
-1.2475e+22
-6.727e+20
-2.3236e+22
-1.2138e+22
-2.5141e+22
-9.0096e+21
-1.8825e+22
-1.6332e+22
-2.4961e+22
-4.7938e+21
-2.4321e+22
-2.7133e+22
-1.6472e+22
-1.252e+21
-2.581e+22
-9.5935e+20
-5.2872e+21
-1.8449e+20
-6.5592e+21
-2.7284e+22
-2.2288e+22
-5.9303e+20
-1.2604e+21
-1.3457e+21
-7.5828e+21
-1.0618e+21
-1.4399e+22
-1.7273e+22
-7.8037e+21
-1.767e+22
-1.8114e+21
-8.8901e+21
-1.8549e+22
-2.2223e+22
-2.463e+21
-2.9919e+21
-2.0197e+22
-2.6629e+22
-1.1928e+22
-2.4834e+22
-7.461e+21
-3.188e+21
-2.0477e+22
-2.5435e+22
-9.8903e+20
-4.9923e+21
-2.0846e+22
-6.6489e+21
-2.388e+22
-1.4132e+22
-5.554e+20
-4.9766e+21
-5.1549e+21
-2.2016e+22
-2.8771e+22
-2.0389e+22
-1.0001e+21
-1.4586e+21
-7.8545e+20
-1.2396e+22
-2.4144e+22
-1.8052e+22
-2.9523e+22
-2.1085e+22
-1.0343e+22
-1.7908e+21
-1.2663e+20
-2.1811e+22
-3.8678e+21
-8.0137e+20
-1.7214e+22
-8.0462e+21
-1.7898e+22
-1.9191e+22
-1.824e+22
-2.4382e+22
-1.0135e+22
-1.0277e+22
-2.034e+21
-3.4124e+21
-6.6489e+21
-1.4088e+22
-1.2436e+22
-4.7229e+20
-2.8593e+22
-8.424e+21
-2.0873e+21
-2.7433e+22
-2.0232e+21
-1.6823e+22
-1.3773e+21
-1.8404e+22
-1.771e+22
-2.575e+22
-7.1094e+21
-2.496e+20
-1.051e+22
-2.5738e+22
-2.006e+21
-3.9339e+20
-1.6557e+20
-1.6766e+22
-1.418e+22
-2.0833e+22
-1.9224e+22
-1.6645e+22
-1.626e+22
-1.3646e+22
-1.6796e+22
-4.4579e+20
-2.856e+20
-2.0973e+20
-2.9e+22
-2.9774e+21
-1.5603e+22
-1.6327e+22
-1.827e+22
-2.1677e+22
-3.1188e+22
-2.7862e+22
-2.5137e+22
-1.8359e+21
-1.9523e+21
-1.9019e+22
-7.1311e+21
-2.3036e+22
-1.6086e+22
-4.3314e+20
-2.4555e+20
-1.0097e+22
-6.8772e+21
-1.2002e+22
-9.9274e+21
-1.9075e+22
-2.4762e+20
-2.7458e+22
-7.9856e+21
-1.1617e+22
-1.4906e+22
-1.6838e+22
-1.1122e+22
-2.9951e+22
-1.2621e+22
-1.6811e+22
-1.8781e+21
-1.0533e+20
-1.0959e+22
-1.6009e+21
-1.6539e+21
-5.6663e+21
-1.2733e+21
-3.1582e+20
-2.8616e+22
-3.086e+22
-2.7625e+22
-3.0419e+21
-6.1442e+21
-2.1876e+22
-2.5076e+22
-2.1069e+22
-9.6247e+21
-2.7832e+20
-2.1295e+21
-1.7952e+22
-8.3547e+21
-5.3967e+21
-1.8186e+22
-1.0147e+21
-4.8213e+20
-2.2756e+22
-1.1346e+22
-1.5044e+22
-2.3308e+22
-1.3139e+22
-2.7082e+22
-1.0291e+22
-1.8939e+22
-2.2891e+22
-2.8081e+22
-5.6038e+21
-9.4505e+21
-2.7166e+22
-9.985e+21
-1.7787e+21
-3.8862e+20
-1.6984e+21
-1.0672e+22
-1.6561e+22
-2.7769e+20
-2.1353e+22
-9.2875e+21
-7.8191e+21
-1.7622e+22
-1.813e+22
-2.3262e+22
-1.6398e+21
-1.5925e+22
-1.5247e+22
-1.2509e+22
-2.0376e+22
-1.3123e+22
-4.156e+21
-1.3928e+21
-8.4054e+19
-2.9184e+22
-1.2986e+22
-1.7215e+22
-1.0434e+21
-2.5411e+21
-2.0929e+21
-3.8334e+20
-2.0161e+21
-4.6079e+21
-7.0459e+20
-6.5882e+21
-2.83e+22
-2.0146e+22
-1.2051e+22
-2.308e+22
-1.0793e+22
-2.0534e+22
-5.0821e+20
-2.7206e+21
-8.739e+21
-1.9035e+22
-1.5162e+21
-1.5071e+22
-4.2362e+20
-3.0534e+21
-1.9704e+21
-1.605e+22
-2.6332e+22
-2.5704e+21
-6.9486e+21
-1.7731e+22
-2.3322e+22
-3.7041e+21
-1.9332e+21
-2.0329e+21
-9.9707e+20
-8.1168e+21
-2.255e+22
-5.4038e+21
-6.2731e+21
-1.7066e+22
-1.2031e+22
-2.0391e+22
-4.7558e+21
-1.817e+21
-1.0617e+22
-3.0212e+22
-2.512e+22
-2.1004e+22
-3.5927e+21
-2.4246e+22
-9.4996e+21
-8.1895e+20
-9.7056e+21
-1.8002e+22
-7.393e+21
-1.349e+22
-2.4012e+22
-2.6128e+22
-1.1125e+22
-2.9217e+22
-1.7408e+22
-3.9212e+21
-1.9597e+22
-3.0374e+21
-1.8041e+21
-8.1714e+21
-2.7961e+22
-1.0331e+22
-3.5631e+20
-2.1721e+22
-1.3799e+22
-8.7105e+20
-1.0323e+22
-1.5185e+21
-7.1813e+21
-1.0256e+22
-2.9522e+22
-7.1308e+20
-1.6973e+22
-1.16e+21
-2.1244e+22
-5.5586e+20
-2.0149e+21
-3.1022e+20
-1.9724e+22
-1.7783e+20
-4.8003e+21
-6.3017e+21
-1.4135e+21
-5.942e+20
-8.3148e+21
-1.5888e+22
-9.0734e+19
-1.6333e+22
-7.2593e+21
-1.6338e+21
-2.5249e+22
-2.3367e+20
-1.1734e+22
-6.7897e+21
-2.2919e+22
-1.1592e+22
-1.0935e+20
-7.0583e+21
-2.5527e+22
-3.2338e+21
-1.0232e+22
-1.9556e+21
-1.3433e+22
-3.0119e+21
-1.5875e+22
-1.7262e+22
-5.8453e+21
-1.7526e+21
-2.3204e+22
-1.8313e+21
-1.377e+22
-2.0042e+22
-2.0295e+22
-1.0899e+21
-2.5035e+22
-2.5359e+22
-2.1564e+22
-2.6639e+22
-1.6957e+22
-4.3286e+21
-8.1201e+19
-3.0036e+22
-8.1274e+20
-3.2516e+21
-1.2981e+22
-4.7329e+20
-1.5569e+20
-1.73e+22
-6.1266e+21
-1.6939e+22
-1.6762e+22
-3.6982e+20
-1.3199e+22
-1.9283e+20
-2.0051e+22
-1.6217e+22
-3.1246e+22
-8.1674e+21
-1.366e+22
-2.632e+22
-2.3408e+22
-3.0209e+22
-3.1005e+22
-2.7061e+20
-1.6772e+22
-2.2774e+22
-8.5264e+21
-4.0562e+21
-5.7744e+21
-1.8164e+22
-2.243e+22
-1.6521e+22
-2.7455e+22
-2.3259e+21
-2.3758e+22
-1.9769e+22
-2.5833e+22
-1.5903e+22
-2.1085e+22
-1.4451e+22
-2.5214e+22
-9.0467e+20
-2.8689e+22
-1.3819e+21
-2.3058e+22
-1.9209e+21
-9.4556e+20
-1.8187e+22
-1.9791e+22
-1.1968e+21
-1.8345e+22
-1.4679e+22
-7.9292e+21
-2.1308e+22
-6.6394e+20
-2.0228e+22
-2.0695e+22
-1.7101e+22
-2.7931e+22
-2.2964e+22
-2.6325e+22
-4.5879e+21
-2.1869e+22
-1.4926e+21
-1.1742e+22
-3.0862e+22
-9.942e+20
-1.3891e+22
-4.0731e+21
-2.0177e+21
-6.2819e+20
-3.4976e+20
-8.1645e+20
-5.7444e+21
-1.8625e+22
-2.4807e+22
-7.893e+20
-1.3449e+21
-1.3581e+20
-2.0337e+22
-2.5851e+22
-2.8696e+22
-1.2489e+21
-1.4381e+21
-2.2639e+22
-2.3034e+22
-2.8852e+21
-1.5464e+22
-1.058e+22
-4.2179e+21
-1.295e+22
-2.2322e+22
-2.7456e+21
-2.1653e+22
-1.1392e+22
-6.4067e+21
-2.5639e+21
-2.7584e+21
-4.2859e+21
-3.1553e+22
-7.8965e+21
-2.5369e+22
-2.6919e+21
-2.0473e+22
-1.5923e+22
-2.2686e+21
-7.0371e+21
-2.4245e+22
-1.2556e+22
-1.9831e+22
-5.0133e+20
-3.0792e+22
-3.0214e+21
-2.0909e+22
-5.3475e+21
-7.6507e+21
-6.4297e+21
-1.013e+22
-3.2682e+21
-1.8414e+22
-1.6321e+21
-2.8608e+22
-2.1891e+22
-9.5432e+20
-1.7653e+20
-1.6903e+22
-1.022e+22
-1.8858e+21
-1.6865e+20
-5.5469e+21
-1.7963e+22
-8.0025e+21
-4.6715e+20
-1.3817e+22
-9.5752e+19
-2.1359e+22
-2.638e+22
-3.3133e+20
-1.2305e+21
-5.83e+20
-1.3894e+22
-1.9367e+21
-7.5751e+20
-8.1512e+21
-2.5695e+22
-2.0109e+22
-2.4504e+22
-1.3353e+21
-1.049e+21
-2.6115e+22
-1.6687e+22
-1.9674e+22
-2.2635e+22
-1.3124e+22
-1.8657e+22
-3.9203e+20
-1.7357e+21
-1.5664e+22
-6.8065e+20
-2.9894e+22
-9.0379e+19
-1.3044e+21
-2.0018e+22
-1.71e+21
-2.0841e+22
-2.0412e+22
-1.853e+22
-2.1915e+22
-2.281e+22
-2.2877e+21
-7.795e+20
-1.6193e+22
-1.6483e+22
-2.1739e+22
-3.8941e+21
-7.7379e+20
-1.0292e+21
-1.296e+21
-2.5419e+21
-7.3479e+21
-8.211e+21
-2.2049e+22
-3.3681e+21
-2.8143e+20
-2.6956e+22
-1.9604e+21
-6.6653e+20
-4.4613e+20
-2.2558e+22
-7.4118e+21
-1.2701e+22
-1.8129e+22
-8.746e+21
-2.8717e+22
-1.8073e+22
-4.0845e+21
-4.3683e+20
-1.6849e+22
-5.4424e+21
-1.9595e+21
-9.4323e+21
-2.2954e+20
-9.5952e+20
-1.7267e+22
-2.1066e+22
-1.9739e+20
-5.6255e+21
-7.4885e+20
-1.1666e+20
-6.4555e+21
-1.2003e+22
-1.7278e+22
-1.9591e+21
-4.6824e+21
-1.9427e+22
-2.4814e+22
-1.0702e+22
-1.4351e+21
-1.41e+21
-1.7497e+21
-9.5855e+21
-6.2105e+21
-3.6475e+21
-5.9846e+21
-2.9468e+22
-3.1947e+21
-2.3679e+22
-7.8438e+20
-6.116e+20
-1.112e+22
-2.1583e+21
-1.0644e+22
-8.105e+21
-6.41e+21
-2.9469e+22
-1.0541e+22
-1.3968e+22
-2.2332e+22
-1.3991e+22
-1.3845e+20
-1.6291e+20
-2.7146e+22
-1.11e+22
-2.2415e+21
-1.8094e+21
-9.1371e+20
-1.8807e+22
-6.8527e+20
-9.8035e+20
-2.7254e+22
-9.9653e+21
-2.4271e+22
-1.6499e+21
-4.4011e+21
-2.0362e+22
-2.5846e+22
-1.7542e+21
-1.3918e+21
-2.5411e+21
-2.7146e+22
-1.7127e+22
-3.9853e+21
-1.369e+20
-4.7793e+20
-5.3058e+21
-1.1559e+22
-1.5433e+20
-1.7924e+22
-1.7337e+22
-2.6425e+21
-1.5886e+21
-1.9154e+22
-9.8678e+21
-2.2575e+22
-2.3534e+22
-2.6306e+21
-2.9275e+22
-2.3742e+22
-2.0286e+21
-2.1136e+22
-2.2346e+22
-2.6022e+22
-1.0041e+21
-3.1125e+20
-3.2909e+21
-5.724e+20
-8.7215e+20
-2.9378e+22
-2.018e+21
-1.6492e+21
-5.3871e+21
-4.7305e+20
-6.7834e+21
-2.0597e+22
-1.4257e+22
-1.8939e+22
-2.1487e+22
-1.2784e+22
-3.9937e+20
-4.2038e+21
-7.275e+21
-6.1641e+20
-2.1772e+22
-4.1682e+21
-1.7801e+22
-4.7879e+21
-2.8252e+22
-1.6018e+21
-2.8072e+22
-8.5802e+19
-2.009e+21
-2.444e+22
-6.5276e+21
-2.4935e+22
-1.7068e+22
-5.4503e+21
-1.2134e+22
-2.3899e+20
-1.0088e+22
-1.8773e+22
-1.7242e+22
-2.5617e+22
-7.2022e+20
-1.5586e+22
-3.2333e+21
-5.0087e+21
-2.4883e+22
-1.4411e+20
-1.6665e+20
-1.7805e+22
-6.0888e+21
-9.6406e+21
-1.1617e+22
-6.1681e+20
-2.1311e+22
-1.8043e+21
-2.0977e+22
-2.3048e+22
-1.7747e+21
-7.7162e+21
-1.9211e+22
-1.812e+20
-1.6464e+21
-1.0327e+21
-1.7512e+20
-1.8886e+20
-1.5399e+22
-3.0309e+22
-2.1977e+22
-3.2573e+22
-2.6066e+22
-1.5358e+20
-7.6e+20
-2.3291e+22
-1.7378e+21
-5.0398e+20
-2.7196e+22
-9.9692e+21
-1.0256e+22
-1.6858e+22
-6.1328e+21
-2.3047e+21
-1.149e+22
-2.6005e+20
-6.7457e+21
-6.3279e+21
-7.4012e+21
-1.4296e+22
-1.0048e+22
-2.2929e+22
-1.9443e+22
-1.8704e+22
-2.0215e+22
-6.9918e+21
-1.2368e+22
-3.6889e+20
-1.7599e+21
-6.3799e+21
-2.2466e+22
-4.8325e+21
-2.052e+20
-1.6519e+21
-2.935e+21
-7.6693e+20
-5.8353e+20
-1.6891e+22
-1.8586e+21
-6.3444e+20
-1.3259e+22
-2.8907e+21
-2.6756e+22
-7.4517e+21
-2.1051e+22
-3.3739e+21
-1.2693e+22
-1.6852e+22
-1.0574e+22
-1.2264e+22
-7.665e+21
-2.5185e+22
-7.779e+21
-2.5944e+22
-1.2046e+21
-1.5098e+21
-2.5675e+21
-2.4691e+22
-1.2348e+21
-8.8856e+21
-1.3378e+20
-1.2108e+22
-1.4769e+21
-9.3103e+20
-1.0512e+22
-1.778e+21
-1.9524e+22
-1.9017e+22
-1.1357e+22
-7.9671e+21
-2.6642e+22
-2.7317e+20
-7.3407e+21
-1.8182e+22
-2.3023e+21
-2.0534e+22
-1.1039e+22
-1.7861e+21
-2.3783e+20
-2.1015e+22
-1.1347e+21
-1.6414e+21
-1.6987e+22
-1.5764e+22
-6.6702e+21
-1.4299e+22
-2.6281e+22
-3.0477e+22
-2.1901e+20
-2.0416e+22
-2.223e+21
-9.0268e+21
-2.8888e+21
-1.1703e+22
-1.7285e+21
-2.5379e+22
-3.5596e+21
-2.3358e+20
-1.0106e+22
-2.1394e+22
-1.8985e+21
-2.3713e+22
-2.1604e+22
-1.9349e+22
-6.4814e+21
-1.4666e+22
-2.3284e+22
-1.7613e+21
-5.3789e+20
-1.1646e+22
-6.8288e+20
-2.354e+22
-1.9704e+22
-2.1982e+20
-3.955e+21
-6.9243e+21
-9.639e+21
-6.3252e+21
-1.8535e+21
-2.2326e+22
-2.9359e+22
-1.4419e+22
-3.4315e+20
-3.1271e+21
-2.8551e+22
-1.7411e+21
-1.3666e+22
-1.4186e+22
-1.8238e+22
-2.7603e+22
-3.2318e+22
-1.1884e+22
-6.8855e+21
-4.0148e+21
-2.4791e+22
-2.587e+22
-2.3256e+22
-1.7347e+21
-1.6222e+22
-2.1542e+22
-1.4254e+22
-1.3176e+22
-1.3064e+21
-2.5052e+22
-1.9751e+21
-1.3952e+22
-2.3811e+22
-1.167e+21
-1.7412e+22
-2.075e+22
-1.1149e+21
-2.1487e+22
-2.2522e+22
-3.9259e+21
-2.5512e+22
-2.561e+20
-1.813e+20
-5.0884e+21
-2.1381e+22
-2.7065e+22
-6.3389e+21
-6.0497e+21
-1.878e+22
-2.4019e+22
-1.4301e+22
-1.4865e+20
-9.8153e+21
-2.7249e+22
-4.4841e+21
-3.2943e+21
-1.8047e+21
-2.1401e+22
-3.747e+20
-1.7093e+22
-1.6778e+22
-5.7569e+21
-2.711e+22
-8.7991e+21
-1.3253e+21
-4.3467e+21
-2.016e+22
-1.4741e+22
-1.8959e+21
-1.2792e+22
-1.3663e+22
-1.1571e+22
-1.8506e+21
-4.1122e+21
-6.8523e+21
-9.4595e+21
-1.9573e+22
-2.2595e+22
-2.2161e+22
-8.499e+19
-2.5736e+20
-1.9716e+22
-1.1028e+22
-1.3996e+21
-3.3579e+21
-1.3821e+21
-1.9761e+21
-6.7142e+19
-3.9428e+20
-1.7589e+22
-1.7961e+22
-1.7994e+22
-1.7959e+22
-2.3608e+22
-7.6207e+21
-2.2401e+21
-8.0155e+21
-1.4804e+22
-8.5337e+21
-2.5204e+22
-2.4838e+20
-2.4487e+22
-2.4936e+22
-9.4396e+21
-2.9996e+20
-2.7549e+22
-4.2827e+21
-5.2036e+21
-1.3013e+22
-3.0155e+22
-2.1762e+21
-1.9736e+22
-1.1322e+21
-1.8784e+21
-2.1475e+22
-2.7378e+22
-2.1706e+22
-2.8384e+20
-7.4001e+21
-1.5926e+22
-2.6361e+21
-1.5508e+22
-4.2224e+21
-1.0558e+22
-1.0687e+22
-1.1156e+20
-5.8747e+20
-2.2265e+22
-1.3846e+21
-2.984e+21
-4.9925e+21
-1.8309e+22
-2.2857e+22
-6.6077e+21
-1.6821e+20
-3.4532e+20
-4.3554e+21
-3.3796e+21
-4.0924e+20
-1.0543e+21
-2.5131e+22
-2.5001e+22
-2.0926e+22
-1.5985e+22
-4.5506e+21
-2.6717e+22
-2.769e+22
-8.0994e+21
-1.7666e+22
-2.7368e+22
-5.8071e+21
-1.945e+21
-2.1121e+20
-2.1896e+22
-1.3622e+22
-7.8322e+21
-2.0109e+21
-1.9964e+21
-2.8787e+22
-1.2211e+22
-1.7291e+22
-2.6088e+22
-4.4035e+21
-3.4909e+20
-1.8039e+22
-7.1788e+21
-2.3935e+22
-1.3839e+22
-1.638e+22
-2.9241e+22
-1.1903e+22
-8.4356e+20
-1.1509e+22
-1.3295e+22
-1.2777e+21
-6.0875e+21
-1.8046e+22
-9.2527e+21
-1.9823e+22
-2.5229e+22
-3.0001e+22
-1.2334e+22
-2.4716e+22
-2.3873e+22
-1.8339e+20
-1.3662e+22
-2.7627e+22
-2.0448e+22
-2.3711e+22
-6.1314e+21
-6.5279e+20
-1.5705e+20
-7.7206e+21
-2.2851e+22
-1.5998e+22
-2.7991e+22
-7.1589e+21
-1.0819e+22
-3.4226e+21
-1.9108e+21
-2.4452e+22
-6.683e+20
-1.1521e+22
-1.7016e+21
-9.8631e+19
-2.7357e+22
-2.1512e+22
-1.1773e+21
-2.4053e+20
-1.6038e+21
-6.6026e+20
-2.7167e+22
-6.0569e+21
-4.9112e+21
-2.9103e+20
-7.4394e+21
-3.1047e+20
-2.0355e+21
-2.299e+22
-2.0642e+21
-1.1163e+22
-4.8686e+20
-1.898e+21
-1.6699e+20
-7.6131e+21
-1.665e+22
-1.2288e+22
-2.4095e+22
-1.5327e+22
-2.7653e+22
-2.8883e+22
-7.4938e+20
-2.1405e+22
-1.7924e+21
-8.6472e+20
-1.4487e+22
-1.6725e+22
-6.0818e+20
-8.5821e+21
-1.3801e+21
-2.8717e+22
-1.7781e+21
-1.719e+22
-9.7946e+20
-1.389e+21
-9.4134e+21
-4.3966e+20
-4.6089e+21
-5.8073e+21
-7.8235e+21
-1.0739e+22
-1.9613e+22
-1.7695e+21
-1.1835e+21
-2.7307e+22
-1.9241e+22
-3.5524e+21
-1.7132e+21
-3.3295e+21
-1.7812e+22
-2.0971e+20
-1.0897e+21
-1.636e+22
-2.0629e+21
-6.104e+21
-1.1024e+22
-9.4287e+21
-1.7513e+21
-1.6067e+21
-1.7312e+22
-5.9651e+20
-1.5328e+21
-2.9912e+22
-7.604e+21
-1.179e+22
-2.5583e+22
-2.3796e+22
-2.9309e+20
-1.6715e+20
-1.708e+22
-1.1177e+22
-1.277e+22
-2.1303e+22
-8.4704e+20
-5.0807e+21
-7.1594e+21
-4.2248e+21
-1.2302e+22
-1.7038e+22
-2.5084e+22
-1.0388e+22
-9.7789e+21
-8.233e+21
-4.4871e+21
-3.0174e+21
-6.7549e+20
-2.8402e+21
-8.6981e+20
-2.8153e+21
-1.4182e+21
-1.4216e+22
-8.8209e+21
-1.3971e+21
-1.1842e+22
-2.1664e+22
-5.0328e+21
