
113
-4.26033416e+20
-1.53694574e+20
-2.38193534e+22
-1.80290113e+22
117
-1.15745287e+20
-5.68290483e+20
-4.55634455e+20
-9.52725111e+20
121
-1.62732669e+22
-3.75465223e+20
-4.45340002e+20
-1.61080319e+21
125
-4.14523511e+20
-1.67651853e+21
-7.99201091e+20
-1.46488817e+21
129
-1.59721105e+22
-1.81947215e+21
-3.290142e+21
-1.0750213e+21
133
-2.1381547e+22
-1.81024165e+22
-8.06652926e+20
-1.56570561e+22
137
-6.56814236e+21
-1.65678685e+21
-7.76803819e+21
-9.20808018e+20

57
-9.06162864e+20
-1.30496739e+22
-2.44537199e+20
-8.81656361e+21
61
-1.79770407e+21
-1.0639443e+21
-1.62929441e+20
-1.37567443e+21
65
-9.41914528e+21
-3.52818505e+20
-1.80202975e+21
-1.0788885e+22
69
-2.31303543e+21
-4.87969118e+21
-6.53652276e+21
-1.23424912e+21
73
-2.56609428e+20
-4.84920565e+20
-4.93714762e+20
-1.52529079e+21
77
-1.77418692e+20
-1.34053133e+20
-3.07061237e+20
-1.68149656e+20
81
-1.77585324e+21
-1.52662481e+21
-1.11193466e+20
-5.51954337e+20

85
-2.36181315e+21
-2.51555139e+21
-3.79732269e+20
-1.48433497e+21
89
-4.71868211e+20
-3.07936039e+20
-3.15310889e+21
-1.73420946e+22
93
-1.87610929e+21
-2.91532473e+21
-1.57907279e+22
-1.7735256e+21
97
-1.28098563e+22
-1.13248362e+22
-2.44364063e+22
-1.87900818e+22
101
-8.70769808e+20
-1.42171538e+21
-3.80939611e+20
-4.99992526e+21
105
-6.73251971e+21
-7.12894389e+20
-1.38885362e+20
-1.55578737e+21
109
-1.97852189e+22
-4.05766201e+21
-8.8032832e+20
-1.7309895e+21

29
-7.057467e+20
-3.76195646e+20
-1.98021062e+21
-6.1743206e+21
33
-3.20586471e+21
-5.81434982e+21
-1.04931509e+22
-2.94143536e+21
37
-1.93106168e+22
-1.75213416e+21
-2.31598338e+20
-9.06941875e+19
41
-1.91973293e+21
-2.46929286e+21
-2.11536736e+22
-4.91064643e+20
45
-9.70492855e+21
-2.02773271e+22
-6.47697349e+20
-1.63411923e+22
49
-2.7490434e+22
-1.43953595e+21
-9.49455258e+21
-7.90899343e+21
53
-1.38529972e+22
-4.67173078e+21
-6.33720779e+20
-1.87021795e+22

449
-2.57462102e+20
-1.76626717e+21
-1.06060837e+21
-1.64186951e+21
453
-2.67468923e+22
-7.06057552e+20
-1.9095618e+20
-2.28853996e+21
457
-8.17401093e+21
-8.40053512e+20
-4.26160414e+20
-4.43243192e+21
461
-2.11295671e+21
-1.65979288e+21
-2.79077455e+22
-9.83493367e+20
465
-1.7895292e+20
-7.21035252e+20
-6.99239467e+21
-2.42953997e+21
469
-1.20894256e+21
-1.72920704e+21
-3.88637874e+21
-1.4920838e+21
473
-6.70808966e+20
-3.01200705e+21
-3.00287612e+20
-1.06300983e+22

197
-2.80144132e+22
-1.84759395e+22
-9.62948365e+21
-1.75215687e+21
201
-3.35551972e+21
-2.49400807e+21
-1.65762351e+22
-2.05695618e+22
205
-5.29319003e+20
-1.1501332e+22
-7.09216871e+21
-9.70491923e+21
209
-9.88645746e+21
-1.99863399e+22
-1.69686954e+22
-6.98882476e+20
213
-6.30978579e+21
-1.07088753e+22
-2.2090813e+21
-1.04474677e+20
217
-3.60289495e+20
-2.53907524e+22
-2.83441589e+22
-1.71589966e+22
221
-1.43477957e+21
-1.4171112e+21
-1.15850286e+22
-1.85062474e+21

365
-9.58989193e+20
-1.10999585e+22
-2.16351406e+22
-2.49516577e+22
369
-3.37498395e+20
-5.56686271e+21
-7.19469326e+20
-3.36720732e+20
373
-1.25009783e+22
-8.336515e+20
-7.66741296e+20
-2.54525221e+21
377
-6.70411212e+21
-1.67135538e+21
-1.15833874e+22
-1.14838254e+20
381
-7.52366701e+20
-1.55223003e+21
-1.51672011e+22
-1.87597709e+20
385
-1.16391815e+22
-1.88574242e+22
-1.99506818e+22
-7.08420058e+20
389
-1.43599186e+21
-3.80620842e+20
-1.56003825e+22
-1.00214543e+21

281
-9.61808775e+21
-5.21148744e+20
-1.06204076e+22
-1.10546367e+22
285
-1.35184519e+22
-1.93952952e+20
-1.27571505e+21
-1.41872643e+20
289
-1.55222778e+21
-1.65325303e+21
-9.26834597e+20
-1.90499187e+21
293
-1.77392532e+22
-8.81168208e+21
-5.62906573e+21
-2.51472482e+22
297
-8.68144816e+21
-1.66188241e+22
-1.30954295e+21
-1.15621673e+22
301
-2.06435488e+22
-1.20058504e+21
-1.92100122e+20
-4.6693473e+21
305
-2.71928501e+21
-3.03183536e+21
-2.45733382e+22
-2.52270225e+20

309
-1.57899156e+22
-2.02142718e+22
-7.98358067e+21
-7.45006794e+20
313
-5.02409102e+20
-2.23551626e+20
-1.67628718e+21
-2.69679739e+22
317
-1.77883721e+21
-1.30119291e+20
-1.95119262e+21
-2.6504205e+20
321
-1.6911376e+22
-1.65673812e+21
-1.56432837e+20
-1.39980566e+20
325
-1.1455132e+22
-3.97586148e+21
-7.74749422e+19
-1.88065478e+21
329
-6.59985925e+20
-4.92451007e+21
-5.2923953e+21
-7.17649453e+21
333
-5.05091934e+20
-1.0897972e+20
-2.20948596e+22
-7.74087685e+20

421
-1.35499203e+21
-9.75666497e+20
-1.41257133e+21
-1.88844382e+22
425
-1.99951201e+21
-2.64165223e+22
-2.33346997e+20
-6.18435661e+20
429
-6.42984409e+21
-2.06976292e+22
-1.38329799e+21
-1.11153956e+21
433
-1.46704607e+20
-1.71158456e+20
-4.31880302e+21
-2.2283085e+20
437
-6.79113155e+20
-1.4169809e+22
-2.67972415e+22
-3.2718456e+20
441
-2.83015315e+20
-1.70368968e+21
-6.73844127e+20
-2.50640725e+22
445
-2.13892854e+22
-2.36391297e+22
-1.54980678e+22
-5.52013546e+21

757
-5.10399096e+20
-1.83077295e+21
-1.75942365e+21
-2.06793951e+20
761
-5.74576082e+21
-2.38203416e+21
-9.31131729e+21
-9.42298785e+21
765
-3.32694023e+20
-6.25566275e+20
-4.75686376e+21
-6.28641454e+20
769
-1.34676662e+22
-2.09184189e+22
-1.60721638e+22
-2.50485166e+22
773
-2.48182392e+22
-2.00950875e+22
-6.05407794e+21
-2.61184468e+22
777
-1.46405508e+22
-7.38943431e+20
-2.07822512e+22
-1.88085434e+21
781
-2.07593817e+22
-1.84434613e+21
-2.07759961e+22
-1.59747002e+22

169
-1.15475729e+22
-2.47269324e+22
-1.33531767e+21
-1.10035711e+22
173
-1.5878542e+21
-2.2676125e+20
-2.48157211e+21
-1.57606867e+22
177
-3.89892022e+21
-4.89075691e+20
-1.59459924e+21
-1.67554271e+21
181
-1.57805791e+21
-1.26746521e+21
-1.48357108e+22
-2.96111123e+22
185
-1.16538858e+20
-1.85063485e+21
-1.95385526e+22
-1.4918545e+20
189
-1.16638164e+22
-1.58810785e+21
-1.00812073e+22
-1.40980856e+22
193
-2.3396903e+22
-8.95583706e+21
-1.66952492e+22
-1.67486328e+21

225
-7.41982941e+21
-2.6333121e+22
-1.00221489e+22
-1.11074205e+21
229
-8.99933046e+21
-1.25050435e+22
-1.53268498e+21
-1.44180367e+21
233
-4.09119668e+21
-6.66750278e+20
-1.05306213e+20
-7.07780767e+21
237
-1.76936078e+21
-7.30623174e+21
-2.98286931e+21
-1.2180774e+21
241
-2.6062427e+22
-1.6394944e+20
-2.94463423e+21
-1.32960876e+22
245
-1.3751192e+21
-1.00105854e+22
-1.61384495e+20
-1.57521213e+21
249
-2.10155548e+22
-1.31559733e+22
-1.56856619e+22
-1.26567784e+21

253
-3.11570399e+20
-1.62247363e+21
-7.08398182e+21
-9.60636e+21
257
-1.77526706e+20
-9.92944238e+20
-1.82984895e+22
-1.83359846e+22
261
-6.12734086e+21
-5.41742249e+21
-1.63711753e+20
-6.0407218e+21
265
-1.59290105e+21
-5.2699801e+21
-6.63619942e+21
-3.95770658e+21
269
-1.23366272e+21
-1.20954078e+22
-6.88657932e+21
-1.80695483e+22
273
-1.48649315e+22
-1.11138736e+22
-6.17079588e+21
-1.27934674e+21
277
-2.37694201e+20
-9.73676453e+21
-1.58393927e+22
-8.95705963e+21

1149
-1.75599054e+21
-1.36179914e+22
-2.15013515e+22
-6.64051666e+21
1153
-1.95097238e+21
-1.59363364e+21
-2.11109345e+22
-8.88650609e+21
1157
-8.70467494e+20
-3.6579245e+21
-3.48819392e+21
-8.57739315e+20
1161
-1.49824717e+22
-1.0176956e+22
-2.56866799e+22
-1.16347165e+21
1165
-1.23846466e+21
-5.41048292e+21
-2.29702803e+20
-1.37568606e+22
1169
-4.71976163e+20
-2.04687083e+21
-7.06874218e+21
-1.25817414e+21
1173
-1.60652383e+22
-2.11018506e+20
-1.52017675e+21
-1.35386308e+21

869
-4.76802642e+20
-2.0993231e+21
-1.25996362e+22
-7.50238978e+20
873
-1.69163206e+21
-4.19858634e+20
-2.66557218e+21
-1.86802766e+20
877
-1.28733496e+21
-9.08300705e+20
-1.21586516e+22
-1.45801772e+21
881
-1.38443973e+21
-2.65051601e+21
-2.39435923e+20
-2.2970038e+22
885
-8.64537992e+21
-1.17648444e+22
-1.82880627e+21
-2.0271016e+20
889
-1.37583952e+22
-2.36118266e+21
-2.01024239e+22
-8.59458075e+20
893
-1.87334406e+22
-2.51174497e+20
-1.56053722e+21
-4.60697284e+21

505
-4.44122158e+21
-1.80543321e+22
-8.79530018e+21
-1.13255506e+21
509
-8.89622619e+20
-2.23825583e+21
-1.22648912e+20
-1.96861287e+22
513
-1.54567044e+21
-2.43898055e+22
-1.07275167e+22
-4.07753801e+20
517
-8.51299419e+20
-2.33061702e+21
-7.79831025e+20
-4.65931312e+21
521
-1.19973287e+22
-1.2804626e+22
-2.30712855e+22
-1.12488135e+21
525
-6.98182828e+21
-5.60171524e+20
-2.21937372e+22
-2.95009361e+21
529
-2.06199908e+21
-9.57015924e+21
-4.01214272e+21
-1.05776802e+22

477
-3.81177516e+20
-2.56715319e+22
-4.88844011e+21
-5.91933914e+21
481
-1.56654599e+21
-1.41883599e+21
-5.77541862e+21
-2.4871333e+22
485
-4.36110662e+20
-4.89713798e+20
-2.12585823e+20
-1.46920815e+21
489
-6.71720826e+21
-9.18182913e+21
-1.99446765e+22
-1.61591274e+22
493
-2.44143632e+22
-1.06007538e+21
-4.12102842e+20
-5.23419813e+20
497
-3.0049987e+21
-1.13834597e+22
-1.73665574e+22
-1.20156553e+22
501
-1.92962348e+21
-1.1763929e+22
-6.26446378e+21
-2.41900422e+22

393
-2.25225023e+22
-2.10296989e+22
-1.75394198e+21
-4.47659379e+21
397
-6.59702218e+21
-2.90750787e+22
-2.21694379e+22
-1.83156844e+22
401
-4.65348232e+21
-6.66698952e+20
-1.59586826e+21
-1.15279651e+22
405
-2.13642218e+22
-1.59366107e+20
-1.22086317e+21
-1.95985289e+21
409
-6.58860927e+20
-1.10154182e+21
-1.59243402e+20
-1.22343018e+21
413
-1.7612582e+20
-1.58159278e+21
-2.8171598e+20
-9.58961341e+21
417
-5.89736593e+21
-9.91415935e+20
-4.07918091e+20
-3.29342533e+21

533
-1.87745215e+21
-3.00119367e+21
-2.44351661e+22
-1.71079834e+22
537
-1.63606048e+22
-1.03107951e+21
-1.56968718e+21
-1.75058514e+22
541
-2.8218863e+21
-1.10083464e+21
-1.23417848e+21
-2.07357465e+22
545
-1.70884677e+21
-1.79449001e+20
-7.2541757e+21
-1.3401254e+22
549
-2.30141463e+22
-6.45710942e+20
-3.5854392e+21
-2.42473959e+21
553
-2.3311196e+22
-4.23715782e+21
-2.24528154e+22
-1.13349848e+21
557
-1.23279759e+22
-2.06805261e+20
-5.93194813e+21
-1.26237235e+21

561
-1.78998121e+22
-1.09420325e+20
-5.87604574e+20
-5.88481516e+21
565
-2.92516317e+20
-2.18231024e+22
-8.89026724e+21
-1.78948306e+21
569
-1.09776406e+21
-5.10419072e+21
-7.74055525e+21
-2.28769207e+22
573
-2.48005125e+22
-2.41360951e+22
-1.9749176e+22
-3.22920791e+22
577
-1.96274665e+22
-6.85745094e+21
-2.31667946e+22
-5.57420686e+20
581
-2.86363487e+22
-1.70253914e+21
-1.5328888e+20
-8.87409223e+21
585
-1.82315134e+22
-1.68917566e+22
-1.66539893e+21
-3.46578736e+21

729
-7.00858108e+20
-1.26585463e+22
-3.11963255e+20
-8.05929359e+21
733
-2.00871014e+22
-1.08422004e+21
-3.99209451e+21
-7.59581181e+21
737
-2.09896991e+22
-8.69154982e+21
-1.59114569e+20
-1.62722279e+21
741
-1.67753132e+21
-5.16265762e+20
-1.42344173e+21
-1.12017668e+22
745
-1.88303782e+21
-3.54013097e+20
-3.75863583e+20
-1.63654017e+22
749
-1.68912846e+21
-1.0760994e+21
-1.36837629e+21
-3.1616533e+20
753
-1.82819702e+22
-4.8296385e+21
-1.13130585e+21
-6.67892539e+21

617
-5.24454697e+21
-1.17674403e+22
-8.24611964e+21
-2.80790847e+22
621
-2.53141269e+22
-8.0735762e+21
-4.94481526e+20
-2.3914618e+22
625
-3.08698911e+20
-1.70010977e+22
-1.35854259e+22
-2.00166344e+20
629
-3.86555302e+21
-2.90914329e+21
-1.02566569e+22
-2.98773081e+21
633
-2.72100196e+20
-4.3822795e+20
-2.20405477e+20
-5.20947272e+21
637
-4.26778665e+20
-7.37488622e+20
-2.44589569e+22
-2.04863954e+22
641
-2.03825504e+22
-4.66549586e+20
-1.65682858e+22
-2.01565593e+22

897
-3.00359096e+22
-1.24733175e+22
-4.68519597e+21
-7.72325117e+20
901
-1.7023671e+21
-1.24083842e+21
-1.14081039e+22
-3.42778532e+21
905
-8.0836525e+19
-6.40704788e+21
-6.11115996e+21
-6.00442568e+20
909
-1.47626032e+20
-2.61158386e+22
-1.35478038e+20
-1.96033844e+22
913
-2.54951858e+22
-9.07724411e+20
-8.29533273e+20
-2.04710916e+22
917
-1.5642216e+21
-1.70381833e+22
-1.36990253e+22
-7.51491786e+21
921
-1.48326975e+21
-2.08121355e+22
-1.60444201e+21
-2.28755629e+20

813
-2.01184021e+22
-1.71032993e+21
-5.07733035e+21
-1.24478505e+22
817
-8.35086169e+21
-1.62013571e+21
-5.53286383e+21
-9.67509378e+21
821
-1.5142663e+21
-1.46158949e+22
-2.50396436e+22
-1.71755514e+21
825
-4.01687513e+21
-2.12415134e+22
-2.71860373e+22
-1.92856644e+20
829
-3.43444689e+21
-8.73578445e+21
-7.20457591e+21
-1.33109787e+21
833
-1.89698797e+22
-9.47847406e+21
-9.06651697e+20
-1.62678488e+20
837
-2.52806306e+20
-6.25266574e+21
-2.18308976e+22
-7.06117049e+21

1009
-3.5817947e+20
-3.88905353e+20
-9.17375418e+21
-1.81964579e+22
1013
-9.4883129e+21
-3.75591977e+21
-5.93236978e+20
-3.87134129e+20
1017
-2.29024417e+22
-5.27986137e+20
-1.93461847e+22
-2.24241767e+21
1021
-5.65559255e+21
-1.71059072e+20
-2.38901455e+22
-1.09370375e+21
1025
-1.34640272e+21
-1.23281849e+21
-1.79465919e+22
-1.49622155e+21
1029
-1.11187592e+22
-7.3303213e+21
-1.97097383e+21
-2.08190989e+22
1033
-7.65984032e+20
-3.29247647e+21
-8.28596491e+21
-1.39385852e+21

953
-9.68718406e+21
-4.27107899e+20
-1.40611862e+21
-1.75614502e+22
957
-1.4883749e+22
-9.74617852e+19
-1.6166557e+22
-1.9017367e+22
961
-6.40827081e+19
-4.43405146e+21
-2.07203097e+22
-1.62095316e+21
965
-2.77349447e+22
-1.64567987e+22
-1.0210161e+21
-1.64318174e+22
969
-9.6765991e+21
-1.90775117e+20
-1.37700686e+22
-1.10852183e+22
973
-3.01153273e+21
-1.97421123e+20
-1.64187763e+21
-9.88492209e+21
977
-2.42639111e+21
-2.11267736e+22
-1.84103323e+22
-2.44194923e+22

673
-5.51060404e+19
-2.5185313e+22
-1.1382885e+21
-7.62272777e+21
677
-1.11273256e+22
-8.24119935e+21
-8.48030299e+21
-1.77036877e+22
681
-1.34249793e+22
-1.5905729e+22
-1.60203294e+22
-4.85600267e+21
685
-9.96642081e+21
-9.65637942e+21
-3.11998298e+22
-2.45671402e+20
689
-5.50810062e+20
-1.03431057e+22
-8.96188373e+20
-8.13780718e+21
693
-2.04573217e+22
-2.08762889e+22
-8.6186607e+21
-2.03939737e+22
697
-1.40368424e+21
-5.99695716e+21
-5.3430356e+21
-1.73913893e+21

981
-1.75648471e+21
-9.66908305e+21
-1.56421921e+21
-2.67704638e+22
985
-2.0840088e+22
-3.71364078e+21
-2.75015632e+21
-5.73505483e+21
989
-2.08980907e+22
-1.15666633e+22
-1.22858677e+21
-5.12857915e+21
993
-6.67555824e+21
-1.05329347e+21
-3.2829949e+20
-5.37189845e+21
997
-6.93734377e+21
-2.99187131e+22
-2.40688004e+22
-2.81051412e+22
1001
-1.2290161e+22
-2.95410467e+21
-2.77982994e+22
-1.63180827e+22
1005
-6.99264853e+20
-7.27034338e+21
-1.18935482e+22
-1.07181332e+21

841
-1.36702253e+22
-4.25261074e+21
-2.14365069e+22
-1.08206935e+20
845
-1.10532738e+22
-1.77736384e+22
-1.69175588e+22
-3.14942155e+22
849
-3.54557054e+21
-7.56650032e+20
-1.40172981e+21
-1.4622113e+21
853
-2.44490791e+20
-6.43491738e+21
-1.08658602e+21
-1.7678478e+22
857
-3.55393451e+21
-6.17331119e+21
-2.50653127e+21
-5.05680709e+21
861
-6.75531691e+21
-2.15062109e+22
-1.15520571e+21
-9.97067292e+20
865
-1.97270554e+21
-1.59098837e+20
-1.88301546e+22
-2.08561351e+20

1289
-9.20585142e+21
-1.51232709e+22
-6.49945631e+21
-3.10933877e+21
1293
-3.0872571e+21
-7.87236732e+21
-9.44037449e+20
-1.40672913e+21
1297
-1.85406105e+22
-1.39123084e+22
-5.96164261e+20
-1.01987565e+22
1301
-3.65861206e+21
-5.53445478e+20
-1.17151311e+22
-1.45863296e+22
1305
-1.05794552e+22
-2.72669406e+22
-3.132997e+21
-2.14223833e+22
1309
-1.2797397e+21
-1.16355149e+20
-1.32999656e+22
-1.8258864e+22
1313
-5.98851283e+21
-1.17255452e+22
-1.12980972e+21
-1.55035344e+21

1037
-8.44060909e+21
-1.4717887e+21
-1.00245229e+22
-9.72163396e+21
1041
-2.48433855e+21
-4.87019191e+20
-3.240689e+20
-6.32611623e+20
1045
-2.18423877e+22
-1.77006072e+22
-1.7589931e+22
-2.03160334e+22
1049
-1.74616792e+20
-7.41549308e+21
-1.78103519e+21
-3.44916515e+21
1053
-1.80647429e+22
-1.87917864e+22
-1.21097343e+22
-2.93754503e+22
1057
-1.22643658e+21
-7.53593044e+21
-4.09047916e+20
-1.43773303e+22
1061
-1.24525081e+21
-6.11263977e+20
-1.82595171e+20
-1.32182645e+21

925
-1.70534951e+21
-3.13834321e+21
-1.39417837e+22
-1.1780261e+21
929
-1.43762635e+22
-1.22854375e+21
-4.90061918e+20
-1.30579144e+22
933
-6.7704821e+21
-2.61191191e+21
-2.4596876e+22
-2.52205353e+20
937
-1.09705526e+20
-1.75084888e+22
-1.01717295e+20
-1.58086136e+21
941
-4.22881341e+21
-7.00708351e+20
-3.09177244e+20
-9.87251837e+21
945
-1.59344121e+21
-1.65690448e+22
-5.03071125e+20
-1.07354551e+22
949
-2.08278074e+22
-3.97134471e+21
-1.67166471e+22
-3.09525916e+21

1065
-5.45647139e+20
-2.18907933e+22
-1.99199653e+22
-1.67219301e+22
1069
-2.24139478e+22
-2.72808083e+21
-2.03598685e+21
-1.4179969e+22
1073
-1.59217409e+21
-1.54920443e+22
-1.24074443e+22
-1.14841346e+22
1077
-7.20505042e+21
-1.72571724e+22
-5.83269718e+21
-1.93605635e+21
1081
-1.79593099e+21
-3.05874362e+20
-2.44928296e+20
-4.84433516e+21
1085
-5.12194085e+20
-1.41351179e+22
-7.14891065e+20
-1.08386363e+21
1089
-1.60304079e+21
-1.78582197e+21
-2.22351017e+21
-1.80103089e+22

1093
-4.77756548e+20
-1.64279667e+21
-1.82845425e+22
-1.36186664e+21
1097
-1.62705782e+21
-1.10390663e+22
-1.35978344e+22
-3.80712893e+20
1101
-3.41254314e+20
-1.51699244e+22
-4.13756932e+21
-1.98990806e+22
1105
-1.91715876e+22
-2.38275338e+22
-1.40436389e+22
-3.88359319e+21
1109
-9.5216546e+20
-1.58737191e+21
-1.93878911e+21
-1.13192415e+21
1113
-1.34616363e+21
-2.18228968e+22
-6.00504486e+20
-1.78284421e+21
1117
-2.15757224e+22
-7.18277144e+21
-1.24651909e+22
-4.98237502e+21

1121
-1.57533037e+22
-1.04431283e+22
-1.53702473e+22
-1.5777348e+22
1125
-7.55265914e+21
-8.046418e+21
-5.41488281e+20
-6.97062991e+21
1129
-1.81670742e+22
-1.22996493e+22
-1.95377576e+21
-1.63406899e+22
1133
-1.91919519e+22
-1.82030308e+21
-9.84808511e+21
-2.14984376e+20
1137
-1.73337149e+21
-1.42446605e+21
-5.29483431e+21
-8.47271219e+21
1141
-9.58255191e+21
-1.53977283e+22
-2.79995274e+20
-1.37415864e+20
1145
-2.62532355e+21
-3.66987023e+20
-1.20528814e+21
-9.5198831e+21

1177
-1.04393351e+22
-6.70328397e+21
-2.1116055e+22
-2.67613073e+21
1181
-2.02323712e+22
-1.9164803e+21
-7.76025428e+20
-2.90500483e+21
1185
-1.22907515e+21
-1.29161323e+20
-4.36648154e+20
-1.40031803e+22
1189
-1.20758226e+21
-1.5825367e+21
-1.47519352e+21
-1.65100388e+20
1193
-1.26324048e+21
-1.74107397e+21
-1.73714811e+22
-3.76261478e+20
1197
-9.29297455e+19
-2.2560703e+20
-1.56582561e+22
-1.6779239e+20
1201
-1.8399892e+22
-1.97196097e+22
-1.13825204e+21
-6.55910376e+20

1261
-1.11427656e+22
-8.60870303e+21
-2.40066275e+20
-1.58565809e+21
1265
-1.3081885e+21
-1.95795488e+22
-8.48967354e+21
-9.64320962e+20
1269
-2.31830329e+22
-3.45912604e+20
-1.68077738e+22
-3.81215352e+21
1273
-5.23953457e+20
-3.91550516e+21
-8.3928196e+21
-1.50613213e+22
1277
-3.30635766e+21
-6.02949767e+20
-1.7513719e+20
-2.2193285e+22
1281
-2.0745223e+22
-2.28319205e+22
-1.66693378e+22
-3.1371417e+21
1285
-4.50246946e+20
-1.75068757e+22
-1.09362235e+21
-3.5006768e+20

1205
-9.83991091e+21
-1.55858127e+22
-1.18793317e+22
-6.13375281e+20
1209
-1.51793088e+20
-1.12655214e+22
-2.14353768e+20
-1.07426073e+21
1213
-1.88124783e+22
-4.51011837e+21
-2.49442906e+22
-1.18299782e+21
1217
-1.72690087e+22
-2.39863614e+22
-1.9736806e+21
-1.4025778e+22
1221
-1.78236127e+21
-1.04378248e+22
-1.5134709e+22
-2.80414545e+20
1225
-9.47893282e+20
-8.87200988e+21
-1.96884109e+22
-2.89902663e+22
1229
-2.40633489e+22
-1.0291198e+20
-1.59351342e+21
-4.64528346e+20

1
-1.34663866e+21
-1.57241989e+22
-2.07816789e+22
-2.32712385e+22
5
-1.20001275e+21
-9.26678445e+21
-1.46763354e+21
-1.47914526e+21
9
-1.22911576e+20
-2.20771364e+22
-2.26518108e+22
-6.93855504e+21
13
-8.7970452e+21
-2.64228495e+22
-2.79233719e+21
-1.73693295e+22
17
-3.21688129e+20
-6.03870279e+20
-1.36205081e+21
-1.39425233e+21
21
-1.57572229e+21
-2.46255884e+22
-1.80917884e+21
-2.13950542e+21
25
-8.1537588e+21
-1.55238255e+21
-1.53260495e+21
-4.26640235e+20

1233
-2.74950027e+22
-1.44514171e+21
-8.02626998e+21
-9.68218622e+20
1237
-1.14434537e+22
-1.40711615e+22
-8.1888324e+21
-1.71341461e+21
1241
-1.36915484e+22
-1.09290597e+20
-5.60233001e+21
-5.79431599e+21
1245
-1.54900122e+21
-9.43544515e+20
-1.02777985e+20
-6.49445064e+21
1249
-2.37663903e+22
-8.58567253e+20
-5.57403792e+21
-2.220882e+22
1253
-1.87204522e+22
-1.20678906e+20
-2.92687676e+20
-1.42343325e+22
1257
-8.108123e+21
-1.63531822e+21
-3.77031489e+21
-1.46009635e+21

1317
-2.13749843e+22
-1.9072375e+20
-2.33295509e+21
-2.21948591e+22
1321
-2.06081481e+21
-1.48466546e+21
-1.29655549e+20
-9.03218529e+20
1325
-1.11565921e+22
-1.15619893e+22
-1.01356423e+21
-1.70568761e+21
1329
-1.12899024e+20
-2.30145348e+21
-6.05247156e+21
-2.49910841e+22
1333
-3.85975598e+20
-2.39208389e+20
-1.98249013e+22
-1.14869475e+20
1337
-6.55920705e+20
-1.65350051e+22
-2.43194868e+22
-2.30563598e+22
1341
-1.90185963e+20
-4.61433496e+20
-2.13172231e+20
-1.44204804e+20

1345
-7.95384909e+21
-1.15915554e+21
-2.78562834e+20
-7.95482642e+21
1349
-8.16646761e+21
-2.47513333e+21
-1.93178352e+22
-6.76092224e+20
1353
-2.28849287e+22
-2.05620601e+20
-1.89825754e+21
-2.93356723e+22
1357
-8.61891945e+20
-6.34977856e+20
-1.22257044e+20
-1.87171037e+22
1361
-8.93371557e+20
-9.40812337e+20
-1.76808615e+21
-1.97877768e+22
1365
-4.28696151e+20
-1.65191337e+22
-1.52334103e+22
-1.39307715e+22
1369
-1.40840136e+20
-6.88046879e+21
-1.91696182e+22
-2.23961032e+22

1373
-1.94109073e+21
-4.3572453e+21
-8.40976717e+21
-1.12392551e+21
1377
-2.00643968e+22
-2.24925564e+22
-1.7946988e+21
-8.41582327e+20
1381
-1.47732001e+22
-6.59964369e+21
-1.79700988e+21
-1.27795157e+21
1385
-2.97496585e+21
-1.26102683e+22
-5.26179098e+21
-1.65127255e+22
1389
-1.16465499e+22
-1.37324839e+22
-4.05959715e+21
-1.53369656e+22
1393
-1.32190318e+22
-1.73251547e+21
-2.66223682e+22
-9.02509396e+21
1397
-1.38036609e+22
-1.36011992e+22
-2.13560186e+21
-1.6801863e+22

1681
-6.14394548e+20
-1.76208839e+21
-9.11251761e+21
-1.66380716e+22
1685
-2.25357015e+22
-5.90359695e+20
-1.1805428e+21
-2.15239204e+22
1689
-2.27716378e+22
-1.43125229e+22
-2.01672918e+22
-1.96056827e+22
1693
-1.77635523e+22
-1.48902924e+21
-1.2181122e+22
-7.3836142e+20
1697
-3.65476869e+21
-1.95999909e+21
-1.85897193e+22
-1.29612679e+21
1701
-2.37945837e+22
-7.19064847e+20
-2.12188002e+20
-8.15678013e+20
1705
-2.64123998e+21
-1.49728341e+22
-1.35195886e+22
-7.79210491e+21

1653
-4.67276145e+21
-1.95598152e+21
-2.52990877e+22
-2.12756692e+22
1657
-7.83297216e+21
-1.70704564e+21
-1.96821931e+21
-1.75478957e+21
1661
-2.42948269e+22
-2.39994375e+21
-3.78253028e+21
-3.02757645e+20
1665
-5.02486079e+20
-4.68593754e+20
-6.6540685e+20
-7.59037572e+21
1669
-1.86769092e+21
-2.25463391e+22
-1.45747623e+22
-1.8040851e+22
1673
-1.38956791e+21
-2.5838904e+22
-4.58603507e+20
-1.3394917e+21
1677
-5.97543365e+20
-8.90534413e+21
-1.81475341e+21
-1.23996841e+22

1625
-1.13175283e+22
-1.64648624e+22
-6.39249282e+20
-1.36330434e+21
1629
-3.08264099e+21
-1.0669821e+21
-5.28506221e+21
-1.17750562e+21
1633
-2.59927836e+22
-1.72112697e+22
-1.95315727e+22
-8.90305554e+21
1637
-2.07526664e+22
-1.30447895e+22
-3.23390172e+21
-5.72394691e+21
1641
-9.09057282e+21
-1.64550212e+21
-1.749797e+21
-1.83587159e+21
1645
-1.84876613e+21
-4.64375548e+21
-1.61599751e+21
-2.59850945e+20
1649
-9.82749012e+21
-1.78209409e+21
-6.75174131e+20
-8.41197786e+21

1793
-1.35980504e+22
-1.31427738e+21
-1.73275324e+21
-1.56657063e+22
1797
-1.48402696e+21
-6.24280052e+20
-5.9201049e+21
-6.72046021e+20
1801
-5.87918896e+21
-1.74864905e+21
-3.72982472e+20
-1.67096291e+21
1805
-1.43520667e+21
-8.9188091e+21
-6.10469242e+21
-4.42246756e+21
1809
-1.05524908e+21
-1.44285551e+22
-5.1713937e+20
-1.31302823e+22
1813
-9.04754056e+21
-4.15899603e+20
-1.61870961e+20
-7.91482594e+20
1817
-1.48623697e+21
-3.29681768e+20
-8.69224174e+21
-1.03834729e+21

1737
-1.85572712e+22
-9.80919788e+20
-1.23036335e+22
-1.29317273e+21
1741
-2.47070285e+22
-2.33860676e+20
-8.78304806e+21
-1.26239598e+21
1745
-2.05398922e+22
-9.17300178e+21
-1.67407932e+21
-1.35688281e+21
1749
-1.28276949e+22
-1.59637937e+22
-4.91646847e+20
-5.14462448e+20
1753
-6.22415713e+21
-1.92918836e+22
-1.26879773e+22
-8.55091574e+19
1757
-1.18616317e+20
-1.27544699e+21
-1.03982971e+21
-4.01329288e+21
1761
-2.23707946e+20
-5.81994412e+21
-1.67744771e+22
-1.30653571e+22

1709
-4.20794416e+21
-1.43668409e+21
-3.79393944e+20
-7.99020978e+21
1713
-1.82304712e+21
-2.60452727e+22
-2.1339548e+20
-1.34586686e+22
1717
-2.1244944e+20
-1.86668038e+22
-5.99373539e+20
-2.09530729e+22
1721
-6.16428298e+21
-4.08362916e+21
-1.74627536e+21
-8.97680092e+20
1725
-3.60484053e+20
-1.66779603e+22
-2.47361879e+22
-1.7080923e+21
1729
-2.98289404e+20
-8.50346409e+21
-6.74365534e+20
-1.33789744e+22
1733
-2.72456788e+21
-1.29090211e+21
-1.96771909e+21
-3.80730257e+20

1765
-2.31950786e+20
-7.53531825e+20
-2.18048875e+20
-1.8186727e+21
1769
-1.87406448e+22
-1.16746878e+21
-1.08168353e+22
-7.79711792e+20
1773
-4.12028233e+21
-2.48394493e+22
-2.15330521e+22
-2.68809003e+20
1777
-1.33427508e+20
-4.06932355e+20
-2.03627386e+21
-1.84035195e+22
1781
-1.86020237e+22
-4.50979678e+20
-1.28490509e+22
-2.32019462e+20
1785
-1.37008045e+21
-1.85096988e+21
-1.09429993e+22
-9.83930153e+20
1789
-1.1426793e+22
-1.68968865e+22
-1.25837268e+20
-1.46847746e+22

1821
-1.36215375e+22
-1.27973691e+22
-5.68895052e+21
-1.91102368e+21
1825
-1.50632659e+21
-1.4166127e+21
-5.69016656e+20
-6.91006336e+20
1829
-5.92184215e+21
-3.36824163e+21
-6.5546041e+20
-2.16780946e+22
1833
-5.62341539e+21
-1.29388886e+21
-1.37614423e+21
-1.89606416e+20
1837
-1.89363746e+22
-7.6390199e+20
-1.09239694e+22
-1.93325495e+21
1841
-5.87861046e+21
-1.36421321e+22
-2.20034119e+20
-5.72279288e+20
1845
-1.73880667e+21
-1.73852881e+22
-1.96429057e+21
-1.77000758e+22

1877
-9.02276528e+21
-1.48091536e+22
-8.86934315e+21
-1.30571867e+22
1881
-1.71965721e+21
-3.8070117e+20
-1.18660027e+20
-1.91558664e+21
1885
-9.60515832e+20
-1.1990459e+22
-1.72534237e+21
-5.72619454e+20
1889
-1.6663204e+21
-1.90553612e+21
-2.68998228e+20
-1.12433235e+21
1893
-1.18184688e+21
-3.09522983e+20
-1.40982237e+20
-3.0264758e+20
1897
-3.88968531e+20
-1.73697432e+21
-1.46321792e+22
-5.47284975e+21
1901
-3.20338728e+21
-1.45416717e+22
-9.88621301e+20
-9.41000057e+20

1905
-2.07233177e+21
-1.73157679e+22
-1.82796739e+22
-1.92839125e+21
1909
-2.24471017e+22
-1.6892312e+22
-2.15022551e+22
-2.41051329e+22
1913
-2.82760564e+20
-3.07948882e+21
-1.28502778e+20
-2.46964049e+22
1917
-4.66939215e+20
-8.25395421e+21
-5.21014685e+21
-2.25346229e+22
1921
-2.53918771e+22
-1.17922809e+22
-7.78848006e+21
-7.18295529e+20
1925
-1.25408453e+22
-1.58804014e+21
-7.88062529e+21
-1.83213858e+21
1929
-1.56946821e+21
-1.02741457e+21
-1.54348692e+20
-4.95369603e+20

1849
-4.90870468e+21
-2.51391719e+22
-1.65374549e+20
-9.52467959e+21
1853
-2.07587296e+22
-1.85667492e+21
-2.25199188e+20
-8.51855584e+20
1857
-1.43890076e+22
-3.06461866e+20
-8.62421818e+20
-2.49471735e+20
1861
-1.52085995e+20
-1.04473561e+20
-2.07296371e+22
-7.20514697e+21
1865
-7.21757414e+21
-2.56338426e+20
-1.62687149e+21
-1.76008945e+22
1869
-1.32438306e+22
-1.96041749e+21
-1.6402973e+20
-1.3888559e+21
1873
-6.23112459e+20
-2.04172061e+21
-2.28112123e+22
-1.0486507e+22

2017
-2.18396242e+22
-1.00160866e+21
-3.47537437e+21
-1.60015553e+20
2021
-1.07947453e+22
-6.98584834e+21
-9.70903056e+20
-1.99484733e+21
2025
-2.20549026e+22
-5.17790684e+21
-1.61195648e+22
-3.66028587e+20
2029
-1.62164284e+20
-7.51212241e+21
-2.14617795e+20
-3.04352498e+21
2033
-1.2875219e+21
-7.87645817e+21
-1.57049225e+21
-5.72892933e+21
2037
-1.62241314e+21
-1.38042568e+20
-6.27951353e+21
-1.19418107e+22
2041
-2.50658637e+22
-1.56239841e+22
-1.38451631e+21
-1.84803239e+21

2157
-1.24262408e+22
-1.53840086e+21
-5.83204244e+21
-1.4565024e+21
2161
-1.71586069e+21
-1.05887457e+22
-3.66177337e+20
-1.95164668e+22
2165
-1.83428255e+21
-4.4298555e+20
-1.14387974e+22
-4.21438105e+20
2169
-1.17522448e+22
-5.76908139e+20
-9.93987365e+20
-1.95921414e+22
2173
-1.74304784e+21
-1.47527422e+20
-1.59852267e+21
-1.76651146e+21
2177
-1.78934311e+22
-1.00734804e+21
-1.48979372e+21
-1.28986559e+22
2181
-1.2111978e+22
-1.94480312e+22
-4.68762584e+20
-2.58869346e+21

1961
-4.29351096e+21
-3.18453813e+21
-1.50465123e+21
-1.57692055e+22
1965
-7.69378287e+21
-1.22256906e+21
-1.21520714e+22
-1.15211512e+20
1969
-1.81811815e+20
-7.0992447e+21
-1.53373838e+22
-1.20352565e+22
1973
-1.56494963e+21
-1.22907036e+20
-3.47365963e+21
-1.4198215e+22
1977
-2.34721293e+22
-2.68711709e+22
-1.93987139e+22
-2.46504075e+20
1981
-2.8213919e+22
-7.05215683e+21
-2.27000762e+22
-1.23954166e+21
1985
-7.17767634e+21
-1.33456453e+20
-1.26237564e+22
-1.17612706e+22

2185
-1.73094991e+22
-2.73244516e+22
-5.20713405e+20
-2.15025952e+22
2189
-5.74039845e+20
-3.40601131e+20
-1.98944301e+22
-3.32635282e+21
2193
-2.73178499e+22
-6.35951154e+20
-2.91025561e+21
-1.39233358e+21
2197
-2.12100022e+20
-5.89820038e+20
-3.22254962e+20
-1.0882745e+22
2201
-2.7452495e+22
-4.55425098e+20
-4.75346735e+20
-6.30736727e+21
2205
-1.61529889e+21
-1.40709024e+22
-2.26319985e+22
-1.54188845e+21
2209
-1.26522118e+22
-1.43242629e+21
-2.28563637e+22
-3.77078812e+20

2101
-2.05069116e+22
-1.48048353e+21
-2.00928436e+22
-1.1173451e+22
2105
-1.24177547e+22
-9.43494334e+19
-6.39968824e+21
-8.24911544e+21
2109
-1.53153342e+22
-1.74206197e+21
-3.50377756e+21
-3.70875996e+21
2113
-7.28265239e+21
-1.78018295e+22
-7.08474562e+20
-2.36345386e+22
2117
-5.42492485e+21
-1.95456356e+20
-7.62662399e+21
-1.97020174e+21
2121
-1.16339525e+21
-1.68784763e+21
-1.73913668e+21
-3.93036254e+21
2125
-1.68328629e+21
-1.73754873e+22
-5.22497476e+21
-2.20440456e+21

2129
-1.53945449e+22
-6.95890036e+21
-2.0713933e+20
-1.75099984e+21
2133
-1.66727228e+22
-2.30066721e+22
-1.65540993e+20
-1.99364836e+22
2137
-8.22145017e+21
-8.09897254e+20
-1.30649433e+22
-1.36357134e+22
2141
-6.29896971e+21
-1.57009437e+22
-1.53147048e+21
-1.45000712e+20
2145
-2.82638671e+22
-9.2973947e+20
-2.91120244e+22
-4.97498053e+20
2149
-4.29879322e+20
-2.05847859e+22
-2.17680605e+22
-9.87921237e+21
2153
-9.71456977e+21
-1.66462254e+21
-1.31627417e+22
-1.0476587e+21

2045
-6.02635914e+21
-1.81509486e+21
-7.930457e+21
-2.63738855e+22
2049
-8.58648976e+21
-1.95559273e+21
-2.38208184e+22
-6.87949989e+21
2053
-2.22998316e+22
-7.15640086e+20
-3.05854032e+21
-1.51758915e+21
2057
-2.68907577e+21
-1.17332177e+21
-1.98961312e+22
-1.91876877e+22
2061
-3.23336263e+21
-6.29116987e+21
-1.00866129e+22
-1.98097632e+21
2065
-6.79309891e+21
-1.91822506e+21
-2.50942331e+22
-1.84614721e+22
2069
-1.92552215e+21
-4.28713936e+21
-8.13957302e+20
-5.83907668e+21

1933
-4.43881049e+21
-7.35399808e+21
-2.82747618e+22
-1.20122404e+20
1937
-1.30792461e+22
-1.08293032e+21
-1.41173417e+22
-1.04648469e+22
1941
-1.88410366e+20
-6.99371932e+20
-1.98251268e+21
-6.35759177e+21
1945
-2.20615812e+22
-1.43694454e+21
-1.67212147e+21
-2.40693084e+22
1949
-1.48994288e+20
-2.54536657e+21
-1.19871499e+22
-3.63694982e+21
1953
-1.02946442e+22
-9.74408073e+20
-1.01613976e+22
-1.65910913e+20
1957
-8.26670623e+20
-3.59785867e+20
-8.73860366e+20
-4.40731679e+21

141
-1.68004844e+22
-1.0857743e+22
-4.30902223e+20
-1.4857371e+22
145
-3.377557e+20
-9.45666723e+21
-8.9107145e+21
-2.54733808e+21
149
-1.74333145e+21
-5.63364588e+20
-1.70440601e+22
-1.98096161e+20
153
-9.17696024e+21
-1.37928346e+21
-4.57258202e+21
-2.36954944e+22
157
-1.22503315e+22
-9.41320814e+21
-1.60091267e+22
-1.29247793e+22
161
-6.9956092e+21
-4.23675626e+21
-1.7273239e+21
-1.75330238e+21
165
-2.84569189e+22
-8.19695498e+21
-3.42475833e+20
-2.96598783e+20

2073
-7.95374258e+21
-2.65081341e+21
-1.77242632e+22
-2.50227022e+22
2077
-9.76093474e+21
-9.58742903e+20
-2.32339077e+21
-1.00039414e+22
2081
-2.42749285e+20
-8.34320341e+21
-1.93378031e+22
-4.54803306e+20
2085
-2.16062604e+22
-1.66823115e+22
-2.24611287e+22
-1.04448558e+22
2089
-1.85012584e+22
-1.34298176e+21
-1.10018562e+22
-2.40383247e+22
2093
-2.32358211e+21
-1.96036866e+22
-1.87515507e+22
-1.69824322e+21
2097
-4.21143507e+20
-3.27787482e+21
-1.18769057e+22
-3.95177656e+21

2213
-7.11661599e+21
-1.76221739e+20
-2.39769059e+22
-9.57803436e+20
2217
-1.70721166e+21
-1.48547089e+22
-1.32186188e+20
-1.09861158e+20
2221
-1.02565416e+22
-7.02092567e+21
-2.90116176e+22
-2.61359939e+22
2225
-1.4678559e+22
-4.64587969e+20
-9.4648547e+20
-2.82894566e+20
2229
-2.23542011e+22
-1.82962353e+21
-1.17416823e+22
-4.01371172e+21
2233
-5.42922889e+21
-7.29619167e+20
-2.78856943e+22
-8.43571051e+19
2237
-1.31265264e+21
-2.41085003e+22
-2.65440943e+22
-2.41354942e+22

1569
-9.19612339e+21
-2.57214912e+22
-1.30817024e+22
-1.03473304e+21
1573
-4.42630344e+20
-8.68690743e+21
-3.89359038e+20
-4.28547146e+21
1577
-1.80814057e+21
-1.52677224e+22
-1.73486111e+22
-1.3625283e+22
1581
-2.05306927e+22
-1.35532309e+21
-1.29696849e+21
-1.34194608e+22
1585
-2.28170125e+22
-1.82859668e+21
-1.82252535e+21
-1.32123411e+21
1589
-3.3713897e+21
-3.84859862e+21
-2.8528364e+21
-9.90622935e+21
1593
-1.44059708e+22
-1.83603097e+21
-7.97158882e+20
-1.04540586e+22

1429
-1.64188364e+22
-3.93613521e+21
-1.70237276e+22
-2.09208468e+22
1433
-9.88594189e+19
-1.60974555e+22
-1.01391004e+21
-1.28369908e+20
1437
-5.72153365e+20
-5.63134477e+21
-7.59712132e+21
-4.61973736e+20
1441
-2.55653801e+20
-1.86696484e+22
-3.95382238e+21
-1.5989727e+21
1445
-2.34471791e+22
-1.68064613e+21
-2.648026e+21
-1.5697374e+20
1449
-1.11414249e+20
-9.03487135e+21
-9.97710118e+19
-1.65145327e+22
1453
-6.57583755e+20
-4.80531089e+20
-1.07569316e+22
-1.29235529e+21

1513
-1.559751e+22
-1.35009365e+22
-1.17048958e+22
-1.92106035e+21
1517
-2.708066e+20
-6.56778537e+21
-2.09608375e+22
-1.80577209e+22
1521
-9.16343862e+21
-1.06061098e+22
-8.85698248e+20
-5.85875679e+20
1525
-2.73961915e+21
-3.28951479e+20
-2.37331076e+21
-7.98602884e+20
1529
-1.59665338e+21
-1.60852631e+20
-7.69694201e+21
-2.20940229e+22
1533
-1.80267462e+22
-3.71034605e+20
-6.97669225e+21
-7.83216871e+20
1537
-5.3779977e+21
-1.38137289e+22
-1.68032435e+22
-1.97119884e+21

1597
-3.65216376e+21
-7.27663043e+20
-1.98512182e+22
-4.67348322e+20
1601
-9.39353507e+21
-1.05602567e+22
-1.28928552e+22
-3.39150809e+21
1605
-4.43119717e+20
-1.17319239e+22
-1.1682237e+21
-1.87067402e+21
1609
-1.52421352e+22
-6.09547096e+20
-1.57515977e+22
-3.50684634e+20
1613
-7.60084862e+21
-5.02662799e+20
-1.30373661e+22
-5.63432026e+20
1617
-5.56996561e+21
-2.46456018e+21
-9.40374574e+19
-1.44953733e+22
1621
-2.57596274e+22
-2.39117511e+22
-3.86590712e+20
-7.35694368e+21

1541
-1.51177824e+22
-1.63680607e+22
-1.52953996e+22
-1.6137396e+22
1545
-5.36716951e+20
-9.20096682e+20
-2.9108793e+21
-3.87398204e+21
1549
-2.35916399e+20
-1.81327753e+20
-9.25118236e+20
-1.1566828e+21
1553
-1.1897282e+22
-1.59901811e+22
-1.15054998e+20
-1.84022095e+21
1557
-9.91977918e+21
-1.9738522e+21
-1.67598115e+21
-8.0863569e+20
1561
-1.82163511e+22
-2.15118893e+22
-9.44363785e+20
-3.77162429e+20
1565
-1.03712496e+22
-4.76136165e+20
-7.38538237e+20
-2.5438863e+22

1485
-3.67050703e+20
-1.633827e+20
-4.2600396e+20
-6.4020969e+20
1489
-2.2003923e+22
-1.87114062e+21
-2.46646763e+22
-1.82980583e+21
1493
-7.53475201e+20
-1.23544222e+21
-2.53996308e+21
-7.33768873e+21
1497
-1.08459572e+22
-1.62752518e+22
-4.52235724e+20
-2.03532118e+22
1501
-8.77629826e+19
-2.70160716e+20
-2.56020322e+22
-2.1056464e+21
1505
-7.7750283e+20
-1.17739854e+22
-9.40444611e+20
-1.47280523e+21
1509
-6.70285739e+20
-2.38964846e+22
-1.67975511e+22
-2.71528315e+22

1401
-1.76087737e+22
-1.00151895e+22
-1.1164737e+22
-3.71876337e+20
1405
-1.17503858e+21
-6.2468368e+20
-1.39592504e+22
-3.92122487e+20
1409
-3.0599779e+20
-5.62738614e+21
-2.67775579e+20
-3.88946154e+21
1413
-3.39794976e+21
-1.21911565e+20
-9.71475156e+20
-1.96375479e+22
1417
-2.64018262e+21
-2.81907623e+21
-6.11050081e+20
-1.32572877e+20
1421
-1.58743998e+21
-2.31329596e+22
-1.99345935e+22
-5.44271098e+20
1425
-1.5711787e+21
-6.31241231e+21
-9.98598549e+21
-1.6284154e+22

1457
-2.39680761e+22
-8.45043072e+21
-4.14131298e+20
-2.64685689e+20
1461
-2.26015649e+21
-2.03746897e+21
-1.55965908e+22
-2.37462793e+22
1465
-1.49714557e+22
-8.10412213e+20
-9.70883865e+21
-4.91131255e+20
1469
-2.54315339e+22
-9.05372676e+21
-1.79334312e+21
-2.16475007e+20
1473
-2.14083911e+22
-2.25628557e+22
-6.61762232e+21
-2.0587005e+22
1477
-2.0046879e+22
-8.68102601e+20
-1.33628215e+22
-2.30488638e+21
1481
-1.20959024e+22
-1.58472216e+22
-3.08643177e+20
-1.85039615e+20

2605
-1.45999716e+22
-5.57275543e+21
-1.01887945e+22
-3.31602836e+20
2609
-8.41203203e+20
-1.17572912e+20
-1.46712059e+22
-1.15271427e+21
2613
-2.65407649e+21
-2.19902358e+20
-1.57305825e+22
-8.06377434e+21
2617
-1.2687547e+22
-1.17013621e+22
-2.38904497e+22
-2.99354122e+21
2621
-2.01208877e+22
-1.38208972e+22
-4.50642547e+20
-7.34507031e+20
2625
-1.00350459e+22
-3.76079859e+21
-2.29702267e+22
-1.61118375e+21
2629
-8.08048834e+21
-6.38651867e+20
-2.06227215e+22
-4.56587434e+20

2241
-1.02754813e+21
-2.88721079e+22
-1.62009752e+22
-1.30566755e+21
2245
-2.92337466e+22
-1.29183025e+22
-2.88542867e+21
-5.07346271e+20
2249
-8.11210319e+20
-1.19487802e+22
-7.01886555e+20
-1.00621735e+22
2253
-5.00664596e+21
-1.63099637e+21
-3.42827286e+20
-5.63926457e+20
2257
-1.8300702e+22
-2.51288934e+22
-1.87321361e+22
-1.34606241e+22
2261
-2.86953677e+21
-2.64671355e+22
-1.58162308e+22
-9.05054829e+21
2265
-1.89912353e+22
-1.59459865e+22
-2.09150378e+21
-1.72892899e+21

2577
-1.85673376e+21
-5.90562707e+21
-1.27034491e+21
-8.39049881e+21
2581
-3.05879467e+20
-5.72881491e+20
-2.70325118e+22
-1.78335642e+21
2585
-1.48166822e+21
-7.06395623e+21
-1.2002997e+21
-3.21980083e+20
2589
-1.60763757e+21
-2.67795686e+22
-1.05809219e+22
-2.05997853e+22
2593
-1.11611884e+22
-1.89059573e+22
-1.26858018e+20
-4.37006014e+20
2597
-1.96585969e+21
-5.12623393e+21
-1.38344703e+22
-1.60007441e+21
2601
-8.55603217e+21
-2.42184884e+21
-2.10279745e+22
-5.86161228e+20

2409
-1.23897991e+22
-1.29120462e+22
-1.93211677e+22
-1.13477504e+22
2413
-9.08972825e+20
-1.50183638e+22
-3.45066907e+20
-1.28964858e+22
2417
-1.54347005e+22
-7.9254073e+21
-5.17312566e+21
-1.44306949e+22
2421
-9.0726057e+19
-8.93516705e+20
-2.64661594e+20
-3.0446835e+21
2425
-4.07411296e+20
-1.97162134e+22
-1.73920248e+22
-2.4164258e+21
2429
-1.96078678e+22
-9.74703612e+20
-1.62553467e+22
-7.97277449e+20
2433
-2.16296258e+22
-1.20133578e+21
-9.00327699e+19
-1.1159217e+22

2325
-5.9868752e+21
-1.253839e+20
-7.38011938e+20
-3.41189207e+21
2329
-2.20761592e+21
-1.33603645e+22
-2.79450532e+22
-1.5012669e+20
2333
-1.32108244e+22
-1.82625838e+20
-3.33020841e+21
-1.37974231e+21
2337
-3.19672047e+20
-5.72977143e+20
-6.28057142e+21
-5.48317395e+21
2341
-5.71946691e+20
-1.22665565e+21
-6.61866022e+21
-6.19775163e+20
2345
-1.79634164e+21
-1.24094165e+22
-2.8609901e+20
-1.43105137e+21
2349
-8.85144358e+20
-1.95434772e+20
-2.73047167e+22
-1.66184273e+22

2549
-5.7621429e+21
-5.27317827e+21
-1.39179146e+21
-7.67722617e+21
2553
-1.018594e+21
-2.0651132e+22
-7.8800326e+20
-5.33672069e+21
2557
-1.39479126e+22
-1.09208742e+22
-1.44452461e+22
-1.22251006e+21
2561
-1.19852596e+22
-2.93217744e+22
-4.29769857e+21
-2.55012024e+21
2565
-1.11038491e+21
-9.74683309e+20
-1.62300622e+21
-1.57926007e+21
2569
-4.48612771e+20
-2.87849744e+20
-1.31251071e+22
-6.06712609e+21
2573
-3.9675851e+21
-1.18516616e+21
-1.19256907e+21
-8.02052853e+21

2269
-2.2792924e+22
-1.15484426e+21
-8.45338094e+21
-1.03802018e+22
2273
-2.30305137e+21
-7.20892915e+20
-8.10304852e+21
-2.66516854e+22
2277
-5.78470566e+20
-8.24842323e+20
-1.42694594e+22
-4.81473146e+20
2281
-1.31649481e+21
-7.46075478e+21
-2.86429639e+21
-1.18476702e+22
2285
-7.11033007e+20
-4.99250148e+21
-2.20176944e+22
-1.41373821e+22
2289
-4.20673484e+21
-1.69183751e+20
-1.12643787e+22
-1.0753386e+21
2293
-6.28166643e+20
-9.23968362e+21
-2.00508572e+21
-8.16012455e+21

2801
-1.55577967e+20
-5.08308383e+20
-4.93117984e+21
-7.48935062e+21
2805
-6.76403816e+20
-1.63869767e+21
-1.88810901e+22
-5.64674715e+20
2809
-5.1826538e+20
-2.83935228e+22
-1.84834348e+22
-6.53593751e+21
2813
-1.00625125e+21
-2.63884011e+22
-2.48444271e+22
-6.70812274e+21
2817
-8.70629418e+20
-1.83091122e+21
-2.78701948e+21
-3.22176563e+21
2821
-3.02200059e+21
-5.57815498e+21
-1.2437547e+21
-1.82005338e+22
2825
-1.42734965e+21
-2.19896168e+22
-8.77498692e+21
-1.29021518e+22

2297
-8.59830764e+20
-7.35567989e+21
-1.46030889e+22
-2.38482078e+22
2301
-3.64842806e+20
-7.06636183e+21
-1.32647045e+21
-1.07322766e+20
2305
-2.35262404e+20
-9.24607865e+21
-1.3071409e+22
-6.83704123e+20
2309
-1.83351456e+21
-2.64752639e+22
-4.68663115e+21
-6.28267776e+21
2313
-3.41621096e+21
-7.80312826e+20
-5.92924385e+21
-7.49531021e+21
2317
-3.2205469e+21
-5.00500421e+20
-7.29356514e+21
-1.30977788e+22
2321
-1.02209338e+20
-1.8892593e+21
-1.16441979e+21
-1.64571308e+22

2381
-2.45225941e+22
-2.01440106e+21
-1.41947358e+22
-2.63792709e+21
2385
-2.30223239e+22
-7.98538759e+20
-8.14003339e+21
-8.93815365e+20
2389
-4.48947341e+21
-1.92624046e+22
-9.36560817e+20
-1.58224709e+22
2393
-1.00548355e+22
-9.88096946e+20
-2.24667635e+22
-1.83807047e+22
2397
-5.10157659e+20
-5.50460292e+20
-1.13949636e+22
-2.07208751e+22
2401
-1.51351858e+22
-9.24718418e+20
-1.14249211e+21
-4.30361579e+20
2405
-1.98167353e+21
-1.96271999e+22
-1.58985427e+22
-2.23240826e+22

2773
-1.72152047e+20
-4.99592652e+21
-7.05546997e+21
-1.57187513e+22
2777
-2.71536996e+22
-1.73522633e+21
-1.95332341e+22
-1.64296666e+22
2781
-2.59621452e+22
-4.54092872e+20
-1.67504824e+20
-1.2114555e+22
2785
-1.52031673e+22
-4.96053175e+21
-5.11402615e+20
-7.68116383e+20
2789
-1.33674365e+20
-1.31530056e+21
-1.0478519e+22
-4.64779908e+21
2793
-1.21922728e+20
-1.67647425e+21
-7.66092362e+21
-3.02693679e+22
2797
-1.63847207e+21
-1.07886037e+22
-1.52010995e+22
-2.23309043e+22

2465
-4.92164338e+21
-2.6036551e+22
-1.62094963e+21
-2.82821753e+21
2469
-5.97379736e+21
-4.66357798e+21
-1.42483923e+22
-9.74784854e+21
2473
-9.86283788e+21
-1.63619992e+21
-1.0703061e+22
-1.63883057e+21
2477
-1.94929925e+22
-1.33879378e+22
-1.31394148e+21
-6.88359592e+21
2481
-5.33288552e+21
-1.834064e+21
-1.68645351e+21
-1.36171905e+21
2485
-5.39641689e+21
-5.26618878e+21
-1.55836932e+22
-5.30304496e+21
2489
-4.26457878e+20
-1.49315846e+21
-4.22631791e+21
-1.38982828e+22

2885
-2.6200906e+22
-6.58966431e+21
-1.97749484e+22
-1.28919455e+21
2889
-3.06858482e+22
-1.48696884e+22
-1.78400744e+22
-1.21379847e+20
2893
-2.38872079e+21
-1.28048345e+22
-1.43428138e+22
-2.22999585e+22
2897
-1.41709912e+20
-1.14574924e+22
-3.04319978e+21
-1.54602588e+21
2901
-1.61691985e+21
-1.04250161e+22
-5.09175614e+21
-3.29805723e+20
2905
-1.78888395e+21
-6.28684984e+20
-1.05805867e+21
-3.79016537e+21
2909
-1.04923009e+21
-2.40962094e+22
-2.04288267e+20
-9.26739356e+21

3165
-2.90232553e+22
-1.60060486e+22
-4.05799354e+20
-1.41473853e+20
3169
-1.04079936e+22
-4.80378595e+21
-5.43380223e+21
-2.58256496e+22
3173
-2.85841331e+22
-5.13566117e+20
-1.26065932e+21
-4.32265443e+20
3177
-2.04906045e+22
-1.62787512e+21
-4.33786774e+20
-2.12179062e+22
3181
-1.27586519e+22
-4.84777608e+21
-2.09888649e+22
-5.58763296e+21
3185
-6.85927448e+21
-7.75279411e+21
-9.14134752e+21
-1.19206495e+21
3189
-8.44019002e+20
-1.31906772e+21
-2.55394943e+22
-4.64005048e+20

2521
-1.81048616e+21
-2.73398826e+22
-2.02091319e+22
-5.17781372e+21
2525
-1.5363641e+21
-9.24595941e+21
-4.09211095e+21
-1.39231823e+22
2529
-2.62018059e+22
-1.03495027e+21
-2.40060801e+22
-1.85432244e+21
2533
-1.27863351e+22
-8.29020551e+20
-1.04334766e+21
-1.21334803e+22
2537
-1.34177822e+20
-1.88157698e+22
-4.71147059e+20
-1.13534654e+22
2541
-2.09218663e+20
-6.12326083e+21
-5.62587253e+20
-1.45434226e+21
2545
-1.11163397e+21
-1.46607914e+22
-1.29133231e+21
-1.428445e+22

2717
-1.80495261e+21
-1.02840693e+21
-8.65383993e+21
-1.19927857e+21
2721
-9.29640289e+21
-4.85578704e+21
-2.1758326e+22
-8.19555291e+20
2725
-8.69365731e+20
-6.49589921e+21
-1.12673952e+22
-2.01517756e+20
2729
-9.63608091e+21
-5.75746813e+20
-3.59688716e+21
-1.27627083e+22
2733
-3.08448723e+21
-1.42750797e+22
-2.6716038e+22
-1.14255763e+20
2737
-1.21971159e+20
-4.57757865e+21
-2.49271933e+22
-1.55574168e+21
2741
-1.56733825e+22
-6.98699297e+20
-1.82834867e+21
-7.59587685e+20

2661
-1.51300125e+21
-8.93582104e+20
-8.62442542e+20
-1.97789028e+21
2665
-1.0784984e+21
-8.14941463e+20
-5.65577824e+20
-1.16069505e+21
2669
-3.92011454e+21
-1.84221984e+21
-1.6273004e+21
-1.3659158e+22
2673
-8.11683015e+19
-1.88646752e+21
-1.65908048e+22
-2.58130256e+22
2677
-1.20250863e+21
-1.7529427e+20
-6.29704718e+21
-2.03496506e+21
2681
-2.39880482e+22
-2.82595151e+22
-6.97634679e+20
-2.56055766e+22
2685
-1.28904171e+22
-1.1883456e+21
-2.4264358e+20
-1.5208464e+21

3025
-8.60940737e+20
-1.11241572e+22
-3.76052529e+21
-1.58091532e+21
3029
-1.89087903e+20
-2.64774843e+21
-1.85806029e+22
-7.65004245e+21
3033
-1.04617975e+22
-7.50981859e+21
-1.36602506e+22
-1.21185319e+22
3037
-1.64821521e+22
-1.22753039e+22
-1.52280016e+22
-1.94678103e+21
3041
-1.76327977e+22
-2.93897646e+20
-1.69512205e+21
-1.51824143e+21
3045
-1.11015405e+22
-8.31763777e+21
-1.02372463e+22
-1.77259494e+22
3049
-2.03510726e+21
-2.57873398e+22
-1.62112954e+22
-6.9972859e+21

3137
-1.51739468e+22
-3.79144549e+21
-1.75340962e+22
-8.79021588e+21
3141
-2.56681245e+22
-8.36192345e+21
-3.86803423e+20
-2.07471387e+21
3145
-1.80380935e+21
-3.32310109e+20
-7.41997687e+20
-1.47373611e+22
3149
-1.67240768e+21
-2.08386183e+22
-5.62826472e+21
-1.69511557e+21
3153
-3.43977582e+20
-1.0790846e+22
-6.58642596e+20
-1.62447982e+21
3157
-1.78567649e+21
-8.81060301e+20
-2.45280541e+21
-1.27118308e+22
3161
-2.66823895e+20
-6.7330689e+20
-1.49846257e+22
-1.4077747e+20

2829
-7.67892354e+20
-2.80435928e+22
-2.06170931e+22
-3.18707002e+21
2833
-8.34024576e+21
-3.57923463e+20
-8.69723893e+20
-1.19305215e+22
2837
-2.33666326e+20
-2.01245964e+21
-1.82002711e+21
-8.31429342e+21
2841
-3.2283074e+20
-1.71778947e+20
-2.77642258e+22
-3.3169848e+20
2845
-2.65520577e+22
-2.53206513e+21
-4.64456004e+20
-7.43068383e+21
2849
-3.70854308e+20
-1.41378894e+21
-6.53450183e+20
-1.72958714e+21
2853
-9.10256244e+21
-1.64571256e+21
-1.73335787e+21
-9.01994488e+20

3249
-3.82001638e+21
-1.75040767e+21
-3.73651638e+20
-2.17761254e+22
3253
-2.10834475e+22
-1.60059583e+22
-3.30963392e+21
-1.57660164e+22
3257
-6.60134918e+21
-5.29264388e+20
-2.73593914e+22
-1.90488457e+21
3261
-2.58959686e+22
-9.17726546e+21
-1.97975827e+21
-1.99211592e+22
3265
-1.73696751e+21
-1.65939713e+21
-3.49996417e+20
-8.71756317e+21
3269
-1.19435177e+21
-2.14944276e+22
-6.13305896e+21
-1.28426915e+22
3273
-1.67154932e+21
-6.95232611e+20
-1.9839434e+22
-1.08123132e+22

3277
-1.89943971e+21
-8.55710636e+21
-9.8353826e+21
-1.51462328e+22
3281
-9.33851543e+20
-1.41541315e+21
-1.90900107e+21
-1.2171062e+22
3285
-1.86549361e+21
-1.71250871e+21
-2.33891475e+22
-1.19563911e+20
3289
-1.56059445e+22
-2.00050209e+22
-1.4426697e+21
-7.92886427e+21
3293
-2.7688088e+22
-1.76562252e+21
-4.96552599e+21
-6.34046836e+21
3297
-1.81830527e+22
-7.26400156e+20
-2.08390426e+22
-1.07445976e+20
3301
-1.94629391e+21
-9.24212994e+20
-2.01905017e+22
-4.89549207e+20

2689
-2.36741655e+22
-1.49369358e+22
-1.22503078e+22
-1.80806399e+22
2693
-2.66227493e+21
-2.33434425e+21
-2.26170297e+20
-5.41983964e+21
2697
-2.09356569e+22
-7.76912293e+21
-1.39791822e+22
-1.08085916e+21
2701
-4.42247381e+21
-3.37841865e+20
-2.8975468e+21
-1.40820537e+22
2705
-1.77343189e+22
-8.21745656e+19
-2.00163155e+20
-2.44538048e+22
2709
-2.49709419e+22
-1.09469315e+20
-4.21121708e+20
-2.50711078e+22
2713
-8.26497945e+21
-9.69391759e+20
-1.42488256e+21
-1.82724531e+21

2913
-8.30389331e+21
-4.24637036e+20
-7.55087046e+20
-1.58648052e+21
2917
-3.3074248e+21
-5.96847471e+20
-1.94591127e+21
-4.57504779e+20
2921
-1.25908245e+21
-1.90913785e+22
-2.42163874e+22
-4.85451634e+21
2925
-7.26794319e+20
-1.37223077e+22
-2.00005854e+22
-1.33253234e+21
2929
-1.02111499e+21
-4.40761897e+20
-1.44607768e+21
-3.60027353e+20
2933
-1.62491285e+21
-1.14601524e+22
-1.31890528e+22
-1.44937146e+22
2937
-1.67892307e+22
-2.16510173e+22
-1.1316758e+22
-6.74092127e+21

2969
-1.52878474e+22
-8.03288105e+21
-5.12225357e+20
-9.47219318e+20
2973
-8.66420808e+21
-9.68465062e+21
-1.76064936e+22
-4.94165366e+21
2977
-1.40651552e+22
-2.02844435e+21
-8.44337869e+21
-1.75054544e+21
2981
-3.90956986e+21
-4.53137575e+21
-1.6588958e+21
-1.70171858e+22
2985
-1.51472611e+22
-8.17006779e+20
-3.18908172e+21
-1.90167859e+20
2989
-3.66689342e+21
-1.50184636e+21
-1.85600293e+22
-1.08376741e+22
2993
-6.86458741e+20
-5.28364335e+21
-1.50885061e+22
-8.10417337e+21

2941
-1.26164066e+21
-2.55540622e+22
-2.15700152e+20
-3.88748535e+20
2945
-1.91615779e+22
-7.43730582e+21
-7.72020899e+21
-1.76292994e+22
2949
-4.39193116e+21
-8.5535459e+21
-1.10681184e+21
-1.45664094e+22
2953
-6.7990605e+21
-1.34650032e+21
-3.82368368e+21
-2.05754571e+22
2957
-1.41619974e+22
-3.91660303e+21
-2.79534402e+22
-6.94708065e+20
2961
-5.24489248e+21
-4.51848358e+21
-2.1089117e+20
-2.62768352e+21
2965
-1.74535985e+22
-9.58066879e+19
-5.47109598e+21
-1.88627087e+22

2997
-2.65051046e+20
-2.17711566e+22
-3.34794647e+21
-1.89269208e+21
3001
-9.2326107e+21
-1.9422751e+22
-2.37755e+22
-1.32730526e+21
3005
-5.21924223e+21
-5.27851388e+20
-9.39644859e+21
-2.52854477e+22
3009
-1.40905008e+21
-7.58279307e+20
-2.41543687e+22
-3.40702979e+20
3013
-1.84191423e+20
-2.12182661e+22
-3.54454349e+21
-2.0137634e+22
3017
-1.15527635e+22
-1.79180832e+21
-3.10777065e+21
-7.56561438e+20
3021
-1.05162379e+21
-7.95605272e+21
-1.70952476e+22
-7.24926764e+20

2353
-6.13133111e+20
-2.68934087e+21
-3.75465386e+21
-1.97228763e+22
2357
-9.28987666e+21
-1.85764489e+21
-9.17396622e+20
-1.62292271e+22
2361
-8.29334332e+20
-2.00623964e+22
-2.71192839e+20
-2.99768744e+20
2365
-2.39896393e+20
-6.05948916e+21
-1.13984465e+21
-3.74466047e+20
2369
-2.01078866e+21
-8.86229063e+21
-2.19452299e+22
-2.04908715e+21
2373
-1.29915596e+22
-1.21793408e+21
-1.56092571e+21
-9.25073536e+21
2377
-1.21991363e+21
-1.92566021e+21
-2.0922902e+21
-3.93455304e+21

3221
-4.24254545e+21
-2.81870296e+20
-9.92238072e+20
-3.38773402e+21
3225
-3.89677924e+21
-2.01646163e+21
-1.40456101e+22
-3.35003761e+21
3229
-1.5063058e+22
-1.84097743e+21
-9.07975621e+20
-1.63495379e+22
3233
-1.64132817e+21
-4.41195321e+21
-1.28729868e+21
-1.17912056e+21
3237
-9.46798753e+20
-1.41866404e+22
-1.57650432e+21
-2.99807502e+20
3241
-1.92962958e+22
-5.2793356e+21
-1.81348294e+22
-1.88473135e+21
3245
-1.68321322e+22
-4.35601247e+21
-1.20492327e+22
-1.54738254e+21

2745
-1.0940395e+22
-5.32878087e+20
-1.66025215e+22
-1.65444436e+21
2749
-2.8979157e+22
-2.47940135e+21
-7.49107102e+20
-1.71474371e+21
2753
-1.31531845e+22
-9.86561237e+20
-2.43888201e+22
-2.09182101e+22
2757
-1.66892834e+21
-1.4213407e+22
-2.65846006e+21
-9.33483122e+20
2761
-4.93270567e+21
-2.06379388e+22
-1.20419318e+21
-5.09057382e+20
2765
-1.75151745e+22
-1.69726195e+22
-1.70522813e+21
-1.08491567e+20
2769
-1.79411741e+21
-1.92484179e+22
-3.0938241e+21
-6.36363133e+21

3305
-8.16815072e+21
-8.55005844e+20
-5.82559545e+21
-2.20875919e+20
3309
-1.69100325e+22
-1.0398371e+22
-1.92698229e+22
-1.80488703e+22
3313
-1.78246939e+22
-1.62896846e+22
-1.21303689e+21
-1.77045597e+21
3317
-6.05190331e+21
-1.19012104e+22
-2.47578047e+22
-6.10430844e+21
3321
-1.82811397e+22
-1.77579763e+21
-1.47191737e+20
-1.84033686e+20
3325
-4.70233368e+21
-6.93179975e+21
-5.2327939e+21
-1.60284143e+22
3329
-1.40125738e+21
-1.34849486e+21
-6.6951073e+21
-1.31067956e+21

3193
-5.51623062e+21
-4.69014841e+20
-9.14832344e+20
-1.50633685e+22
3197
-1.58614858e+21
-5.25786892e+21
-1.1208428e+21
-9.57831228e+21
3201
-4.18551336e+20
-4.77241831e+21
-1.56663925e+22
-7.63915806e+20
3205
-1.3040755e+22
-3.33944383e+20
-1.95216019e+22
-1.57805726e+21
3209
-1.86701033e+21
-4.8709636e+20
-9.61035791e+21
-1.62107886e+20
3213
-1.91817094e+21
-8.87754608e+21
-1.99623346e+21
-1.88553186e+20
3217
-2.97690436e+20
-1.81347103e+20
-3.03677354e+22
-1.21526488e+21

3333
-2.10124932e+20
-2.72951986e+21
-1.16193053e+22
-1.83917014e+21
3337
-6.22177407e+20
-1.64226246e+22
-1.75380607e+22
-3.99665714e+21
3341
-1.88487645e+21
-6.03242084e+21
-1.04771803e+22
-1.66848235e+22
3345
-1.33773967e+21
-1.47015973e+22
-1.28982113e+22
-4.9702512e+21
3349
-3.76128867e+21
-2.22456319e+22
-1.66581719e+21
-1.29719542e+22
3353
-7.92321051e+20
-1.79737718e+21
-1.4839737e+21
-6.23125478e+21
3357
-1.39127502e+22
-2.21758376e+22
-1.18529193e+21
-1.85245288e+21

645
-1.09724294e+22
-3.29131276e+20
-1.49315766e+22
-3.3632961e+20
649
-1.0181044e+22
-1.79754965e+22
-4.56070663e+21
-1.26775243e+22
653
-4.16027974e+21
-1.76755436e+22
-1.52265723e+21
-1.20684506e+21
657
-1.15909462e+22
-6.09178898e+21
-2.62686011e+22
-1.21414474e+22
661
-7.93644806e+20
-8.86807614e+21
-3.82003774e+21
-1.93032877e+22
665
-2.18601675e+22
-2.44737585e+22
-1.12633755e+22
-1.8223243e+21
669
-3.29905062e+21
-8.41585924e+20
-6.28577334e+20
-5.65808971e+21

3081
-1.54082056e+21
-9.40274962e+21
-3.84810866e+20
-1.98314791e+21
3085
-2.93458414e+21
-1.00337718e+22
-1.41803217e+21
-1.446581e+22
3089
-2.13867544e+22
-5.12712745e+20
-1.08215075e+21
-1.63135212e+22
3093
-8.85477088e+21
-4.97683597e+21
-1.88548057e+21
-1.35389792e+22
3097
-1.26648256e+22
-1.22139098e+21
-1.10448379e+22
-1.98701901e+22
3101
-1.22916395e+21
-3.16126389e+20
-8.43473061e+21
-1.01366342e+22
3105
-1.94053321e+20
-1.03985192e+22
-1.99273024e+21
-6.42769365e+20

2493
-6.31827344e+21
-3.89538961e+21
-8.46392097e+21
-1.43215026e+21
2497
-6.20940436e+21
-1.59855978e+20
-1.56225696e+21
-7.79556986e+21
2501
-6.00067396e+20
-5.56343515e+21
-1.60217027e+21
-1.8049879e+22
2505
-3.90004494e+20
-2.02005519e+22
-1.12836322e+22
-2.29138218e+20
2509
-3.2102614e+21
-1.67197831e+21
-1.20850661e+21
-2.626631e+22
2513
-7.00467166e+21
-1.8580312e+21
-5.65474199e+20
-2.7376311e+22
2517
-2.08031648e+22
-1.53487091e+22
-2.04167659e+21
-8.92231377e+21

3053
-1.17732909e+22
-6.1584712e+21
-2.97873776e+20
-9.13476719e+21
3057
-1.54688389e+21
-1.04417734e+22
-2.35354713e+22
-2.61515988e+22
3061
-4.48496093e+20
-1.98363818e+20
-1.5148408e+22
-1.65025566e+20
3065
-2.1357484e+20
-2.30989756e+22
-1.87085718e+22
-1.63882396e+20
3069
-1.23492241e+21
-1.85910567e+20
-4.84936985e+21
-6.97253148e+21
3073
-4.06257182e+20
-2.84491845e+22
-3.59078066e+20
-8.61856104e+21
3077
-2.24395611e+22
-5.61735039e+21
-1.82868014e+21
-1.93605566e+22

3109
-1.54072037e+21
-8.28791562e+21
-2.47835085e+20
-4.24870831e+20
3113
-1.38105977e+22
-7.02183786e+21
-1.23832709e+22
-2.51599788e+21
3117
-6.89211305e+21
-2.86156074e+21
-1.04169055e+22
-1.7603185e+22
3121
-1.08134717e+22
-3.95810323e+20
-1.15953138e+22
-1.0230553e+22
3125
-2.23844115e+20
-1.85690968e+21
-1.52774438e+20
-1.47763634e+20
3129
-6.66986944e+21
-7.13188612e+21
-1.8202083e+21
-6.69311297e+20
3133
-2.34719307e+22
-1.05069663e+22
-1.6325273e+22
-6.25918851e+21

337
-3.78920516e+21
-2.04760432e+22
-1.69921827e+22
-2.91607786e+22
341
-1.66168265e+22
-5.9511044e+21
-2.88596358e+20
-1.86894316e+21
345
-1.69888868e+21
-5.39710244e+21
-4.56348837e+21
-1.78733997e+22
349
-9.33350635e+21
-2.44705535e+22
-3.40994542e+20
-2.69981657e+22
353
-2.37916165e+22
-2.45292278e+21
-3.76912938e+20
-9.11146516e+21
357
-1.87096384e+21
-2.5426271e+22
-1.18281199e+21
-1.28222794e+22
361
-4.56611467e+21
-8.99222345e+19
-1.99003827e+22
-7.74454028e+21

589
-1.77072309e+21
-4.62281673e+21
-1.30759402e+20
-4.06358714e+20
593
-1.54962345e+21
-6.98774615e+21
-5.93170563e+20
-1.45998117e+22
597
-3.04848682e+20
-2.216127e+22
-4.6377003e+21
-1.30117243e+21
601
-1.53231244e+21
-4.46877464e+21
-2.02986683e+22
-2.15865358e+22
605
-1.00241619e+21
-2.09656512e+22
-1.55866142e+20
-1.87520011e+20
609
-6.74384084e+21
-1.26971317e+22
-3.91491675e+21
-7.7158293e+21
613
-2.19950361e+22
-7.18304939e+20
-1.2031267e+22
-1.31336237e+21

701
-1.47356955e+20
-5.21949508e+21
-2.87377699e+22
-1.36283514e+22
705
-2.31767978e+22
-2.10685537e+21
-1.65532123e+21
-9.07873684e+21
709
-1.80524427e+21
-1.6020305e+22
-3.64141024e+20
-1.65265487e+20
713
-1.71136336e+22
-2.76063822e+20
-1.25544615e+22
-6.11234291e+21
717
-1.37114443e+22
-6.61232021e+21
-5.73061596e+20
-2.51586756e+22
721
-2.78811349e+21
-1.93886094e+22
-1.17090161e+22
-5.13174869e+21
725
-2.25027889e+22
-8.95703755e+21
-3.10258339e+20
-1.13643462e+22

785
-7.12460987e+20
-8.19289917e+21
-4.29017204e+20
-2.11817066e+21
789
-9.10726865e+21
-1.3172478e+21
-3.8679684e+21
-1.56921636e+22
793
-3.42031302e+20
-5.70958244e+21
-1.37451879e+22
-7.55375433e+20
797
-7.7814644e+21
-1.89757794e+22
-1.59241238e+20
-1.79355929e+21
801
-8.25262131e+21
-1.66067462e+20
-6.66234924e+20
-2.28089496e+22
805
-1.35059124e+21
-9.02883056e+21
-5.43149597e+20
-1.47924036e+21
809
-1.21387422e+22
-1.93055867e+22
-1.61090565e+20
-3.13437243e+20

2633
-1.95959138e+21
-1.66520409e+21
-9.15673222e+21
-1.700075e+22
2637
-1.27531244e+20
-5.52338546e+20
-9.89483572e+20
-3.47493725e+20
2641
-1.31374911e+21
-8.03304268e+20
-2.84345274e+22
-2.55315161e+21
2645
-1.1591067e+22
-1.67532333e+22
-1.05200111e+22
-4.9386413e+21
2649
-8.63324001e+20
-1.58815527e+22
-2.29540997e+20
-1.80787876e+22
2653
-5.84158858e+21
-1.22096185e+22
-5.77988451e+21
-1.57717803e+22
2657
-8.775927e+21
-1.3001645e+21
-1.44084231e+21
-1.62154333e+20

2857
-6.09273138e+21
-7.6064662e+21
-2.29758615e+22
-1.81202655e+22
2861
-1.05479231e+21
-8.71108974e+20
-1.25995112e+20
-1.64876688e+20
2865
-3.12610472e+20
-1.36999713e+22
-4.70309528e+21
-2.08640614e+21
2869
-1.10662253e+21
-1.19232919e+20
-2.53573376e+22
-1.88405523e+21
2873
-1.44589096e+22
-1.65274118e+21
-5.95078778e+20
-1.55384477e+21
2877
-3.63031579e+20
-4.51181257e+21
-1.71273354e+21
-1.15290291e+20
2881
-2.11060387e+22
-4.00873405e+20
-3.2031134e+20
-8.17254767e+21

1989
-7.01561468e+20
-1.48673169e+21
-1.37761554e+22
-5.94149851e+21
1993
-1.92464716e+22
-6.00911963e+21
-1.00775848e+21
-1.36083631e+20
1997
-1.63660608e+21
-1.60129327e+21
-2.34019642e+22
-2.61434953e+21
2001
-1.71297136e+21
-1.00486742e+22
-2.37650985e+20
-2.05818538e+22
2005
-2.22613593e+22
-7.19678226e+21
-6.69292458e+21
-1.63230973e+22
2009
-4.62782667e+21
-8.81202276e+20
-2.11984697e+22
-3.84360963e+20
2013
-1.91446877e+21
-1.40785589e+22
-1.02651675e+20
-1.55271514e+21

2437
-1.05034452e+21
-1.08064928e+22
-9.22998084e+21
-1.84000887e+22
2441
-2.53814431e+22
-9.87204826e+20
-1.87367595e+22
-1.08598203e+21
2445
-7.68304847e+20
-3.06715256e+20
-5.63740844e+20
-1.34452204e+21
2449
-1.7536642e+22
-1.55030463e+22
-8.41147128e+21
-3.26738982e+20
2453
-1.66820153e+21
-1.56745365e+21
-1.21232997e+22
-1.33489193e+21
2457
-3.12155131e+21
-1.98315424e+22
-2.41226917e+20
-3.32803598e+21
2461
-1.11866132e+22
-2.59469674e+22
-1.11041311e+21
-8.44721491e+21
