
1
-4268606.97
-4426694.27
-5278262.65
-5460820.1
5
-3668739.9
-2949942.68
-637491.126
-5497957.71
9
-5223345.61
-4824768.72
-6438985.4
-4907024.21
13
-5236105.81
-5010969.15
-5902162.1
-5854840.51
17
-5400323.48
-1387473.64
-3336872.78
-2908959.16
21
-2773881.12
-3820557.56
-4726299.65
-5528485.31
25
-4680642.15
-5163436.47
-4637472.88
-4094971.24

5761
-4805541.97
-3874560.77
-4399299.78
-4865541.16
5765
-5509757.92
-2800325.4
-4981291.54
-3510358.25
5769
-4586596.71
-4111244.87
-5142310.32
-5283382.19
5773
-4406101.35
-5633756.93
-4627541.11
-3323507.72
5777
-5216112.46
-5448920.51
-5409696.27
-5210809.56
5781
-5236346.25
-2943718.16
-4387089.76
-4246365.1
5785
-4343286.78
-3045924.91
-5011944.12
-4018851.44

8001
-5204490.5
-3535320.75
-4969950.43
-4055444.53
8005
-4850603.86
-4408366.19
-5267331.9
-5372124.93
8009
-4744501.96
-4200276.01
-5229757.41
-5627236.97
8013
-4825935.96
-4033596.14
-3482332.62
-5233580.01
8017
-2570098
-4876128.24
-5326752.79
-3692682.35
8021
-5417765.08
-5512636.86
-4812507.85
-5079853.85
8025
-5860991.65
-2822637.95
-5289083.86
-5815709.29

41
-5508362.27
-973802.342
-5032915.3
-2320155.67
45
-6713895.47
-3610515.62
-5256369.22
-1633838.35
49
-5347804.92
-4013655.62
-5654644.97
-5290604.36
53
-5230300.78
-6868213.47
-4463592.23
-4736432.13
57
-4639091.09
-5189306.09
-4896090.29
-4094003.49
61
-5177042.1
-1543452.21
-5919624.79
-4623203.31
65
-3716432.9
-4655571.58
-5549474.9
-6550997.3

5789
-5155264.27
-5233716.54
-5373411.2
-5367849.14
5793
-4034963.54
-4384823.07
-5764013.76
-5919756.31
5797
-5523745.75
-3229081.49
-4824937.12
-3765381.37
5801
-3017609.92
-1859965.18
-4297026.26
-3786087.52
5805
-3941009.78
-5120632.9
-5767349.11
-1320019.83
5809
-4140375.87
-3618132.76
-4810060.25
-4929470.27
5813
-5246482.15
-4729368.95
-5498380.14
-3798334.06

8029
-5015350.56
-4815817.71
-6444613.29
-5541604.99
8033
-5096675.46
-5261170.6
-5639709.5
-2890453.32
8037
-4826826.9
-4342167.73
-4683592.01
-4361290.62
8041
-5239659.69
-5331586.6
-4964393.56
-2515102.99
8045
-5337786.06
-4247896.42
-4361980.66
-3937515.88
8049
-3781966.15
-4795734.35
-5008817.81
-5316553.87
8053
-6277263.61
-5582670.02
-5168538.59
-3594433.53

3265
-5697513.7
-4442663.99
-3976472.51
-5924069.77
3269
-4640734.5
-3875046.86
-4941586.01
-5221672.27
3273
-4031162.15
-4267350.36
-5093495.34
-4693202.06
3277
-4684141.24
-5749200.01
-3506324.21
-4347642.66
3281
-6153740.67
-1783978.1
-2792319.12
-5667351.11
3285
-5469918.89
-5221087.3
-3936038.57
-5756237.5
3289
-3480732.82
-4581218.89
-3771746.46
-4014496.01

5817
-4991555.21
-4929903
-3214305.13
-5755935.84
5821
-3321512.21
-3600103.53
-5604235.65
-5366290.3
5825
-4154241.4
-3311329.21
-5653655.72
-1605380.8
5829
-5597704.31
-5319541.91
-3733663.86
-3748650.52
5833
-4787879.68
-2584576.48
-2355689.02
-5142244.72
5837
-6266743.27
-5661627.01
-3038524.47
-2523890.41
5841
-4561054.73
-5085004.16
-5597188.53
-6932103.61

121
-4163556.92
-5347320.16
-1294272.67
-4744601.03
125
-4593369.47
-5319172.82
-2741883.27
-4876638.88
129
-5535662.07
-2432758.04
-3475552.46
-9332574.98
133
-4653857.1
-1081830.4
-5288783.61
-5565417.11
137
-5205527.77
-4905754.06
-6009113.67
-5278298.03
141
-5204947.3
-3274708.72
-6064023.81
-4187295.77
145
-4929743.49
-6276870.89
-5129857.01
-4203136.89

3297
-3017279.73
-6084882.91
-5344874.68
-6427042.71
3301
-4778109.7
-4761054.06
-3350946.51
-1541799.32
3305
-3810418.03
-4910016.37
-4759895.93
-4728990.12
3309
-1075669.83
-5552382.37
-3927202.32
-3815319.63
3313
-4480193.18
-5958634.44
-4708016.27
-4894891.77
3317
-6403286.52
-4663935.35
-6283583.85
-6830347.02
3321
-5432169.17
-4026261.42
-4604183.46
-2959897.14
