
2045
-32039.3154
-19609.9633
-113483.591
-780936.327
2049
-243514.004
-124641.355
-32247.7953
-63808.1191
2053
-166367.489
-81180.7829
-38522.1288
-97363.4236
2057
-18710.7905
-571946.453
-20253.3424
-141747.767
2061
-86926.3943
-920947.921
-129021.38
-159223.604
2065
-21162.5382
-38908.7618
-25781.2975
-26281.8711
2069
-31777.5247
-28638.4707
-375509.807
-24452.6229

2073
-748910.364
-755443.632
-814509.174
-65924.5029
2077
-121463.055
-54074.5522
-121460.722
-22682.7978
2081
-536001.104
-56660.4865
-35614.2744
-784125.123
2085
-259375.962
-203084.606
-103126.037
-515813.77
2089
-26141.2346
-463639.464
-37276.1312
-28725.6074
2093
-113891.063
-57584.7272
-101094.917
-330782.378
2097
-28949.2247
-196244.478
-20820.2326
-51318.123

29
-106932.193
-48895.1751
-33994.4373
-29734.7543
33
-11905.4296
-529300.762
-19203.2551
-100983.877
37
-776892.697
-675295.12
-143757.786
-267971.377
41
-51018.1526
-628347.299
-33369.981
-15490.7272
45
-38149.9353
-177917.378
-431265.804
-24343.1067
49
-19231.2973
-69374.7929
-174090.852
-155275.368
53
-65691.8871
-33342.9511
-36517.0037
-226997.086

57
-523711.895
-41710.1778
-42848.6879
-45037.4909
61
-413680.024
-297712.706
-27093.3739
-19521.01
65
-241334.539
-176216.158
-101116.978
-55669.0962
69
-265702.666
-32100.0862
-193656.97
-83571.1622
73
-57727.2392
-951306.728
-33980.9394
-17931.6736
77
-297140.688
-26042.9457
-955179.017
-19519.94
81
-24805.3516
-13740.6669
-85773.6017
-616716.095

533
-81257.6787
-19222.9601
-90416.124
-30350.3885
537
-436783.167
-65348.8788
-59629.2336
-120047.846
541
-763821.854
-196427.03
-152820.531
-310554.727
545
-153142.918
-684154.21
-436287.661
-23630.3848
549
-94302.5567
-34862.2218
-221411.752
-37608.2863
553
-6790.66169
-289129.483
-37013.9153
-154041.587
557
-110041.508
-520056.447
-88947.685
-25595.1664

309
-86737.4764
-252626.771
-166641.861
-23333.2726
313
-55191.9872
-502308.924
-153083.626
-262510.497
317
-35208.0007
-22774.6082
-744212.849
-307221.967
321
-26026.7787
-38216.8087
-276647.567
-647220.573
325
-135425.617
-83765.0565
-38670.6505
-723270.33
329
-58872.4347
-236970.587
-917188.184
-112919.57
333
-105293.209
-325371.689
-916239.296
-12442.6175

169
-81664.6646
-253792.759
-6247.69605
-511073.762
173
-24816.78
-149832.98
-22864.4034
-443755.38
177
-31330.3783
-500879.006
-20820.6602
-87427.9514
181
-382158.634
-80324.235
-59541.9689
-727351.303
185
-210692.545
-236753.999
-71486.3881
-25508.3903
189
-395472.806
-365388.07
-79054.1159
-23367.9382
193
-100211.838
-55849.6838
-113577.453
-68870.6984

253
-64954.1716
-21199.2411
-747757.978
-29449.94
257
-60026.9999
-627749.165
-288966.418
-88921.5392
261
-42325.6116
-418084.675
-38201.8345
-81427.9987
265
-566705.228
-682821.679
-107694.725
-355500.619
269
-29141.6495
-591510.592
-390263.181
-294109.995
273
-35429.6779
-28315.1623
-490068.182
-352524.448
277
-708412.741
-292201.817
-25315.1927
-994534.449

113
-43788.4791
-529007.634
-319649.098
-31477.8849
117
-845797.273
-158442.129
-79247.8302
-67253.3931
121
-16994.7554
-46087.0746
-230492.93
-368346.886
125
-13530.2602
-35599.1166
-946434.889
-101552.293
129
-742392.309
-398862.073
-15367.3032
-60026.9332
133
-158939.31
-186523.691
-601814.822
-205107.934
137
-64169.4721
-592504.076
-54093.8572
-362265.419

365
-33187.4603
-551563.758
-742090.321
-39405.0918
369
-95591.5319
-61175.8187
-565218.984
-23484.067
373
-110757.837
-28581.4239
-721828.538
-231270.397
377
-31925.1113
-66088.0322
-106173.811
-95052.1305
381
-57960.0762
-715897.085
-101862.39
-330362.761
385
-65472.3749
-22617.5591
-38285.083
-23024.4982
389
-85459.6099
-171998.827
-184031.536
-26412.303

337
-47153.6428
-119504.385
-377853.097
-44092.1257
341
-410618.129
-69038.011
-789337.075
-871150.783
345
-39787.6381
-47419.35
-139397.385
-23329.1991
349
-22623.0998
-93132.8739
-258233.969
-150499.26
353
-361074.863
-117814.356
-223850.389
-774994.608
357
-408169.491
-316551.234
-465989.297
-187996.613
361
-963620.846
-43637.5339
-14490.373
-33449.651

589
-21991.9448
-123991.002
-176399.218
-95854.4086
593
-85658.5242
-434104.072
-451324.829
-559064.321
597
-450943.349
-324949.797
-21753.3078
-133593.816
601
-243482.209
-566357.05
-446087.764
-106307.383
605
-81716.3936
-690830.442
-153422.135
-790689.184
609
-129656.849
-28074.6588
-502711.751
-26162.45
613
-567262.029
-620536.402
-6218.61729
-65469.2988

953
-19521.153
-195877.599
-372779.074
-696705.448
957
-143715.311
-344256.952
-629619.534
-358438.209
961
-650827.628
-107193.428
-668953.783
-310721.667
965
-444414.959
-20817.7429
-284708.992
-68275.1754
969
-626842.92
-298778.526
-910234.666
-13470.306
973
-150934.776
-351073.031
-655892.221
-103292.353
977
-161704.244
-127040.647
-52933.3878
-58288.7662

813
-103783.773
-145113.532
-544273.895
-21759.5647
817
-40123.3125
-85228.6645
-29606.2315
-50774.6808
821
-376069.381
-328351.868
-700526.623
-56880.4844
825
-40694.6851
-43941.1542
-334729.012
-766401.916
829
-30222.377
-416507.569
-417522.428
-122467.713
833
-990890.773
-69441.0432
-180343.062
-36237.5574
837
-349373.584
-476747.238
-598469.486
-94370.9072

141
-49644.1752
-61565.0636
-86263.2779
-196068.847
145
-28818.568
-773197.5
-800332.399
-118295.438
149
-40041.7704
-613037.824
-382799.864
-17818.7793
153
-29195.8834
-24138.5833
-33796.0436
-215752.59
157
-37177.0465
-794378.967
-57837.6936
-127068.55
161
-27328.6963
-4300.48108
-15289.117
-24614.0351
165
-35974.6165
-183824.66
-13418.3572
-374446.652

197
-92031.3203
-150173.947
-65342.6352
-252442.21
201
-672725.462
-861138.302
-12051.0825
-414583.159
205
-697319.567
-201223.246
-390714.124
-29284.987
209
-307274.23
-50786.7734
-17335.063
-405802.886
213
-28297.1032
-56565.6374
-36341.4253
-746623.67
217
-31573.0775
-853662.386
-34046.016
-209860.441
221
-826960.579
-278613.705
-58235.5749
-66983.3477

1
-271678.851
-845436.081
-48826.218
-512926.053
5
-941273.024
-842886.901
-132165.24
-14141.4266
9
-61191.3177
-101669.358
-140121.319
-98561.2428
13
-16860.1952
-413878.146
-113096.461
-872850.145
17
-312979.758
-30701.2328
-676212.649
-630571.03
21
-34140.7121
-763510.6
-448399.775
-353104.277
25
-608524.933
-297914.742
-660825.894
-65360.2388

561
-910013.005
-650861.227
-487863.479
-679380.033
565
-96978.3462
-159023.464
-715534.069
-35429.8839
569
-92626.4664
-76504.3454
-398067.196
-566647.416
573
-714938.573
-582608.558
-21277.1612
-738820.129
577
-128031.657
-227190.319
-34802.5911
-16455.8254
581
-289319.91
-110826.651
-423771.234
-414439.872
585
-554116.44
-26655.699
-239419.835
-28217.0995

393
-60925.2745
-582751.161
-15975.294
-467301.699
397
-205372.773
-47166.0901
-282242.33
-69234.0947
401
-109555.948
-245586.779
-71907.273
-15355.6047
405
-827584.987
-20738.051
-395609.341
-19300.4447
409
-160084.565
-134393.236
-16821.6254
-296355.129
413
-57642.0941
-61855.4902
-393541.17
-663745.45
417
-574703.402
-165657.714
-825493.22
-437475.869

841
-52870.3934
-196726.462
-63032.7817
-35315.4335
845
-40242.9501
-149528.214
-301802.063
-302988.843
849
-24325.5741
-483126.058
-84914.4195
-580262.892
853
-24270.9884
-65794.6058
-89593.1855
-13530.462
857
-198973.912
-801141.953
-141498.888
-30754.8106
861
-820538.141
-619168.609
-314696.93
-195544.093
865
-330493.986
-194361.622
-29482.0803
-103600.648

1121
-39122.7182
-43176.0858
-197338.293
-19302.7817
1125
-42994.3087
-25719.3696
-149436.1
-301605.741
1129
-179610.775
-116124.718
-126598.187
-42394.6501
1133
-156588.794
-674955.232
-199419.326
-33121.5878
1137
-363882.734
-19256.9023
-132204.42
-101066.195
1141
-410107.328
-282309.799
-190174.487
-321999.076
1145
-672403.942
-364983.9
-540656.449
-359074.266

505
-280983.251
-329900.456
-358305.881
-18971.2244
509
-58993.8005
-772979.609
-157754.853
-226258.264
513
-862881.76
-114659.47
-143036.014
-337027.22
517
-528213.263
-531339.773
-186945.685
-43006.9013
521
-1028067.57
-81910.3827
-399991.692
-6489.58049
525
-606755.106
-189866.104
-147696.765
-290246.053
529
-834960.795
-291740.084
-42877.2984
-29038.7647

925
-40623.5661
-572033.466
-35306.9814
-587454.886
929
-23782.0496
-468442.983
-545931.222
-436925.448
933
-203964.793
-32588.5572
-83261.9282
-88634.1845
937
-108387.635
-139471.78
-104985.988
-133729.321
941
-870670.597
-225641.07
-23817.5808
-430436.087
945
-33648.0728
-453943.9
-485870.909
-241962.367
949
-533897.184
-28588.6069
-15433.4119
-531982.176

1009
-11976.0095
-62200.5259
-498127.862
-873930.253
1013
-439900.319
-19516.6223
-426757.962
-145510.088
1017
-14837.3352
-99274.6169
-21284.0529
-22472.9705
1021
-204409.224
-192796.456
-56450.9687
-469138.269
1025
-18690.0649
-130851.497
-114889.971
-685847.065
1029
-20835.0581
-54330.4621
-108810.269
-178381.415
1033
-588858.561
-18016.8824
-258453.916
-122906.997

1345
-66769.9852
-70608.2309
-157016.464
-161483.737
1349
-91003.6423
-371828.382
-144478.136
-173229.417
1353
-528524.723
-399250.718
-248071.141
-287998.885
1357
-404030.228
-392417.848
-51363.3102
-140509.607
1361
-137489.775
-399201.305
-441444.422
-127998.591
1365
-501186.794
-91148.9754
-26463.5402
-482392.3
1369
-17172.0278
-281138.826
-30607.9463
-96760.2044

421
-291436.959
-312749.371
-240121.936
-857102.929
425
-95636.2821
-49692.3982
-39264.1983
-378603.998
429
-30532.749
-91643.1573
-42099.4061
-79182.0019
433
-610346.852
-544024.765
-540747.336
-77959.2462
437
-267392.285
-31428.7924
-17723.4726
-598404.992
441
-168845.722
-62704.5854
-155464.574
-88605.8823
445
-30743.5446
-224841.649
-43682.1621
-18518.8855

1541
-97085.3666
-255394.737
-415098.839
-40894.648
1545
-100193.589
-798197.145
-186314.018
-813776.702
1549
-563625.352
-242068.708
-311283.058
-386532.435
1553
-28180.952
-281150.786
-94598.1918
-141173.148
1557
-61231.9561
-48624.1035
-27226.7481
-150535.4
1561
-96587.2657
-342821.911
-168234.03
-56637.6904
1565
-39649.6804
-4864.78429
-179558.992
-533438.555

1569
-321059.848
-672265.742
-145583.371
-420339.169
1573
-145651.351
-26568.6755
-68738.2806
-67226.5622
1577
-280458.44
-620422.491
-12178.7213
-360082.065
1581
-809137.754
-41032.4444
-533935.399
-395448.524
1585
-27506.7802
-394357.369
-135057.123
-24579.5821
1589
-661758.555
-65372.4943
-806653.471
-16105.1487
1593
-1012262.71
-705033.89
-198706.675
-474045.608

1597
-98415.1965
-529383.052
-43633.8227
-51381.1694
1601
-291226.978
-185605.647
-773744.783
-722469.218
1605
-67656.5424
-228609.576
-22127.1878
-19016.525
1609
-170004.082
-120444.37
-47485.2507
-153995.03
1613
-924790.628
-15821.3872
-104386.808
-38980.2809
1617
-131377.017
-670249.368
-39726.3493
-992461.844
1621
-25123.9128
-372704.376
-108392.626
-311589.284

1429
-59367.8315
-22760.0553
-26715.2477
-447072.235
1433
-242016.522
-17472.8361
-184272.053
-612253.462
1437
-32758.7503
-240798.643
-68379.234
-114024.09
1441
-18254.584
-44361.2719
-19466.3523
-60419.2472
1445
-30204.6327
-428032.119
-283694.445
-124732.676
1449
-230640.545
-67792.3733
-48600.538
-47355.7406
1453
-141307.738
-20643.4675
-72062.4055
-594483.676

1065
-307581.242
-18720.839
-639196.791
-121321.484
1069
-920579.539
-113976.314
-217954.529
-106626.716
1073
-71267.7268
-112466.284
-720004.406
-85035.6658
1077
-358055.292
-235027.066
-224541.132
-148319.933
1081
-949439.921
-50078.5892
-311815.972
-22819.8778
1085
-26404.3467
-651490.689
-57517.8669
-624895.918
1089
-427086.809
-314817.977
-28567.3522
-203447.495

1485
-33091.0696
-355780.79
-268971.934
-30415.551
1489
-324796.091
-80245.8521
-427984.381
-85898.8958
1493
-729865.684
-13836.6393
-239119.312
-26182.5259
1497
-512893.557
-148022.526
-19131.4332
-22219.2794
1501
-130490.828
-632411.76
-321631.758
-69686.1976
1505
-600271.35
-30867.4297
-368416.837
-141798.272
1509
-73951.6838
-48277.3553
-13878.2313
-190192.621

1093
-154789.499
-69160.4197
-22747.0286
-171207.034
1097
-28970.2768
-16259.2164
-27770.8268
-342082.911
1101
-63648.939
-22788.2577
-141068.038
-360958.846
1105
-47054.6503
-256204.172
-657792.954
-41084.2164
1109
-46492.4082
-126806.598
-36898.1829
-304602.931
1113
-311712.894
-31734.2825
-25094.4446
-681587.366
1117
-315489.625
-31785.0418
-24335.6
-143923.56

981
-18830.5145
-70986.7046
-804014.128
-44848.9634
985
-14563.6435
-623842.052
-472160.95
-72613.3673
989
-74226.133
-27127.0909
-170552.203
-761773.062
993
-29950.0406
-40679.006
-28046.9419
-24734.312
997
-65660.9891
-175669.746
-234247.19
-140810.062
1001
-117731.249
-17075.915
-399194.599
-93653.2064
1005
-77207.2644
-390133.17
-178228.234
-28911.553

1765
-60616.8752
-129434.938
-54180.2529
-45243.3536
1769
-63731.3213
-328520.252
-281654.289
-156639.289
1773
-74265.9217
-66503.1725
-63262.0268
-347797.338
1777
-354405.116
-31342.4947
-437356.76
-264392.382
1781
-827826.211
-64749.8654
-328417.46
-35552.0184
1785
-20393.3993
-918732.132
-164839.721
-13817.1571
1789
-242129.879
-30483.8099
-26062.8959
-379987.172

1905
-18404.3978
-3189.82981
-68049.2767
-274612.116
1909
-49746.8217
-179291.949
-53039.6786
-142259.903
1913
-34383.5324
-203119.657
-99685.6939
-530637.611
1917
-161642.732
-24982.6442
-51499.288
-312924.694
1921
-47921.1713
-89562.8292
-162741.185
-18623.4545
1925
-328277.398
-514130.828
-69900.4967
-281085.795
1929
-59178.9111
-292949.759
-75109.1496
-283011.316

1625
-51546.2993
-74216.3542
-179553.045
-3352.27889
1629
-804000.017
-83358.1324
-881598.636
-58305.0509
1633
-499194.834
-144483.654
-68323.1195
-6343.149
1637
-520249.532
-36802.5568
-20363.5513
-354173.582
1641
-894775.328
-110180.344
-439924.181
-152296.819
1645
-269251.604
-26744.1997
-741476.883
-110193.29
1649
-3437.14127
-293099.093
-359574.41
-27283.7661

1821
-120746.804
-86941.1573
-54467.9889
-226231.316
1825
-684160.043
-389766.729
-40661.4091
-593365.07
1829
-314706.422
-26841.9395
-182224.303
-35067.8901
1833
-152009.69
-35403.649
-104718.553
-895697.521
1837
-18492.4704
-44726.1622
-113036.409
-38997.8448
1841
-17787.5329
-244661.297
-13970.9336
-243889.781
1845
-895707.59
-735868.919
-507043.198
-35220.4653

1317
-203560.334
-675751.984
-508375.194
-160512.136
1321
-33297.4831
-388080.694
-505219.486
-494872.739
1325
-603247.509
-16960.5378
-93528.3249
-226302.264
1329
-15133.4367
-260070.696
-99821.0561
-377001.316
1333
-391177.504
-74041.3415
-283924.994
-63335.924
1337
-17785.6657
-129334.284
-133833.925
-132776.772
1341
-65993.6389
-12613.6056
-185809.399
-66549.0045

1653
-23377.5917
-24350.8428
-160653.481
-33550.5967
1657
-624993.196
-189224.383
-27610.7586
-278915.286
1661
-213473.886
-530117.217
-514405.164
-209089.871
1665
-148446.906
-37340.199
-53093.6045
-40135.3099
1669
-108593.466
-493329.197
-122297.126
-21978.9402
1673
-285421.471
-46222.2862
-371171.664
-268509.531
1677
-22996.2388
-58666.3676
-124072.677
-140694.543

1877
-25323.3135
-25959.4571
-349056.304
-12630.4929
1881
-141626.175
-91704.6318
-33887.0186
-33428.0536
1885
-28876.9647
-187533.731
-47927.0536
-19395.0754
1889
-13907.8272
-486929.917
-774817.665
-168374.586
1893
-69490.4922
-105873.028
-19223.4495
-169751.748
1897
-56131.4572
-397941.74
-152111.563
-522549.584
1901
-70492.206
-128181.026
-132475.514
-42086.9756

1709
-26815.4541
-63705.0716
-305741.546
-238097.468
1713
-584953.774
-627096.462
-220064.561
-61889.0815
1717
-264459.612
-623247.667
-74129.9451
-140191.516
1721
-786441.284
-30525.6665
-290494.522
-873539.324
1725
-235635.097
-429711.526
-591617.973
-183866.042
1729
-45581.3813
-390056.388
-906942.875
-67934.9763
1733
-18570.6305
-22667.9962
-36814.5546
-548510.625

897
-5506.86153
-851523.694
-714982.656
-258479.418
901
-71795.3746
-266284.541
-655263.307
-85473.2978
905
-714436.743
-15532.3465
-353899.394
-264163.728
909
-405821.324
-35101.8478
-8181.46242
-28338.842
913
-173482.196
-208902.328
-97879.1812
-361442.871
917
-120636.018
-253939.034
-28441.3215
-54967.2045
921
-315778.577
-68585.696
-257462.126
-35835.1037

1261
-20113.5262
-277278.295
-705121.878
-78149.4958
1265
-775636.859
-113160.559
-29678.5798
-692850.584
1269
-96316.9963
-83568.3214
-483443.931
-14971.5938
1273
-111740.703
-164068.198
-676330.932
-734973.634
1277
-85891.9615
-50529.5166
-587069.428
-317224.828
1281
-337192.938
-427695.313
-507857.238
-649273.516
1285
-32209.7434
-417521.26
-326254.572
-34348.1434

1149
-140398.032
-836922.346
-86613.9803
-345619.959
1153
-166267.113
-131920.411
-79262.63
-512731.314
1157
-100900.617
-44163.6562
-96398.6002
-738695.765
1161
-41229.3169
-89470.4015
-42270.4579
-29607.5072
1165
-19518.6971
-670443.717
-271792.351
-19235.2407
1169
-162559.758
-170954.179
-480161.113
-77793.9086
1173
-126833.127
-457084.355
-15820.6045
-59929.4916

1037
-416056.405
-146959.344
-230975.362
-374298.421
1041
-96035.8505
-426480.369
-833564.578
-528200.557
1045
-764313.09
-59282.5653
-331258.88
-27673.6969
1049
-625207.159
-23821.3286
-100504.208
-686173.128
1053
-21111.8325
-28361.4628
-47934.5028
-434677.933
1057
-43550.8679
-120223.563
-238552.338
-229611.477
1061
-47875.4552
-311457.592
-231006.665
-17148.8439

1933
-35044.9812
-205740.934
-11348.9502
-49408.0988
1937
-18373.781
-802032.952
-803952.518
-121454.152
1941
-345964.08
-72888.2325
-11689.3535
-501816.468
1945
-27391.2415
-816841.451
-657529.777
-54284.3974
1949
-26526.0721
-37787.9044
-396976.938
-186527.951
1953
-703272.175
-52953.0754
-716977.689
-308220.319
1957
-192661.559
-29215.0059
-37356.877
-867690.782

1373
-7288.96816
-42906.2383
-50182.8408
-871133.736
1377
-79221.4198
-65564.2563
-42843.9539
-24911.4738
1381
-174695.417
-72485.0347
-414813.88
-94811.2117
1385
-420174.317
-15714.1124
-22613.4782
-263086.156
1389
-10359.1668
-256612.929
-150531.281
-203589.776
1393
-900630.746
-96034.0767
-51014.1958
-31367.4924
1397
-192561.08
-751141.968
-223323.148
-50925.0061

1793
-515096.484
-702084.917
-13940.2773
-54233.879
1797
-88681.5299
-579624.267
-28844.142
-22067.3948
1801
-192525.855
-403800.486
-994325.853
-188774.108
1805
-254643.366
-603432.089
-26764.8741
-146698.966
1809
-567955.26
-67637.0162
-533707.657
-119690.331
1813
-217318.079
-34747.9907
-62759.2183
-712865.96
1817
-562486.709
-19966.4009
-81353.1671
-27537.0351

785
-357142.964
-46504.6126
-32853.2201
-53566.0292
789
-48207.4758
-51923.5574
-28962.1557
-583211.973
793
-394378.811
-591057.162
-82892.539
-749199.913
797
-73248.8807
-290915.769
-834373.489
-120504.643
801
-213301.497
-151119.656
-5306.37874
-775484.677
805
-76900.0289
-66256.7064
-17602.3117
-547979.895
809
-42309.4925
-79038.3357
-102489.934
-120574.177

1681
-55365.9475
-544517.833
-116765.541
-302550.63
1685
-194947.759
-216831.04
-44477.2081
-842640.37
1689
-23453.6921
-198924.15
-12952.179
-222569.076
1693
-100521.417
-146381.243
-190903.552
-179296.789
1697
-79919.152
-21068.3466
-206055.854
-131560.209
1701
-86220.215
-14539.5442
-229932.261
-506901.373
1705
-17340.3434
-21903.4488
-165141.791
-23295.6672

1737
-26539.96
-35270.8089
-59583.41
-19254.9812
1741
-50275.2479
-738382.696
-518642.176
-102000.569
1745
-41174.4893
-16888.7952
-8936.26928
-16311.9448
1749
-14311.3698
-603701.079
-707831.384
-136994.982
1753
-43443.1135
-90009.288
-31020.8452
-71832.0116
1757
-80603.2074
-380331.17
-88424.1702
-61915.621
1761
-772668.088
-75239.6281
-677463.468
-64507.5328

1401
-127746.49
-459886.525
-165412.719
-802790.838
1405
-14354.9005
-508524.694
-38771.9321
-681416.521
1409
-32743.6982
-58239.9515
-23969.2619
-276328.774
1413
-20228.5498
-503572.772
-23770.5058
-159791.748
1417
-22669.4304
-213628.281
-28353.9753
-197716.284
1421
-199102.888
-35802.0025
-33271.6219
-58184.3835
1425
-527639.475
-34686.2847
-420963.918
-54373.2255

1989
-263478.685
-19524.8256
-410574.525
-414596.87
1993
-110914.915
-29328.1268
-400061.623
-50191.9934
1997
-678763.472
-110123.802
-473564.151
-50462.7849
2001
-440196.596
-235118.343
-47409.4959
-144723.885
2005
-668941.782
-776650.209
-15920.5197
-31483.017
2009
-95243.542
-245515.155
-30087.3695
-146384.683
2013
-22335.3442
-162035.53
-528402.634
-107428.431

1513
-740786.611
-573207.015
-243876.089
-25097.7501
1517
-56571.3071
-368354.688
-251726.311
-793202.984
1521
-76079.9542
-239861.439
-29851.8835
-100529.952
1525
-32568.5053
-812813.098
-40102.7936
-353931.938
1529
-19657.1334
-129206.138
-671730.474
-33320.1332
1533
-254856.545
-297694.315
-333874.442
-28516.9031
1537
-91608.8758
-106462.198
-25774.5043
-134585.987

2017
-37849.5769
-628369.464
-327290.347
-20027.0374
2021
-87409.5669
-594371.703
-23617.3849
-59177.344
2025
-169047.412
-46253.9852
-951889.911
-19003.5092
2029
-815684.998
-272087.829
-363132.098
-116012.013
2033
-20383.0767
-468081.534
-184501.828
-30297.9002
2037
-60573.6224
-793363.911
-78015.236
-120076.058
2041
-70574.9572
-30112.6319
-91142.2957
-53412.9406

1849
-87160.2394
-25950.0425
-120846.249
-30814.1055
1853
-310563.528
-291513.373
-170920.696
-707015.446
1857
-67993.8766
-427916.903
-163435.045
-120380.702
1861
-45824.9412
-54515.4896
-294768.16
-19235.2813
1865
-347841.898
-21884.2749
-64917.8198
-393564.123
1869
-4876.02577
-66066.023
-296232.373
-29324.1686
1873
-13048.2026
-45035.5247
-25863.9455
-19078.6426

1289
-65684.1634
-15392.1498
-512975.25
-33367.5373
1293
-38280.93
-17342.4737
-36332.8466
-174526.911
1297
-27621.8164
-499284.817
-183399.016
-60870.3294
1301
-252317.276
-83558.3072
-16098.8394
-404637.978
1305
-781397.4
-780721.261
-119173.021
-266275.184
1309
-858169.769
-29891.4552
-31484.2335
-692048.598
1313
-275967.785
-341601.154
-243400.199
-370150.097

2129
-257779.875
-95935.0905
-338781.856
-585705.513
2133
-114929.814
-312968.677
-80080.4864
-271108.263
2137
-19063.0744
-19747.5393
-219441.865
-29594.083
2141
-260133.626
-73627.1896
-109836.892
-50887.7732
2145
-294202.47
-161024.491
-743583.926
-159353.48
2149
-331597.286
-39515.8007
-83553.2941
-586814.269
2153
-44343.806
-153989.215
-456515.19
-30275.4161

2101
-68160.5189
-194774.815
-977692.583
-587477.503
2105
-31632.144
-59122.0515
-192047.02
-19354.5887
2109
-33932.913
-13214.7954
-95326.5134
-57663.1158
2113
-185513.529
-18592.2431
-10321.3967
-350545.163
2117
-419768.224
-250929.951
-342304.666
-329180.275
2121
-846833.472
-397883.173
-62781.9281
-18887.9744
2125
-236191.897
-6797.56954
-230100.924
-101372.921

757
-523890.66
-76830.7251
-955394.028
-547622.98
761
-591158.312
-162846.562
-112371.252
-68022.3988
765
-93878.585
-621575.209
-357391.188
-59169.7207
769
-649868.805
-18838.9843
-42467.7111
-91701.3281
773
-67384.9002
-30449.9823
-79604.8188
-8975.30165
777
-8429.99377
-27677.3033
-293718.809
-26613.2726
781
-125623.42
-888618.561
-478789.596
-402156.326

617
-61253.8013
-186963.818
-26732.1688
-44610.2108
621
-268731.26
-240127.063
-95372.7321
-169545.614
625
-353280.568
-69628.8353
-87897.052
-21223.8474
629
-93699.44
-12838.2559
-956641.356
-241228.697
633
-26887.7513
-313802.2
-26496.3284
-139989.125
637
-22326.1454
-50533.4387
-43630.1014
-777741.317
641
-195256.99
-142509.282
-184982.221
-181427.921

1961
-95705.7521
-359644.239
-9584.31124
-503460.943
1965
-67112.3431
-47705.4055
-118306.243
-548608.085
1969
-877810.835
-32225.3742
-644155.533
-27829.7115
1973
-590137.242
-511596.564
-253677.466
-19021.0775
1977
-405853.189
-820139.424
-629345.848
-46681.2896
1981
-56288.7921
-522314.677
-80271.9052
-45493.4451
1985
-328610.826
-237233.735
-31779.7819
-441609.938

85
-692968.097
-63303.5532
-615399.988
-15491.5408
89
-104007.263
-18608.3647
-789033.894
-182064.168
93
-46282.0081
-15129.7398
-94299.9684
-89240.6602
97
-642769.449
-46399.2385
-278191.139
-91239.4254
101
-32463.0671
-140053.117
-581755.776
-20536.4366
105
-55664.9921
-294059.944
-287016.14
-23660.0338
109
-252685.049
-47374.7025
-47356.5123
-144748.302

225
-745350.907
-753333.758
-243736.481
-277711.092
229
-211086.666
-198879.119
-56129.0863
-764368.527
233
-152348.4
-414476.308
-99872.919
-30876.3558
237
-89426.1505
-137482.282
-485481.113
-34089.9107
241
-106238.711
-18702.9772
-192202.058
-96344.0419
245
-539908.351
-87790.8767
-28392.0427
-57739.6296
249
-388292.118
-176752.326
-85091.6791
-560897.974

645
-205437.928
-164269.017
-781554.372
-114088.9
649
-35444.8539
-72008.8487
-279185.201
-160324.728
653
-49562.2109
-26145.2547
-20246.3428
-664025.187
657
-199482.821
-219056.895
-670223.024
-490481.484
661
-16958.5207
-43833.3545
-17025.1205
-805522.276
665
-325019.153
-292276.19
-648632.046
-56378.503
669
-374169.851
-65061.0676
-23759.5068
-17007.4956

869
-412773.173
-120216.841
-14732.7415
-59894.4363
873
-464720.088
-336188.308
-763315.434
-28296.5783
877
-545919.327
-53612.2469
-494522.665
-560086.487
881
-143322.126
-38033.49
-478309.015
-52699.6749
885
-34792.5076
-530654.272
-133577.887
-40728.9022
889
-44967.012
-83660.6717
-23729.4865
-206282.836
893
-284124.714
-87718.2596
-167623.488
-45220.6507

281
-68356.3313
-800605.222
-60654.864
-165951.151
285
-828226.179
-35841.867
-73631.3011
-133243.674
289
-19092.8678
-68788.7079
-28479.7838
-485405.158
293
-65053.84
-25838.362
-352835.196
-176114.82
297
-16408.4287
-224103.242
-24698.925
-125232.92
301
-266574.169
-55163.892
-103302.631
-815395.66
305
-25764.9015
-31705.1499
-29637.5906
-628937.154

729
-654411.303
-132925.752
-67992.7889
-449984.471
733
-59586.9905
-726578.246
-55364.5871
-358553.698
737
-62955.6324
-29876.6865
-962844.75
-211579.246
741
-61439.387
-786623.873
-40886.9707
-33737.0485
745
-18520.8758
-15709.8869
-29546.6774
-432601.063
749
-757016.415
-253989.349
-188957.403
-74300.587
753
-63267.2459
-27546.9103
-67005.4267
-336964.697

1205
-35518.9773
-371077.938
-469123.661
-410250.24
1209
-35170.8194
-30208.3091
-17812.9541
-40123.9209
1213
-30082.0105
-21451.9046
-565784.121
-203131.671
1217
-55425.9502
-326225.203
-25877.2984
-66436.8421
1221
-382276.204
-34626.9887
-48166.0822
-77677.0083
1225
-215741.66
-498595.609
-222654.839
-28715.2484
1229
-76274.7363
-31648.478
-24117.4774
-23152.9363

1233
-27702.437
-383466.926
-36496.1807
-71489.747
1237
-34557.2809
-202642.762
-282148.269
-35195.5502
1241
-811194.423
-32113.1484
-104000.278
-121919.574
1245
-259713.734
-29441.6038
-658945.032
-294212.426
1249
-661076.501
-91358.6025
-199645.348
-266415.771
1253
-51827.8257
-264905.526
-751653.465
-51823.4562
1257
-456551.972
-21982.8206
-48123.431
-554683.197

673
-136669.169
-235466.914
-33216.7902
-31282.4011
677
-82242.476
-52221.6685
-589297.275
-397697.047
681
-32125.1221
-33979.029
-18780.5032
-40705.8116
685
-136244.1
-40660.1201
-41640.6808
-84226.0357
689
-606592.56
-13653.5599
-125952.381
-472789.727
693
-74615.1912
-13502.6873
-59763.6398
-23235.0454
697
-729459.301
-309293.98
-43595.0584
-146699.513

1177
-8639.40048
-12920.8929
-15448.044
-349832.377
1181
-19502.6428
-218699.708
-133489.829
-173408.318
1185
-786638.035
-218711.516
-27102.3981
-53653.7356
1189
-240617.487
-267918.576
-783090.782
-23814.6437
1193
-16571.2715
-313950.652
-163575.157
-644113.206
1197
-15080.4936
-58271.3348
-57622.7279
-25771.7427
1201
-56372.85
-265003.004
-448600.814
-34580.3304

701
-70012.4645
-185142.024
-344239.871
-153305.922
705
-25996.7926
-796691.188
-5692.82743
-257832.848
709
-72238.284
-144707.234
-766132.414
-190908.923
713
-320936.284
-31938.0097
-34304.7537
-44327.4796
717
-507273.26
-80951.9591
-128139.96
-386609.598
721
-209770.825
-263055.234
-85728.072
-144309.83
725
-186351.903
-525907.699
-160425.36
-220004.029

2913
-114279.078
-406225.374
-24513.3498
-322135.315
2917
-626664.224
-15087.4543
-31799.0083
-311422.551
2921
-278385.828
-816150.909
-90840.533
-250484.366
2925
-154697.396
-3459.48855
-445275.003
-6350.95134
2929
-22559.2978
-87432.455
-647332.876
-819907.009
2933
-315567.294
-112241.572
-59700.6093
-150416.759
2937
-249225.527
-144585.9
-768740.097
-29619.2481

2885
-36461.4297
-83813.8912
-332283.473
-149745.625
2889
-25396.5224
-230022.328
-35816.606
-135353.177
2893
-286251.027
-134481.012
-168376.655
-277579.794
2897
-21731.2211
-224767.158
-102712.488
-12932.5608
2901
-159389.057
-356653.967
-842485.885
-42710.3746
2905
-143894.49
-387049.39
-286164.738
-834407.164
2909
-35848.1716
-957713.788
-72685.0674
-46113.5801

2857
-35021.4706
-82707.4595
-100519.204
-82434.7589
2861
-437586.011
-23723.4157
-110411.525
-87034.8533
2865
-297760.711
-19086.7303
-825001.092
-531547.289
2869
-739865.678
-224026.871
-174103.005
-264529.331
2873
-975220.89
-778426.062
-180411.844
-55075.0821
2877
-26708.9584
-27826.5968
-385051.154
-107936.718
2881
-179043.556
-260693.019
-379276.246
-56400.5698

2717
-35372.2714
-91223.5427
-265449.811
-486465.76
2721
-76774.6094
-113519.544
-8569.96583
-19515.1236
2725
-164565.437
-20178.0068
-125928.946
-42614.1642
2729
-38175.9431
-163892.856
-14904.0612
-85184.359
2733
-492004.288
-520059.976
-142454.155
-145462.999
2737
-113583.064
-227321.32
-129602.696
-58546.9163
2741
-38841.5
-398345.458
-136249.661
-131914.978

2773
-73042.4706
-706612.971
-212943.673
-148615.279
2777
-71860.9281
-21092.8609
-616485.726
-189464.331
2781
-839793.448
-110303.553
-448793.433
-91358.8873
2785
-628597.972
-11566.666
-383683.093
-58615.4263
2789
-42587.485
-37873.8856
-37699.2249
-31360.543
2793
-70959.2678
-61736.7121
-465219.093
-716515.503
2797
-75995.1541
-22348.613
-702422.803
-59950.5165

2745
-74886.0766
-107958.884
-419715.266
-19776.2523
2749
-23979.6061
-29052.2727
-121261.221
-570043.264
2753
-101971.196
-17845.35
-90271.8591
-170395.963
2757
-25612.9009
-276834.132
-232596.299
-59995.1183
2761
-31477.7268
-20661.9717
-270022.074
-230558.504
2765
-376138.574
-75832.8833
-6458.09782
-3184.66548
2769
-34640.0294
-49682.5222
-333560.863
-286163.687

2633
-22036.7939
-27392.3321
-367996.511
-134726.313
2637
-15130.3556
-81657.4233
-541778.872
-202244.227
2641
-805362.64
-542246.105
-90583.2798
-38536.3183
2645
-246209.916
-55348.0904
-490343.751
-53629.9145
2649
-21846.2834
-185459.912
-204524.762
-31142.0686
2653
-57512.7416
-107861.831
-758239.135
-354201.121
2657
-347892.802
-46604.5559
-139366.924
-342781.71

3165
-681278.831
-327531.41
-59567.3607
-195274.924
3169
-309040.469
-139695.186
-134946.059
-179635.568
3173
-268680.224
-123363.289
-862641.248
-66346.9172
3177
-501980.192
-11795.2371
-38754.0932
-45461.5275
3181
-144358.58
-165273.958
-16612.0926
-26062.263
3185
-352979.684
-53733.73
-30890.0553
-270940.592
3189
-825476.471
-294075.239
-416513.065
-55914.1459

3025
-167115.147
-898307.215
-105270.195
-46399.8106
3029
-64604.8056
-18068.326
-446366.605
-66494.6703
3033
-541740.123
-152910.598
-49373.3851
-130279.86
3037
-173312.138
-211223.519
-132262.107
-168549.999
3041
-40996.5
-216895.085
-207860.934
-598822.195
3045
-24219.7018
-784455.086
-120868.331
-15849.7011
3049
-86319.9694
-89979.4164
-67832.5811
-136300.298

3053
-157536.052
-45955.7764
-729641.489
-80790.5123
3057
-130365.616
-388981.599
-197804.359
-446601.212
3061
-49698.4445
-143282.035
-612033.938
-14816.6088
3065
-67681.8352
-44345.1279
-235868.249
-848902.703
3069
-316393.659
-25704.8106
-14788.7001
-26048.323
3073
-751867.305
-23558.7714
-31668.5347
-28477.16
3077
-148046.773
-19484.9313
-714860.631
-573520.349

3137
-280445.846
-789720.295
-517192.295
-471527.066
3141
-25577.9789
-34247.2939
-503108.455
-41822.2289
3145
-86414.6323
-30362.6807
-335792.857
-79144.8188
3149
-172586.628
-63283.8022
-135785.126
-52099.8426
3153
-646035.796
-883010.254
-228220.355
-12638.4857
3157
-19590.065
-782207.79
-19488.0479
-539187.66
3161
-394337.821
-14329.7945
-15127.3315
-24568.3929

2521
-9976.63423
-28125.9419
-69803.9715
-113034.113
2525
-549435.288
-58548.9154
-348256.274
-276686.184
2529
-594734.104
-83004.7895
-180246.202
-91486.2716
2533
-245372.789
-66567.2126
-438713.589
-31550.4288
2537
-59787.4257
-627302.334
-39101.0064
-79104.8404
2541
-110384.334
-618100.307
-178723.166
-186336.747
2545
-45237.5127
-179010.262
-68673.5512
-122505.906

2549
-44073.3622
-445643.085
-95162.7542
-370842.931
2553
-241882.887
-725277.232
-134301.979
-99371.0247
2557
-586383.322
-82421.9631
-501338.159
-335011.977
2561
-201770.46
-221918.895
-110659.586
-76480.3237
2565
-273044.626
-85498.4133
-40656.3511
-160821.929
2569
-47583.6795
-30123.3135
-106726.715
-53939.9734
2573
-153076.168
-122904.739
-17959.303
-37456.3276

2409
-115657.193
-6808.73349
-46435.5286
-336083.909
2413
-66334.4219
-173193.961
-543994.222
-323783.053
2417
-123307.529
-30565.6667
-444212.45
-117467.524
2421
-88398.1156
-145651.132
-35103.9448
-28232.6176
2425
-56441.0067
-16605.152
-29203.4679
-57176.4893
2429
-19488.898
-794221.214
-29201.4444
-22064.1226
2433
-134888.756
-51083.4055
-149790.823
-692132.617

2437
-825882.527
-41803.4021
-111961.388
-245834.754
2441
-126747.044
-748885.708
-141187.002
-848630.737
2445
-57759.4086
-65356.2162
-451296.008
-286971.142
2449
-63310.1197
-33359.3452
-25210.781
-40450.9959
2453
-898415.025
-233010.375
-207557.378
-349814.04
2457
-42984.411
-818681.176
-630646.298
-28491.5692
2461
-776200.621
-219364.984
-547140.641
-54394.8113

2269
-682134.836
-40902.0118
-20415.1639
-106638.722
2273
-179993.183
-115699.581
-343137.229
-107035.085
2277
-150652.258
-750744.911
-697025.217
-207923.746
2281
-63245.8012
-104108.528
-49780.3243
-110723.265
2285
-29221.5816
-650829.998
-18301.6184
-26523.9726
2289
-41707.1305
-380045.478
-32601.9074
-697982.707
2293
-47512.0775
-58239.4576
-329092.28
-71379.1121

2493
-818084.054
-247882.641
-55557.6102
-95504.4941
2497
-434645.733
-323391.889
-177112.141
-18246.9569
2501
-885784.207
-128547.141
-180904
-209039.909
2505
-814456.912
-275417.024
-22779.0562
-37692.9959
2509
-28448.7346
-198233.299
-22888.7964
-46950.5597
2513
-661608.269
-99601.6333
-271515.563
-355435.631
2517
-36316.794
-135465.38
-17183.2565
-207511.344

2325
-864075.843
-14677.7987
-505763.584
-85628.0263
2329
-485689.019
-195917.606
-14792.0766
-97056.381
2333
-192016.863
-146401.314
-80357.6493
-45160.4876
2337
-94075.5021
-446760.677
-118142.592
-164341.314
2341
-162614.455
-99958.4087
-263571.465
-92263.0884
2345
-25375.1136
-97546.5759
-110058.39
-40948.7967
2349
-22067.1448
-53635.159
-301750.978
-50385.2498

2241
-79298.7654
-422050.487
-59866.9222
-18211.1455
2245
-250257.601
-177887.533
-182327.747
-818913.313
2249
-22202.0994
-496188.308
-436774.744
-229370.431
2253
-50527.1451
-305350.584
-18608.8461
-310727.424
2257
-326222.42
-104410.709
-68026.9422
-330481.69
2261
-431086.161
-858613.185
-12496.8962
-393492.251
2265
-437629.78
-36705.2031
-695413.289
-6025.84986

2465
-405281.924
-259022.394
-26655.4835
-93106.2498
2469
-22708.4728
-36421.9355
-31691.6152
-30474.2389
2473
-27722.2889
-19711.3251
-662788.245
-68913.2556
2477
-31953.6004
-26135.9262
-61343.1133
-60267.4703
2481
-666713.008
-406017.898
-56476.5865
-13604.6627
2485
-795707.418
-185261.655
-194559.267
-122303.237
2489
-377715.148
-26108.3242
-243709.396
-274753.47

2157
-224919.064
-94040.4031
-186100.75
-517662.415
2161
-878364.82
-233195.63
-30250.8412
-517399.678
2165
-39239.1607
-71166.1435
-272485.793
-168167.072
2169
-78471.5973
-53882.262
-375907.674
-452172.096
2173
-435674.9
-668124.472
-806854.118
-404914.754
2177
-434807.581
-59060.2772
-24065.8772
-425737.683
2181
-54189.3005
-265176.815
-58307.1704
-72243.5572

2941
-110514.664
-27499.4365
-531406.073
-465486.266
2945
-84038.7631
-574259.18
-49840.0728
-158217.106
2949
-46632.817
-34959.3807
-315547.731
-406658.105
2953
-52683.1169
-694796.476
-29686.647
-234780.958
2957
-19073.542
-24533.0567
-218190.551
-774116.682
2961
-20128.6344
-36767.1505
-120085.153
-75003.4929
2965
-26286.2768
-127894.212
-365306.987
-220259.164

3277
-201226.176
-16048.3433
-216492.752
-21976.9192
3281
-601274.635
-13057.1357
-280797.827
-186694.485
3285
-81597.9862
-33650.3596
-17654.4767
-513889.209
3289
-264543.125
-17485.1014
-802363.971
-4630.63128
3293
-13909.5078
-507001.322
-549816.987
-97335.7177
3297
-157539.393
-400908.98
-25377.4549
-345737.514
3301
-245461.292
-15126.5679
-48545.2478
-29886.8579

2297
-64591.0311
-408365.428
-251806.295
-20786.5882
2301
-361865.718
-18043.7724
-517517.738
-813841.576
2305
-61314.9435
-52108.596
-86431.774
-238302.311
2309
-296998.44
-190188.635
-72425.9969
-175480.142
2313
-500065.515
-565670.214
-43730.6485
-520473.609
2317
-31672.2467
-402450.628
-79507.8826
-696510.713
2321
-580707.941
-3593.97852
-77175.3744
-558722.51

477
-30609.3613
-20161.7944
-58712.5229
-743772.814
481
-219390.033
-273764.696
-803883.832
-113048.09
485
-63169.4717
-95629.712
-97455.1997
-191261.741
489
-24227.0311
-22987.8019
-36376.9719
-112624.937
493
-626560.496
-15798.4839
-44026.9736
-195445.797
497
-313005.286
-166605.424
-20278.789
-264507.475
501
-213057.488
-31353.6693
-453118.276
-16670.6911

3865
-445141.518
-366382.979
-18846.8775
-31234.6338
3869
-39866.2414
-199934.825
-60932.2728
-93025.4562
3873
-10110.9795
-79928.3515
-121029.565
-630649.049
3877
-32574.8914
-26075.1515
-12777.8266
-212656.851
3881
-431360.936
-722153.785
-71720.8573
-198043.285
3885
-750556.331
-236940.192
-352294.75
-47391.4723
3889
-298518.288
-126123.601
-690658.545
-835926.64

1457
-215799.626
-349340.729
-69876.6795
-33904.3892
1461
-349343.759
-74545.8733
-42252.3359
-52842.8062
1465
-266060.692
-263299.72
-546531.264
-377197.386
1469
-532430.603
-508005.542
-54887.3011
-123521.401
1473
-3277.6383
-1355.54213
-38909.7759
-622081.911
1477
-109531.675
-139826.122
-342870.978
-402655.704
1481
-25579.1109
-116973.804
-113017.526
-30976.6943

4733
-419729.396
-465597.12
-296967.84
-726202.51
4737
-121226.576
-411353.077
-322714.264
-671144.368
4741
-28878.7122
-19157.3192
-155122.17
-218903.575
4745
-254191.058
-160461.573
-56112.4658
-493517.499
4749
-17199.8061
-40662.2821
-22064.8771
-87878.158
4753
-30830.8973
-375457.378
-129736.586
-288395.196
4757
-28128.7873
-16433.3016
-397964.247
-36153.2025

5265
-88378.2642
-217780.36
-30050.5301
-316730.219
5269
-19515.2524
-95948.6388
-14264.3418
-63820.7562
5273
-121198.028
-281523.818
-24560.544
-112399.059
5277
-305806.376
-275502.063
-32541.6275
-130299.088
5281
-28931.4375
-16708.3248
-655691.211
-78986.6593
5285
-24331.6579
-28494.6244
-55624.8768
-18417.1408
5289
-146445.396
-127636.681
-70766.3398
-40140.1714

4537
-49091.8518
-273150.465
-595615.087
-614697.558
4541
-364469.103
-251187.354
-81674.2757
-421114.392
4545
-41396.1026
-828442.193
-21056.4791
-131065.308
4549
-343760.652
-290296.542
-25850.5247
-120036.809
4553
-643002.392
-120587.034
-41415.3475
-479448.755
4557
-29781.026
-378718.748
-549609.447
-759397.235
4561
-159583.067
-117573.777
-14924.0202
-264021.834

4649
-23469.0568
-385545.739
-441356.556
-27953.5221
4653
-94394.1306
-17823.6795
-36607.6202
-100849.702
4657
-90325.7299
-568869.137
-21972.8454
-37609.0885
4661
-128914.745
-260618.643
-575953.224
-779489.78
4665
-419953.115
-590674.86
-27721.8154
-277854.214
4669
-233492.215
-386404.838
-611563.966
-24466.3968
4673
-156401.767
-433247.138
-436083.183
-13129.4121

5545
-103064.077
-274008.025
-423969.858
-327878.371
5549
-52708.6101
-493746.499
-284200.728
-278057.744
5553
-331106.505
-26088.7173
-183906.931
-379140.259
5557
-702690.645
-865582.943
-49508.2954
-21969.9927
5561
-18256.1496
-354887.708
-49314.5657
-184040.305
5565
-305443.984
-17449.9527
-123806.567
-499758.004
5569
-26805.929
-246083.188
-370591.334
-566964.878

5013
-118746.869
-224015.598
-324183.695
-134563.933
5017
-39649.3131
-839983.966
-61253.6638
-260331.744
5021
-17474.8695
-19767.974
-158876.501
-10440.0676
5025
-765840.589
-919257.035
-388609.346
-36159.3575
5029
-29035.8257
-63150.833
-32258.2461
-494355.627
5033
-580339.403
-19520.7478
-23804.8917
-62410.0346
5037
-406457.509
-37854.2927
-22886.9002
-619937.674

4481
-916850.647
-70373.4682
-255307.588
-27437.8125
4485
-876063.546
-166564.066
-657584.673
-51832.0043
4489
-55956.9975
-150763.643
-46978.393
-326870.019
4493
-516941.622
-3540.89346
-165763.993
-35170.7289
4497
-24480.1161
-291103.836
-46996.8024
-58605.6798
4501
-471464.491
-102605.632
-38310.2024
-51364.8232
4505
-640411.786
-141995.79
-244235.718
-63261.3863

4817
-320743.124
-22827.9314
-44646.1492
-38119.8951
4821
-954336.43
-94237.2181
-289441.165
-114902.072
4825
-460683.404
-675275.434
-104780.943
-438379.06
4829
-274341.327
-74309.3433
-134357.736
-40894.3395
4833
-295625.36
-48859.1064
-103288.37
-227807.695
4837
-25921.747
-532464.75
-868153.114
-65722.0563
4841
-221330.584
-24234.8147
-113944.324
-285244.056

5125
-30041.3978
-23911.8251
-30418.6547
-309334.747
5129
-19520.6279
-252074.955
-698419.608
-31128.1369
5133
-280110.704
-680477.959
-58863.4602
-385913.069
5137
-432540.505
-570965.954
-63816.6959
-376079.073
5141
-589574.801
-40106.4989
-840322.132
-34887.7466
5145
-803129.05
-588603.09
-42266.5143
-234352.447
5149
-210620.914
-550091.666
-30973.7844
-187601.771

4789
-95144.4086
-834704.791
-664370.76
-172121.304
4793
-15996.8424
-399017.437
-81334.4343
-19403.0335
4797
-254509.275
-507023.112
-441107.667
-38783.5333
4801
-122277.831
-94905.19
-274249.619
-109284.125
4805
-200965.05
-391830.173
-443832.96
-576730.09
4809
-530055.133
-537481.115
-400628.615
-403561.018
4813
-932645.339
-854163.768
-332560.436
-412938.878

4845
-149067.176
-440266.403
-207430.721
-151658.105
4849
-51512.4331
-686103.127
-73575.333
-33747.0149
4853
-34679.6982
-181820.538
-277927.022
-16287.3538
4857
-199819.187
-130301.565
-212546.421
-113915.494
4861
-310129.199
-235719.208
-33985.4089
-9278.80264
4865
-486918.622
-41642.0334
-20597.9312
-341637.408
4869
-770334.899
-326039.682
-30318.0729
-204588.32

4901
-433181.958
-65351.9792
-70321.1789
-328832.036
4905
-284917.239
-758871.135
-456274.765
-29839.3164
4909
-203765.718
-106676.064
-27423.1878
-121541.465
4913
-209765.178
-105290.813
-620764.79
-658892.163
4917
-771670.948
-313870.813
-196493.042
-34673.9559
4921
-194361.102
-723239.852
-986129.572
-379531.425
4925
-12275.8217
-31738.4123
-197579.916
-9201.23439

4621
-89320.5278
-182606.367
-413955.845
-49957.0947
4625
-27170.2851
-87992.4694
-114118.124
-66814.3634
4629
-225227.668
-46318.5735
-59763.1851
-800842.896
4633
-65304.5224
-24688.5694
-50091.0542
-256371.851
4637
-33449.1212
-11988.6239
-231483.068
-64724.4714
4641
-67249.6716
-832969.781
-401805.665
-26403.6073
4645
-30431.569
-632582.806
-377402.931
-23635.6782

4873
-34669.4394
-39725.7643
-56905.6184
-70684.3677
4877
-326422.381
-66284.4353
-25408.0815
-106023.809
4881
-296615.672
-551646.189
-178543.877
-35176.4277
4885
-296102.991
-35642.2013
-155709.482
-162105.527
4889
-273699.561
-113063.337
-535465.207
-89602.9563
4893
-622310.542
-173763.939
-446271.861
-21903.5045
4897
-534592.887
-742497.476
-18418.1682
-181051.672

4705
-56435.4382
-294051.576
-198795.875
-221445.888
4709
-25546.5694
-41515.6211
-434525.912
-197959
4713
-384343.208
-707157.351
-53180.3122
-54974.862
4717
-672244.534
-657666.057
-46921.7162
-71369.1983
4721
-76324.668
-328544.344
-717009.985
-284968.575
4725
-207755.365
-31412.8375
-54573.6329
-21725.0264
4729
-119138.026
-638003.707
-162979.837
-662783.472

5097
-43577.7283
-27739.259
-293537.16
-42730.3706
5101
-30201.1841
-184875.656
-16509.6314
-473234.267
5105
-25226.0952
-208850.578
-65420.5236
-130505.57
5109
-45273.5804
-67458.2803
-12572.0226
-327584.375
5113
-223234.245
-42006.0096
-104544.526
-391851.349
5117
-468261.652
-321773.913
-126541.335
-194640.392
5121
-84516.2899
-13968.5859
-95447.7336
-236039.261

5741
-570421.957
-680073.959
-762983.828
-214304.198
5745
-69631.75
-62540.1863
-324795.771
-700001.237
5749
-624905.909
-220128.157
-188893.638
-62340.9835
5753
-80315.1077
-165055.757
-15107.0254
-459460.776
5757
-160366.812
-665654.036
-232023.977
-24915.9348
5761
-65674.7821
-284508.943
-83381.8401
-94453.0381
5765
-59140.9593
-41884.7463
-51783.5631
-142603.758

4985
-678310.878
-23984.151
-115696.424
-804280.713
4989
-40735.3636
-214602.026
-362417.356
-312460.071
4993
-31194.6341
-79032.0034
-22699.4446
-132665.744
4997
-21811.3974
-625614.776
-20640.7419
-843517.105
5001
-67118.9801
-51455.7064
-568713.737
-91162.5262
5005
-725243.052
-46008.7492
-724547.106
-233637.748
5009
-35873.4066
-893245.114
-339945.163
-723393.409

4677
-117470.732
-214598.286
-853131.57
-406359.878
4681
-368134.707
-114874.67
-332343.387
-594284.357
4685
-23334.2447
-436441.731
-41782.5444
-799964.566
4689
-61001.9042
-27881.3845
-291386.757
-206540.395
4693
-156905.126
-288160.928
-102070.2
-16418.7717
4697
-23393.152
-566448.333
-47412.4185
-455760.737
4701
-271734.769
-200323.111
-217357.681
-744082.816

5069
-852801.456
-27009.7299
-844545.739
-21334.3876
5073
-477526.596
-53861.067
-22031.6786
-33235.6217
5077
-401224.304
-20881.0568
-99126.59
-133559.231
5081
-23359.1333
-30242.1465
-22870.5322
-283655.67
5085
-302189.759
-62591.6004
-123028.012
-307602.88
5089
-574687.392
-121310.857
-49198.6372
-105138.596
5093
-537381.112
-28547.3158
-19175.205
-91856.8358

4593
-122701.152
-152137.568
-117288.489
-187924.976
4597
-136348.714
-377391.26
-66914.8708
-169423.827
4601
-90399.2222
-757922.297
-459814.842
-21422.8414
4605
-204639.877
-28993.1044
-463795.642
-61515.4853
4609
-44201.0242
-64013.5794
-404970.319
-30462.356
4613
-447221.561
-254459.121
-202165.396
-681422.844
4617
-50518.1589
-554800.092
-48707.5891
-93537.557

4929
-49303.3652
-890393.044
-247022.404
-11680.1983
4933
-79009.6898
-110391.482
-63645.8122
-9588.27078
4937
-629763.558
-158832.526
-216363.76
-22627.1622
4941
-17594.7094
-117246.662
-119456.161
-22118.4932
4945
-30760.3495
-54987.1267
-106368.212
-46543.0793
4949
-193367.271
-24665.6701
-772795.162
-58718.8607
4953
-11331.9275
-31986.731
-745248.838
-70631.069

4565
-66831.8553
-98689.738
-31868.5995
-355718.63
4569
-22730.4713
-387582.424
-154362.522
-100750.88
4573
-63931.7716
-15631.4526
-159807.811
-200424.521
4577
-353994.995
-24318.7504
-196411.268
-240296.086
4581
-26909.3546
-35020.4442
-196509.481
-28727.7478
4585
-43408.1517
-167377.154
-308049.55
-59212.9716
4589
-203998.928
-22999.4715
-58096.9113
-401873.802

5181
-353221.669
-44379.7652
-55950.8286
-77953.6886
5185
-10676.7881
-421893.533
-576062.256
-71644.5997
5189
-231426.149
-97936.0875
-150902.939
-253073.121
5193
-110991.233
-83113.1391
-538060.399
-47873.4342
5197
-376773.939
-15108.547
-263764.199
-66919.889
5201
-71080.7685
-132533.316
-500862.651
-112946.857
5205
-78259.3058
-246782.889
-465297.954
-61480.3454

5489
-46622.2788
-983419.574
-104387.852
-24537.2847
5493
-594316.992
-144494.231
-104572.401
-34617.4823
5497
-36539.6717
-95205.1491
-108635.305
-575304.303
5501
-90128.8569
-21928.8001
-32265.803
-234510.677
5505
-86686.8688
-37118.2001
-164582.484
-25949.6071
5509
-60353.9004
-20446.1335
-829384.355
-205886.039
5513
-37296.431
-51337.7052
-776454.615
-34300.2807

5517
-413547.324
-35471.1556
-42817.4299
-17046.3775
5521
-25033.2886
-90207.1875
-293502.562
-50559.4512
5525
-129433.477
-26190.6715
-345068.017
-378024.746
5529
-120765.438
-77132.7451
-325165.967
-257393.155
5533
-456681.135
-38379.7324
-328654
-14903.1565
5537
-565811.683
-322033.389
-28964.0423
-20498.4536
5541
-343901.495
-507393.758
-244137.139
-18846.2934

5237
-19390.8195
-788009.782
-542055.64
-664323.174
5241
-862504.312
-412599.798
-101988.667
-36762.8098
5245
-296723.065
-269352.058
-258677.547
-17019.2738
5249
-20411.462
-18467.7219
-66428.2908
-754845.061
5253
-30468.8136
-413228.543
-264740.188
-78011.805
5257
-113031.32
-99020.5639
-113022.204
-212141.338
5261
-437322.634
-709422.404
-233649.857
-884024.6

5153
-673584.039
-746016.494
-191718.945
-84329.7036
5157
-253355.378
-624991.661
-833642.612
-71988.1306
5161
-39244.581
-693997.835
-21923.1236
-522377.428
5165
-21794.2603
-39821.3919
-47743.708
-127889.238
5169
-182092.97
-44843.4517
-310413.882
-34995.6376
5173
-29768.821
-99384.0307
-83719.8451
-161363.869
5177
-237365.578
-29689.5924
-49901.776
-51798.3865

5657
-104039.087
-1519.96454
-125682.111
-26458.8046
5661
-360292.985
-22749.7022
-112475.807
-174998.951
5665
-90741.6642
-223731.404
-16387.5795
-332513.608
5669
-175815.625
-475613.143
-21072.1333
-140084.324
5673
-184086.262
-213879.661
-785044.026
-295521.764
5677
-200870.319
-33399.4965
-609591.667
-320015.317
5681
-55826.8514
-503615.582
-17940.1423
-23973.4291

5937
-982956.061
-62060.5935
-236394.528
-193057.786
5941
-86353.4969
-619181.934
-730829.379
-27609.0614
5945
-80807.3134
-447154.976
-333570.671
-405877.834
5949
-700519.76
-164963.421
-19976.6446
-42362.975
5953
-10925.8375
-216707.677
-20385.1525
-24057.8554
5957
-102750.818
-684415.951
-36881.8833
-543408.89
5961
-218977.381
-155437.69
-456346.055
-151497.473

5209
-82955.936
-227221.892
-914720.313
-13676.6083
5213
-168776.277
-259942.703
-38626.4415
-539361.144
5217
-86871.0625
-822416.103
-95164.8801
-8293.7438
5221
-56541.6619
-252908.372
-41803.0246
-23447.4184
5225
-372024.423
-112649.226
-7834.54104
-912691.005
5229
-833706.321
-20168.1359
-94791.715
-787442.737
5233
-11768.1131
-69145.7031
-34444.9757
-53681.2048

5881
-683038.951
-888126.272
-132096.274
-297547.267
5885
-688394.152
-256530.269
-70861.4868
-540760.35
5889
-24110.0582
-730070.359
-334235.205
-67520.7847
5893
-353252.696
-845040.888
-14946.8607
-41306.9566
5897
-138053.968
-41366.5283
-665036.997
-75082.4814
5901
-638011.088
-428085.666
-34533.8499
-42502.2789
5905
-286232.135
-99662.3993
-247900.751
-415808.764

4957
-20431.1538
-601647.921
-27895.4899
-151373.188
4961
-701964.171
-37580.8759
-275605.021
-825497.651
4965
-194917.953
-753530.32
-103492.481
-241862.214
4969
-556118.241
-101316.311
-617632.414
-187010.419
4973
-126470.875
-390145.894
-545660.56
-484137.924
4977
-22251.9004
-90973.8791
-123666.116
-352527.457
4981
-365881.637
-754103.023
-23618.0342
-243098

5853
-155861.496
-266865.049
-276078.795
-25075.7198
5857
-486063.407
-21586.5748
-201257.364
-838417.723
5861
-370952.184
-418785.27
-346054.309
-16669.5112
5865
-17459.2075
-710449.102
-136640.316
-35865.4041
5869
-337729.818
-133943.745
-191305.78
-55086.3745
5873
-693702.039
-116252.724
-25290.0081
-49374.7964
5877
-796022.191
-61409.0517
-273480.382
-60834.6514

6329
-56607.4429
-192666.403
-71615.8067
-835130.408
6333
-34385.9587
-134847.264
-282568.843
-58076.3266
6337
-111688.651
-64349.5208
-71511.4687
-33995.9888
6341
-30080.7435
-37082.8271
-263963.254
-261143.439
6345
-236946.047
-460935.586
-59438.8483
-28583.0059
6349
-20404.1781
-33465.7374
-556766.118
-259983.738
6353
-33519.0339
-29671.6409
-415970.786
-163192.745

6413
-162656.985
-239717.042
-124925.992
-208137.905
6417
-121914.848
-447917.657
-377477.94
-151982.442
6421
-424440.862
-372220.906
-600999.839
-30543.1645
6425
-693301.194
-222806.142
-77622.2148
-33692.008
6429
-151380.107
-29570.3841
-28299.1133
-64784.7511
6433
-352065.832
-8615.73758
-21657.6172
-440590.278
6437
-45691.4397
-15158.2892
-18445.9742
-828607.476

6301
-102643.505
-218035.458
-140212.268
-10974.538
6305
-327310.599
-16247.8123
-27155.1512
-58501.3123
6309
-55883.0946
-517434.703
-27192.2699
-97517.2668
6313
-98730.1321
-30170.7144
-30606.4023
-69930.5574
6317
-19521.2717
-422079.37
-310914.688
-562249.273
6321
-152783.812
-853082.083
-552337.064
-11806.3836
6325
-18215.909
-108175.169
-39393.9842
-238344.571

5993
-458010.577
-27828.4017
-425927.617
-242024.361
5997
-6394.59662
-77958.4705
-409890.998
-567716.015
6001
-463605.943
-88382.1655
-22713.9079
-71779.9574
6005
-436935.312
-88264.2225
-75753.6466
-65868.0983
6009
-855549.881
-72767.1029
-277223.408
-253483.426
6013
-17897.7484
-145689.701
-100638.071
-574307.888
6017
-476953.19
-144308.504
-862027.814
-134156.391

5769
-19481.9695
-37644.2455
-24573.7302
-755502.429
5773
-173156.131
-730989.579
-91405.4873
-58007.6457
5777
-5437.02278
-697157.171
-367164.385
-21575.2773
5781
-598322.63
-117475.708
-863738.48
-124081.191
5785
-49205.9878
-253776.657
-584840.78
-881199.211
5789
-1143.60335
-31456.6684
-598611.489
-30104.2053
5793
-35708.0876
-59650.2965
-194417.472
-86588.139

5601
-38685.4994
-367323.442
-395300.336
-834336.386
5605
-46822.4982
-705941.822
-739694.588
-39683.1667
5609
-24990.9553
-32675.8468
-15395.1068
-53369.7862
5613
-157059.575
-121321.313
-70254.4005
-325817.798
5617
-169838.019
-27257.2707
-45571.6085
-378980.954
5621
-592606.233
-112929.299
-192671.917
-19521.2674
5625
-17734.2461
-30561.5228
-17912.3456
-688508.13

6049
-454842.959
-138397.035
-766728.668
-16578.0956
6053
-32391.5038
-13576.0287
-460546.51
-15710.1578
6057
-90828.0837
-65972.4632
-40899.7151
-110326.227
6061
-58917.7751
-496607.097
-82592.1517
-204677.136
6065
-220518.268
-11525.1712
-18792.5607
-64995.9272
6069
-25424.9205
-26437.312
-22234.0692
-301293.658
6073
-86546.0667
-24695.513
-403765.511
-23178.594

5713
-957394.037
-79494.7473
-68195.5257
-592522.682
5717
-12809.883
-168635.446
-95484.2808
-13025.1658
5721
-652091.126
-76661.259
-115444.804
-390796.387
5725
-224725.629
-62286.5681
-352558.764
-68216.2373
5729
-333185.823
-30579.5381
-161941.177
-36974.3804
5733
-517839.859
-168078.977
-246135.437
-197605.367
5737
-8481.20267
-244464.285
-94094.1354
-183980.923

5629
-209183.766
-22818.4099
-603485.828
-3992.07803
5633
-247591.94
-412160.412
-117755.585
-146453.567
5637
-25783.4907
-82923.5304
-173075.994
-398331.456
5641
-30096.0646
-291184.896
-384908.62
-397425.944
5645
-53468.0144
-158564.697
-23499.6522
-13649.6288
5649
-381531.853
-279006.33
-163049.271
-446739.284
5653
-309592.694
-204863.899
-26107.3126
-580561.705

5909
-873187.137
-34279.1554
-83635.8786
-113396.91
5913
-22924.204
-595336.426
-162979.804
-306941.343
5917
-371454.199
-41997.0171
-201957.6
-797148.485
5921
-440927.897
-41346.0133
-180906.048
-458748.275
5925
-240620.309
-71275.2268
-204267.64
-943286.013
5929
-95136.8523
-40809.8253
-419751.764
-387251.78
5933
-467207.875
-869810.624
-453843.029
-168545.889

6273
-420533.829
-38310.3725
-398185.89
-192619.531
6277
-7103.23041
-42778.2455
-694537.375
-287002.108
6281
-380592.997
-453074.996
-129806.29
-120730.187
6285
-399609.09
-805543.928
-299815.127
-570483.976
6289
-15990.7684
-174906.209
-749324.676
-20410.676
6293
-547743.484
-125225.8
-92085.4192
-132253.949
6297
-760851.043
-67956.75
-367535.639
-843744.89

5965
-194655.976
-222763.134
-462515.709
-30469.1025
5969
-154498.417
-72824.7825
-733806.699
-396704.968
5973
-180334.057
-11231.1419
-119525.97
-25005.5911
5977
-387014.679
-170242.03
-876433.055
-943391.052
5981
-673800.988
-209850.01
-33304.1819
-892009.444
5985
-798573.73
-29300.7193
-20988.4266
-33637.7046
5989
-561937.318
-58936.4525
-588693.718
-152763.243

6189
-117991.182
-552613.03
-238019.164
-16103.1032
6193
-262186.6
-322993.237
-93452.7088
-49562.194
6197
-74442.228
-769320.768
-813862.758
-12291.5475
6201
-127691.804
-28872.8355
-671038.823
-343419.047
6205
-37562.1672
-515163.451
-391471.918
-14615.8215
6209
-23551.7741
-428212.595
-23646.136
-22280.6726
6213
-159443.505
-710907.49
-314336.419
-122503.771

5685
-20904.3657
-268676.648
-526995.439
-93697.0367
5689
-202227.816
-31397.9355
-284517.021
-46202.3404
5693
-702963.003
-6575.64455
-128939.975
-246169.399
5697
-6855.51483
-16833.83
-88632.7529
-501905.568
5701
-436949.816
-15259.9811
-16852.2626
-43053.5068
5705
-66643.6455
-39216.1513
-34691.4645
-36682.2651
5709
-77023.886
-148500.401
-205767.915
-743470.845

6217
-84529.709
-452354.288
-584977.239
-262395.767
6221
-53527.1484
-600972.023
-350734.061
-18393.2651
6225
-32426.8274
-170713.125
-864298.604
-54766.5529
6229
-14330.5632
-42304.8163
-20816.0398
-169186.729
6233
-17465.7341
-29597.3375
-19682.9159
-5109.11279
6237
-58116.3698
-29748.1535
-620867.829
-45921.8262
6241
-36293.9737
-603082.457
-27453.5101
-223501.652

5825
-28391.9043
-156294.757
-302146.017
-19194.8334
5829
-328273.839
-24396.2713
-53055.2997
-20809.5787
5833
-86276.8254
-927571.905
-603422.642
-113834.01
5837
-29542.4091
-436743.462
-421808.021
-15542.4445
5841
-18346.3058
-118538.265
-863340.759
-524862.726
5845
-982250
-37066.196
-107670.763
-769097.264
5849
-864045.066
-776582.866
-23331.542
-120985.549

6077
-79176.3327
-569400.515
-16450.209
-38071.4614
6081
-134871.791
-79745.7465
-486426.98
-198938.182
6085
-29572.3132
-741955.267
-82122.5327
-251502.127
6089
-192826.779
-327335.022
-136851.289
-110069.651
6093
-83927.673
-314741.729
-287417.682
-82787.4612
6097
-677090.297
-60028.1262
-396003.245
-186983.739
6101
-597792.597
-23525.9962
-505156.087
-462242.584

6357
-349483.844
-78545.4915
-239916.005
-429283.333
6361
-115235.309
-155102.376
-190338.158
-229880.024
6365
-42585.8718
-304563.601
-304624.391
-53480.4267
6369
-503798.107
-650479.11
-210172.795
-573831.507
6373
-707411.98
-195076.709
-40947.9896
-256545.53
6377
-341760.912
-653363.298
-18012.7182
-815935.526
6381
-390420.147
-372070.884
-368679.363
-111457.386

6441
-705300.781
-59887.1188
-46798.4786
-8480.91576
6445
-43338.0345
-269846.162
-162945.68
-236648.198
6449
-59863.9843
-22659.6016
-16188.1325
-259657.049
6453
-176766.231
-22911.246
-234246.84
-417508.288
6457
-154110.198
-836179.189
-165999.564
-589172.195
6461
-237355.513
-50105.6506
-681118.906
-17025.1307
6465
-82508.5921
-16313.8235
-64286.3874
-23141.9437

6245
-419355.43
-440940.494
-5538.95358
-24237.7136
6249
-35796.1918
-335778.303
-204466.155
-72492.1592
6253
-700521.618
-28902.9165
-462307.359
-397924.895
6257
-693814.415
-689892.412
-870023.236
-362357.209
6261
-294897.48
-83999.4703
-147445.832
-57662.9481
6265
-194248.716
-40102.8535
-111118.495
-9985.67442
6269
-21764.829
-16889.1239
-895566.716
-49786.0065

6021
-49907.8868
-352475.587
-217248.013
-27479.8983
6025
-179880.982
-77844.0395
-156516.108
-66113.5779
6029
-576344.79
-236994.907
-21144.5139
-79139.9873
6033
-94087.3734
-352261.146
-19798.7952
-77899.0492
6037
-646290.786
-22711.3694
-408553.328
-42411.9035
6041
-30382.9357
-718238.062
-422809.359
-74298.7264
6045
-127138.448
-56090.9965
-448921.385
-23106.0905

6469
-299030.775
-935525.489
-185317.052
-15743.828
6473
-192151.486
-29351.3277
-32606.0754
-531063.358
6477
-106752.29
-162098.981
-420807.873
-265938.035
6481
-18180.3716
-16888.5737
-33556.0805
-167620.624
6485
-197193.865
-58842.1679
-603020.003
-209771.327
6489
-188831.422
-482639.742
-60049.4376
-194842.769
6493
-609599.231
-99363.0049
-549415.377
-41080.5868

6497
-124562.665
-634554.913
-200776.655
-383206.177
6501
-15179.9576
-273011.946
-239868.385
-61447.083
6505
-120969.965
-143802.943
-141642.872
-14950.8283
6509
-90049.0127
-439489.895
-297480.832
-67707.8903
6513
-22191.4912
-156634.128
-37505.6869
-53715.2731
6517
-332283.878
-618076.234
-321214.691
-87246.6479
6521
-98407.5981
-532354.185
-211594.703
-37182.6982

6385
-23382.4719
-30119.7342
-140718.408
-584421.096
6389
-863924.011
-83072.3752
-24771.2143
-605214.726
6393
-2561.98489
-229272.664
-265735.579
-30479.4806
6397
-385924.387
-240566.139
-88926.2387
-100323.234
6401
-23817.5986
-416403.963
-101147.429
-289493.441
6405
-75478.5889
-40030.1439
-56307.8519
-556328.756
6409
-54260.678
-50613.6533
-455761.114
-45405.698

5461
-99360.3988
-257021.281
-245407.798
-182840.015
5465
-141877.156
-424602.936
-75774.4203
-777973.475
5469
-664759.191
-100737.968
-164729.112
-19236.7158
5473
-20784.7435
-15706.4791
-553419.071
-24661.531
5477
-223157.344
-17706.292
-172478.029
-99462.4449
5481
-16814.2217
-161691.643
-241153.299
-11575.7408
5485
-27052.6608
-23510.6201
-371725.21
-120346.931

5433
-39245.8806
-97473.1081
-236715.98
-14294.2361
5437
-23068.6296
-376605.176
-139967.852
-31287.483
5441
-271434.819
-30575.5835
-148648.133
-107261.861
5445
-212844.528
-579228.533
-45248.7851
-269544.322
5449
-17660.8139
-47695.4122
-125221.109
-309215.588
5453
-145537.598
-35124.9872
-244940.357
-22553.9741
5457
-115670.452
-28353.2019
-7205.10458
-623943.277

5041
-410344.209
-48139.8317
-85950.3145
-6398.52456
5045
-80035.278
-99434.175
-53695.3478
-12350.5009
5049
-210478.83
-264541.595
-184348.465
-647278.866
5053
-702824.977
-502777.4
-403003.104
-110407.046
5057
-349738.929
-32934.3123
-370428.812
-192588.807
5061
-19520.8429
-310089.587
-13949.0772
-27842.0884
5065
-10182.7565
-63984.4872
-918203.835
-11645.8791

5349
-254639.469
-22548.9378
-257080.177
-88966.4729
5353
-497900.97
-52204.6991
-496915.666
-72620.6005
5357
-463491.462
-279257.133
-28480.7529
-353253.026
5361
-87630.1576
-285965.069
-12220.2021
-159031.647
5365
-518372.393
-709892.941
-151658.263
-90340.0027
5369
-55456.5427
-50646.0752
-95253.2939
-487381.174
5373
-744415.73
-66655.6569
-187591.155
-652243.284

6133
-166421.212
-81631.7599
-315875.42
-45649.8013
6137
-52595.2331
-208381.419
-854748.759
-11459.7948
6141
-164586.817
-21038.6737
-450002.317
-294983.217
6145
-470065.85
-626160.293
-54939.9667
-46578.4653
6149
-712364.661
-549177.473
-50197.9708
-170021.031
6153
-218675.252
-399461.548
-872826.919
-25756.9362
6157
-483670.103
-671112.55
-30409.3811
-51977.5824

5797
-435535.577
-124091.935
-22836.3122
-354227.796
5801
-167470.675
-51241.0206
-319694.767
-168803.309
5805
-53709.2825
-26837.8663
-102354.784
-731489.076
5809
-386056.21
-26084.2397
-49445.3425
-102087.472
5813
-88537.4069
-526644.437
-27004.2468
-338192.389
5817
-89327.5435
-211809.186
-67124.8693
-434761.934
5821
-440323.372
-676243.376
-754323.603
-98317.6793

5573
-165269.76
-868882.366
-43127.191
-152230.734
5577
-628802.975
-159878.861
-100739.918
-451556.936
5581
-11165.5852
-27597.037
-427091.956
-267778.793
5585
-41685.9648
-386539.8
-82724.5705
-784418.634
5589
-325232.503
-461596.789
-174233.987
-190289.772
5593
-415630.495
-39986.5378
-420083.545
-53274.5172
5597
-559330.754
-27955.8779
-894140.17
-34680.7573

6161
-139917.96
-568017.914
-119205.289
-323392.867
6165
-206849.553
-824904.091
-157380.985
-626977.809
6169
-80633.959
-837696.179
-84820.9972
-778906.874
6173
-142427.385
-713125.934
-728482.289
-260090.52
6177
-37361.1402
-735593.348
-200445.181
-329848.275
6181
-23150.8002
-108254.479
-42906.6766
-29957.232
6185
-17063.658
-451236.445
-180033.898
-175081.948

5377
-96854.9758
-38234.215
-44990.1889
-437979.708
5381
-801351.072
-11279.2908
-166393.157
-51630.7934
5385
-19438.9444
-561161.379
-170585.171
-19230.8558
5389
-93903.5556
-496745.149
-931297.875
-28735.1412
5393
-291797.545
-34356.9492
-16945.5424
-51114.2375
5397
-118276.923
-375122.634
-924410.283
-45030.0503
5401
-164141.408
-371664.599
-32374.9871
-36834.2915

6105
-776165.711
-53475.4198
-144809.726
-239794.894
6109
-30413.1618
-137692.853
-677929.844
-166878.371
6113
-20464.6153
-159503.859
-33393.4048
-174223.205
6117
-83087.0306
-41178.5304
-102166.498
-52756.4876
6121
-31181.4478
-468196.693
-51974.9047
-22115.9866
6125
-805205.88
-161507.755
-62533.0845
-70915.6186
6129
-58757.2532
-77361.225
-202488.384
-204568.787

5405
-72113.0985
-91231.3533
-302400.847
-90287.475
5409
-35677.9398
-454024.522
-116402.34
-441290.522
5413
-331726.865
-107043.84
-649118.166
-214372.627
5417
-712574.248
-134889.949
-420494.991
-91928.0634
5421
-3369.55594
-72149.8097
-11425.5866
-211955.839
5425
-590016.821
-678784.349
-47768.0611
-793695.639
5429
-29286.9736
-138519.762
-72581.4538
-79693.7753

5293
-29608.6975
-233009.71
-17587.9654
-63768.4809
5297
-49344.7565
-108166.223
-28979.0955
-376428.563
5301
-72862.3474
-19520.9415
-64803.0849
-121088.239
5305
-31471.212
-119558.922
-90268.4989
-822627.808
5309
-46426.049
-148569.148
-106158.933
-86676.072
5313
-287853.53
-43745.9033
-108333.889
-8720.41754
5317
-674222.157
-19481.4381
-209441.455
-424826.347

5321
-59144.472
-29259.2877
-60615.1679
-45726.1252
5325
-261958.602
-76693.3101
-166384.755
-399328.235
5329
-25639.6204
-10907.7837
-41201.3192
-114425.04
5333
-857859.599
-28830.6829
-31786.6639
-399559.867
5337
-367041.187
-24415.3221
-47079.1662
-39523.4436
5341
-360225.377
-19520.7159
-6829.91601
-58118.8436
5345
-171340.812
-186600.438
-717131.971
-84484.3881

7533
-29088.2335
-24528.6141
-33321.0572
-112435.727
7537
-112369.102
-81091.0492
-32651.132
-137572.435
7541
-612322.669
-147433.655
-30577.3329
-251128.203
7545
-15121.1587
-26505.9441
-294862.46
-811193.476
7549
-23767.2526
-18670.4764
-65152.4473
-162319.674
7553
-315625.212
-87455.3153
-42101.1977
-651035.357
7557
-87576.1771
-22353.6384
-14062.9609
-108830.412

7589
-209148.994
-94850.4707
-4151.78265
-38257.4154
7593
-271887.053
-200365.214
-640284.19
-105048.234
7597
-25614.3853
-134719.418
-36941.0404
-22314.9853
7601
-809470.256
-188689.524
-175427.952
-281056.859
7605
-28443.6539
-224339.157
-42382.3333
-38461.6183
7609
-133407.735
-23077.6019
-99462.0884
-788496.744
7613
-449125.871
-83309.3924
-262816.772
-693836.31

7505
-46630.1858
-179046.591
-260886.001
-29564.5498
7509
-169624.726
-163622.814
-25244.1976
-198873.48
7513
-18743.5089
-160729.942
-39946.8356
-472596.933
7517
-423900.393
-113687.462
-140475.496
-17336.8919
7521
-140597.346
-489702.152
-156991.732
-237960.067
7525
-115030.894
-130687.637
-26967.2038
-86849.5099
7529
-19383.9962
-129215.935
-103058.879
-289233.177

7477
-771184.223
-115162.464
-123095.936
-82381.9547
7481
-401404.234
-704322.298
-67912.5579
-40584.3441
7485
-128468.264
-3773.05965
-22076.5688
-278109.11
7489
-229780.308
-644509.959
-344071.692
-466564.035
7493
-621331.196
-86886.5106
-54026.506
-21482.1456
7497
-32334.6945
-189611.831
-764571.83
-20152.7974
7501
-587263.317
-43510.5002
-702828.242
-182208.293

7309
-149330.657
-37888.9725
-547875.615
-945389.644
7313
-423365.127
-188410.697
-615029.947
-308994.256
7317
-323601.789
-501175.547
-530263.022
-41243.7639
7321
-778440.465
-56844.3367
-438215.021
-101532.994
7325
-21452.29
-243942.338
-43111.463
-47472.9515
7329
-384890.414
-34671.5712
-114974.483
-425985.246
7333
-225835.478
-15058.3106
-705504.554
-266604.675

7449
-43392.9724
-133380.02
-5935.13961
-63298.7773
7453
-258322.189
-127878.066
-19375.1061
-36555.3047
7457
-215729.214
-247346.637
-383376.607
-660639.318
7461
-500650.74
-784262.269
-708211.918
-721927.65
7465
-35781.779
-207979.833
-19306.5998
-405349.862
7469
-26348.7113
-90322.3893
-141738.376
-70070.8146
7473
-37441.8932
-38913.5801
-2405.61573
-40901.3215

7701
-57803.7511
-293166.685
-741914.144
-823924.363
7705
-138866.297
-384761.784
-74357.3875
-42058.0342
7709
-274121.512
-12210.7882
-85780.6946
-46743.4764
7713
-528328.153
-27594.3942
-15080.7654
-168491.176
7717
-231105.789
-712294.08
-555590.011
-40332.3941
7721
-243597.61
-410561.691
-114714.012
-934992.67
7725
-113829.268
-326781.037
-51541.8618
-110443.6

7673
-395430.28
-73840.0782
-372243.419
-30211.8938
7677
-446233.334
-860777.679
-25041.0897
-55814.5655
7681
-42464.856
-638253.208
-33663.4878
-68229.3237
7685
-200409.066
-249638.814
-352038.184
-653581.743
7689
-51782.9111
-84743.1314
-153100.82
-549359.514
7693
-51618.8725
-15144.9934
-118568.031
-195437.251
7697
-189429.645
-30804.7491
-35023.2351
-496859.742

7617
-57175.8559
-19091.988
-125804.98
-108553.46
7621
-84767.804
-223500.76
-10931.3965
-19756.2375
7625
-52153.3513
-270416.801
-329677.981
-38172.5898
7629
-27624.4338
-104115.737
-176742.746
-206337.866
7633
-213213.705
-58584.1651
-321489.599
-518386.503
7637
-946935.55
-103778.352
-831311.621
-401969.684
7641
-159541.815
-640167.643
-70101.159
-495316.768

7645
-664414.789
-10412.2637
-595629.305
-608675.034
7649
-421882.919
-32273.7788
-160349.882
-164980.067
7653
-110120.555
-571348.684
-473847.085
-401668.895
7657
-200426.129
-278987.781
-47680.8706
-58640.1117
7661
-66787.5777
-24785.8922
-737158.657
-337809.012
7665
-297443.704
-52019.1693
-388635.374
-131775.309
7669
-17892.3853
-96130.6494
-43971.0027
-655177.802

7085
-351234.766
-630440.388
-29237.2654
-94054.6522
7089
-11615.9654
-18619.9258
-34235.6481
-21623.6457
7093
-156086.322
-584163.863
-65397.7029
-395250.808
7097
-119814.203
-52424.7631
-91537.2226
-56586.25
7101
-57197.1861
-36428.1813
-711794.139
-90204.1322
7105
-310943.192
-89055.3302
-38430.4621
-60178.8721
7109
-51116.6894
-306786.411
-290281.32
-710790.515

7365
-842221.874
-349379.36
-108213.84
-68297.4142
7369
-566655.445
-220178.58
-34003.327
-26278.6221
7373
-183488.728
-59322.6031
-67120.1117
-31971.616
7377
-151424.073
-193400.396
-85321.0955
-460639.596
7381
-266074.191
-19870.6911
-42390.2891
-221032.973
7385
-503837.904
-117205.651
-58958.2277
-24191.6274
7389
-302103.711
-32648.8679
-24780.6571
-55253.1279

6973
-174236.617
-524392.151
-207188.232
-274795.801
6977
-11886.9804
-16218.3353
-88292.1887
-35756.0023
6981
-12605.2925
-429153.223
-19656.7444
-35630.7477
6985
-319670.545
-238848.172
-229532.626
-276806.544
6989
-63730.581
-220910.384
-108892.471
-297310.243
6993
-54741.878
-685212.618
-300578.314
-36429.9641
6997
-47641.1231
-650673.605
-27407.2656
-448889.917

6861
-654419.368
-36048.4969
-30171.6474
-432807.967
6865
-345717.109
-363151.785
-12915.1208
-82655.3242
6869
-63902.9737
-327338.994
-136614.373
-259014.238
6873
-571484.938
-104118.532
-635747.115
-59469.2695
6877
-64292.2687
-99514.862
-24824.452
-46946.1257
6881
-627736.795
-26130.9497
-81934.0464
-226478.242
6885
-33159.456
-34218.0654
-157699.095
-408097.42

6805
-230034.257
-113613.786
-39319.0895
-144123.211
6809
-49589.6593
-179612.941
-13438.3131
-123190.763
6813
-792124.427
-131192.972
-48342.8877
-111898.402
6817
-37839.8279
-901466.011
-331071.221
-179752.451
6821
-72495.6129
-222033.631
-725493.652
-29071.6684
6825
-53312.3435
-617447.881
-40782.8714
-607834.511
6829
-32551.4909
-48764.733
-34579.2485
-86038.7218

6945
-741416.55
-71580.7929
-115306.033
-160493.091
6949
-271284.124
-30413.8941
-37114.8589
-7948.59704
6953
-24828.5639
-302141.681
-373472.498
-270590.117
6957
-705509.612
-545045.719
-31990.1437
-69944.4919
6961
-435233.485
-58398.9282
-121171.597
-22631.355
6965
-32626.5128
-218040.718
-393093.883
-74839.1362
6969
-78613.3028
-22181.7184
-150019.464
-15804.2702

6889
-137991.552
-18959.3575
-196175.523
-684700.168
6893
-319998.399
-102910.112
-166828.182
-35816.7823
6897
-504930.596
-61369.7274
-84782.5949
-26462.4901
6901
-24544.0013
-49981.8635
-109121.341
-242655.179
6905
-109646.75
-50791.7995
-39648.7597
-29523.7296
6909
-855864.698
-194135.325
-181441.335
-302168.793
6913
-226612.469
-605150.774
-288081.429
-238013.739

6721
-192774.061
-51170.3949
-35451.5594
-445814.289
6725
-32444.9541
-556956.13
-189802.298
-119724.352
6729
-18751.6174
-214154.584
-212054.669
-157198.885
6733
-221588.801
-35177.9609
-629634.496
-57630.8556
6737
-204314.726
-428452.537
-585355.666
-31254.7362
6741
-219372.184
-295742.904
-16917.1822
-880905.098
6745
-339494.525
-646845.968
-35457.5078
-18165.3179

6833
-187919.679
-27175.8896
-26734.1382
-471340.181
6837
-274426.765
-121039.069
-137634.376
-23551.6104
6841
-546131.516
-45882.4729
-543877.307
-33498.4925
6845
-222738.386
-57665.1517
-597499.642
-22117.3057
6849
-286418.295
-214376.501
-222066.097
-6393.49584
6853
-755745.272
-468570.465
-20329.5586
-19521.0481
6857
-402323.262
-84517.6822
-91383.5732
-66761.5524

7197
-857280.593
-422534.155
-138622.113
-451650.696
7201
-111114.328
-35602.5078
-122601.046
-32065.1522
7205
-21901.9313
-10247.9367
-55945.6491
-760810.667
7209
-887343.66
-160918.37
-52649.8801
-196458.292
7213
-25222.6814
-22583.7494
-325962.289
-240448.559
7217
-51400.228
-189327.23
-139466.95
-271118.105
7221
-597835.373
-52372.428
-30715.312
-79418.1033

7141
-77914.6552
-66909.9053
-68502.8324
-140314.032
7145
-5771.07804
-224798.383
-730441.845
-25499.3036
7149
-65854.194
-84609.2461
-332418.123
-55762.8646
7153
-889515.588
-37121.1603
-242143.665
-472632.361
7157
-340551.069
-273618.865
-325757.15
-396542.906
7161
-647144.763
-120090.287
-729897.464
-475631.711
7165
-164708.806
-180635.72
-47920.6542
-467608.016

7113
-317592.003
-78298.9237
-761254.766
-884629.909
7117
-154754.568
-1009191.2
-254163.869
-337811.165
7121
-50071.0248
-155658.495
-39770.6339
-25468.1214
7125
-93458.7957
-233916.167
-164341.99
-266138.839
7129
-563480.342
-115965.16
-191419.011
-14456.44
7133
-298835.472
-62006.644
-40157.0568
-454503.345
7137
-910456.514
-448298.052
-519003.232
-858070.989

7225
-35407.0879
-219506.82
-548409.117
-58818.2908
7229
-381456.351
-311704.684
-16460.8314
-82309.4652
7233
-361638.249
-45027.9134
-350122.988
-122168.505
7237
-24591.8764
-82243.812
-69017.5904
-442459.369
7241
-160333.008
-47534.4081
-67415.0016
-37055.3164
7245
-27958.296
-874711.088
-803245.878
-207576.164
7249
-693862.488
-66144.2569
-79881.8784
-143460.749

7253
-187967.342
-300406.031
-27170.96
-195598.775
7257
-26500.8151
-70993.9083
-28057.2047
-596644.766
7261
-34023.6079
-162228.092
-245946.417
-38835.1238
7265
-17060.2616
-160997.239
-43846.2987
-31044.1044
7269
-149395.568
-515179.785
-32316.466
-60732.0422
7273
-659464.901
-231437.399
-26898.5472
-170908.075
7277
-742194.071
-38140.3558
-29783.5694
-62175.8454

7169
-75902.2204
-345058.302
-41984.4624
-234308.158
7173
-46933.1715
-837812.967
-79430.855
-59726.5722
7177
-238215.993
-84281.9019
-308414.984
-80794.5162
7181
-340855.75
-86745.1913
-56434.9473
-98363.2631
7185
-489269.591
-351185.069
-49142.6927
-85166.8864
7189
-616259.492
-623874.151
-23926.5714
-30167.9974
7193
-178084.125
-44507.2711
-173922.185
-60541.5978

6777
-124494.092
-117651.326
-20726.7057
-21789.0021
6781
-356942.518
-490109.723
-429271.791
-163020.108
6785
-337351.692
-92518.2507
-12605.918
-119820.063
6789
-216991.228
-147715.748
-105670.727
-288121.539
6793
-514682.259
-187717.728
-363112.619
-38112.7121
6797
-106346.101
-419200.613
-30912.8225
-335843.005
6801
-16070.5392
-34890.4941
-323778.329
-62635.057

7281
-113302.137
-524361.586
-78398.7848
-309017.084
7285
-614432.098
-94103.5403
-15782.5587
-601504.178
7289
-19308.896
-61344.8679
-39621.4419
-709634.074
7293
-114966.893
-86963.8039
-37078.3606
-80658.4184
7297
-104208.566
-67721.9134
-362298.575
-191423.925
7301
-257048.913
-14288.0714
-622015.636
-310268.455
7305
-51648.4871
-14390.0728
-155547.534
-579529.542

6749
-25266.0102
-670465.068
-99660.0533
-233449.845
6753
-48311.6196
-601668.91
-178943.05
-37968.0976
6757
-29251.3273
-58107.9206
-144738.836
-104601.762
6761
-83080.467
-199318.208
-316075.832
-108513.813
6765
-581286.803
-13386.3876
-692112.355
-500473.278
6769
-31463.8398
-54250.0125
-787744.132
-474921.273
6773
-40114.2327
-361367.075
-24765.0868
-90793.2109

10109
-143860.283
-66427.7681
-84681.617
-74557.3291
10113
-129228.221
-37236.4691
-612902.768
-934225.98
10117
-238141.548
-15649.5562
-253181.629
-33134.2139
10121
-134967.942
-455588.714
-44021.7597
-32853.8693
10125
-291492.744
-76372.7856
-150041.772
-53939.4461
10129
-290464.645
-135598.625
-155632.506
-91469.0977
10133
-168850.15
-52321.1584
-193831.561
-193133.69

9913
-23289.05
-51655.1375
-161595.339
-88808.5367
9917
-65065.2902
-150793.209
-29923.1402
-51178.786
9921
-396526.717
-845270.016
-21142.3206
-77250.2299
9925
-76101.619
-370050.091
-419524.547
-22790.8145
9929
-38012.536
-145106.238
-343504.854
-127873.041
9933
-15802.2837
-57222.7076
-853415.744
-474382.551
9937
-142566.61
-10629.2074
-58874.7242
-372284.657

6917
-39889.0401
-219844.54
-137757.503
-26694.0666
6921
-20907.7077
-258646.34
-89185.6892
-30066.1271
6925
-24409.9829
-82152.0978
-43238.0242
-96208.074
6929
-107709.233
-277590.06
-66316.0385
-120265.257
6933
-248575.375
-91660.1703
-58509.2489
-27037.833
6937
-24924.8015
-355343.256
-686662.862
-27643.4398
6941
-49018.2057
-28319.7069
-26787.5029
-339494.369

4509
-789796.712
-760851.143
-834955.375
-556089.11
4513
-122215.279
-19800.0188
-738516.645
-630700.898
4517
-85684.4697
-65215.1299
-20260.3207
-51282.9397
4521
-60053.0747
-46693.978
-406843.941
-35936.7111
4525
-24922.563
-43117.5464
-287563.596
-14431.8128
4529
-194408.023
-393680.188
-5557.42935
-539399.56
4533
-146552.013
-583619.259
-93955.9093
-109667.325

7393
-58054.4245
-55318.4661
-229161.403
-613161.175
7397
-53768.6536
-105143.369
-495198.047
-32467.5536
7401
-37495.7207
-504071.224
-149583.684
-53952.1687
7405
-243879.024
-117251.563
-134090.604
-77103.2658
7409
-32065.1535
-45072.1715
-157924.63
-144069.337
7413
-21272.4578
-190110.168
-548278.99
-142190.446
7417
-485506.614
-335781.311
-727773.421
-855840.57

7001
-710676.186
-221890.83
-806129.827
-248677.355
7005
-13991.0496
-65252.391
-20620.3276
-254784.919
7009
-21273.049
-84898.6513
-24871.3752
-50240.1342
7013
-237205.061
-524255.982
-30864.4189
-671290.389
7017
-51524.8718
-73910.5725
-261353.492
-45676.9849
7021
-24484.0423
-37853.8012
-17467.0667
-60095.9627
7025
-27248.1339
-34310.4348
-34817.399
-369326.846

7029
-16626.6001
-93309.7759
-58689.8803
-645974.317
7033
-755075.449
-78272.0093
-556826.176
-27840.2325
7037
-215085.073
-86688.2095
-329319.366
-453188.132
7041
-117437.017
-151375.44
-127691.039
-820335.596
7045
-14911.9634
-31041.1419
-177175.954
-310502.085
7049
-409117.362
-133066.005
-30286.9261
-457974.098
7053
-37926.6864
-116078.156
-18371.8563
-139031.895

7057
-12953.1834
-120933.371
-372881.319
-49561.6459
7061
-56513.2541
-31122.405
-60851.4182
-54076.9242
7065
-364115.749
-29642.6266
-647013.777
-191637.228
7069
-42441.1631
-326994.006
-32405.9953
-99884.2649
7073
-410246.685
-3913.80595
-23309.3262
-23767.4801
7077
-381311.646
-153385.635
-8329.05959
-30420.1808
7081
-246234.423
-203736.112
-183189.333
-4214.40757
