
1
-1.26173851e+21
-1.80186422e+21
-7.1250495e+20
-2.90857434e+21
5
-3.45033079e+21
-2.45602947e+22
-1.27476936e+21
-6.03171644e+20
9
-1.03053006e+22
-2.22187228e+22
-1.57297146e+20
-1.72451063e+21
13
-2.31012599e+22
-4.18811323e+20
-8.93699351e+20
-2.12283072e+22
17
-1.11601228e+20
-2.34300297e+20
-1.0478084e+22
-3.09129207e+20
21
-4.0205645e+21
-1.87893236e+22
-1.90635518e+21
-1.30808218e+21
25
-1.92030738e+21
-1.5667366e+22
-2.23387225e+22
-1.77172039e+20

169
-1.94183132e+22
-1.68544731e+22
-5.77911211e+21
-1.44945022e+21
173
-4.74237038e+21
-1.35458977e+22
-1.96098613e+21
-1.44427047e+21
177
-4.90371722e+21
-1.29094043e+22
-2.18450101e+21
-3.90698204e+20
181
-8.71973193e+20
-1.47465537e+20
-2.43266645e+22
-7.6137591e+20
185
-8.76254699e+20
-1.06724548e+21
-9.94172805e+21
-5.95324657e+20
189
-1.29687062e+21
-5.1642896e+21
-5.66451932e+20
-4.10123229e+20
193
-4.02126991e+21
-1.80494764e+21
-6.01070863e+21
-5.57615194e+20

589
-1.80140711e+21
-7.86360004e+21
-1.67417658e+21
-8.57981046e+19
593
-1.11048249e+21
-6.9150489e+21
-7.18613544e+20
-9.93162838e+20
597
-4.90449201e+21
-1.61895139e+20
-1.82183231e+21
-4.31218023e+20
601
-3.36623349e+20
-6.08470587e+20
-2.52434449e+22
-2.65568481e+21
605
-2.22264211e+22
-2.46084901e+22
-2.0726501e+20
-2.6994313e+20
609
-8.96362521e+21
-1.73706645e+21
-6.90507432e+21
-1.63029945e+22
613
-1.1958616e+20
-1.42176975e+22
-9.30874835e+19
-9.47986866e+20

533
-5.50441767e+21
-3.64147883e+20
-6.6605537e+20
-1.98234282e+22
537
-1.96791906e+22
-8.79021731e+20
-6.79025671e+21
-3.32367544e+21
541
-3.26753901e+20
-3.65627465e+20
-1.94874934e+22
-5.37334531e+20
545
-2.2463413e+20
-2.03225988e+21
-3.34645533e+21
-1.53601678e+21
549
-1.04137749e+22
-2.38229343e+22
-1.37191603e+21
-7.07519304e+20
553
-5.89544869e+21
-2.76076416e+20
-2.00131978e+21
-7.49930809e+20
557
-7.69815001e+21
-1.85511587e+21
-4.96394356e+21
-1.87264776e+21

85
-2.77353255e+21
-6.56851214e+21
-8.43057125e+21
-6.81207494e+20
89
-1.13151609e+21
-2.74888685e+21
-2.19509891e+21
-1.09689373e+22
93
-1.85497358e+22
-1.15348665e+22
-1.81429058e+22
-1.8679404e+20
97
-1.04850698e+22
-2.17729947e+22
-6.28165401e+21
-9.07663797e+20
101
-2.89522937e+21
-2.08575061e+21
-1.37298279e+21
-1.73805982e+21
105
-2.06452679e+21
-2.13677584e+22
-1.22550676e+20
-1.87960486e+20
109
-1.59392963e+20
-8.72389429e+20
-2.67747532e+22
-1.25197251e+21

2185
-1.01835619e+22
-4.56569067e+21
-6.17712785e+21
-7.8041898e+21
2189
-2.20713604e+22
-3.78332423e+20
-1.23297424e+21
-5.72884051e+21
2193
-3.6297201e+20
-2.6416455e+22
-3.84732909e+20
-2.03286514e+22
2197
-1.57278366e+20
-6.80963071e+20
-2.06065023e+22
-2.53080114e+20
2201
-8.46377756e+21
-9.5845682e+21
-3.84475289e+21
-1.39699297e+22
2205
-2.46975458e+21
-6.27848958e+21
-9.10604095e+21
-1.9187823e+22
2209
-4.85757847e+21
-9.55155629e+20
-1.55265379e+20
-1.55565964e+21

57
-4.95409465e+20
-1.19569099e+20
-1.17465558e+22
-1.14084762e+22
61
-1.67293661e+22
-4.48618597e+21
-6.41574108e+20
-6.05936998e+21
65
-4.05860509e+20
-1.67117381e+21
-5.41705988e+21
-1.52119768e+22
69
-6.71882504e+20
-8.3250101e+20
-1.28204698e+22
-5.07711541e+21
73
-6.49164682e+21
-4.93930733e+20
-1.00345812e+21
-8.19866089e+20
77
-1.60245284e+21
-1.08454265e+22
-1.98558618e+20
-7.25824792e+20
81
-2.93000543e+21
-4.36280445e+20
-1.08427947e+21
-1.97194229e+21

2157
-1.71787381e+21
-6.35007852e+21
-1.05832811e+21
-1.69161946e+21
2161
-2.98055318e+21
-4.16372031e+21
-7.94042823e+20
-1.32036191e+21
2165
-4.64734862e+21
-2.1820505e+20
-6.931214e+21
-1.19664621e+21
2169
-1.71010181e+22
-4.99614933e+20
-1.40681214e+21
-4.12826003e+21
2173
-1.29130017e+22
-1.26410826e+21
-5.69197214e+20
-2.01658939e+20
2177
-5.91382525e+21
-9.96062628e+21
-1.39765332e+22
-6.41351999e+20
2181
-7.55146784e+21
-2.11946186e+20
-8.12759145e+21
-1.11354744e+22

477
-1.0859948e+22
-3.17000383e+21
-3.8642541e+21
-1.80195654e+21
481
-1.70711274e+22
-1.32634586e+21
-1.73166888e+21
-1.64830354e+22
485
-1.14765337e+22
-3.12434208e+21
-1.92082342e+21
-6.06518848e+21
489
-9.51159285e+21
-1.32421662e+21
-2.07684437e+22
-1.85299657e+20
493
-1.93743072e+21
-1.64446377e+21
-3.02512051e+21
-2.80760738e+22
497
-4.4904121e+21
-1.15323646e+20
-5.56557612e+20
-1.87586032e+21
501
-1.27958047e+22
-8.15033444e+19
-1.89053484e+21
-9.84290714e+20

365
-1.5631011e+22
-1.2168269e+20
-1.54412187e+22
-1.53196292e+22
369
-6.60734439e+20
-7.74526752e+21
-5.55638196e+20
-4.67960174e+21
373
-2.04002852e+22
-1.27597473e+22
-1.77102938e+21
-3.68283024e+20
377
-2.63006559e+20
-3.28561606e+21
-1.33343209e+20
-2.72513814e+21
381
-2.29482788e+22
-1.16534607e+22
-1.3938017e+22
-9.85789082e+21
385
-3.47598376e+21
-4.15990011e+21
-1.20334524e+22
-1.52946847e+22
389
-7.51362904e+20
-1.92266172e+21
-5.70147361e+21
-1.699086e+21

421
-1.96891695e+21
-1.74209956e+22
-1.68006987e+20
-1.94077821e+21
425
-3.58887081e+21
-1.1198692e+21
-5.36589991e+20
-1.08067995e+22
429
-8.9832524e+20
-1.49632152e+22
-9.55565048e+21
-7.75701707e+20
433
-4.51841569e+20
-1.17753407e+21
-5.4117615e+21
-1.96061567e+21
437
-5.28123396e+20
-1.22086438e+22
-2.31563418e+21
-1.77586995e+21
441
-1.36121283e+22
-1.4390324e+20
-1.14244563e+22
-3.89503763e+21
445
-1.34334126e+22
-1.40310683e+22
-3.70663913e+20
-1.18016049e+20

309
-6.67471111e+21
-3.19234995e+21
-7.3376156e+20
-1.32558562e+21
313
-6.23746558e+20
-1.83509327e+20
-8.04425933e+21
-1.30890827e+22
317
-3.62281897e+21
-1.82916333e+21
-6.42001711e+20
-4.72021964e+21
321
-6.84558507e+21
-2.76099849e+22
-1.07013109e+22
-1.86439684e+21
325
-1.05396874e+21
-4.57831454e+21
-1.21087087e+22
-2.76037105e+22
329
-2.4569912e+21
-5.77222175e+21
-1.62053836e+22
-1.50643149e+22
333
-8.57893606e+20
-1.00141146e+22
-2.20745575e+21
-1.06206457e+21

393
-1.48834633e+20
-7.18126191e+20
-1.44395903e+21
-2.20118676e+22
397
-3.38057957e+21
-8.64793225e+21
-1.66970664e+22
-1.35984995e+21
401
-1.40700642e+22
-1.36659846e+22
-5.34227664e+21
-2.1229401e+21
405
-1.89117868e+21
-3.04259661e+20
-7.66876908e+21
-5.50386e+20
409
-2.81109373e+21
-4.479563e+20
-1.03383057e+20
-4.33602119e+21
413
-2.58749109e+20
-4.68440342e+20
-1.36293199e+22
-1.25263085e+21
417
-6.03174374e+21
-7.23316758e+19
-1.61883949e+22
-2.34832644e+20

113
-3.90230115e+20
-2.0103723e+21
-6.05658756e+20
-4.09617416e+21
117
-1.66820118e+21
-3.3116755e+20
-1.99633383e+22
-1.98678978e+20
121
-2.52028382e+21
-1.10116408e+22
-1.82117948e+21
-1.07538429e+22
125
-5.35285497e+20
-7.15965001e+21
-2.95764403e+21
-9.44454071e+21
129
-1.23718368e+21
-9.70884852e+21
-1.10511159e+21
-1.59039638e+20
133
-5.2869333e+21
-1.98332293e+22
-2.74734362e+21
-6.5926051e+21
137
-1.84482514e+22
-3.34266326e+20
-6.47106715e+20
-1.42384223e+20

617
-2.45201708e+20
-1.03911659e+21
-7.21766096e+21
-1.43848082e+22
621
-9.20061923e+21
-1.96474644e+22
-3.73751591e+20
-1.91121341e+21
625
-2.91346281e+20
-1.57496013e+21
-1.33277529e+22
-1.47092505e+20
629
-4.83347115e+21
-5.18252383e+20
-3.40819322e+20
-2.06668478e+21
633
-1.08803871e+22
-6.84728302e+20
-2.25924868e+21
-1.10544012e+21
637
-1.13381153e+22
-1.77047328e+20
-1.54933833e+22
-2.08931746e+20
641
-1.513908e+22
-1.82845878e+22
-6.57052719e+20
-1.56317075e+20

561
-1.20782167e+21
-1.46895561e+21
-1.52715988e+21
-1.7545138e+22
565
-6.01643473e+21
-4.49451404e+20
-1.66642427e+22
-7.62462159e+21
569
-1.48085496e+21
-1.04480268e+22
-5.12371311e+21
-1.49273915e+21
573
-2.06770924e+22
-1.19482954e+22
-1.36069202e+21
-1.01777856e+22
577
-5.32809635e+21
-1.80489514e+21
-1.65424662e+22
-1.85286554e+22
581
-5.68976249e+20
-1.78744728e+21
-3.01370468e+21
-4.74048806e+21
585
-5.33375646e+20
-1.1324037e+22
-1.64986106e+22
-4.74854383e+21

337
-1.26261657e+22
-1.22191629e+22
-2.51028911e+22
-2.16543264e+22
341
-1.18006788e+20
-1.46387632e+21
-2.02854319e+22
-1.36241002e+22
345
-3.78149849e+20
-1.4131413e+22
-3.57071715e+21
-1.11098449e+22
349
-4.73768932e+21
-1.69270656e+20
-1.24054289e+21
-9.02838476e+20
353
-1.5060519e+22
-9.09771611e+21
-1.50826957e+21
-7.46807464e+21
357
-1.76128873e+21
-3.21577971e+20
-9.91381225e+19
-2.84776254e+20
361
-3.2372909e+20
-7.29980918e+21
-7.5136967e+20
-7.17613855e+21

505
-1.2993488e+22
-1.35356582e+22
-7.14121929e+20
-1.79383661e+21
509
-2.38446967e+21
-6.61534546e+21
-1.02028795e+22
-1.49556204e+22
513
-3.14413447e+20
-9.79267654e+21
-3.34449433e+20
-1.14226761e+22
517
-2.96350231e+21
-2.32723089e+22
-8.39303179e+20
-2.86710513e+21
521
-2.03047473e+21
-2.6980352e+21
-1.09585329e+22
-1.54608366e+21
525
-6.11790298e+21
-1.52219107e+21
-8.52543717e+21
-1.81638153e+21
529
-3.47165321e+20
-4.43311955e+20
-1.83433508e+21
-3.23781943e+21

141
-1.60306226e+22
-8.78324953e+20
-9.76092175e+20
-6.75282201e+20
145
-7.24531966e+21
-9.72963002e+21
-2.56882659e+20
-1.90669123e+22
149
-1.1568051e+22
-8.27014615e+20
-2.18802066e+22
-1.52687023e+22
153
-3.04807671e+21
-1.82544605e+21
-1.82444631e+21
-2.35368136e+22
157
-5.65732671e+20
-1.25371509e+21
-1.06094367e+21
-8.94198439e+20
161
-3.03145482e+21
-2.75384244e+20
-1.10847309e+22
-4.51103983e+20
165
-1.61914287e+22
-8.409631e+21
-7.88610444e+21
-1.45606935e+22

253
-6.39555377e+21
-9.16634654e+21
-1.60267021e+22
-7.40227229e+20
257
-1.4506096e+22
-1.94984733e+22
-1.11147249e+22
-1.64201947e+22
261
-3.20843001e+21
-7.92661262e+20
-5.32387876e+20
-1.80419578e+21
265
-1.60546039e+22
-8.16122708e+20
-5.41085088e+20
-1.90991825e+22
269
-4.64568218e+20
-6.15441212e+21
-1.22715017e+21
-1.70219508e+22
273
-9.69053532e+20
-4.21743724e+21
-1.19816861e+22
-2.60892738e+20
277
-9.5010873e+20
-5.07296916e+20
-7.65535453e+21
-1.39354517e+21

225
-1.61820428e+22
-1.62798513e+22
-6.58492692e+21
-1.65746616e+22
229
-3.19031572e+21
-6.67199824e+21
-1.21221715e+21
-1.10834822e+20
233
-1.45060929e+21
-1.91245971e+22
-5.70082323e+20
-1.57131862e+20
237
-2.48006668e+22
-2.61565287e+20
-2.64873075e+20
-2.96282903e+22
241
-6.69729876e+21
-1.51271532e+22
-9.36041966e+21
-1.76185534e+21
245
-1.53366372e+21
-1.06858964e+21
-2.11928458e+22
-2.97726473e+20
249
-1.83705081e+20
-1.35372914e+20
-1.56324895e+21
-7.3380094e+21

701
-2.77124198e+20
-2.900809e+20
-1.702782e+20
-1.12605762e+21
705
-1.41484482e+22
-1.90970961e+22
-2.61417303e+20
-1.15864329e+21
709
-1.25849655e+22
-1.10451508e+22
-1.97699171e+21
-3.02222458e+20
713
-1.632509e+21
-1.74840243e+21
-2.41427952e+21
-4.37589024e+21
717
-7.03230187e+21
-7.94652336e+20
-2.01820615e+22
-1.77262052e+22
721
-8.75964743e+20
-2.26626119e+21
-3.66104504e+21
-5.54059743e+20
725
-1.28730809e+21
-2.00155455e+22
-1.60294701e+22
-3.69925739e+21

197
-3.80299189e+20
-8.17278701e+21
-1.87236997e+21
-1.75320037e+22
201
-6.17621407e+20
-3.42319007e+21
-3.32264741e+20
-6.76373476e+21
205
-1.33823714e+21
-1.66342007e+22
-9.47232607e+21
-5.1125834e+20
209
-1.33638008e+21
-8.80224546e+21
-8.18539551e+21
-5.63236643e+21
213
-3.42789774e+20
-1.13898614e+20
-1.77693637e+21
-1.7863768e+21
217
-1.75655614e+21
-1.22612985e+22
-1.22290184e+21
-1.58152234e+22
221
-1.16317775e+21
-1.96292416e+22
-1.47867132e+22
-1.45799361e+21

1009
-5.73033359e+21
-1.64182512e+22
-2.23540435e+21
-1.49147204e+22
1013
-5.15374692e+20
-3.25971269e+21
-1.12154375e+22
-1.43548297e+21
1017
-5.16053232e+21
-1.33003991e+21
-1.32200038e+21
-6.50824403e+20
1021
-8.39241247e+20
-5.52906934e+21
-9.37296487e+21
-4.58021618e+20
1025
-4.14659805e+21
-3.05776157e+21
-1.92842993e+22
-2.10465422e+20
1029
-3.14156861e+20
-6.1585223e+20
-1.3955181e+22
-1.70292753e+21
1033
-1.28077525e+20
-1.45138989e+22
-2.13548456e+20
-1.08587728e+21

869
-9.82036775e+21
-1.34600957e+20
-2.7679096e+21
-7.91947192e+21
873
-6.04685811e+21
-1.63335217e+21
-2.34938273e+21
-1.69886592e+21
877
-1.80243221e+21
-2.54565461e+21
-1.46716074e+21
-8.09504701e+21
881
-6.10683023e+20
-1.72423894e+21
-8.31669171e+21
-5.58585972e+20
885
-1.71280352e+21
-1.54940699e+20
-2.06007111e+20
-6.05011913e+20
889
-1.40982457e+20
-4.85993011e+20
-9.34960852e+20
-6.92286483e+21
893
-3.00128623e+20
-3.76561912e+20
-9.77690396e+20
-2.32580672e+21

729
-7.31987779e+20
-6.42027342e+21
-1.93789125e+22
-1.7939105e+21
733
-1.92614105e+21
-7.45241737e+21
-3.91458916e+20
-4.47982868e+20
737
-2.613753e+22
-3.9406725e+20
-6.15186935e+21
-1.74692123e+21
741
-3.24846914e+21
-5.54629597e+21
-1.33655869e+20
-7.82450586e+19
745
-1.5499963e+22
-1.02528705e+20
-1.48516923e+22
-1.84429092e+22
749
-1.22954546e+20
-7.63951866e+21
-1.96213008e+22
-6.47503669e+20
753
-7.57488396e+21
-1.89411464e+21
-1.13298851e+21
-1.47719899e+22

449
-1.95092925e+21
-1.4716725e+22
-2.52807096e+21
-8.81204229e+20
453
-8.1506903e+20
-1.70725754e+21
-7.84195505e+20
-1.50610109e+21
457
-5.51725539e+21
-1.75170467e+20
-1.62943102e+22
-4.23877541e+21
461
-3.45543762e+21
-5.05899958e+20
-6.79423223e+20
-5.23073328e+21
465
-2.3337626e+20
-2.40954564e+20
-1.49600043e+21
-3.87260343e+21
469
-1.05468318e+21
-1.52489387e+20
-1.52919313e+20
-1.99355457e+21
473
-1.73943574e+21
-2.04116937e+21
-3.29030732e+20
-4.58662377e+20

281
-5.26884581e+21
-1.51457194e+21
-1.17862199e+20
-2.1749771e+22
285
-2.09764201e+21
-1.66775132e+22
-1.45278872e+22
-1.87764066e+21
289
-4.85113158e+20
-6.3903398e+21
-4.2967203e+20
-4.72853229e+21
293
-4.62056785e+21
-1.52464764e+22
-1.95372012e+21
-6.62330373e+21
297
-3.90200674e+21
-4.52080675e+21
-9.89125809e+20
-2.07289678e+22
301
-4.05971357e+21
-3.07643406e+20
-1.45738031e+22
-2.10582382e+21
305
-6.79790443e+21
-7.56846238e+21
-3.37294944e+20
-1.17873911e+22

981
-5.89769434e+21
-1.14797716e+21
-5.85331443e+21
-1.81971508e+22
985
-1.10020274e+22
-7.57763252e+19
-4.33295627e+21
-5.94793313e+21
989
-2.78058462e+22
-1.83029377e+21
-1.72960616e+22
-3.26774223e+20
993
-3.95136935e+20
-2.42259897e+22
-8.64287142e+21
-4.38470378e+21
997
-1.07243885e+22
-8.97827064e+20
-1.7510644e+22
-1.1444608e+22
1001
-2.50433829e+21
-6.44554184e+20
-2.21010869e+20
-1.27548546e+22
1005
-3.70316728e+21
-8.36274536e+21
-1.43339622e+20
-2.24057509e+21

1037
-5.75267214e+21
-6.57656972e+20
-2.46926245e+21
-1.47667182e+21
1041
-5.48956346e+21
-2.26580647e+21
-3.78527593e+21
-1.63596041e+21
1045
-3.05108538e+20
-1.75640014e+22
-1.29397405e+22
-1.15841429e+22
1049
-2.87118473e+20
-3.77391554e+21
-2.62402955e+21
-1.11904211e+20
1053
-9.41445736e+20
-1.0374275e+21
-2.16839742e+22
-1.23294562e+22
1057
-2.9632969e+20
-1.1364826e+22
-9.83500593e+21
-1.53773393e+21
1061
-1.89703353e+21
-1.43386099e+22
-2.19306577e+21
-7.32580225e+20

785
-7.21959215e+20
-3.45690099e+21
-1.46221059e+21
-1.81511706e+22
789
-1.45641355e+20
-1.68273623e+21
-4.03092235e+20
-1.94811564e+20
793
-3.78003551e+21
-5.66794841e+21
-1.76448307e+22
-1.32742768e+21
797
-9.13558562e+21
-6.99666317e+20
-1.91314707e+22
-7.54219799e+20
801
-1.32166863e+22
-2.00974304e+21
-2.07342207e+21
-1.39731677e+21
805
-1.28020712e+21
-2.69899282e+20
-8.34577162e+21
-1.99670168e+21
809
-2.35549997e+21
-2.56694209e+22
-9.79410083e+21
-1.50149209e+22

897
-8.24983591e+20
-6.49025534e+19
-1.33870778e+20
-9.48805816e+20
901
-3.89420381e+20
-1.05799155e+21
-1.55979711e+22
-2.07846749e+22
905
-1.87516476e+21
-1.59756724e+21
-2.03909155e+20
-1.16546437e+22
909
-1.04581964e+22
-1.324711e+22
-1.20592719e+22
-8.62727838e+21
913
-3.10024355e+22
-1.09457217e+22
-1.70496513e+22
-2.31983325e+21
917
-3.18847356e+21
-6.45561709e+21
-5.68417412e+21
-2.81791471e+21
921
-4.2601968e+21
-3.15474515e+21
-1.41074833e+22
-1.49164033e+21

925
-1.75255465e+21
-5.79773988e+21
-1.55581989e+21
-3.05007398e+21
929
-2.08135591e+21
-1.09217323e+22
-4.04934935e+20
-1.49495135e+20
933
-1.2343711e+20
-1.77439455e+22
-9.7222967e+21
-2.26892118e+21
937
-1.67743095e+21
-3.89964538e+20
-2.6342944e+20
-1.05669469e+21
941
-3.38959137e+20
-2.34618318e+21
-7.30559421e+20
-1.47087264e+22
945
-1.13652608e+21
-1.66920765e+22
-2.62101505e+21
-1.53890265e+20
949
-1.8020454e+22
-1.51948829e+22
-4.60460132e+21
-7.82278922e+21

841
-1.67296081e+22
-1.92043989e+21
-1.74816786e+22
-2.24639405e+22
845
-2.48049614e+20
-1.75734736e+21
-1.4216886e+21
-3.25192243e+21
849
-1.68655026e+21
-3.71754874e+21
-4.73876191e+21
-6.36690188e+21
853
-8.17150325e+20
-5.70867262e+20
-2.97064916e+20
-7.91875474e+20
857
-1.94656633e+21
-3.9050985e+20
-1.96446953e+20
-4.88734846e+21
861
-1.34931103e+21
-1.00051536e+22
-1.81510784e+22
-2.0371272e+21
865
-7.66402968e+21
-1.25185869e+22
-1.39180476e+21
-1.08443808e+22

813
-3.01530905e+20
-2.72541199e+21
-6.71141294e+20
-1.11617748e+22
817
-1.53032415e+21
-1.42277178e+22
-1.19318224e+22
-1.00575501e+22
821
-3.88770153e+21
-2.8839983e+21
-3.89088488e+20
-1.04757181e+22
825
-1.64987821e+21
-1.82870329e+21
-9.98915499e+20
-5.54781987e+21
829
-2.29446033e+20
-1.0536082e+22
-6.83599892e+20
-1.57929448e+22
833
-4.43335119e+21
-7.08637281e+20
-4.21595943e+21
-7.60158959e+21
837
-7.67817206e+21
-3.2422868e+20
-4.9712575e+20
-1.43441282e+20

953
-9.42406978e+21
-5.00016854e+21
-9.12592842e+20
-3.22217258e+20
957
-1.31699639e+20
-2.52824847e+22
-9.20798995e+21
-4.37235076e+21
961
-1.05562342e+21
-1.33400013e+22
-5.40368106e+21
-1.60756017e+21
965
-1.23480003e+22
-2.36542332e+21
-8.75434348e+21
-2.22346026e+22
969
-2.5789416e+22
-2.45099659e+22
-1.86646441e+22
-1.58399846e+21
973
-1.20612078e+21
-6.43950788e+21
-1.61982835e+22
-2.43920219e+20
977
-6.87352939e+20
-2.51465738e+22
-7.77790353e+21
-1.19092314e+21

757
-5.86420357e+21
-2.2911234e+21
-3.88910768e+21
-2.35509252e+20
761
-3.50976645e+21
-1.46648456e+21
-6.90602183e+21
-1.3139047e+21
765
-1.45929604e+22
-5.96702124e+21
-1.22719271e+20
-8.12234119e+21
769
-4.64203782e+20
-1.00612375e+22
-1.09365957e+22
-4.08861628e+21
773
-1.56214727e+20
-3.17599799e+20
-1.68327982e+20
-6.21584773e+21
777
-1.14258526e+21
-8.74540221e+21
-6.9204158e+21
-2.13678988e+22
781
-3.57864068e+21
-1.22760281e+22
-8.29719802e+21
-1.79947508e+22

673
-9.95348178e+20
-1.63882558e+21
-1.42051352e+21
-1.34232998e+21
677
-1.82341328e+21
-5.64303821e+21
-1.79972753e+21
-7.11285979e+20
681
-1.47374922e+20
-2.20793112e+21
-2.84030734e+21
-7.83530777e+20
685
-1.93423859e+22
-1.47594514e+22
-2.57735983e+22
-1.71231302e+21
689
-6.27880525e+20
-2.32310588e+22
-3.07122425e+21
-2.25475922e+22
693
-4.21633185e+21
-1.97130057e+22
-7.08033609e+21
-3.65700841e+20
697
-9.59656372e+20
-5.94129509e+21
-2.00704881e+21
-7.0193999e+20

1261
-6.15807218e+21
-1.866664e+21
-6.0466708e+20
-6.01783613e+21
1265
-9.21607532e+20
-1.92929181e+21
-7.25221921e+21
-4.45559031e+20
1269
-1.51865859e+22
-3.2552055e+21
-2.8950538e+21
-1.7629328e+21
1273
-2.28634405e+21
-9.65840098e+21
-1.25939947e+21
-3.85815933e+21
1277
-4.95886899e+21
-1.20399492e+21
-2.57644074e+21
-1.23680584e+20
1281
-1.7871947e+22
-6.66241049e+21
-1.23725979e+22
-9.80468247e+20
1285
-2.08434806e+20
-8.37433413e+21
-1.89907523e+21
-9.01923235e+19

1457
-4.79223848e+21
-1.2293693e+22
-1.36704269e+20
-2.41389045e+22
1461
-1.02778568e+21
-8.40139173e+21
-8.57397385e+21
-1.50613801e+22
1465
-5.31409476e+21
-1.46817389e+22
-1.92438541e+21
-3.15458718e+20
1469
-6.02114817e+20
-9.7401359e+20
-6.80333226e+20
-1.67927998e+21
1473
-1.32662438e+22
-2.40741743e+22
-2.3549088e+22
-9.96326117e+21
1477
-1.91395189e+21
-1.84260139e+22
-8.68670896e+21
-1.52271101e+22
1481
-5.81273564e+21
-1.16943198e+22
-6.94499928e+20
-5.65221109e+20

1485
-1.84926106e+21
-4.3141353e+21
-8.09330327e+21
-2.2501184e+22
1489
-8.59952366e+21
-8.12929859e+21
-6.9944872e+20
-1.39720297e+20
1493
-1.31845538e+20
-5.57318128e+20
-7.71438308e+20
-5.71157319e+21
1497
-1.03089605e+22
-1.18855485e+21
-1.89995812e+21
-1.45574657e+21
1501
-1.79055224e+21
-8.0006037e+21
-8.36553589e+21
-1.98258507e+20
1505
-2.29179114e+20
-4.39700703e+21
-1.27972255e+22
-3.89295279e+20
1509
-2.14104911e+22
-1.87402905e+22
-4.15568971e+21
-1.78058162e+21

1513
-5.11041814e+21
-1.32823796e+22
-6.87964985e+21
-1.83385197e+22
1517
-4.89244315e+20
-2.51090871e+21
-1.61540435e+21
-1.33361829e+20
1521
-2.81634584e+21
-1.16420442e+22
-8.14813863e+20
-1.18140872e+21
1525
-2.1065674e+20
-6.52902633e+21
-1.14801934e+21
-1.07561382e+21
1529
-1.11015139e+20
-2.45926781e+21
-2.21579939e+20
-1.07098502e+22
1533
-1.94427261e+20
-8.4071801e+21
-9.38963994e+21
-6.87505143e+20
1537
-7.38776615e+21
-1.78586877e+22
-1.15277066e+21
-1.36738015e+22

1653
-1.41572056e+21
-1.90642575e+20
-1.1292481e+22
-2.55340918e+22
1657
-1.57635007e+21
-1.05675287e+22
-1.07916348e+21
-7.98529468e+21
1661
-2.12447435e+21
-1.37669194e+21
-3.60995355e+21
-4.58330123e+20
1665
-2.0249009e+22
-7.63397585e+21
-4.00379574e+21
-2.72223712e+20
1669
-2.53273931e+21
-1.73736884e+21
-8.78839933e+21
-8.00558658e+21
1673
-1.82982744e+21
-1.92471643e+21
-4.07794565e+21
-1.78736429e+21
1677
-1.78104279e+20
-1.38161898e+20
-2.20019327e+22
-8.59190048e+20

1429
-2.49752158e+20
-1.22659924e+22
-2.10274939e+20
-1.01803269e+22
1433
-3.45434398e+21
-1.8027558e+21
-1.13943528e+20
-7.97504516e+21
1437
-1.02467381e+21
-8.53934767e+20
-2.35874452e+21
-1.13298561e+22
1441
-1.22174338e+21
-1.71124244e+22
-1.15066126e+21
-9.17425759e+20
1445
-7.72756711e+20
-8.10751032e+20
-7.03881923e+21
-1.67539896e+22
1449
-1.80980583e+21
-9.44841147e+21
-4.2335654e+20
-6.32845881e+21
1453
-2.82397238e+22
-6.38955402e+21
-2.09928297e+21
-1.37895669e+21

1709
-1.68150838e+21
-6.15672281e+21
-1.85871326e+20
-2.67877122e+21
1713
-6.84326881e+21
-3.61209002e+20
-1.08628312e+20
-3.79920136e+21
1717
-8.04582793e+21
-4.67765261e+21
-3.09884998e+21
-1.36730201e+22
1721
-1.80230789e+21
-2.72028851e+21
-5.58529122e+21
-6.29761062e+21
1725
-1.110235e+22
-5.41218762e+20
-2.25405728e+22
-2.2654232e+22
1729
-1.37377152e+22
-2.11232221e+22
-1.81287568e+21
-7.95459695e+20
1733
-5.18500488e+21
-1.29006832e+20
-1.34752633e+22
-7.17613945e+19

1121
-4.52005536e+20
-2.01950541e+22
-2.27209209e+21
-1.25442392e+20
1125
-4.56231447e+21
-1.72671099e+22
-4.4831235e+20
-8.80924093e+19
1129
-1.02355289e+22
-4.08256545e+21
-1.10854167e+20
-7.9412185e+21
1133
-3.85873122e+21
-2.12931057e+22
-1.3730836e+22
-7.830579e+20
1137
-8.77558691e+20
-8.3266491e+21
-1.19419141e+21
-5.91189569e+21
1141
-5.9129636e+21
-1.12635411e+22
-1.222445e+21
-6.20709209e+20
1145
-2.5540348e+21
-2.07643697e+21
-9.97739901e+20
-1.73988104e+20

1597
-4.08536355e+21
-5.52490488e+21
-2.52913846e+21
-1.83141991e+21
1601
-2.34666311e+22
-5.28097788e+20
-2.36509905e+22
-2.15382073e+22
1605
-2.0428701e+22
-1.60352705e+21
-1.24492636e+21
-1.32599808e+22
1609
-4.03668496e+21
-1.45239695e+21
-1.10147919e+20
-3.13441894e+21
1613
-2.16612167e+20
-6.02013172e+20
-5.17049186e+21
-1.53390317e+21
1617
-5.28772777e+21
-1.56361871e+22
-2.26037132e+20
-1.6395628e+20
1621
-2.46899831e+20
-1.87106212e+22
-7.43450786e+21
-1.7580363e+20

1401
-2.56987192e+21
-4.22568209e+21
-2.13734383e+20
-1.48480226e+21
1405
-6.02307461e+21
-1.55434716e+20
-1.03535152e+22
-2.72466951e+22
1409
-1.49060462e+20
-1.20719561e+21
-6.04687629e+21
-5.73560026e+20
1413
-4.59883362e+20
-1.0223114e+22
-5.40505743e+20
-1.83795406e+21
1417
-1.69511526e+22
-2.34369537e+21
-1.82578989e+22
-1.39439398e+22
1421
-1.52940509e+22
-3.5817027e+21
-9.43686194e+21
-1.68027026e+21
1425
-1.14600902e+21
-7.81566735e+21
-6.1189322e+21
-1.31705691e+20

1177
-1.92268735e+22
-1.31647214e+22
-6.18437263e+20
-1.37341706e+21
1181
-1.70411687e+21
-1.65750821e+21
-2.2470498e+22
-2.06037659e+22
1185
-4.09097545e+20
-2.68591947e+20
-4.00780092e+20
-1.00690146e+21
1189
-1.25680584e+22
-2.02138605e+21
-4.2135406e+21
-1.3908835e+20
1193
-5.16067465e+21
-7.46690714e+20
-1.80596326e+21
-1.91165323e+20
1197
-4.25361317e+21
-4.26033184e+21
-1.00750552e+22
-1.38713372e+21
1201
-7.41743354e+20
-2.8982835e+20
-1.69195286e+22
-1.99878222e+22

1625
-1.47680967e+22
-1.66804456e+21
-6.50218951e+20
-2.4983552e+21
1629
-1.49293692e+20
-1.20022043e+21
-1.74689038e+21
-1.5833177e+22
1633
-5.64282403e+20
-2.82351707e+20
-2.30755145e+22
-4.84800894e+21
1637
-5.77770524e+21
-2.01331384e+20
-1.75988066e+21
-1.2665977e+21
1641
-2.40376159e+20
-9.34861002e+21
-8.08004101e+20
-1.35745216e+22
1645
-5.14440023e+20
-1.17637318e+21
-7.78655228e+20
-4.7456032e+21
1649
-3.26044581e+21
-1.91077611e+22
-1.78325638e+21
-1.11271303e+22

1793
-2.04866873e+20
-4.15212654e+21
-2.96860823e+20
-1.21237418e+21
1797
-1.65479369e+22
-6.75833533e+21
-8.36212906e+21
-1.77416559e+22
1801
-3.13164379e+20
-6.1969508e+21
-1.42279609e+21
-6.86783005e+20
1805
-1.44933588e+21
-3.58662008e+21
-1.91316804e+21
-3.84819601e+21
1809
-1.00951871e+21
-4.70080702e+21
-2.86602808e+22
-1.59927523e+22
1813
-2.99769845e+20
-1.31041649e+21
-1.82653118e+21
-2.71343789e+21
1817
-3.9238927e+21
-3.00754769e+20
-1.38572093e+22
-6.41706277e+21

1289
-6.74811571e+20
-4.69309056e+20
-2.56351937e+22
-1.49412771e+21
1293
-4.53641903e+21
-3.51687054e+20
-1.23272474e+21
-3.63394659e+20
1297
-8.96652258e+21
-4.5413757e+21
-7.77696376e+21
-1.27444239e+22
1301
-1.95109049e+21
-8.33530151e+21
-1.56440573e+22
-4.82785626e+20
1305
-1.32590962e+22
-2.0226216e+21
-9.4655319e+21
-1.39730545e+21
1309
-9.48168615e+20
-2.80167687e+20
-1.83464969e+22
-1.08311787e+21
1313
-2.60097327e+20
-1.96016448e+21
-1.00427045e+20
-8.64180198e+20

645
-1.38059509e+22
-3.13958662e+20
-1.09381063e+21
-4.91723059e+21
649
-1.96090292e+20
-6.32197673e+20
-1.80803626e+21
-5.39622474e+20
653
-2.12945097e+21
-1.09344998e+21
-7.15710404e+21
-2.09899562e+21
657
-4.31341609e+20
-1.833039e+21
-2.88021355e+20
-1.24037078e+22
661
-3.46460971e+20
-9.43616699e+21
-1.50220254e+21
-1.42483116e+21
665
-1.56892371e+22
-2.02649609e+21
-1.7345024e+20
-4.29994139e+21
669
-4.04089042e+20
-8.47083797e+21
-1.07566584e+21
-1.69358849e+21

1681
-1.09938524e+22
-2.04850885e+21
-1.0153568e+22
-2.00034272e+21
1685
-5.68765888e+21
-8.79009287e+20
-2.37547969e+21
-3.03000351e+21
1689
-2.02594919e+21
-1.44058076e+21
-3.01595759e+21
-7.7108908e+19
1693
-4.62208439e+21
-1.59696773e+21
-2.36338416e+20
-1.94989351e+21
1697
-5.54867343e+20
-1.20957765e+22
-2.37626884e+21
-9.94298028e+21
1701
-2.47095458e+22
-1.00426379e+21
-1.68067573e+21
-5.71039869e+20
1705
-9.20189322e+20
-8.66301395e+20
-1.18527264e+21
-6.95189437e+21

1373
-6.53346416e+21
-1.51120546e+22
-1.62331745e+21
-8.75600841e+21
1377
-1.92924797e+22
-1.72490519e+21
-1.38836125e+22
-6.50497198e+21
1381
-9.17952387e+20
-2.0371105e+22
-1.51000584e+21
-1.77633338e+21
1385
-6.07549562e+20
-6.46134929e+20
-2.58352541e+20
-2.50278509e+22
1389
-1.28585493e+22
-2.12995879e+22
-1.12270212e+21
-1.0554003e+22
1393
-1.50895225e+22
-4.70911105e+20
-7.22161339e+20
-1.46468575e+21
1397
-4.02371758e+20
-1.55353021e+21
-6.3957844e+21
-1.31179403e+22

1569
-1.3752878e+21
-6.60401483e+20
-1.23847369e+21
-2.55757295e+22
1573
-8.09986841e+20
-1.78773464e+21
-8.61079368e+21
-3.96173332e+21
1577
-1.37995853e+21
-2.04394578e+22
-1.56107271e+21
-3.2134182e+21
1581
-1.29096863e+22
-5.49632037e+21
-1.05986613e+22
-1.93201043e+22
1585
-2.5350086e+22
-2.78499447e+21
-3.06519305e+21
-3.98509026e+20
1589
-1.60055606e+20
-2.18480354e+22
-1.58927264e+21
-3.29042871e+21
1593
-3.16703274e+21
-6.8106062e+20
-3.23869078e+20
-2.62827769e+21

1765
-1.95701858e+21
-5.97361821e+21
-1.4262735e+20
-1.69058182e+22
1769
-1.61905575e+22
-1.46869045e+22
-8.66125362e+20
-3.91094666e+21
1773
-2.09723302e+22
-7.01728094e+21
-8.53305256e+21
-2.05695254e+22
1777
-8.0573551e+21
-1.29529053e+21
-1.37080275e+21
-1.58474515e+21
1781
-1.27941556e+21
-1.52083763e+22
-7.10402103e+21
-6.43039382e+21
1785
-3.43777007e+20
-5.02015119e+21
-2.08662682e+20
-6.57840003e+21
1789
-7.62838511e+21
-1.54454562e+21
-1.43031696e+20
-1.57578197e+21

1737
-1.3649506e+22
-1.86858403e+21
-1.55440212e+22
-2.91342559e+20
1741
-1.80040225e+21
-5.13658353e+20
-1.8518912e+21
-2.75884835e+20
1745
-5.69120996e+21
-5.37454013e+21
-1.49525354e+21
-1.84069795e+21
1749
-3.49463985e+21
-7.5491822e+21
-7.16892125e+20
-5.23790323e+21
1753
-1.43032866e+22
-7.33086857e+21
-7.22977584e+21
-1.45210548e+22
1757
-1.40115567e+22
-2.12282012e+21
-1.00635848e+20
-1.76833379e+21
1761
-1.12874315e+21
-3.92623296e+20
-5.19107713e+20
-2.78465698e+21

1149
-1.02679996e+22
-1.3538964e+22
-4.96286017e+21
-1.7187987e+22
1153
-1.42891696e+22
-3.56006487e+20
-6.68300223e+21
-1.13888202e+20
1157
-1.73993176e+21
-8.0721763e+21
-1.18528408e+21
-1.26137904e+21
1161
-1.44836066e+20
-1.60182904e+20
-2.10109384e+22
-1.69934237e+22
1165
-2.69253553e+22
-4.01244482e+21
-9.58636627e+21
-1.61208321e+22
1169
-1.86281969e+20
-9.14053558e+20
-2.91803524e+21
-1.07739973e+22
1173
-3.15588806e+20
-1.29961656e+22
-5.54291614e+20
-1.88937161e+20

1317
-2.31482639e+22
-7.95078325e+20
-1.81935918e+21
-1.01228432e+22
1321
-5.62925629e+20
-6.19147801e+21
-1.36782394e+22
-2.5598373e+20
1325
-1.09506305e+20
-2.93823743e+22
-2.08841998e+20
-5.92059604e+20
1329
-1.97183363e+21
-1.02611769e+21
-2.06946248e+20
-1.04044666e+21
1333
-9.3983923e+21
-1.47233784e+22
-1.65349053e+22
-5.68158176e+21
1337
-2.71011816e+20
-1.28929651e+22
-2.56380451e+20
-1.95865755e+22
1341
-1.93249694e+20
-4.37032688e+21
-1.30040719e+21
-1.40008954e+22

1905
-1.53803064e+21
-5.88241434e+21
-1.09874427e+20
-1.54852054e+20
1909
-1.66650908e+22
-2.01695716e+22
-2.92637058e+20
-1.44923107e+22
1913
-6.90162351e+20
-1.28866296e+22
-2.07432909e+22
-1.80115814e+20
1917
-1.48303246e+22
-1.68554694e+22
-1.06261199e+21
-3.35348253e+21
1921
-1.88843417e+21
-1.03290571e+22
-1.85122485e+22
-1.59794112e+21
1925
-1.49819514e+22
-6.99981917e+21
-4.2381823e+21
-9.63104142e+21
1929
-8.11976794e+21
-6.73796537e+21
-2.18874938e+22
-1.69115475e+21

1093
-1.70340489e+22
-5.01232195e+20
-1.32207589e+22
-1.09461254e+21
1097
-1.24534435e+21
-1.85881364e+22
-9.99476574e+20
-4.67102028e+20
1101
-2.64733813e+20
-8.82360888e+21
-6.29576812e+21
-3.83782362e+21
1105
-1.92317847e+22
-7.93183269e+20
-1.73401082e+20
-6.26046231e+20
1109
-1.70996077e+22
-7.04253041e+20
-7.65697171e+20
-1.90488105e+21
1113
-1.10287749e+22
-1.96205721e+22
-1.3779414e+22
-2.9373231e+20
1117
-3.06280559e+21
-2.15813688e+22
-3.75307387e+20
-1.89813082e+20

1877
-5.60401249e+21
-2.51087908e+21
-1.08776357e+20
-1.19871135e+20
1881
-7.51260752e+20
-1.0966716e+21
-2.4795289e+22
-5.94235487e+21
1885
-2.29453049e+22
-3.32879386e+21
-1.69572714e+21
-5.88847479e+20
1889
-1.10282872e+22
-6.62354883e+21
-5.76184686e+20
-1.6423859e+21
1893
-8.57677699e+21
-2.74782124e+21
-9.50045125e+21
-7.95146053e+20
1897
-1.15288482e+22
-7.80413113e+21
-2.06071668e+20
-1.14256925e+22
1901
-1.07950862e+20
-5.18650197e+20
-1.47475599e+20
-1.43488273e+22

2073
-5.55373134e+21
-1.87486478e+21
-6.9219692e+21
-1.16307112e+22
2077
-6.70975082e+20
-4.20056741e+21
-3.03093918e+21
-1.96371671e+22
2081
-2.82473748e+22
-4.78320264e+20
-2.0989316e+21
-1.68662171e+22
2085
-7.83228926e+21
-3.45427087e+21
-1.06249621e+21
-2.15391298e+22
2089
-1.93281863e+21
-1.82086485e+21
-1.93076484e+20
-9.41826721e+21
2093
-6.5978981e+21
-4.94697564e+21
-5.18723831e+21
-3.62380962e+20
2097
-3.97598283e+21
-2.71672822e+20
-2.97508614e+20
-4.13346797e+21

1345
-3.86333509e+20
-5.12722425e+20
-1.82346541e+21
-1.23763354e+22
1349
-6.42143389e+21
-1.37236742e+21
-2.32556881e+22
-2.29448836e+21
1353
-1.60174655e+22
-2.70960513e+20
-3.06939647e+20
-1.29428935e+22
1357
-4.78355778e+20
-1.62987408e+22
-1.97017007e+20
-1.06836731e+20
1361
-1.84690678e+21
-3.34753333e+21
-8.0325409e+21
-3.64257821e+21
1365
-9.63706378e+21
-1.89800988e+21
-8.37277889e+20
-8.12787477e+20
1369
-6.12005647e+20
-2.04324503e+21
-1.89885712e+22
-1.71771236e+21

1989
-6.58940193e+20
-7.21554236e+21
-6.39270035e+21
-7.22753403e+20
1993
-3.42143088e+20
-7.56993107e+21
-1.82241098e+21
-1.99025126e+22
1997
-1.42223941e+22
-2.14935332e+22
-2.1180498e+22
-2.05547915e+22
2001
-5.55838598e+20
-7.75904255e+21
-1.57363624e+22
-2.38209578e+21
2005
-1.36036013e+21
-1.20587145e+22
-3.03558108e+21
-1.55162424e+21
2009
-8.96409653e+21
-2.52733577e+22
-1.61362442e+22
-1.97845377e+21
2013
-2.31108153e+22
-4.85134383e+21
-1.89453827e+22
-3.40366186e+21

1541
-2.51345379e+21
-1.70070157e+22
-2.14006788e+22
-1.5509342e+21
1545
-2.31426932e+21
-4.11188302e+21
-1.35070608e+20
-9.39806655e+21
1549
-1.83819756e+21
-8.40090119e+21
-1.30075362e+22
-8.77797501e+20
1553
-1.47290597e+20
-3.92477578e+20
-7.92037817e+20
-6.98159233e+21
1557
-1.53592737e+22
-1.64706027e+20
-5.03504427e+21
-5.3931508e+21
1561
-4.51921677e+20
-2.03961429e+21
-6.66404377e+21
-1.14596591e+22
1565
-1.77099931e+21
-2.31198153e+22
-1.82439981e+22
-1.98366933e+21

1821
-1.19323138e+21
-2.06542709e+21
-5.67089072e+21
-1.97654285e+22
1825
-1.58040609e+21
-5.44038023e+21
-3.2692091e+20
-1.8922334e+20
1829
-2.89948421e+20
-3.08711109e+20
-1.96877049e+22
-1.88649392e+21
1833
-5.49474959e+20
-1.87254574e+21
-2.32875849e+20
-3.97794112e+20
1837
-3.86900224e+21
-1.23917605e+22
-6.08132323e+21
-1.68517064e+21
1841
-2.42201894e+21
-1.56077744e+21
-1.61395561e+22
-1.99811508e+21
1845
-2.48646187e+21
-1.14137292e+21
-8.92898378e+20
-1.05630875e+22

2101
-1.87219873e+22
-3.4887321e+21
-9.14230375e+20
-1.38676882e+22
2105
-7.29086929e+21
-4.3232394e+21
-7.09369396e+21
-2.80158633e+21
2109
-3.30225298e+21
-5.69218199e+20
-2.62849621e+20
-4.96228258e+21
2113
-1.03002324e+22
-1.76669313e+22
-7.38180798e+20
-8.09974665e+21
2117
-5.07947882e+21
-2.86404296e+22
-1.44698918e+22
-3.29093315e+20
2121
-1.76015723e+21
-1.86918667e+22
-5.7687675e+21
-1.02705383e+21
2125
-1.05761856e+22
-2.3273529e+21
-8.15941159e+21
-1.20026895e+20

2129
-1.84496871e+20
-1.94697016e+21
-7.76526585e+20
-4.42860447e+21
2133
-4.7982071e+21
-1.55520507e+22
-1.43776971e+22
-2.08869268e+22
2137
-1.5949196e+22
-1.90564428e+21
-1.94075688e+21
-9.56822051e+21
2141
-1.9307012e+21
-1.74189599e+21
-2.48973267e+22
-3.5445689e+21
2145
-1.53380903e+21
-5.43815199e+20
-3.55618124e+20
-1.23726871e+21
2149
-1.55713634e+21
-1.54339626e+22
-1.67864799e+20
-2.05291991e+21
2153
-9.85028159e+21
-1.11178279e+22
-1.39049139e+22
-8.9393853e+21

2045
-9.00066434e+20
-1.02020523e+21
-1.88027257e+22
-1.57008025e+21
2049
-1.13093511e+21
-1.07461947e+21
-1.85566715e+21
-6.79123132e+20
2053
-1.93280085e+21
-1.35303846e+22
-2.55488208e+22
-1.15389429e+20
2057
-1.53285529e+22
-3.49159037e+20
-7.07727914e+21
-8.31865704e+21
2061
-1.21906086e+21
-9.6132202e+20
-1.4378737e+22
-1.93236194e+22
2065
-3.08947268e+21
-1.08246924e+21
-2.24341602e+22
-4.3028897e+20
2069
-1.36091174e+22
-6.05984475e+20
-1.95394658e+21
-1.83407216e+21

1961
-4.02936236e+20
-1.0008562e+22
-5.75357134e+21
-1.55022332e+22
1965
-1.6842353e+22
-1.44913751e+21
-1.42108164e+22
-1.27879237e+21
1969
-2.6913375e+21
-1.51695561e+22
-7.49311848e+21
-1.85138718e+21
1973
-1.97436809e+21
-1.11998453e+22
-6.68215521e+21
-1.04693221e+22
1977
-1.37844922e+22
-3.45810886e+21
-1.66569306e+22
-1.04506009e+21
1981
-1.25667626e+21
-1.39402673e+21
-1.29065198e+22
-3.66272064e+21
1985
-4.62505234e+21
-1.75035647e+21
-4.40273093e+20
-3.29279821e+21

1933
-7.49743451e+21
-9.43202335e+21
-6.08011466e+21
-1.56790117e+21
1937
-9.68711231e+21
-1.02260142e+20
-8.27749793e+21
-2.29722366e+20
1941
-2.67465714e+21
-6.90709627e+20
-1.35206047e+21
-1.85843861e+21
1945
-5.68626359e+21
-4.81726687e+21
-1.35605972e+22
-1.39517439e+22
1949
-1.26820456e+21
-5.78563138e+21
-3.89988643e+20
-1.92998943e+22
1953
-6.25407638e+21
-5.38527727e+21
-3.28812652e+20
-8.13019575e+20
1957
-3.87255983e+21
-1.60288233e+22
-8.20414322e+21
-1.25265739e+21

2017
-3.50148292e+21
-1.1744323e+21
-1.78007514e+21
-6.76879055e+20
2021
-2.09198586e+21
-6.40174896e+21
-5.11324846e+21
-2.2504116e+22
2025
-1.85291008e+21
-1.0150223e+21
-2.05833518e+22
-1.14150178e+22
2029
-1.04334626e+22
-2.14288357e+22
-1.13731467e+22
-1.59870379e+22
2033
-1.9744688e+21
-1.81781183e+22
-9.34864574e+21
-1.89539306e+21
2037
-2.19952897e+20
-3.40991981e+21
-4.30296126e+21
-1.47659362e+21
2041
-1.18963096e+21
-6.3044823e+20
-3.6616555e+21
-1.71482502e+22

1849
-1.88091076e+21
-1.42493852e+21
-3.16723065e+20
-1.01543851e+22
1853
-1.40673811e+22
-2.85586353e+20
-7.60838529e+21
-4.09477137e+20
1857
-1.81851381e+22
-2.81901001e+21
-1.05878055e+22
-4.28158971e+20
1861
-1.53771314e+20
-2.06057769e+21
-1.15706752e+22
-3.12757378e+21
1865
-1.73007141e+22
-1.43063603e+22
-2.0313519e+21
-1.83779664e+22
1869
-1.32781905e+21
-1.11314791e+22
-1.53157747e+21
-9.4459928e+20
1873
-2.11401219e+21
-1.90426222e+21
-3.26182674e+21
-3.74190571e+20

2213
-8.91514132e+21
-1.40751321e+21
-5.5796315e+21
-7.06256725e+20
2217
-4.81401092e+21
-5.26223668e+21
-1.48189728e+21
-4.56629005e+21
2221
-4.75777017e+20
-4.98618519e+21
-2.08840736e+20
-1.16098388e+22
2225
-9.4767369e+21
-4.31192214e+20
-7.64924215e+21
-7.68117618e+21
2229
-1.35076345e+22
-1.62526789e+21
-1.90968966e+21
-1.2996866e+22
2233
-2.7881166e+21
-3.70527993e+21
-4.02734824e+21
-5.71398353e+20
2237
-2.21863112e+22
-1.71354625e+22
-2.32982192e+22
-3.0509535e+21

1065
-9.04886818e+20
-5.48281363e+20
-2.87980993e+21
-1.910763e+22
1069
-4.52992854e+21
-4.08091234e+21
-1.00527567e+21
-9.02443956e+21
1073
-9.6909124e+21
-7.9256973e+20
-2.81027137e+20
-2.28484381e+22
1077
-2.3646854e+22
-1.73120392e+21
-2.04146069e+21
-1.28555528e+20
1081
-1.90555019e+22
-7.71310922e+21
-5.60546907e+21
-1.71679589e+20
1085
-1.40326273e+22
-1.24864768e+21
-9.64820947e+21
-7.96573038e+20
1089
-9.14173045e+20
-8.60607517e+21
-1.09124954e+21
-2.4653651e+22

29
-1.23005131e+22
-9.7466419e+20
-5.6106411e+21
-1.83493462e+20
33
-1.41153276e+22
-7.33963185e+21
-5.90158388e+20
-1.93882436e+21
37
-1.12250725e+21
-1.87951358e+22
-1.95207376e+22
-2.18494892e+21
41
-1.83083089e+22
-9.41407227e+19
-2.02135107e+21
-2.07844402e+21
45
-1.70152222e+20
-1.61384423e+22
-1.05161976e+22
-1.44289549e+22
49
-1.68253137e+22
-8.38414888e+20
-2.3413504e+20
-8.84627454e+21
53
-7.85237691e+21
-2.95647811e+21
-3.19312884e+21
-1.19683888e+22

1205
-1.17764062e+21
-2.89520476e+21
-7.20240342e+20
-1.27556797e+22
1209
-1.82133514e+22
-2.47619877e+22
-1.95855267e+21
-1.34948705e+22
1213
-1.73113253e+22
-5.09556667e+21
-4.9790104e+20
-6.29798583e+21
1217
-2.31092036e+22
-2.06678357e+21
-1.48971829e+22
-1.94831785e+21
1221
-1.25796336e+20
-8.29235544e+20
-1.76068956e+21
-1.11744791e+21
1225
-1.45482624e+20
-2.59337327e+21
-6.62323371e+20
-1.52594006e+21
1229
-4.79799733e+20
-3.17571299e+21
-1.93752876e+22
-1.18448272e+21

1233
-1.9635776e+21
-2.15951722e+22
-8.1569491e+21
-2.928656e+21
1237
-1.56886463e+22
-1.2576692e+22
-7.58245746e+21
-3.60255693e+21
1241
-8.99656139e+21
-2.13694949e+20
-1.18565569e+22
-1.87452384e+21
1245
-2.0651136e+21
-4.80727079e+21
-3.91322374e+20
-2.0111844e+21
1249
-1.6154217e+20
-2.53018526e+22
-1.20231641e+21
-1.28741175e+22
1253
-1.77749275e+20
-6.6987266e+20
-1.30554051e+22
-3.49740983e+21
1257
-1.74867668e+22
-1.50289764e+21
-1.89114707e+21
-1.59549301e+20

3249
-7.80329261e+20
-6.49860209e+21
-1.92738605e+21
-7.64227801e+20
3253
-3.006062e+21
-3.95631216e+20
-1.11801108e+21
-3.03926738e+22
3257
-5.13756475e+21
-7.42861618e+20
-8.94130649e+20
-1.995658e+22
3261
-4.64391629e+21
-1.22644411e+22
-9.5056008e+21
-3.29179084e+20
3265
-8.92265524e+20
-9.16988647e+21
-6.92132806e+21
-1.64635807e+22
3269
-2.17692304e+21
-3.71736791e+20
-3.58833943e+21
-1.24862776e+22
3273
-5.77910707e+20
-6.99561075e+21
-1.58446535e+22
-5.44069049e+20

2773
-4.98397629e+21
-1.4964918e+22
-2.27509237e+22
-1.90122689e+20
2777
-1.46399027e+20
-5.9365634e+21
-1.35985504e+22
-1.40923469e+20
2781
-7.95964986e+21
-1.07066115e+22
-1.22652214e+22
-3.05794189e+20
2785
-8.78302684e+21
-8.10490497e+20
-1.27054149e+22
-2.0375889e+21
2789
-1.10419218e+21
-3.18491582e+21
-6.95794324e+21
-2.25117375e+22
2793
-4.0978277e+21
-9.52801375e+21
-2.28634963e+20
-4.24978731e+21
2797
-2.02442036e+22
-2.76487566e+21
-5.35320691e+21
-1.81430936e+21

3053
-2.09139412e+22
-3.65706922e+20
-1.58340716e+21
-1.17374029e+22
3057
-1.03598748e+21
-1.1929397e+22
-1.54537241e+20
-1.90760649e+22
3061
-1.42491279e+22
-4.03610891e+21
-1.58754239e+22
-8.7887554e+20
3065
-1.82968955e+21
-2.94005772e+21
-2.0772266e+20
-9.3017973e+21
3069
-4.6067051e+21
-7.45515916e+21
-1.13588963e+21
-1.02023212e+21
3073
-1.73249311e+21
-2.27575484e+22
-5.9356788e+21
-2.19196596e+21
3077
-5.70329379e+20
-9.53380608e+21
-3.85733844e+20
-1.76194026e+22

3137
-1.23695912e+22
-7.11160077e+20
-1.29867693e+21
-1.9540663e+21
3141
-1.06313373e+22
-1.7820518e+21
-2.80063267e+20
-1.38625577e+21
3145
-1.52892125e+21
-1.2171654e+21
-1.96914905e+21
-1.87867091e+22
3149
-3.32359433e+21
-1.81501602e+21
-1.19339114e+22
-1.10403649e+21
3153
-2.46435374e+21
-8.64094141e+21
-1.25517744e+21
-1.75972188e+21
3157
-2.28279e+21
-9.54100505e+20
-1.20770257e+20
-1.10252876e+22
3161
-6.47107057e+21
-1.75614667e+21
-4.80981028e+21
-1.42896621e+21

2269
-7.93328957e+21
-1.37234228e+21
-1.22033659e+22
-6.26486213e+20
2273
-1.80972938e+21
-1.46184843e+21
-3.33996493e+20
-1.25511152e+22
2277
-1.933995e+20
-1.76179537e+21
-1.66499622e+22
-1.17063618e+21
2281
-1.46351344e+22
-2.19967755e+21
-1.18245222e+21
-2.62409588e+21
2285
-7.14633514e+21
-2.67618932e+21
-8.1209325e+20
-1.09495171e+22
2289
-1.12300793e+22
-3.11044615e+21
-2.42290104e+20
-3.48787025e+20
2293
-1.31893668e+22
-6.34880506e+20
-3.72118447e+20
-6.3558331e+21

2409
-5.88262432e+21
-1.44699493e+20
-1.79042168e+21
-8.30115296e+20
2413
-1.24983568e+21
-1.62856145e+21
-6.39789126e+20
-5.72275175e+21
2417
-9.57202208e+20
-1.13430867e+22
-1.55459338e+20
-3.61931905e+21
2421
-3.39976903e+20
-1.15718551e+22
-2.629403e+21
-8.87784081e+21
2425
-1.94038228e+21
-1.7224793e+21
-6.71792347e+21
-1.54772429e+22
2429
-1.21856269e+21
-9.479146e+21
-3.47651159e+21
-5.86068996e+21
2433
-1.11728467e+22
-1.33056754e+21
-1.47422419e+21
-1.53758932e+22

2913
-1.50193697e+22
-1.1602156e+21
-2.35819789e+22
-4.36042368e+21
2917
-1.1012466e+22
-2.11820482e+22
-1.81173741e+22
-2.12317631e+21
2921
-1.33552681e+20
-7.72733046e+20
-8.7926213e+21
-7.69826747e+21
2925
-2.72578209e+21
-7.09619785e+21
-5.91913984e+20
-1.89137658e+22
2929
-9.01420488e+21
-1.11805059e+21
-1.85509227e+21
-5.43657984e+21
2933
-1.6396936e+22
-1.7208992e+21
-3.39782775e+21
-2.29631509e+21
2937
-1.73196676e+21
-8.83460247e+20
-2.7292758e+21
-1.76669635e+21

2969
-1.57211779e+20
-1.34597286e+22
-1.1462252e+20
-1.6320348e+21
2973
-4.09764716e+20
-1.61776791e+21
-2.43989077e+21
-1.94840791e+21
2977
-2.63092596e+22
-1.46588571e+22
-5.84980888e+20
-4.32098211e+20
2981
-1.37615702e+21
-3.50782043e+20
-2.19293783e+21
-7.32429257e+21
2985
-9.35133496e+21
-9.56893072e+21
-1.33169773e+21
-1.33967835e+22
2989
-2.03083677e+22
-1.01394094e+21
-1.60740778e+20
-1.45128946e+22
2993
-2.35939597e+22
-3.29041576e+20
-1.45912278e+21
-2.00671419e+20

2437
-2.20296751e+22
-1.04195641e+22
-3.15220948e+21
-3.07308682e+21
2441
-1.16836459e+21
-4.70715776e+21
-1.22909287e+22
-1.19792822e+21
2445
-1.29853117e+22
-6.20091088e+20
-9.71757387e+21
-1.53023389e+20
2449
-1.34486146e+21
-4.63349663e+21
-5.7102814e+20
-1.00949611e+22
2453
-1.51465474e+22
-2.8466894e+22
-1.4362429e+22
-1.81174757e+22
2457
-1.4743559e+21
-3.59540288e+21
-3.38576829e+20
-9.16368661e+21
2461
-1.37383814e+21
-8.84846622e+21
-5.680593e+21
-6.88685621e+21

2381
-3.80762494e+20
-1.90057331e+22
-8.34390113e+20
-1.66445526e+21
2385
-1.22564918e+21
-8.53491802e+20
-2.35712639e+22
-1.92038139e+20
2389
-6.68876193e+20
-2.57410663e+21
-1.93355492e+22
-1.65424118e+22
2393
-1.04074595e+21
-1.32786027e+22
-2.09597527e+21
-3.75750239e+21
2397
-1.37525805e+21
-1.41990273e+22
-1.64920982e+22
-2.18071132e+21
2401
-1.06966646e+21
-8.24275375e+19
-8.78168805e+21
-1.35489192e+22
2405
-1.54274402e+22
-3.55190781e+21
-7.76691295e+21
-1.46118923e+20

2661
-3.21193876e+20
-1.64361998e+21
-1.27481896e+20
-4.49735213e+21
2665
-1.59136015e+21
-1.0522302e+21
-1.67222043e+22
-1.05828444e+21
2669
-7.53177767e+20
-8.47846604e+20
-7.92739765e+19
-1.12715073e+20
2673
-1.36245074e+22
-2.00742149e+22
-2.73702991e+20
-6.94420335e+20
2677
-2.74518162e+20
-4.79029256e+21
-1.69292907e+22
-3.14083205e+21
2681
-2.58194891e+20
-4.70577465e+20
-2.2002633e+22
-1.66626829e+22
2685
-8.58802413e+21
-8.93842271e+20
-1.81320373e+22
-4.0451047e+21

2241
-1.28282453e+21
-8.05077118e+21
-5.70717497e+20
-4.09105722e+20
2245
-1.30283511e+21
-3.50631891e+21
-2.53130304e+21
-1.58828557e+22
2249
-1.84078819e+22
-4.06892359e+21
-6.19961061e+20
-6.81068051e+20
2253
-8.53033092e+21
-5.0902242e+20
-1.1653267e+21
-1.0206395e+22
2257
-1.58726609e+20
-2.73658944e+20
-1.79172137e+22
-2.1121522e+21
2261
-1.1102292e+20
-7.22081838e+20
-4.48695055e+20
-3.7139896e+20
2265
-1.77779639e+22
-1.11633132e+21
-1.25064375e+21
-9.63772319e+21

2605
-8.77500503e+20
-3.14337101e+21
-1.23583396e+20
-1.74477488e+21
2609
-5.55606657e+21
-2.2917809e+22
-4.51454815e+21
-8.56323639e+20
2613
-1.25572013e+22
-4.80509178e+21
-2.87033958e+20
-3.87745387e+21
2617
-9.31144798e+20
-2.33115271e+22
-2.60764969e+20
-1.5857193e+22
2621
-6.03182639e+20
-1.15441554e+22
-7.47766924e+21
-1.2445229e+21
2625
-1.86238188e+21
-8.88409039e+21
-1.23449082e+21
-1.75110586e+21
2629
-1.38566916e+20
-1.37174435e+21
-1.25878036e+22
-6.9531564e+20

2885
-2.75589075e+21
-1.99821328e+21
-1.94016551e+20
-1.98125111e+21
2889
-1.16047975e+20
-3.22733623e+20
-1.61834745e+22
-1.68362889e+21
2893
-2.56314826e+20
-1.70632686e+22
-1.61617447e+22
-1.84292098e+20
2897
-1.60640222e+22
-8.87072424e+21
-1.91460465e+21
-1.06342003e+22
2901
-1.43623019e+21
-2.16489993e+22
-1.78881239e+21
-1.5759689e+22
2905
-1.23907085e+22
-6.11146328e+20
-1.41992352e+20
-5.07106535e+21
2909
-6.88456844e+20
-1.08532928e+22
-1.63248526e+22
-1.93090758e+22

2941
-2.07245023e+22
-4.2439896e+20
-4.45989379e+21
-2.25705273e+22
2945
-6.25744116e+21
-1.20410952e+22
-2.55120557e+20
-1.88902499e+22
2949
-4.12222687e+21
-1.69451253e+21
-9.10259188e+20
-7.83310222e+21
2953
-3.39167183e+20
-1.55985699e+22
-5.89370304e+21
-1.42209315e+22
2957
-1.8095004e+21
-2.19259045e+21
-1.1095264e+22
-1.75436425e+21
2961
-3.50433675e+21
-1.97229923e+22
-1.72148536e+22
-3.05741776e+21
2965
-1.8952849e+21
-6.76316505e+20
-8.58770932e+19
-2.17320766e+22

2997
-2.06844114e+20
-3.60289271e+21
-8.19020818e+20
-2.06089354e+21
3001
-1.58757214e+21
-1.11871986e+22
-1.93142461e+20
-2.52445202e+21
3005
-1.33916327e+22
-1.17185329e+21
-1.04994973e+22
-7.15073616e+20
3009
-2.10941888e+22
-2.54999724e+22
-1.1284074e+20
-9.17963573e+20
3013
-1.62112937e+22
-1.65717178e+21
-1.57010144e+20
-2.27329278e+21
3017
-1.29901258e+22
-1.00150575e+21
-2.04536791e+20
-1.43279166e+22
3021
-7.18234883e+21
-3.44988159e+21
-1.62606187e+20
-2.48527505e+22

3109
-1.64112705e+21
-6.24260129e+21
-2.30131713e+22
-1.09787866e+21
3113
-6.171771e+21
-2.66644809e+22
-1.46736719e+22
-3.09936906e+21
3117
-1.22782189e+22
-7.86899807e+21
-1.71428778e+21
-1.03068545e+21
3121
-6.69203412e+21
-4.15629389e+21
-4.35371003e+20
-1.9675439e+22
3125
-2.43506004e+22
-1.91054724e+21
-5.19896426e+20
-1.37725177e+21
3129
-8.82102391e+21
-1.01174705e+22
-1.9191452e+20
-4.52760731e+21
3133
-1.85414245e+21
-1.10911649e+22
-2.23951431e+22
-2.22064823e+20

2493
-2.75358239e+21
-1.75977021e+22
-8.46404724e+21
-6.75639014e+21
2497
-2.64990364e+20
-1.46170625e+22
-9.26080234e+21
-1.07151442e+20
2501
-5.73652342e+20
-1.22624384e+21
-4.58865519e+20
-3.10534758e+21
2505
-1.17008072e+22
-1.13954561e+20
-2.08283009e+20
-1.09693238e+22
2509
-4.51814981e+20
-2.14393408e+22
-2.84346019e+21
-8.70160938e+21
2513
-2.33862984e+21
-1.03227665e+22
-1.92694599e+21
-1.28946791e+22
2517
-1.84087719e+21
-2.22658786e+22
-2.67610617e+20
-3.49009895e+21

3165
-8.44139006e+21
-9.20069517e+21
-4.57643485e+21
-8.19992542e+21
3169
-3.8821193e+20
-1.00208347e+22
-9.46990005e+21
-6.55551634e+21
3173
-9.86080358e+21
-1.27544222e+21
-5.64552046e+20
-9.69321527e+20
3177
-1.86652349e+20
-1.82873926e+21
-3.87752239e+20
-4.02015701e+20
3181
-1.12057195e+22
-8.22798133e+21
-1.12535552e+21
-1.62655095e+22
3185
-5.6417062e+21
-9.41188376e+21
-7.19420408e+21
-7.31423426e+21
3189
-9.06673351e+21
-7.8141427e+21
-5.70712475e+21
-5.08711686e+20

2745
-1.11407181e+21
-2.01760557e+21
-2.45958594e+21
-6.84040392e+21
2749
-1.38998274e+22
-4.94891388e+21
-1.948746e+22
-4.33337059e+20
2753
-9.53135398e+21
-1.24178888e+20
-1.77919004e+21
-3.69995568e+21
2757
-3.89238206e+21
-8.39255906e+20
-2.13294473e+22
-1.68703524e+20
2761
-1.72279273e+22
-1.002161e+22
-1.99244121e+22
-1.31925824e+22
2765
-1.97627191e+22
-2.26915444e+21
-5.07822123e+20
-9.19480084e+21
2769
-7.1486749e+21
-8.48450111e+21
-1.02937286e+22
-1.51801362e+21

2297
-1.95488466e+21
-7.05591992e+21
-1.60872446e+22
-1.96651405e+20
2301
-2.04169476e+22
-1.0401111e+20
-9.2608645e+21
-6.45844566e+20
2305
-1.91328893e+21
-1.1265197e+21
-1.61869752e+22
-1.98499263e+20
2309
-7.70876203e+21
-3.45523876e+21
-3.38937288e+20
-1.63707216e+22
2313
-1.04717239e+22
-3.24279896e+21
-3.00704488e+20
-1.08694481e+21
2317
-4.55442202e+20
-1.3426282e+22
-7.13362574e+21
-4.1503137e+21
2321
-1.4489783e+21
-1.50993727e+21
-1.60730892e+21
-6.7923349e+21

3081
-1.53962745e+22
-1.34427124e+21
-1.08443218e+22
-2.38531799e+22
3085
-1.64852836e+22
-1.23432302e+22
-7.2822705e+19
-1.14828777e+21
3089
-1.25382008e+22
-1.0279557e+21
-1.70069871e+21
-5.94779917e+20
3093
-2.14755226e+21
-1.4461578e+21
-7.69389083e+21
-1.36109776e+21
3097
-6.14269669e+20
-2.77209893e+21
-1.4965831e+22
-1.22470276e+22
3101
-9.40011501e+20
-1.1198188e+22
-1.67989137e+22
-2.03103822e+20
3105
-5.74435266e+21
-4.41587738e+21
-6.03760273e+21
-5.74102553e+20

2717
-1.44453771e+21
-1.73791465e+21
-1.29177194e+20
-1.90805107e+21
2721
-1.31375941e+22
-2.40061945e+22
-3.00446865e+21
-2.04318249e+21
2725
-3.41040595e+20
-1.93040872e+22
-3.20735982e+21
-4.53869223e+21
2729
-1.7348875e+21
-6.1066461e+20
-3.9923095e+21
-1.83998093e+20
2733
-2.46079348e+22
-1.79153027e+21
-2.93673312e+20
-1.1590866e+22
2737
-7.50640364e+20
-9.89836806e+21
-1.96955238e+21
-1.70506976e+21
2741
-2.73526513e+21
-9.42165924e+19
-1.83150626e+22
-2.0013317e+20

2689
-8.69982243e+20
-2.32560741e+20
-9.28821057e+21
-1.00057457e+22
2693
-1.38636757e+21
-6.60831209e+20
-6.20334292e+20
-1.02377427e+21
2697
-9.92167464e+21
-9.79620234e+21
-1.84833711e+21
-9.89288067e+21
2701
-9.7788516e+20
-3.41218674e+20
-3.19150475e+21
-5.69266647e+21
2705
-3.93316043e+20
-7.85232063e+21
-1.26255842e+20
-1.81232844e+22
2709
-1.47559298e+22
-1.20754762e+22
-1.28796324e+20
-1.59169238e+21
2713
-1.65955025e+21
-1.75099134e+20
-4.02066594e+20
-4.86764341e+21

2829
-1.84722774e+21
-3.37377763e+21
-2.90374882e+21
-8.05663307e+21
2833
-1.22540952e+21
-8.75516498e+20
-2.69849636e+20
-1.64866067e+21
2837
-1.83217621e+21
-3.56871708e+20
-6.929766e+21
-2.52858569e+22
2841
-1.49591841e+21
-5.2208874e+21
-4.93946861e+21
-4.02941089e+20
2845
-5.53367378e+20
-4.48241806e+20
-3.44166543e+21
-1.36561955e+21
2849
-2.56582306e+21
-1.18790119e+20
-6.47125286e+21
-4.88198578e+20
2853
-4.43608991e+21
-3.37882033e+21
-1.81229674e+22
-1.83257709e+21

3277
-4.62194584e+21
-1.30180865e+22
-1.92049181e+22
-1.01038179e+20
3281
-1.62214712e+22
-1.79265313e+21
-9.17140313e+21
-2.81341635e+20
3285
-2.16485684e+21
-2.23883609e+21
-6.29294332e+21
-4.07286407e+21
3289
-1.57230736e+21
-1.82976776e+21
-1.71664166e+21
-1.7090021e+21
3293
-6.10991327e+21
-1.67851651e+22
-3.95023558e+20
-1.45350751e+22
3297
-9.12132657e+20
-1.15723941e+22
-1.94260724e+21
-2.14492137e+21
3301
-6.72546063e+20
-1.27057751e+22
-2.01923317e+22
-8.60722796e+20

2465
-1.77363866e+21
-2.05429065e+22
-1.96578725e+22
-1.02960255e+22
2469
-1.60641113e+22
-1.25584877e+22
-1.78050299e+21
-2.62958788e+21
2473
-1.99508938e+22
-7.33278323e+20
-5.23940003e+21
-1.98651413e+22
2477
-2.79275591e+21
-3.24524903e+21
-1.15946125e+21
-1.52257702e+22
2481
-1.60609572e+21
-2.82761236e+20
-1.18578591e+22
-6.28093266e+21
2485
-2.2578404e+21
-1.79024928e+21
-3.30414966e+21
-3.95338101e+21
2489
-2.20798398e+22
-1.98928197e+22
-8.86330229e+20
-1.00130334e+22

2633
-8.64728475e+19
-1.40765605e+21
-3.67678093e+21
-8.57638278e+21
2637
-3.54101488e+20
-3.37353446e+20
-1.54399546e+21
-1.91557496e+21
2641
-1.32861427e+21
-6.58814521e+21
-1.63410113e+22
-1.89030576e+21
2645
-4.03431619e+21
-9.85161136e+20
-6.88703056e+20
-1.49463132e+21
2649
-2.024259e+22
-1.93220126e+22
-6.43658567e+21
-9.60964305e+20
2653
-2.9096403e+20
-3.0577859e+21
-2.13392557e+22
-1.71440897e+21
2657
-1.82857603e+20
-1.37288154e+22
-1.65722434e+21
-7.70153162e+21

2857
-2.44048768e+21
-7.96767913e+20
-2.21772814e+22
-7.91797103e+21
2861
-1.96514704e+22
-5.90822653e+21
-1.70000689e+21
-1.22441544e+21
2865
-2.54992567e+20
-1.39620442e+21
-1.60572759e+22
-2.08518917e+21
2869
-2.56986734e+22
-2.39911077e+20
-1.02673156e+21
-9.60104353e+20
2873
-1.34119405e+21
-1.02547663e+22
-7.70035632e+21
-8.47546821e+20
2877
-2.07704065e+20
-1.04052027e+21
-6.11411009e+21
-2.48730012e+22
2881
-3.22177701e+20
-5.73313222e+21
-1.49518257e+22
-1.1024556e+21

2549
-2.69632758e+20
-1.19773247e+22
-3.75692596e+20
-5.51448595e+20
2553
-1.98203935e+21
-5.5485586e+20
-5.8363007e+21
-6.35683629e+21
2557
-4.728055e+21
-3.93352954e+21
-1.57278077e+22
-1.09049767e+21
2561
-2.20524002e+22
-1.43782458e+21
-1.88504412e+20
-1.26986888e+22
2565
-3.30008075e+21
-1.1792094e+21
-4.5958947e+21
-1.12472423e+21
2569
-1.89979369e+22
-1.9489917e+20
-6.08212063e+20
-1.77912246e+22
2573
-2.63331364e+22
-1.65932192e+20
-2.17898068e+22
-3.42276732e+20

2801
-1.42804513e+22
-6.87662462e+20
-6.89628897e+20
-2.3372831e+20
2805
-3.68571695e+20
-3.65388278e+20
-1.28714286e+22
-1.8044551e+21
2809
-1.30187803e+22
-1.18195489e+22
-1.59545832e+20
-1.63394868e+21
2813
-1.42736495e+21
-9.13272576e+21
-1.07905806e+21
-1.48246825e+22
2817
-2.26874953e+22
-6.21346286e+20
-7.90943082e+21
-5.39647218e+20
2821
-9.91891501e+21
-2.12069808e+22
-3.76221132e+21
-1.1480651e+21
2825
-9.30165976e+21
-1.76288804e+22
-9.90795735e+21
-2.22744376e+21

2577
-2.97788359e+21
-1.9851077e+21
-8.08917605e+21
-2.58266574e+21
2581
-1.31123961e+21
-1.71970678e+22
-9.31525386e+20
-1.76845893e+21
2585
-1.54918417e+21
-1.33697569e+22
-1.64636707e+22
-1.01772955e+21
2589
-1.96170429e+21
-5.86944373e+21
-9.14290947e+20
-6.25386997e+20
2593
-1.46408792e+20
-1.17422792e+20
-3.05577849e+20
-1.98882906e+20
2597
-9.63155989e+21
-2.58060206e+21
-3.15226801e+20
-1.29249499e+22
2601
-2.55239473e+21
-6.37547182e+21
-8.77203609e+21
-1.88355627e+21

3193
-1.76597992e+22
-1.73575667e+21
-1.56812754e+21
-8.36944454e+21
3197
-8.95903044e+21
-5.14927853e+21
-7.21503365e+21
-4.54339216e+21
3201
-6.8128651e+20
-1.2483286e+22
-2.39100846e+22
-1.08757783e+21
3205
-1.43204098e+21
-6.32167176e+21
-1.39584858e+22
-1.80384869e+21
3209
-1.93925371e+21
-2.67435658e+20
-1.61034893e+21
-1.99513463e+21
3213
-2.85367971e+21
-3.71609771e+21
-1.42202698e+22
-6.94429201e+21
3217
-3.8806576e+20
-1.94893693e+22
-2.39343098e+20
-1.25122991e+21

3025
-6.13558849e+21
-1.18051865e+22
-7.32255522e+21
-3.08822853e+20
3029
-1.96467939e+22
-8.6244675e+21
-2.03095029e+20
-1.66533026e+22
3033
-1.67892408e+21
-1.19819933e+20
-7.33743036e+21
-2.40726189e+22
3037
-1.80773099e+22
-1.10682655e+20
-1.81736001e+21
-8.3154238e+21
3041
-1.6482962e+22
-2.80620202e+21
-1.09051142e+20
-1.56096085e+22
3045
-2.10111522e+22
-1.62773823e+21
-1.99130641e+22
-1.2406986e+22
3049
-1.61492351e+22
-4.76983689e+21
-1.23626392e+20
-2.84962223e+21

2325
-1.2468093e+22
-1.32813425e+22
-1.66162879e+21
-6.26898305e+21
2329
-2.36910086e+22
-1.85232712e+21
-1.17368305e+20
-1.65331569e+20
2333
-8.07607772e+21
-1.67478969e+20
-6.51728139e+20
-3.90577759e+21
2337
-1.61805331e+21
-5.63702784e+21
-1.27609203e+21
-2.09864623e+21
2341
-5.79601346e+21
-7.15095254e+21
-1.63611075e+22
-3.99068573e+20
2345
-1.34696516e+21
-3.20516174e+20
-6.03132551e+21
-1.42914057e+20
2349
-6.62314348e+20
-1.84419597e+20
-3.2287704e+20
-2.1525089e+22

3305
-5.74399801e+21
-1.09613193e+22
-2.97618691e+22
-3.1972401e+21
3309
-1.34231916e+21
-1.7772978e+22
-1.22659942e+21
-8.90414581e+21
3313
-2.53087078e+20
-3.80085428e+20
-2.62653171e+20
-1.23575022e+22
3317
-1.15901347e+21
-1.37297911e+21
-2.03421617e+21
-8.3098944e+21
3321
-1.33295774e+21
-2.36837591e+22
-5.73129441e+20
-6.4694598e+20
3325
-3.44330905e+20
-1.36590489e+22
-1.58739197e+21
-1.18155514e+21
3329
-3.06102743e+21
-5.27105251e+21
-1.56643176e+21
-6.32102021e+21

2353
-4.81470426e+21
-3.09206508e+21
-7.10893523e+21
-2.45590147e+20
2357
-1.55590309e+21
-1.74184951e+22
-8.28937965e+21
-2.39561149e+21
2361
-1.88609692e+22
-1.49765877e+20
-6.0531388e+20
-1.48530405e+22
2365
-8.33095698e+21
-1.94697939e+22
-8.9477684e+21
-2.30460298e+22
2369
-5.92277991e+21
-1.14629455e+21
-2.86847957e+21
-2.12186329e+21
2373
-1.21336976e+20
-8.53820455e+21
-3.74875807e+21
-1.06999204e+21
2377
-1.6612663e+22
-1.83453875e+21
-1.46826483e+22
-1.04371469e+22

3221
-6.03877316e+20
-1.22859113e+21
-1.02236666e+22
-2.45928338e+22
3225
-1.19086557e+22
-8.26652162e+21
-1.35391402e+22
-1.14973103e+22
3229
-1.20175083e+22
-1.88204941e+20
-1.6655213e+20
-2.72385814e+22
3233
-9.40342346e+20
-1.65646988e+21
-2.31213409e+22
-8.01784652e+20
3237
-1.31896008e+21
-6.45722896e+21
-7.9727302e+21
-1.49441367e+21
3241
-1.86861086e+21
-1.82940358e+21
-1.45404785e+22
-1.73309435e+22
3245
-8.62539695e+21
-4.62023466e+21
-1.51045872e+20
-2.00649122e+22

2521
-5.01899172e+21
-2.55940967e+21
-7.40510839e+20
-2.04382953e+22
2525
-2.55386086e+22
-3.99099478e+21
-2.09097405e+22
-1.75214184e+21
2529
-1.86975867e+21
-2.51283446e+22
-8.66277304e+21
-1.63320171e+20
2533
-6.85382273e+20
-2.02706341e+21
-3.00900175e+21
-5.67563306e+20
2537
-3.26006558e+20
-9.93756363e+19
-5.66922677e+20
-1.55305438e+22
2541
-4.99336177e+21
-2.23375378e+21
-3.60207996e+21
-1.14198186e+20
2545
-1.60552412e+21
-8.97134473e+20
-2.17417578e+22
-8.5873352e+20

3333
-6.73550378e+20
-1.94526166e+21
-1.72804937e+21
-2.04657827e+21
3337
-5.3047854e+20
-4.49675686e+21
-9.24841097e+21
-2.5928308e+22
3341
-1.85949453e+21
-1.2140747e+21
-3.15787108e+20
-1.33501407e+21
3345
-9.81964144e+21
-2.55034207e+21
-5.98875212e+20
-4.10449756e+21
3349
-5.94819804e+21
-7.74149976e+21
-2.57105022e+22
-3.7878121e+21
3353
-7.44461891e+21
-2.10761214e+22
-4.47416851e+21
-1.54438609e+20
3357
-1.55649711e+22
-2.18748916e+20
-2.06183791e+22
-3.30574154e+21
