
57
-398250.899
-320921.221
-285238.979
-363345.378
61
-2447649.04
-445659.236
-1105095.53
-333099.637
65
-960110.972
-1233609.69
-1334575.47
-247443.263
69
-356587.228
-275921.029
-832874.212
-354050.391
73
-366930.25
-638159.373
-443453.753
-890378.494
77
-325780.809
-632201.508
-318807.06
-794010.365
81
-324010.871
-427760.768
-433470.8
-877699.287

85
-288857.514
-293852.097
-836778.094
-264833.538
89
-1384010
-353569.11
-288194.432
-243975.434
93
-624287.552
-333135.36
-829632.089
-420908.41
97
-286795.391
-321093.889
-271061.262
-1613049.96
101
-252791.412
-1041696.62
-499257.398
-590733.043
105
-307532.312
-965352.28
-295305.205
-1315475.54
109
-301806.253
-1788981.45
-285356.921
-457026.898

29
-386653.2
-499915.091
-309773.696
-715860.654
33
-484325.119
-426348.897
-272466.406
-467549.052
37
-663484.449
-359504.063
-738055.371
-593303.106
41
-265228.982
-446639.941
-1131560.44
-1356956.51
45
-1523500.43
-407278.86
-982914.429
-407987.734
49
-2341931.53
-271144.598
-346676.141
-475480.504
53
-1531467.2
-461070.704
-1195873.01
-500043.301

1
-328247.002
-1936954.41
-286660.269
-2815003.63
5
-244466.943
-290379.112
-574621.7
-316328.049
9
-2012431.78
-1207615.42
-1012758.69
-682139.64
13
-1557725.98
-1518377.4
-2386390.34
-583116.146
17
-268851.081
-523771.058
-255529.658
-2574151.83
21
-391482.971
-233758.532
-491781.464
-495675.922
25
-1092684.66
-555160.397
-302020.866
-699306.993

141
-330009.56
-254408.709
-259110.514
-308222.504
145
-1153589.86
-429313.782
-505127.938
-748741.552
149
-1581348.48
-396680.919
-244644.59
-241474.205
153
-348224.166
-840274.216
-253695.382
-280580.741
157
-1920636.37
-262281.657
-403957.392
-751875.134
161
-706975.442
-2041019.26
-1158422.01
-805468.917
165
-732373.942
-365831.769
-303023.309
-415959.158

169
-460921.027
-250565.859
-686471.709
-687627.271
173
-335825.575
-2708167.8
-267189.299
-333241.564
177
-460000.855
-271724.451
-298402.161
-242268.671
181
-2042341.05
-304398.717
-282653.728
-296590.493
185
-489622.344
-1468033.76
-2116878.72
-420013.232
189
-211604.207
-577105.658
-366357.508
-846643.342
193
-662033.697
-1829401.07
-2125189.29
-368646.016

197
-583918.384
-469384.283
-209632.104
-355949.625
201
-266176.143
-313259.424
-755463.235
-1679884.59
205
-697800.802
-261426.06
-2274226.77
-429550.109
209
-832943.744
-1078891.22
-2882840.53
-332763.022
213
-2325818.36
-452357.912
-266442.433
-299778.28
217
-626610.763
-439818.312
-437804.878
-2105014.86
221
-361142.611
-318241.567
-273043.605
-3537801.89

281
-1241357.14
-2324320
-287268.514
-1089830.99
285
-2436549.89
-359733.892
-457750.77
-1426312.58
289
-336999.14
-441930.362
-354094.144
-380513.881
293
-481839.305
-1702467.6
-356211.696
-274114.863
297
-491027.817
-701578.237
-343405.872
-396644.842
301
-646548.173
-1783317.25
-362092.526
-242557.391
305
-439226.904
-634833.138
-879984.447
-483160.561

225
-562955.669
-383177.314
-356872.979
-381281.731
229
-1129399.88
-240024.627
-499847.727
-437012.496
233
-339657.926
-1622248.22
-1485149.49
-415351.237
237
-224591.71
-538522.6
-681119.375
-361530.328
241
-278251.517
-513552.172
-317381.926
-361763.643
245
-368819.993
-1344970.45
-342782.123
-230193.515
249
-477266.544
-641421.324
-615284.173
-342012.345

113
-485662.069
-1711164.36
-302408.641
-343768.782
117
-2194272.29
-765723.414
-290394.24
-290065.645
121
-304618.284
-199589.755
-412920.105
-728156.364
125
-343259.148
-1175922.81
-358099.61
-1612546.25
129
-437842.704
-367556.489
-475659.161
-212183.15
133
-475133.924
-369758.348
-391853.769
-224926.66
137
-1383479.6
-352002.806
-795960.462
-1540295.14

1877
-1834759.58
-980514.544
-1497680.12
-446462.104
1881
-424058.091
-2337137.94
-320251.498
-792093.284
1885
-810627.919
-304421.97
-373487.182
-365596.412
1889
-1224302.01
-271608.684
-1038218.11
-1124895.93
1893
-293081.009
-397795.266
-336498.206
-2320974.65
1897
-501159.659
-1267244.03
-888981.894
-1182817.38
1901
-337238.908
-1702217.13
-1807385.57
-487134.915

2073
-1073771.38
-1441504.65
-392010.531
-753532.533
2077
-485324.594
-340775.074
-939582.483
-303275.755
2081
-1210039.22
-265089.999
-353359.129
-665870.909
2085
-459652.907
-714613.034
-274249.811
-1294213.03
2089
-470952.003
-350994.64
-855592.837
-1595413.76
2093
-330483.942
-299223.962
-385631.556
-303918.858
2097
-251592.818
-239876.691
-840913.671
-2619997.31

2101
-290927.596
-1189387.83
-400011.241
-1190790.85
2105
-338509.156
-810356.538
-304734.151
-357781.979
2109
-388642.297
-488066.189
-1738015.8
-851769.669
2113
-1797332.48
-1083666.27
-321352.256
-372153.841
2117
-279869.537
-396874.538
-337165.982
-1711419.2
2121
-2359138.27
-471242.835
-261857.466
-242177.16
2125
-448017.552
-574774.817
-897371.954
-620745.12

1989
-454951.013
-1266263.5
-360843.446
-464211.234
1993
-220975.224
-402849
-313733.326
-1933801.29
1997
-276798.922
-2479196.46
-500520.547
-574148.016
2001
-269969.159
-522163.717
-1851359.34
-376177.074
2005
-1106822.23
-221872.031
-1951871.79
-353260.776
2009
-2079305.69
-1119634.63
-261750.475
-335993.547
2013
-419220.762
-254119.524
-253236.083
-2796715.7

1037
-980927.447
-612250.503
-470906.425
-838921.059
1041
-423084.646
-258777.02
-447691.868
-459343.306
1045
-467135.724
-275675.765
-341070.773
-332042.279
1049
-262945.488
-1998387.53
-1503879.74
-2220965.82
1053
-363651.915
-314649.023
-2733206.94
-333722.76
1057
-914904.948
-429345.078
-383358.808
-394012.899
1061
-1551526.79
-282006.845
-1494405
-352627.067

2017
-377453.569
-468812.012
-774949.474
-488188.771
2021
-279226.329
-436425.817
-473771.367
-423308.908
2025
-471914.654
-745005.978
-241874.664
-1944711.52
2029
-548981.413
-273288.034
-850995.093
-413215.938
2033
-685531.86
-574238.184
-323581.704
-303432.687
2037
-477844.937
-483688.141
-329047.501
-269288.915
2041
-402104.493
-391549.363
-854048.44
-781644.447

2045
-624326.988
-1782860.08
-984263.081
-788431.314
2049
-776024.359
-307555.933
-651326.047
-334718.069
2053
-492570.594
-1650242.34
-1265682.19
-449604.399
2057
-350443.458
-404450.393
-321879.898
-833324.554
2061
-1570074.43
-495441.007
-439736.794
-545603.071
2065
-716677.623
-417238.641
-506319.146
-1602206.92
2069
-722508.321
-318661.99
-405454.769
-946419.937

2129
-642481.29
-361232.372
-275247.946
-276778.341
2133
-519941.407
-1372435.63
-262866.685
-331878.659
2137
-1311533.61
-335272.193
-1693109.73
-410664.131
2141
-1054197.94
-1020027.51
-278280.92
-285534.231
2145
-294685.314
-381140.177
-869411.642
-390398.834
2149
-241552.026
-438301.15
-478688.947
-502146.984
2153
-321675.062
-316654.674
-324705.653
-455134.448

1597
-1495726.45
-260920.387
-1115694.9
-335588.553
1601
-482170.419
-1349621.88
-332896.646
-1436315.73
1605
-1569534.48
-297168.989
-225145.293
-1546876.72
1609
-566525.51
-648389.602
-1381414.67
-360634.738
1613
-537826.682
-982855.028
-929367.989
-403510.684
1617
-276067.628
-739084.373
-440981.899
-292733.433
1621
-452712.208
-332379.549
-463402.637
-523095.825

1121
-524508.32
-339186.083
-1471575.17
-305353.112
1125
-378668.782
-432709.339
-1266629.7
-242982.345
1129
-1838491.84
-1320174.73
-496136.714
-798713.035
1133
-1006197.33
-389815.666
-428839.218
-306712.594
1137
-1186006.37
-341333.521
-356226.554
-944576.082
1141
-396606.65
-367374.329
-2623064.08
-325148.507
1145
-379788.991
-440159.486
-378501.021
-1955735.2

897
-352198.895
-467410.039
-409965.347
-573391.613
901
-245292.06
-461907.549
-523868.766
-276753.17
905
-209269.23
-421984.943
-542448.244
-1297011.81
909
-324112.139
-978732.312
-1243816.07
-328898.945
913
-481086.689
-1091297.63
-1611872.56
-878395.327
917
-272627.04
-323898.695
-569141.476
-249214.452
921
-300410.214
-304865.337
-299734.832
-1602174.92

981
-389714.075
-1598376.52
-665255.128
-724373.123
985
-608446.09
-493257.654
-424554.902
-1160148.23
989
-271158.034
-1767342.32
-738756.455
-295280.465
993
-1287923.16
-509068.186
-1352879.45
-310602.979
997
-341487.965
-331506.906
-382811.073
-3161003.62
1001
-1478686.14
-388462.496
-1311902.66
-282338.896
1005
-634484.28
-458233.874
-260486.102
-1212588.45

505
-461857.116
-289891.879
-741028.495
-833782.142
509
-2371133
-255672.009
-364381.855
-1783019
513
-353991.846
-297733.319
-552709.554
-501427.67
517
-410181.303
-385383.533
-890399.462
-2894323.05
521
-298907.973
-1255344.4
-971115.687
-358995.429
525
-1100176.86
-1335832.35
-464599.497
-696663.964
529
-323177.849
-496413.463
-1299495.66
-507351.355

1513
-327588.636
-551323.678
-220599.61
-244461.573
1517
-560346.867
-390668.574
-285310.012
-2731158.25
1521
-840105.567
-300389.54
-342596.108
-314440.5
1525
-334810.752
-1302916.34
-1130155
-1959824.03
1529
-453365.698
-2437070.33
-769411.308
-669324.752
1533
-370491.562
-216575.98
-384436.34
-298453.456
1537
-229810.749
-399241.867
-395566.383
-325341.357

925
-613457.542
-1215245.3
-235087.067
-477382.66
929
-1609208.49
-636049.559
-430723.218
-1472488.03
933
-256120.612
-326635.766
-350288.4
-786727.353
937
-1334452.1
-543082.727
-1940879.72
-2855799.24
941
-915378.433
-445065.723
-554686.936
-364694.17
945
-444121.448
-520148.106
-724791.134
-1036790.21
949
-492410.463
-251931.963
-346098.743
-1302161.56

645
-590523.09
-266264.967
-570613.158
-3046382
649
-278622.346
-288913.265
-1877688.92
-823393.433
653
-455753.748
-300650.625
-501808.101
-370158.625
657
-3455705.99
-277174.742
-2285871.54
-410789.879
661
-796889.113
-515077.334
-408149.832
-283103.963
665
-506514.547
-286409.655
-415615.018
-337931.539
669
-471207.577
-428346.798
-387560.328
-1398987.74

1317
-484134.637
-1805714.3
-283603.112
-274240.702
1321
-1324868.31
-821836.919
-389746.21
-2543346.16
1325
-492701.679
-318992.657
-1454100.05
-617260.031
1329
-1419939.84
-685865.454
-1543452.38
-584719.525
1333
-380588.746
-290317.812
-472855.665
-396545.601
1337
-281994.415
-954586.69
-317469.031
-366318.842
1341
-403678.218
-546295.362
-255776.152
-362559.83

2185
-691725.156
-340671.75
-241605.911
-368492.255
2189
-479411.139
-1044420.64
-1635392.07
-1789140.21
2193
-232251.987
-1903473.3
-2956457.78
-265627.51
2197
-924444.906
-1313568.29
-271196.774
-776245.253
2201
-251615.453
-1390311.56
-289969.05
-1479233.78
2205
-369526.717
-348949.94
-433737.653
-363747.472
2209
-1099169.54
-1656155.22
-487387.803
-472319.799

701
-2589829.33
-591426.202
-328796.202
-760704.566
705
-672271.932
-590984.611
-1555384.16
-738703.228
709
-463560.801
-498762.492
-1471424.34
-348186.251
713
-448447.212
-661740.548
-2011781
-282171.721
717
-278446.997
-454665.907
-1875055.84
-200708.649
721
-381104.245
-457647.719
-415009.041
-475441.86
725
-487505.901
-2336639.54
-322428.867
-1814197.15

841
-1724973.72
-437544.757
-672241.358
-1096903.89
845
-437737.298
-1112194.52
-1158250.18
-1843138.1
849
-1099645.59
-309585.91
-250190.428
-219864.94
853
-652842.961
-1950321.73
-429252.676
-484661.583
857
-561519.087
-500561.677
-1447892.96
-1098843.48
861
-496738.2
-1369126.94
-282201.922
-858633.874
865
-565614.784
-2299238.57
-444038.401
-905651.055

1205
-292818.628
-270747.24
-364930.045
-251485.412
1209
-291019.423
-617729.653
-426704.237
-385015.779
1213
-297289.422
-1308473.76
-371605.697
-500839.795
1217
-329996.853
-404626.748
-577673.257
-364643.911
1221
-887340.697
-1187395.13
-480030.445
-287807.206
1225
-288189.926
-489038.65
-1579518.3
-673117.256
1229
-302588.598
-364215.536
-474479.895
-834384.702

953
-457258.286
-274771.619
-351832.046
-396604.62
957
-1213735.71
-258870.275
-764624.413
-239927.011
961
-247970.263
-236340.477
-313701.289
-886427.409
965
-498495.007
-405117.223
-329235.914
-1783123.21
969
-298936.741
-350977.898
-494108.536
-316143.153
973
-415972.496
-268541.919
-480272.967
-394819.092
977
-1042970.57
-331263.906
-457448.285
-285896.004

1065
-436129.342
-277549.651
-1645491.74
-552217.968
1069
-337939.612
-453347.546
-241573.053
-507667.069
1073
-272644.572
-1847811.79
-679011.535
-304178.077
1077
-209416.259
-991652.977
-866359.911
-1627781
1081
-285983.523
-238041.764
-1285544.43
-1714489.84
1085
-349472.486
-362570.749
-410861.579
-310506.011
1089
-1406208.88
-900768.228
-1031822.52
-1136267.44

589
-454249.772
-635439.262
-498175.214
-1555664.75
593
-318388.572
-1376003.54
-841720.585
-450923.139
597
-357940.007
-2811408.08
-236343.475
-2222303.66
601
-368087.485
-283984.442
-574652.846
-954827.14
605
-2482092.8
-498321.196
-438476.053
-472917.208
609
-1074441.61
-1212409.81
-245813.063
-359463.345
613
-310298.472
-304650.014
-376350.313
-248256.038

1373
-1358723.21
-1030410.01
-2568281.77
-720387.275
1377
-2706970.88
-601782.422
-536828.172
-1481097.15
1381
-1825212
-268193.588
-1424484.35
-1240878.6
1385
-284192.921
-320115.571
-458912.969
-315759.928
1389
-1503795.18
-260819.297
-227588.039
-293418.392
1393
-1853071.25
-372606.242
-1589575.22
-298705.305
1397
-1331027.45
-396561.738
-759825.506
-316930.1

1569
-1275071.34
-1108392.66
-488465.058
-290343.15
1573
-439879.345
-341309.723
-562403.167
-783149.87
1577
-367412.31
-379805.275
-485307.962
-279537.418
1581
-1370754.95
-302631.707
-603900.075
-549256.978
1585
-445596.568
-2087570.47
-334842.871
-360979.389
1589
-347489.078
-433530.447
-341715.463
-381217.912
1593
-464277.465
-307396.091
-374265.136
-415209.328

729
-491129.428
-952201.786
-323304.85
-382111.134
733
-413718.109
-1930848.6
-648437.076
-1109036.26
737
-267369.371
-486655.699
-286589.211
-2009609.23
741
-587769.06
-658376.79
-843992.752
-366712.992
745
-390703.404
-2041194.18
-439169.089
-2185493.92
749
-1425383.47
-440644.716
-248623.055
-228522.939
753
-984951.421
-239263.548
-275911.011
-311798.064

1009
-2754841.88
-666059.547
-1559739.42
-1817825.95
1013
-258088.295
-1839484.93
-503480.586
-1118553.15
1017
-1291038.53
-495136.31
-1282218.47
-2165508.78
1021
-545701.207
-251833.995
-274642.186
-429455.26
1025
-328197.991
-382362.532
-463954.983
-1102900.75
1029
-533322.393
-408642.665
-988982.58
-529952.257
1033
-510231.233
-308312.647
-498981.983
-284455.976

813
-332021.505
-258389.787
-361633.064
-485217.011
817
-2580608.42
-2811038.45
-353930.498
-719031.623
821
-330148.443
-530199.738
-323512.675
-372706.141
825
-231180.002
-1229160.35
-313910.289
-591659.012
829
-314949.701
-272137.173
-1163797.83
-1304000.74
833
-948375.319
-975214.776
-439708.894
-323367.944
837
-578392.519
-318485.957
-435041.055
-548568.629

561
-401182.399
-381362.565
-319037.603
-1182819.2
565
-497073.539
-500487.115
-1522733.51
-395490.592
569
-507594.703
-882300.397
-480531.941
-489838.127
573
-860293.321
-1048800.04
-306949.546
-402652.677
577
-958387.061
-282787.675
-1546986.38
-2356426.32
581
-359116.832
-997503.321
-2002703.27
-2341502.85
585
-494092.314
-1548422.9
-306846.553
-490766.447

1345
-290032.348
-425138.336
-348449.527
-1326326.16
1349
-765504.578
-410797.852
-414974.455
-696361.677
1353
-1504095.8
-666495.986
-409672.022
-960650.752
1357
-454157.241
-469026.782
-865501.317
-330626.008
1361
-1064015.98
-353653.728
-1775656.93
-356144.93
1365
-527225.722
-586833.101
-263887.227
-473615.479
1369
-377476.869
-295082.9
-489351.71
-496714.201

365
-208418.19
-593585.19
-450384.467
-285621.084
369
-302940.116
-328165.062
-339675.533
-1992836.84
373
-425377.662
-414805.59
-257151.308
-370349.498
377
-313348.146
-440162.033
-390861.113
-284940.805
381
-290164.863
-1267840.97
-307720.386
-1733697.95
385
-401130.776
-485269.167
-811697.235
-405935.486
389
-712300.602
-949058.958
-422304.979
-309002.381

617
-345112.887
-325185.133
-330386.099
-488916.637
621
-386985.671
-1266766.09
-307249.75
-495250.539
625
-467377.517
-532103.393
-273413.485
-1632358.43
629
-2368435.13
-265117.958
-820571.166
-335423.315
633
-290150.424
-329184.543
-317183.571
-2538870.43
637
-463943.425
-473607.351
-341126.267
-1472013.1
641
-291168.662
-399192.501
-283921.22
-305652.579

1765
-2745389.18
-2180702.65
-355045.275
-1715526.5
1769
-350273.304
-944914.089
-429542.378
-484268.155
1773
-2409692.6
-420614.612
-376762.817
-262340.772
1777
-562150.836
-626670.634
-2057276.77
-1219153.7
1781
-423690.603
-951391.02
-1799482.61
-327735.638
1785
-1016967.19
-768470.419
-904279.026
-1427006.59
1789
-2082352.41
-864359.528
-334817.577
-450965.813

533
-1115642.09
-418109.39
-1675970.96
-297116.925
537
-484497.996
-391276.093
-442301.337
-286245.185
541
-850974.108
-307017.882
-385478.195
-476362.389
545
-1049037.43
-1253304.5
-529489.945
-297003.231
549
-531528.751
-345844.279
-340340.236
-635138.968
553
-305713.172
-373922.808
-1864834.81
-689262.402
557
-881012.559
-865996.081
-439647.381
-2422248.58

1541
-866057.615
-919094.26
-312249.137
-331112.655
1545
-291146.919
-837870.918
-1666846.09
-459647.253
1549
-323678.85
-469612.487
-590000.75
-1622382.45
1553
-310045.925
-402047.798
-1067111.99
-267883.035
1557
-274385.665
-1240357.4
-582813.595
-884410.109
1561
-474184.649
-377649.359
-357657.592
-275675.65
1565
-398203.632
-495392.489
-308195.032
-394484.69

1653
-609694.969
-424001.934
-819490.286
-707354.865
1657
-348196.21
-703024.081
-357793.103
-280852.239
1661
-1202027.1
-303635.336
-453639.682
-1100088.03
1665
-1032403.84
-336559.972
-291602.858
-1335120.63
1669
-1959967.87
-387203.107
-937835.376
-318536.391
1673
-421825.526
-330909.35
-371439.587
-330093.368
1677
-609430.774
-933068.56
-1993973.05
-295878.466

2269
-815441.353
-457980.286
-742594.949
-611168.192
2273
-352508.286
-325124.263
-546188.569
-233601.001
2277
-348951.823
-1370058.72
-744481.147
-248170.332
2281
-290109.813
-1338249.84
-474308.193
-507143.32
2285
-246672.29
-438694.952
-1932704.87
-448953.257
2289
-232894.459
-490180.034
-302868.613
-996269.428
2293
-262010.261
-338631.61
-2925908.25
-484021.545

2381
-471268.334
-1206703.94
-251612.924
-317669.013
2385
-421371.091
-290580.842
-495631.594
-451866.528
2389
-1089532.7
-951100.077
-281951.872
-235650.865
2393
-2834001.53
-1236908.2
-282669.627
-333712.225
2397
-1401782.25
-1490437.97
-234611.654
-799522.869
2401
-283166.232
-692172.461
-687891.255
-468518.233
2405
-345760.533
-387586.316
-445419.439
-407323.255

2213
-490981.901
-299130.686
-1191127.51
-252721.37
2217
-711982.031
-699652.841
-1292149.46
-493744.929
2221
-1917601.22
-1010362.09
-250073.87
-2005136.12
2225
-235477.351
-1034507.59
-337381.159
-1499002.56
2229
-460210.791
-1514682.7
-342332.909
-485416.649
2233
-399061.534
-448561.234
-1543497.61
-326346.399
2237
-386374.185
-334395.165
-441529.513
-394352.529

1485
-371389.381
-451531.681
-308341.15
-1564965.91
1489
-562239.87
-632911.314
-317362.214
-408997.785
1493
-1110190.54
-229191.244
-718486.534
-418115.634
1497
-383309.698
-373844.279
-540913.446
-352948.278
1501
-911602.143
-1007066.96
-270508.793
-351190.804
1505
-1100867.23
-242016.558
-260122.216
-418103.345
1509
-652668.826
-452671.543
-1656711.74
-907303.952

2325
-564195.432
-378654.63
-671236.656
-486614.668
2329
-1512323.64
-418792.85
-373163.062
-681815.123
2333
-374650.616
-256650.243
-294890.093
-834756.149
2337
-857090.051
-280770.339
-368727.941
-361577.236
2341
-1494867.72
-238916.935
-393810.646
-389803.392
2345
-498691.015
-311745.469
-503001.63
-2760742.72
2349
-501004.516
-416976.981
-456690.311
-480445.518

2297
-551334.793
-548524.41
-348225.283
-476268.896
2301
-264990.315
-271316.158
-268125.351
-280824.029
2305
-428637.192
-370069.96
-922888.761
-305322.882
2309
-2078648.08
-1146014.62
-463316.985
-668932.811
2313
-298715.398
-367510.268
-490447.948
-498333.258
2317
-295716.7
-1077096.32
-487940.888
-335042.524
2321
-1791130.24
-327122.785
-1029422.84
-562458.956

2241
-398725.599
-335834.671
-357733.214
-2335433.13
2245
-425354.019
-1033042.89
-902668.104
-268982.882
2249
-3071258.18
-369064.104
-1290692.37
-547896.753
2253
-411427.462
-2054421.12
-386003.166
-390144.74
2257
-382095.562
-893984.31
-418484.189
-504037.965
2261
-2365661.45
-442059.238
-260921.913
-303695.415
2265
-1133069.02
-2522640.12
-1936314.5
-388361.289

869
-417026.349
-1758165.12
-472200.833
-301247.618
873
-1114056.27
-459561.345
-787591.27
-239126.088
877
-277326.548
-916609.888
-443807.768
-715477.432
881
-303123.882
-2052524.35
-528500.186
-1950159.6
885
-283737.035
-535144.593
-458557.414
-254354.813
889
-356594.942
-779153.591
-2016954.13
-2616349.2
893
-554754.068
-258807.753
-1622747.22
-783506.212

253
-1650507.3
-367913.608
-1217133.32
-827155.815
257
-1270673.02
-1207294.82
-279958.194
-505599.074
261
-1233337.15
-340183.211
-271006.061
-1129819.47
265
-1229155.47
-358909.862
-2723194.99
-703622.846
269
-378428.923
-479445.965
-967042.617
-2339029.67
273
-290886.1
-612265.117
-419204.968
-889884.389
277
-297098.134
-484067.808
-229553.109
-236435.845

1261
-458717.106
-1275976.48
-344582.068
-437730.743
1265
-366926.057
-2348859.68
-584876.159
-751525.537
1269
-443708.919
-636372.883
-1075966.98
-269881.315
1273
-299131.589
-340898.434
-231953.587
-270242.029
1277
-770721.084
-1419499.23
-301323.498
-1645764.18
1281
-356118.187
-1199890.36
-1715818.08
-233873.408
1285
-753227.649
-373411.969
-265928.952
-722797.053

2465
-408375.815
-256975.529
-341969.63
-260915.9
2469
-479008.755
-289551.217
-1959296.72
-280966.191
2473
-779162.726
-1077183.67
-285863.174
-457395.91
2477
-464923.984
-288182.856
-496363.092
-332332.784
2481
-649750.49
-289743.353
-831423.159
-1685922.01
2485
-302215.244
-1237471.78
-1852048.51
-473967.579
2489
-961780.481
-1983600.94
-775734.827
-947396.494

3109
-519766.009
-665829.573
-390847.215
-251009.452
3113
-279253.374
-729321.617
-408678.675
-306825.869
3117
-289919.682
-333316.108
-467582.04
-239240.815
3121
-566878.241
-548226.967
-468080.99
-281732.99
3125
-284159.553
-313716.535
-473741.219
-227303.518
3129
-1792713.78
-477776.24
-394485.372
-447361.265
3133
-846092.026
-374743.198
-1229723.63
-359657.862

1149
-260940.132
-190059.662
-306633.038
-370230.393
1153
-974853.211
-317896.575
-500342.239
-387572.874
1157
-312209.728
-592547.256
-425200.01
-505796.284
1161
-543351.188
-471640.457
-1167236.95
-960752.333
1165
-249058.164
-696764.026
-1040028.31
-1662863.22
1169
-438232.213
-383974.165
-772070.477
-1456962.71
1173
-894301.097
-1346158.96
-269821.343
-473343.757

2353
-447099.179
-355446.895
-335180.174
-480448.335
2357
-248228.782
-489936.821
-499003.945
-866177.979
2361
-423873.548
-1492891.23
-1535159.12
-817980.576
2365
-1377389.67
-385622.086
-491970.313
-2336502.77
2369
-1120185.57
-301783.983
-825680.748
-553727.571
2373
-251817.161
-1347560.01
-1434061.11
-434579.52
2377
-438993.631
-1803832.8
-356651.387
-307753.006

1289
-338898.001
-452512.275
-297547.254
-968492.747
1293
-461070.857
-495719.695
-528203.616
-1465541.94
1297
-1182588.23
-675811.675
-455221.821
-2124374.44
1301
-1065598.19
-406502.863
-365849.702
-346045.544
1305
-1357564.55
-1161674.3
-374356.825
-1240275.45
1309
-1650963.46
-2120582.16
-337012.896
-1514251.66
1313
-301687.537
-2178050.38
-802830.121
-977086.768

2549
-1388628.62
-1033111.22
-487469.079
-351408.627
2553
-407025.892
-942887.831
-572182.003
-1553661.71
2557
-469245.702
-560789.867
-503150.488
-1197882.29
2561
-361373.64
-1031037.29
-1028409.32
-1368198.32
2565
-744422.333
-309668.799
-431658.79
-468394.989
2569
-443951.315
-379779.742
-270925.286
-419301.531
2573
-1448732.22
-412145.727
-268585.493
-338964.762

1233
-395325.269
-462990.883
-468389.448
-240890.978
1237
-1332963.1
-743868.517
-754347.377
-908170.242
1241
-414738.32
-329378.469
-1814474.08
-1335940.39
1245
-492657.209
-286174.096
-258389.199
-225869.333
1249
-257998.308
-448488.045
-454748.157
-2337877.35
1253
-362705.286
-1722810.47
-407521.919
-324495.009
1257
-591149.559
-1068430.04
-454680.32
-1357127.34

1457
-490151.025
-1862356.01
-1298753.95
-2860075.38
1461
-2039171.55
-393573.839
-736480.062
-423745.869
1465
-485085.693
-1175092.99
-603606.711
-268522.605
1469
-470780.849
-353120.195
-425216.742
-812604.686
1473
-487399.963
-285114.612
-2756237.79
-256958.98
1477
-320150.888
-1200870.31
-316630.344
-433805.068
1481
-401920.247
-1096550.26
-898951.582
-495814.346

2633
-723852.96
-406048.248
-782549.803
-347118.927
2637
-370940.636
-484351.655
-601916.366
-339791.69
2641
-2646272.99
-978999.238
-291500.636
-2444385.39
2645
-445884.221
-309230.566
-461370.369
-2329728.1
2649
-290031.416
-319283.632
-2295057.79
-553458.554
2653
-292104.641
-343911.065
-265477.192
-964169.471
2657
-404150.356
-265367.405
-426324.346
-404107.379

393
-412740.44
-604327.925
-374474.554
-1467762.1
397
-211012.553
-232126.022
-535372.298
-942777.221
401
-592867.749
-272124.127
-331410.34
-745423.38
405
-1209965.58
-1841931.65
-819233.179
-398749.291
409
-350404.879
-433612.267
-465231.494
-365903.033
413
-1283103.16
-811481.091
-317790.536
-405173.572
417
-450631.193
-902163.693
-312862.932
-306513.481

421
-414865.352
-489106.179
-223914.263
-972818.07
425
-334898.175
-228241.949
-420614.754
-310574.446
429
-447800.599
-411292.286
-485702.935
-230768.315
433
-311474.368
-422862.446
-489684.052
-933330.73
437
-847560.403
-895014.684
-2180415.82
-221426.626
441
-256209.633
-380089.131
-1551849.38
-1071697.1
445
-1168408.88
-455702.585
-311841.407
-551589.183

757
-335973.4
-305176.154
-280862.585
-348652.589
761
-617905.988
-1123194.86
-1414091.24
-434054.242
765
-330650.376
-256410.421
-794579.249
-481063.372
769
-477942.81
-461985.059
-552831.682
-472292.661
773
-498851.558
-437082.069
-887791.619
-2008335.84
777
-811554.898
-424741.238
-1043354.06
-684271.389
781
-605443.488
-497141.332
-219124.982
-243842.841

2773
-863880.686
-241903.832
-271832.692
-304492.969
2777
-453481.769
-838347.495
-294521.694
-1807480.83
2781
-314697.603
-625018.05
-1890510.34
-316936.416
2785
-495953.359
-329461.839
-353749.594
-1214319.57
2789
-2477885.84
-536851.157
-321358.427
-1078125.25
2793
-1635860.46
-585505.655
-1222550.71
-379777.806
2797
-290622.063
-989702.355
-309914.615
-572757.442

673
-1899207.76
-723714.685
-754316.386
-490853.269
677
-276036.775
-1130369.66
-1295456.64
-446272.32
681
-1637691.45
-964444.846
-394233.603
-396044.626
685
-249938.18
-377705.654
-507188.543
-1108782.63
689
-1577176.32
-444154.154
-264741.065
-703530.375
693
-460017.391
-314606.946
-1229063.54
-333912.701
697
-873652.139
-2034744.9
-417006.192
-507636.754

2829
-493393.161
-973196.54
-350864.956
-423213.342
2833
-421555.053
-468495.27
-272944.401
-478270.036
2837
-230913.575
-352879.393
-436655.505
-424275.213
2841
-361402.674
-406682.252
-1729793.04
-264749.453
2845
-1467133.86
-1567687.16
-314650.264
-748365.516
2849
-274166.747
-199817.137
-198478.228
-230096.86
2853
-352846.935
-1039187.72
-625490.102
-198805.32

2801
-373805.594
-1829772.39
-336078.657
-1457184.53
2805
-318838.16
-265590.663
-634709.336
-361696.891
2809
-339223.373
-2176536.71
-467991.893
-286634.733
2813
-344787.271
-1659078.35
-342048.365
-360646.009
2817
-481400.84
-368817.15
-1656327.63
-337404.426
2821
-321827.093
-802041.617
-265001.581
-2843942.73
2825
-322054.496
-404752.691
-487953.201
-487039.537

309
-1687149.82
-675274.466
-1258431.62
-932038.319
313
-1053250.02
-341649.68
-1817962.77
-707510.206
317
-2470050.1
-286035.975
-462429.178
-1750631.14
321
-1823096.08
-1176309.9
-1356685.02
-407250.207
325
-1551805.52
-251319.569
-332752.688
-429077.89
329
-355350.377
-483700.048
-682688.009
-1941604.36
333
-1483116.83
-445661.315
-1437658.18
-568933.519

1681
-304818.981
-1743310.88
-327203.805
-472384.199
1685
-787935.928
-320982.743
-249882.567
-293377.726
1689
-752228.838
-234516.521
-548527.418
-668144.094
1693
-410196.812
-1298842.51
-297745.46
-377164.895
1697
-507512.171
-253853.013
-977665.898
-419879.183
1701
-448133
-362985.981
-340206.697
-273853.616
1705
-553242.238
-424380.844
-826576.289
-1198085.06

1401
-403597.286
-730334.719
-778811.176
-367060.933
1405
-232230.299
-692020.053
-394266.654
-565838.137
1409
-3007467.42
-465811.903
-311863.503
-1839681.26
1413
-1969782.54
-1288439.71
-288839.01
-377326.766
1417
-304630.996
-225659.432
-1505175.24
-864349.837
1421
-1562304.08
-1111106.71
-290820.098
-450951.544
1425
-457405.344
-250566.254
-276352.735
-476425.046

2997
-275032.239
-1155336.03
-1229633.89
-465251.738
3001
-235473.227
-845788.834
-263509.047
-1265713.66
3005
-304048.54
-681076.782
-1141178.38
-3104358.21
3009
-352806.591
-193759.654
-430961.109
-984554.894
3013
-205530.574
-1331653.71
-221079.646
-1439328.61
3017
-493567.052
-845624.871
-318093.313
-269535.802
3021
-2080315.55
-322263.01
-870596.881
-285548.857

1625
-1691710.18
-359906.807
-601618.455
-597612.402
1629
-2346224.54
-933332.995
-1385804.32
-538149.71
1633
-311266.795
-250752.731
-433896.118
-316975.104
1637
-1990262.29
-270150.499
-556706.625
-341971.184
1641
-244416.315
-275562.873
-645378.949
-433004.116
1645
-442297.711
-263566.138
-334315.792
-562726.626
1649
-318426.844
-324907.475
-299813.517
-387414.94

2857
-473059.27
-2129170.96
-345556.671
-375199.439
2861
-1433391.47
-2442140.97
-871463.936
-734011.438
2865
-1747453.18
-368211.24
-1030179.44
-301582.79
2869
-370789.101
-399546.621
-321708.778
-536629.24
2873
-457892.139
-887113.4
-408678.451
-493046.926
2877
-366086.654
-1182986.21
-471491.431
-1417175.5
2881
-649683.438
-549628.884
-383993.242
-468968.765

1793
-495612.837
-495907.516
-2712372.44
-1001629.47
1797
-319298.834
-363277.324
-456545.747
-205429.292
1801
-1596938.14
-507242.944
-277910.57
-472431.524
1805
-1109767
-965547.367
-393501.716
-1007664.43
1809
-553149.932
-294807.363
-832057.995
-1031796.01
1813
-1305725.59
-1438405.22
-356528.15
-416481.525
1817
-2013496.61
-1026279.98
-531677.832
-496974.967

3053
-1939924.16
-297512.918
-1491173.63
-388229.056
3057
-496180.925
-1092325.7
-2064371.98
-1873198.03
3061
-278339.375
-1345186.5
-2104697.61
-1088923.28
3065
-428156.179
-244122.388
-278763.45
-391573.702
3069
-333403.171
-404160.592
-332918.563
-446657.006
3073
-266428.14
-504226.69
-485652.767
-1996308.54
3077
-1999575.54
-260635.187
-355810.968
-450433.774

2969
-360972.836
-483232.523
-959008.074
-459593.469
2973
-414402.114
-287950.049
-280547.804
-1368715.64
2977
-497245.911
-1420696.89
-1415166.61
-359331.986
2981
-330261.588
-315027.424
-1571825.07
-1022119.51
2985
-265066.235
-471975.01
-322371.168
-448072.019
2989
-2354378.64
-1303162.08
-549430.953
-303101.966
2993
-251539.725
-283461.58
-2374118.1
-1590856.9

785
-472263.546
-660969.774
-715844.617
-2474393.17
789
-321731.691
-1169354.55
-345197.126
-286825.829
793
-597993.891
-2106551.9
-484252.304
-1573197.76
797
-1735769.81
-509040.194
-441074.712
-1216628.96
801
-2019887.58
-2202079.53
-1590539.19
-1445637.55
805
-342294.073
-651901.194
-489883.605
-460953.922
809
-279826.204
-1318021.21
-745175.39
-397691.367

2521
-1356820.24
-951410.504
-289729.495
-420336.638
2525
-938617.593
-277568.871
-891797.171
-261313.344
2529
-1814086.79
-285766.426
-244016.949
-219591.627
2533
-263726.723
-344352.735
-485968.842
-425031.87
2537
-459629.189
-435980.259
-2883676.17
-284028.231
2541
-1950069.19
-319914.272
-718977.404
-298562.385
2545
-804863.59
-515832.451
-493822.13
-799087.467

1177
-424159.255
-449078.336
-1180846.23
-293172.777
1181
-250397.794
-317095.15
-486809.311
-339918.987
1185
-499020.442
-434511.516
-381544.563
-510074.406
1189
-855232.933
-271716.887
-1225567.11
-368605.566
1193
-457456.421
-630154.906
-282259.179
-277708.906
1197
-1491143.78
-457470.615
-1226014.36
-438248.393
1201
-268316.604
-868444.234
-1102289.71
-274119.068

1737
-2037281.83
-1275272.62
-882443.505
-1315693.44
1741
-426749.843
-1848458.47
-574037.636
-642065.393
1745
-300325.686
-264137.57
-1345820.12
-390052.159
1749
-1603441.38
-698757.706
-224005.395
-335903.342
1753
-348495.303
-1217525.57
-281036.213
-417401.044
1757
-779806.317
-324159.04
-339585.917
-1389732.24
1761
-500357.61
-378167.796
-1264763.33
-922883.538

1905
-428872.738
-261351.856
-258943.235
-289004.092
1909
-260806.635
-252950.478
-307864.052
-491010.357
1913
-362809.204
-1332753.32
-457094.262
-1761809.92
1917
-848122.739
-217427.1
-484972.29
-322749.371
1921
-414464.921
-1199773.51
-1886414.33
-1036857.7
1925
-265705.15
-1150887.33
-1457029.04
-255956.975
1929
-429390.467
-2305884.01
-424719.032
-2712103.25

1849
-292110.031
-636651.7
-645377.671
-297377.42
1853
-484376.415
-275140.489
-1082620.62
-1195787.06
1857
-1463067.58
-2695097.85
-589226.383
-210986.565
1861
-836867.621
-1323589.96
-295558.325
-2170074.81
1865
-291034.973
-408512.521
-484910.341
-1168081.68
1869
-629357.549
-1578698.33
-442223.835
-699009.373
1873
-281620.782
-278518.711
-741378.96
-350148.341

2577
-267097.158
-1037200.94
-400146.042
-263481.341
2581
-585993.82
-1951803.09
-1341925.9
-1706493.86
2585
-419897.272
-375637.845
-631520.181
-336401.17
2589
-861616.022
-699079.622
-329523.235
-2102848.13
2593
-430252.749
-493203.426
-351474.956
-558647.622
2597
-438714.664
-272406.234
-994444.984
-288649.891
2601
-1360158.06
-670158.943
-2278047.59
-557673.863

449
-416583.914
-356777.295
-1368324.05
-510931.13
453
-1516232.4
-267177.727
-335046.781
-397111.064
457
-485978.515
-312526.063
-1832184.48
-302205.462
461
-328249.545
-391399.76
-494754.642
-518342.013
465
-630115.781
-352795.711
-582141.468
-1825949.31
469
-734446.613
-380044.326
-393254.856
-350729.23
473
-1951632.4
-255016.254
-1768975.12
-470093.465

477
-261116.365
-272931.453
-281863.008
-1524652.19
481
-391149.575
-374625.311
-1946060.83
-3013539.92
485
-459323.599
-994312.937
-759684.221
-789832.962
489
-266226.786
-1724929.44
-245232.287
-546255.685
493
-992510.423
-1776208.26
-1262945.04
-399950.655
497
-355166.849
-741661.708
-851538.417
-428942.715
501
-405308.592
-361615.18
-1793097.13
-366478.584

1709
-2093002.91
-359811.056
-380436.281
-224966.045
1713
-328188.811
-255814.639
-419425.625
-354729.121
1717
-294204.411
-805175.314
-2215327.94
-459445.593
1721
-265616.157
-1139289.85
-319438.059
-385758.231
1725
-266479.198
-543643.533
-279265.061
-286682.297
1729
-399879.285
-937720.463
-275300.344
-2029859.78
1733
-367245.708
-364378.276
-336165.741
-707530.568

3081
-296654.983
-2074727.25
-489746.663
-298300.881
3085
-1292383.3
-381202.034
-703187.835
-255319.435
3089
-351226.287
-475461.601
-718670.733
-251685.949
3093
-501311.255
-1206552.43
-462228.739
-539189.301
3097
-418327.48
-330934.986
-939666.763
-1614566.85
3101
-323518.005
-286208.568
-468443.6
-1585428.78
3105
-1889452.34
-389428.526
-358085.603
-293201.412

2605
-855132.096
-333552.322
-751300.688
-1188498.27
2609
-429724.417
-458376.736
-383123.072
-450784.489
2613
-379669.257
-293972.276
-419434.815
-348688.732
2617
-516959.727
-434019.878
-2243357.59
-228262.581
2621
-497468.669
-379327.677
-975207.893
-275251.905
2625
-988870.856
-321581.668
-475730.346
-755719.583
2629
-501246.441
-475776.677
-224429.665
-1718500.59

2885
-266926.127
-252497.081
-378005.098
-1162030.78
2889
-530597.669
-407823.641
-233258.875
-490988.445
2893
-483578.837
-389443.944
-595988.223
-972748.415
2897
-1466850.94
-321464.815
-757243.376
-340178.971
2901
-452836.941
-338465.92
-1530386.57
-215353.921
2905
-252876.652
-350231.945
-339739.105
-322011.509
2909
-316442.616
-294904.185
-1089758.31
-426700.887

2661
-1080776.74
-486280.769
-566646.557
-1441864.19
2665
-351303.226
-2081540.13
-399048.991
-504032.271
2669
-508255.675
-713069.682
-421784.606
-438880.211
2673
-2030004.3
-334099.074
-545613.338
-2114633.62
2677
-314698.64
-1248155.1
-473174.445
-455785.944
2681
-1198346.66
-364328.433
-290703.939
-1786282.37
2685
-342417.344
-1860042.42
-615517.73
-332287.095

2717
-1323442.77
-396065.672
-2809717.01
-1507335.64
2721
-332007.11
-422614.756
-360166.288
-574958.144
2725
-461973.329
-348069.25
-784512.573
-700946.984
2729
-679485.834
-654593.799
-452767.598
-1729434.21
2733
-1727748.96
-337542.497
-436585.83
-500374.66
2737
-716919.475
-520870.062
-669044.36
-879907.996
2741
-290206.656
-347941.332
-281689.487
-223293.097

3137
-557816.261
-223471.287
-1758047.61
-2527356.95
3141
-471233.7
-250220.449
-255763.553
-508551.152
3145
-384279.588
-271627.336
-302580.631
-376040.846
3149
-464070.808
-793442.492
-1542810.66
-1489612.53
3153
-334090.07
-863742.328
-239608.168
-314096.288
3157
-373917.251
-278303.607
-409593.67
-325532.493
3161
-361326.024
-932786.141
-2544309.76
-642490.938

3221
-493256.343
-300202.317
-481851.674
-367078.174
3225
-365499.237
-420883.064
-488921.637
-472797.827
3229
-285636.59
-249568.871
-1037152.71
-236562.312
3233
-2046059.18
-751420.78
-884747.254
-283754.734
3237
-396142.983
-302133.604
-539290.622
-1632744.35
3241
-513237.216
-1002186.05
-2352205.53
-320942.118
3245
-1830925.44
-464156.925
-350533.543
-1028308.75

3193
-640283.283
-324572.32
-2196688.55
-2742543.86
3197
-1139246.61
-485755.894
-368220.761
-501367.067
3201
-489035.623
-356225.597
-225345.367
-258737.369
3205
-253132.675
-334381.057
-511053.1
-938596.583
3209
-2281314.11
-476527.677
-502626.311
-311179.186
3213
-347418.193
-351304.098
-491606.682
-422973.773
3217
-248547.955
-425584.617
-629695.684
-388475.539

3305
-275527.353
-1376601.72
-1095872.03
-257814.375
3309
-2658492.48
-353296.637
-1075205.49
-753069.208
3313
-644729.579
-717313.98
-1049104.88
-1107596.41
3317
-327849.793
-378041.342
-1259620.19
-347580.86
3321
-522206.99
-526725.053
-265571.369
-309736.713
3325
-338330.303
-258067.344
-312230.981
-496344.4
3329
-407025.146
-363510.819
-504716.576
-446137.061

3277
-988108.718
-379825.791
-250337.563
-1213145.9
3281
-667279.544
-2690044.02
-484857.516
-273601.197
3285
-317447.67
-415205.213
-367176.882
-255056.655
3289
-537609.003
-1320870.39
-254570.86
-485188.005
3293
-1050210.91
-513662.725
-1106923.18
-274992.793
3297
-444240.812
-267300.259
-634410.018
-406264.859
3301
-426598.766
-369065.504
-789956.262
-277193.438

3445
-342676.011
-259970.544
-2707569.51
-2634522.42
3449
-892895.203
-510226.477
-485095.414
-296817.079
3453
-245040.077
-832781.122
-421277.188
-422502.782
3457
-1461800.07
-365668.004
-900150.981
-311770.044
3461
-304985.325
-588804.332
-809451.029
-437516.907
3465
-478224.756
-279981.214
-3079791.18
-1238970.09
3469
-355123.395
-954443.14
-503347.139
-294515.006

3389
-302154.442
-298136.527
-484094.543
-276231.48
3393
-1755427.68
-257657.388
-297250.58
-442790.893
3397
-838433.626
-428073.05
-306901.932
-358687.161
3401
-300542.732
-340266.181
-1710499.68
-1475935.8
3405
-302964.551
-276302.598
-1736862.98
-1686716.94
3409
-403542.957
-496019.349
-1661952.18
-355500.236
3413
-350295.823
-320994.973
-488703.877
-363085.499

3361
-695568.982
-416884.268
-451443.646
-273084.244
3365
-653370.164
-259380.641
-290443.015
-456595.395
3369
-346977.212
-408153.499
-694792.326
-568367.092
3373
-434627.175
-366492.454
-490805.125
-1265177.08
3377
-343132.989
-467156.919
-1583507.59
-304828.862
3381
-341666.953
-1517035.34
-283764.185
-1222725.29
3385
-720050.912
-1241408.19
-1816858.82
-654379.893

3417
-2144875.43
-368097.895
-381751.569
-475245.364
3421
-566298.059
-1104737.15
-698609.563
-367387.383
3425
-498132.186
-1401920.28
-445550.054
-2909593.23
3429
-275469.281
-446745.846
-239676.462
-591762.611
3433
-290338.458
-297069.716
-1146596.78
-290800.188
3437
-2235188.56
-246309.953
-1353564.03
-760477.323
3441
-1974342.77
-602139.804
-2200351.92
-689262.565

3249
-1809152.92
-983940.958
-387292.451
-504123.296
3253
-267465.614
-412028.944
-253416.965
-331757.283
3257
-261824.942
-314016.887
-1456805.66
-533154.263
3261
-412315.081
-391435.197
-947888.995
-1201134.62
3265
-730758.703
-261165.987
-486254.343
-310579.295
3269
-1508436.64
-482811.023
-435173.526
-279050.021
3273
-503327.225
-332515.307
-348001.218
-363931.177

3165
-1429952.67
-256496.701
-298346.615
-233736.226
3169
-378157.129
-293141.201
-2808256.03
-476527.977
3173
-298155.376
-308062.831
-1409126.77
-1009499.12
3177
-412648.643
-443173.9
-191012.313
-489351.076
3181
-838141.631
-2158730.06
-1256012.88
-448680.223
3185
-478141.258
-1322534.79
-1881552.83
-404308.711
3189
-331878.006
-507367.863
-241296.537
-328639.663

1821
-340013.116
-291203.143
-662875.348
-294936.189
1825
-455331.12
-515787.927
-516027.5
-291815.157
1829
-3187943.6
-494855.403
-282439.385
-521440.24
1833
-319561.96
-328916.554
-1638821.85
-321271.928
1837
-400527.432
-362987.74
-714855.151
-670206.116
1841
-290129.063
-348787.072
-1861760.67
-806714.001
1845
-437283.882
-260630.724
-277788.392
-252284.422

1933
-302534.596
-1292382.48
-1108800.14
-330106.467
1937
-904916.073
-474164.262
-1035974.2
-2268202.16
1941
-425364.856
-500402.736
-498777.641
-497306.495
1945
-1002307.13
-1049436.41
-438460.604
-461826.212
1949
-1232406.4
-513349.872
-1877829.39
-1026205.69
1953
-265662.749
-251339.5
-449461.682
-389214.518
1957
-473088.456
-491474.901
-293720.67
-583507.722

1961
-1684973.75
-383976.716
-225573.412
-1750422.15
1965
-241299.868
-298701.576
-886335.842
-267860.652
1969
-285621.913
-2482318.72
-274140.428
-1118725.25
1973
-423204.728
-485189.821
-1612766.67
-243492.104
1977
-429821.458
-1212141.2
-304411.176
-305893.287
1981
-297975.947
-350391.094
-888100.224
-397174.438
1985
-952945.831
-416667.537
-384229.687
-697449.827

337
-260131.834
-2238948.95
-309089.512
-1301563.32
341
-732051.468
-285365.994
-275682.313
-1278202.8
345
-268820.56
-1406679.9
-336648.703
-247769.546
349
-267714.056
-636247.975
-520394.96
-902137.955
353
-1797461.41
-1730991.37
-244901.893
-1574416.26
357
-242114.294
-310386.034
-706593.183
-2257332.93
361
-408099.842
-2180607
-1190574.4
-404857.045

3333
-1021889.86
-371672.106
-1492510.99
-336459.995
3337
-504823.83
-574887.529
-438919.157
-514039.106
3341
-268987.177
-1332865.09
-583538.332
-1487932.14
3345
-2850532.45
-343898.637
-1198677.32
-1700903.72
3349
-1683088.27
-395491.009
-1588254.18
-290284.882
3353
-295538.337
-1858567.28
-446159.298
-754348.685
3357
-292060.247
-357019.507
-332873.842
-296760.112

3473
-332280.449
-1498266.85
-492598.461
-2860716.49
3477
-450245.98
-1127446.86
-2483920.07
-938717.448
3481
-282844.28
-483856.853
-352642.552
-836947.052
3485
-974615.197
-727873.847
-362594.889
-1369916.38
3489
-780155.173
-424148.096
-247264.974
-1414112.05
3493
-269160.592
-312710.599
-966782.774
-318530.591
3497
-508800.462
-1543279.56
-452855.577
-374096.775

3529
-246193.281
-447942.641
-239117.101
-478855.882
3533
-1828038.82
-1906955.42
-396611.974
-244442.763
3537
-1427748.87
-480110.394
-324602.031
-433535.857
3541
-1606994.66
-1646989.4
-1027583.85
-1332360.63
3545
-634755.981
-277510.201
-373819.878
-498898.921
3549
-2291841.98
-839523.522
-235494.409
-688462.421
3553
-1315020.36
-308935.061
-598791.314
-502046.725

1429
-348960.882
-551680.001
-468674.475
-415239.091
1433
-316859.641
-501919.119
-225666.429
-574507.114
1437
-255654.21
-458950.155
-251237.101
-507154.971
1441
-371420.151
-349901.812
-501839.937
-1314248.28
1445
-448113.521
-763428.266
-448216.485
-478047.814
1449
-231403.295
-303715.855
-378150.973
-767794.605
1453
-1355673.8
-822163.926
-1371297.66
-389853.101

3501
-437195.363
-997451.128
-932303.241
-361364.821
3505
-485800.077
-273234.725
-350401.562
-1356744.26
3509
-426858.894
-1254947.81
-379535.191
-1426018.5
3513
-462654.164
-348656.742
-295626.896
-414301.024
3517
-483047.852
-2450754.48
-452616.433
-240908.922
3521
-395560.683
-474782.674
-354972.214
-469164.776
3525
-1958903.84
-397409.989
-1745345.49
-370257.141

4061
-384503.316
-1431391.79
-892734.414
-1809071.33
4065
-1038513.79
-546747.33
-290077.967
-2045346.24
4069
-2248217.37
-288430.927
-2354736.61
-2224658.42
4073
-431693.15
-1505772.87
-316391.937
-302978.117
4077
-821382.511
-335453.418
-2234859.26
-347402.542
4081
-391860.779
-259881.18
-297507.763
-381500.528
4085
-291546.248
-263504.609
-295695.03
-1504716.15

4033
-581042.29
-380383.789
-523560.648
-368136.229
4037
-476758.599
-660460.221
-493090.195
-788440.209
4041
-291475.548
-1818712.58
-791398.614
-273290.476
4045
-2017127.43
-349421.144
-1150599.66
-2128758.97
4049
-418537.834
-481327.522
-1860967.07
-331368.622
4053
-472271.772
-683698.059
-372224.138
-265968.604
4057
-284098.733
-1240069.07
-476703.717
-422516.74

1093
-359605.786
-353292.798
-763899.871
-422096.229
1097
-404877.876
-398017.137
-346925.383
-1571445.64
1101
-634349.687
-455417.559
-1479566.99
-627682.549
1105
-276976.974
-493739.258
-230968.72
-324524.389
1109
-339664.395
-609780.141
-364737.005
-1516302.92
1113
-478040.353
-856905.69
-1082419.09
-413232.708
1117
-2381739.96
-1443976.36
-284638.288
-527967.213

4005
-777884.956
-300849.279
-445800.099
-353960.681
4009
-1043356.29
-289029.288
-299581.321
-444644.045
4013
-870540.343
-2176498.83
-769675.061
-1549529.12
4017
-424606.527
-526200.035
-1474420.89
-332649.779
4021
-1376650.99
-1149077.35
-335736.802
-691212.543
4025
-1627616.41
-968199.658
-379316.116
-453092.375
4029
-296721.964
-487035.253
-235805.854
-370207.269

3977
-359634.907
-351562.538
-308548.999
-430244.684
3981
-289839.334
-246365.236
-398040.52
-401273.071
3985
-268231.087
-284607.002
-1195017.61
-338205.79
3989
-684374.387
-317798.951
-697316.319
-2152861.58
3993
-1920403.5
-398257.991
-692999.34
-450532.178
3997
-453893.767
-1176560.8
-267163.849
-339181.633
4001
-782760.108
-405490.791
-1182537.69
-1233561.28

2437
-454807.021
-348314.687
-298608.571
-924070.343
2441
-380730.83
-695723.424
-465685.764
-271742.405
2445
-378823.221
-690632.655
-409097.415
-694468.135
2449
-346953.749
-878260.941
-297633.853
-947728.507
2453
-876835.244
-1403644.2
-575873.162
-409628.332
2457
-714126.447
-1146665.72
-1440756.63
-360632.008
2461
-295032.979
-258978.298
-2097471.05
-890299.569

3025
-998330.939
-2279603.92
-497432.147
-937515.277
3029
-1285813.88
-502237.361
-267077.747
-402073.89
3033
-345841.259
-1061557.46
-549243.649
-260445.685
3037
-981285.986
-299622.202
-1670689.9
-1799588.98
3041
-384904.743
-448165.409
-476083.326
-378269.354
3045
-301111.936
-1326075.07
-847722.734
-518889.776
3049
-287827.616
-381827.988
-810884.466
-417814.839

3669
-476465.885
-334696.845
-2180423.29
-351673.095
3673
-458872.948
-716916.543
-264166.781
-317653.178
3677
-571377.168
-1124643.96
-1388112.62
-1279469.51
3681
-272099.829
-364286.918
-340039.487
-334321.427
3685
-343276.257
-267287.904
-701958.831
-272590.783
3689
-368093.242
-873566.441
-598985.266
-1232355.83
3693
-1665725.57
-1586132.93
-910087.857
-1181810.05

2493
-296759.662
-1505375.47
-1043390.03
-375589.221
2497
-893936.509
-229172.165
-320754.509
-263827.458
2501
-1546069.28
-325759.808
-293794.488
-476805.486
2505
-728433.55
-487863.603
-480913.504
-381887.128
2509
-381071.262
-233329.561
-277516.838
-694932.597
2513
-286371.263
-1407982.31
-502928.725
-1069116.28
2517
-502854.942
-291853.746
-2554972.07
-969857.604

3781
-604562.04
-345322.481
-939116.997
-271027.715
3785
-360537.561
-503169.335
-250955.737
-311762.463
3789
-333293.338
-527582.254
-651920.811
-339687.028
3793
-461744.429
-2207859.59
-390400.876
-491132.891
3797
-270473.729
-267042.816
-503185.608
-493070.668
3801
-2436081.18
-477496.846
-1010739.42
-310668.688
3805
-724417.197
-1312496.01
-333216.731
-266305.47

3865
-318256.385
-440703.757
-380299.362
-829704.09
3869
-811834.77
-2681330.57
-292844.663
-292080.152
3873
-320492.235
-486926.632
-782395.282
-956022.489
3877
-786825.352
-654299
-676086.188
-1388315.9
3881
-325185.795
-1060616.88
-389048.11
-458037.717
3885
-308769.622
-989446.276
-1348018.26
-292003.531
3889
-470900.536
-409025.741
-702929.308
-356208.925

3949
-1155931.88
-383609.542
-1282704.47
-262147.732
3953
-786551.257
-865578.089
-388367.551
-289208.263
3957
-305385.516
-441906.117
-267090.699
-599202.323
3961
-535884.934
-261298.105
-354593.641
-482525.563
3965
-360830.134
-239116.507
-302620.009
-299683.04
3969
-2163306.32
-295835.354
-949075.138
-1425626.65
3973
-402504.167
-482677.948
-503276.035
-259267.321

3753
-574898.72
-1511855.65
-253636.684
-1118860.24
3757
-1107499.87
-404410.983
-331818.755
-2203728.62
3761
-371986.108
-238737.889
-1002925.33
-262229.309
3765
-414630.779
-249238.612
-319985.296
-479579.647
3769
-863339.664
-978994.653
-1101806.38
-517117.316
3773
-1769930.41
-688647.471
-436577.485
-474634.079
3777
-386065.796
-342490.786
-226409.546
-451349.585

3921
-233092.152
-260615.859
-305414.341
-810501.195
3925
-315597.261
-396549.032
-1840930.99
-559450.228
3929
-317002.119
-421005.106
-1337676.13
-455485.112
3933
-888966.971
-328957.913
-600841.973
-600379.781
3937
-549455.076
-266144.372
-645804.388
-247648.858
3941
-229219.25
-298139.582
-446016.835
-507473.801
3945
-433824.736
-396394.116
-364479.003
-269513.757

3725
-1449538.26
-1765360.37
-934124.327
-482446.79
3729
-935049.976
-1554293.98
-2329849.63
-356274.039
3733
-437131.66
-2225416.59
-379819.509
-348797.774
3737
-1038265.18
-461781.173
-291351.001
-672616.822
3741
-1467098.39
-1274088.32
-1255593.29
-1469180.24
3745
-1128442.15
-481043.202
-274142.934
-245843.321
3749
-670876.178
-1515311.57
-1051101.25
-612221.558

3697
-362846.75
-648022.019
-504306.947
-487574.595
3701
-471535.869
-276548.028
-451065.317
-352950.967
3705
-416984.596
-360012.823
-224141.811
-340753.005
3709
-305582.158
-501728.105
-317910.895
-305607.254
3713
-1829263.16
-788816.056
-270557.978
-371604.017
3717
-398604.306
-2359055.76
-236422.632
-502290.965
3721
-2625339.83
-1625641.78
-323409.491
-356623.227

3893
-438419.303
-447476.254
-348465.327
-489246.201
3897
-617143.196
-251150.993
-655001.846
-1494681.37
3901
-1308969.16
-857110.07
-621489.141
-414972.198
3905
-1999625.61
-476946.553
-321645.812
-376573.907
3909
-1539995.06
-323250.629
-444485.946
-2437861.4
3913
-1658907.5
-2448488.93
-238174.326
-262374.608
3917
-383716.899
-785717.395
-487717.342
-334552.642

3641
-2260081.27
-341063.219
-477133.305
-1778893.79
3645
-294414.263
-308219.743
-467687.759
-441557.277
3649
-534703.171
-599416.86
-1286585.97
-229775.319
3653
-664814.556
-220958.043
-268258.347
-362065.682
3657
-384666.977
-1552156.62
-467922.705
-3333005.39
3661
-343831.087
-261027.656
-228734.617
-1245149.08
3665
-679372.594
-1850603.85
-449696.201
-1083078.84

2409
-375108.597
-370459.322
-474122.152
-1924871.39
2413
-740311.985
-263984.865
-279982.035
-489183.425
2417
-397543.464
-490023.03
-398457.107
-499408.627
2421
-309877.447
-737312.679
-410413.992
-352760.189
2425
-622890.396
-1091172.28
-208257.696
-1092671.23
2429
-294523.239
-1277107.32
-1226224.71
-479368.507
2433
-385263.069
-1006384.24
-461832.185
-917165.885

2689
-326851.196
-1110077.8
-286779.217
-257686.877
2693
-2538799.63
-428201.464
-1228027.01
-321271.752
2697
-259095.844
-330129.826
-1336363.33
-468569.774
2701
-1045874.16
-323055.125
-940380.603
-298830.095
2705
-555719.161
-453274.392
-618491.088
-374341.409
2709
-2851759.6
-338779.535
-473503.515
-294537.955
2713
-291799.342
-554114.852
-683702.997
-1010188.6

3837
-382947.106
-830131.098
-248301.832
-738554.981
3841
-577433.85
-801685.541
-400056.686
-1081691.3
3845
-245035.312
-498350.82
-554067.206
-413076.43
3849
-789180.106
-310850.257
-778531.141
-306906.831
3853
-389939.887
-1162061.27
-410632.598
-2315302.71
3857
-471711.846
-282910.127
-227691.858
-500044.616
3861
-492379.581
-449135.47
-435529.63
-898568.89

2941
-1553947.13
-725049.786
-368336.553
-332082.84
2945
-609279.425
-318891.183
-378709.418
-392195.443
2949
-592934.129
-286462.673
-410068.78
-486068.811
2953
-276980.298
-1639161.34
-290425.536
-1640921.41
2957
-641482.511
-3036365.41
-312383.112
-910415.242
2961
-479798.386
-966815.817
-774041.537
-436849.679
2965
-555498.631
-1198287.5
-2017498.38
-670839.738

3613
-406640.689
-1243963.97
-827619.462
-290697.412
3617
-329606.782
-399556.773
-580362.562
-645776.831
3621
-320173.404
-349705.146
-358340.057
-344241.743
3625
-1024945.1
-1204520.3
-285597.649
-336552.136
3629
-271330.197
-347272.532
-1399805.72
-586061.613
3633
-1238892.24
-1124838.36
-493013.868
-649105.931
3637
-408853.694
-350484.485
-331096.017
-489962.596

2745
-2038590.12
-1880846.3
-323939.921
-261262.389
2749
-333011.183
-353911.972
-429660.142
-427187.84
2753
-259825.661
-1535910.77
-314146.834
-1014559.37
2757
-447875.863
-890697.682
-322302.643
-475441.137
2761
-656000.837
-266914.645
-615119.891
-487428.969
2765
-484281.288
-487159.484
-691812.461
-207715.043
2769
-260944.357
-430878.352
-2097442.64
-383827.39

3557
-319651.305
-264515.783
-273724.185
-374407.806
3561
-2938543.92
-368891.927
-1079255.83
-297051.776
3565
-322646.204
-253447.474
-1562666.24
-1498232.91
3569
-358345.361
-322130.893
-1652536.92
-903298.637
3573
-351587.736
-248976.315
-300698.117
-801870.077
3577
-285170.314
-287555.077
-240632.759
-325946.077
3581
-1957069.98
-449032.353
-350760.811
-268726.291

2913
-621387.366
-220682.584
-1206450.44
-761362.348
2917
-2020530.44
-387711.182
-429696.513
-492552.649
2921
-968221.633
-995021.877
-767737.396
-774497.903
2925
-1112764.14
-221088.495
-397660.077
-353269.95
2929
-1162482.3
-398729.394
-278964.074
-845065.3
2933
-700513.69
-1058994.65
-417033.67
-489191.472
2937
-1143590.2
-370398.185
-477613.455
-492501.434

2157
-1195635.2
-329322.363
-1101841.98
-336619.451
2161
-294354.625
-300243.682
-414124.43
-499395.087
2165
-1756844.53
-2287453.54
-302946.09
-224593.101
2169
-1190755.21
-445024.779
-271021.944
-763226.458
2173
-2176912.05
-272840.943
-312969.367
-349814.782
2177
-282416.969
-1390901.17
-1682269.06
-408930.354
2181
-293989.696
-563145.514
-253418.8
-239768.485

3809
-277761.288
-723542.682
-838302.016
-2003464.03
3813
-841773.56
-583914.554
-812734.124
-267695.384
3817
-1254225.18
-278677.272
-315754.608
-490025.346
3821
-499450.4
-301565.469
-912697.899
-1925216.24
3825
-275236.06
-852367.233
-277884.897
-315150.804
3829
-1659003.5
-436362.196
-1341055.56
-716538.417
3833
-438168.366
-467744.352
-492472.048
-881054.674

3585
-713705.244
-392919.33
-452008.112
-499943.78
3589
-334947.991
-482893.608
-485450.525
-386435.69
3593
-341632.562
-293686.289
-471068.09
-2013412.85
3597
-306664.132
-585881.382
-293928.438
-2156549.18
3601
-252605.961
-1444623.26
-731886.823
-435830.472
3605
-1442740.65
-826545.646
-337326.281
-482836.425
3609
-359433.101
-451291.694
-272285.847
-693432.929
