
253
-1387.63828
-4626.69088
-40226.063
-62189.4224
257
-6032.09402
-5151.60903
-2178.23887
-5149.52859
261
-6657.21838
-3807.50811
-3223.08426
-11495.8031
265
-18718.2372
-2806.7209
-17684.6187
-568.506283
269
-5185.58265
-13382.6616
-18864.1756
-21332.7574
273
-7896.50989
-58041.8033
-7947.28167
-19569.7482
277
-48413.8661
-41400.0579
-15153.3678
-115583.545

141
-28369.3337
-4001.27055
-14189.144
-24913.1319
145
-14043.7475
-14035.5393
-16482.7252
-4472.36867
149
-7088.80925
-11638.0594
-6827.39594
-34100.1153
153
-6991.62253
-10737.2105
-11831.818
-25425.7776
157
-40726.225
-3488.70356
-4550.51576
-1777.35547
161
-2399.96184
-107170.705
-5116.90784
-14476.2974
165
-4530.70616
-37372.1093
-26075.5653
-6519.43041

85
-10923.9703
-57822.4286
-26122.2749
-15700.7898
89
-12660.5891
-19749.3746
-9746.41352
-1166.04152
93
-5110.17105
-2482.37447
-4763.94788
-7375.22227
97
-3374.75835
-40691.323
-4708.17561
-49230.1803
101
-21709.2402
-27105.0038
-23983.0468
-37508.028
105
-1986.42249
-49743.5667
-9932.49208
-19240.6285
109
-9465.53884
-1959.15542
-32348.7637
-42588.1555

113
-6775.66602
-18794.9006
-1778.24018
-18061.4684
117
-1444.11825
-74336.2259
-12892.6845
-23615.8067
121
-25652.6741
-31061.8625
-9847.68307
-5084.9535
125
-17209.8789
-26748.3511
-35570.3597
-4788.67499
129
-1158.49777
-34296.4808
-47409.9764
-18444.7953
133
-2560.9244
-3827.35523
-1588.20261
-12136.1937
137
-28780.0082
-5228.38802
-561.473948
-2890.38682

197
-15745.3716
-36316.6915
-14297.2563
-35983.3562
201
-1441.08894
-14338.9119
-11684.895
-59438.975
205
-9829.52082
-14456.7937
-35668.6068
-18865.2731
209
-15296.1028
-3069.31919
-45216.9174
-9742.80887
213
-13256.9845
-17915.9512
-55445.7458
-4450.48425
217
-11384.0984
-10419.2127
-2534.03398
-7463.07637
221
-15527.358
-4162.72652
-30563.5319
-5200.92781

225
-3407.61031
-6641.87946
-28002.4845
-31632.6382
229
-3682.27967
-31610.8426
-28230.9948
-6614.43454
233
-1859.63526
-3558.42779
-15721.2843
-21723.5506
237
-5122.79647
-10230.8458
-61837.9229
-51914.3886
241
-63968.4615
-3528.72655
-5189.60663
-3496.35371
245
-7242.43724
-910.660744
-48965.3018
-41019.8429
249
-7933.34881
-52157.1334
-28465.589
-12130.2929

169
-2514.95909
-17896.3445
-7939.29589
-1397.45036
173
-7984.1373
-20448.2859
-31319.6591
-10829.7318
177
-9469.70391
-25346.0023
-15658.5223
-14821.611
181
-83857.8259
-11432.0296
-2596.53468
-6884.7554
185
-4681.22614
-17034.2535
-9477.72977
-18433.8294
189
-16080.7515
-31191.8028
-12771.5663
-15428.7918
193
-9045.9316
-22678.2761
-9647.83688
-1120.7089

29
-15643.9307
-53343.7042
-22425.4142
-44103.798
33
-4195.69036
-22711.6005
-27604.8937
-4202.4757
37
-17124.4864
-11861.1304
-2238.39909
-10115.4436
41
-9860.02767
-5489.29423
-17430.6998
-17901.2435
45
-18762.6619
-43238.4273
-16407.1738
-17343.8205
49
-8610.38252
-3360.04222
-21708.2636
-11710.1788
53
-44324.6862
-20730.7237
-45576.7255
-22862.8524

2213
-9262.24822
-31668.0555
-1886.72089
-28816.2236
2217
-4886.80944
-8503.94732
-20290.1042
-5035.38162
2221
-20978.126
-35159.3527
-30822.1158
-18819.5947
2225
-5974.74823
-17330.7282
-22682.2585
-7795.68072
2229
-36888.7619
-59958.6523
-10384.4653
-4076.35749
2233
-9586.32982
-4558.57527
-14925.2719
-10449.2584
2237
-10156.6822
-30982.2626
-6711.44675
-2681.36986

57
-11842.1405
-3740.95168
-12229.7421
-5402.0162
61
-60400.9626
-3451.72244
-12399.4954
-13441.1554
65
-47791.1616
-39058.7812
-4686.92376
-2253.49295
69
-1302.17015
-3273.28004
-4516.02085
-10010.8189
73
-24839.8573
-8356.46303
-30136.3073
-35179.8231
77
-90175.0938
-25757.328
-6077.56727
-6772.50055
81
-10378.7432
-35712.4202
-19579.8646
-56455.2293

2185
-589.402782
-14096.5399
-7020.71384
-20358.3431
2189
-13722.3667
-3938.84104
-4254.34587
-31457.2727
2193
-4603.99844
-17236.1734
-11712.1398
-1638.13089
2197
-24213.4952
-2015.19424
-61045.7007
-18097.9842
2201
-4495.21711
-9024.03363
-31429.6899
-2939.1597
2205
-1773.69921
-7028.27726
-39823.0363
-6728.51622
2209
-15661.5076
-18719.8813
-49823.5674
-3175.41098

2157
-9477.85504
-104360.03
-16800.1865
-2629.0259
2161
-7245.04686
-94521.2283
-17215.0902
-19288.6905
2165
-2864.89417
-106892.581
-2398.51285
-1500.60922
2169
-19540.5343
-6229.89334
-23457.7238
-19436.9495
2173
-12285.6347
-9480.39742
-4686.35057
-55651.9283
2177
-10396.0136
-2533.85744
-37205.8234
-6171.04784
2181
-6286.03209
-3365.13577
-17843.7196
-5560.13808

1
-12451.8948
-23787.6277
-2551.22527
-32688.7186
5
-28543.6357
-22904.388
-16345.3005
-21390.3826
9
-7257.29019
-57664.4998
-7644.2585
-18045.0536
13
-18113.0278
-62334.2222
-3638.14857
-3165.50895
17
-16268.339
-14506.7038
-11151.0071
-16475.2671
21
-15780.1819
-9585.21286
-7750.65751
-23752.8639
25
-5057.7322
-14650.5842
-35448.0952
-4837.494

337
-5902.61138
-7100.78691
-6999.08052
-11015.5889
341
-18810.5573
-1804.01368
-5177.65749
-46984.5685
345
-1502.77323
-11942.1224
-2079.84538
-17252.5569
349
-12250.1084
-23927.618
-10158.5161
-5956.68727
353
-18072.5752
-1632.78967
-20237.1662
-3364.7989
357
-56810.5059
-71214.6303
-29496.5284
-6854.3735
361
-4986.95515
-3696.4096
-31147.2891
-65026.3344

365
-14890.1172
-80172.6816
-5001.62781
-10617.5385
369
-13657.3854
-11836.1829
-3007.31511
-2027.66692
373
-20991.9342
-4878.7999
-30452.3748
-8502.04322
377
-50303.8554
-17262.843
-35297.2245
-3223.06665
381
-3687.66684
-1796.93135
-2696.42038
-21214.5023
385
-61517.8116
-4920.77616
-34578.8852
-42470.0532
389
-18476.205
-9360.76193
-8739.27003
-26732.7563

533
-10888.2979
-4882.89754
-6185.13304
-15024.4805
537
-13611.2034
-33090.4558
-4747.09415
-29226.3583
541
-45890.2861
-15315.4312
-2800.56715
-24314.2878
545
-19388.3386
-95911.3428
-3093.07909
-1112.63645
549
-10865.2828
-1816.67352
-28169.4632
-10799.265
553
-19358.6204
-45099.5966
-39667.451
-46581.6261
557
-2569.31951
-19066.3495
-13520.0871
-18629.2529

617
-21817.207
-18667.6461
-8744.88355
-16253.1719
621
-17897.4088
-17317.2294
-19526.3337
-11511.268
625
-26029.4677
-25680.8817
-10939.8665
-6954.06636
629
-6720.19852
-20324.4048
-27251.9422
-36441.1608
633
-12352.5927
-13962.0467
-4408.63401
-27653.3243
637
-10609.3987
-7301.19381
-32074.5811
-9245.21472
641
-20402.1618
-29232.2348
-5332.82989
-15291.5811

1401
-18305.1454
-3777.58399
-11064.6758
-38797.4904
1405
-3961.51164
-31049.4853
-3480.55542
-15035.7563
1409
-27810.4189
-3764.51234
-4523.7908
-4234.01922
1413
-65180.2372
-4813.01846
-4278.1823
-318.951076
1417
-2727.91823
-10603.1845
-23003.3517
-25553.2871
1421
-11164.3363
-15250.6749
-7048.54608
-112643.468
1425
-29709.4317
-1815.00043
-6833.82281
-9993.744

1681
-2990.43524
-3154.6927
-31303.42
-17121.6195
1685
-30817.4551
-6784.01998
-26223.8069
-5743.37312
1689
-50593.8354
-23226.2332
-8460.47704
-13575.249
1693
-10761.7471
-3296.87249
-2979.78366
-12092.7699
1697
-13854.0738
-7571.03038
-3326.1229
-19540.9124
1701
-16995.7505
-16326.7872
-3563.5093
-12859.9744
1705
-4420.06277
-14135.1553
-41730.8013
-508.281293

281
-2884.30376
-6279.64057
-3686.43387
-11953.4381
285
-14451.1153
-5619.92014
-1473.82625
-34160.7766
289
-3739.07999
-2333.14175
-8871.53949
-5785.83336
293
-1835.75252
-2074.94291
-82516.687
-42934.9074
297
-3376.2714
-22466.9398
-2544.32002
-2032.64912
301
-8306.47993
-18185.7918
-1556.76939
-27563.2164
305
-34415.9572
-44541.2264
-7332.95208
-6722.93504

981
-2018.80335
-3947.02288
-7266.94754
-7105.42214
985
-1657.79249
-6570.87069
-70093.806
-35107.1903
989
-1442.3342
-3327.5093
-79735.1764
-9177.91114
993
-12142.4285
-25674.1469
-2834.38443
-74775.3143
997
-5855.51511
-7702.04914
-2493.76572
-3404.89818
1001
-2714.53544
-100592.26
-54220.528
-54742.539
1005
-60172.6464
-51711.1793
-1298.96915
-19544.6554

869
-9635.60126
-950.445089
-8269.21527
-10868.9413
873
-2090.93872
-3573.12479
-22385.7183
-3386.05136
877
-4800.98698
-22049.8517
-5259.80775
-18635.3843
881
-2282.56657
-45965.008
-62431.0222
-17349.1811
885
-19167.0773
-24719.099
-2225.28957
-4689.95915
889
-11128.7437
-8710.2796
-24798.0496
-18283.6701
893
-38175.8275
-10376.8499
-28801.7042
-83727.9996

449
-53424.7144
-1606.66248
-34225.5687
-6724.52487
453
-31502.1225
-1675.52371
-31953.9878
-8214.93134
457
-16444.8779
-24537.5932
-19758.2501
-19514.3766
461
-1741.42114
-20289.6158
-2508.96138
-13318.6199
465
-24487.7965
-9185.89266
-70300.9195
-17478.2239
469
-39751.5058
-2378.64773
-1091.99844
-7800.75782
473
-7309.99879
-13111.0087
-13573.6067
-3160.04823

841
-3888.23999
-2389.60855
-51636.3084
-9322.8403
845
-20779.9235
-61865.0076
-33068.9386
-10924.9322
849
-7859.2557
-6113.55347
-42563.0894
-86730.9771
853
-255.128975
-1382.77871
-30580.0672
-38616.1694
857
-11244.2143
-12868.7205
-2885.32356
-96037.8323
861
-11290.602
-6985.34386
-19050.3052
-16309.8669
865
-4466.2516
-1145.17198
-13098.7933
-2075.22091

421
-13056.0103
-37923.7143
-13521.5426
-59730.1483
425
-26663.5423
-1724.08531
-11727.655
-17274.9252
429
-28124.9971
-5468.77199
-2906.97976
-12291.2912
433
-9391.75525
-23266.1545
-62179.2784
-19942.5253
437
-6125.14298
-12925.0306
-9084.49588
-14263.8417
441
-61552.3617
-9151.94739
-52909.1034
-8134.22132
445
-20372.7981
-42968.987
-15288.0148
-21501.405

1849
-54441.9046
-12473.3004
-51484.8456
-16092.2179
1853
-43098.6619
-37716.0077
-32305.107
-47219.035
1857
-5512.23745
-13466.4191
-1841.6566
-44362.606
1861
-18671.4591
-12367.3588
-32423.5168
-31668.5712
1865
-13700.5493
-31974.1956
-13700.2479
-18461.2878
1869
-23417.0736
-34524.5445
-2836.4789
-2747.20961
1873
-12906.4075
-17181.7375
-18438.4019
-9259.04678

1877
-22684.3823
-19136.6723
-19911.7832
-55993.1712
1881
-35785.8036
-5436.59495
-3243.66968
-2906.49174
1885
-25243.1953
-14327.411
-10846.2459
-26335.2499
1889
-5851.51822
-19587.2177
-12751.0354
-16189.497
1893
-3376.64222
-55073.9238
-43179.6213
-2941.08455
1897
-3356.33228
-99250.4909
-42564.0505
-19194.5434
1901
-24418.9506
-27598.4732
-4348.80217
-12009.0758

1205
-19312.0495
-12714.6094
-22102.8624
-9024.46805
1209
-19473.6102
-44531.6458
-15753.434
-13958.063
1213
-44749.8682
-4207.55029
-17646.256
-1584.47025
1217
-10858.7099
-9405.2475
-10685.1736
-23327.0333
1221
-15927.6935
-1654.60007
-17212.8764
-17288.411
1225
-23921.5084
-5560.27146
-34207.8007
-4597.54144
1229
-1123.86872
-25619.5445
-13444.6804
-4901.15051

645
-18724.9787
-58897.7979
-64294.5289
-13146.21
649
-1861.76642
-39296.3622
-6764.41647
-14609.4946
653
-46725.1344
-26709.0329
-23273.576
-30777.2055
657
-20016.4009
-14283.358
-50573.7433
-24129.6527
661
-4451.87783
-60442.9617
-10692.6184
-7169.43878
665
-2938.51608
-9704.41366
-25085.3121
-5078.91088
669
-1299.77758
-9414.28962
-15042.8679
-4044.25487

813
-55628.7077
-18673.203
-4316.92082
-7718.7727
817
-6757.67555
-5476.81329
-38866.0181
-5934.26492
821
-4532.3495
-63746.1386
-6221.21415
-6059.69605
825
-17958.0291
-20080.1023
-25669.8942
-26912.085
829
-4162.08939
-5136.34527
-1368.63746
-22276.3264
833
-58389.6352
-3793.69996
-622.524094
-11820.6881
837
-3809.29601
-3167.12004
-34740.9815
-10509.1838

1317
-20907.1352
-19917.3002
-5755.16608
-24816.3682
1321
-11984.9273
-58828.4751
-31290.0665
-14204.0801
1325
-3112.54451
-21204.831
-13376.3658
-6464.748
1329
-17871.8304
-53466.5883
-9303.32674
-1951.11593
1333
-34796.528
-2126.07069
-60006.7064
-6954.5927
1337
-1269.87373
-19361.7854
-32261.8269
-6481.61871
1341
-6445.1869
-33917.1334
-3098.44902
-434.823277

1373
-31250.3456
-9024.38802
-39571.2456
-14928.9645
1377
-19555.5651
-30912.3555
-33853.2949
-19544.002
1381
-10890.4994
-750.312221
-32287.8021
-26724.7654
1385
-4503.15107
-890.292299
-49732.4751
-30844.468
1389
-22479.6625
-30988.3135
-23353.1686
-936.172183
1393
-10906.7286
-19631.5169
-30031.6489
-7349.58407
1397
-10597.4678
-19614.3171
-54883.8068
-7547.03786

953
-5154.75583
-19026.2607
-12785.7903
-25977.6053
957
-2028.23887
-21418.8506
-6984.63214
-3244.43963
961
-15223.9446
-37540.1152
-39444.9373
-13310.3578
965
-8257.66373
-8252.15758
-5870.56717
-32612.6457
969
-9245.43317
-2292.56467
-11162.0399
-29221.184
973
-10281.2057
-26596.6205
-3071.4896
-25221.0067
977
-12984.4107
-11754.0728
-12825.0711
-17966.7746

1345
-5371.9883
-7551.2299
-9354.13018
-22705.4923
1349
-33537.1765
-15291.2931
-13726.5156
-15133.9517
1353
-1526.32585
-42243.9902
-36960.2471
-22431.9672
1357
-15856.5286
-18942.1861
-20913.0448
-3033.97173
1361
-19030.3036
-19029.6974
-19068.9371
-8727.93921
1365
-2672.84567
-5713.48081
-41518.9252
-36853.0548
1369
-41123.1114
-1562.09039
-30814.7045
-11105.1042

1821
-11542.6028
-44209.0685
-14546.5544
-8664.55345
1825
-11852.686
-5066.31802
-18575.6289
-21812.8692
1829
-6849.68297
-21739.3137
-15061.4761
-19622.6647
1833
-11007.9319
-5818.2421
-5579.68928
-5719.95693
1837
-3740.45489
-5761.46093
-3843.13236
-11771.9575
1841
-14775.8854
-48766.9656
-4005.90661
-17104.5925
1845
-11873.0391
-1625.5834
-24599.5762
-24174.874

1233
-41450.5835
-6656.25252
-16975.8884
-25158.0043
1237
-14340.9044
-33051.5777
-17426.6114
-38917.545
1241
-13103.0629
-15797.9578
-3597.47187
-3339.77174
1245
-3606.81953
-6823.74344
-25372.4578
-2878.19305
1249
-5757.43497
-9123.41257
-9506.5072
-12662.0032
1253
-8290.1637
-59019.0957
-19231.5687
-11273.1733
1257
-13069.1041
-2487.76054
-819.075186
-4559.88723

1961
-6754.38215
-25469.6684
-54687.5481
-5340.73201
1965
-2876.77642
-1889.53245
-2509.7552
-57603.9659
1969
-59192.8387
-5018.18385
-20145.0643
-23781.6614
1973
-9711.56401
-31233.8896
-11978.6623
-3330.48955
1977
-30928.2588
-41599.5645
-8748.84314
-27535.1599
1981
-4442.16061
-10088.2091
-17786.9281
-31209.2188
1985
-20788.3667
-6970.16064
-2035.72444
-46476.9563

1429
-20742.0187
-22518.462
-44626.8098
-24619.8783
1433
-3224.28104
-8375.67154
-28282.8549
-10729.7692
1437
-12741.3041
-10598.1712
-32676.8941
-14388.3776
1441
-17643.6406
-5572.24391
-20182.9727
-10391.4382
1445
-11185.428
-27044.7819
-12270.0383
-3498.12548
1449
-10908.2096
-10177.7144
-3881.17842
-1265.69145
1453
-10544.9834
-26414.1467
-19133.4063
-9405.11157

1905
-3772.22183
-47621.5439
-2078.01308
-23734.7736
1909
-3668.30464
-10994.4716
-1008.93117
-28179.8046
1913
-61469.2787
-40625.8734
-5739.56934
-23004.768
1917
-12131.6228
-3928.37903
-8592.95148
-17751.9779
1921
-9577.96512
-14174.8075
-16871.9666
-19786.7327
1925
-7992.10428
-7312.02463
-15517.4501
-36498.2134
1929
-9216.86999
-9770.42311
-7347.4271
-24199.9109

1765
-13847.8716
-6249.48988
-14270.7658
-11797.4663
1769
-12334.4149
-10542.473
-7287.35809
-8329.34933
1773
-23360.2171
-3284.98069
-7250.53241
-62588.4473
1777
-9535.48985
-1622.07195
-51424.2606
-51475.6094
1781
-42423.3942
-42914.4552
-5637.15241
-11633.3933
1785
-79815.9536
-1344.14039
-8578.68901
-19062.7128
1789
-12412.5569
-9457.1502
-10601.6691
-2116.53619

505
-7516.24429
-48166.1532
-4853.40808
-34542.1601
509
-12570.6263
-30154.4593
-10188.4718
-4155.24376
513
-4305.14686
-1822.90775
-22174.5319
-1553.40283
517
-32619.05
-2591.79366
-11427.8358
-45431.2977
521
-27856.4212
-19308.2768
-4521.47519
-4656.51299
525
-18248.9565
-2759.45376
-10368.2717
-15212.392
529
-19275.0914
-106418.88
-7010.80889
-3399.93565

1065
-14577.2741
-18180.0889
-30192.7411
-13405.5785
1069
-3686.15313
-24545.0518
-11954.4252
-1186.42523
1073
-7341.54911
-3272.30016
-5377.61849
-4259.35261
1077
-23457.7252
-7638.03342
-34003.6427
-23368.1896
1081
-22048.8831
-17343.1306
-67760.8456
-7434.48591
1085
-7192.42376
-1783.10157
-14153.2107
-28517.7872
1089
-15493.0001
-3542.59206
-6390.0656
-4396.55884

1485
-18938.1932
-34942.2613
-2540.06326
-9622.59514
1489
-14818.0567
-2884.0549
-29227.9548
-19032.0252
1493
-58821.0183
-28169.1296
-11366.2548
-19161.7576
1497
-13174.4902
-39761.536
-17768.6755
-12829.5773
1501
-49034.826
-2523.16341
-25766.5716
-4507.01873
1505
-3957.00136
-8703.81783
-3882.83066
-22967.7457
1509
-105424.237
-16815.9735
-9144.71486
-15759.4265

1653
-5420.20049
-9768.14036
-7746.31808
-1410.48288
1657
-12781.2746
-10282.2418
-3901.8727
-19118.3651
1661
-23332.7841
-611.691194
-11547.1261
-7182.04588
1665
-11863.0059
-13749.8232
-1294.57454
-16333.6822
1669
-12695.0129
-2187.35994
-18992.6112
-8195.47062
1673
-53427.1337
-4755.54224
-30280.3114
-5982.05904
1677
-61386.7597
-12086.7791
-32889.3333
-6496.62017

1541
-12864.4048
-8901.76255
-56302.4195
-6950.95107
1545
-2072.66831
-19787.1071
-25025.2601
-3024.4927
1549
-21673.2192
-23475.5091
-3294.92177
-6292.03014
1553
-6248.59303
-11621.6577
-9196.91951
-5193.50241
1557
-3698.77593
-12721.1759
-5805.7612
-13140.9324
1561
-8254.05499
-1422.93864
-30154.8242
-545.119937
1565
-34755.5173
-12705.6046
-29484.0415
-22567.0925

1149
-10957.6795
-7154.31402
-4901.91395
-2327.77784
1153
-3924.77639
-16305.966
-3772.03699
-46543.0325
1157
-52917.7727
-23521.7313
-28137.5242
-43818.2787
1161
-67916.3242
-9221.53864
-10377.806
-7504.02251
1165
-5807.93677
-48879.3746
-38204.1511
-50115.4221
1169
-6028.91163
-8254.17053
-42028.6025
-11752.8766
1173
-17938.2636
-2654.25466
-836.881715
-4273.98295

2073
-3965.89017
-3722.46827
-8353.45461
-28152.3516
2077
-5930.24553
-22626.7089
-4948.74545
-4854.25767
2081
-14456.4088
-7019.95074
-9828.55136
-17306.8694
2085
-2551.92851
-8641.41212
-14046.5833
-11430.8389
2089
-11881.8007
-13953.0991
-3792.6289
-1268.90387
2093
-15232.9317
-4293.62852
-48406.9666
-2219.65331
2097
-8355.96365
-9116.53549
-1917.42774
-24106.8852

1597
-73330.3089
-18470.8813
-3287.98828
-34343.5038
1601
-5645.30094
-13172.3676
-1549.68853
-16798.2049
1605
-8161.57472
-9264.16578
-9563.30312
-8425.03042
1609
-2299.83651
-6560.64482
-8638.30326
-44483.3659
1613
-23656.9027
-6249.42656
-1771.93528
-75743.9361
1617
-27487.8866
-18668.222
-4050.69964
-8853.42565
1621
-1949.30789
-5841.25169
-26046.6842
-1318.55843

1569
-6738.9632
-6028.45827
-61827.0679
-9088.79743
1573
-34567.2841
-10679.0597
-16499.5194
-9222.76924
1577
-9999.71725
-99346.3346
-4457.49475
-24811.9701
1581
-10524.4316
-12755.7656
-26293.3782
-60490.4866
1585
-5400.77183
-15166.3076
-2173.69248
-18640.4824
1589
-9063.38705
-3064.09551
-17030.9224
-18688.2707
1593
-2417.66772
-16632.2634
-2061.16466
-4082.76091

1121
-13433.7096
-19445.5735
-16635.0415
-11206.6963
1125
-19042.975
-9137.29206
-13320.8265
-5052.84816
1129
-33868.7623
-2045.93778
-4382.58427
-12805.4997
1133
-4994.99391
-2136.91899
-46161.707
-42453.4205
1137
-9459.12727
-10894.1113
-2474.5785
-36855.3097
1141
-7638.40859
-21183.2701
-15878.8847
-19377.7811
1145
-6982.46785
-30880.9635
-2685.06346
-1608.44994

1737
-18224.6076
-38305.4776
-10440.7988
-26097.7247
1741
-53459.1187
-41537.5425
-3533.41318
-35919.9614
1745
-17429.0715
-41626.9341
-10373.9338
-38622.6785
1749
-6459.13217
-16759.098
-2392.98325
-15868.4122
1753
-16994.1159
-25260.8363
-15963.9363
-10854.5524
1757
-9579.46192
-8526.41012
-15023.5397
-41509.45
1761
-6717.28655
-16949.2976
-5361.27811
-12133.243

1933
-12612.6209
-63036.7969
-13762.7137
-46069.035
1937
-4713.26538
-17003.7331
-18903.2296
-2855.23679
1941
-7810.52238
-6336.76165
-57866.6348
-40955.0368
1945
-6344.68621
-14528.3209
-17965.1817
-4528.00829
1949
-13731.4484
-3049.28382
-5553.94506
-11070.6015
1953
-29657.0972
-3418.7665
-18443.9692
-1639.73911
1957
-1298.92131
-1449.66727
-64814.6319
-19047.0451

1793
-14304.0869
-19615.5795
-13042.6087
-37789.8795
1797
-26028.8783
-18453.4649
-19290.4219
-12602.3426
1801
-3628.96802
-18274.3735
-12521.2688
-32985.131
1805
-13721.4708
-17105.0649
-2401.43448
-19680.805
1809
-6754.69956
-32688.2607
-30018.9772
-18571.7314
1813
-53198.7232
-30720.1037
-7679.68278
-76011.9411
1817
-3786.99851
-9016.70903
-24122.971
-5811.305

1177
-28244.6795
-2398.1217
-1852.26114
-37699.1374
1181
-4959.3862
-78908.08
-46103.8369
-11839.7825
1185
-31777.8234
-13634.0846
-9093.83593
-3386.76338
1189
-11067.6053
-71918.5239
-9494.141
-2560.10157
1193
-5850.13384
-48160.0486
-1296.72662
-8099.45969
1197
-7298.92754
-36069.8329
-9540.17841
-40190.2626
1201
-933.745187
-41158.885
-2570.76182
-16337.8903

1709
-4020.49256
-25906.1239
-2745.3523
-14110.759
1713
-60423.1199
-21571.5014
-3305.17178
-17565.2965
1717
-7645.20213
-8615.67072
-15503.2903
-31029.3969
1721
-109331.571
-1909.96333
-19491.4059
-21039.048
1725
-19521.8112
-6822.8453
-3170.15281
-13011.4161
1729
-2035.80502
-6181.39304
-16277.2131
-13949.3576
1733
-12009.2132
-4368.95557
-46651.1473
-17725.3829

393
-4603.25103
-13085.164
-12755.7516
-9539.65783
397
-6681.26404
-11232.2581
-61246.58
-24557.2417
401
-6319.77004
-50446.2285
-43268.2777
-37381.168
405
-14432.4602
-4619.24247
-3343.25135
-49031.9592
409
-1499.5901
-16246.1903
-5042.54929
-2017.96437
413
-8506.83812
-13311.1062
-11815.2053
-4244.4253
417
-1403.50677
-6851.04926
-26657.2454
-4859.83245

2129
-3411.18751
-40665.5021
-929.094134
-91464.6658
2133
-54884.0713
-1927.63291
-7968.40581
-13265.9221
2137
-14106.4113
-24778.0194
-32516.6536
-4105.18913
2141
-42147.2892
-16858.3783
-17089.1667
-5285.16891
2145
-9794.78002
-3810.24763
-7034.86935
-20120.7084
2149
-45951.2899
-11273.3503
-11620.7928
-20210.503
2153
-90044.1232
-15672.7934
-25844.2314
-17467.5993

1037
-25124.3199
-42360.3886
-5808.20676
-36003.5993
1041
-5829.62797
-14339.8317
-26765.8192
-9527.45691
1045
-5459.50982
-63343.6529
-26458.3036
-15095.1728
1049
-42986.78
-7223.14282
-34675.394
-11822.7277
1053
-1302.8212
-21257.9955
-2546.93669
-57361.4023
1057
-2875.596
-4989.88805
-9747.71351
-15208.1687
1061
-49614.7825
-15592.1073
-49251.6783
-11167.2351

2101
-35083.4659
-53251.9277
-19426.8584
-32961.0442
2105
-39846.1246
-2851.27807
-9585.10141
-378.269653
2109
-4243.45562
-29080.967
-35184.9
-2865.95036
2113
-21149.0922
-1990.9309
-6446.48682
-3761.07248
2117
-8985.86907
-5595.07677
-22396.0658
-2664.19341
2121
-9396.65858
-22245.6198
-16724.0351
-30079.8447
2125
-27833.752
-734.06021
-14145.4657
-2760.52244

1989
-36569.093
-3398.76575
-7713.79448
-2903.88823
1993
-25392.5018
-4904.68159
-17263.114
-5438.21029
1997
-1339.06807
-15946.9854
-19633.387
-17260.2294
2001
-109238.966
-5332.82382
-17716.1816
-11799.8569
2005
-1746.92529
-59979.7287
-19454.5602
-22581.7119
2009
-10501.2764
-53916.3431
-3936.6739
-20936.5541
2013
-2841.75171
-39208.7379
-36165.8137
-16014.3921

1457
-18436.9661
-9390.26223
-26878.5538
-3848.61856
1461
-3252.16088
-5614.78217
-20759.129
-3779.29285
1465
-11244.64
-23616.813
-25524.7382
-768.717248
1469
-1990.05875
-13431.3839
-34591.0832
-13079.8935
1473
-12843.0809
-13317.7993
-19143.6119
-1620.2558
1477
-8307.26516
-13077.976
-14735.5794
-4521.32053
1481
-8448.95752
-6669.50818
-43016.1887
-725.43879

925
-12181.2238
-9256.62829
-7946.41089
-9491.42434
929
-1723.40601
-23870.4692
-8538.2239
-433.278579
933
-6163.05072
-14216.9352
-9511.03236
-9670.74372
937
-33100.1371
-27903.0079
-15705.4679
-49540.3181
941
-22073.1669
-5637.80229
-54434.7948
-6165.60949
945
-2419.60468
-27732.5545
-23565.8035
-50681.0508
949
-4982.07473
-10318.693
-2297.13589
-39059.9502

1625
-11800.0911
-3098.9364
-8705.53647
-95363.3377
1629
-7838.44597
-2431.21764
-3864.65455
-5751.08945
1633
-19613.3951
-41030.6313
-19524.9291
-29323.8599
1637
-3286.87361
-2043.39493
-45970.2615
-7940.09908
1641
-3036.70783
-2273.21975
-9653.43452
-8486.53711
1645
-6847.65074
-20752.0105
-29452.9346
-2659.78999
1649
-2343.36574
-32038.5724
-17324.4152
-9366.14671

561
-18836.4122
-9950.22929
-13470.3322
-1393.18362
565
-19359.6317
-6886.35787
-2194.58466
-9865.76372
569
-8297.65323
-1371.58619
-15626.9011
-3473.02481
573
-3853.07523
-32943.9354
-19305.2606
-33893.7195
577
-17941.8032
-8968.9533
-23205.1904
-7010.7119
581
-13102.0128
-14768.6629
-72433.242
-4615.31916
585
-2826.07693
-19257.7437
-14625.5471
-14614.4215

1261
-4517.83252
-15716.701
-1646.70243
-1025.58739
1265
-16577.8348
-2132.00521
-2606.11683
-24840.6699
1269
-10029.6372
-11059.693
-7392.70291
-2145.58577
1273
-6189.78103
-6989.62524
-3783.37506
-59797.6764
1277
-3179.41663
-4919.15202
-23050.7701
-9009.36783
1281
-10441.5393
-6297.13629
-15535.3317
-12350.0705
1285
-6098.37927
-9842.69664
-55190.9646
-13857.846

1289
-10349.9754
-56649.6585
-5506.19212
-7685.01068
1293
-2529.42542
-63404.1516
-17804.1781
-16232.781
1297
-26878.8743
-52728.8264
-12123.6094
-6200.42724
1301
-43053.691
-8299.51827
-12251.0407
-22085.7278
1305
-15017.0476
-18197.2783
-4964.72539
-5551.58942
1309
-21443.6044
-9862.14453
-18159.4795
-30806.474
1313
-19336.0903
-3326.3957
-14733.5236
-2578.33319

897
-2431.73839
-17705.7616
-17652.5967
-51027.2144
901
-16760.1432
-9079.91643
-15325.5981
-1549.5466
905
-5943.42766
-40882.9079
-5316.9644
-18058.5717
909
-32522.5673
-2111.56766
-7680.1914
-29764.7374
913
-2749.55654
-10619.964
-23867.075
-30451.5961
917
-9475.62402
-33893.662
-57478.7703
-55628.902
921
-55314.8206
-6438.87418
-16135.9167
-20067.6369

2017
-5657.63112
-1325.02748
-7585.5431
-1855.18688
2021
-33921.4664
-12308.7634
-16599.0027
-5164.08146
2025
-10695.2556
-3724.2845
-46479.189
-40851.1434
2029
-25527.4194
-24398.5395
-35191.75
-1587.62625
2033
-18303.2545
-37459.1619
-19130.5367
-22644.9511
2037
-11343.3028
-2303.0029
-35279.0777
-2137.92091
2041
-18744.2203
-44098.051
-41219.6499
-8077.30931

309
-13722.3291
-4983.66607
-91168.6864
-55995.1703
313
-4802.45514
-17202.729
-5092.56185
-32032.1138
317
-42080.7725
-4195.12086
-21277.2029
-28468.2032
321
-13579.375
-1497.56862
-41893.596
-3642.39811
325
-1844.82717
-32267.837
-18236.476
-16789.0314
329
-5840.35054
-4515.72764
-1599.35576
-8206.78228
333
-2099.96919
-8168.80591
-7078.89946
-78428.2137

1009
-41679.7145
-3503.11707
-2787.31445
-741.283693
1013
-2596.9836
-10249.0327
-9740.62108
-16221.533
1017
-81641.6075
-13825.6397
-27423.0005
-5084.2097
1021
-5753.54038
-15876.9166
-6014.80774
-3443.54829
1025
-2062.42174
-9638.6663
-19500.081
-6664.26962
1029
-13780.5055
-22684.5762
-32586.9211
-4801.41177
1033
-8877.22794
-2399.33573
-10292.0909
-9818.55163

701
-1769.16228
-11123.9804
-16623.2028
-29266.736
705
-8493.35394
-13342.0093
-3369.93431
-15626.3587
709
-4198.97116
-1933.49006
-1119.16111
-8169.83064
713
-51397.1551
-18675.3901
-6834.72008
-20204.1686
717
-3997.54079
-6911.72607
-6594.75998
-23805.4975
721
-38682.1624
-46127.4813
-3594.50106
-2804.08634
725
-6206.00702
-2389.04834
-17200.3048
-83888.0433

729
-2478.8677
-93545.1291
-19493.6403
-4931.22185
733
-62759.4703
-1136.09317
-22551.5439
-10755.3152
737
-2210.60565
-1517.87531
-13722.0683
-17022.7731
741
-13196.7927
-14415.5915
-5932.22671
-703.441875
745
-6290.77748
-46255.7186
-3394.05358
-9526.127
749
-8762.89284
-53879.0568
-16587.1756
-27742.7173
753
-14451.7572
-4117.09401
-27472.0849
-17626.6983

673
-18925.9524
-706.112053
-8623.71498
-8779.6317
677
-37893.8693
-4776.37826
-15910.7729
-18330.7966
681
-29564.1221
-1445.15885
-19101.3337
-8217.24232
685
-56282.2061
-8809.39244
-75579.6978
-4602.90545
689
-1158.11356
-27200.3687
-3342.95476
-14925.095
693
-1235.76858
-18218.2452
-9555.57341
-19381.675
697
-8641.98035
-4313.19348
-41149.7035
-5313.8612

589
-5335.2716
-6908.69157
-6669.01475
-10658.1094
593
-11795.4502
-7016.81052
-24012.9894
-17367.056
597
-4169.83994
-45098.4151
-8198.10185
-8793.36695
601
-8977.95503
-8520.70193
-25279.875
-43354.6145
605
-2084.60308
-3118.8303
-3448.40203
-8066.1893
609
-1300.73397
-6602.94765
-3864.37729
-23175.2009
613
-610.955165
-28707.0513
-15418.6495
-15536.2482

2045
-35864.4641
-64440.6457
-13051.2704
-36528.3459
2049
-10757.9649
-1496.75805
-5414.99907
-13429.9926
2053
-21600.6357
-2341.50725
-1568.81542
-8053.27096
2057
-33045.0672
-11597.1552
-7719.84634
-15083.1996
2061
-68328.617
-14658.0151
-58954.8007
-11809.6198
2065
-3729.50135
-8838.34655
-24044.9504
-16957.0113
2069
-29651.9028
-13621.0348
-35470.684
-7371.06884

1513
-8321.35368
-4833.92816
-16822.3208
-14286.3538
1517
-33090.295
-3015.33547
-15950.3862
-3709.9497
1521
-19512.6778
-13849.6767
-2592.57517
-7475.02829
1525
-14882.6164
-2257.09174
-10353.1656
-19467.0899
1529
-23656.0646
-7261.49769
-4657.85793
-11390.4205
1533
-2066.78968
-34482.0089
-29740.3384
-7190.98854
1537
-5417.84394
-86214.0513
-17152.8292
-11576.901

1093
-6048.52106
-9239.03871
-23478.7536
-16912.7278
1097
-4011.54942
-21045.4573
-16065.2486
-42149.0226
1101
-42226.2526
-22484.7125
-25209.4214
-6832.10944
1105
-5104.36339
-2297.13962
-12170.0369
-20462.0258
1109
-13903.0662
-24514.6504
-5232.215
-19317.76
1113
-13548.5241
-15083.693
-1621.5615
-15955.7095
1117
-7603.1234
-16635.798
-4552.15173
-56595.4424

477
-2295.74002
-2088.62716
-19304.5498
-16577.5318
481
-3589.5384
-13691.04
-5936.27633
-5276.05707
485
-2329.42672
-53285.9849
-1198.16954
-11677.9398
489
-6777.57872
-26127.2382
-14787.7682
-1090.62027
493
-63143.6363
-22340.1769
-24753.4876
-3865.91461
497
-23054.6007
-31372.9141
-20919.5417
-77978.2845
501
-7699.44198
-8417.12127
-4772.7863
-5608.14078

2297
-7392.51822
-3953.64505
-12527.877
-17393.2995
2301
-8334.77768
-49054.5466
-92876.0422
-20995.0425
2305
-822.743962
-18489.2489
-11898.8883
-60044.3494
2309
-4337.28833
-4775.97037
-10806.1761
-37402.6697
2313
-59608.7204
-19438.6555
-5233.6532
-3824.15173
2317
-20302.6024
-110070.068
-3135.1987
-4066.13539
2321
-17566.8484
-13765.8184
-14229.2683
-7378.18044

2493
-18885.1512
-4703.50342
-10924.1838
-97002.978
2497
-6661.03508
-4087.15436
-9133.50579
-10479.5157
2501
-12950.8507
-35654.7264
-40897.2953
-4399.12073
2505
-14005.5771
-24108.9954
-6053.13805
-9611.87449
2509
-3897.12252
-3974.68122
-5358.92706
-50791.6041
2513
-2963.14514
-18764.8305
-3101.09649
-8509.98095
2517
-11421.4624
-15077.9729
-6610.92615
-47347.9578

2325
-60385.2273
-9113.40953
-2222.24186
-6947.89835
2329
-11199.984
-11301.9124
-8806.73729
-3692.39446
2333
-18836.3934
-9430.90683
-8861.02863
-2262.52642
2337
-14158.8564
-53344.0217
-13535.1729
-18529.3325
2341
-4239.73571
-4713.06513
-10136.7704
-5500.90618
2345
-6685.13098
-34122.8836
-20764.813
-14885.4184
2349
-13600.4717
-15504.472
-19307.0694
-10436.2129

3053
-43806.0491
-8712.11499
-11858.7948
-39995.7121
3057
-15949.4037
-1799.97778
-24182.6999
-5972.36434
3061
-42767.4946
-1770.83424
-59939.4506
-5891.04034
3065
-2510.8114
-19543.0985
-3127.45776
-11460.3917
3069
-19007.0965
-20813.4288
-5398.44215
-6485.60325
3073
-3803.19949
-36618.9539
-41714.9262
-29775.8688
3077
-21343.6827
-8777.10667
-6972.00919
-2686.07273

2661
-13593.1522
-15332.3348
-4304.1647
-27517.2927
2665
-1391.63262
-8560.31478
-39180.4617
-20628.1708
2669
-13440.066
-18965.0679
-20993.0356
-3424.19312
2673
-21976.297
-7680.74619
-18885.168
-10983.1453
2677
-4965.67976
-11114.0969
-10637.0294
-3265.03825
2681
-4843.03802
-4686.00868
-12699.2202
-28703.383
2685
-49445.6662
-8311.39248
-4571.38294
-5745.4479

2969
-24639.8893
-13323.9111
-18259.1857
-18819.7176
2973
-49792.3922
-53162.0548
-2085.52884
-1326.8926
2977
-2997.46496
-2697.56476
-7749.71739
-25732.1178
2981
-17715.4843
-1377.1701
-16810.4678
-5986.16802
2985
-2398.68259
-19623.3792
-25784.2238
-4664.66498
2989
-1079.27506
-13067.0273
-22753.4102
-22119.4867
2993
-12995.2153
-58717.8335
-13566.3927
-24103.673

3193
-3775.10407
-15416.0685
-14574.021
-47438.9919
3197
-4718.28993
-10413.5352
-15282.6342
-2922.8088
3201
-24718.6605
-10600.5979
-46422.8318
-29932.6918
3205
-2838.40589
-19501.8201
-34979.5589
-19635.6184
3209
-3794.09881
-11347.0038
-27432.9068
-1333.54414
3213
-51645.7737
-39226.5346
-3623.08367
-2732.1502
3217
-30339.9767
-76706.6621
-4305.67313
-1541.68634

2409
-4903.87079
-60042.3297
-21785.931
-15364.8176
2413
-13382.8692
-23179.8841
-74338.0223
-65532.9111
2417
-1390.69287
-5760.24549
-430.259683
-16192.5291
2421
-5123.22896
-25973.2995
-2472.76293
-51978.1498
2425
-19048.6791
-3927.3384
-8219.07968
-38606.5753
2429
-22370.41
-11816.716
-19088.339
-17895.2818
2433
-14179.6489
-14175.3861
-4158.14527
-1229.59844

3025
-9570.53721
-12763.257
-1075.35467
-22112.694
3029
-6746.08236
-36940.7235
-38060.115
-13874.4136
3033
-10334.367
-24543.1004
-12864.2462
-2619.35807
3037
-46210.3632
-11799.4912
-4919.21442
-18953.6003
3041
-6297.47319
-27511.7874
-18582.8429
-8669.97631
3045
-5588.82655
-6281.95004
-15733.7835
-14763.7515
3049
-18605.2764
-8856.33329
-14118.321
-16847.9826

2857
-1866.64479
-33291.9286
-15839.1098
-3612.0201
2861
-26772.3203
-17533.8695
-3263.25395
-6689.5266
2865
-44895.083
-1590.00313
-5292.21433
-37431.172
2869
-15374.7574
-15691.6018
-5796.6266
-5793.74165
2873
-28645.1342
-18852.8833
-47593.6939
-24834.989
2877
-9988.28853
-19215.6267
-1439.24448
-29621.7066
2881
-3597.32205
-16325.2183
-1577.73646
-10529.8182

2773
-7476.592
-38961.3033
-5157.79109
-11086.8853
2777
-17754.8671
-8120.68677
-2069.54469
-12755.7357
2781
-10029.112
-30452.9696
-4297.55988
-10522.7812
2785
-57104.1987
-4338.26608
-6275.66037
-3830.04399
2789
-11793.6015
-31849.4216
-32579.1741
-16223.1877
2793
-24592.2617
-3083.95763
-17697.6257
-12259.9924
2797
-43166.2204
-16833.4136
-5034.83367
-2705.89776

2717
-20197.6025
-27838.3925
-26620.5907
-22677.9512
2721
-27721.5114
-6181.88519
-14595.2511
-18237.3412
2725
-6355.364
-33020.915
-18369.5711
-60368.132
2729
-13039.305
-4775.23217
-24581.5566
-24529.5004
2733
-63728.4227
-8758.99979
-5798.83634
-24406.48
2737
-11146.0309
-11635.5998
-9514.37517
-115660.848
2741
-3254.70863
-22074.6471
-45083.2622
-21455.3547

2381
-15557.6597
-25228.3052
-18026.4732
-16719.3614
2385
-4084.68084
-9135.44566
-3283.41726
-13307.358
2389
-9516.13289
-4544.02562
-56236.5529
-7507.71319
2393
-49505.8656
-23998.6002
-27386.8386
-39783.623
2397
-17362.1524
-11513.4891
-7706.541
-12408.8884
2401
-25909.9833
-13671.6806
-20550.5294
-4379.17067
2405
-17229.4261
-4960.43408
-12092.9106
-5456.00908

2353
-51442.9507
-28964.1884
-35899.9041
-7491.19928
2357
-18027.2369
-1783.87427
-29124.6703
-18969.6986
2361
-822.257087
-19601.0957
-1141.62933
-16520.7753
2365
-22397.0515
-18352.0809
-37943.8076
-8515.4753
2369
-19483.8004
-17668.0103
-5613.27552
-41321.1018
2373
-31302.4691
-959.051014
-3034.35956
-35922.4056
2377
-45104.7833
-21730.986
-8299.92504
-18742.5284

3221
-9727.33559
-6978.87195
-63163.6026
-20129.3755
3225
-4293.63472
-2439.36616
-6291.46743
-53684.4082
3229
-47156.7367
-6799.06114
-8761.03128
-5656.84437
3233
-6440.92284
-54070.6175
-5951.90744
-20596.8109
3237
-9148.61714
-5862.09167
-11227.1966
-3633.57971
3241
-11594.4041
-15669.0485
-5560.72664
-38316.4007
3245
-3124.08381
-5148.13459
-3727.98035
-30240.6053

2829
-38980.2832
-1904.55768
-2115.63353
-18226.3956
2833
-18286.052
-35497.4947
-16262.8414
-1498.43737
2837
-7959.55391
-3218.52361
-21709.748
-16224.799
2841
-5209.0213
-33327.396
-8191.191
-69670.5442
2845
-5705.37886
-21174.1189
-969.074186
-17198.7145
2849
-12563.3013
-13746.1495
-7720.3564
-19596.7603
2853
-23653.8197
-80857.2214
-25757.6507
-12161.4411

2885
-26052.8414
-1138.43552
-5970.67793
-2238.257
2889
-16422.9352
-9729.71768
-3171.3781
-15864.8547
2893
-6913.13959
-19443.4679
-7623.50195
-8337.0518
2897
-30638.1219
-6005.91721
-125464.334
-15457.9401
2901
-5839.03472
-24669.7479
-45527.9498
-24388.6885
2905
-23245.0354
-922.758633
-5199.26278
-8256.56584
2909
-21788.4802
-18020.7535
-10024.7925
-16322.786

2913
-4622.65772
-15688.5137
-19172.586
-768.266445
2917
-14881.1971
-15154.9608
-5560.77973
-15897.993
2921
-5264.12624
-19087.3256
-63194.0645
-1475.15309
2925
-19395.4795
-53281.0324
-23011.7463
-16828.0176
2929
-2150.21886
-23906.4812
-9002.04946
-17396.6448
2933
-4488.00855
-6609.34656
-26442.2195
-13876.1469
2937
-1419.25469
-20582.0667
-34008.0721
-6109.16892

3277
-3707.91405
-36561.5495
-3964.82996
-1591.27712
3281
-5192.94544
-3334.74908
-19384.5849
-13357.8442
3285
-7519.35415
-79759.2212
-5045.96647
-5005.1892
3289
-16865.7436
-126780.995
-33991.8816
-3108.36992
3293
-7561.21821
-19488.503
-4011.50786
-19899.2005
3297
-14928.8336
-4855.5631
-31235.0142
-16178.8956
3301
-4551.87149
-11910.7936
-1662.69953
-11359.8444

2437
-3296.34848
-12017.0979
-11471.8719
-3108.65072
2441
-22124.412
-1140.46356
-1450.93464
-15373.4716
2445
-16373.7767
-3461.34627
-13514.5899
-38369.8196
2449
-32169.0073
-1623.65544
-29916.6712
-19013.0525
2453
-1071.61112
-18504.7023
-3452.07676
-1920.99643
2457
-5596.28069
-4446.75802
-12725.92
-3350.81158
2461
-51922.433
-20777.1189
-28456.0158
-37189.422

3249
-16987.7646
-7653.52463
-19673.5146
-3627.62988
3253
-3081.29032
-26723.0062
-18001.2595
-12202.3484
3257
-16438.0942
-25205.0347
-3394.719
-7733.57337
3261
-10740.5675
-36666.3314
-17448.8904
-27787.1816
3265
-9914.1724
-8363.63154
-29725.8153
-4095.97764
3269
-7910.47756
-3795.55152
-22715.9556
-25636.9747
3273
-1106.98542
-8946.13051
-54632.2132
-3068.80251

2689
-4862.01945
-17507.3155
-61645.9205
-1360.53551
2693
-18888.8448
-20416.5409
-17853.2762
-11366.6189
2697
-3017.05628
-10227.4682
-55689.4161
-21964.0316
2701
-9877.57991
-5866.52768
-18573.0856
-3786.90978
2705
-2415.45788
-9473.93274
-10213.5965
-26094.0849
2709
-11014.2595
-16715.437
-7384.70427
-1000.41401
2713
-30764.0737
-15293.6345
-8760.71638
-19156.279

3165
-23429.2074
-69133.7067
-9407.24656
-5777.3054
3169
-20697.4259
-45577.2162
-9792.91687
-8253.48397
3173
-4476.12435
-13411.8879
-3085.62212
-6149.50065
3177
-16647.6477
-2894.62423
-6889.45656
-98440.4596
3181
-13651.7495
-17004.2917
-30783.4757
-13591.1661
3185
-16448.5414
-29472.016
-19426.159
-2807.33815
3189
-18153.3316
-7323.63948
-38220.5647
-16560.7661

3081
-10202.8136
-41397.5431
-17693.7879
-10257.5742
3085
-4892.69618
-35579.0718
-23775.3505
-28269.7783
3089
-28644.2787
-46043.2797
-28681.8211
-3859.64039
3093
-16481.8171
-9465.91362
-54616.3405
-20146.6908
3097
-17473.2076
-2960.02507
-20133.2028
-24685.7645
3101
-14938.5788
-20223.7582
-5887.4514
-5627.47477
3105
-4051.25462
-29907.9166
-6977.1977
-13992.5804

3109
-6361.63433
-6259.07631
-7428.92792
-38766.2737
3113
-25700.5763
-25735.826
-34917.8305
-16190.189
3117
-41144.9001
-11745.2475
-1684.11208
-8637.52627
3121
-14460.109
-16558.97
-977.701344
-16775.439
3125
-12149.9128
-15556.801
-20537.7853
-3943.76196
3129
-6430.9854
-3003.12811
-6111.66249
-42090.1445
3133
-25453.3037
-20332.8727
-33243.6642
-7242.15549

2941
-24281.4271
-10677.2899
-30832.3951
-5798.16562
2945
-14645.9784
-11940.911
-6521.17769
-33772.4043
2949
-16949.9882
-23810.3848
-21269.9787
-4993.5523
2953
-59819.1787
-9650.60384
-15354.0067
-2627.71575
2957
-10301.8288
-35964.8158
-17605.8328
-40909.8495
2961
-18988.2118
-17308.6301
-3929.72494
-14225.0075
2965
-8986.6871
-19625.6395
-21039.481
-1113.01957

2633
-9315.24846
-5461.05071
-15231.8265
-40179.6251
2637
-10027.4243
-3191.9163
-2737.3996
-8912.3532
2641
-54000.6469
-5110.29038
-16556.0919
-92314.5109
2645
-13053.5456
-15706.0805
-31954.8296
-6971.14757
2649
-40247.9683
-19201.3372
-15395.869
-6756.17106
2653
-1882.92264
-1105.59572
-18649.4316
-26451.5297
2657
-6818.2738
-18934.8678
-7368.38259
-34131.1694

3305
-19334.0393
-16672.2994
-4552.28158
-13105.3201
3309
-2743.66436
-99868.7521
-7552.86942
-10342.5604
3313
-14721.2431
-17227.1883
-6021.04541
-9843.8985
3317
-7768.36181
-22141.3641
-2551.03717
-36139.2405
3321
-46772.8548
-2971.34915
-2390.32758
-5630.66338
3325
-2922.176
-17897.7134
-45706.4988
-5523.08972
3329
-44687.6708
-62824.3841
-18542.8183
-4732.55832

2997
-6380.06907
-29752.9003
-66318.1069
-6599.53024
3001
-12453.1787
-40496.2486
-39701.7653
-8960.54405
3005
-3823.3557
-5181.2465
-27095.4671
-8770.84954
3009
-13211.4507
-31498.0379
-2934.66437
-6157.20454
3013
-3558.91637
-12562.6792
-2075.30472
-3498.32317
3017
-7980.27414
-19531.8509
-16987.6595
-11227.5942
3021
-55323.0918
-7128.1189
-56364.7983
-21691.4102

2521
-6455.66618
-23784.7637
-17221.0381
-36036.9209
2525
-7588.84447
-8971.76792
-8391.75989
-12220.2295
2529
-25440.1583
-21547.883
-11437.2596
-11150.9804
2533
-57494.1961
-15533.3341
-10621.0787
-5829.37937
2537
-3489.79868
-11713.8093
-18345.54
-4442.97504
2541
-18509.3435
-13746.1995
-11492.3431
-8681.00673
2545
-9196.41472
-13762.4285
-15679.7976
-4144.11563

2465
-13392.342
-82661.8118
-6347.12449
-776.922291
2469
-70499.0548
-42585.917
-18638.3039
-21453.2068
2473
-59505.7414
-9818.23542
-13328.9278
-2923.72688
2477
-1864.73354
-3253.2434
-31123.9106
-6326.94866
2481
-61390.5052
-44657.8024
-57953.0195
-10223.3564
2485
-9840.37751
-1285.10955
-43719.167
-28312.8018
2489
-9443.53573
-19868.9594
-3651.85296
-2762.084

2605
-4582.868
-22287.0647
-7012.67544
-46130.2923
2609
-2625.01133
-56732.6029
-2055.60236
-44934.2087
2613
-10289.4205
-15634.4889
-19015.9301
-73164.6295
2617
-9538.17117
-10739.2297
-10570.2515
-1831.59258
2621
-475.452756
-21813.7564
-23181.6027
-27929.1885
2625
-12068.4962
-2362.32865
-65364.0794
-13870.9555
2629
-6601.10332
-67902.4111
-17336.7041
-32072.8712

3333
-18459.6316
-16544.5871
-29571.0463
-4575.14747
3337
-41111.8658
-3962.63425
-39212.4516
-3281.27696
3341
-2382.9021
-12099.6365
-2705.76963
-19554.3965
3345
-5977.01458
-17262.8031
-23390.8326
-4640.95166
3349
-24826.8506
-17791.4916
-65626.8404
-4285.47023
3353
-2663.78872
-50326.6892
-29859.622
-11830.7365
3357
-740.32132
-7231.71336
-12051.5741
-3853.56171

2577
-13225.5646
-23744.4679
-64933.2518
-33231.8485
2581
-19453.7148
-14244.6452
-19497.115
-72994.5299
2585
-61734.6886
-7115.51365
-2155.13255
-8415.16372
2589
-2192.3835
-17488.4846
-13903.9271
-4120.62919
2593
-25804.5125
-8282.06339
-12074.1049
-3276.56105
2597
-22930.474
-11639.0298
-23369.5383
-13461.9113
2601
-1090.2708
-7897.7007
-3687.47214
-20650.5305

2745
-20733.7932
-55423.4746
-9564.5458
-7940.73547
2749
-15893.4236
-12372.7442
-6422.53406
-2073.50349
2753
-5595.85882
-22837.2089
-24853.6342
-48604.8814
2757
-500.918116
-17325.0949
-26839.4273
-17531.0116
2761
-12390.8775
-3451.56611
-1745.14247
-19439.9587
2765
-23713.6823
-7022.73569
-3651.34735
-5596.932
2769
-4161.24976
-33983.3426
-5092.40325
-46247.016

3137
-60635.9268
-22486.0445
-16253.3271
-19266.4554
3141
-12979.2123
-2565.50519
-57532.3217
-21622.6156
3145
-15046.1207
-21022.6902
-4767.66746
-10276.9025
3149
-41708.0902
-133522.421
-50325.2489
-10977.1467
3153
-3692.91483
-19304.7677
-17366.8854
-18455.8838
3157
-67520.7164
-10675.4967
-2317.3506
-25896.6956
3161
-1463.55522
-28348.7353
-11499.9813
-15115.7996

2801
-24280.5072
-19316.3832
-12348.6381
-33237.3582
2805
-25745.0713
-7057.26408
-41722.3576
-7967.28601
2809
-7119.05168
-13611.5503
-28478.3401
-20350.9892
2813
-4714.05394
-4490.15537
-11201.0225
-17775.7671
2817
-3754.63975
-19016.7677
-17774.0659
-14506.4301
2821
-19587.5024
-9573.91882
-16283.6608
-25192.9416
2825
-14829.6355
-11769.8527
-1570.05542
-15435.6109

2269
-9662.94464
-7526.05523
-6626.64959
-5880.24445
2273
-13252.3086
-15945.303
-2580.23622
-7977.4212
2277
-55566.7556
-3242.94985
-3539.05562
-58282.2948
2281
-3792.0393
-6084.43053
-38978.846
-25668.1996
2285
-11513.3299
-4469.5207
-9308.11923
-6640.13656
2289
-4025.60114
-19288.2522
-7524.2125
-12688.8698
2293
-609.376183
-36160.0049
-4287.36958
-10085.7339

2241
-10741.9855
-1185.19696
-13414.9919
-10225.8738
2245
-9875.03762
-9279.81284
-20449.8101
-10638.4214
2249
-6495.48146
-2643.76219
-24471.9454
-5013.95959
2253
-9233.73863
-26392.0778
-17940.2912
-32622.3822
2257
-21046.4344
-28602.4689
-9679.47055
-17103.64
2261
-55347.6671
-59910.8029
-13401.0256
-18522.5403
2265
-20399.2773
-855.265458
-5753.05884
-13235.664

757
-21860.1734
-30336.7752
-13657.4828
-2360.57272
761
-6811.05622
-2995.80486
-4280.22337
-2855.03259
765
-34834.6197
-13620.868
-7250.79607
-2339.7823
769
-10947.6838
-12592.2537
-6171.67754
-13718.2437
773
-23585.8273
-12498.1919
-2468.0849
-31359.3818
777
-25115.5543
-32305.1275
-14980.0591
-5529.55639
781
-6716.56578
-20898.8162
-15204.7148
-17671.4321

2549
-23892.0694
-66512.6679
-2990.83577
-4583.66046
2553
-29713.8763
-13305.9106
-19554.1432
-56329.134
2557
-36619.938
-4371.98683
-6483.59809
-15257.3169
2561
-1656.20191
-42996.0737
-18740.9314
-18206.7052
2565
-35066.3471
-6810.08168
-15969.7485
-17720.7707
2569
-16623.95
-42606.6829
-19481.6213
-26535.509
2573
-12487.9026
-3562.93708
-8867.43709
-31091.0393

785
-13698.1424
-21876.7197
-4913.6021
-51075.7482
789
-13037.921
-1766.3921
-35633.9938
-2448.80937
793
-11669.5147
-26912.596
-61851.5247
-19627.1946
797
-9568.91606
-2150.02939
-444.625634
-11109.2186
801
-6880.95076
-41530.3932
-1244.5778
-21924.5961
805
-5472.64196
-11427.5494
-16586.4124
-1512.12063
809
-20978.534
-15763.8618
-16291.4601
-16045.4605
