
253
-2.07279125e+20
-7.76299984e+21
-2.16688653e+22
-2.26819852e+22
257
-8.50578984e+21
-4.57133113e+21
-3.92187754e+20
-7.9148051e+20
261
-2.19412975e+22
-6.44276105e+20
-1.38568726e+21
-1.68730889e+21
265
-2.24743205e+21
-8.2959197e+20
-2.77624025e+22
-1.81544408e+22
269
-3.07713542e+20
-9.42450654e+20
-7.05874753e+19
-2.1009299e+21
273
-1.05008795e+22
-1.96122099e+22
-1.90552548e+21
-9.23717557e+20
277
-1.81642038e+22
-2.06955432e+21
-1.68705589e+20
-1.70512304e+21

141
-5.50194306e+21
-2.28701501e+22
-1.80071036e+22
-2.00410989e+20
145
-1.00378815e+22
-1.88443766e+21
-1.93330572e+21
-1.62645726e+22
149
-1.74229133e+22
-3.03903318e+21
-6.99303727e+21
-1.13272889e+21
153
-2.34764889e+22
-1.13017131e+22
-5.69331376e+21
-1.61045601e+21
157
-1.9221313e+22
-1.12340035e+21
-7.3239392e+20
-2.36714014e+22
161
-3.26845549e+21
-1.51176542e+21
-2.00721393e+22
-1.10172868e+21
165
-1.13374438e+22
-6.64461015e+21
-5.47569922e+21
-4.65418125e+20

57
-2.24700742e+22
-4.93799954e+21
-7.15322573e+20
-1.68226343e+21
61
-1.4385819e+22
-1.2503334e+20
-3.89621356e+20
-8.71264839e+20
65
-2.08145327e+21
-1.036446e+22
-2.57788069e+20
-3.04018732e+20
69
-1.9391656e+21
-7.35548003e+21
-1.15546671e+22
-1.29345382e+22
73
-1.18717297e+22
-6.74650144e+21
-2.03068367e+21
-2.40833523e+22
77
-1.49700324e+21
-1.01386784e+21
-5.32687942e+21
-1.67746295e+21
81
-1.94319075e+21
-1.90975835e+21
-1.45304061e+21
-1.16036247e+21

29
-1.78579009e+22
-1.61175301e+21
-2.11314719e+22
-2.12773071e+22
33
-1.46199824e+21
-6.54730084e+20
-1.10960261e+22
-1.10753951e+22
37
-2.49694783e+22
-1.72588796e+22
-1.12350733e+22
-6.50731354e+20
41
-6.23814997e+21
-1.6970066e+21
-9.6919086e+20
-1.74990974e+21
45
-2.65201534e+22
-1.92770424e+21
-6.50102923e+20
-3.13495336e+20
49
-1.95354833e+22
-8.59611891e+20
-2.03807629e+20
-2.52107316e+22
53
-8.24035015e+20
-1.19541011e+21
-2.05402031e+22
-1.91796854e+21

309
-1.34545409e+22
-1.57205401e+22
-1.25552705e+22
-1.1270889e+22
313
-2.92552171e+22
-2.44228357e+22
-1.73052513e+21
-2.43572014e+21
317
-2.25390506e+22
-1.15457576e+22
-1.68654564e+21
-1.04391335e+22
321
-3.873277e+21
-4.15478394e+20
-1.82070231e+21
-1.35997202e+22
325
-1.19708785e+22
-4.63007815e+21
-9.97613024e+20
-4.62293798e+20
329
-1.48708786e+21
-7.58878543e+20
-4.03794166e+20
-2.16229169e+22
333
-2.08748387e+21
-2.11106577e+22
-8.96191703e+21
-1.14939326e+21

113
-1.84249656e+22
-1.54951001e+21
-2.64153464e+22
-3.10356421e+20
117
-1.09480404e+22
-3.75351884e+21
-1.70314455e+21
-2.30511751e+22
121
-2.66460851e+22
-5.0836108e+21
-1.88960695e+22
-2.58424527e+22
125
-1.13969831e+20
-2.59974944e+22
-6.59230349e+20
-1.90554892e+21
129
-1.42630766e+21
-1.44420632e+22
-1.60981417e+21
-4.52686213e+21
133
-1.91884823e+22
-2.04647785e+21
-8.37060829e+19
-4.94862546e+21
137
-2.0409534e+21
-2.06492895e+21
-1.83625098e+21
-1.29991445e+20

169
-1.45824705e+21
-4.84425343e+21
-1.58661512e+21
-2.63750079e+22
173
-3.4409937e+21
-1.17281999e+20
-3.37822859e+20
-1.62894741e+21
177
-2.20456861e+22
-1.80739919e+22
-1.43460387e+21
-2.32703267e+21
181
-2.92386642e+22
-3.59645991e+21
-2.42210696e+22
-2.65124663e+22
185
-1.36512082e+22
-2.37837318e+22
-1.52042887e+22
-1.9952311e+20
189
-1.02190314e+22
-2.23495085e+20
-1.6068842e+21
-3.58830124e+20
193
-1.68010795e+22
-1.86204388e+21
-2.3102958e+22
-2.98892411e+22

85
-1.81777924e+22
-2.89075658e+22
-1.87258097e+21
-6.81750118e+21
89
-1.85416559e+22
-2.00424012e+22
-1.01889446e+20
-2.5182982e+22
93
-1.94731198e+21
-7.53632235e+21
-1.31833716e+21
-2.03143e+22
97
-2.4791729e+22
-1.87490459e+21
-7.43205172e+20
-1.04462517e+21
101
-2.74326094e+22
-1.93183637e+21
-1.21491085e+21
-9.60314429e+21
105
-1.38381253e+22
-8.93701891e+21
-9.78469062e+20
-2.02599104e+21
109
-2.44607409e+22
-3.84742699e+21
-3.00531902e+22
-1.23108242e+22

281
-1.63366551e+20
-1.27834236e+22
-2.49565428e+22
-2.39189357e+22
285
-1.07293042e+21
-8.67571954e+21
-1.36026575e+21
-2.23615831e+20
289
-2.28598587e+20
-2.08169545e+21
-2.65662774e+20
-2.66225687e+21
293
-2.64521219e+22
-1.04017138e+21
-9.45631546e+21
-2.51691559e+22
297
-3.37112034e+21
-1.28120199e+22
-1.67502996e+21
-1.81294585e+22
301
-1.90137417e+21
-6.94357433e+20
-1.30654265e+22
-2.02056907e+22
305
-6.94191706e+21
-1.64353155e+21
-2.52692404e+22
-6.11100739e+21

197
-3.00656849e+22
-2.39747217e+21
-4.77220878e+20
-1.12932716e+22
201
-2.07257748e+22
-1.19160054e+22
-9.09531997e+20
-1.77488091e+22
205
-1.36996545e+22
-1.87335439e+22
-1.6628147e+20
-2.29079092e+22
209
-6.73759329e+21
-1.83483307e+21
-1.92931459e+21
-1.77017866e+22
213
-1.69673408e+22
-2.1197689e+22
-2.09917852e+22
-1.51546206e+22
217
-2.63668835e+21
-2.71051976e+21
-2.0140187e+21
-3.0707316e+21
221
-1.97285577e+22
-3.05652132e+20
-1.99368453e+21
-1.73548178e+21

1
-1.035955e+22
-2.40241014e+21
-2.49669364e+22
-1.3502583e+22
5
-1.00937131e+21
-2.04676731e+22
-1.18936278e+22
-5.15208975e+21
9
-8.41283698e+20
-9.22710906e+21
-1.88011343e+22
-2.49109778e+22
13
-2.02880327e+21
-3.83348739e+20
-1.83423669e+22
-3.10223244e+21
17
-7.72546002e+21
-2.02977318e+21
-1.56944885e+22
-2.39275932e+22
21
-1.79095679e+21
-1.85037753e+22
-1.22126402e+22
-8.06459229e+21
25
-1.03872353e+22
-7.37214693e+21
-2.4388206e+22
-1.98095992e+21

225
-1.9042485e+21
-1.06113905e+22
-2.35195718e+22
-8.93246897e+20
229
-1.49880479e+22
-7.7249253e+19
-1.31928294e+20
-7.24039561e+20
233
-1.42964367e+22
-6.17227301e+21
-2.07236436e+22
-3.51312904e+20
237
-1.72575979e+21
-4.61782426e+21
-5.77196155e+20
-2.45431572e+22
241
-2.8036918e+21
-8.51446128e+21
-1.91453544e+22
-1.41398667e+21
245
-1.59090449e+22
-3.82302151e+21
-1.96864022e+20
-1.44368925e+22
249
-8.23765314e+20
-2.08129371e+21
-1.84946014e+21
-6.5223375e+21

477
-1.87593933e+21
-2.34364704e+22
-2.5594481e+22
-1.11353207e+22
481
-9.60134493e+21
-1.64552352e+22
-1.86329335e+21
-1.20526728e+22
485
-1.34276166e+20
-2.12903769e+22
-8.53030317e+21
-7.16841394e+20
489
-3.79992071e+21
-2.30392813e+20
-6.77635046e+21
-1.75987732e+20
493
-2.17692811e+22
-1.73057489e+22
-5.68766102e+21
-5.87160666e+21
497
-1.07590545e+22
-2.13275372e+22
-1.69200107e+22
-1.37714105e+22
501
-1.17710178e+20
-1.9127777e+21
-2.09576239e+22
-8.78260978e+21

449
-3.5965881e+21
-1.99342019e+21
-1.36466745e+21
-2.23737431e+20
453
-6.24473406e+21
-1.92878459e+21
-2.75252817e+22
-9.90109292e+20
457
-1.42128152e+21
-2.01588888e+21
-1.88192904e+22
-3.72064121e+21
461
-1.59771104e+22
-1.70613556e+22
-1.92437057e+22
-1.64667589e+22
465
-1.66546381e+22
-3.9614896e+21
-1.2045895e+22
-1.98129025e+20
469
-6.9954662e+21
-7.19641775e+20
-3.05231416e+22
-2.48216615e+22
473
-1.45267549e+20
-1.56645985e+21
-1.41345786e+22
-1.90894468e+21

617
-1.77274543e+22
-1.90385598e+21
-8.29923967e+21
-2.07896854e+21
621
-1.46413494e+21
-1.44076921e+20
-9.45549864e+19
-6.59170149e+21
625
-2.63716728e+20
-5.86915828e+21
-6.33697963e+21
-2.53645194e+22
629
-2.54726915e+22
-1.49439445e+22
-1.07752561e+22
-1.85985533e+21
633
-1.61130698e+22
-1.83544473e+21
-6.49605312e+21
-2.38086501e+22
637
-1.43067854e+20
-2.18038674e+21
-2.05335237e+20
-2.51693546e+20
641
-5.4053729e+21
-2.39216657e+21
-3.740078e+21
-1.4081939e+22

505
-1.39213203e+21
-1.13202138e+21
-3.0915432e+20
-3.18020501e+20
509
-2.01323623e+21
-6.80521978e+21
-1.33421418e+20
-1.79458426e+22
513
-1.79651872e+21
-4.385959e+20
-1.86424959e+22
-6.57411598e+21
517
-4.54777442e+21
-3.41520473e+20
-8.79704618e+20
-1.15636396e+22
521
-9.83463717e+20
-3.65795116e+21
-1.83798438e+22
-2.07840423e+21
525
-2.07524207e+21
-1.27844365e+22
-8.83620407e+21
-1.34466913e+22
529
-1.08275488e+21
-1.26338893e+22
-1.70669467e+22
-1.17200845e+22

365
-4.67687008e+21
-3.93974166e+21
-2.37182056e+22
-1.95558745e+21
369
-2.51128613e+22
-1.70581262e+22
-9.93316968e+21
-6.48689877e+21
373
-1.78802764e+21
-1.91877592e+21
-1.52775134e+22
-1.96172265e+21
377
-2.38752084e+22
-2.12514481e+22
-5.32557009e+21
-2.05484123e+22
381
-1.41996515e+22
-9.98857709e+20
-2.91196548e+21
-2.58576846e+22
385
-8.68826887e+21
-1.39909722e+20
-2.1726746e+22
-2.15748764e+20
389
-1.69635747e+21
-1.55717613e+22
-3.45079012e+20
-2.51538083e+22

337
-9.46879621e+21
-1.22613573e+22
-9.10435986e+20
-9.03296262e+21
341
-1.93832693e+20
-1.32647803e+21
-1.71824556e+22
-2.08560344e+21
345
-2.13057004e+22
-1.68078623e+22
-7.72378081e+21
-3.02440076e+22
349
-6.22793092e+20
-1.30849594e+21
-8.55948913e+21
-2.08845415e+21
353
-1.33707946e+22
-1.35942796e+22
-9.95233735e+20
-1.17527074e+21
357
-8.19260669e+20
-1.93965324e+22
-4.2311526e+20
-6.28099184e+21
361
-7.73018707e+21
-1.18371914e+22
-1.63487009e+21
-9.07263813e+20

673
-1.98413325e+21
-7.91755257e+21
-3.91298871e+20
-1.36858668e+22
677
-2.13532332e+20
-7.48150894e+21
-1.3799768e+22
-2.5938797e+21
681
-4.95771188e+21
-1.23018086e+22
-1.30250654e+21
-2.17584934e+20
685
-1.31687979e+20
-1.51451577e+21
-3.16409973e+22
-4.33128237e+21
689
-9.12015273e+21
-3.45993834e+20
-2.76298629e+22
-1.65294553e+21
693
-1.48034491e+21
-2.29846874e+22
-2.61546309e+22
-2.06499328e+21
697
-1.99982607e+20
-1.76498671e+20
-2.32939556e+22
-2.4369353e+22

421
-2.47471006e+21
-1.24041265e+21
-1.1300159e+21
-9.13499401e+19
425
-1.80479592e+21
-1.26938101e+22
-1.98626888e+22
-1.91567528e+21
429
-3.17754089e+22
-2.02099741e+22
-3.73050201e+20
-1.21621452e+21
433
-1.12903869e+21
-1.24537743e+22
-1.8018659e+21
-1.12627629e+21
437
-9.78507576e+21
-1.58605985e+22
-1.69048382e+22
-7.93028063e+21
441
-9.87280505e+20
-8.90892844e+21
-4.10537479e+20
-1.3312527e+22
445
-1.63245594e+22
-2.37381049e+22
-2.00364708e+21
-1.21315705e+21

589
-2.07655031e+21
-1.75556848e+21
-1.39701503e+22
-2.05467453e+21
593
-2.87506246e+20
-1.64773351e+22
-2.82259578e+22
-2.04491718e+21
597
-2.03437669e+22
-2.10531409e+22
-1.93787708e+22
-2.11038867e+22
601
-2.02710418e+22
-4.75267196e+21
-1.40997455e+22
-2.36252453e+21
605
-1.89608874e+22
-1.53496925e+22
-1.40152816e+21
-1.41378795e+22
609
-2.14077103e+22
-2.01273031e+21
-5.09553838e+21
-3.48369045e+21
613
-2.00228059e+22
-1.92324673e+21
-2.31824596e+22
-2.23455586e+22

645
-1.30055159e+22
-1.61389847e+22
-1.2516027e+22
-1.91664769e+22
649
-8.30356789e+21
-2.89292616e+22
-2.01071219e+22
-1.36443169e+22
653
-2.27444564e+22
-2.99616042e+22
-8.78079679e+21
-3.03951857e+20
657
-2.21305773e+22
-6.45531147e+21
-8.42569912e+21
-2.28688715e+22
661
-1.60971686e+21
-1.17321119e+22
-2.805431e+20
-1.3847517e+21
665
-1.68617807e+22
-1.35852111e+22
-4.19642684e+20
-1.43776361e+21
669
-5.58536409e+20
-1.41423893e+22
-4.43337687e+21
-2.07845942e+22

393
-1.85011543e+21
-9.80622986e+21
-6.70657443e+21
-5.42528608e+21
397
-1.35368519e+21
-1.97221929e+20
-2.01569478e+21
-6.6045462e+21
401
-1.04226257e+21
-1.91874523e+21
-2.81537833e+22
-1.47778635e+22
405
-3.34975532e+21
-9.72002917e+21
-1.55845702e+22
-1.30055919e+22
409
-9.81563809e+20
-9.24685434e+19
-2.62404492e+22
-1.80444229e+22
413
-1.04233099e+21
-1.5480561e+20
-1.03525648e+21
-2.50212423e+22
417
-1.08477498e+22
-1.74136564e+20
-5.51467797e+20
-1.75270209e+22

561
-2.22336207e+22
-1.68480639e+21
-1.58050128e+22
-1.15680961e+22
565
-7.88747947e+21
-1.35808438e+21
-1.76342767e+21
-1.19683894e+22
569
-1.67798757e+22
-2.76690585e+22
-1.45961668e+21
-1.72235174e+22
573
-1.38896142e+20
-8.41907045e+20
-1.03847977e+21
-3.0714992e+21
577
-2.00802818e+21
-1.34318081e+22
-2.1713254e+21
-2.1074101e+22
581
-1.5323877e+22
-1.41801083e+22
-1.97787206e+22
-1.08323096e+22
585
-2.63950552e+22
-1.6046898e+22
-2.11969806e+22
-1.29989942e+22

785
-5.57118801e+21
-9.05403137e+21
-1.29416214e+22
-1.22775466e+22
789
-1.84067117e+21
-1.8599704e+21
-9.54962777e+21
-1.08093908e+22
793
-4.1181852e+20
-6.55019934e+21
-1.80598893e+22
-1.02197941e+22
797
-2.84391571e+22
-1.98731315e+21
-6.20743668e+21
-5.71401403e+21
801
-1.70666728e+21
-5.115837e+21
-1.97641499e+21
-1.21254497e+22
805
-2.6024822e+21
-1.64930179e+21
-1.91264031e+22
-1.97762747e+22
809
-1.70958045e+22
-2.48557379e+22
-1.39053033e+22
-9.22463419e+20

533
-1.50883654e+22
-5.0989198e+21
-6.85367824e+21
-1.46040657e+22
537
-4.23801754e+21
-4.65506058e+20
-2.67615143e+22
-1.58737253e+22
541
-1.98670853e+22
-1.31917469e+21
-1.31074257e+21
-1.20119662e+22
545
-1.16835973e+21
-5.38336673e+20
-1.42939301e+21
-3.81921407e+21
549
-6.43271614e+20
-5.90520677e+21
-1.37727538e+22
-2.91039618e+21
553
-1.05826093e+22
-3.83876855e+20
-8.83277029e+21
-1.53775226e+20
557
-3.24522499e+20
-2.34750619e+22
-1.79067394e+22
-3.59942618e+21

729
-5.72272801e+21
-2.1013065e+21
-2.27962007e+20
-8.45794259e+21
733
-9.13861496e+20
-1.28437072e+22
-8.46554508e+21
-2.80304115e+22
737
-1.93870374e+22
-1.56527152e+22
-1.70566787e+22
-1.40970719e+20
741
-1.32453067e+22
-5.8144653e+21
-5.89052635e+21
-4.06444365e+21
745
-3.82119904e+20
-2.05063826e+22
-7.2424854e+21
-1.00020366e+22
749
-1.32975875e+22
-9.20566806e+21
-1.66674841e+20
-1.82647068e+21
753
-5.62294593e+21
-2.14127762e+22
-2.68261973e+20
-8.41109669e+21

981
-1.08228183e+22
-2.55437798e+22
-1.75192525e+22
-2.01363044e+21
985
-2.72192306e+22
-1.32685094e+21
-1.25435925e+21
-1.39567872e+21
989
-1.03297542e+22
-6.55261671e+21
-1.19283457e+22
-2.73629144e+22
993
-2.19674089e+22
-1.01600351e+21
-1.93565013e+22
-1.04677595e+21
997
-2.7690955e+22
-1.07837199e+22
-2.03454248e+20
-1.82141216e+22
1001
-9.7641973e+20
-2.03096954e+21
-3.18650546e+20
-1.82523779e+21
1005
-8.22950729e+20
-2.08089152e+22
-8.64997769e+20
-1.2139124e+22

1121
-5.40613505e+21
-1.82165513e+22
-1.78659058e+21
-4.62483793e+20
1125
-6.00063228e+20
-1.6111498e+22
-2.98138031e+20
-1.69912903e+22
1129
-1.90891433e+22
-1.58666397e+20
-1.05680887e+22
-1.22921806e+20
1133
-7.34407354e+21
-2.52001785e+21
-1.16726403e+22
-1.7840862e+22
1137
-2.68191482e+22
-8.66864618e+20
-1.42778907e+22
-3.03014961e+21
1141
-8.57395237e+21
-1.74523058e+22
-1.2335626e+22
-1.20079583e+22
1145
-2.40522708e+22
-9.57842071e+21
-1.92278495e+21
-2.41432957e+22

757
-6.22174001e+21
-7.56274783e+20
-2.01931582e+21
-2.40516762e+22
761
-1.66110351e+21
-1.95700635e+21
-2.19462948e+22
-2.31908999e+22
765
-1.0074775e+22
-2.59486947e+21
-1.49327216e+20
-2.04063532e+21
769
-1.55344505e+22
-1.16433712e+20
-2.00680037e+21
-1.93581219e+22
773
-8.87239488e+20
-1.67893825e+22
-2.51070644e+21
-5.5154365e+21
777
-2.20796485e+22
-2.56782597e+22
-1.90259864e+21
-1.72874311e+22
781
-1.1012042e+21
-5.03253083e+20
-1.51393482e+22
-1.1865954e+22

1513
-9.14854831e+21
-1.46641399e+22
-7.88626332e+21
-8.96815098e+20
1517
-1.64613141e+22
-7.93393644e+21
-1.07463253e+21
-1.26228135e+21
1521
-2.98006138e+20
-1.60238493e+21
-5.60545283e+20
-1.84572684e+21
1525
-4.65990614e+20
-1.66008126e+20
-4.89697273e+20
-1.32872006e+21
1529
-1.88779844e+22
-8.17073523e+20
-1.1980336e+22
-6.19776002e+20
1533
-1.55136759e+21
-1.26505923e+22
-8.39856547e+21
-1.19808542e+22
1537
-1.8424809e+21
-1.43241436e+22
-1.88008341e+21
-2.03342869e+21

869
-3.61474554e+21
-2.86424363e+20
-1.57868915e+22
-1.23875848e+22
873
-2.40197134e+22
-1.22188708e+22
-2.2641339e+22
-1.77530416e+22
877
-1.79202571e+22
-1.33498758e+22
-1.69247395e+20
-6.21273113e+20
881
-8.07833202e+21
-1.51889749e+21
-2.46040082e+22
-2.88131237e+21
885
-1.19795039e+22
-4.12145854e+21
-2.5396911e+22
-6.88990285e+20
889
-1.76596689e+22
-1.76779432e+22
-6.7880815e+21
-8.13388187e+21
893
-1.74104125e+22
-1.85643821e+21
-1.20705528e+21
-4.64465778e+21

925
-2.52768169e+22
-5.93154787e+20
-1.49930179e+22
-1.49078769e+22
929
-1.9502667e+21
-1.44757019e+22
-4.10451932e+20
-2.66289154e+22
933
-2.4129204e+22
-4.14725913e+21
-8.51196234e+21
-1.77521388e+21
937
-7.40365815e+21
-3.14967041e+20
-1.87369688e+21
-2.52673064e+20
941
-2.3358659e+21
-2.22905031e+22
-2.09750998e+21
-1.7398372e+20
945
-1.90943622e+21
-1.42885882e+22
-1.86816729e+21
-1.48339016e+21
949
-1.48177275e+22
-1.91020668e+22
-5.00073443e+20
-1.00838749e+21

1345
-2.85289198e+22
-1.7698622e+22
-1.69523242e+21
-2.71050259e+22
1349
-1.82780994e+22
-1.2249994e+22
-1.47916351e+21
-1.40369004e+21
1353
-4.67267704e+21
-1.99699782e+22
-4.86019673e+21
-1.66007952e+22
1357
-2.07524444e+21
-9.16832175e+20
-1.18736042e+22
-3.64853662e+21
1361
-1.05454387e+22
-1.34754255e+22
-2.67759904e+22
-1.85855606e+22
1365
-1.33536431e+22
-2.28880339e+22
-1.32021139e+21
-1.04213127e+21
1369
-1.02243889e+22
-3.33326168e+21
-2.03300101e+20
-2.0748092e+22

1093
-1.67072624e+22
-1.55527365e+20
-7.66556387e+21
-6.46086609e+20
1097
-2.57164443e+22
-1.99060827e+20
-1.37597202e+22
-8.1154439e+21
1101
-1.86942468e+21
-1.69814528e+22
-1.21362094e+22
-9.70828813e+20
1105
-2.42023566e+21
-7.90865081e+21
-8.01785307e+20
-3.74102144e+20
1109
-1.78517049e+21
-2.03321728e+22
-2.05222889e+22
-8.66520131e+21
1113
-9.63550084e+20
-1.09442459e+22
-1.7970461e+22
-2.78664893e+22
1117
-1.84140066e+21
-1.73042759e+21
-1.78447293e+21
-6.93527426e+21

813
-4.27262887e+21
-1.82975399e+22
-1.95752572e+22
-4.64651015e+20
817
-1.24367852e+22
-4.84696773e+21
-2.14571e+22
-5.52371788e+20
821
-4.20663985e+21
-1.87053925e+22
-2.60016003e+22
-1.50682614e+21
825
-1.73836042e+21
-2.21481931e+22
-1.42884825e+22
-5.20316722e+21
829
-1.42133845e+21
-8.72971647e+21
-1.00359335e+21
-1.4940107e+21
833
-4.04318565e+21
-8.45082436e+21
-2.07755597e+22
-1.75387369e+20
837
-1.21172267e+22
-1.63054889e+22
-1.64078894e+21
-2.31984558e+22

1037
-1.25342038e+22
-8.24852349e+21
-2.04116394e+21
-2.17391411e+22
1041
-8.10598061e+20
-1.1514951e+22
-2.42419229e+22
-1.61502573e+21
1045
-2.5522272e+22
-1.00766133e+21
-8.89300027e+21
-9.67654425e+21
1049
-2.44373394e+22
-1.97989338e+22
-9.35265415e+21
-2.26059846e+22
1053
-1.28716258e+22
-1.24319815e+21
-3.28047134e+21
-3.49045401e+20
1057
-1.21203334e+21
-2.05214689e+21
-2.05873182e+21
-2.4783322e+21
1061
-1.1580583e+22
-1.47071497e+22
-5.72804715e+21
-9.14044147e+21

1065
-1.33692807e+22
-2.04162157e+22
-2.81085135e+22
-5.53061424e+19
1069
-2.77248183e+22
-2.59023875e+22
-2.05043222e+21
-1.12949506e+22
1073
-9.53518668e+21
-6.86567534e+21
-1.5005926e+22
-2.29261866e+22
1077
-1.10851845e+22
-3.60942874e+20
-3.88877734e+20
-2.46244735e+20
1081
-1.86750514e+21
-1.13679022e+22
-1.75113091e+22
-1.94056537e+21
1085
-8.52258567e+21
-2.33021024e+22
-1.28325362e+21
-1.61589267e+22
1089
-2.03695179e+21
-1.8450219e+21
-2.10547759e+21
-2.26813488e+20

1681
-2.7317855e+22
-1.12215053e+22
-2.09405185e+21
-2.19174521e+22
1685
-3.87632102e+21
-1.33444183e+22
-5.90019147e+20
-8.24442555e+21
1689
-1.34281621e+21
-1.95698031e+21
-8.76608882e+21
-8.82242076e+21
1693
-3.99271505e+20
-2.05066235e+21
-1.45434762e+21
-1.22536704e+22
1697
-1.20162735e+22
-2.57542716e+21
-9.87331401e+21
-1.08388659e+22
1701
-3.47132951e+21
-4.68676586e+21
-1.49193087e+22
-1.07369099e+22
1705
-1.54378709e+21
-1.9580859e+21
-1.66219799e+21
-1.43218125e+21

1233
-1.6484218e+22
-8.62551807e+20
-4.38225178e+21
-2.10997036e+21
1237
-7.5581328e+20
-1.37019293e+22
-1.95500223e+22
-9.67767674e+20
1241
-1.70106012e+21
-1.6664573e+21
-2.96312713e+21
-2.03062427e+21
1245
-1.36310533e+22
-1.97237878e+21
-2.0804854e+21
-6.5089616e+21
1249
-2.47907126e+22
-5.60933291e+21
-4.06324479e+20
-1.18307269e+21
1253
-3.63807061e+21
-3.52620522e+21
-1.36904821e+22
-1.69374071e+21
1257
-6.84723559e+20
-4.21539706e+21
-1.94964786e+21
-5.02075802e+21

1149
-8.58450282e+20
-1.93654858e+22
-1.77681915e+21
-2.87104615e+22
1153
-3.67690968e+21
-1.13525953e+21
-3.92093469e+20
-1.39330661e+20
1157
-1.66077924e+22
-2.83409312e+22
-1.32935416e+21
-8.57526395e+21
1161
-9.49768715e+20
-1.95520187e+20
-2.08024085e+20
-1.74999408e+22
1165
-6.28644674e+21
-1.7638601e+22
-1.82783248e+22
-1.91747133e+22
1169
-4.3762088e+21
-1.20486376e+20
-1.23942743e+21
-1.17505442e+22
1173
-1.90257594e+21
-2.50701357e+22
-2.16583669e+20
-2.5218713e+21

1177
-6.50970423e+21
-1.92097283e+22
-9.16091888e+19
-4.09560978e+20
1181
-3.12037827e+20
-5.06445092e+21
-1.55864311e+22
-7.14258441e+21
1185
-4.46287459e+21
-1.58825822e+22
-2.45997236e+22
-1.65035199e+20
1189
-2.67061174e+22
-1.92069688e+22
-1.88043026e+21
-1.21080952e+22
1193
-9.58060426e+20
-1.66925542e+20
-2.03632802e+21
-1.49564716e+22
1197
-1.91273359e+22
-3.07088122e+20
-1.62813506e+22
-5.72361782e+21
1201
-2.0835885e+21
-1.96406482e+21
-1.11728953e+22
-1.348387e+22

897
-1.51436176e+22
-1.34760126e+21
-2.89502276e+21
-7.23246406e+21
901
-1.05117714e+20
-4.25435719e+20
-1.13422019e+21
-1.16533075e+21
905
-2.17204133e+22
-1.95669906e+22
-1.06604758e+22
-1.82789937e+22
909
-1.1280772e+21
-1.58256315e+21
-1.65828409e+20
-2.79614273e+20
913
-2.19867683e+22
-1.43047067e+22
-1.89212975e+21
-1.11516653e+20
917
-1.60268453e+21
-1.47535823e+22
-1.0525682e+22
-9.40800393e+21
921
-1.2682528e+21
-7.83482907e+21
-6.81683939e+20
-2.33431195e+21

1569
-9.94123224e+20
-3.60307766e+21
-1.64816119e+22
-1.73313952e+21
1573
-2.44088138e+21
-3.06783239e+21
-2.33552686e+22
-2.80713538e+22
1577
-1.08946625e+22
-2.83541565e+21
-2.51057148e+22
-1.4705696e+21
1581
-1.09374183e+21
-1.79923728e+21
-1.96023386e+21
-2.22165044e+22
1585
-8.61039869e+21
-2.25433051e+22
-2.43740949e+21
-4.34017578e+20
1589
-1.44696591e+22
-2.82165213e+20
-2.03598178e+21
-3.02060037e+22
1593
-3.83543287e+21
-2.01766563e+22
-2.34082492e+21
-8.77456441e+21

1485
-3.33532128e+21
-1.77365601e+21
-1.67611776e+22
-7.31761107e+21
1489
-8.41095331e+21
-1.40545169e+20
-2.27707009e+22
-1.57591145e+21
1493
-1.14246113e+22
-1.24418653e+22
-1.99455074e+22
-3.84859831e+21
1497
-1.2812236e+22
-1.91821254e+21
-1.1432725e+21
-9.03547034e+20
1501
-1.75092061e+21
-2.35772716e+22
-1.41545121e+20
-1.99416077e+22
1505
-8.5158291e+21
-2.20334099e+21
-1.98327084e+22
-1.58448721e+21
1509
-1.19988702e+21
-2.05485761e+21
-1.48517113e+22
-3.19072329e+20

1457
-2.49208705e+22
-2.21905517e+22
-1.83576736e+22
-6.05566915e+21
1461
-2.05094906e+21
-7.98275222e+21
-2.08348409e+22
-1.41593564e+22
1465
-1.05835111e+20
-1.44564426e+22
-1.99525868e+21
-7.08196571e+20
1469
-1.56388234e+22
-2.08448993e+21
-1.43957528e+20
-2.47752867e+22
1473
-1.43694365e+22
-1.97818586e+21
-5.96108354e+20
-1.28976109e+21
1477
-2.07692414e+22
-1.98307153e+20
-1.15809599e+22
-1.61358878e+20
1481
-2.5527549e+22
-2.93369856e+22
-6.77230099e+21
-1.9857675e+21

1737
-1.95491642e+21
-2.1883322e+21
-1.39153639e+21
-1.74363463e+22
1741
-3.27903211e+21
-1.79182796e+22
-2.04016998e+22
-1.93949745e+22
1745
-8.6477338e+20
-1.53335086e+22
-9.71341334e+21
-1.36657399e+21
1749
-3.97024999e+20
-9.30564822e+19
-1.72592455e+22
-2.88593239e+20
1753
-5.19157514e+21
-2.05447131e+21
-1.18719937e+22
-2.23351588e+22
1757
-2.67235954e+20
-4.62586495e+21
-1.76722743e+22
-6.55213792e+21
1761
-3.0665604e+21
-1.78614872e+21
-6.91070771e+20
-1.50916604e+21

1821
-1.06496576e+20
-2.04007161e+21
-9.05751272e+21
-1.89161863e+21
1825
-1.91284768e+21
-2.49896799e+22
-1.17151948e+21
-1.21083941e+21
1829
-5.32477574e+21
-2.18101364e+22
-1.34473097e+20
-6.0753476e+21
1833
-2.3026174e+22
-7.23807567e+21
-1.91933984e+22
-5.66480758e+21
1837
-1.21335905e+20
-1.73210337e+22
-1.63772454e+21
-1.86981603e+21
1841
-2.86417403e+22
-2.03692054e+21
-2.99531986e+22
-5.65017751e+20
1845
-1.93293218e+21
-1.7070909e+21
-2.57154174e+20
-1.82206123e+21

1009
-1.03822809e+21
-8.44197658e+20
-9.80493747e+20
-6.03854918e+20
1013
-9.44512447e+21
-2.51421513e+21
-2.24272663e+20
-1.71404402e+21
1017
-1.4221308e+22
-3.65238616e+21
-1.55277111e+22
-2.1512643e+20
1021
-1.57110018e+21
-2.9908943e+21
-1.17784477e+22
-7.53125746e+21
1025
-1.85887929e+22
-2.30954329e+22
-2.21469072e+22
-9.1729165e+21
1029
-2.50057948e+22
-2.48538395e+22
-1.82742985e+22
-2.90193023e+20
1033
-1.46441366e+22
-3.10549289e+22
-1.26226773e+22
-1.01410904e+22

1765
-1.95488499e+22
-1.57291642e+21
-1.94462096e+22
-3.7259274e+21
1769
-2.34505426e+22
-3.43263904e+21
-1.3702671e+21
-1.63153765e+21
1773
-1.68436763e+22
-2.5047863e+21
-1.16380263e+21
-9.77908988e+21
1777
-2.71476204e+22
-2.93051707e+22
-2.43288233e+22
-2.81187082e+22
1781
-2.19435545e+20
-6.81887315e+21
-2.65932657e+21
-1.82999003e+21
1785
-1.01655009e+22
-1.86026277e+21
-1.03567341e+22
-6.98845022e+20
1789
-8.50931218e+21
-9.71046548e+20
-1.30469525e+20
-2.58326318e+22

1541
-1.23934297e+21
-4.12026585e+20
-2.40010485e+20
-2.06049325e+21
1545
-1.69180182e+20
-2.07103479e+21
-5.25446017e+21
-3.29569558e+21
1549
-1.30601895e+20
-1.30216325e+22
-9.41179459e+21
-1.00852226e+22
1553
-1.42142427e+22
-4.79151218e+21
-5.23285117e+20
-5.11987179e+21
1557
-1.22928725e+22
-1.63744679e+20
-2.10972642e+22
-2.83074705e+21
1561
-1.8981385e+22
-1.70661123e+21
-9.4657054e+21
-2.44248389e+21
1565
-2.26977215e+22
-5.89186562e+21
-1.1465509e+22
-1.27467082e+22

1317
-1.82184626e+21
-1.3978631e+22
-1.93203488e+21
-9.23744769e+19
1321
-3.88867892e+21
-1.94917997e+22
-6.71005461e+21
-1.39520445e+21
1325
-7.09356109e+21
-7.26222486e+21
-4.35548404e+21
-2.36636643e+22
1329
-3.5948338e+21
-1.70834372e+21
-1.72712483e+21
-1.00014512e+22
1333
-2.72708539e+22
-1.16860667e+22
-1.68261397e+21
-2.26742999e+21
1337
-1.3565576e+22
-2.61202365e+22
-2.67630163e+20
-2.02919124e+21
1341
-2.21983096e+22
-2.68253201e+22
-9.9547809e+19
-5.83667015e+21

953
-1.21562883e+22
-1.31021025e+21
-1.46456495e+21
-1.0827063e+20
957
-8.53358484e+21
-1.65653268e+22
-1.23581062e+21
-1.23220974e+22
961
-1.68973502e+22
-1.11911871e+22
-5.91859335e+20
-1.84822818e+21
965
-8.77281353e+21
-1.78240674e+22
-1.62616666e+21
-1.60027068e+22
969
-2.47250841e+22
-2.07548631e+20
-2.13212611e+21
-1.54204105e+22
973
-1.78626937e+22
-1.71575554e+22
-1.84203048e+21
-1.38333754e+22
977
-2.60813335e+21
-2.37744728e+20
-1.10163816e+22
-1.83146326e+20

1205
-1.30992613e+22
-9.36386185e+20
-1.74692277e+21
-2.08006231e+22
1209
-7.05662887e+21
-2.21269332e+22
-9.42616663e+20
-1.77981698e+22
1213
-2.53558619e+22
-1.00569813e+22
-3.82599138e+21
-4.85055176e+21
1217
-1.48285986e+22
-2.04049866e+21
-6.3821419e+20
-2.08137011e+21
1221
-7.54058302e+20
-5.57433461e+21
-1.23028416e+22
-2.90250392e+20
1225
-8.83664688e+21
-1.33056383e+22
-1.4429989e+22
-1.95337825e+21
1229
-1.22720385e+22
-2.33680925e+21
-6.57220302e+21
-1.35789529e+22

2157
-2.03440929e+21
-2.2303298e+22
-2.39820159e+20
-4.81783224e+21
2161
-1.9476302e+22
-6.52798706e+20
-2.31869989e+22
-4.56551379e+21
2165
-9.56786276e+21
-1.1185473e+20
-2.82055735e+22
-1.71676071e+22
2169
-1.92118281e+21
-8.42876436e+21
-1.34492758e+22
-1.36372623e+21
2173
-1.16686869e+22
-5.97136801e+20
-7.98462805e+20
-1.40009487e+21
2177
-3.52475594e+20
-2.03688699e+21
-1.762648e+22
-3.79929864e+21
2181
-1.2903481e+22
-1.10308652e+21
-7.69938571e+21
-8.5156091e+21

1373
-2.12750545e+22
-1.74201175e+20
-2.17442443e+22
-1.94094513e+22
1377
-2.10239862e+21
-6.42666592e+21
-2.92444999e+22
-5.67967124e+21
1381
-1.30131874e+20
-2.77748743e+21
-2.27368566e+22
-1.39703367e+22
1385
-2.12905593e+22
-2.00494126e+21
-2.0841764e+20
-7.2603301e+21
1389
-7.19117126e+20
-1.29876896e+21
-9.35448606e+21
-2.45225525e+22
1393
-1.79387698e+21
-1.26498518e+21
-1.8530363e+22
-6.18542163e+21
1397
-2.19395446e+20
-1.13333395e+21
-1.28362003e+22
-1.27280911e+22

1905
-2.01668771e+22
-1.56464287e+21
-1.11116675e+22
-1.9200809e+22
1909
-1.22338773e+20
-5.4591244e+21
-4.28551051e+21
-2.00717244e+22
1913
-9.34368285e+21
-2.0561821e+21
-1.04414827e+22
-2.04570643e+22
1917
-5.91126845e+21
-1.63229227e+22
-6.72325433e+21
-1.90360858e+22
1921
-9.52680409e+21
-2.31964375e+22
-1.15458939e+21
-9.77410261e+21
1925
-1.96908414e+21
-1.26579893e+22
-8.20982068e+20
-1.73770626e+22
1929
-2.62089149e+21
-1.88818435e+22
-6.29376328e+21
-1.19098921e+22

2185
-2.28542688e+20
-2.10943803e+21
-3.16829749e+22
-2.09775328e+22
2189
-1.14807726e+22
-1.174022e+21
-8.91040256e+20
-1.6943515e+22
2193
-6.84518116e+21
-3.2359206e+22
-7.9239454e+20
-1.63972836e+22
2197
-9.98705038e+20
-2.32493346e+20
-1.43864238e+20
-2.26451029e+22
2201
-6.42135901e+21
-9.96435395e+21
-2.86956717e+22
-1.57124964e+22
2205
-1.69691329e+22
-1.06380585e+21
-1.86761367e+22
-1.04062489e+20
2209
-8.6441679e+19
-2.08384448e+21
-1.65846509e+21
-2.62992584e+22

701
-2.00045955e+22
-1.68686897e+22
-1.61393939e+21
-1.25694535e+22
705
-6.86133453e+20
-4.14623401e+20
-4.20110326e+21
-1.83237583e+22
709
-3.02311838e+21
-1.17860624e+21
-3.08508183e+22
-3.97785687e+20
713
-1.15091674e+21
-1.86364289e+21
-9.11890648e+21
-1.93199971e+22
717
-2.00662692e+22
-2.06509262e+22
-3.43209538e+21
-1.28279384e+21
721
-1.24757996e+22
-1.03864491e+22
-2.08824663e+22
-9.58559654e+20
725
-1.13201778e+21
-6.38897104e+21
-3.0146496e+21
-1.97582586e+21

1709
-9.35731906e+20
-1.0210054e+21
-9.68666557e+21
-1.33455853e+22
1713
-3.50272628e+20
-8.57833585e+21
-1.45347401e+22
-1.83570948e+21
1717
-1.68621351e+21
-1.81409804e+22
-1.93866313e+22
-1.10583044e+21
1721
-1.62624452e+21
-2.19863935e+22
-1.22555306e+22
-1.81006235e+21
1725
-1.89847479e+21
-5.00869247e+20
-1.80905898e+20
-1.16278996e+22
1729
-3.94530335e+21
-1.22279113e+22
-2.32744921e+22
-7.86004613e+21
1733
-1.55253254e+22
-1.58086788e+22
-2.18498016e+21
-5.33253448e+21

2045
-2.00152397e+22
-9.10445263e+20
-5.50960619e+21
-2.39426017e+22
2049
-1.14979311e+22
-1.30156172e+22
-3.24389579e+20
-1.23455131e+21
2053
-3.66239734e+20
-2.53425291e+20
-2.10064282e+21
-2.17702732e+22
2057
-1.13789817e+21
-2.33842388e+22
-2.7382766e+22
-1.98753057e+22
2061
-7.52274313e+20
-3.93384542e+21
-2.43226685e+22
-1.56145406e+22
2065
-5.89831509e+20
-7.58098479e+20
-2.51257877e+21
-6.60821396e+21
2069
-2.14021767e+21
-2.11544524e+21
-3.31664977e+21
-2.75876186e+21

1289
-4.68402966e+20
-5.46421305e+20
-8.73341352e+21
-1.90914226e+21
1293
-1.70221907e+21
-7.60873073e+21
-7.74847437e+21
-2.18928453e+22
1297
-1.21252248e+22
-2.53414239e+22
-2.3068755e+22
-1.46912326e+22
1301
-1.66299723e+21
-1.22301641e+22
-4.70855832e+21
-5.56565165e+20
1305
-1.04930814e+21
-1.6035674e+22
-2.18288331e+20
-6.98742125e+21
1309
-2.41649194e+22
-1.2845506e+22
-9.01037515e+21
-9.4669451e+21
1313
-3.49324979e+21
-1.07235532e+22
-2.63430301e+22
-2.01917959e+21

1961
-1.73968418e+22
-4.32327844e+21
-2.09290842e+21
-2.85309344e+21
1965
-1.04068834e+21
-2.01353808e+22
-5.55004364e+21
-8.88598488e+21
1969
-1.92248601e+22
-4.57273696e+21
-9.55897267e+19
-1.79011151e+22
1973
-1.98382375e+22
-3.64463636e+21
-2.22800232e+22
-1.02153004e+22
1977
-1.76137568e+22
-4.23690744e+21
-8.73499249e+21
-1.86886754e+21
1981
-2.27062382e+20
-3.69453565e+21
-2.73774907e+22
-1.5044264e+21
1985
-4.38838025e+20
-1.76713495e+21
-8.88991257e+21
-2.06318474e+21

1261
-1.54620331e+20
-2.0047838e+22
-1.84700321e+22
-1.47686184e+21
1265
-2.11460597e+22
-1.34600429e+21
-1.76326468e+21
-7.37548452e+21
1269
-1.98189653e+21
-1.72624537e+21
-1.46942095e+22
-1.10634456e+22
1273
-1.09688522e+20
-2.13147608e+20
-2.21590686e+22
-2.00787185e+22
1277
-5.14411556e+21
-4.49122376e+21
-1.99334823e+21
-1.66647528e+21
1281
-2.43665996e+22
-1.72874392e+21
-6.18977229e+20
-2.0208641e+20
1285
-1.55752134e+21
-1.28948275e+22
-5.18601852e+21
-3.58322302e+21

1933
-2.90104398e+21
-7.23759101e+21
-2.06024001e+21
-1.44451991e+21
1937
-1.32977569e+22
-6.59750639e+21
-5.73832952e+21
-4.49359919e+21
1941
-2.04219505e+22
-1.33446748e+22
-2.19165699e+22
-4.80908335e+21
1945
-1.9141932e+21
-1.1452725e+22
-1.35429998e+22
-2.25309598e+20
1949
-1.29999987e+22
-3.00574639e+22
-7.13161581e+21
-2.3593555e+20
1953
-2.1063773e+20
-5.71498553e+20
-1.12345251e+22
-1.42760806e+22
1957
-1.87082124e+21
-1.59106818e+22
-1.65680278e+20
-1.22026618e+22

1597
-5.95359147e+20
-1.26564933e+22
-1.93741947e+21
-2.54759595e+22
1601
-9.63062976e+20
-1.74675104e+22
-1.49958578e+22
-9.02601086e+21
1605
-8.6210254e+21
-2.26276471e+21
-3.97587629e+21
-2.02008274e+21
1609
-1.18199258e+22
-1.21613793e+20
-2.86780448e+22
-1.23478773e+20
1613
-5.97103235e+20
-1.98481302e+21
-2.32132413e+22
-1.8048432e+21
1617
-1.12313274e+21
-3.5004843e+20
-1.65070467e+20
-1.10860349e+22
1621
-3.72411651e+21
-1.5358595e+22
-3.91414422e+21
-2.55569742e+22

1849
-2.43595743e+22
-1.91998082e+22
-1.29284762e+21
-1.72766962e+21
1853
-1.32265535e+22
-2.78837701e+22
-1.12634673e+22
-9.17841626e+21
1857
-2.05021671e+21
-1.49536264e+21
-4.14533003e+21
-2.53622437e+22
1861
-8.43441389e+21
-1.39702926e+21
-5.02359164e+21
-1.38433368e+22
1865
-1.02257669e+22
-1.95991233e+21
-2.38049543e+22
-2.1456522e+22
1869
-2.43973388e+22
-4.85587593e+20
-3.85432426e+21
-1.78105323e+21
1873
-1.57314876e+22
-1.77586348e+21
-1.83070708e+21
-1.99553568e+22

1625
-1.05816353e+22
-1.17040375e+21
-1.03208109e+22
-1.54242458e+22
1629
-2.48933077e+22
-1.60452068e+21
-1.56818069e+22
-8.70860062e+20
1633
-2.31394951e+22
-2.89878199e+22
-1.02719527e+22
-1.80095645e+22
1637
-1.67428339e+22
-2.25999106e+22
-1.19517767e+22
-1.16635792e+22
1641
-5.15711768e+21
-5.77688798e+21
-1.95598865e+22
-1.90370256e+20
1645
-1.54337186e+22
-1.89454196e+22
-1.26254481e+22
-1.65061855e+21
1649
-1.0384396e+21
-1.45282628e+21
-6.30009427e+20
-2.15700821e+22

2073
-1.66082538e+21
-2.80129493e+22
-1.98475397e+22
-6.55185761e+21
2077
-5.39814114e+20
-1.78663519e+22
-1.99422526e+22
-1.3105983e+22
2081
-2.75529607e+22
-1.4351283e+22
-3.58327512e+21
-1.50193036e+22
2085
-1.79558041e+22
-1.55821596e+21
-1.99393097e+21
-1.11373548e+22
2089
-2.0375406e+22
-2.71170755e+21
-2.75546925e+20
-1.11396331e+22
2093
-1.70271506e+21
-1.14482719e+21
-1.15689735e+21
-4.28163712e+20
2097
-7.93436823e+20
-2.71906387e+22
-1.41553978e+21
-1.93511905e+21

2017
-1.15163828e+20
-1.87978632e+20
-6.03814534e+20
-1.76917019e+22
2021
-2.45216323e+22
-3.79232537e+21
-1.76387566e+22
-1.59492972e+21
2025
-8.68794113e+20
-1.30527431e+20
-1.6741095e+21
-9.00011234e+21
2029
-1.49655736e+22
-2.39326448e+22
-1.7855688e+21
-8.14026389e+21
2033
-1.34610867e+22
-1.53972615e+22
-1.72243285e+21
-2.58196443e+21
2037
-1.2555471e+21
-2.57122563e+22
-9.32320236e+21
-4.77602533e+20
2041
-5.24166254e+20
-5.29250103e+21
-6.50389494e+21
-8.42189603e+20

1877
-1.33893566e+21
-1.85048892e+22
-1.70435324e+21
-2.65355921e+22
1881
-5.27392743e+20
-1.85416226e+22
-3.53936334e+20
-2.89439557e+21
1885
-5.71166068e+21
-1.91126213e+21
-3.00018462e+22
-6.93216248e+20
1889
-9.67277523e+21
-3.70479443e+20
-2.70542892e+22
-1.66170041e+22
1893
-1.61365453e+21
-3.48444511e+20
-2.37372394e+22
-1.42240418e+21
1897
-1.70719513e+21
-2.11660625e+21
-1.61712943e+22
-1.76429232e+21
1901
-1.13516261e+22
-2.08518957e+21
-5.99225197e+20
-8.71723754e+20

2129
-1.52914039e+20
-1.82953237e+21
-5.28351572e+20
-5.03348251e+21
2133
-1.51347977e+22
-3.77303828e+20
-8.80094347e+21
-1.60162418e+21
2137
-9.12541166e+21
-2.63489999e+22
-1.02432947e+22
-5.61499697e+20
2141
-5.7044125e+20
-1.62885972e+22
-2.32431513e+22
-5.93030637e+21
2145
-1.14427212e+22
-7.64627179e+20
-2.12959003e+22
-2.06588957e+22
2149
-1.21338326e+22
-9.79550679e+21
-2.29524477e+22
-2.06252452e+21
2153
-7.84897188e+21
-1.96057075e+21
-2.32562455e+22
-1.92758731e+21

1401
-1.64567318e+22
-1.17232703e+22
-8.92424543e+21
-1.27716679e+22
1405
-2.50222786e+22
-4.33060542e+21
-1.66132828e+21
-1.01351568e+22
1409
-6.2720305e+21
-2.90734809e+22
-1.60021465e+21
-1.02888542e+22
1413
-1.87074791e+22
-1.07019633e+22
-2.30677248e+22
-9.83625917e+20
1417
-2.5876441e+22
-2.64959406e+21
-1.20081865e+22
-2.73094943e+22
1421
-1.22185598e+22
-1.73298845e+22
-8.73857295e+20
-2.71664991e+21
1425
-5.39688804e+20
-2.4773709e+22
-7.47871011e+20
-2.71748988e+22

841
-1.92576662e+20
-4.09443974e+20
-5.14737427e+21
-1.93182021e+22
845
-1.5032044e+22
-7.85563385e+21
-1.22183618e+22
-1.97247885e+22
849
-2.76417283e+22
-2.20790952e+21
-4.61177722e+20
-5.27194755e+20
853
-1.51631032e+21
-1.47346959e+22
-2.57660343e+22
-1.50764928e+22
857
-1.33134657e+22
-1.21380175e+21
-2.29888459e+22
-1.61270013e+21
861
-1.96490203e+22
-2.39293111e+22
-1.84163168e+21
-2.20051362e+22
865
-9.35755124e+21
-1.98515135e+21
-2.39035999e+22
-1.9526668e+22

1653
-1.85281354e+22
-1.68519133e+20
-3.06603749e+21
-9.16546597e+20
1657
-1.71404808e+20
-2.01124959e+22
-1.34940347e+21
-2.05881472e+22
1661
-6.79016274e+21
-2.88495131e+22
-2.58212892e+22
-2.11445086e+21
1665
-1.08816791e+21
-1.58941249e+21
-1.44707379e+22
-2.91557814e+21
1669
-5.12443051e+21
-1.6341524e+22
-8.52493108e+21
-9.154819e+20
1673
-2.04803577e+22
-1.49422318e+20
-1.62845001e+20
-1.89752132e+22
1677
-3.01084269e+22
-8.80921948e+20
-1.18028538e+22
-4.25444113e+20

2101
-9.59853756e+21
-2.55058385e+20
-1.68762068e+22
-9.31150463e+21
2105
-1.19296839e+22
-1.99824634e+21
-1.19639432e+22
-9.30957272e+21
2109
-9.56380144e+21
-2.32572126e+22
-1.9055184e+22
-3.4297752e+20
2113
-4.14155219e+21
-1.84512213e+22
-1.92174171e+21
-8.51981287e+20
2117
-2.13620399e+22
-4.37994841e+21
-1.24502225e+22
-5.27379885e+21
2121
-1.72296941e+22
-6.33131349e+20
-2.04007818e+22
-2.68309443e+22
2125
-1.4222599e+21
-1.95715443e+22
-3.32073899e+20
-1.3399626e+21

1989
-1.21376099e+22
-1.99951274e+21
-7.90005562e+21
-5.51738704e+21
1993
-1.94014938e+22
-1.73243021e+22
-5.26380354e+20
-5.05025158e+21
1997
-1.84050155e+22
-1.53046118e+22
-9.13326895e+20
-3.56115795e+20
2001
-3.61783434e+21
-7.79952264e+20
-6.82180704e+21
-6.60534562e+21
2005
-9.31316509e+20
-1.09949537e+22
-1.72108417e+21
-2.88880122e+21
2009
-6.15065725e+21
-2.08376012e+21
-6.85367585e+21
-1.91033653e+21
2013
-2.64617535e+22
-1.49384278e+22
-1.09150299e+21
-1.41219801e+22

1793
-1.65669598e+20
-1.18571115e+22
-1.36659054e+20
-5.44554995e+21
1797
-1.14275803e+20
-2.0220453e+21
-2.08046928e+22
-2.02154077e+21
1801
-5.51757367e+20
-2.25037671e+22
-2.9172795e+21
-2.40945166e+22
1805
-9.91186991e+21
-9.94951992e+20
-2.07902816e+21
-2.47794314e+22
1809
-3.10013245e+21
-2.14679687e+20
-2.79991148e+20
-2.57725305e+22
1813
-1.62267911e+22
-2.5205943e+22
-1.39565294e+22
-1.8190713e+21
1817
-1.85399206e+21
-8.88059892e+21
-3.32538418e+21
-2.10607514e+21

1429
-2.68149125e+22
-1.76733591e+21
-1.70530091e+21
-1.39581531e+21
1433
-2.96451774e+22
-1.0883581e+22
-7.57711895e+20
-1.18501586e+21
1437
-1.07089565e+22
-1.32914515e+20
-1.41730811e+22
-1.86655295e+22
1441
-1.05884157e+21
-1.14591215e+21
-1.02834111e+22
-2.40956591e+22
1445
-4.51807599e+21
-1.90499099e+22
-1.2415859e+21
-1.82753212e+22
1449
-2.01422162e+22
-1.52379697e+21
-3.35263735e+21
-2.7644712e+20
1453
-2.31621263e+22
-1.82081725e+21
-2.04686042e+21
-1.18824863e+21

2213
-2.16391637e+22
-8.09107192e+21
-1.04190286e+22
-1.16451804e+21
2217
-1.42179997e+22
-1.29230132e+22
-1.4713977e+21
-6.98401379e+21
2221
-1.07625938e+22
-1.68366972e+22
-9.90216074e+20
-7.9434633e+21
2225
-6.96499172e+21
-1.79247522e+22
-1.37318944e+21
-1.12980921e+20
2229
-2.9233121e+20
-8.14882488e+21
-1.35419368e+21
-2.87309425e+22
2233
-1.30354004e+21
-1.78451678e+21
-5.25407469e+21
-1.16035706e+20
2237
-1.3605238e+22
-1.67592665e+22
-1.25913451e+21
-1.53421718e+22

2577
-5.19350504e+21
-7.04591628e+20
-3.76667432e+20
-4.26427503e+21
2581
-2.41864452e+22
-1.61972358e+22
-1.74496256e+22
-3.74797067e+20
2585
-1.58767403e+20
-1.18280218e+22
-3.32286472e+21
-2.87214592e+20
2589
-1.33437963e+22
-1.82116161e+21
-1.56878145e+22
-1.42274583e+22
2593
-2.17579018e+22
-5.92711656e+21
-1.92663212e+20
-1.45852919e+22
2597
-5.13977165e+20
-1.9507052e+22
-4.38751702e+20
-1.28269492e+22
2601
-1.84531213e+21
-1.46869812e+20
-4.4119171e+21
-2.01236957e+21

2549
-1.12824146e+22
-6.37216358e+20
-2.48864842e+22
-1.78452084e+22
2553
-2.08482237e+21
-1.42942977e+21
-1.73813869e+22
-1.40280546e+22
2557
-2.3363442e+22
-1.40393143e+20
-1.3391466e+20
-2.34284026e+21
2561
-2.08806299e+22
-1.06077429e+20
-1.10805224e+22
-4.45034975e+20
2565
-1.11182228e+22
-4.11316293e+20
-2.51922706e+22
-2.67983749e+20
2569
-2.33330047e+22
-1.0968786e+22
-1.91353033e+21
-1.71561751e+22
2573
-1.78949023e+22
-3.01017138e+20
-2.49341182e+22
-2.57744202e+20

2773
-1.71600178e+21
-9.21738449e+21
-7.22150902e+21
-4.93559397e+21
2777
-1.31398585e+21
-8.67446343e+21
-9.39503364e+21
-1.50452455e+22
2781
-1.91821522e+21
-8.38729472e+21
-7.87492112e+20
-1.20900606e+22
2785
-2.58835835e+21
-8.17247744e+20
-1.61211991e+22
-1.17756123e+21
2789
-1.62291416e+22
-1.63714114e+22
-1.79995311e+21
-1.89868063e+22
2793
-1.26631798e+22
-1.95749675e+22
-1.29713185e+21
-4.92181403e+20
2797
-2.69317792e+21
-4.56651511e+21
-5.90364843e+21
-2.65593691e+22

2325
-2.12607234e+22
-3.31363972e+20
-9.22797402e+20
-6.59470986e+20
2329
-6.90470225e+21
-1.15807491e+22
-2.69626525e+22
-4.14453981e+21
2333
-1.6596864e+21
-1.9443894e+21
-2.21023123e+22
-1.52060943e+22
2337
-1.08701608e+22
-3.63370381e+21
-1.31999288e+22
-6.95238246e+21
2341
-8.32413394e+20
-1.63562013e+22
-1.37966901e+21
-7.84793503e+21
2345
-1.19491268e+21
-1.06175162e+22
-9.85062649e+20
-1.21711771e+21
2349
-1.0572064e+21
-1.99591313e+22
-2.66493007e+22
-6.53215848e+21

2605
-1.81377635e+22
-3.36839059e+21
-9.79804645e+21
-5.36420111e+21
2609
-2.59508727e+22
-6.35467547e+20
-6.97763251e+20
-8.95017157e+21
2613
-3.40238317e+21
-2.13700658e+22
-1.30643275e+21
-1.73152011e+21
2617
-9.23532636e+21
-1.9363634e+22
-6.71493711e+20
-5.21276346e+21
2621
-2.64474027e+22
-2.29481477e+22
-2.14798243e+22
-6.14416466e+21
2625
-1.02957096e+21
-1.94098966e+21
-1.87540912e+22
-2.06353075e+22
2629
-1.83783754e+21
-8.59174191e+20
-8.39382493e+20
-5.71315327e+21

2493
-2.9887272e+22
-1.49969147e+22
-1.50348618e+21
-1.5781077e+22
2497
-2.03883832e+21
-1.71694147e+22
-1.26989797e+22
-2.65874932e+20
2501
-1.19780014e+21
-1.65826884e+22
-3.44190127e+20
-9.61774466e+21
2505
-5.16492982e+21
-4.32407158e+20
-4.58503296e+21
-1.91602973e+22
2509
-7.15052755e+21
-8.34660447e+21
-3.11640601e+20
-9.94662709e+21
2513
-1.04585647e+22
-2.33523704e+22
-2.11501957e+21
-3.40564029e+20
2517
-1.30252288e+21
-1.06372853e+22
-2.4600189e+22
-1.72919835e+22

2409
-2.70087982e+21
-1.78855235e+22
-9.23786096e+20
-2.38340676e+22
2413
-1.37971008e+22
-1.71284927e+21
-2.05183482e+22
-1.9264605e+22
2417
-1.67590302e+22
-2.03500324e+22
-1.45614398e+21
-3.8012881e+21
2421
-1.33761516e+21
-5.34034988e+21
-2.03447151e+22
-1.23473914e+21
2425
-3.09206834e+22
-1.52296644e+21
-5.37857226e+21
-1.67024409e+21
2429
-2.11611761e+22
-7.84657333e+20
-1.82205704e+21
-1.4323206e+22
2433
-1.25545481e+22
-1.69032005e+21
-6.90197075e+21
-5.50940136e+21

2465
-5.05186253e+21
-1.06390845e+21
-1.58081958e+22
-3.20241912e+21
2469
-1.81503226e+21
-1.15166493e+21
-1.34685691e+22
-1.08740837e+22
2473
-2.41754028e+21
-1.96118257e+22
-1.46575371e+21
-1.76984816e+22
2477
-5.83431401e+20
-9.82704306e+21
-1.04082836e+21
-4.43431236e+20
2481
-5.80356681e+20
-1.07517479e+22
-2.18715314e+22
-4.497179e+20
2485
-1.43207076e+21
-3.76076058e+21
-1.73884934e+22
-1.90601837e+22
2489
-2.3686743e+20
-2.13619891e+22
-2.08936797e+22
-3.65608837e+21

2857
-1.77412123e+22
-1.38141222e+21
-2.54332625e+22
-1.46517323e+22
2861
-6.56741408e+21
-2.19093795e+21
-7.46596773e+21
-2.87904385e+22
2865
-1.49217346e+21
-5.3944555e+21
-1.41943051e+22
-8.9642864e+19
2869
-2.27636343e+22
-1.54094325e+22
-5.14193006e+21
-1.04137835e+20
2873
-8.30945402e+21
-1.97606493e+21
-2.19045335e+22
-1.7017411e+20
2877
-1.47980845e+22
-7.93057233e+20
-7.8302699e+20
-7.6296476e+21
2881
-2.89649689e+22
-1.91995305e+22
-3.45844814e+21
-5.8363187e+21

2745
-1.78428253e+21
-5.56895238e+20
-1.84032396e+21
-6.30435803e+21
2749
-5.70030539e+20
-1.1315678e+21
-1.62467308e+22
-1.30827908e+21
2753
-4.82497433e+21
-1.11134637e+21
-3.16131997e+20
-3.0748291e+21
2757
-1.49800696e+22
-1.49438096e+22
-5.3022002e+20
-6.1033709e+21
2761
-1.68496177e+22
-2.79891639e+22
-1.92732347e+21
-1.0243137e+22
2765
-6.43333425e+21
-3.59930627e+20
-4.16945043e+20
-3.11326765e+20
2769
-1.75363548e+21
-2.07804435e+21
-2.27536016e+22
-1.55031054e+22

2717
-2.00727522e+21
-1.40532688e+20
-2.13377921e+22
-6.65506574e+20
2721
-3.7927687e+21
-1.46030919e+21
-1.91486691e+22
-5.41585799e+21
2725
-3.69148558e+20
-2.92630153e+22
-1.45579017e+21
-1.35481193e+22
2729
-5.86624694e+21
-2.10236905e+22
-2.34351444e+22
-2.26931631e+22
2733
-1.077027e+22
-6.31925844e+20
-1.51182481e+22
-9.56550604e+21
2737
-1.77157196e+22
-2.83784473e+22
-3.0585019e+22
-2.87218361e+22
2741
-3.52917567e+21
-1.97713302e+21
-1.42803678e+22
-1.7883456e+21

2969
-1.3878285e+22
-9.63281928e+20
-2.08103509e+22
-1.0695603e+22
2973
-3.40609517e+21
-2.54927365e+21
-1.40613213e+20
-1.42266862e+22
2977
-4.54312119e+21
-2.21552606e+22
-2.18444998e+22
-1.11555385e+20
2981
-6.35194162e+21
-1.22878932e+22
-8.02875892e+20
-5.87211556e+21
2985
-2.07908902e+22
-1.88805716e+22
-1.43071705e+20
-1.44989583e+22
2989
-1.23210522e+20
-2.37929721e+22
-1.24279046e+21
-1.36635198e+21
2993
-2.03915769e+21
-1.86843826e+22
-4.43608619e+21
-1.23992298e+21

2521
-1.92112098e+22
-7.84729513e+20
-6.12629533e+21
-4.24829547e+21
2525
-8.30722174e+21
-1.66188921e+22
-2.43118713e+22
-1.03136384e+21
2529
-1.53091461e+21
-6.10841543e+21
-2.68189129e+22
-7.55814475e+21
2533
-1.40319789e+21
-2.18800745e+22
-1.53741242e+21
-4.28239692e+20
2537
-1.84657222e+22
-1.14209533e+21
-6.70362752e+20
-1.86784034e+22
2541
-1.28656217e+22
-2.42701399e+22
-2.03234258e+21
-2.37612547e+20
2545
-1.90720327e+21
-1.89837673e+20
-2.73623388e+20
-8.39458407e+20

3081
-2.54308156e+22
-3.01203534e+20
-1.23375583e+22
-2.473569e+22
3085
-1.79756059e+20
-2.80542354e+22
-3.7958171e+20
-1.89145022e+21
3089
-1.31386281e+21
-4.29249161e+21
-3.01879271e+20
-2.1440176e+21
3093
-1.59519824e+22
-9.85013042e+20
-1.1492987e+22
-1.32235283e+20
3097
-2.38307276e+22
-1.61026134e+22
-1.33495757e+22
-1.38863715e+22
3101
-1.53255248e+20
-1.80576068e+20
-9.80712083e+19
-1.58492877e+21
3105
-2.40012422e+22
-1.75867046e+22
-1.42559187e+22
-9.91696896e+21

2829
-8.91317589e+21
-3.8895782e+21
-2.88062208e+21
-2.47048425e+22
2833
-2.06034764e+21
-2.76180499e+21
-2.02236471e+20
-2.17644449e+21
2837
-2.00779849e+22
-2.97701409e+20
-2.03895621e+22
-1.15153789e+21
2841
-1.33703802e+20
-1.90479757e+22
-1.0410701e+22
-5.48393956e+21
2845
-2.68665002e+22
-1.97463511e+20
-4.08744422e+21
-1.168472e+20
2849
-1.72757427e+21
-5.85079483e+21
-1.72594068e+21
-1.945935e+21
2853
-3.58749244e+21
-2.5282645e+22
-7.37933656e+20
-2.00601192e+22

3025
-6.26296147e+21
-1.40594244e+22
-2.87222945e+22
-1.71769777e+21
3029
-1.8996901e+21
-9.93138019e+19
-3.53122064e+21
-1.35893601e+20
3033
-9.09053636e+21
-1.50126354e+22
-1.97808821e+21
-1.4187776e+21
3037
-1.81694269e+21
-3.86705054e+21
-1.47424002e+22
-1.77872108e+22
3041
-8.84338333e+21
-9.3821034e+19
-4.94131019e+20
-1.32832179e+22
3045
-1.55494174e+22
-1.01292808e+20
-1.85257717e+21
-1.98582495e+21
3049
-1.31420931e+22
-2.02509702e+22
-9.66251201e+21
-1.89770085e+21

3053
-2.36028126e+20
-1.45213596e+22
-1.06747199e+22
-2.22012724e+22
3057
-7.4922943e+21
-1.64202436e+22
-1.20046012e+21
-1.36148159e+22
3061
-2.17948226e+21
-1.18145235e+22
-1.29036242e+21
-5.29902312e+21
3065
-1.77179404e+21
-5.4031384e+20
-2.06316089e+21
-3.02972064e+20
3069
-5.38798644e+20
-1.72379048e+22
-2.66735439e+20
-6.68768949e+20
3073
-1.2713976e+21
-1.89008175e+21
-2.66783001e+22
-1.91409515e+21
3077
-8.47797441e+20
-1.06297426e+21
-1.99826378e+21
-1.57700343e+22

2801
-1.65637016e+22
-8.16655351e+20
-7.75173421e+20
-1.0803873e+22
2805
-2.06185328e+22
-2.3670637e+22
-1.48722113e+21
-3.0139878e+21
2809
-5.64579222e+21
-9.1473102e+21
-1.24306986e+21
-2.92145128e+20
2813
-2.22868245e+21
-6.69465492e+21
-5.3961902e+20
-1.879481e+22
2817
-2.71201504e+22
-1.75889992e+21
-1.8631262e+22
-1.39623587e+21
2821
-2.32743986e+22
-2.01310009e+21
-2.18431e+22
-1.08476802e+22
2825
-1.3885318e+22
-8.18722492e+21
-6.03620929e+20
-2.37334897e+20

2241
-2.10670797e+21
-1.81577425e+21
-2.8918454e+21
-1.78406312e+20
2245
-1.72247249e+21
-2.36521761e+22
-6.28282568e+21
-2.04762783e+22
2249
-1.20861885e+21
-2.00416016e+20
-2.24054932e+22
-5.33891827e+20
2253
-2.04599768e+22
-2.72605027e+22
-2.5145004e+22
-1.81516704e+22
2257
-1.25641268e+22
-1.52485014e+20
-2.93472698e+21
-1.53269447e+22
2261
-9.90784032e+19
-1.4875832e+21
-1.92962866e+22
-1.70623642e+22
2265
-2.16067176e+22
-1.57707163e+21
-1.04157609e+20
-2.03727402e+21

2437
-2.05167361e+22
-1.79693558e+22
-7.66426635e+20
-2.02149468e+21
2441
-5.32921431e+21
-1.97514713e+22
-8.48112672e+21
-2.50741004e+22
2445
-1.46796048e+21
-1.31724574e+21
-1.89886813e+22
-1.24651731e+22
2449
-1.40639659e+22
-3.4632514e+21
-2.1193019e+22
-1.43462425e+21
2453
-4.95836482e+20
-2.31705091e+22
-5.31781677e+20
-1.44272681e+22
2457
-1.24482436e+22
-2.28357116e+22
-1.64840591e+20
-6.10145994e+21
2461
-1.08125736e+21
-1.56641195e+22
-1.95563846e+22
-5.0770818e+21

2353
-7.27913377e+21
-6.56837288e+20
-6.55398208e+21
-1.77156227e+22
2357
-8.18023812e+20
-1.20262745e+22
-7.23768358e+20
-2.95381374e+20
2361
-8.05410119e+21
-1.76218757e+22
-3.06158753e+21
-5.80446245e+20
2365
-1.53956438e+21
-7.18574086e+19
-4.31139978e+20
-1.02857289e+21
2369
-1.40216433e+22
-2.30770525e+22
-4.18011396e+21
-1.66863979e+22
2373
-1.07310978e+22
-4.93423566e+20
-1.9005117e+22
-7.76868728e+20
2377
-1.58753169e+22
-2.06816701e+21
-9.01626612e+20
-2.55490884e+22

2661
-1.12321809e+21
-2.88545299e+22
-3.40062554e+20
-1.10689018e+22
2665
-1.48259016e+20
-6.46740721e+20
-8.46044239e+21
-8.39229591e+20
2669
-1.52749213e+22
-2.77722777e+21
-7.14501898e+21
-1.71263172e+21
2673
-2.1602569e+22
-1.10703073e+22
-3.02702594e+22
-1.39202339e+21
2677
-1.48679536e+21
-1.43102932e+22
-1.06802065e+20
-1.89441403e+22
2681
-7.71377332e+21
-7.54778425e+21
-3.67365217e+21
-2.48113064e+21
2685
-1.18819771e+20
-2.72433738e+21
-2.71197387e+22
-1.20704869e+22

2381
-1.18630671e+20
-6.72248364e+21
-1.02056338e+22
-1.83619802e+21
2385
-1.8536941e+21
-3.93956412e+20
-9.9635149e+21
-8.42373276e+20
2389
-2.68521658e+22
-2.31759032e+21
-1.08899237e+21
-1.44704295e+21
2393
-2.06561852e+21
-2.30401511e+22
-4.48586297e+21
-1.45049581e+21
2397
-1.04123947e+21
-2.09792261e+21
-1.28112162e+22
-9.54717703e+21
2401
-2.28014325e+22
-1.7000414e+22
-2.52902476e+20
-1.08276999e+22
2405
-1.40605373e+21
-1.73058366e+22
-1.67985556e+21
-3.67357535e+20

3277
-1.04910716e+21
-2.62676808e+22
-1.68982195e+22
-2.55154139e+22
3281
-2.85572351e+22
-2.0252633e+22
-2.30651252e+22
-1.52112536e+22
3285
-6.73917048e+21
-1.54174406e+20
-3.58782714e+20
-3.82239636e+20
3289
-1.9192715e+22
-1.4352435e+22
-2.0027612e+21
-2.92307197e+20
3293
-1.26827944e+22
-6.11165367e+21
-3.40152428e+21
-5.2655193e+21
3297
-2.21493761e+20
-4.17574882e+20
-5.01255402e+21
-1.98662768e+21
3301
-4.51471443e+20
-2.32038395e+20
-1.84869352e+21
-1.8339913e+22

2885
-1.91023218e+21
-1.35127925e+22
-1.31387079e+20
-8.77035586e+20
2889
-1.27639767e+21
-2.03596591e+21
-9.49469121e+20
-9.45920244e+21
2893
-1.42456556e+22
-1.04524347e+21
-9.38438569e+20
-8.29989606e+20
2897
-2.67203069e+22
-1.24178494e+21
-1.40007844e+22
-1.92090989e+22
2901
-2.30800065e+20
-1.47045931e+21
-2.37574923e+22
-2.94676806e+22
2905
-4.29861721e+21
-1.90883362e+22
-1.1655518e+20
-2.64408596e+22
2909
-6.58656223e+21
-3.37238249e+21
-1.37153595e+22
-2.86622375e+20

2633
-1.05388408e+20
-6.69625898e+21
-1.99737772e+21
-1.83039778e+22
2637
-2.44724362e+22
-5.85136197e+21
-1.99094857e+22
-1.30693425e+22
2641
-1.29577959e+22
-5.07646172e+20
-2.48093708e+21
-1.47224811e+21
2645
-2.07671586e+22
-8.2596401e+20
-3.5520088e+20
-2.41472115e+22
2649
-6.8592818e+21
-2.5939878e+22
-1.30207501e+22
-1.63858978e+21
2653
-2.18683181e+22
-1.86484289e+20
-2.43990976e+22
-1.35431566e+22
2657
-1.292049e+21
-1.93619959e+22
-2.25827805e+22
-1.18516221e+21

3137
-2.69077301e+22
-2.18707007e+22
-1.85487891e+20
-6.97167332e+21
3141
-6.50760899e+20
-1.74475555e+22
-2.5900366e+21
-8.71147223e+20
3145
-1.99927484e+21
-4.99821824e+21
-4.43185935e+21
-5.8845689e+20
3149
-1.63299435e+21
-2.45570272e+21
-1.78243372e+21
-1.32400931e+21
3153
-2.63243168e+22
-1.48359242e+22
-9.24093639e+21
-4.65953078e+21
3157
-2.0479002e+21
-9.8668753e+20
-1.73219476e+22
-1.14222532e+22
3161
-4.96120591e+21
-5.44620961e+20
-8.39555208e+21
-1.45469278e+22

3417
-5.09815027e+21
-1.28077228e+21
-1.41269178e+21
-1.9536515e+21
3421
-1.10819781e+21
-1.07875357e+21
-1.08280787e+21
-1.66675945e+21
3425
-1.32675722e+22
-5.92777291e+20
-1.97285224e+21
-2.34276946e+22
3429
-4.09768675e+20
-1.92920339e+22
-1.2769947e+22
-4.93939334e+20
3433
-8.0558957e+21
-1.82004032e+22
-2.66444069e+20
-5.84192071e+21
3437
-1.68925603e+22
-1.67628981e+21
-7.99942021e+21
-1.32068755e+21
3441
-9.24986724e+20
-7.08982535e+21
-5.80893072e+21
-9.52064813e+21

2941
-8.83004868e+21
-9.300038e+21
-1.43381254e+21
-2.06535612e+22
2945
-1.89449385e+20
-1.46818187e+21
-1.48266369e+21
-2.02875994e+22
2949
-1.89080042e+21
-1.98955855e+21
-1.71654303e+22
-2.69291332e+20
2953
-1.03656681e+21
-4.55445592e+21
-1.21183798e+21
-5.77423653e+20
2957
-2.03801333e+22
-2.63277293e+22
-2.60951844e+22
-8.41072918e+21
2961
-1.61423216e+22
-2.00131227e+21
-1.30091763e+20
-7.69628805e+21
2965
-1.86538761e+20
-8.21228054e+20
-7.92236473e+21
-5.3531791e+20

3249
-1.90251877e+21
-2.43389871e+22
-4.99540691e+20
-3.51219743e+20
3253
-1.96188591e+22
-7.40141508e+21
-3.30573573e+20
-1.06995743e+22
3257
-2.73916856e+22
-5.51232245e+21
-1.4689262e+21
-4.0302345e+20
3261
-1.53176033e+22
-9.32895295e+21
-1.23737154e+21
-2.61912596e+21
3265
-5.09354218e+20
-5.88795955e+20
-3.01719716e+21
-1.90640045e+21
3269
-1.01549698e+20
-2.10834973e+21
-4.83332635e+20
-1.21807333e+21
3273
-2.62171796e+22
-2.12764792e+22
-2.05508253e+22
-8.28677563e+20

2913
-1.90692348e+20
-1.23060327e+20
-2.4136912e+21
-4.32454283e+21
2917
-1.10609602e+21
-8.51807151e+21
-9.75026025e+21
-2.7489584e+21
2921
-1.40750405e+21
-1.16483021e+22
-2.34018686e+22
-6.22468318e+21
2925
-3.07662968e+20
-4.3746729e+21
-2.05789149e+21
-5.49726442e+21
2929
-1.99448951e+21
-2.61951136e+20
-1.5819742e+21
-2.53052802e+22
2933
-1.55357811e+20
-5.7741822e+21
-1.62943828e+21
-7.57483537e+21
2937
-1.28465523e+20
-1.80700751e+22
-1.57879814e+22
-1.81800638e+22

2997
-1.63783776e+22
-1.30474904e+22
-2.87894131e+21
-2.38174465e+22
3001
-2.02122801e+21
-1.81137916e+21
-1.0705998e+22
-1.39711287e+22
3005
-1.87564389e+22
-6.63154599e+21
-1.99261322e+22
-6.52261806e+20
3009
-1.05048459e+22
-2.77258829e+22
-5.57030317e+20
-1.6650634e+22
3013
-1.68472019e+21
-8.15750894e+21
-2.6178191e+22
-1.19409562e+21
3017
-2.6072842e+21
-9.01079505e+20
-4.90503954e+20
-7.9176167e+20
3021
-2.78312553e+22
-1.34941756e+21
-1.92604081e+21
-1.30117682e+22

3109
-3.79607586e+20
-7.70653973e+21
-5.86328431e+21
-5.30119517e+20
3113
-5.34493158e+21
-2.69324296e+22
-2.08198822e+21
-2.03942365e+21
3117
-1.34416124e+22
-2.58107345e+22
-9.34125174e+20
-5.14169534e+20
3121
-4.49975078e+21
-1.96330048e+21
-5.77427333e+21
-9.76747505e+20
3125
-7.45068739e+20
-6.17329349e+20
-3.06591783e+20
-4.74893198e+21
3129
-7.80254123e+21
-1.28304945e+22
-2.13147984e+22
-1.95968397e+22
3133
-8.35928899e+21
-2.06101168e+21
-7.3360932e+20
-1.84387977e+21

3333
-1.47688469e+22
-2.03651196e+20
-7.4367939e+21
-8.96184441e+19
3337
-1.51185653e+22
-2.59181698e+20
-1.81952009e+21
-1.52034688e+22
3341
-1.28117012e+21
-2.37292363e+22
-2.07180918e+21
-5.73307034e+21
3345
-1.38009227e+21
-1.55881801e+22
-1.83319885e+22
-7.13960446e+21
3349
-1.49617161e+20
-1.16424622e+22
-2.77299874e+22
-1.64971245e+22
3353
-1.00168326e+21
-2.03705e+21
-2.27257904e+22
-7.45371928e+21
3357
-1.67569465e+20
-2.30530203e+22
-2.16495252e+22
-4.74589938e+20

3305
-7.24852385e+21
-1.3336969e+22
-1.7721766e+20
-2.40590388e+22
3309
-1.26658607e+21
-7.99620243e+21
-5.43616965e+21
-2.34162605e+22
3313
-1.27623867e+22
-2.42697306e+22
-7.67830503e+21
-2.08657486e+22
3317
-1.19323447e+22
-9.5327527e+20
-1.8889837e+22
-1.06594727e+21
3321
-1.8332475e+22
-2.20100417e+22
-2.1367294e+22
-1.74541276e+22
3325
-1.87649045e+22
-1.2794281e+21
-8.11386834e+21
-9.98293748e+21
3329
-1.25067619e+22
-1.10378553e+22
-1.4766548e+21
-4.94395579e+21

3221
-1.71461714e+20
-1.93540585e+21
-1.9380415e+22
-6.29644196e+21
3225
-3.30564713e+20
-1.24940185e+22
-2.51608254e+20
-3.39159635e+21
3229
-1.05363072e+22
-5.36904388e+20
-4.21730042e+21
-1.47350092e+21
3233
-1.2720778e+21
-1.89000627e+22
-1.86974817e+20
-1.05051851e+22
3237
-2.58058395e+22
-1.906185e+22
-7.66904859e+21
-1.69408683e+22
3241
-7.8641099e+20
-1.83521761e+22
-1.47159169e+22
-1.69680772e+21
3245
-7.88514026e+21
-8.14065272e+21
-3.30080165e+20
-7.40834176e+21

3837
-3.38287504e+21
-5.20828463e+21
-1.30937206e+21
-1.16651844e+22
3841
-2.06449804e+21
-9.59939458e+19
-7.29820803e+20
-7.92750149e+21
3845
-1.59788328e+22
-9.994193e+21
-1.60063025e+22
-1.48237513e+22
3849
-1.12768363e+21
-1.8646405e+21
-1.34620752e+21
-2.83907658e+20
3853
-2.04210705e+22
-1.08020627e+21
-2.11831012e+22
-1.32120349e+21
3857
-3.89428237e+20
-1.23176112e+22
-1.48196959e+22
-2.67134577e+22
3861
-7.00061387e+20
-3.22548906e+21
-1.04801018e+22
-8.41283056e+21

3445
-2.16996131e+22
-1.8664294e+21
-2.07325485e+21
-1.55626585e+22
3449
-1.71924144e+22
-1.44539368e+21
-3.58845067e+20
-7.41808554e+21
3453
-1.37768846e+22
-9.22785108e+21
-3.21410306e+21
-2.00933697e+22
3457
-1.23488219e+22
-8.18828472e+21
-6.40076236e+21
-2.39565285e+21
3461
-2.00682223e+21
-2.46041728e+22
-2.6327677e+22
-2.91920254e+22
3465
-4.77062417e+20
-7.10245934e+21
-2.08617828e+21
-1.23375152e+22
3469
-1.94759367e+22
-2.09594937e+22
-3.26349419e+20
-2.14867701e+22

3389
-1.32687894e+22
-1.6282211e+22
-4.59459039e+21
-2.15989674e+22
3393
-1.43399809e+22
-1.06801163e+21
-1.44917451e+22
-4.32132457e+21
3397
-5.58007458e+21
-1.46462687e+21
-3.67371019e+20
-1.05646029e+22
3401
-2.23230632e+22
-2.79064558e+22
-8.39303411e+19
-5.94646213e+21
3405
-3.93784841e+20
-1.13719479e+22
-2.45754006e+22
-5.87128526e+20
3409
-1.10770146e+22
-1.55555595e+22
-3.93472174e+21
-7.07105766e+21
3413
-7.04295455e+21
-2.46704126e+22
-2.61655473e+22
-6.75664499e+21

3501
-5.58709892e+21
-3.49257592e+20
-1.47568856e+21
-1.91359447e+21
3505
-2.61433553e+20
-1.4100692e+22
-1.6674404e+22
-2.87097642e+21
3509
-2.03736236e+21
-8.33917282e+20
-2.07931957e+21
-1.78156625e+21
3513
-7.46286164e+20
-2.13773416e+22
-1.1494038e+22
-9.90132313e+21
3517
-8.01165334e+21
-8.69293731e+19
-1.26782785e+22
-1.77005964e+20
3521
-2.29693078e+22
-1.25127334e+20
-1.37404235e+22
-3.78985855e+20
3525
-1.97587971e+22
-2.18917489e+22
-8.88861579e+20
-2.04803131e+22

4005
-5.23640404e+20
-6.17745536e+20
-3.4629812e+20
-1.17834656e+20
4009
-2.13733443e+21
-2.01927126e+21
-1.10037456e+22
-1.57525526e+21
4013
-1.8160246e+22
-1.29812404e+20
-1.35191453e+22
-2.34140442e+22
4017
-2.4469149e+22
-9.2171146e+20
-2.75339369e+22
-1.68554867e+21
4021
-1.54496901e+21
-1.77384641e+22
-2.12082054e+22
-1.12043803e+21
4025
-1.47202042e+22
-9.38910684e+21
-1.97187362e+21
-1.41337064e+22
4029
-1.16656643e+20
-1.65475639e+21
-1.31324581e+21
-4.78069137e+21

3641
-1.55555473e+22
-1.66806328e+20
-1.7505688e+22
-1.99590338e+21
3645
-1.62581772e+20
-7.65096503e+21
-1.7398408e+22
-1.13513636e+21
3649
-5.10313171e+21
-2.01767124e+21
-2.00342741e+21
-8.14130064e+21
3653
-1.44585263e+22
-2.04687915e+22
-9.64022706e+20
-1.99519517e+22
3657
-1.01892109e+22
-1.77353456e+21
-1.61187898e+22
-1.46256024e+22
3661
-2.37015506e+22
-8.84255144e+20
-1.13925361e+22
-2.44847688e+22
3665
-2.39865339e+22
-1.36740901e+21
-9.50669924e+20
-1.32322289e+22

3473
-5.4399553e+20
-1.09328354e+21
-7.75411331e+20
-1.34716463e+22
3477
-9.75643376e+21
-2.44607346e+21
-2.41570424e+21
-1.63042701e+20
3481
-5.06519293e+20
-1.47275478e+21
-8.84948145e+19
-1.62327366e+22
3485
-1.38844485e+21
-6.50092865e+21
-7.38165598e+20
-1.50565961e+22
3489
-4.06980309e+20
-1.76658968e+22
-8.76186094e+21
-8.38812546e+21
3493
-2.55735126e+22
-1.58580746e+22
-1.29516002e+21
-2.25891251e+22
3497
-1.72701989e+21
-9.02655244e+21
-1.14011986e+22
-1.42879249e+20

3165
-1.78161577e+21
-1.30271581e+21
-1.92547785e+21
-3.05569887e+20
3169
-1.92365025e+22
-4.90660004e+21
-1.81432623e+21
-7.71965282e+21
3173
-2.68500268e+22
-6.75586742e+20
-1.42832872e+20
-6.86892285e+21
3177
-2.55989248e+20
-1.461237e+21
-1.9191722e+21
-1.54121727e+22
3181
-1.77463768e+22
-1.26928193e+22
-1.94632662e+22
-2.46934585e+22
3185
-1.71200272e+21
-1.45451598e+22
-6.8693735e+21
-1.66116471e+22
3189
-2.0495042e+21
-2.72444808e+22
-3.28006448e+20
-5.12166814e+21

3753
-4.10835413e+21
-4.74842655e+21
-3.61008476e+20
-3.54572753e+20
3757
-6.04811666e+21
-4.46149009e+20
-1.53717644e+21
-1.86616256e+22
3761
-1.14664471e+22
-9.33361326e+21
-7.86130764e+21
-2.10336242e+20
3765
-2.0874553e+21
-1.95136107e+21
-9.14862983e+19
-2.78653472e+20
3769
-1.92192445e+21
-1.45251009e+20
-2.22249438e+22
-1.14062797e+22
3773
-1.85694209e+22
-3.68716789e+20
-1.48498399e+22
-1.43940561e+22
3777
-9.7531282e+21
-1.21897735e+21
-2.28477427e+22
-3.05334994e+22

3921
-8.81336676e+21
-2.3360879e+22
-2.63497169e+22
-2.03087334e+21
3925
-1.46071442e+22
-1.88841227e+21
-3.00769785e+21
-1.36414556e+22
3929
-1.93787372e+22
-2.01771823e+21
-4.02672874e+21
-5.10565357e+20
3933
-1.99657236e+22
-7.47636014e+21
-2.89174769e+22
-3.31361677e+20
3937
-2.70017681e+21
-1.16014381e+22
-3.00504174e+20
-1.90881391e+21
3941
-1.98739364e+22
-2.53318731e+22
-4.740842e+21
-2.5517772e+20
3945
-1.53266107e+22
-8.3794606e+21
-1.16277595e+22
-1.34357428e+20

2689
-4.12225274e+21
-1.09352378e+20
-1.64682792e+22
-1.87200051e+21
2693
-1.6304759e+22
-4.97469993e+21
-8.08248177e+21
-1.72745904e+21
2697
-1.9887173e+22
-2.85427027e+21
-1.4015386e+22
-1.91448951e+21
2701
-5.4521201e+20
-6.23727925e+21
-6.5684674e+21
-2.60052956e+20
2705
-1.53004261e+21
-1.50146631e+20
-1.01547128e+21
-3.05457545e+22
2709
-1.30143999e+20
-1.26447719e+22
-9.33460878e+21
-5.58247731e+21
2713
-1.46160656e+22
-1.66971825e+22
-4.99649171e+21
-1.10461659e+21

3193
-6.04386983e+21
-2.75142038e+21
-1.72534159e+22
-1.41619873e+22
3197
-4.42492453e+21
-1.46765717e+21
-2.83354351e+20
-2.14566315e+22
3201
-3.77475059e+21
-1.8590914e+22
-1.7818333e+22
-6.31137863e+21
3205
-1.61643192e+22
-2.99853658e+22
-1.18160953e+22
-4.88219356e+21
3209
-1.94053069e+22
-1.8323724e+22
-1.84531705e+22
-1.10215983e+22
3213
-3.03018491e+20
-2.19105343e+22
-1.19345926e+21
-2.16950918e+22
3217
-2.28877158e+20
-2.68634109e+22
-2.23620353e+22
-1.56454388e+22

3865
-2.18568011e+22
-8.1359071e+20
-3.16919506e+21
-1.18168934e+22
3869
-1.55710853e+21
-3.6852848e+21
-1.83487964e+21
-1.02068887e+21
3873
-1.8640717e+22
-7.80085832e+20
-3.08638871e+20
-2.35528956e+22
3877
-2.36096737e+22
-1.52986182e+22
-1.71785602e+20
-1.63675623e+22
3881
-8.71044229e+21
-9.17372451e+21
-1.31213083e+22
-1.7563919e+22
3885
-2.12201431e+22
-9.25849142e+20
-9.05360566e+21
-2.89130937e+22
3889
-7.99733875e+21
-1.73010031e+21
-2.39570433e+22
-1.69876621e+21

4173
-4.84012656e+21
-2.67515107e+21
-9.08354202e+19
-2.55886908e+21
4177
-2.12016165e+21
-7.71668333e+21
-1.17683126e+20
-4.45607813e+20
4181
-1.85553811e+21
-1.06565903e+22
-2.38592672e+22
-1.1264171e+21
4185
-2.19138047e+20
-1.60610805e+22
-6.88808983e+21
-1.92342361e+21
4189
-2.07552982e+22
-4.89015518e+21
-2.88374377e+21
-2.80954137e+22
4193
-2.18828527e+21
-1.46661254e+21
-8.60529777e+21
-8.81637396e+21
4197
-1.51546842e+22
-7.96206956e+20
-1.27727533e+21
-1.15980542e+22

4117
-1.06420659e+22
-1.40432043e+21
-1.11465704e+22
-4.49090132e+20
4121
-5.34409389e+20
-2.01474807e+21
-1.86225375e+21
-1.95724667e+21
4125
-1.55941972e+21
-2.15146546e+22
-5.93390634e+21
-1.73609374e+22
4129
-8.13318693e+21
-2.07335491e+21
-1.82721628e+21
-1.75680337e+22
4133
-8.70189081e+21
-2.02808033e+21
-2.61081116e+22
-1.59061464e+22
4137
-2.5623578e+20
-2.16437436e+22
-4.76504043e+21
-3.55244315e+21
4141
-3.53570042e+20
-1.8506175e+22
-1.50859644e+22
-7.06484137e+21

3781
-1.69518428e+22
-1.2440495e+22
-2.47683719e+22
-2.43391869e+21
3785
-1.0711721e+20
-9.67217038e+21
-1.31036104e+22
-1.46970287e+22
3789
-1.01046378e+22
-2.72022413e+22
-1.09128404e+21
-2.50359656e+22
3793
-1.29930181e+21
-2.89713667e+21
-2.58744727e+20
-3.20774085e+21
3797
-1.66889974e+22
-6.00507632e+21
-1.55741304e+22
-2.03602411e+20
3801
-1.50604741e+21
-2.19142078e+20
-2.01223949e+21
-2.47135373e+20
3805
-1.4420182e+22
-1.73205314e+21
-3.2781548e+21
-2.42949205e+22

4145
-9.44065239e+21
-8.80131037e+21
-1.54695083e+22
-2.27243511e+20
4149
-2.46786303e+22
-1.64913892e+22
-2.06920844e+21
-3.47896294e+21
4153
-2.38531062e+21
-9.48605921e+20
-2.02750201e+22
-3.32591955e+21
4157
-1.46795023e+20
-2.55253644e+22
-1.07166012e+21
-2.43142192e+22
4161
-1.36654717e+22
-1.58024893e+21
-8.2612391e+21
-1.30121799e+22
4165
-1.72296e+21
-2.42908221e+22
-1.57982728e+22
-2.90175806e+21
4169
-1.39576054e+21
-2.59627188e+22
-1.77894031e+21
-1.23019177e+22

3529
-2.8668341e+22
-6.0888073e+20
-5.63082171e+21
-3.09575492e+21
3533
-2.11443766e+22
-4.92198952e+21
-2.3760825e+22
-5.81776607e+21
3537
-1.85094639e+20
-3.53965185e+20
-1.95881257e+22
-6.25851349e+21
3541
-4.40999374e+20
-5.37103919e+20
-6.72458819e+21
-1.68315174e+22
3545
-1.34220802e+21
-3.90169225e+20
-2.25946565e+21
-1.11154146e+22
3549
-1.70575243e+22
-4.96539366e+21
-1.28316166e+21
-1.91302798e+22
3553
-3.8740011e+20
-3.32927973e+21
-4.939458e+21
-9.58928286e+21

4061
-2.35015537e+22
-2.6488953e+22
-2.15993926e+22
-5.41930608e+21
4065
-1.23728867e+21
-7.02777816e+21
-1.24347985e+22
-2.04995321e+21
4069
-7.0458066e+21
-1.36237894e+21
-1.6115284e+21
-8.00894437e+21
4073
-1.08047629e+22
-1.52337628e+22
-1.6996729e+22
-2.40963268e+22
4077
-1.02253484e+22
-1.59671735e+21
-1.4664352e+21
-1.39370145e+22
4081
-1.92249306e+21
-1.93283952e+21
-3.08178249e+21
-1.39910208e+22
4085
-1.15035145e+22
-1.56054755e+21
-7.75872993e+20
-5.23207469e+20

3613
-3.88976625e+21
-1.97579759e+20
-3.26507359e+20
-2.51812388e+20
3617
-1.81633977e+20
-1.2167755e+22
-1.74545364e+22
-1.77745051e+22
3621
-8.33580979e+21
-2.62190609e+22
-1.44680045e+22
-1.69766955e+21
3625
-9.50268836e+20
-1.69193747e+22
-1.32826773e+21
-1.57128905e+22
3629
-4.37601349e+20
-6.91718903e+20
-1.03464758e+22
-1.00183393e+22
3633
-1.58374782e+22
-1.8289303e+22
-3.06623456e+21
-4.66924883e+21
3637
-8.83955451e+20
-1.99315801e+21
-7.68562258e+20
-1.97399279e+22

3557
-2.90533718e+20
-1.25012569e+21
-1.67565197e+21
-1.55870748e+22
3561
-1.09787135e+21
-1.87557276e+22
-1.69608332e+22
-2.66385975e+22
3565
-9.95275845e+21
-6.72426265e+21
-1.0059799e+22
-1.6530007e+22
3569
-1.07497509e+22
-1.47426983e+21
-1.5034934e+22
-1.11670403e+20
3573
-1.94658782e+21
-2.40326855e+22
-6.37288573e+20
-1.6036276e+22
3577
-1.69649243e+22
-1.44294388e+22
-1.81476256e+22
-2.59665694e+22
3581
-1.0445661e+21
-1.91896862e+22
-1.485e+22
-4.17906998e+20

4033
-1.44557708e+21
-1.86654393e+21
-1.88098189e+22
-1.87193779e+21
4037
-2.78656713e+22
-1.08626733e+21
-7.46103265e+21
-1.64213701e+22
4041
-2.09721565e+20
-1.0970152e+22
-3.5149837e+21
-3.61325736e+20
4045
-1.58366733e+21
-3.45647213e+21
-4.71430125e+21
-1.59513333e+20
4049
-1.36795361e+21
-1.54663046e+22
-7.68123286e+20
-1.21612254e+21
4053
-8.53471201e+20
-1.86831557e+22
-1.51015884e+21
-4.72456218e+20
4057
-2.20253239e+21
-2.44205931e+20
-4.01717902e+20
-3.71603355e+21

3697
-2.05420327e+22
-2.57362663e+20
-3.28770491e+21
-1.51429461e+22
3701
-2.20608561e+20
-2.08637609e+21
-7.1749945e+21
-1.5367921e+21
3705
-2.341699e+22
-9.93027917e+21
-2.50875893e+21
-4.96944564e+21
3709
-1.10785916e+21
-1.57454674e+21
-4.78761534e+21
-1.9588055e+21
3713
-1.39342403e+22
-2.7337652e+21
-2.11517626e+22
-1.47432106e+22
3717
-1.59685235e+21
-1.01384538e+22
-2.46713499e+21
-6.4373236e+21
3721
-7.97481928e+21
-1.95857272e+22
-1.38928176e+22
-1.94964931e+21

4341
-2.21877909e+21
-2.67100421e+21
-4.28347706e+21
-8.39467834e+20
4345
-2.64221859e+22
-1.22385923e+21
-1.00669168e+21
-1.01176037e+20
4349
-1.5469372e+21
-1.1128396e+20
-9.73731429e+20
-2.13838674e+22
4353
-2.95875494e+20
-4.45252923e+20
-8.49931179e+21
-1.46864763e+21
4357
-2.67620854e+20
-2.12972827e+22
-2.27747336e+22
-2.69365592e+20
4361
-7.45811057e+21
-1.48916958e+22
-9.62388725e+20
-2.05865206e+21
4365
-1.16245513e+22
-2.74945642e+21
-6.08502842e+20
-1.28170861e+22

3725
-1.01455867e+21
-2.10289739e+21
-1.9174899e+22
-8.28767304e+21
3729
-1.83576229e+22
-1.59221675e+21
-2.01100445e+21
-8.18986157e+20
3733
-2.14152312e+22
-3.56977755e+21
-2.42478506e+22
-1.81820642e+22
3737
-4.52198007e+21
-1.71520621e+21
-2.50472926e+22
-2.66027505e+20
3741
-1.1982006e+22
-2.21298765e+20
-1.84243319e+21
-9.82694242e+21
3745
-1.02245324e+22
-1.51999816e+22
-2.08061986e+21
-1.77366404e+21
3749
-6.36228862e+21
-5.4806645e+21
-6.78600394e+21
-3.72966925e+20

3361
-9.58556477e+20
-8.4397751e+20
-1.68573088e+21
-1.60104263e+22
3365
-4.12092996e+21
-2.56713193e+22
-5.19145427e+21
-2.59516157e+22
3369
-1.04863857e+21
-2.04435767e+21
-2.3976056e+20
-4.3967515e+20
3373
-1.67484786e+22
-3.03758413e+21
-2.05446809e+22
-1.40920766e+21
3377
-1.61166525e+21
-2.21172566e+22
-5.89658655e+21
-2.77762824e+22
3381
-1.31194705e+22
-9.99460851e+21
-7.4522808e+21
-1.59900572e+20
3385
-7.2905845e+21
-1.41176681e+22
-1.95098905e+21
-4.49447199e+21

3977
-2.88148578e+21
-1.70930242e+21
-1.88722737e+22
-1.27835964e+22
3981
-2.92568662e+22
-2.94694693e+22
-6.26553536e+21
-5.06054778e+20
3985
-4.83260164e+21
-7.76489202e+21
-7.85516471e+20
-7.16912557e+20
3989
-6.58071934e+21
-1.97771575e+22
-1.59352501e+22
-1.21014329e+22
3993
-1.46280558e+21
-1.14305353e+21
-2.17479188e+22
-1.74381814e+20
3997
-2.97669901e+20
-1.46249711e+22
-9.67435208e+21
-1.8311776e+20
4001
-2.06363176e+21
-1.84851033e+21
-1.48104087e+21
-1.38030008e+22

3949
-2.06901676e+22
-9.70648306e+21
-1.42433529e+21
-5.1724864e+20
3953
-2.07727127e+21
-3.64840905e+20
-1.23385891e+21
-1.30533989e+22
3957
-2.1747461e+22
-6.97620902e+20
-1.39562987e+21
-5.63824115e+21
3961
-1.49047851e+22
-1.43250395e+21
-4.06846189e+21
-4.84666392e+20
3965
-1.84513305e+21
-2.35088847e+22
-9.21300003e+21
-2.1573025e+21
3969
-1.03698578e+22
-2.86279167e+22
-2.97082022e+20
-1.51878199e+21
3973
-9.38711538e+21
-1.39540399e+22
-2.0191164e+21
-4.80022412e+20

4229
-9.41917522e+21
-2.62299746e+22
-2.89592453e+22
-2.38590403e+22
4233
-2.8025859e+21
-2.49379976e+22
-2.62271646e+22
-2.06060025e+21
4237
-1.82775869e+21
-4.28527656e+20
-2.56707106e+22
-7.32307038e+21
4241
-1.24396743e+22
-1.41823455e+22
-2.91238426e+22
-1.73053319e+22
4245
-1.48202015e+21
-8.32299716e+21
-2.17300823e+22
-4.67041858e+20
4249
-2.72945283e+22
-8.64307459e+21
-1.61865834e+22
-1.87127256e+20
4253
-2.17085505e+20
-2.78446766e+20
-1.18528929e+22
-1.91876283e+21

4201
-8.39079133e+21
-1.23210021e+20
-2.0127187e+22
-1.80465607e+21
4205
-7.84742923e+21
-1.28082087e+20
-1.35926245e+22
-8.20948491e+20
4209
-1.5506057e+22
-1.12151859e+21
-7.53716734e+21
-1.12350542e+22
4213
-1.52860878e+22
-3.08503602e+21
-2.72264365e+22
-2.35789947e+22
4217
-3.16272709e+21
-1.64477576e+22
-2.09039301e+22
-1.33931983e+21
4221
-1.92351435e+22
-2.20512764e+21
-1.23786597e+22
-6.83546331e+20
4225
-2.90127274e+22
-1.41989784e+22
-2.65348699e+22
-3.2731015e+20

4397
-1.34634978e+21
-5.06821757e+21
-4.18083984e+21
-2.95242757e+22
4401
-7.60544318e+20
-3.59290128e+21
-1.4587058e+22
-2.02772644e+21
4405
-1.90196584e+21
-1.61279322e+21
-7.95735137e+20
-8.15461753e+21
4409
-2.44651182e+22
-2.14848099e+21
-1.48280965e+21
-2.5353564e+22
4413
-7.88166994e+21
-2.5263103e+22
-5.20873807e+21
-1.77623465e+21
4417
-4.32656346e+21
-4.66539578e+20
-1.5800281e+21
-1.89346045e+22
4421
-3.89655549e+21
-2.06154603e+21
-1.89804833e+21
-1.24276165e+20

4257
-1.78285371e+22
-2.86437131e+22
-1.93183851e+21
-2.04280492e+21
4261
-1.99372794e+22
-2.57927282e+21
-1.09347955e+22
-1.39717827e+22
4265
-6.38841209e+21
-1.19608112e+21
-1.47403798e+21
-1.12266184e+22
4269
-2.01853677e+21
-1.49489197e+22
-5.2744485e+21
-1.59301909e+20
4273
-2.09081232e+21
-1.78766491e+21
-2.20013519e+22
-2.00335728e+20
4277
-8.31435863e+20
-7.03604258e+21
-5.83735995e+20
-1.83909356e+21
4281
-2.67729513e+21
-1.03220408e+22
-2.1938874e+22
-2.4657258e+22

4089
-2.83106853e+21
-5.03126436e+21
-2.4689304e+20
-1.98770152e+22
4093
-1.62741005e+22
-7.44865151e+20
-2.2886088e+21
-4.56418326e+21
4097
-1.69423791e+22
-1.78018632e+21
-5.4708468e+21
-1.608216e+20
4101
-8.68511639e+19
-6.51391142e+21
-1.78699263e+21
-1.3785252e+22
4105
-5.29524153e+21
-2.14792105e+22
-1.22269382e+21
-1.65011545e+22
4109
-1.85549005e+22
-5.41062411e+21
-2.81440275e+21
-9.47137799e+20
4113
-1.6538867e+21
-3.05234615e+21
-1.45077541e+22
-1.80838662e+22

4285
-2.79314393e+21
-1.07543561e+22
-2.0144355e+21
-1.39319782e+21
4289
-1.26077052e+22
-8.18801987e+20
-2.10211376e+21
-1.90382342e+22
4293
-1.30519782e+22
-4.95861502e+21
-3.75879798e+21
-2.06553503e+22
4297
-3.14937701e+21
-2.74164595e+21
-1.32200488e+22
-1.92634053e+22
4301
-1.23191465e+22
-1.59480645e+22
-1.96893371e+21
-1.25812168e+20
4305
-1.38241238e+22
-1.34286043e+22
-1.79064936e+20
-6.19299131e+20
4309
-3.23285458e+20
-7.78946408e+21
-1.18985863e+22
-2.00462368e+20

4425
-1.24908846e+21
-1.40493208e+22
-4.43603865e+20
-1.97104402e+21
4429
-4.88774024e+21
-1.06767182e+22
-3.11403109e+21
-1.69920953e+21
4433
-2.06790947e+20
-1.74818298e+20
-1.03942909e+20
-6.66422266e+21
4437
-1.75538832e+22
-7.60415075e+21
-5.20122033e+21
-2.08825951e+21
4441
-2.59035982e+22
-1.29596782e+22
-3.91819698e+20
-1.20514622e+21
4445
-1.67305373e+22
-1.17687162e+22
-2.62417657e+22
-4.00051901e+20
4449
-1.45361431e+22
-5.25505782e+21
-1.47300486e+22
-1.00217256e+22

3809
-1.68019965e+21
-2.25647133e+21
-5.70185715e+21
-1.43332736e+21
3813
-1.63101074e+22
-9.87098669e+21
-4.91364627e+21
-1.75293665e+20
3817
-5.32769627e+20
-1.46373403e+20
-1.45473008e+22
-1.86749816e+21
3821
-8.00463225e+21
-1.67821649e+21
-1.75392872e+21
-4.12276353e+20
3825
-1.63013341e+21
-3.94171971e+20
-9.93211691e+21
-1.7081378e+20
3829
-1.87857099e+21
-7.18592059e+21
-1.53110827e+22
-1.55157153e+21
3833
-1.63967661e+21
-6.06324071e+20
-1.29121755e+21
-3.29798245e+21

4313
-7.70071256e+21
-4.42892495e+21
-1.29283667e+21
-8.32928559e+21
4317
-7.63606666e+21
-6.33877128e+20
-3.36562517e+20
-3.64118461e+21
4321
-3.9140546e+20
-1.98982453e+21
-1.89186697e+22
-3.00318011e+22
4325
-1.16750944e+22
-2.48391442e+21
-6.67901077e+21
-1.99058714e+22
4329
-1.27611382e+22
-2.8092713e+20
-2.97844344e+22
-1.28625983e+22
4333
-3.53431377e+20
-3.74307801e+21
-1.83099899e+20
-1.84017681e+21
4337
-2.12038311e+22
-2.59449028e+20
-1.77112949e+21
-1.62737565e+22

3893
-3.30756418e+20
-8.36506703e+20
-1.50036375e+21
-2.06080268e+21
3897
-1.3777279e+21
-2.15858983e+21
-2.3481839e+22
-8.01332768e+21
3901
-1.06654487e+22
-2.07515224e+20
-1.50184697e+20
-5.21944281e+20
3905
-4.85293519e+20
-2.0230974e+21
-1.73211892e+22
-7.0459379e+21
3909
-1.34305869e+22
-1.87165671e+22
-1.12606327e+21
-1.82046238e+22
3913
-1.04876426e+22
-8.03051426e+21
-5.43664829e+20
-7.32535085e+21
3917
-1.03804075e+21
-2.41051462e+21
-1.8900111e+22
-1.99635315e+21

4453
-7.61651633e+20
-9.26402856e+21
-2.660457e+21
-2.16973561e+20
4457
-1.93551528e+21
-1.05651286e+22
-7.18726178e+21
-9.876213e+19
4461
-6.94291673e+20
-8.82729792e+20
-1.52619998e+21
-1.63644223e+21
4465
-1.11519468e+22
-1.00945929e+22
-1.5809578e+22
-1.57200615e+20
4469
-1.26453365e+22
-2.60478017e+22
-5.56615372e+21
-1.10946312e+21
4473
-1.03699145e+22
-1.22933096e+22
-6.62447967e+20
-2.36028811e+22
4477
-2.58767915e+21
-1.13096918e+21
-1.92078505e+22
-3.26692676e+20

4369
-1.69281762e+21
-1.93838123e+22
-1.41028637e+22
-6.45929046e+21
4373
-2.91053369e+21
-1.67830121e+21
-2.2345142e+22
-1.91272994e+21
4377
-1.13692169e+20
-2.85800652e+22
-1.89303386e+22
-1.14215742e+22
4381
-2.55110189e+21
-1.4986835e+22
-2.35481257e+22
-6.55673967e+21
4385
-1.56135875e+21
-1.81469297e+21
-1.29624802e+22
-1.25932208e+21
4389
-1.34470093e+21
-2.55675198e+20
-1.10740176e+21
-8.06641358e+20
4393
-6.12719297e+20
-5.15932034e+21
-1.95624442e+21
-5.40474221e+20

3669
-2.03996725e+20
-2.42456525e+22
-9.52792423e+21
-4.50436981e+21
3673
-8.2223869e+21
-9.52336653e+21
-4.26257756e+21
-1.41680696e+21
3677
-3.48772501e+21
-2.40798524e+22
-1.33534956e+22
-1.97197896e+21
3681
-1.62624424e+21
-2.10449363e+22
-4.09519362e+21
-2.91497383e+22
3685
-9.0804127e+20
-1.07407067e+22
-1.79218931e+21
-1.25291233e+22
3689
-2.79951261e+21
-1.56769945e+21
-6.62209896e+20
-1.37843198e+22
3693
-6.49344672e+20
-5.15563982e+20
-1.56661369e+21
-4.48110674e+21

3585
-1.80136175e+22
-1.83200717e+21
-1.14013549e+21
-4.73701539e+21
3589
-2.11487912e+22
-1.61915006e+20
-2.0113247e+21
-1.73643815e+22
3593
-1.89493173e+21
-2.74829874e+22
-3.01352314e+20
-5.04523618e+21
3597
-1.9884208e+21
-5.5506385e+21
-1.80680122e+21
-1.48855652e+21
3601
-1.51138893e+22
-2.47082875e+20
-2.58813966e+22
-4.39788222e+20
3605
-1.01681935e+20
-5.37877437e+21
-9.14889738e+21
-1.17349434e+21
3609
-1.41970246e+22
-2.20479171e+22
-2.01751951e+21
-4.20937692e+20

2297
-2.02511725e+22
-1.12908193e+22
-1.28322706e+22
-1.51395262e+22
2301
-1.054727e+22
-5.30356916e+21
-1.51535944e+20
-1.24803424e+22
2305
-3.39368337e+20
-2.33306148e+22
-1.01313734e+21
-2.52976252e+22
2309
-1.65138905e+21
-1.1317518e+21
-1.98352622e+21
-1.62782487e+22
2313
-6.91552678e+20
-1.77927494e+20
-1.37277746e+21
-2.54412561e+22
2317
-1.84228338e+20
-2.47822717e+20
-1.98452403e+22
-1.5536039e+22
2321
-2.15156135e+22
-1.27229459e+22
-7.36535083e+21
-5.10259778e+21

4565
-1.28003307e+22
-4.25330643e+21
-1.61210661e+21
-1.24911883e+21
4569
-2.53044802e+22
-3.82129508e+20
-5.70703838e+20
-1.63801912e+22
4573
-1.27494168e+22
-2.59755328e+22
-1.34966304e+22
-1.4740656e+22
4577
-2.04107098e+22
-6.11533486e+20
-1.29624717e+22
-2.11040367e+21
4581
-2.78031874e+21
-8.50263815e+20
-1.16026665e+22
-1.05428837e+22
4585
-1.91567041e+21
-2.52547639e+22
-1.55429553e+22
-2.09967121e+21
4589
-2.56523438e+22
-2.11515118e+21
-1.12738082e+22
-1.8786386e+21

4733
-2.23841997e+22
-1.99555837e+20
-1.67556963e+22
-1.96231288e+22
4737
-2.3980085e+22
-1.35091837e+20
-2.08799092e+21
-1.05097159e+21
4741
-9.01971574e+21
-2.76600072e+21
-2.11178907e+22
-7.84820533e+21
4745
-9.21900045e+19
-1.70898113e+22
-7.82000922e+20
-7.95783239e+21
4749
-1.0002083e+21
-1.99676104e+21
-1.49222805e+21
-2.90262747e+22
4753
-1.33425424e+22
-1.66953839e+22
-1.44093411e+21
-2.50121329e+22
4757
-1.15830888e+22
-1.30192266e+21
-3.76968957e+21
-1.66156162e+22

4593
-8.88640269e+21
-6.84329398e+21
-2.0746757e+22
-9.54727278e+21
4597
-1.72064223e+21
-7.09914325e+21
-2.69166914e+22
-1.46283672e+21
4601
-1.21679606e+20
-8.28031935e+20
-5.80688425e+21
-1.95581224e+22
4605
-2.42562513e+22
-1.5749298e+22
-8.01473671e+21
-1.22286056e+22
4609
-1.17969505e+22
-1.15494937e+22
-7.28048984e+20
-1.46674744e+21
4613
-1.47394476e+20
-2.54269819e+22
-2.92846737e+21
-1.46501436e+22
4617
-1.91563432e+22
-2.18334772e+22
-1.79662574e+22
-2.67123903e+22

4705
-1.17710667e+21
-2.13848356e+22
-3.87638717e+21
-9.40078472e+21
4709
-1.27403537e+21
-1.163688e+21
-1.51980322e+21
-1.21093068e+21
4713
-2.01680169e+21
-2.73542481e+21
-1.5477785e+21
-8.09450765e+21
4717
-2.79809835e+22
-1.97036388e+22
-1.8953151e+22
-4.8979915e+21
4721
-1.21388743e+20
-1.11069086e+22
-1.17104645e+22
-2.63860024e+21
4725
-3.82042206e+21
-2.10831855e+20
-1.73569418e+20
-3.03327753e+21
4729
-1.08228263e+20
-8.28317221e+20
-2.0323508e+21
-1.85831306e+22

4537
-7.1682509e+20
-1.7735425e+22
-2.25831014e+22
-2.04046196e+22
4541
-1.96610719e+22
-1.60611682e+22
-6.1246781e+21
-2.61069132e+22
4545
-8.18501873e+21
-5.85283916e+21
-3.1943099e+21
-1.97617108e+22
4549
-1.41921501e+20
-2.20325743e+22
-1.01283479e+22
-1.38473891e+21
4553
-4.59468591e+21
-5.89185e+20
-2.5582969e+22
-2.47619334e+22
4557
-9.07612357e+21
-1.72781373e+21
-1.68104564e+21
-1.42726675e+20
4561
-3.03768734e+20
-1.59128889e+22
-1.62628062e+22
-2.2059383e+22

4621
-2.71333117e+22
-2.85421713e+22
-8.2574828e+20
-7.07337036e+21
4625
-5.82218801e+21
-9.90957149e+20
-1.67823433e+22
-7.58139214e+21
4629
-1.44619553e+21
-7.76245265e+20
-9.67893695e+21
-1.04862769e+20
4633
-4.05656017e+21
-4.99848055e+20
-1.9538213e+22
-1.62314956e+21
4637
-2.23228874e+22
-3.60152711e+21
-2.11348668e+20
-1.10166612e+21
4641
-1.98664199e+22
-9.42596888e+21
-2.76638341e+22
-1.97384962e+22
4645
-8.51119221e+21
-1.89240376e+21
-1.70645364e+21
-1.93440046e+22

4509
-6.84585282e+21
-2.84496957e+22
-3.54634535e+21
-1.92550264e+22
4513
-2.59124956e+22
-2.02329158e+22
-1.37563099e+21
-2.65531477e+22
4517
-1.01485745e+20
-3.41895822e+21
-2.34522491e+21
-4.33060221e+20
4521
-2.02891875e+22
-8.69592942e+21
-3.17133299e+20
-1.32542043e+20
4525
-1.96142169e+21
-1.35266607e+22
-1.78755368e+20
-1.97897942e+22
4529
-2.57867946e+21
-1.75027856e+21
-1.56207228e+22
-2.06879827e+21
4533
-6.62423462e+21
-7.69528e+21
-1.83099052e+22
-6.16854524e+21

4649
-2.16512559e+20
-1.79424811e+20
-7.13121442e+20
-2.06566321e+21
4653
-1.92996e+21
-1.75719834e+22
-2.71459779e+22
-2.71425733e+22
4657
-7.42178581e+20
-5.78812286e+20
-2.22810005e+22
-1.79200795e+22
4661
-2.39858712e+22
-1.66632865e+21
-1.89444263e+21
-2.12196528e+21
4665
-1.18386594e+22
-6.05859072e+20
-6.14152501e+20
-1.52798854e+22
4669
-5.91989606e+20
-1.13429559e+21
-7.61494695e+21
-1.11256713e+22
4673
-1.98190909e+22
-1.44810586e+22
-8.15772136e+21
-2.80207469e+22

4481
-2.75271789e+22
-1.40510451e+22
-1.46800068e+20
-3.52684491e+21
4485
-1.48394203e+22
-1.95042592e+22
-2.10707591e+22
-1.90922179e+21
4489
-3.76245637e+21
-1.68561249e+21
-2.84158355e+22
-1.94520972e+22
4493
-9.755459e+21
-1.92276478e+21
-2.65076405e+21
-2.03328327e+22
4497
-2.05772593e+20
-2.09514547e+22
-1.84619557e+21
-5.03223976e+20
4501
-1.61943556e+22
-1.11246681e+22
-5.6277399e+20
-2.89799244e+22
4505
-2.17900127e+21
-1.88268877e+22
-2.82826758e+21
-1.40950768e+22

4761
-1.64151606e+22
-4.77789485e+21
-1.90419532e+21
-2.75878956e+22
4765
-1.05189248e+22
-2.61147858e+22
-1.27774797e+22
-6.56048933e+21
4769
-2.40694951e+21
-8.60379003e+20
-1.15027154e+22
-1.28793631e+22
4773
-2.90778359e+22
-4.55770533e+21
-2.09015552e+21
-1.48277004e+22
4777
-1.42783049e+22
-1.38316323e+21
-1.82193443e+20
-4.19983658e+21
4781
-2.03309821e+21
-2.82896041e+20
-2.48913804e+22
-2.57143683e+20
4785
-9.48842284e+21
-3.51796432e+20
-2.89659689e+22
-1.81230402e+21

4677
-6.05832884e+21
-8.21937012e+21
-2.3084471e+22
-1.64868613e+22
4681
-6.59591553e+20
-3.89206996e+21
-2.42307181e+22
-1.71638362e+22
4685
-9.06726681e+20
-2.0618662e+21
-3.12329174e+20
-9.84637922e+21
4689
-1.81852723e+22
-1.03574256e+20
-1.41726381e+22
-1.20788392e+21
4693
-9.72662533e+20
-1.18571461e+22
-1.00088918e+21
-1.54580093e+22
4697
-3.12281644e+20
-1.21134273e+22
-1.7146051e+20
-1.12786117e+22
4701
-1.4691928e+22
-9.65001137e+21
-1.0764336e+20
-1.935275e+21

5069
-1.10971455e+22
-2.01234307e+22
-9.62796054e+21
-1.89925106e+20
5073
-1.333264e+21
-2.0432624e+22
-9.02658323e+20
-2.84382807e+20
5077
-1.74056407e+21
-6.82919022e+20
-1.93160891e+22
-4.43571215e+20
5081
-4.80257659e+20
-2.54328166e+22
-1.94410996e+22
-1.88840268e+22
5085
-3.70197342e+21
-2.53012726e+21
-2.16796077e+22
-2.43423508e+22
5089
-1.74805882e+21
-2.41376562e+20
-8.62608282e+21
-1.99048011e+22
5093
-5.10474429e+21
-4.17235042e+20
-8.98248284e+20
-3.56345474e+20

5013
-3.27912851e+21
-1.09861008e+22
-1.44915762e+22
-1.48565583e+21
5017
-2.80908575e+22
-2.09399734e+21
-2.86002417e+20
-9.68956359e+20
5021
-2.49305143e+22
-1.71747349e+21
-3.62567582e+21
-3.33182278e+21
5025
-5.43871186e+21
-2.87723206e+22
-1.73603743e+22
-5.67793769e+21
5029
-9.2026638e+20
-7.16590548e+21
-1.30513975e+21
-2.0372841e+21
5033
-3.19995477e+21
-1.92761186e+20
-1.53327961e+21
-2.23537749e+22
5037
-1.55650792e+22
-2.54350714e+20
-1.89315319e+21
-1.45265334e+21

4901
-1.0738111e+22
-2.12390428e+21
-4.28550706e+20
-3.78546277e+20
4905
-1.09794308e+21
-1.63391721e+20
-1.96977125e+22
-2.28149929e+22
4909
-1.90527347e+21
-3.8060599e+21
-1.23138021e+21
-1.88185959e+22
4913
-2.44821922e+22
-2.92473436e+22
-1.04021099e+21
-1.64215111e+21
4917
-1.62198126e+22
-1.89529547e+22
-1.46315644e+21
-1.02304544e+22
4921
-1.37250284e+22
-6.56380917e+21
-1.02339772e+22
-1.58972744e+22
4925
-7.0210966e+20
-2.11337736e+22
-4.20540037e+20
-1.23923429e+21

4789
-1.98677376e+21
-9.65602003e+19
-2.52418299e+22
-1.8629201e+20
4793
-1.48573079e+21
-1.90942279e+20
-1.86916073e+21
-1.38939335e+21
4797
-1.58838145e+21
-1.33400141e+22
-2.00070933e+21
-1.73536741e+22
4801
-4.84371363e+21
-2.06001615e+21
-2.19419658e+22
-3.08217933e+20
4805
-1.90521766e+22
-1.79942178e+20
-1.78342133e+22
-5.14447096e+21
4809
-2.17500738e+20
-8.02992799e+21
-1.8868717e+22
-1.98034054e+21
4813
-1.21285157e+22
-9.36424349e+21
-1.65155293e+20
-9.37618584e+20

4873
-1.74520819e+22
-1.70336292e+21
-2.68368872e+22
-1.51163581e+21
4877
-2.34053592e+22
-2.05363362e+21
-3.47328743e+20
-1.71055314e+22
4881
-1.46387999e+22
-6.35023956e+20
-1.51021763e+22
-2.53666274e+21
4885
-6.03090547e+21
-1.004406e+22
-6.57231891e+20
-1.8533552e+22
4889
-1.47373281e+22
-9.78814055e+21
-1.62077298e+22
-2.29393308e+22
4893
-1.90056979e+22
-1.53003565e+21
-1.46016215e+22
-1.46513476e+21
4897
-1.02285776e+22
-2.88278645e+22
-1.91346325e+20
-1.30612895e+22

4985
-2.31699523e+22
-9.20136647e+21
-1.73253236e+21
-1.64338388e+21
4989
-1.93950617e+21
-1.30989994e+22
-1.79368099e+21
-2.49381982e+22
4993
-1.25556566e+21
-1.16440757e+21
-2.26849002e+22
-3.77148605e+20
4997
-1.49132701e+22
-2.862787e+21
-1.46698644e+22
-7.5735393e+21
5001
-1.60156258e+22
-6.0273852e+20
-1.82139038e+21
-1.5622657e+22
5005
-2.29272914e+20
-2.4267967e+22
-4.10989153e+21
-2.05490514e+21
5009
-1.78200288e+21
-1.00739233e+21
-4.21292234e+20
-1.42194681e+22

4929
-5.35107901e+21
-3.96569017e+21
-1.88754245e+22
-2.66159741e+22
4933
-1.09329451e+22
-2.07050095e+22
-5.47234511e+21
-1.10462757e+22
4937
-1.14796544e+22
-2.96450992e+20
-2.85418123e+20
-1.51709838e+22
4941
-1.6819186e+22
-1.51817737e+22
-2.05912304e+21
-2.7569302e+22
4945
-1.72732444e+21
-1.267987e+22
-1.19413451e+22
-1.41719153e+22
4949
-2.8902429e+21
-1.35269847e+22
-1.37263176e+22
-3.29502673e+21
4953
-7.09935645e+20
-2.1911483e+22
-1.01477375e+22
-1.81952709e+21

4845
-1.97588695e+22
-1.32444429e+20
-2.24336945e+22
-1.01463805e+21
4849
-3.00296619e+22
-1.08639274e+22
-5.88469649e+20
-2.77151536e+22
4853
-2.5868619e+22
-2.4135521e+22
-2.99480336e+22
-5.66217171e+21
4857
-1.28754431e+22
-2.21166223e+22
-1.82538605e+20
-1.13459998e+22
4861
-5.82181737e+21
-1.21141592e+22
-2.14761284e+22
-1.9955249e+22
4865
-2.39827657e+22
-2.98702636e+21
-1.75493942e+22
-2.531306e+22
4869
-2.21066513e+22
-5.64003514e+21
-5.98619676e+21
-2.02365998e+22

5153
-1.5132531e+22
-9.57407608e+21
-1.49211571e+21
-1.06649037e+22
5157
-3.82304778e+20
-7.16211498e+21
-1.80436489e+22
-1.99277718e+20
5161
-2.73626177e+20
-1.01909642e+21
-9.60951966e+21
-1.56244253e+22
5165
-7.80313953e+21
-2.81257651e+20
-1.35593951e+22
-1.97693272e+21
5169
-2.14239104e+22
-2.14019872e+22
-8.92976376e+20
-1.15598325e+21
5173
-1.56540406e+22
-7.23746962e+21
-1.50263336e+21
-1.93243206e+21
5177
-1.50379138e+20
-1.45489794e+21
-5.58713751e+21
-2.55937586e+22

5125
-1.07707963e+22
-1.41408344e+22
-1.36553763e+22
-1.94777543e+22
5129
-1.93550541e+22
-3.97540421e+21
-2.03713618e+21
-2.76967567e+20
5133
-3.40266418e+20
-8.56965772e+19
-2.03333396e+22
-4.97907728e+21
5137
-1.94842247e+22
-4.93594894e+21
-2.88050523e+22
-1.93575383e+21
5141
-1.91782625e+22
-1.93430128e+21
-1.08001493e+21
-3.01266659e+22
5145
-5.12963764e+21
-2.24881319e+22
-9.49890584e+21
-1.17312673e+22
5149
-5.54142753e+21
-1.65474345e+20
-1.22535347e+22
-1.74090752e+22

4957
-1.9978718e+21
-1.25815437e+22
-3.42543877e+21
-1.76146778e+21
4961
-1.75813218e+21
-1.14024266e+22
-1.51490556e+22
-6.4327413e+21
4965
-1.92273203e+21
-9.31280638e+21
-2.75855994e+21
-1.73247268e+22
4969
-2.34727259e+22
-1.79981436e+21
-1.92275256e+21
-1.55492411e+21
4973
-8.97011272e+21
-4.79530537e+20
-1.12659596e+21
-2.12895669e+22
4977
-2.20893147e+22
-2.70572989e+22
-1.01966641e+22
-1.94556405e+21
4981
-3.0125757e+20
-1.90346424e+22
-1.6684597e+22
-1.52115268e+22

5041
-8.68383226e+21
-1.10795469e+22
-3.3574796e+21
-2.08089365e+22
5045
-1.9520834e+21
-2.82804827e+21
-1.06622485e+22
-1.70856134e+22
5049
-1.76411297e+22
-1.17788666e+21
-1.85964611e+21
-1.8803753e+21
5053
-1.69492281e+21
-1.14828184e+22
-3.01491394e+21
-2.1653537e+21
5057
-2.22452277e+22
-1.31334907e+22
-1.14441262e+22
-1.68661249e+21
5061
-4.70287166e+21
-1.0701639e+22
-1.45207937e+21
-1.12460962e+22
5065
-3.16232781e+20
-1.82392294e+21
-1.7454938e+22
-1.77906992e+21

4817
-7.34045707e+21
-1.65297746e+22
-4.03600996e+20
-1.81262559e+22
4821
-1.8704173e+22
-2.09693035e+21
-4.35642426e+20
-3.63282877e+21
4825
-1.07637246e+22
-1.78255639e+21
-1.09310063e+22
-2.0263993e+22
4829
-2.25492053e+22
-2.01304841e+22
-8.02501286e+21
-6.85504797e+20
4833
-1.36129052e+21
-2.61404648e+22
-4.6488043e+21
-4.06365684e+20
4837
-1.703655e+22
-1.86786391e+21
-1.29935987e+21
-8.36401207e+21
4841
-8.07907183e+21
-1.85452232e+22
-1.5184449e+22
-1.94231502e+21

5405
-1.58609298e+20
-4.54087694e+21
-4.45262034e+20
-1.78740621e+21
5409
-8.26925469e+21
-2.37940918e+22
-1.32846419e+22
-1.55335367e+21
5413
-1.84437112e+22
-1.70539544e+22
-1.68357029e+21
-7.37783877e+21
5417
-3.21524638e+20
-2.5523324e+20
-3.30388255e+21
-1.68675992e+21
5421
-1.41450117e+21
-2.57153429e+22
-3.79920446e+20
-2.08845241e+21
5425
-6.49728779e+21
-1.62417398e+22
-1.70389203e+22
-8.0959788e+21
5429
-1.98811621e+21
-1.27645739e+20
-6.06184714e+21
-1.80328044e+21

5181
-1.96538705e+22
-2.91111323e+22
-2.13131767e+22
-1.17367581e+21
5185
-9.64967033e+20
-1.67174573e+22
-2.09598421e+21
-1.18909275e+20
5189
-2.12163887e+22
-5.15143986e+21
-1.50588958e+20
-1.15470967e+22
5193
-9.59311088e+20
-7.60187039e+21
-1.50889241e+20
-1.93682723e+20
5197
-1.70961418e+21
-1.23245943e+21
-4.47775051e+20
-1.2204021e+22
5201
-1.85434283e+21
-2.32248227e+22
-1.13922949e+22
-2.80483325e+20
5205
-8.12018408e+21
-1.20741461e+20
-8.06488867e+21
-9.62031567e+20

5433
-1.85606745e+21
-3.45834367e+21
-2.08429128e+22
-2.42038858e+22
5437
-9.68937994e+21
-1.09876305e+22
-1.5255652e+21
-2.82908767e+22
5441
-2.53571249e+22
-1.63381541e+22
-1.74893041e+22
-2.35676045e+22
5445
-1.04632278e+22
-1.81315618e+21
-1.6635916e+21
-2.913582e+22
5449
-1.73765584e+22
-1.6513171e+21
-3.48389106e+20
-5.46651e+21
5453
-2.4652984e+22
-1.41222551e+21
-5.11682822e+20
-1.69294483e+22
5457
-1.03061632e+21
-2.34146683e+20
-1.81640825e+21
-1.07148564e+21

5321
-6.90031575e+21
-2.01096862e+22
-5.30609647e+20
-1.67970277e+22
5325
-2.01448923e+21
-6.3080703e+21
-2.14338673e+22
-1.98326731e+21
5329
-8.44907278e+21
-1.44704344e+22
-8.43150523e+19
-2.07224321e+22
5333
-9.25736287e+21
-1.90944972e+21
-1.71074729e+22
-9.77881976e+20
5337
-2.52151326e+21
-2.56960253e+20
-6.59787492e+21
-1.9149613e+22
5341
-3.03593316e+20
-8.3172866e+21
-1.98514176e+22
-1.438812e+22
5345
-1.12810736e+22
-2.10075587e+21
-9.2193796e+21
-1.50002956e+22

5293
-1.87696449e+22
-2.66391536e+20
-1.92840351e+20
-9.59747916e+20
5297
-1.07907625e+20
-3.99130914e+20
-1.84717176e+21
-2.41664083e+22
5301
-2.41367608e+22
-2.29592496e+21
-8.88985249e+20
-8.4431202e+21
5305
-2.2775803e+22
-1.79554791e+21
-1.06330546e+22
-1.56736663e+22
5309
-1.87939579e+22
-2.13204829e+22
-2.60391995e+22
-1.07877938e+22
5313
-1.16982649e+22
-6.51073169e+21
-2.07875959e+22
-2.4576795e+22
5317
-2.3959914e+22
-2.03050289e+21
-1.0239742e+22
-9.76036678e+21

5349
-5.15900475e+20
-2.14117093e+22
-1.78455329e+21
-3.94001371e+21
5353
-1.82343306e+21
-5.13291464e+21
-1.79617334e+22
-7.6268574e+20
5357
-1.68897602e+22
-9.89766969e+21
-1.07659289e+21
-1.67570407e+20
5361
-4.13216911e+21
-2.21761105e+22
-7.99026165e+20
-2.06145814e+22
5365
-9.90643171e+21
-4.43346694e+21
-1.47703753e+21
-1.92352271e+21
5369
-9.09862594e+19
-1.85348137e+22
-1.73541089e+22
-2.21377447e+22
5373
-2.05080326e+22
-6.95576974e+19
-4.23117774e+20
-1.20891825e+22

5377
-1.68622824e+20
-1.31886369e+20
-3.5497249e+21
-1.20267652e+21
5381
-7.45766489e+21
-1.72525846e+21
-2.81717384e+20
-2.23728635e+22
5385
-1.39682512e+22
-2.83675963e+22
-8.87931818e+21
-8.36161308e+21
5389
-1.451946e+21
-7.8108126e+21
-1.99361421e+21
-7.06888642e+21
5393
-8.16187742e+21
-2.79854636e+22
-1.44951138e+21
-8.36668312e+21
5397
-1.88620472e+22
-1.11811722e+22
-1.20444545e+22
-2.52637782e+22
5401
-7.61085386e+21
-8.98353237e+21
-5.39849653e+21
-2.7495949e+22

5573
-1.92605373e+21
-6.07128015e+21
-3.06551702e+20
-9.75318507e+21
5577
-2.19935133e+22
-1.43036489e+21
-1.74762708e+21
-1.35974513e+22
5581
-1.97397418e+21
-1.75342074e+21
-2.00059114e+22
-2.52230375e+22
5585
-1.02153323e+22
-8.27495976e+21
-1.52234698e+22
-9.10030779e+21
5589
-2.5307096e+21
-6.38537482e+20
-5.12310762e+20
-1.37666226e+21
5593
-1.64201728e+20
-1.76144838e+21
-2.0637271e+21
-1.44235254e+22
5597
-4.53622381e+20
-2.75173555e+21
-2.27612214e+22
-1.32366402e+20

5517
-2.04489288e+21
-9.69919925e+20
-2.39681194e+21
-2.13422921e+22
5521
-7.41938051e+21
-3.65985768e+21
-6.96576438e+21
-2.05868251e+22
5525
-2.12334435e+22
-1.68736385e+21
-1.77860349e+22
-1.20063601e+21
5529
-2.14547029e+20
-2.49470195e+20
-1.40124928e+22
-4.96137153e+21
5533
-1.27365408e+21
-3.51863735e+21
-2.47392392e+22
-1.95895869e+21
5537
-6.47999822e+21
-8.522484e+20
-4.69557215e+20
-1.11629212e+20
5541
-1.98988708e+21
-1.67871594e+21
-1.90436949e+21
-4.14082103e+20

5545
-5.53214648e+20
-2.13922067e+22
-3.63655601e+21
-8.0906128e+20
5549
-2.94418302e+22
-1.94736169e+22
-9.62920508e+21
-1.19199483e+21
5553
-6.86946554e+20
-1.28116718e+22
-4.36574701e+21
-3.1651955e+21
5557
-9.66294633e+21
-3.82816906e+21
-4.60134705e+20
-5.45837069e+21
5561
-1.34992457e+21
-2.0097256e+21
-2.1710653e+21
-9.00061516e+21
5565
-2.49110628e+20
-1.97704041e+21
-2.34044799e+22
-1.87061814e+22
5569
-2.07990065e+22
-1.55151011e+22
-2.35212511e+22
-2.38324097e+20

5489
-5.09098251e+21
-2.15972015e+22
-1.34712628e+21
-9.77801984e+21
5493
-3.97301451e+21
-2.10293888e+21
-2.57333117e+22
-1.58678086e+21
5497
-1.82675145e+21
-1.05108749e+22
-4.43525337e+20
-2.1709253e+22
5501
-1.20570809e+22
-1.97658345e+21
-6.14320033e+20
-1.87605268e+21
5505
-1.46840326e+20
-2.47910195e+22
-4.7369139e+20
-1.71826461e+21
5509
-1.12449236e+21
-8.17068067e+20
-1.36231482e+21
-1.41838748e+21
5513
-7.16131162e+21
-1.97077394e+21
-5.98218839e+21
-1.99009887e+21

5461
-1.7784499e+22
-1.54543041e+22
-1.60534785e+22
-2.0912251e+22
5465
-1.84419393e+22
-1.03380939e+21
-1.5031703e+22
-1.02563285e+21
5469
-1.54953364e+21
-1.96666571e+21
-2.3156418e+22
-9.42315471e+21
5473
-1.59689246e+22
-2.64385709e+22
-2.85718907e+22
-9.88685513e+20
5477
-2.12790438e+22
-1.66553966e+22
-9.46306506e+20
-7.45500535e+21
5481
-2.02848222e+22
-2.05270009e+22
-1.19958257e+22
-8.9298804e+21
5485
-2.00607093e+21
-8.7105835e+20
-9.90671208e+19
-2.30017739e+22

5265
-2.17999063e+20
-1.07700811e+22
-1.96641428e+22
-2.66568028e+22
5269
-1.12267405e+21
-1.55673574e+22
-5.19874421e+21
-1.3655751e+22
5273
-1.86442439e+20
-8.33618319e+21
-1.68472076e+21
-1.25011919e+22
5277
-1.92316932e+20
-7.77908698e+20
-1.30820651e+21
-2.2272016e+22
5281
-1.46570935e+21
-1.84542325e+22
-9.17298361e+21
-7.99683581e+21
5285
-1.36630288e+21
-1.18376882e+22
-1.31459467e+22
-3.92502074e+21
5289
-1.60976256e+21
-6.29315492e+20
-1.19675677e+21
-1.31405284e+22

5209
-2.87261313e+20
-9.13720987e+20
-1.76008702e+22
-2.3416178e+20
5213
-1.95934893e+20
-7.49330285e+20
-1.810111e+20
-1.26920386e+22
5217
-1.39689977e+21
-6.91846403e+21
-1.51876629e+21
-1.81005268e+20
5221
-1.31581567e+22
-1.55891614e+21
-2.12177516e+22
-8.75747943e+21
5225
-1.54046453e+22
-8.16187557e+20
-1.2862014e+22
-1.1248371e+21
5229
-5.74414095e+21
-1.06100192e+22
-4.15184733e+21
-2.70449519e+22
5233
-1.27841903e+22
-2.86992963e+22
-1.77915772e+21
-1.27481068e+22

5237
-2.25096485e+20
-2.67396759e+22
-5.79219029e+20
-8.41864698e+20
5241
-1.65392492e+21
-3.68344516e+21
-1.53135529e+21
-8.7273529e+21
5245
-1.5033978e+22
-1.34919972e+21
-1.2731058e+22
-1.1444035e+22
5249
-1.24464181e+22
-2.31636256e+21
-2.2724075e+22
-8.07617031e+20
5253
-6.9974755e+20
-2.03182988e+22
-1.84043646e+21
-1.2253018e+22
5257
-1.61244377e+22
-7.552735e+20
-6.49116999e+20
-6.73199814e+21
5261
-2.03643861e+21
-1.21058586e+21
-2.48258664e+22
-7.83506414e+21

5097
-6.31939758e+21
-2.02012583e+22
-1.48490956e+21
-4.21516227e+21
5101
-1.45486233e+22
-1.1371859e+21
-1.9363247e+21
-2.0258641e+22
5105
-1.6708274e+22
-2.54904389e+22
-1.84591775e+22
-1.49697244e+21
5109
-2.66882384e+22
-2.12103525e+22
-2.05697812e+21
-1.9743892e+22
5113
-1.00828665e+22
-2.07495435e+22
-7.97272944e+20
-2.49017316e+20
5117
-2.42265425e+21
-1.96427267e+21
-2.01441454e+21
-2.7882209e+22
5121
-1.56567653e+21
-1.61602024e+21
-5.5114342e+20
-1.84103573e+21

2269
-8.54384996e+21
-1.13898173e+22
-1.79493919e+22
-8.87959722e+21
2273
-7.44996205e+21
-1.98930846e+22
-1.28621246e+22
-1.95812092e+22
2277
-2.2603459e+22
-1.24061121e+22
-6.55256253e+21
-2.85081714e+22
2281
-2.12965151e+22
-3.50003165e+20
-1.4870069e+22
-9.67644413e+21
2285
-3.76608395e+21
-2.29235874e+22
-2.7407471e+21
-1.10000072e+22
2289
-7.29585912e+21
-4.85705419e+21
-1.98957425e+22
-2.44455599e+22
2293
-6.20521837e+20
-2.59583665e+22
-1.42886465e+22
-2.67586038e+20
