
113
-22992.7602
-19326.2871
-5857.35463
-17385.0513
117
-31953.843
-33733.2788
-28485.6829
-49531.5969
121
-55496.655
-30705.6185
-18674.7282
-17768.9558
125
-18755.4251
-27127.7995
-43864.1977
-231805.03
129
-19358.7045
-12881.3788
-11568.1292
-24473.8383
133
-19338.0765
-23716.4553
-13648.1249
-88971.0139
137
-17879.1176
-30209.3703
-24597.988
-17205.5712

1
-23473.601
-108515.514
-34726.2758
-50621.6106
5
-16442.0355
-16345.8375
-23543.8068
-28264.2136
9
-31409.0995
-20297.5703
-19233.5726
-8340.59159
13
-48085.9135
-15652.3092
-14018.4417
-28361.2552
17
-18083.7014
-16001.5561
-34970.2911
-15425.4769
21
-132970.481
-20903.0142
-18042.2183
-38953.5275
25
-45196.8412
-26339.7886
-19190.6119
-24575.6907

29
-28060.6824
-58326.7526
-15952.3491
-18968.5121
33
-47601.7096
-233294.788
-35595.2308
-44138.2959
37
-11385.1549
-65942.6015
-45070.9472
-10902.039
41
-35983.0118
-16731.6279
-15311.5063
-41759.6958
45
-42899.2229
-17540.1465
-30845.6789
-30491.476
49
-15256.9626
-22333.3014
-49571.8304
-64544.4869
53
-47687.6489
-15049.7912
-26973.3503
-15885.7415

85
-24801.9215
-22056.5857
-166379.195
-39555.2761
89
-15043.4725
-53951.9644
-20907.0025
-35723.3017
93
-19121.5895
-56650.8044
-23505.7411
-15533.7325
97
-65578.0168
-31646.5267
-36254.4865
-13871.5141
101
-30573.8347
-24738.8455
-38221.8819
-15873.4709
105
-12751.365
-50630.605
-24605.8229
-70792.3227
109
-8186.39466
-35333.8423
-27941.3413
-40806.7757

57
-104037.712
-21792.9543
-16692.9915
-174875.716
61
-25242.8949
-40886.0421
-26765.7167
-156434.508
65
-59231.0435
-2203.02421
-26852.6721
-79654.484
69
-25517.0135
-20456.9168
-40580.2117
-43342.5485
73
-34251.9176
-22185.7267
-21529.2102
-27558.1924
77
-31994.1938
-172708.777
-21227.5492
-15395.1781
81
-60122.994
-19722.9523
-15014.7091
-83901.3697

225
-42356.8004
-189466.031
-81248.2959
-54131.6802
229
-16351.7264
-89402.429
-56703.3653
-17175.1959
233
-85718.9715
-12093.9312
-82743.1036
-59161.4947
237
-19508.9743
-24956.4128
-205099.877
-23819.5693
241
-60384.4526
-48412.9498
-8874.01428
-83829.2396
245
-51577.773
-14025.192
-28633.5014
-57394.7095
249
-39084.9811
-144569.966
-17550.38
-27973.5457

197
-16695.2433
-27701.9063
-80707.4725
-44659.7208
201
-27251.4203
-18885.2562
-30290.9101
-28807.988
205
-38187.0763
-33465.7413
-61785.9289
-18199.7643
209
-19493.4234
-28208.0989
-68827.3127
-25693.437
213
-24961.0783
-91710.4719
-73251.4959
-27243.1334
217
-117565.883
-53704.0209
-28208.2991
-33050.447
221
-101668.267
-20302.6359
-43367.0136
-63218.8326

169
-20500.7844
-24893.3888
-226692.414
-82350.3518
173
-32362.3842
-27881.4137
-47083.1334
-58334.5731
177
-34337.2536
-18344.1601
-41771.6545
-36666.6691
181
-24042.0889
-71230.7128
-151076.099
-33425.2368
185
-19934.49
-19563.6094
-95638.9579
-20258.9497
189
-68454.7417
-14564.6209
-46390.0743
-36345.9571
193
-23823.9044
-28795.1376
-54850.2713
-171837.17

617
-48589.3743
-60530.4032
-17376.7497
-28746.8968
621
-18583.2582
-27938.3193
-123995.93
-27086.6676
625
-32852.3776
-35745.3793
-43546.7139
-19560.677
629
-14106.2237
-16041.8681
-11543.4356
-132598.107
633
-25861.0387
-55031.5958
-42774.6203
-7161.74848
637
-40244.3063
-4901.84945
-41795.7296
-74312.2249
641
-29204.5896
-17680.1686
-40469.6381
-19290.9433

533
-19977.0817
-14558.6556
-15641.5368
-18646.7411
537
-18190.7771
-18529.7348
-35965.4961
-62947.1106
541
-59775.2118
-97072.7213
-18094.5081
-44477.9635
545
-20700.5128
-31817.889
-19664.5352
-64771.9826
549
-27550.7744
-23394.3738
-23568.0361
-4858.43842
553
-29445.2466
-54431.6996
-32784.8144
-59807.0627
557
-29216.4511
-53000.5487
-37084.6141
-19513.0072

505
-37282.9846
-59069.1823
-26716.8458
-22036.4315
509
-53727.472
-19109.6639
-21172.527
-34679.033
513
-52801.256
-58868.9639
-51651.6697
-105616.508
517
-11723.9915
-35027.2264
-12418.4272
-26360.937
521
-69378.7501
-53769.1397
-37331.66
-19353.5846
525
-22111.1834
-15435.6539
-80501.3395
-25638.3102
529
-12409.779
-40243.4304
-48472.146
-23544.46

561
-80912.0836
-32002.5116
-30051.9537
-27537.7919
565
-42607.1725
-19526.8541
-26037.4065
-18808.2338
569
-17158.6874
-45125.0512
-17822.9446
-68187.1897
573
-32655.7203
-47537.4234
-68476.8795
-23376.3499
577
-27864.7675
-59032.3372
-29009.2948
-17719.4817
581
-53845.3609
-54588.1291
-33942.1946
-36036.7796
585
-51444.7107
-14905.7667
-16145.2927
-14417.3793

645
-19348.2672
-15490.4419
-17677.5531
-43321.7989
649
-20242.1804
-61178.7259
-27984.9786
-16604.6935
653
-23951.3691
-35254.1865
-21425.6475
-24505.2143
657
-8965.55858
-6274.51103
-18199.6482
-22930.7869
661
-27666.146
-24168.9235
-93479.0602
-22258.6893
665
-74743.5531
-60585.2874
-18937.7587
-21152.1114
669
-92731.0244
-30145.2317
-23464.2978
-25601.344

673
-90833.085
-21457.8774
-55027.0433
-16550.7214
677
-20740.4678
-15326.6369
-14963.9464
-34852.2269
681
-19725.6726
-27328.476
-26309.3224
-13948.0955
685
-20625.1484
-32434.0257
-21351.5806
-13174.0325
689
-24430.0267
-23628.7259
-75308.9601
-28431.2982
693
-23220.9214
-17756.6106
-24082.8627
-49495.0242
697
-19698.7217
-39399.2502
-39239.6862
-11942.5237

589
-30260.7516
-31632.9039
-35430.6275
-31833.4396
593
-27182.3541
-95134.4321
-25661.8519
-23358.842
597
-92536.678
-29684.2502
-43477.3583
-24047.3628
601
-16574.5056
-17333.7434
-14279.8783
-33176.7191
605
-31269.2796
-5787.75397
-16049.3468
-20406.8393
609
-32897.9143
-14560.7121
-45406.9035
-31586.6526
613
-22731.8075
-37699.3609
-17721.8293
-16865.4206

337
-17945.5365
-68874.5149
-61706.2767
-52093.7365
341
-57858.1014
-38333.5167
-51700.6606
-40775.5751
345
-17082.9608
-25567.7627
-29485.2435
-53374.6787
349
-24141.3866
-21362.0026
-24067.3956
-38099.7384
353
-22214.544
-23418.7104
-14630.5181
-22807.5762
357
-30961.2323
-22315.2547
-26946.3553
-38145.5785
361
-17190.2128
-48443.2094
-35045.8996
-14136.0045

309
-126441.493
-62312.0193
-20789.8995
-31171.4328
313
-36091.654
-25080.0926
-20735.7875
-32751.5002
317
-12581.7934
-18744.2676
-50599.0788
-48035.5135
321
-45421.832
-16851.4616
-16089.3497
-33976.7029
325
-24188.4781
-44179.6057
-7258.97725
-23905.5678
329
-38024.5036
-28185.0319
-48664.8591
-31027.6777
333
-30125.6747
-16674.8799
-31565.2561
-51767.0849

365
-25187.7935
-52373.997
-39008.0426
-32104.0899
369
-78261.278
-88023.1203
-68079.8878
-15063.8152
373
-16622.3445
-88048.8371
-57992.4749
-68294.7665
377
-14874.8444
-25724.2114
-6050.59429
-40704.5837
381
-143682.628
-63976.7597
-27799.3078
-35523.3386
385
-23981.125
-18102.6126
-3297.61133
-24638.7472
389
-31768.1642
-13402.5385
-32996.8281
-15968.6037

281
-67814.6185
-29110.3711
-35304.1389
-16801.0345
285
-71986.7071
-27265.1692
-20486.7878
-30031.6498
289
-35358.3279
-19655.614
-17680.9021
-46415.4332
293
-114215.673
-40348.6384
-21179.853
-36751.2948
297
-95757.4504
-28305.0538
-14922.7323
-19637.395
301
-25976.8415
-14677.4894
-18053.8004
-67090.6732
305
-21658.5067
-24386.4818
-28794.2306
-19151.0027

729
-10228.3649
-17856.8998
-71941.1254
-34332.5817
733
-46718.1565
-21381.1886
-39632.6239
-36700.4213
737
-22055.6381
-16285.6871
-26920.2587
-22279.3934
741
-49908.9888
-30889.6159
-30518.492
-72793.9499
745
-57168.5182
-23741.403
-32225.4935
-41162.2551
749
-16085.0377
-39500.0371
-92992.834
-149748.199
753
-53947.0204
-32999.3192
-53197.8336
-39879.3384

785
-25179.0862
-12005.1586
-41602.2478
-42661.6512
789
-22816.503
-60168.8221
-29264.5407
-16233.4733
793
-13217.5792
-35808.6096
-22644.8192
-8761.63351
797
-53672.8696
-22155.8244
-18625.0903
-20102.1814
801
-18277.2966
-143683.587
-12789.4932
-19266.7955
805
-37414.9555
-14183.839
-29031.5554
-38409.2951
809
-19269.3214
-19611.1787
-20108.9672
-76599.7232

757
-42121.5781
-27182.0369
-17706.6778
-41923.739
761
-22904.174
-27310.3026
-102367.878
-29471.825
765
-26528.6396
-19511.802
-21976.9574
-29280.3265
769
-157876.925
-2703.44052
-34484.8938
-25454.0445
773
-4537.10862
-80383.4581
-26479.2497
-18432.5136
777
-42931.4182
-34372.1886
-28173.3793
-118521.642
781
-27291.8114
-47123.2684
-3861.84059
-60811.8525

253
-14238.0074
-54259.951
-20239.2285
-20812.2994
257
-22746.2887
-15532.7985
-17100.4103
-13599.5494
261
-17416.4522
-83459.4801
-21396.9878
-12898.8259
265
-33632.3501
-20022.2482
-38659.6085
-28938.8026
269
-108273.296
-144349.811
-31787.8934
-110892.179
273
-20335.8457
-53582.8299
-63506.9373
-11658.2297
277
-62834.027
-24531.4991
-42307.6734
-31538.0338

1037
-31105.8372
-66736.8151
-28292.2267
-20460.9065
1041
-90189.9707
-35173.1285
-27749.7521
-19707.6313
1045
-44485.9314
-69173.7973
-48494.1313
-18500.875
1049
-20388.9458
-17946.0578
-16399.3737
-51523.4173
1053
-18148.0394
-29768.6079
-8438.99026
-64327.3431
1057
-50726.9918
-39970.2961
-16174.9604
-19991.1022
1061
-17400.0522
-47817.9175
-24198.3984
-22884.6864

841
-29118.5828
-13660.2224
-33454.5915
-25391.5941
845
-32276.1557
-18113.3319
-35503.239
-64769.0542
849
-24399.6884
-41591.4584
-49431.0297
-26438.2179
853
-24971.3155
-40244.0314
-51115.7888
-13359.9965
857
-31013.2636
-18466.3587
-23978.5212
-5735.9842
861
-14289.1525
-9966.65672
-142580.611
-21359.606
865
-62529.2211
-109276.58
-18830.6565
-162736.567

981
-18705.6764
-38204.9383
-89237.4432
-19939.3173
985
-52812.2409
-56361.8483
-20848.3366
-69840.7829
989
-44512.6059
-47735.7394
-28524.4255
-26025.1883
993
-80940.4587
-4016.97047
-43993.7842
-53487.4112
997
-26367.046
-95393.2587
-33727.8034
-15037.6074
1001
-44739.2353
-25565.415
-13762.6967
-43389.4739
1005
-37179.5766
-27446.5808
-36660.7516
-25858.8361

953
-32024.9888
-17800.9376
-36257.5403
-19249.6642
957
-24614.7515
-63273.1819
-40778.7141
-8811.73137
961
-15738.3186
-24660.7222
-91749.9483
-42977.037
965
-161886.274
-6447.73113
-24290.4848
-22203.7345
969
-56354.4559
-48008.681
-19580.8823
-37969.5614
973
-16479.3357
-22284.3079
-50235.6496
-35915.4107
977
-25041.917
-68151.4679
-151074.277
-38708.2913

813
-26607.9841
-27122.4749
-26389.5018
-85189.743
817
-13194.497
-98714.2086
-17833.2922
-27483.2249
821
-19884.5275
-28929.0896
-56485.4477
-138021.286
825
-41142.99
-114669.529
-56377.4022
-29114.3686
829
-20285.9735
-27135.6496
-34811.3259
-107330.598
833
-15820.6344
-41448.1773
-15334.1421
-17402.7838
837
-52295.8947
-21596.9541
-36079.7373
-14754.3202

925
-21542.8316
-17878.6636
-23379.9851
-21172.1418
929
-40037.3908
-59839.9756
-53929.3185
-32610.0136
933
-47033.4552
-38282.3036
-74573.5308
-37282.4801
937
-43309.0268
-54901.9838
-74032.8905
-47587.7921
941
-17905.7063
-67325.1973
-27536.1573
-22153.9824
945
-10429.1746
-48786.7219
-26456.7679
-46623.4778
949
-27591.1429
-59116.0528
-44304.3319
-33739.3913

1009
-22298.7705
-14227.361
-46119.1717
-14574.3652
1013
-20053.9197
-23512.236
-18778.5736
-38509.7607
1017
-15115.3718
-38223.4004
-30277.9456
-14554.4628
1021
-59976.2037
-16932.2944
-87715.9379
-20871.47
1025
-25839.3738
-15044.2833
-14484.5108
-31292.6344
1029
-25492.6122
-21773.5094
-134901.843
-45900.0537
1033
-62801.3256
-25858.3971
-16704.2345
-25759.8291

421
-19575.4318
-30076.8801
-26874.3764
-14258.8041
425
-37548.2434
-22590.9817
-93369.883
-41729.4126
429
-38776.8474
-18600.057
-38550.3545
-29866.3191
433
-25052.4977
-54133.2982
-30995.7244
-16927.4944
437
-20579.1768
-26534.6154
-74930.0078
-29065.9337
441
-16489.2338
-24622.2794
-13653.936
-57547.2274
445
-32298.2894
-25554.812
-54543.1665
-43120.4853

1065
-77527.779
-34151.1025
-20094.1988
-12153.0319
1069
-29552.8803
-42400.0953
-42938.0554
-19544.0786
1073
-33957.4538
-24516.3259
-18572.453
-24523.5181
1077
-16660.5737
-23947.8488
-17533.9198
-25624.6343
1081
-21814.6163
-25278.3999
-37680.0378
-59251.6372
1085
-24007.2174
-20921.8928
-33230.753
-33361.2792
1089
-65437.7349
-18206.0471
-15819.2722
-15575.9407

1429
-81039.061
-19860.7034
-21965.657
-24617.4482
1433
-36606.8616
-38370.4842
-16690.2292
-41026.6453
1437
-19768.0917
-24504.8837
-48360.4273
-16284.9737
1441
-57406.4162
-18215.2229
-24755.1695
-33763.8411
1445
-24033.4482
-59166.9805
-25117.669
-26608.9827
1449
-15594.6992
-14598.0682
-47401.8596
-130155.68
1453
-18845.7176
-55829.6669
-11845.1826
-23222.1468

1513
-55556.5008
-25828.042
-25535.1679
-51886.5647
1517
-55915.5837
-42688.1933
-33444.5987
-23053.3321
1521
-17132.232
-93837.8872
-74460.6377
-40760.3224
1525
-37910.5134
-65039.3643
-20922.7945
-123335.824
1529
-23725.8489
-28391.3261
-29862.6212
-17773.7268
1533
-21777.1874
-16186.9291
-35550.1058
-16751.8289
1537
-13415.1652
-33887.4473
-65246.6192
-23083.5901

1205
-12891.833
-13084.5182
-48197.1838
-50564.1047
1209
-23597.3868
-15781.9695
-12038.581
-16390.6839
1213
-34058.5474
-16576.6035
-30490.433
-11379.7846
1217
-47860.0677
-40353.4126
-44592.8975
-82010.3311
1221
-21032.4371
-30839.1283
-40781.3438
-64443.423
1225
-12556.9795
-19692.9704
-102496.316
-22777.0316
1229
-28289.6823
-87921.2953
-31206.963
-25722.8466

1485
-16065.8737
-18751.2325
-13312.5924
-13974.0203
1489
-87802.9695
-48266.7797
-16865.0956
-18479.6944
1493
-36617.5304
-20619.0539
-43536.6914
-24680.4211
1497
-18492.4945
-40038.748
-21482.3499
-44947.0669
1501
-90919.3324
-13388.5569
-24225.7152
-17228.2918
1505
-16139.7342
-97256.6506
-34931.9738
-12122.1746
1509
-48180.9377
-13823.3394
-42156.6722
-15314.7959

1345
-39698.2217
-26828.5092
-73471.0957
-45757.5743
1349
-30764.4041
-19077.643
-20243.3564
-15463.8152
1353
-57998.7348
-32628.1904
-18916.4677
-60001.7079
1357
-75316.2509
-13268.4136
-15780.7334
-36540.6677
1361
-98086.0162
-34974.745
-57345.6112
-26966.3377
1365
-16386.9025
-44022.3
-71412.9712
-108612.607
1369
-11560.0478
-19921.5992
-159907.48
-14737.414

1317
-14064.6197
-49798.6888
-19950.4053
-85202.7218
1321
-20921.1241
-103186.382
-141285.88
-66729.8037
1325
-15020.2645
-24067.4176
-23735.2162
-14516.5616
1329
-43242.5097
-41146.5532
-28398.2746
-30440.4203
1333
-19509.9456
-17017.8917
-30337.0278
-42003.0974
1337
-20951.8118
-37022.2103
-31376.2811
-20030.2168
1341
-14712.6993
-119444.327
-61342.1778
-33769.0558

1233
-79272.5072
-18944.9146
-19314.0311
-14153.3185
1237
-56965.5347
-31478.3127
-31377.6646
-30462.2976
1241
-66369.9283
-43777.7989
-53862.8025
-37526.5244
1245
-112137.908
-19932.7582
-33628.8321
-17588.2058
1249
-17084.151
-64348.6641
-89986.588
-46716.3685
1253
-70125.2131
-12775.4339
-23658.2857
-25249.1952
1257
-119466.351
-58252.0897
-19063.2778
-20321.2276

1625
-60498.9336
-26287.2791
-43150.5326
-30095.8902
1629
-25546.7696
-4670.31824
-151335.9
-60420.5447
1633
-22665.3756
-63209.3804
-21890.0956
-26926.7052
1637
-17299.7166
-25191.1927
-21032.6122
-17705.8955
1641
-16587.1712
-111378.125
-24031.5848
-113949.557
1645
-37749.077
-30747.2111
-44232.7816
-55389.2423
1649
-20660.6479
-21060.6757
-11897.9908
-31778.6663

1653
-65947.4514
-16520.1993
-27677.3967
-15968.4699
1657
-28898.7049
-32222.4366
-17108.6286
-45119.9282
1661
-55532.4252
-12874.6754
-21693.9568
-26918.0108
1665
-56477.8961
-15299.0244
-16991.3254
-20265.4838
1669
-73046.9468
-32212.9944
-34420.0915
-24258.8534
1673
-29382.1737
-29292.565
-17655.5656
-83256.1262
1677
-15317.7232
-18746.0315
-20583.8096
-65545.8416

1681
-17453.1845
-24053.8549
-37585.5879
-15766.77
1685
-9302.55911
-72322.5307
-32476.3799
-80819.5323
1689
-20711.6851
-71180.8247
-12677.6519
-13156.0311
1693
-24114.9991
-28174.3539
-19916.6279
-32356.215
1697
-18826.6059
-24135.3197
-68336.8514
-18388.7137
1701
-36715.8262
-19107.8685
-38012.3361
-22661.3826
1705
-17624.8517
-30293.734
-18508.3479
-37061.5879

1597
-62311.1259
-14687.4025
-46758.5047
-50153.729
1601
-18382.6565
-28616.4542
-15369.406
-32918.1898
1605
-46120.5592
-18208.4534
-19757.4502
-80347.6036
1609
-60946.0463
-42048.5666
-67296.6107
-36852.6776
1613
-52534.5953
-19750.5459
-127908.39
-18470.7835
1617
-28239.7709
-30871.4827
-10286.6144
-43250.312
1621
-64468.7197
-33004.8689
-23790.9798
-55751.4481

1765
-98165.8764
-36672.7421
-21051.292
-19398.26
1769
-11810.4763
-14834.8656
-19775.8501
-200381.271
1773
-81734.2248
-40803.9414
-29438.3737
-23384.561
1777
-16481.8524
-29097.0304
-18021.5598
-15826.1435
1781
-47487.1521
-35220.7304
-26155.8147
-10577.1631
1785
-72981.3947
-22207.4181
-22075.9902
-380345.233
1789
-31755.2905
-95961.167
-23382.8849
-40366.8378

1569
-18935.2074
-22314.1834
-41788.5993
-33375.8523
1573
-55159.0295
-31056.732
-58367.1622
-18619.1738
1577
-59907.7065
-40664.2937
-27629.034
-39273.2374
1581
-31824.2326
-39423.0125
-30958.7717
-36636.9391
1585
-31579.2189
-39329.4122
-22696.3908
-12572.003
1589
-23570.6737
-18710.7117
-37031.9417
-36856.4129
1593
-29446.5226
-23953.9146
-30832.8835
-22452.2681

1709
-80568.1277
-22874.9781
-24055.049
-30992.3607
1713
-45883.2252
-23569.3779
-32963.6806
-26795.0059
1717
-17378.0618
-23540.3242
-37997.9808
-47030.3632
1721
-36444.4934
-17819.6952
-46121.6445
-21668.5457
1725
-42216.2648
-35431.3378
-32733.1484
-90746.084
1729
-8038.95648
-47740.1315
-7399.33579
-35009.7187
1733
-36535.6805
-41198.3338
-19252.3472
-21801.5182

1121
-66009.0622
-74263.2942
-77783.6407
-23678.8079
1125
-27331.2025
-37412.4355
-48117.9485
-26781.7725
1129
-50328.2491
-31555.0728
-121474.303
-38204.3939
1133
-135799.542
-26986.9697
-18709.8116
-37797.6484
1137
-18469.9302
-131058.235
-69681.0067
-66377.9799
1141
-40675.0299
-9615.30139
-27798.0136
-13900.1226
1145
-17757.8869
-15024.7594
-36471.84
-42347.7301

1457
-74506.2395
-15972.1916
-15155.9791
-22663.2673
1461
-25260.6723
-62322.1338
-21698.5424
-23712.9768
1465
-26805.28
-8715.02589
-95139.3093
-17149.4259
1469
-115872.654
-78369.3882
-16908.5858
-28461.8094
1473
-63807.1364
-26249.6962
-18512.5744
-35169.3107
1477
-52061.1042
-18320.5794
-29698.8065
-34644.6552
1481
-26225.4622
-96393.611
-72482.3867
-31616.7368

1849
-32370.8976
-27197.1578
-83681.4278
-39079.1149
1853
-69003.0542
-22659.2917
-33670.1207
-47247.0781
1857
-20541.7758
-15017.5862
-28755.1507
-28209.1112
1861
-23888.7561
-15410.259
-45690.2084
-34187.0789
1865
-19742.7305
-58801.5884
-29865.0113
-24456.3678
1869
-10561.4014
-20464.2588
-13541.9914
-43614.4867
1873
-20969.0076
-15782.033
-15578.1513
-35479.2951

1737
-26291.5852
-70173.3618
-23330.1064
-14672.6311
1741
-35099.9263
-41106.9385
-32287.7279
-16008.159
1745
-75909.9448
-29891.0829
-32596.2132
-51387.8871
1749
-31266.7059
-30286.0977
-4305.36485
-15070.9834
1753
-42104.5929
-91722.3544
-15345.8586
-8784.96778
1757
-18679.8797
-19709.4188
-25209.0967
-28239.9331
1761
-155615.191
-29493.4028
-90834.4005
-59507.5548

1821
-6095.56102
-31512.2687
-28441.6644
-15802.4831
1825
-16797.4043
-17747.4808
-15513.1981
-33101.3317
1829
-18524.1959
-22697.6164
-15763.9365
-57069.6578
1833
-90291.4269
-31730.6326
-33088.2172
-26862.239
1837
-36637.8487
-127425.187
-24086.2302
-16074.7471
1841
-27824.7314
-45160.0858
-31127.4298
-19366.3871
1845
-17796.9215
-20599.383
-10395.841
-30996.1642

1149
-99192.3114
-21084.8171
-19535.5261
-18590.3728
1153
-21882.142
-8321.22143
-52522.222
-14189.2408
1157
-19538.9389
-47425.5723
-16296.3305
-116373.93
1161
-38119.1081
-19406.3406
-53483.3615
-28235.0599
1165
-12999.4492
-36447.45
-35743.3999
-19590.4048
1169
-77116.3355
-19514.5864
-32581.5384
-47708.5498
1173
-32720.3918
-25191.4697
-19331.7436
-33270.0017

1877
-68365.846
-10871.0219
-48240.2809
-31849.3213
1881
-21043.7272
-61252.3353
-27026.0525
-45939.0573
1885
-12326.3212
-22244.0162
-71318.2457
-93301.1826
1889
-12003.2873
-38955.0051
-28298.3154
-25195.9493
1893
-66755.2496
-23284.1717
-52929.3262
-39328.9174
1897
-43307.2803
-33101.6613
-35802.4421
-52991.4227
1901
-24188.8813
-23665.4315
-6869.348
-21739.3001

1541
-44510.0945
-100373.892
-36552.6329
-139724.042
1545
-16600.3142
-16802.5822
-43832.4327
-51408.401
1549
-18509.1075
-41143.4254
-17387.2656
-23303.5935
1553
-30338.3746
-40071.9021
-33510.1205
-18834.9017
1557
-28972.0367
-47365.5024
-29548.7222
-86555.4446
1561
-24130.8882
-53595.3603
-31975.5146
-27024.2648
1565
-111709.052
-62319.0949
-22740.7108
-14029.6858

1177
-73408.0667
-27996.6472
-20115.6342
-21860.3897
1181
-21256.1419
-76323.3584
-46081.8792
-25023.0907
1185
-50993.4842
-23753.8697
-40133.4464
-15210.2911
1189
-25183.3341
-36817.0918
-25553.5595
-44415.6555
1193
-3594.13119
-43350.6895
-69225.546
-105618.979
1197
-63508.1445
-31433.5118
-20471.1005
-41743.1774
1201
-9093.23134
-10664.2597
-36929.0252
-50540.8459

1289
-113316.42
-18493.0514
-92010.2611
-18512.3183
1293
-10430.8552
-18341.2498
-11849.6817
-16644.4805
1297
-56502.3606
-15037.0896
-25305.7099
-22696.0917
1301
-20138.3301
-24049.5341
-82694.083
-14442.0801
1305
-82615.0786
-86205.5596
-17866.9082
-68074.2435
1309
-30016.6828
-17956.9108
-18408.001
-253511.261
1313
-4689.90382
-16607.302
-32043.3286
-16381.3915

1793
-41209.9489
-25911.4588
-24248.1176
-76980.0759
1797
-29063.6196
-19444.1622
-14576.6089
-116187.309
1801
-75492.7406
-20391.2633
-54804.0816
-23285.7223
1805
-10882.541
-16362.6228
-14630.8759
-80468.755
1809
-19018.1107
-17442.5453
-40730.9722
-7654.87445
1813
-91472.2259
-29522.5415
-76143.6589
-33632.886
1817
-8418.74681
-24589.2816
-109012.916
-31664.6967

1093
-71576.0243
-70807.5002
-86915.8161
-14020.0222
1097
-36451.0714
-26356.1826
-97700.88
-14372.3949
1101
-15273.3884
-20077.7487
-14904.8015
-73141.971
1105
-82671.4015
-25973.2592
-28486.9873
-16023.9438
1109
-26036.4379
-31115.2528
-105067.187
-14456.1646
1113
-33675.349
-57000.2042
-22386.7699
-115816.159
1117
-21441.7923
-14887.0003
-24247.2228
-28168.2885

1261
-62427.6867
-83061.513
-52574.9486
-121897.641
1265
-25332.0374
-111335.432
-22511.8986
-17220.7
1269
-37604.0231
-12802.6299
-170801.907
-102316.111
1273
-11854.1971
-76457.8667
-19054.8386
-15686.9969
1277
-23104.7814
-121108.565
-40874.8255
-18368.683
1281
-20927.7708
-45262.2701
-69476.6073
-30997.4502
1285
-58594.0125
-60331.5837
-18354.3479
-24369.1539

3193
-58311.7348
-30250.9222
-25083.8979
-25637.079
3197
-32092.5153
-17454.6563
-33968.3215
-48789.9574
3201
-20454.535
-12994.7707
-21458.2788
-21138.137
3205
-14978.9023
-56261.8359
-13156.2739
-25579.5307
3209
-21781.9652
-22747.1716
-28531.6933
-2388.48791
3213
-48886.813
-29623.5418
-33389.6437
-41588.0284
3217
-20337.1768
-17549.0706
-20368.3343
-24476.9958

2549
-22105.3503
-75307.9766
-18895.6935
-111144.122
2553
-30543.7127
-58578.6695
-29249.738
-65388.6528
2557
-37896.3115
-22732.005
-23935.0494
-42333.1824
2561
-12500.0751
-23788.8697
-19512.4294
-28241.7233
2565
-53643.3938
-39788.1359
-51095.1343
-13373.4785
2569
-18344.3281
-33501.4891
-290229.333
-33050.1026
2573
-42775.2259
-32105.1057
-22788.2435
-20731.5461

2073
-22703.6764
-13415.8845
-20451.1259
-19941.3983
2077
-32367.2851
-25109.5243
-20535.9365
-48581.6213
2081
-23808.7138
-27324.121
-32378.5293
-4402.73031
2085
-183226.203
-74290.3445
-18744.9304
-18695.1777
2089
-27192.2879
-37102.2028
-50815.5546
-39605.5043
2093
-13280.5444
-24455.0415
-33813.8451
-52228.5833
2097
-24714.0517
-13477.4832
-17796.4995
-14096.2896

2969
-24048.102
-27590.1737
-47557.5115
-24746.7316
2973
-19618.1439
-18794.5628
-30427.1083
-73860.8661
2977
-26874.3904
-24860.6487
-8495.28916
-20059.0419
2981
-62960.452
-16328.6773
-34739.5297
-23507.2599
2985
-65387.4425
-38091.3692
-16899.6055
-17407.0548
2989
-150006.165
-27283.8028
-58049.9939
-18788.2057
2993
-34588.6455
-4560.95098
-160722.515
-32372.0386

2409
-31420.2016
-45442.0333
-29295.3186
-25366.8739
2413
-45628.1573
-74382.036
-47179.2754
-25942.2416
2417
-29713.464
-15116.7737
-56909.3849
-31824.8136
2421
-46753.7902
-22725.9149
-24013.7071
-41863.0921
2425
-25000.6669
-38078.4292
-26135.1906
-30095.3338
2429
-29898.6229
-38034.5897
-22224.1936
-21899.5897
2433
-44655.825
-16114.4311
-46184.1046
-62048.471

2605
-23867.1489
-23288.7068
-50268.3423
-29058.8799
2609
-22117.8699
-181844.143
-42797.1687
-15203.2078
2613
-14161.1073
-40257.9606
-76706.8522
-43627.8577
2617
-49456.3394
-26808.935
-60768.1783
-18557.3729
2621
-32139.0957
-3934.10108
-16445.2102
-46235.6662
2625
-107783.452
-49851.3865
-42236.7046
-34676.153
2629
-57807.9828
-17149.0749
-61301.4334
-22308.1831

1989
-27459.0413
-22860.6044
-15310.758
-37216.3253
1993
-18920.8951
-42178.2744
-21718.7017
-26246.5875
1997
-11405.1601
-17504.9365
-17264.105
-54869.3762
2001
-44112.6457
-26419.1286
-19750.0615
-19146.0166
2005
-20444.8069
-45294.1264
-27983.0907
-15480.6399
2009
-27412.3905
-22322.3137
-119428.513
-41708.0135
2013
-16522.6083
-17633.6789
-27329.4139
-55149.4147

2017
-9620.81264
-32143.2773
-37400.8326
-36151.5408
2021
-52930.2509
-18923.0984
-28343.5889
-26686.2712
2025
-81623.0381
-17910.952
-73800.9897
-22566.6593
2029
-50539.4651
-88677.3956
-29491.7885
-94531.3514
2033
-17783.1322
-25347.0264
-23892.4184
-14463.2792
2037
-25555.1522
-45701.6507
-22589.3049
-41869.8025
2041
-23012.5925
-28589.2307
-24095.2229
-41447.2039

2213
-40166.8706
-51058.1302
-19476.971
-46396.7351
2217
-29942.6579
-47900.6286
-17989.8279
-40724.1738
2221
-18449.0279
-24305.8958
-10607.5335
-26593.5363
2225
-2185.60369
-18553.8137
-14819.3156
-70795.0161
2229
-18713.7022
-47328.9928
-47830.9926
-32287.1539
2233
-58905.5759
-43139.7931
-11157.8539
-46455.8812
2237
-35241.5124
-35092.9609
-21384.2099
-19982.6603

2101
-59204.3905
-18083.9589
-21721.4524
-59003.308
2105
-28272.8636
-113740.728
-49157.8044
-77265.5841
2109
-15553.0009
-39171.7264
-41398.5941
-20504.1757
2113
-17488.3909
-31660.4339
-47438.4906
-16328.3675
2117
-51406.8942
-31584.4677
-26455.7524
-53309.402
2121
-41867.4143
-126781.89
-24347.2486
-33148.6169
2125
-36994.8544
-36184.2025
-57890.9702
-43352.5096

2941
-49696.0506
-155105.058
-104722.793
-23916.4467
2945
-23020.7259
-48717.7832
-42973.7584
-19282.6329
2949
-57710.6942
-25906.3836
-150217.428
-18058.0496
2953
-51640.7869
-15003.0954
-36889.7078
-30902.3952
2957
-52004.98
-31104.2075
-31834.3379
-54882.3115
2961
-34835.2156
-33832.3015
-20206.7827
-71253.1785
2965
-63859.2457
-29087.4598
-25635.6939
-32435.3284

2577
-41915.0122
-21073.2111
-42902.9952
-14602.2427
2581
-28673.6778
-65677.8978
-16214.9742
-16542.8524
2585
-136128.768
-14843.3633
-12402.6093
-15810.1206
2589
-64105.6541
-35183.2595
-42433.998
-22900.7329
2593
-41484.917
-32153.2077
-16016.511
-46976.3515
2597
-39835.4188
-12279.7639
-32374.1391
-21161.1494
2601
-22051.4771
-163994.706
-15599.0366
-87209.1769

2269
-20763.5659
-20160.147
-32565.3878
-36554.4838
2273
-183337.921
-37787.2345
-29700.7489
-43591.7574
2277
-16694.5632
-22205.5402
-19076.9403
-14523.7354
2281
-17286.3027
-29382.8594
-29677.3825
-13586.3742
2285
-42718.8977
-21144.2314
-149636.528
-45002.417
2289
-16935.5257
-16305.2339
-6463.63042
-15794.4869
2293
-27444.2179
-26066.8348
-17342.2293
-19578.3245

2465
-22056.2589
-71141.5638
-23408.9855
-19323.8553
2469
-63397.7335
-40962.2596
-37936.7341
-21183.7949
2473
-26450.0376
-201175.028
-21383.0419
-91580.7954
2477
-46936.2748
-34066.3307
-23325.1234
-32297.0722
2481
-35486.0427
-66831.8707
-36071.7834
-36360.5687
2485
-22830.7427
-21142.3086
-45854.884
-19634.4522
2489
-83689.2729
-13310.7877
-20351.0216
-18169.2172

2157
-24804.1647
-5617.85948
-24510.6228
-12761.4259
2161
-22080.0483
-14019.4483
-21975.3443
-18128.21
2165
-55728.6028
-385970.919
-14917.8415
-19197.7163
2169
-168252.811
-26412.5951
-25786.439
-19314.7679
2173
-22124.5897
-85630.3907
-33009.6016
-27472.8007
2177
-15307.7047
-27283.7466
-18715.2608
-70982.3578
2181
-22070.1582
-34751.9885
-22544.0706
-141893.688

2241
-166430.439
-26366.7867
-14139.4203
-32231.0606
2245
-29270.5975
-26865.0358
-25554.0076
-56232.3246
2249
-26458.2093
-15887.0827
-97344.3717
-25438.4922
2253
-4693.91996
-44651.1272
-15602.4546
-17553.6927
2257
-20208.3386
-93918.3549
-31752.3101
-18434.6187
2261
-83749.8147
-36016.7682
-23314.2733
-33990.9377
2265
-34066.7872
-75406.8581
-49459.9236
-28174.0861

3165
-65918.9211
-33478.8764
-33208.7509
-22989.8521
3169
-119243.64
-19861.8708
-15597.4661
-78704.1156
3173
-11644.8291
-23713.9598
-24053.3784
-47580.1882
3177
-19955.6834
-13213.463
-45505.3714
-71186.4909
3181
-37004.6022
-15787.4124
-35135.5281
-17356.7505
3185
-38443.8202
-28527.7662
-42264.4672
-228554.77
3189
-23770.5065
-112809.472
-37903.5958
-35579.271

3081
-28200.9388
-30460.4177
-15354.5169
-27078.374
3085
-49509.3487
-16221.2923
-55949.7599
-25836.7576
3089
-34641.3784
-18035.4507
-22142.0203
-128664.065
3093
-46961.9701
-26918.7238
-16102.1504
-43000.8224
3097
-27499.8058
-20673.9695
-110532.27
-16463.504
3101
-18938.3716
-19036.3923
-97388.3686
-52328.1208
3105
-32418.7549
-147606.456
-27814.7241
-78180.164

3109
-61947.2167
-47598.4396
-31621.7955
-39035.2157
3113
-45553.2741
-44936.0736
-17895.8802
-156913.989
3117
-23575.1345
-22686.8984
-132106.173
-16367.2466
3121
-7814.04539
-16104.8266
-29846.4581
-43347.4874
3125
-12122.8734
-14684.9498
-13029.1593
-75038.7043
3129
-78973.0955
-110208.332
-19511.909
-21476.2982
3133
-21899.9122
-27101.5191
-38914.8221
-17148.5299

2437
-90540.6396
-29411.4675
-19125.1529
-23110.6608
2441
-75585.3742
-29934.1163
-143755.61
-49542.2614
2445
-56559.7916
-47334.9113
-33793.0693
-42543.9883
2449
-30541.5136
-26729.3589
-21020.5291
-25897.8438
2453
-32878.6405
-16441.4487
-24844.6818
-22239.3753
2457
-41456.7416
-29671.5038
-11871.8325
-27277.4104
2461
-81669.4592
-32358.8358
-51601.8477
-57695.1041

3053
-28802.4619
-36587.3151
-23094.86
-16287.6563
3057
-232342.046
-40566.0622
-13557.4331
-66087.2308
3061
-14042.3501
-12698.6903
-26529.7175
-29912.1035
3065
-26384.9684
-43217.8892
-21701.3617
-24054.5609
3069
-85194.0027
-38587.9385
-27542.0375
-34438.0358
3073
-52774.0851
-65242.922
-25832.7623
-49607.9332
3077
-32650.8137
-96418.0212
-48263.6823
-17795.0148

3025
-25786.1723
-36008.976
-18378.2673
-23578.315
3029
-26749.3671
-27312.5186
-86336.3568
-26284.6812
3033
-19970.0424
-61242.2342
-22761.3553
-145392.214
3037
-15480.5107
-17726.7245
-21147.3424
-28609.6358
3041
-11963.8571
-25511.2059
-22994.9567
-29432.9638
3045
-38372.8614
-105961.507
-36797.7911
-11605.8507
3049
-60009.6997
-45825.319
-52462.9326
-20560.0024

3137
-48386.6103
-40317.9194
-23212.3656
-75894.5477
3141
-28316.7348
-16056.6934
-15738.952
-28747.5731
3145
-19492.7444
-218780.187
-16087.9386
-28585.9079
3149
-39491.119
-21670.5118
-51687.1892
-61440.9789
3153
-15929.3238
-164499.575
-95072.658
-15610.5911
3157
-41707.3006
-15248.4343
-3626.3232
-27699.5102
3161
-32750.1206
-25569.5453
-18638.8392
-23029.7858

2997
-136173.334
-18364.1306
-15003.7381
-17405.8747
3001
-18935.4277
-20744.522
-24046.3005
-40208.5353
3005
-26209.7261
-37362.693
-18835.9236
-25679.8212
3009
-88516.8434
-45391.5548
-70855.5233
-5865.00667
3013
-47436.4576
-126689.475
-29208.1582
-54465.3461
3017
-26298.6549
-43696.0779
-30795.2075
-60974.3442
3021
-12341.6254
-18226.1872
-13423.6442
-28284.2196

2045
-61007.5365
-47659.1142
-22261.7265
-29822.2247
2049
-117806.759
-17600.6029
-22206.253
-35225.9938
2053
-39343.0722
-31577.947
-14088.559
-10725.7642
2057
-6628.97692
-32113.216
-185925.755
-18527.8118
2061
-31719.816
-44364.9715
-26347.5987
-15546.5925
2065
-63563.3793
-47047.5627
-43435.9113
-30713.6023
2069
-11880.0931
-27809.7176
-23063.4869
-181804.661

2297
-5393.198
-18213.5206
-28387.6129
-57035.33
2301
-28046.815
-40683.4367
-20390.784
-27987.088
2305
-65777.3188
-23529.2813
-144379.846
-64945.3507
2309
-92244.7778
-6656.11358
-58738.3275
-26399.8247
2313
-2830.99966
-62433.2003
-32729.1375
-28522.2264
2317
-15101.105
-72376.8052
-20406.1271
-32267.8671
2321
-10668.7839
-11352.7568
-33471.3448
-46848.9632

2829
-77079.7646
-56492.0076
-16024.7356
-13829.4745
2833
-54400.1695
-26119.3566
-26983.6061
-97579.355
2837
-12163.1023
-27301.0513
-36626.5878
-59022.3523
2841
-51895.0147
-18399.5243
-19387.5966
-72742.4197
2845
-38090.5995
-7966.39027
-138661.997
-26821.8436
2849
-30324.3632
-21395.4403
-166910.827
-19367.0099
2853
-220374.011
-24875.2414
-18705.7982
-45862.3508

2913
-46910.3754
-45832.0091
-24843.5696
-196498.674
2917
-48430.4774
-62660.112
-53936.5138
-45242.4155
2921
-25754.5474
-67555.0751
-22549.2809
-14451.1505
2925
-60556.4713
-37343.2107
-40824.1453
-47032.9625
2929
-24696.4328
-58638.2002
-23724.0744
-15245.7307
2933
-18517.4709
-22711.8504
-36161.3432
-24084.9694
2937
-98930.9363
-170964.651
-19725.2588
-19820.4489

2773
-15292.3782
-46577.4499
-150350.333
-31308.3375
2777
-32489.3118
-8939.41894
-28098.5935
-25013.111
2781
-43402.4586
-19980.2831
-24346.2096
-45253.7873
2785
-40981.2235
-74908.1691
-25217.8538
-27537.1756
2789
-13734.9273
-29483.1886
-27093.7724
-40358.8822
2793
-55226.5745
-36123.0795
-31647.3951
-24142.5202
2797
-32045.9273
-24887.774
-83882.4664
-22923.2342

2521
-18060.3131
-59981.0171
-31782.3387
-55255.2433
2525
-44662.4978
-34242.4872
-73189.2653
-19466.255
2529
-57958.0212
-69658.2683
-54294.0541
-2605.98755
2533
-24796.457
-18938.0416
-33070.7131
-20368.0029
2537
-31363.8177
-201569.821
-51105.8056
-26063.238
2541
-35246.4183
-66267.9056
-15209.161
-14407.2032
2545
-50056.1476
-80552.3227
-16509.2962
-13797.9082

2801
-53592.7903
-31050.2622
-21531.9286
-26859.7526
2805
-93165.1172
-167356.787
-6019.73593
-26014.6006
2809
-26677.6382
-93150.4921
-23761.4771
-41827.4537
2813
-29395.0511
-41426.8571
-33504.0369
-30102.8481
2817
-147404.853
-37696.5929
-50534.5028
-44144.9397
2821
-28992.1466
-18342.5849
-43213.6657
-28530.3834
2825
-29587.2424
-30911.721
-23801.6109
-2155.84344

2661
-82335.2064
-25202.7217
-21065.6276
-34222.3409
2665
-27090.8232
-16520.2416
-18145.465
-36757.1249
2669
-26918.5035
-32267.8147
-36464.2636
-15874.431
2673
-20198.936
-17223.6169
-19514.1995
-18173.6344
2677
-54909.089
-20239.0741
-17142.642
-23672.7261
2681
-39968.4687
-25770.4742
-29670.9113
-80290.0069
2685
-15523.4751
-27796.6052
-30462.592
-13279.7895

2129
-14769.557
-31539.5893
-12527.7234
-24169.9625
2133
-6337.21445
-57616.8038
-59611.9651
-8240.64556
2137
-23387.3393
-18606.3933
-84238.6795
-20602.6054
2141
-33053.2013
-16811.6285
-44185.9812
-64572.4362
2145
-23356.6849
-29459.5771
-89202.4749
-60349.1089
2149
-44092.8896
-13492.9378
-47006.1783
-16017.0068
2153
-71343.6059
-25931.8615
-18229.2405
-27409.8472

2325
-14659.5686
-19350.0859
-48632.6565
-14371.09
2329
-29413.5462
-38687.8583
-96946.1178
-101746.577
2333
-4909.67821
-38541.1793
-34312.7981
-45507.3993
2337
-14256.8803
-14106.7923
-88986.6873
-11918.6627
2341
-15584.1571
-155970.006
-93326.0835
-19559.2557
2345
-22257.6762
-25640.8119
-31304.2483
-27539.7409
2349
-34266.0468
-36182.57
-38965.968
-10676.7946

2381
-18660.6784
-31047.6323
-20746.9327
-28132.1171
2385
-25518.2428
-13934.668
-24182.0783
-23459.0638
2389
-21377.7734
-11304.5812
-40746.0313
-23586.5495
2393
-20531.6595
-37058.4604
-18183.2463
-16645.7861
2397
-50841.8084
-100183.457
-33032.3717
-93657.5148
2401
-26003.2242
-18191.4876
-23499.8855
-33001.2708
2405
-28749.655
-27172.53
-15183.5756
-57500.2963

2885
-39115.7532
-34264.4554
-31358.5187
-28686.8784
2889
-14041.5516
-1557.47684
-25268.6361
-26144.7858
2893
-16191.2832
-15646.3054
-18004.5403
-37236.7451
2897
-116670.305
-14111.5977
-21939.9083
-18233.873
2901
-42950.4587
-42703.9539
-39878.6132
-21956.5524
2905
-52794.969
-12201.5953
-47046.0138
-29352.462
2909
-31094.5809
-51136.3504
-19508.8157
-40059.6537

2493
-22778.5397
-20875.255
-18325.5529
-49745.495
2497
-26909.4658
-20272.1043
-27029.3905
-49543.1986
2501
-24133.2138
-63557.6213
-24860.1192
-100635.507
2505
-40779.5938
-22125.6599
-29549.8151
-59717.6068
2509
-27331.1567
-52597.6709
-40250.2219
-24327.6863
2513
-34869.6208
-20430.1428
-24685.3198
-28913.0914
2517
-24353.3417
-40548.9133
-30293.3305
-70702.6826

2353
-29514.0902
-47412.9453
-50879.7186
-86477.9356
2357
-16387.016
-42954.9041
-60827.3915
-103208.062
2361
-34018.901
-16362.516
-26404.4518
-19050.3312
2365
-104927.147
-22992.95
-40824.3721
-73263.9611
2369
-58641.7511
-44373.0387
-30049.4026
-17693.635
2373
-13960.9848
-37252.4294
-218738.943
-98768.366
2377
-31453.8371
-32151.3951
-17223.3269
-42560.2598

2185
-20609.2378
-18833.5549
-17599.3379
-47762.0646
2189
-95803.5956
-25170.5551
-13235.6194
-55650.8253
2193
-14846.2636
-37019.19
-23272.7067
-70209.8495
2197
-153636.519
-16828.4617
-40901.7773
-10426.883
2201
-29869.0978
-14110.8167
-16737.9511
-148504.589
2205
-51030.661
-111997.883
-44571.7571
-18193.3338
2209
-45795.4295
-108030.05
-38738.1748
-18021.5984

2857
-43073.3821
-54212.1977
-25268.7281
-26630.8964
2861
-23174.9615
-34985.1172
-24234.7768
-112314.227
2865
-44238.1274
-46800.1602
-19667.4162
-35826.7076
2869
-14275.7344
-21913.7339
-106969.854
-27873.9758
2873
-37032.101
-37402.4136
-32140.8837
-79366.5125
2877
-5944.82467
-141052.601
-19542.3747
-68645.0916
2881
-17769.0001
-50322.9982
-2748.30327
-56923.1617

2689
-21396.9496
-87785.1831
-47257.9621
-19319.782
2693
-52793.2815
-39026.3394
-107309.939
-30460.0652
2697
-10374.0141
-29168.606
-20241.3076
-28274.22
2701
-22104.8132
-46040.5703
-42207.2547
-34017.0411
2705
-26827.3763
-16402.3109
-53926.1816
-29032.4201
2709
-16622.297
-15480.9071
-42257.9151
-228782.023
2713
-28012.5713
-24363.1964
-56574.597
-21637.6165

2717
-45076.5402
-52964.132
-64755.4926
-50372.3643
2721
-20750.0422
-5433.09004
-18868.0225
-35649.8136
2725
-26140.6554
-26500.1097
-82171.9702
-60994.5661
2729
-36354.4578
-21450.3155
-55262.6483
-71052.5062
2733
-24689.7471
-20972.9233
-16216.0576
-46354.0777
2737
-30445.5731
-197781.029
-2966.85097
-21230.5602
2741
-19464.6799
-12435.6948
-32156.2027
-28397.7529

2633
-15062.8633
-19682.8141
-20281.7566
-19732.0057
2637
-35670.1846
-74603.3826
-23158.5951
-28701.4235
2641
-12400.8189
-16831.0468
-32986.3725
-23015.5629
2645
-17704.5642
-76213.1513
-20004.388
-68266.2013
2649
-10812.1487
-29271.2647
-13892.7878
-28391.7324
2653
-73635.4359
-59712.3204
-28379.6153
-11006.9006
2657
-37048.9594
-19958.9626
-23280.5697
-25552.7612

2745
-8877.25086
-15404.5661
-35612.6816
-28948.0373
2749
-52808.3955
-30216.704
-16703.0018
-16669.7263
2753
-42537.3909
-26866.2153
-15732.2723
-74156.7886
2757
-28140.8967
-45016.9204
-41729.062
-22424.9139
2761
-64219.1028
-28879.3345
-50045.2253
-56360.2254
2765
-38667.0461
-37875.6444
-15957.2813
-14118.8683
2769
-22757.1606
-30325.2432
-74045.6723
-23033.7753

1933
-28875.294
-30112.3658
-96489.1639
-15653.57
1937
-23158.6294
-23362.3908
-1293.27305
-24359.3615
1941
-32790.8574
-22331.4681
-21076.5966
-67169.022
1945
-19878.4627
-91189.389
-41268.1901
-11121.9133
1949
-90562.6012
-44681.4512
-17143.3158
-76716.0358
1953
-190350.035
-26248.0844
-21358.4152
-18081.18
1957
-29059.9258
-2392.73427
-48871.3174
-148068.151

1905
-25206.5262
-27415.6657
-95174.8647
-37269.527
1909
-18827.1418
-52361.6176
-48924.4295
-55616.1047
1913
-23869.0444
-53420.6763
-22866.2091
-47905.2992
1917
-8900.59496
-44506.506
-40617.5017
-34750.3619
1921
-38250.1758
-27610.4563
-16322.3887
-58345.8193
1925
-38072.5006
-81164.6493
-17370.0875
-75403.7778
1929
-18537.3336
-2150.40723
-18449.6331
-35092.8382

3221
-30046.1615
-93705.0867
-11770.4403
-26614.8974
3225
-65112.6992
-91260.4423
-18204.6827
-27917.4435
3229
-26229.1711
-25573.6189
-36369.1936
-71905.229
3233
-64701.6942
-38180.4459
-12031.2865
-16332.8634
3237
-22376.3972
-16842.8645
-2243.28994
-30880.1338
3241
-45646.4225
-26504.432
-26081.0565
-40536.973
3245
-34145.3136
-36433.595
-27369.5551
-69825.7302

3277
-16844.4153
-36365.8141
-29864.2429
-46145.9112
3281
-13685.9061
-38884.9654
-28297.3569
-26422.0641
3285
-24733.8842
-45889.4552
-23994.6191
-35949.8193
3289
-33619.3409
-44527.3336
-19448.9005
-18405.322
3293
-38123.9085
-28823.6292
-17037.3438
-21950.8028
3297
-45106.4179
-66594.0212
-14885.5973
-20998.3941
3301
-25481.7349
-17375.3553
-17716.1925
-24632.5349

3529
-81922.8734
-68622.0541
-99452.461
-47246.9774
3533
-29286.5625
-82249.8055
-13198.2882
-46089.7344
3537
-38944.2518
-46301.0988
-33548.7833
-69241.7991
3541
-30662.0135
-33760.0377
-46592.9137
-24608.68
3545
-121100.953
-36673.3321
-18393.3139
-17815.2311
3549
-48328.9453
-18528.9767
-25359.598
-63162.9243
3553
-18190.2486
-33628.9532
-45379.567
-31875.4355

3781
-35986.9092
-26375.6513
-12118.7402
-21182.6811
3785
-57499.6779
-29457.5848
-3068.44546
-18547.0131
3789
-16906.3758
-47411.6173
-79051.2761
-27470.6742
3793
-21931.7726
-22516.7645
-65551.1122
-22591.1982
3797
-35642.6058
-14108.4693
-22777.8866
-17612.309
3801
-26305.2232
-26764.2939
-18190.2118
-31330.2379
3805
-34257.9841
-56080.9008
-43561.0078
-44955.1712

3669
-35582.3303
-23560.6495
-32926.6973
-19913.4199
3673
-48770.4447
-45596.6595
-46408.4431
-22955.2394
3677
-23702.779
-29076.7835
-67133.3046
-29360.4124
3681
-46023.9456
-84435.2286
-35610.4463
-31560.8206
3685
-26141.6412
-18942.6939
-22203.9556
-30655.3513
3689
-37931.103
-30095.1638
-118356.851
-14698.2119
3693
-28578.2687
-75387.9756
-20981.3905
-64748.8226

3249
-21370.1002
-24191.6438
-33516.7842
-20582.2152
3253
-57589.3669
-34099.4929
-16464.6816
-38138.137
3257
-31975.7253
-30248.7568
-26752.7111
-41588.8096
3261
-17912.4412
-83207.7974
-12440.4476
-53297.7594
3265
-83711.5473
-35948.1755
-25799.1752
-18268.8204
3269
-32559.4845
-1682.00339
-39373.8052
-61832.0022
3273
-29468.8333
-21366.3652
-47179.5212
-19155.227

3417
-28537.2153
-20053.0997
-58613.9567
-26465.7798
3421
-54684.6783
-47618.887
-16913.4907
-14098.1275
3425
-17262.4874
-47980.7571
-61596.3334
-22078.9097
3429
-25346.516
-45014.9672
-14622.9839
-88489.5451
3433
-25106.1796
-35391.2969
-15149.0261
-30610.0979
3437
-35359.9246
-37226.0087
-104077.406
-57494.4572
3441
-28170.74
-59397.9847
-49944.3654
-48141.9877

3333
-18301.0087
-35716.7184
-59896.8878
-31995.5656
3337
-19596.6025
-31798.1489
-28366.3315
-40670.6969
3341
-18930.6354
-83640.0049
-61428.092
-32039.264
3345
-26802.3914
-15519.4487
-16897.6309
-33575.6463
3349
-107572.976
-27144.3088
-38591.3981
-35696.337
3353
-9576.47599
-18073.9127
-14408.9096
-129708.049
3357
-61445.2507
-13960.1414
-26462.5009
-16777.8941

3753
-59715.8378
-30722.2578
-1155.2232
-40640.3991
3757
-72956.8201
-41118.7115
-96028.9811
-32567.2729
3761
-36591.2885
-28778.2309
-204627.916
-21432.5816
3765
-149865.667
-43912.7173
-45139.3791
-59865.9732
3769
-30450.8978
-26521.9166
-55245.9598
-36026.4635
3773
-206066.28
-15885.1718
-176945.339
-54356.9201
3777
-70610.3612
-18507.7187
-15955.045
-19637.6583

3305
-51026.0929
-25981.1177
-80493.3245
-25389.8908
3309
-25023.0603
-48805.7016
-24493.0357
-46490.342
3313
-15039.1542
-32944.1244
-21305.0803
-37799.7304
3317
-26306.3234
-29039.277
-24878.4546
-2998.81189
3321
-44184.9668
-18015.7857
-34861.8028
-10628.406
3325
-34753.9063
-20420.8886
-17803.513
-67123.5679
3329
-9131.9535
-19981.1593
-36223.9436
-21789.1665

4173
-51253.3431
-42740.6468
-34672.8415
-51358.4144
4177
-83404.0906
-37570.8876
-36303.6724
-13479.9075
4181
-35072.2722
-48131.9911
-16013.0623
-27486.9466
4185
-66172.9871
-36027.0507
-3123.82805
-37427.0909
4189
-15794.8675
-19538.5746
-13481.5033
-14390.5896
4193
-31679.3051
-15722.6755
-16594.3198
-31268.2743
4197
-18459.4655
-129011.183
-33343.1834
-54584.119

4201
-25284.7149
-25849.2514
-42992.7603
-17768.8135
4205
-29211.5412
-33327.7031
-70448.55
-51327.5169
4209
-102763.488
-38485.3524
-21318.4432
-24212.7753
4213
-31954.2123
-100321.491
-61713.3503
-23149.3307
4217
-50977.6719
-79573.8063
-18528.2956
-26397.006
4221
-16588.1541
-21355.4479
-39310.4021
-33507.3248
4225
-20091.7665
-119740.535
-60034.9801
-30761.0239

4285
-49669.5213
-57385.4157
-61064.7022
-20258.6025
4289
-38052.3694
-13785.3339
-22185.4924
-17950.3402
4293
-15382.5149
-24228.9875
-16910.6858
-14494.2789
4297
-58780.2633
-29278.6428
-42389.2935
-28540.4988
4301
-16914.7114
-16995.8412
-46898.5076
-36235.7276
4305
-20169.5749
-29964.9759
-27792.8311
-33795.7915
4309
-17291.4533
-16547.7063
-22512.6252
-161031.284

4229
-21261.5873
-21099.3992
-21475.8002
-30574.7179
4233
-29478.7783
-19321.6743
-34520.9578
-16153.7696
4237
-28899.3817
-19128.8475
-60913.8708
-54214.7045
4241
-37190.3141
-66077.5422
-14872.3826
-12494.7898
4245
-20225.6223
-15695.1574
-24677.3878
-40107.5898
4249
-19743.5283
-76100.456
-26552.6731
-22112.8159
4253
-44760.4597
-21044.6946
-24846.2899
-19050.1426

4257
-35163.9358
-36575.5711
-24839.6689
-22061.724
4261
-28153.8555
-48634.4819
-132942.518
-67779.5492
4265
-58236.4483
-24416.2583
-27935.3042
-33108.1434
4269
-33873.5543
-15202.8442
-175169.493
-15052.9776
4273
-23735.8535
-48479.7081
-28915.3621
-26524.5699
4277
-20983.7733
-12310.4529
-19147.6583
-22922.612
4281
-20480.8443
-39822.2144
-109970.164
-15876.0501

4145
-35115.3372
-18907.1781
-50874.5113
-61631.1024
4149
-83764.1759
-8225.78011
-25691.7889
-118725.19
4153
-22250.8861
-20496.9793
-31549.6674
-32378.889
4157
-21689.3045
-25173.1055
-47871.9711
-67563.8945
4161
-73782.561
-28117.9144
-14801.3772
-36299.5514
4165
-13602.8769
-126216.938
-18955.2017
-24447.2376
4169
-11223.1252
-17502.7036
-15020.7632
-22554.8559

4313
-26643.0357
-27250.2169
-38473.6191
-77658.0116
4317
-98650.775
-52188.6231
-27602.2147
-20650.4401
4321
-38061.0156
-30837.7604
-33317.4798
-22294.5337
4325
-19331.6562
-38699.9305
-154301.949
-16018.8699
4329
-45566.8186
-27173.1251
-17961.7411
-18450.2333
4333
-25782.652
-14200.642
-2127.11386
-37934.6753
4337
-20033.5034
-19512.6477
-19368.2315
-21701.4215

3893
-22010.7006
-24066.6522
-37514.2995
-26920.2509
3897
-20671.3768
-60837.7142
-66179.7391
-30768.1531
3901
-23070.5539
-21340.4202
-41040.7189
-25252.6095
3905
-174945.056
-30359.8321
-40601.4348
-42075.1554
3909
-19121.5387
-17042.0579
-9641.69191
-17612.9105
3913
-37799.3187
-35229.3414
-17936.4178
-19479.572
3917
-16817.8844
-24738.6188
-24467.733
-24315.1095

3557
-82711.9295
-16850.4591
-33430.948
-26019.431
3561
-45031.7028
-106308.734
-17818.6245
-159197.162
3565
-16395.305
-39256.8117
-16338.4662
-65254.0205
3569
-19233.0663
-15318.363
-37847.1278
-79539.9626
3573
-75807.5865
-60370.7695
-26299.2546
-27617.141
3577
-65091.4986
-14327.3981
-13947.2373
-18246.311
3581
-17878.9209
-18814.6361
-23092.7338
-36753.4383

3697
-18002.0436
-68844.5395
-18880.3717
-15380.7984
3701
-113630.206
-15060.7275
-13579.6975
-59246.6471
3705
-55515.9105
-39000.0352
-70664.179
-43863.9024
3709
-62708.3274
-80154.6674
-34921.7139
-14721.9238
3713
-56684.4081
-20698.9104
-40640.902
-25830.9007
3717
-76947.4106
-13247.862
-35698.6628
-37867.5129
3721
-41820.9455
-27421.1496
-53954.4455
-29535.2756

3389
-38205.6305
-177004.161
-73717.8833
-15772.7474
3393
-31643.6517
-16573.127
-29946.7891
-16238.3408
3397
-21505.459
-28122.6793
-9416.5612
-52445.9191
3401
-43969.0949
-17227.1466
-52032.0443
-28504.3063
3405
-26969.479
-34296.8629
-27760.8365
-57283.8258
3409
-47089.4781
-44197.9191
-19848.9227
-35520.7203
3413
-20303.6428
-20247.3781
-31292.6667
-50364.2064

3501
-37029.5015
-151345.188
-38036.6643
-16905.2781
3505
-21931.2488
-35899.9789
-20647.1979
-20844.9068
3509
-25614.9258
-16974.7759
-37763.7912
-41621.9153
3513
-74020.8921
-16815.8877
-34176.2152
-62359.0265
3517
-19245.8955
-17762.271
-28716.1841
-48998.5419
3521
-27941.2101
-18190.112
-46158.3481
-19243.9668
3525
-24372.0822
-35259.7416
-30920.5954
-32632.511

3725
-48873.4793
-27636.9649
-142931.106
-26887.737
3729
-44781.9278
-13105.1927
-103926.832
-120395.736
3733
-26104.2776
-19373.5716
-31039.4106
-33839.3313
3737
-36600.3443
-46262.4519
-64814.5893
-48392.1705
3741
-23563.5033
-58228.488
-59103.668
-25589.3437
3745
-70779.471
-15507.6026
-14797.8685
-54131.7288
3749
-14883.6669
-11893.9828
-27707.1713
-72722.0205

3977
-33616.5647
-75551.2223
-77301.7951
-22701.2694
3981
-50962.6944
-28022.1119
-86496.9403
-35493.2244
3985
-3247.30005
-15490.6728
-20682.2613
-23370.7303
3989
-26103.1006
-12911.6088
-30925.2088
-84264.0342
3993
-19037.6339
-34178.9576
-68526.2948
-53320.2273
3997
-18778.8784
-117842.983
-27854.5838
-66824.068
4001
-22102.3651
-36696.6712
-31709.8692
-40452.8118

4005
-41469.0404
-24069.3128
-41994.1543
-11508.2651
4009
-14958.9889
-48820.556
-20867.9529
-25907.2497
4013
-30147.291
-66377.647
-30583.0361
-31486.805
4017
-21161.6393
-15148.9182
-36339.2524
-88283.7641
4021
-130214.504
-51061.9117
-139140.841
-37087.6542
4025
-59007.0428
-50012.0903
-83983.0387
-32847.9271
4029
-13691.4307
-28166.9527
-46698.2779
-15122.838

3585
-12148.6355
-23344.8038
-23078.6293
-17124.5973
3589
-27530.4918
-142779.285
-30666.3559
-39422.434
3593
-21335.5291
-35411.332
-32712.0104
-21233.3444
3597
-30886.0904
-29459.7454
-19183.9011
-41916.8741
3601
-29860.8222
-77206.1363
-22232.382
-28232.3673
3605
-3654.35276
-43093.9427
-21204.9546
-51229.2958
3609
-18537.9847
-19464.0132
-27161.5746
-88114.1473

4061
-30491.6656
-26661.261
-38644.78
-19500.8545
4065
-46375.5797
-21949.6616
-38868.2339
-18463.4696
4069
-14176.6307
-23310.641
-106400.898
-20354.9915
4073
-18078.8854
-77389.3047
-192972.792
-15069.1246
4077
-11091.8104
-18512.1746
-13107.0357
-19490.8017
4081
-75995.0981
-79247.6054
-19596.8299
-43335.0994
4085
-32776.6806
-74480.3956
-13778.4561
-42784.177

3361
-2277.29985
-29471.685
-36181.3415
-274682.306
3365
-25176.7728
-45740.4686
-57487.592
-35168.7895
3369
-59181.0273
-33226.2282
-94481.8818
-61119.4574
3373
-95506.538
-29285.9425
-15090.1805
-26249.2206
3377
-19013.0656
-18662.4099
-40596.6863
-35187.7712
3381
-73008.7163
-70351.9803
-50198.3382
-33275.0376
3385
-68666.8207
-20830.2449
-34559.4303
-50955.3216

3921
-37010.8683
-71563.3044
-48917.3517
-26571.2665
3925
-17237.908
-27366.2603
-22388.3627
-41430.9725
3929
-41223.9189
-34258.3573
-47738.6278
-63934.192
3933
-28787.4505
-19012.1075
-15029.6589
-41276.0812
3937
-44611.9644
-63033.5715
-25450.6279
-32756.8135
3941
-16780.2376
-83146.6801
-95597.5325
-18090.9178
3945
-45514.084
-28036.0091
-35008.9364
-16448.0576

3949
-187099.393
-20055.6271
-17959.7698
-20627.4059
3953
-33298.683
-13008.5621
-18853.5293
-28919.9161
3957
-12887.5817
-11488.5906
-43760.9413
-86347.7568
3961
-16246.4796
-69122.1844
-11865.8766
-62298.4199
3965
-42300.3305
-12928.037
-16795.5945
-17899.3392
3969
-53506.0066
-29760.8497
-80505.632
-15135.8644
3973
-18637.7096
-20373.8011
-30181.8597
-47795.935

3445
-24635.0687
-12731.561
-13337.4225
-32396.6
3449
-24893.3482
-24935.8518
-3611.36403
-99848.3583
3453
-22065.1335
-96629.2951
-27868.5091
-86270.404
3457
-26499.4919
-113170.371
-19934.8072
-19655.9807
3461
-21185.968
-29775.9179
-21513.3208
-22757.5597
3465
-76884.7227
-56073.5645
-66343.9171
-18543.717
3469
-30373.0447
-12558.1331
-28611.7684
-28108.5607

4033
-35993.4047
-18756.6606
-67316.1897
-15018.4794
4037
-20861.7375
-39819.0521
-115476.168
-84981.5016
4041
-13053.1169
-40540.5387
-52425.7987
-22340.0134
4045
-81148.6544
-29123.1038
-28106.4081
-29666.3296
4049
-34694.7119
-28815.1661
-81817.2176
-23926.7568
4053
-32288.9889
-31453.0294
-53543.4505
-23843.4585
4057
-67971.924
-63844.4329
-18777.6634
-55257.6902

3865
-21216.8559
-62248.8862
-33326.785
-20607.35
3869
-17635.158
-29194.0733
-22050.4845
-22081.2451
3873
-13598.7188
-57654.3873
-36579.5899
-55139.6287
3877
-26012.43
-17849.0909
-2998.03211
-28502.92
3881
-34205.388
-38545.3549
-38562.4308
-23423.0469
3885
-26449.0825
-24325.8828
-22332.9698
-14935.202
3889
-21323.398
-21064.1766
-30505.3071
-50396.0066

3837
-33348.3326
-20860.1837
-20732.3086
-36095.961
3841
-15862.8111
-34568.4484
-22179.3924
-30066.2866
3845
-25134.13
-115965.999
-38680.8124
-69778.8736
3849
-21168.4669
-23903.3321
-36512.1909
-41297.9454
3853
-40407.8545
-128347.608
-24242.8435
-19602.7059
3857
-22313.2165
-34382.1167
-33463.6418
-47768.4918
3861
-43672.8072
-13410.6055
-21507.2295
-40109.9286

4117
-83605.7015
-196991.59
-14840.2923
-12732.9375
4121
-14782.6499
-32147.1472
-35573.2849
-12265.5892
4125
-16000.3287
-21018.9324
-41861.0512
-25578.1677
4129
-46971.2304
-25705.2096
-54707.7468
-28645.9757
4133
-15038.604
-18942.6921
-21801.1354
-58498.5042
4137
-14963.5442
-27622.5044
-27324.8373
-15352.9183
4141
-18531.1942
-74807.9534
-21308.6138
-33090.4913

3473
-32941.0431
-30605.605
-19316.5841
-33671.1492
3477
-50804.7579
-28499.8524
-14206.7024
-78032.003
3481
-30232.2743
-30526.5078
-12093.305
-18321.5029
3485
-21000.1259
-32273.3808
-32110.332
-34932.9468
3489
-24077.7874
-21303.1131
-24942.8933
-51530.1963
3493
-45712.744
-3756.416
-88843.8876
-20072.9806
3497
-37879.4373
-17352.9402
-9043.34232
-83562.665

4089
-86306.8648
-133065.86
-5397.41028
-48663.9128
4093
-24175.9224
-118782.479
-15949.7512
-84044.8457
4097
-33972.9339
-35349.941
-39371.5797
-17082.6323
4101
-17990.1842
-22676.899
-392389.84
-50653.9103
4105
-35560.1296
-84024.5023
-25264.3857
-54495.0568
4109
-15602.3212
-21990.1524
-24896.6821
-21596.6618
4113
-22346.425
-47167.197
-106440.912
-38663.0643

3809
-37473.354
-22736.7849
-382561.235
-59308.2138
3813
-35483.6658
-29995.6669
-131720.737
-27436.1907
3817
-20394.7276
-108056.249
-16841.3813
-15942.515
3821
-24490.4675
-18968.0472
-41410.801
-42485.6486
3825
-23119.5891
-13379.4802
-13940.2929
-57958.5252
3829
-19816.0953
-85800.3717
-10558.5002
-34796.3265
3833
-28625.874
-37679.3353
-5006.11844
-34504.1859

4341
-50559.3781
-38579.5534
-24230.1253
-23917.7035
4345
-39612.2529
-13038.0151
-41479.9465
-58706.1727
4349
-32874.1096
-16780.2186
-33163.4635
-72882.8678
4353
-121288.832
-42785.9279
-82991.5189
-43123.9264
4357
-17214.8438
-78472.8819
-27126.2142
-12142.8061
4361
-28120.3186
-142449.283
-28994.3065
-23246.59
4365
-22657.1891
-53034.1987
-35647.9656
-65619.0256

3613
-17926.5021
-2646.87079
-25928.1587
-18852.1549
3617
-134043.319
-57234.4525
-33817.6914
-159665.202
3621
-50353.0819
-16277.3435
-23387.18
-19455.8161
3625
-31193.4316
-28047.7915
-30233.6408
-42391.6507
3629
-32554.2297
-65885.5336
-9928.70338
-18991.4901
3633
-11166.9834
-21499.9791
-80979.8745
-33846.0875
3637
-7737.28589
-22540.3726
-15694.1314
-55544.1835

4593
-3845.27275
-15257.8588
-20677.667
-24041.4582
4597
-52608.2175
-17861.6718
-19687.2022
-65914.0683
4601
-44397.6307
-64199.2342
-42519.2666
-32775.1924
4605
-33423.8597
-26707.5511
-17502.105
-41069.3505
4609
-28215.985
-30512.8522
-73823.3967
-11563.1333
4613
-81570.6093
-38501.1612
-23270.0874
-27835.3592
4617
-16164.3185
-14451.6618
-17331.0716
-43526.3524

3641
-68571.82
-21151.4718
-15832.5455
-75563.959
3645
-19423.6495
-30128.4078
-33631.4231
-58742.8701
3649
-17677.8091
-24384.0737
-45911.3687
-51441.2226
3653
-30343.8193
-22272.9274
-71030.5829
-36032.4242
3657
-17759.8591
-16061.5542
-53671.0355
-10974.8354
3661
-49725.3034
-70278.8218
-17183.0339
-1702.39435
3665
-44010.4705
-17768.2251
-32864.8089
-19090.8612

4537
-14999.3493
-13090.3809
-5259.47414
-124464.735
4541
-14854.4585
-52224.0807
-42771.1886
-20547.2296
4545
-54272.0678
-19039.5009
-20709.8801
-33967.873
4549
-12907.855
-83959.2613
-48063.3333
-46521.6076
4553
-31317.6119
-41811.5106
-25707.7022
-32014.5177
4557
-20565.535
-54563.9256
-39415.057
-25377.6192
4561
-42591.8776
-126215.224
-32838.7845
-20964.3907

4425
-10004.6035
-38975.8242
-49600.28
-13293.684
4429
-24470.1281
-37079.786
-135771.541
-18034.6734
4433
-24936.6999
-18630.7719
-4807.62975
-26214.4662
4437
-64748.4804
-17108.9551
-90221.9127
-23194.4158
4441
-48221.1737
-36575.4762
-17184.6029
-19991.637
4445
-19980.8959
-23323.6886
-24218.7912
-46028.0463
4449
-19952.014
-23881.0824
-43574.217
-22963.3772

4565
-50475.8094
-28415.1582
-38947.5754
-40806.3682
4569
-12974.9875
-95111.605
-30717.5559
-28133.1277
4573
-43713.9092
-80768.6376
-20986.6234
-21277.4697
4577
-66448.4906
-39520.2346
-54210.1246
-25881.6355
4581
-15465.8116
-21860.9997
-16591.172
-49861.1888
4585
-25606.1173
-17374.2102
-18958.1628
-94036.5138
4589
-53329.5894
-30180.4716
-7088.81008
-12717.1111

4621
-7810.87062
-81566.2424
-44676.6112
-16830.6724
4625
-18596.4329
-44167.3062
-23465.7535
-23864.7496
4629
-1781.27925
-16929.6258
-16457.8676
-30352.7307
4633
-26604.896
-53677.9722
-19902.2759
-12267.4446
4637
-43947.3906
-30945.8717
-14871.8755
-40642.9955
4641
-32818.3325
-16646.4413
-31215.4636
-32871.3867
4645
-13854.6703
-59659.9763
-23913.2742
-41191.6605

4397
-21226.8596
-35640.3752
-16492.9497
-55458.8253
4401
-28910.1739
-28304.6745
-28041.8639
-10302.5675
4405
-57259.8518
-41864.0412
-19706.886
-16648.8532
4409
-29918.4381
-14518.7747
-34016.9816
-19152.9591
4413
-34043.3689
-40613.4976
-21196.784
-40937.6578
4417
-27022.7192
-39360.9364
-65432.9093
-27086.2755
4421
-22275.6467
-17554.1652
-15711.9083
-48372.7611

4453
-18871.2536
-28861.3975
-11174.3204
-19065.5239
4457
-30215.3854
-35565.1809
-32067.0742
-14222.8506
4461
-18748.2624
-54356.349
-76055.4206
-12332.0582
4465
-11937.9098
-17092.9256
-26969.7194
-31737.2645
4469
-61157.7054
-3023.90093
-36919.9366
-16651.6735
4473
-18729.3201
-28830.76
-80128.813
-27811.6097
4477
-71186.7034
-35953.2408
-46174.9903
-70688.1436

4509
-14987.6911
-21413.6105
-23289.2406
-16006.3309
4513
-22951.0219
-25087.9515
-19532.0622
-56962.1888
4517
-68520.778
-27465.9403
-36907.1671
-19398.3048
4521
-42946.7372
-70231.8484
-21178.0984
-9610.67078
4525
-37938.1516
-17587.8178
-61845.2418
-29482.9225
4529
-33650.4111
-29926.5633
-38571.5529
-24767.6219
4533
-54594.5434
-25338.2521
-62950.0036
-50853.58

141
-26934.3708
-24626.2438
-45586.1506
-18611.2399
145
-72892.673
-43657.8004
-36678.0789
-57485.306
149
-40735.6417
-33451.1699
-16161.6229
-24788.4466
153
-23988.0593
-32510.4916
-13895.54
-28228.5252
157
-36168.4103
-6995.12029
-43025.5071
-14054.3858
161
-2202.19829
-27234.6396
-57585.6477
-12306.3299
165
-20074.7872
-30324.7324
-25571.6838
-33188.5592

4649
-93128.5023
-21920.7931
-16851.2658
-36470.7458
4653
-21194.4568
-23330.3243
-51428.9023
-12140.1137
4657
-37607.9031
-38693.7602
-16784.3646
-20856.3846
4661
-114053.19
-15221.2643
-55538.6729
-78066.2001
4665
-60851.9432
-15079.3823
-21909.6502
-43919.1894
4669
-26811.0411
-40459.4811
-41237.8832
-32155.7529
4673
-15076.9718
-16656.4792
-64101.1369
-90958.6723

4481
-63129.6614
-54000.4557
-45085.3742
-48765.5892
4485
-13037.0823
-19997.0987
-4713.53369
-26606.8997
4489
-21606.7846
-27180.9157
-34849.794
-13633.367
4493
-31661.5627
-34349.5674
-15146.3388
-15239.6582
4497
-17273.4817
-26099.2787
-13013.0345
-21685.2966
4501
-25636.3682
-19088.1016
-23531.3153
-21371.5641
4505
-13512.5627
-81008.5171
-15713.1458
-21539.6973

4733
-83889.9758
-36892.5606
-38379.5698
-20929.4231
4737
-33704.7513
-19484.6755
-29161.5379
-17549.859
4741
-54221.9229
-25578.2357
-32690.0621
-67484.9835
4745
-26099.4047
-55542.8704
-89337.3439
-15899.0438
4749
-39109.0668
-15590.0517
-20017.326
-21221.9061
4753
-26178.4491
-13625.3959
-23747.7489
-40331.6499
4757
-36366.2968
-37640.4801
-17750.0921
-8585.12956

4677
-23646.2954
-11777.8511
-27518.7899
-55669.4079
4681
-18084.383
-26578.3802
-11536.7457
-39862.0964
4685
-2207.5085
-16248.2015
-18483.7207
-40190.8727
4689
-27860.366
-27710.9629
-20061.9045
-13405.3972
4693
-116251.263
-64787.4132
-12100.5079
-28149.1343
4697
-32024.1643
-44582.3659
-42717.0926
-14598.6178
4701
-3489.33435
-18217.5751
-22043.3998
-91709.9447

4705
-39271.6233
-56022.0926
-55717.9739
-28748.2706
4709
-21165.5352
-16178.1144
-16597.0821
-33316.5082
4713
-39656.1577
-22661.8331
-108015.208
-12501.6219
4717
-33246.7572
-125623.269
-18918.3263
-25251.9875
4721
-32975.0555
-80852.6384
-75311.5656
-21536.4716
4725
-22719.5738
-23621.0921
-53835.9647
-14613.5923
4729
-28832.0958
-22889.3191
-25705.4377
-22280.9821

4369
-22739.8092
-14128.9736
-31740.8378
-66271.5309
4373
-12897.5763
-24444.3191
-113960.701
-124156.483
4377
-16297.5648
-14049.3232
-17265.2179
-17048.6437
4381
-75340.2303
-43978.4689
-21042.4443
-31275.2997
4385
-36206.1302
-37817.9803
-51477.4583
-30021.5711
4389
-29834.0552
-35565.8697
-15334.2619
-17146.3242
4393
-34680.3836
-100768.162
-16118.4064
-27300.0526

4761
-22050.8938
-17270.425
-164130.73
-41723.8043
4765
-37037.3457
-30613.6436
-22003.9771
-29144.7961
4769
-82957.9493
-11046.8198
-68732.5295
-23947.1294
4773
-13328.957
-25066.7971
-34009.517
-18154.3808
4777
-30044.015
-47934.0942
-28899.4307
-20276.7117
4781
-17668.2313
-41521.0043
-20272.4649
-22775.7029
4785
-54525.2432
-56916.4546
-52533.0528
-20725.4711

5069
-24102.8632
-29882.0006
-77908.7007
-30912.5121
5073
-18659.5642
-80098.592
-19985.9343
-14235.3022
5077
-13934.8039
-59416.327
-27715.5434
-69370.78
5081
-40576.8812
-32657.2708
-38703.5294
-11929.2491
5085
-29041.6398
-29223.0092
-55411.5387
-48063.1738
5089
-32526.9692
-32427.8584
-16328.9465
-14619.0124
5093
-23456.7005
-2679.49478
-28221.5033
-40072.1652

5013
-82481.6359
-77003.0553
-33754.3899
-20949.2495
5017
-15388.0289
-36009.5531
-32864.9931
-15006.6227
5021
-38666.5874
-19512.9104
-37161.6366
-72267.4183
5025
-22388.7663
-39318.1216
-88304.937
-33106.0829
5029
-36718.6744
-80804.9474
-26133.4361
-38879.7744
5033
-213771.385
-29117.4976
-19514.309
-38756.4372
5037
-26503.6643
-47018.4285
-21455.8278
-17089.1502

4957
-147442.781
-43635.6398
-25476.4209
-15162.9403
4961
-13372.7261
-99583.5394
-44662.8523
-16916.4846
4965
-50824.5748
-19979.1804
-18838.2164
-10717.0584
4969
-26315.6745
-158320.135
-27810.8456
-72177.929
4973
-24728.6509
-27865.7103
-20128.3373
-63297.971
4977
-16485.7824
-43218.066
-17505.4507
-16011.6406
4981
-55307.5171
-110945.276
-19611.33
-28469.9698

5041
-62153.3163
-49721.7008
-34979.9385
-36477.6818
5045
-103916.594
-58700.5494
-19786.4432
-42541.4339
5049
-31082.1324
-45001.6485
-30733.2472
-112491.04
5053
-24615.6441
-20544.4666
-36377.2808
-30219.245
5057
-19911.7199
-24697.1845
-36844.6096
-28673.9287
5061
-107996.049
-52173.7285
-20295.6577
-49252.4632
5065
-19972.5869
-27960.3737
-12260.0715
-39298.6971

5125
-16122.0551
-14952.0427
-32186.4899
-38222.8216
5129
-51983.1547
-56577.7263
-21252.644
-64378.6327
5133
-44563.4801
-10758.4052
-3395.45357
-30328.4627
5137
-38979.989
-30216.5752
-132475.438
-30276.7301
5141
-24160.6268
-48928.5402
-45700.3924
-57469.4816
5145
-25795.2869
-15473.4731
-24352.6101
-15621.6403
5149
-35489.7167
-16388.5486
-123018.102
-20840.1997

4901
-11598.9904
-50175.7212
-39813.2957
-13057.9405
4905
-15842.662
-11404.542
-17218.2376
-14211.9148
4909
-45387.1012
-15171.2278
-40372.6379
-27978.2851
4913
-54506.7148
-32390.0929
-27204.8228
-16972.8894
4917
-27053.6355
-13945.0395
-53706.2661
-13549.4834
4921
-61739.221
-13409.7523
-21728.7981
-46828.9528
4925
-35764.116
-16676.6537
-23459.9926
-61402.3509

4789
-75920.3613
-15793.64
-15268.8924
-20013.2514
4793
-42802.7705
-9656.44923
-23095.2266
-71383.278
4797
-36106.4824
-20444.0158
-125058.198
-125160.811
4801
-12320.2911
-22086.6274
-28572.2952
-39963.1547
4805
-22905.3976
-18914.0591
-42162.4576
-17312.0134
4809
-52601.524
-39114.8213
-64700.0957
-47645.6029
4813
-72913.2669
-37998.8351
-86260.0826
-28885.8416

4985
-91426.2272
-41486.1288
-16215.138
-37680.3566
4989
-14769.8654
-19513.0919
-44184.8192
-18599.9683
4993
-53005.2185
-17667.2921
-40850.6184
-30585.3645
4997
-49449.0644
-51699.2793
-47273.9157
-41531.6171
5001
-26859.3784
-68449.9762
-22380.9602
-15338.5122
5005
-20864.9231
-23616.36
-17731.4277
-22992.0698
5009
-43529.3047
-37802.8387
-32821.5252
-16871.108

5181
-26136.2977
-55385.5627
-68089.5778
-59908.7422
5185
-53078.6153
-34021.1823
-27190.6269
-73717.5963
5189
-78199.6695
-58715.7072
-44268.6253
-39139.2609
5193
-41717.2269
-67920.7448
-16871.8113
-13165.5895
5197
-20537.3563
-15005.9438
-25799.5975
-13619.4936
5201
-56486.2657
-78708.0982
-37940.1204
-30338.5324
5205
-18202.0228
-33555.707
-26138.956
-51516.2924

4929
-32377.3535
-69382.3663
-98193.7633
-27973.6285
4933
-27439.5422
-40541.1724
-86224.6216
-21816.1359
4937
-19328.6613
-28462.9765
-22705.033
-38609.2839
4941
-10763.2135
-38397.2637
-95505.0352
-43935.9311
4945
-45422.0445
-39947.7456
-21884.9056
-67796.8482
4949
-12717.7715
-65799.9278
-7094.64928
-50603.0444
4953
-22492.3203
-41909.4406
-28144.4214
-31322.4732

5097
-25646.9463
-19659.9093
-81349.1237
-42179.3984
5101
-35790.8022
-21399.7292
-38460.7232
-53032.5447
5105
-17681.8574
-32788.728
-20348.2193
-59781.8863
5109
-19786.3557
-21144.843
-46735.9807
-46949.9545
5113
-57451.7647
-18955.5565
-110038.515
-25499.9702
5117
-67083.0512
-36211.3919
-39852.4217
-46840.7191
5121
-19481.3387
-19332.7091
-35029.2205
-22748.5773

5153
-74318.5698
-59998.9432
-32087.6329
-48843.4679
5157
-49591.5237
-19637.6459
-19129.7235
-83624.9858
5161
-45119.128
-16232.7477
-27440.3423
-91893.6321
5165
-15868.3324
-18179.9075
-36233.7244
-38041.5879
5169
-101009.918
-45004.9281
-8132.15991
-13580.317
5173
-32218.2704
-40567.1432
-17748.5012
-38035.6375
5177
-22535.4754
-44418.0769
-27101.1352
-171360.903

5377
-35466.8385
-7092.93943
-36406.8481
-45910.652
5381
-38467.7172
-19606.8924
-76370.1951
-14440.6492
5385
-53448.1794
-37994.8168
-65809.3751
-18327.1681
5389
-24532.6759
-103645.099
-22449.6208
-18946.2358
5393
-28931.6099
-43255.5228
-43152.5419
-38752.8981
5397
-14843.3906
-20837.1409
-40203.5399
-14008.0383
5401
-25456.6214
-23876.3427
-176760.847
-22208.7563

5321
-19586.5097
-39444.3564
-14248.4413
-25035.435
5325
-20897.7659
-75767.2966
-37530.5206
-4877.29729
5329
-26372.4815
-33732.596
-29401.6649
-8936.1896
5333
-97218.4917
-26810.6551
-30161.7529
-17077.0016
5337
-24667.202
-25242.2175
-59594.6047
-18132.0714
5341
-62752.1232
-67117.71
-31399.2972
-50364.573
5345
-19406.1392
-29737.7701
-92772.345
-23932.4149

5461
-12776.5477
-17028.333
-30520.2207
-66439.0091
5465
-35750.9075
-58400.5526
-23514.9821
-147547.161
5469
-84535.0929
-70223.1551
-70169.017
-51647.7325
5473
-39818.1684
-24346.4124
-15520.9401
-8934.44043
5477
-30673.9086
-32780.4183
-45270.041
-18716.6911
5481
-46648.7062
-24876.0698
-41924.9464
-24626.025
5485
-20369.8275
-18221.7049
-69556.6063
-23691.4603

5349
-29887.4105
-42173.3186
-66481.1571
-61840.3044
5353
-26628.8061
-16833.8704
-47512.9011
-19040.1107
5357
-120318.252
-13870.0015
-36712.7031
-208217.592
5361
-83878.7753
-27064.7761
-46059.5276
-25001.3476
5365
-56333.409
-33545.8374
-52336.3828
-15414.8109
5369
-63211.3651
-11692.3177
-137056.308
-58205.7537
5373
-44032.2758
-60735.1915
-14145.4495
-17596.1092

5405
-50872.2119
-16645.198
-34875.5818
-36860.6317
5409
-33447.2823
-16038.9892
-14846.4917
-36812.7868
5413
-66781.0957
-12096.2402
-17096.6947
-27376.0772
5417
-23042.9235
-18982.6293
-14913.6394
-17438.8294
5421
-27159.3251
-28433.8721
-57375.0366
-36804.4363
5425
-15231.6323
-39809.1318
-49719.6153
-89225.7957
5429
-24431.2563
-51407.7007
-165139.572
-26737.6222

5209
-13865.1071
-16179.8794
-42470.8177
-59230.71
5213
-29209.0788
-49579.8766
-19540.6009
-48408.6087
5217
-29428.2653
-14727.1211
-24260.0078
-34619.1175
5221
-26666.2817
-36230.3051
-82224.1043
-24223.7888
5225
-17356.2116
-23770.5138
-16103.531
-18044.6906
5229
-27947.4622
-24993.1214
-40550.3224
-176372.696
5233
-22998.8666
-25754.9237
-29971.11
-63282.766

4817
-15531.8644
-65307.0609
-50782.22
-91216.7975
4821
-26868.1385
-30788.0417
-19386.2838
-12525.2277
4825
-38460.9238
-25762.1568
-16782.3185
-24286.635
4829
-24672.1572
-19823.0587
-12265.6711
-33329.0214
4833
-14004.7508
-24873.3576
-18344.269
-25490.8397
4837
-20510.5493
-77927.4361
-40978.1373
-31277.9304
4841
-22624.2912
-27045.946
-28694.5214
-21612.6328

5433
-79832.9253
-17411.838
-41019.3372
-13120.0329
5437
-32917.951
-24283.7545
-52898.3815
-13857.333
5441
-170104.117
-32883.0875
-47789.681
-28360.5227
5445
-26738.659
-19988.6677
-48503.2085
-20060.0082
5449
-56304.2582
-24411.938
-24889.0105
-30025.0983
5453
-122045.209
-37568.9195
-39865.0466
-90065.8324
5457
-27484.9006
-45020.4495
-23456.9065
-20023.059

5293
-45823.7244
-192672.352
-94173.5093
-18989.5773
5297
-13674.6925
-75599.152
-26588.2822
-43696.5377
5301
-39100.3617
-41699.6702
-37345.1144
-48436.6469
5305
-13492.8583
-26246.8787
-39827.9143
-21458.1674
5309
-23838.9885
-15328.829
-20460.508
-22836.431
5313
-84779.3702
-113409.85
-31381.6634
-16197.829
5317
-31932.3794
-20133.5415
-49238.2505
-15565.894

5517
-57504.2026
-40892.5345
-59275.7446
-22272.8947
5521
-54164.7082
-18014.804
-26481.4466
-38899.6351
5525
-193139.329
-36500.4677
-103852.723
-22198.5822
5529
-17849.7296
-15394.8915
-24903.3347
-34081.1362
5533
-30020.4836
-40726.6341
-6956.05108
-88681.2713
5537
-82283.3019
-90620.712
-23370.8886
-20529.9193
5541
-57850.9554
-33343.3308
-19111.2798
-15502.2079

5265
-59033.5789
-13892.3137
-69182.0108
-47228.6767
5269
-32884.9834
-12984.5949
-16852.6715
-64700.388
5273
-34418.2368
-9360.8717
-31824.8824
-52149.2789
5277
-99017.753
-40830.8639
-73117.4823
-72587.6241
5281
-49388.9019
-26799.791
-40568.003
-26142.6555
5285
-16840.3491
-25540.6759
-31138.8793
-36425.0081
5289
-20168.9193
-15784.8919
-80304.2847
-37558.5282

5237
-36973.7337
-86286.1438
-66204.6209
-24113.2738
5241
-14522.0539
-51497.1972
-17301.4165
-45776.5801
5245
-65787.685
-22912.1569
-31676.1775
-42978.4243
5249
-41288.246
-47214.5126
-60922.5493
-3222.48718
5253
-38063.2579
-94574.5955
-2863.42642
-27069.0892
5257
-18177.315
-28533.2411
-28200.634
-14464.8359
5261
-29594.8759
-69061.3476
-18376.4998
-30884.5432

5489
-28499.2657
-17619.867
-24123.3627
-13770.4176
5493
-12903.8032
-75313.8199
-20092.8419
-21126.9892
5497
-40968.3799
-33385.7903
-45828.5649
-18198.6563
5501
-20108.6516
-15073.849
-31005.016
-20166.5299
5505
-44625.107
-20684.2626
-22563.8697
-20548.2761
5509
-24072.3756
-58739.6261
-57829.6369
-29917.3273
5513
-17350.0922
-14131.3995
-33202.3259
-28024.9698

5601
-51577.4288
-23819.3166
-18689.7218
-19512.6614
5605
-19537.0157
-26589.4929
-45413.112
-15674.1619
5609
-72852.6913
-47107.8272
-35818.0087
-21028.7268
5613
-68691.8796
-24982.986
-14449.0818
-18816.1075
5617
-50555.0533
-41927.2929
-43551.6056
-71893.9809
5621
-60586.8782
-14004.3602
-29237.6995
-16580.4614
5625
-44454.6025
-19126.3612
-14929.4813
-23230.6167

5545
-46309.8453
-51398.4814
-27986.6422
-25972.9859
5549
-52933.8091
-26382.8632
-14368.6541
-37770.3962
5553
-39074.0067
-15859.796
-21950.1057
-37741.6742
5557
-93132.9314
-42822.3196
-40659.6121
-12338.4426
5561
-20749.2339
-21354.4948
-24653.1859
-87291.8673
5565
-51196.5532
-17163.4428
-18831.2584
-33518.4075
5569
-19183.0047
-13839.2238
-80833.3224
-148616.912

5713
-17845.6486
-27358.13
-67940.5256
-31749.1693
5717
-21075.5973
-9980.63662
-69642.6759
-41432.2808
5721
-29271.4968
-29416.5392
-20549.4455
-59124.7953
5725
-46247.3563
-24616.0963
-13875.8168
-78615.999
5729
-45046.7006
-27220.294
-35878.564
-51799.9342
5733
-27784.0936
-24490.9758
-21150.0365
-19075.8164
5737
-48647.9946
-19416.5056
-34709.1118
-43678.0086

5685
-24491.9068
-25034.0549
-24920.1806
-70138.0454
5689
-16575.1665
-22053.4065
-13454.5683
-78776.0714
5693
-37788.6989
-64232.9309
-42840.6709
-38361.1356
5697
-99378.5786
-18834.806
-25822.9824
-24804.2097
5701
-19356.3122
-28967.3433
-28725.2474
-22795.6584
5705
-22396.9508
-45061.3609
-44719.7642
-24324.0688
5709
-27031.1246
-54706.6569
-57553.3573
-38480.1897

5573
-47803.3996
-64377.7954
-12695.2035
-30541.1498
5577
-40566.1852
-20920.7385
-28051.7975
-26556.0004
5581
-13954.035
-14221.5494
-97504.315
-6585.63464
5585
-29361.032
-33311.2381
-20408.8103
-19005.8903
5589
-43898.2019
-27264.0625
-22187.242
-74664.534
5593
-20199.1703
-20868.521
-40667.8702
-60312.3721
5597
-17417.2947
-14633.2068
-33677.1919
-17513.617

5769
-72235.3588
-18907.6851
-20946.0485
-22640.4341
5773
-24702.2015
-26371.8793
-79949.0058
-24530.1411
5777
-29152.659
-28904.4258
-19473.9138
-34266.807
5781
-44458.9735
-57715.2963
-40969.901
-29566.7649
5785
-64491.3594
-12626.7292
-20510.2712
-37762.9665
5789
-18004.5152
-24240.1125
-44710.6006
-37839.1418
5793
-212690.346
-72831.2644
-69175.2011
-16790.3923

5657
-17031.8147
-28873.51
-27106.0425
-41653.9346
5661
-62862.7973
-23408.9959
-44420.8025
-16623.6172
5665
-20972.1747
-23399.0694
-160182.556
-25080.8424
5669
-25074.6618
-63108.1061
-29222.623
-17768.3279
5673
-23774.9786
-20280.6485
-5964.23361
-11245.1771
5677
-28922.4427
-17202.0185
-52830.49
-11789.803
5681
-7790.55236
-81603.708
-73142.0095
-57846.9728

5741
-36359.0357
-19622.7858
-37015.3728
-27550.0952
5745
-31496.454
-84047.4595
-26000.7941
-15768.99
5749
-34878.7749
-18278.1589
-27820.8308
-48147.0282
5753
-74913.2002
-60303.9148
-74063.015
-46533.2785
5757
-16489.0626
-30498.5788
-23576.8515
-68387.7894
5761
-61015.3054
-42924.3421
-106445.096
-42606.9268
5765
-22584.507
-22432.519
-46926.9126
-22189.1569

4845
-55180.9816
-31542.6586
-23625.1777
-209541.978
4849
-24536.5789
-77370.7462
-34414.9899
-53614.3579
4853
-26511.6182
-24896.205
-36778.104
-13001.2201
4857
-24259.9879
-26843.7501
-17798.0767
-70785.6815
4861
-191162.233
-39853.703
-22500.2126
-49468.0108
4865
-43460.1343
-20641.2011
-89462.9252
-21073.4362
4869
-26111.2902
-122543.534
-19860.6997
-109171.501

5629
-29687.9868
-6841.99305
-16995.1067
-24789.4705
5633
-38325.829
-2668.39187
-27131.7502
-51252.9732
5637
-25006.5113
-87397.3935
-48015.9205
-41632.1466
5641
-89644.1744
-30473.9349
-22812.0667
-127169.168
5645
-16467.6004
-80451.9037
-33595.3391
-17970.8883
5649
-30920.4752
-41718.8894
-124670.559
-14834.6581
5653
-44027.4227
-26169.6678
-28885.1963
-39669.2337

4873
-74316.8563
-15077.6213
-50645.8445
-73211.0712
4877
-19980.2848
-29660.443
-16505.4157
-15697.6304
4881
-25740.2549
-33141.0035
-53003.0238
-119395.596
4885
-35248.8403
-29094.3653
-24510.1416
-17034.0325
4889
-47937.9978
-56910.0716
-27826.1103
-25769.5294
4893
-24742.2435
-28424.5822
-19791.217
-17381.0996
4897
-24275.6081
-88109.7431
-86238.5111
-16391.6627

5797
-51985.6122
-18960.781
-14783.8369
-18324.0272
5801
-21722.227
-140896.113
-17904.5385
-28717.2083
5805
-28223.8742
-24658.6491
-38495.3504
-68366.2309
5809
-48379.8572
-20387.3594
-30181.2135
-25047.4391
5813
-58494.1067
-75657.3966
-41653.0479
-87242.6589
5817
-41224.8399
-28623.1387
-68550.9258
-24566.6558
5821
-38362.2486
-18067.6885
-47346.4927
-21189.6143

5937
-62236.0598
-40237.7732
-175573.434
-131053.947
5941
-20393.2079
-113791.251
-50340.3524
-33569.4037
5945
-65084.3142
-107808.797
-30878.9303
-37149.7387
5949
-31991.4735
-33644.1466
-35566.3557
-15390.3542
5953
-26822.083
-20782.8626
-23915.5874
-23895.1108
5957
-15331.0737
-19564.9934
-35490.1718
-31549.4281
5961
-33038.9034
-30139.1985
-40375.8282
-33716.0582

477
-26417.9973
-31954.734
-36676.7479
-61093.6449
481
-36047.0427
-20763.0456
-24585.3351
-48835.8491
485
-31271.2859
-28247.829
-166316.086
-33994.2613
489
-25911.1517
-93101.2649
-66366.5335
-36741.6182
493
-26839.8958
-19680.0869
-13713.9305
-44045.7584
497
-28285.0873
-24335.6672
-48607.7675
-61977.0879
501
-32374.1641
-49627.5478
-18356.9512
-58001.455

5881
-22246.4411
-47094.9297
-10145.5937
-56767.0224
5885
-50554.7989
-23411.0154
-15238.1027
-26945.6845
5889
-54997.1274
-16955.8538
-24108.7874
-326731.208
5893
-38771.1688
-29549.738
-39533.7128
-14787.2204
5897
-32851.1651
-14941.2802
-28027.2588
-32665.8311
5901
-165072.54
-13060.43
-35646.5091
-222478.395
5905
-43314.6531
-32665.4463
-31221.2917
-41530.9852

5853
-51729.1702
-33398.4026
-19356.1224
-110455.92
5857
-19856.8531
-13481.7376
-7026.20396
-114923.294
5861
-74120.3833
-18876.9943
-130516.419
-25336.6226
5865
-29302.8271
-49314.2536
-16941.8826
-33649.8506
5869
-29201.1492
-20253.5558
-26057.5745
-20231.9897
5873
-47380.0966
-9059.19078
-20814.8642
-14511.3821
5877
-42464.1038
-12445.7722
-20475.7343
-52900.4538

869
-20964.0526
-33459.0146
-102383.545
-30766.2941
873
-19905.5655
-26769.2382
-12446.1604
-11248.3186
877
-22555.4666
-44358.3662
-29168.6163
-24691.438
881
-58405.0781
-20028.9334
-74361.085
-80029.3525
885
-125717.157
-101131.341
-14586.0419
-62183.2077
889
-44382.6005
-36821.4412
-27771.8714
-17304.0416
893
-32552.5244
-40353.248
-38860.0036
-92008.6401

5993
-27807.3586
-38100.1455
-34620.8087
-16220.4068
5997
-25217.9199
-26247.1193
-33384.2924
-47810.9836
6001
-37211.2555
-34019.5111
-45974.8512
-39517.5691
6005
-29117.5794
-16031.1495
-30543.3095
-29945.4969
6009
-28208.7689
-26269.9825
-17006.0644
-13763.1505
6013
-21177.7857
-17629.1291
-49149.5696
-17451.7695
6017
-44337.6966
-41949.5431
-22470.4677
-33757.1681

5909
-26539.8494
-27703.3146
-11495.3191
-47356.7154
5913
-24845.0735
-85878.7778
-54812.1237
-80934.4936
5917
-39115.25
-17261.7992
-24456.8818
-56080.7698
5921
-52918.8371
-14676.3174
-42493.6677
-330427.761
5925
-63849.4007
-15850.7682
-12969.8631
-46987.7963
5929
-90885.6622
-28131.9686
-76390.3402
-23374.6619
5933
-2784.54246
-41427.6304
-13749.484
-16191.1586

6049
-17357.6638
-55342.5197
-20247.1334
-59294.4079
6053
-30399.1058
-27880.2549
-44700.9506
-2135.97285
6057
-21155.564
-72337.5711
-40870.7238
-24999.0413
6061
-42795.7745
-54470.006
-70658.5137
-3039.91616
6065
-26180.1064
-32917.6104
-25639.8262
-17907.3171
6069
-24249.2065
-10290.3298
-24282.7141
-46485.5849
6073
-20034.3074
-26029.9543
-14234.7224
-21157.0586

393
-35434.5507
-8382.79849
-20412.5184
-138696.378
397
-38271.4771
-31832.1933
-47232.7917
-29384.559
401
-15607.3851
-28682.2811
-36060.7078
-18976.7955
405
-162126.469
-39708.5426
-14461.1681
-16335.6775
409
-26917.2832
-28801.7878
-18876.35
-58297.0503
413
-22252.1016
-12238.2024
-13760.8649
-21018.4671
417
-24949.7593
-44892.2476
-30790.2024
-43615.2497

1373
-23409.9618
-15064.0695
-12930.8786
-33705.7474
1377
-15355.335
-18548.0915
-33979.1
-33611.968
1381
-22531.1397
-32736.5047
-123176.65
-21451.2107
1385
-20975.9671
-20572.1826
-22769.1857
-57856.3368
1389
-30090.0214
-60798.6992
-26279.621
-3811.84424
1393
-93785.692
-18067.6034
-33790.285
-16666.919
1397
-35579.8383
-60891.7601
-17220.0489
-13048.6201

6105
-15895.8015
-24135.4456
-34149.8461
-49605.8214
6109
-24061.694
-19902.3232
-35649.1924
-35994.3074
6113
-16948.1932
-59336.2434
-36111.104
-33487.3733
6117
-25473.6878
-35447.5331
-21459.0155
-31504.5276
6121
-29181.4623
-111039.943
-27443.3517
-19782.7863
6125
-30932.0344
-27709.2219
-71961.1506
-13937.1701
6129
-21451.4393
-15868.9432
-21560.5348
-14824.818

6077
-113413.257
-24798.6319
-20312.6098
-79283.6995
6081
-27468.0686
-3151.60939
-29673.7831
-19535.2796
6085
-30017.9356
-85080.0675
-21771.6407
-17200.6237
6089
-61258.8271
-47213.7331
-20436.4363
-88526.7156
6093
-29690.3522
-67692.9775
-18989.1202
-38221.4129
6097
-25620.7482
-78493.9343
-31644.0147
-45217.6001
6101
-36568.054
-55844.6628
-23213.5007
-29861.7978

701
-16484.225
-15914.86
-40337.9644
-18102.0214
705
-34515.7097
-25003.1461
-18912.2684
-49428.9972
709
-71376.372
-34114.3296
-13249.6505
-34829.2992
713
-37815.9298
-19428.9605
-7486.58832
-19930.3182
717
-17312.4995
-120232.231
-45215.8052
-107896.947
721
-24442.1821
-4810.14378
-34698.7389
-12101.4844
725
-19486.9734
-25237.0336
-24297.8727
-38198.8313

897
-15470.6644
-46525.5731
-15882.1612
-14798.6135
901
-53645.4396
-32013.6406
-25086.3091
-51553.7396
905
-25083.6885
-25623.0139
-43318.1213
-17690.6672
909
-63524.9472
-18689.6823
-10680.3666
-31598.9906
913
-43765.9946
-26416.4431
-15810.3326
-46580.7081
917
-54423.6488
-6524.49092
-28879.2826
-57627.6011
921
-61484.0817
-43107.4383
-45957.6554
-103314.679

1961
-16970.2454
-78053.192
-16182.8449
-22409.2124
1965
-61467.2785
-30556.4442
-51918.8054
-99762.8454
1969
-103836.062
-42231.4464
-62392.5514
-33855.3553
1973
-25386.4978
-5408.98915
-17452.0464
-95386.6286
1977
-46564.6829
-110548.364
-50496.7622
-51952.2747
1981
-33442.7992
-39050.683
-23332.8717
-24148.567
1985
-14062.9305
-63522.8696
-27668.2493
-37833.3828

5825
-47321.6287
-33549.6339
-34775.7963
-26556.0957
5829
-55790.3692
-14077.6762
-15211.3722
-86715.6026
5833
-38510.3528
-88892.2518
-18997.9998
-19929.4484
5837
-27835.5951
-106986.418
-16399.5766
-38312.8608
5841
-18024.2197
-32076.01
-36350.6341
-48658.7256
5845
-16259.3055
-77886.4557
-26543.0031
-53231.5304
5849
-19110.4089
-110382.188
-13675.737
-32706.0309

6021
-24000.0127
-34781.6991
-46991.1677
-17324.1773
6025
-75288.4182
-17009.9476
-22472.4162
-19334.9287
6029
-21078.9914
-27461.0843
-23047.9224
-25309.4959
6033
-28697.7341
-105339.726
-78437.8017
-35623.1543
6037
-39272.7624
-45109.7498
-19514.6768
-19741.4515
6041
-15963.5282
-23605.2484
-38844.4771
-48424.4074
6045
-24878.1634
-13344.0296
-53214.7037
-20908.7192

1401
-58886.1336
-73022.591
-21171.4257
-18478.8187
1405
-20685.5567
-27589.9648
-6119.43001
-51483.2138
1409
-61333.9878
-61980.6691
-58269.9518
-114410.376
1413
-28463.1175
-63506.5968
-33745.7624
-30980.1195
1417
-13670.8576
-40960.3357
-29813.2494
-18789.2368
1421
-54369.7633
-53720.3243
-51858.8723
-24865.4667
1425
-22175.1696
-16492.3356
-35167.2939
-66374.4052

5965
-20753.9194
-13754.3546
-44519.7081
-14834.1381
5969
-34406.4392
-43872.6684
-17443.1481
-23987.2291
5973
-101503.747
-32186.0367
-34251.3761
-34029.9957
5977
-56126.1681
-11414.7571
-30941.7176
-21979.1429
5981
-42967.1312
-15448.1877
-20356.7326
-23866.8114
5985
-24755.1477
-19740.1042
-35712.8317
-122628.479
5989
-16389.9326
-24378.6719
-21330.4679
-14676.2905

449
-31788.1991
-24193.8977
-13600.1842
-83908.2412
453
-83141.699
-57407.5098
-12985.6748
-34996.2898
457
-35282.5522
-24769.5689
-223442.496
-43003.2188
461
-35183.6627
-73132.9487
-65929.4595
-32639.3419
465
-14523.7428
-25716.011
-47122.6549
-63073.5215
469
-5975.76634
-43973.3678
-31247.8557
-23211.9565
473
-23261.8809
-27911.7077
-70216.4754
-45945.9352
