
57
-1.05669047e+20
-9.40448847e+20
-3.47212005e+20
-2.69192244e+21
61
-1.58909772e+21
-1.42133542e+21
-2.20482783e+20
-1.47958955e+22
65
-1.66636148e+22
-1.41301174e+20
-1.7199118e+21
-2.74637164e+20
69
-9.82467372e+21
-1.58869779e+21
-4.90001798e+20
-3.31791492e+20
73
-2.75126473e+21
-1.3292969e+21
-5.54220805e+20
-1.60496547e+22
77
-2.43638004e+22
-1.56220598e+22
-7.03759734e+20
-7.59783833e+21
81
-1.24027059e+20
-8.72848462e+20
-4.31973681e+20
-1.63338386e+20

29
-6.58823948e+21
-9.40003056e+20
-6.09575723e+20
-4.25860735e+21
33
-1.82242776e+21
-1.05637516e+22
-8.4417698e+21
-3.45260176e+21
37
-1.80635017e+22
-1.37070411e+22
-1.28054737e+21
-5.15554815e+20
41
-1.99736113e+21
-1.1105592e+22
-2.03145125e+21
-1.01834475e+22
45
-7.16616863e+21
-2.13159303e+22
-6.41900958e+21
-1.38708145e+22
49
-9.37971981e+21
-1.99379778e+21
-6.92296472e+20
-3.14212661e+20
53
-5.22863882e+21
-4.4286315e+21
-5.00039764e+21
-2.95118601e+21

113
-9.17267147e+21
-5.66101947e+21
-1.60700956e+22
-5.50411734e+20
117
-9.94827844e+21
-8.74068735e+21
-1.25069997e+21
-6.01471952e+21
121
-2.30712828e+21
-3.39704909e+21
-1.98224553e+21
-6.8092214e+21
125
-4.19510863e+20
-1.5771169e+22
-9.72609363e+19
-3.12066589e+21
129
-2.8649706e+21
-1.55033346e+20
-1.56265442e+21
-1.12944158e+21
133
-2.62698839e+20
-1.06965105e+22
-1.99564928e+22
-4.78357112e+21
137
-1.85684459e+22
-3.46512955e+21
-7.61894705e+20
-3.23290356e+20

169
-8.24657604e+20
-2.91212733e+21
-6.92368188e+21
-6.67229883e+20
173
-1.07812718e+21
-5.27615087e+21
-8.940113e+20
-9.30535437e+20
177
-1.63441039e+22
-1.26956768e+21
-1.14660295e+21
-1.84078092e+22
181
-2.1136728e+20
-9.63472991e+20
-2.63092395e+22
-1.85603971e+22
185
-4.08696617e+21
-1.4076456e+21
-8.8248878e+21
-4.9022396e+20
189
-8.29645396e+21
-1.8473347e+21
-5.0555664e+21
-4.36401945e+20
193
-1.93984877e+20
-1.7817648e+21
-1.65451927e+22
-2.18445279e+21

477
-1.31076456e+20
-2.27488935e+22
-1.73513604e+21
-2.08511124e+21
481
-1.02765586e+21
-6.38558614e+20
-2.00399327e+21
-8.56072203e+21
485
-1.122927e+22
-1.350417e+21
-1.2595598e+21
-8.3411152e+20
489
-1.11617712e+22
-1.35094875e+21
-2.87093915e+21
-1.79662796e+21
493
-9.0025982e+21
-1.40146409e+22
-1.49838935e+21
-5.53059177e+20
497
-2.01322205e+21
-1.11309219e+21
-5.28971797e+21
-1.26391368e+22
501
-1.75215119e+22
-2.0205457e+21
-1.53426781e+20
-3.07125084e+21

729
-1.96343326e+22
-6.77663304e+20
-1.53079312e+22
-7.26675533e+20
733
-1.69954554e+22
-5.43346651e+21
-1.63321327e+21
-9.58172167e+20
737
-9.48959209e+21
-2.05733553e+20
-1.69506528e+21
-1.15030451e+22
741
-4.27767529e+21
-9.29059232e+20
-1.76805306e+20
-1.80392554e+21
745
-2.01893536e+20
-2.11235722e+21
-4.51657292e+21
-7.7338945e+20
749
-2.02920408e+22
-5.80563091e+21
-1.80320227e+21
-9.72721066e+21
753
-1.63186046e+20
-1.1332144e+22
-8.67757694e+20
-2.13226126e+22

505
-2.20300846e+22
-1.07872797e+21
-4.58900745e+20
-2.34188184e+20
509
-3.23354172e+21
-4.26991892e+20
-1.54911292e+22
-9.13005465e+19
513
-1.42846492e+22
-3.1273857e+21
-1.80141948e+21
-4.6305121e+21
517
-1.87638578e+20
-2.08829754e+21
-2.21967754e+22
-1.72468025e+22
521
-2.56452918e+20
-1.58905421e+21
-9.77648054e+21
-1.83139197e+21
525
-5.33262737e+21
-1.56350742e+22
-2.61576014e+20
-3.11154555e+21
529
-7.91337423e+20
-3.07940566e+21
-1.49354953e+21
-1.42943822e+20

841
-1.52545523e+22
-6.95983004e+20
-3.06111436e+22
-1.09467611e+20
845
-1.37317156e+22
-5.30074329e+21
-2.23110769e+22
-1.97625318e+21
849
-8.55581188e+21
-1.77644807e+22
-7.91447092e+20
-6.88989984e+21
853
-3.6174834e+21
-6.94082816e+20
-8.92480511e+21
-3.09946546e+20
857
-1.8406e+22
-1.03371399e+22
-3.57444128e+21
-1.24854282e+22
861
-3.31169512e+22
-9.29321149e+21
-9.35977971e+19
-1.60527266e+22
865
-1.00755726e+21
-7.84283777e+20
-6.97404616e+21
-1.80336542e+21

673
-1.52252991e+21
-7.93995891e+21
-1.78001523e+22
-3.50801165e+21
677
-1.42135982e+22
-1.1381955e+22
-1.34085475e+21
-7.33418418e+21
681
-2.10832853e+20
-1.05512029e+22
-7.41713584e+20
-3.42430282e+21
685
-4.2826532e+20
-3.47682624e+21
-1.17359707e+21
-2.50850547e+22
689
-1.36026822e+21
-3.3525305e+20
-2.6001222e+21
-1.42735342e+22
693
-1.3689493e+21
-6.89018079e+21
-6.75523043e+21
-1.4504669e+21
697
-1.70082967e+21
-3.67913634e+21
-4.67665768e+20
-1.85017095e+21

141
-5.92962037e+20
-4.34058695e+21
-1.50113024e+20
-2.03909355e+22
145
-7.36915446e+21
-6.03853761e+21
-9.65734165e+21
-1.20078123e+20
149
-9.69054526e+21
-1.60271201e+22
-1.18983302e+20
-1.10135788e+20
153
-1.99552815e+22
-3.27139093e+21
-4.40496452e+21
-1.4366471e+21
157
-2.30223048e+22
-2.16121562e+22
-2.70557682e+20
-1.72379689e+20
161
-8.91647408e+19
-2.236171e+20
-1.07975012e+21
-1.4276865e+21
165
-3.32313138e+21
-3.43646923e+21
-8.3231402e+20
-1.45975018e+21

1261
-1.34849759e+21
-2.4765799e+21
-1.67351268e+20
-8.99230098e+20
1265
-2.45025989e+20
-3.69512616e+20
-1.62612518e+22
-1.29312273e+21
1269
-2.73136577e+22
-2.06729301e+21
-2.7779022e+22
-1.75093904e+22
1273
-1.68260083e+21
-1.54005801e+21
-1.50380396e+21
-1.70186032e+20
1277
-1.65183484e+22
-1.52231035e+22
-1.40713358e+20
-1.10642112e+22
1281
-1.29726663e+21
-1.37517643e+22
-7.37100575e+20
-6.84940771e+21
1285
-4.07853927e+21
-1.61105066e+22
-1.54230205e+22
-3.5280745e+21

813
-1.01300774e+21
-7.08647524e+21
-1.4388134e+22
-1.6482903e+20
817
-1.93281446e+22
-1.1463512e+22
-1.13051031e+21
-1.63481548e+21
821
-9.85543948e+20
-7.80568434e+21
-2.05009896e+22
-6.4796902e+21
825
-1.90256698e+21
-2.44031237e+22
-1.39433089e+22
-1.5932407e+21
829
-1.24787069e+22
-1.24107743e+22
-1.15694423e+21
-1.84180908e+22
833
-9.0787582e+21
-3.9295963e+20
-1.4440568e+21
-6.75816845e+21
837
-2.33557049e+22
-1.10450584e+22
-1.02013776e+22
-6.45246588e+20

225
-5.73931116e+21
-1.41966464e+22
-2.83483544e+22
-1.12178592e+20
229
-7.47221441e+21
-9.0012894e+21
-1.26334887e+22
-1.51916625e+22
233
-9.14861601e+21
-1.01556319e+22
-1.47635377e+21
-1.98125587e+22
237
-1.63978201e+21
-1.80821413e+22
-2.3798029e+22
-1.82912919e+22
241
-2.16210763e+22
-2.68284769e+20
-1.41616355e+21
-2.14856621e+20
245
-4.5667638e+21
-5.85542781e+20
-1.17670973e+22
-1.7226343e+22
249
-9.23706918e+19
-7.00035859e+20
-2.04337419e+21
-1.87223619e+22

1373
-1.07734827e+22
-3.85150856e+20
-3.17654187e+21
-3.07572494e+20
1377
-4.6488115e+21
-1.99437304e+20
-1.27497163e+22
-6.75862075e+20
1381
-1.12726675e+22
-1.3838089e+22
-6.5095759e+21
-3.2958161e+20
1385
-1.32900445e+22
-1.95499516e+22
-7.15250046e+21
-1.94345809e+22
1389
-1.07855925e+22
-1.25969754e+22
-4.09486715e+20
-2.09230792e+20
1393
-1.08121365e+22
-9.25011057e+21
-1.93851533e+21
-2.03170876e+22
1397
-4.44548736e+20
-1.46856013e+21
-1.83394748e+22
-1.97107063e+22

393
-1.95098706e+22
-1.8015548e+21
-9.63687818e+19
-3.11434246e+20
397
-8.38519276e+20
-1.51785356e+22
-4.72065181e+21
-5.28064953e+20
401
-2.42476429e+22
-5.17056043e+21
-8.02793276e+21
-9.00203382e+20
405
-1.61404745e+21
-1.87775696e+22
-7.62028805e+20
-1.25898725e+22
409
-1.40328009e+22
-1.84223234e+21
-1.36765664e+21
-1.90040634e+21
413
-8.325678e+21
-5.07914639e+20
-7.30439946e+21
-9.46720969e+21
417
-3.73925098e+21
-1.10785939e+20
-6.01853901e+20
-7.89050419e+21

701
-1.70021656e+21
-1.30389563e+21
-2.84401929e+22
-2.22516606e+22
705
-1.05989348e+22
-9.70366301e+20
-1.22671472e+22
-1.35799617e+22
709
-2.43243915e+22
-2.50765667e+22
-1.5280053e+21
-1.45724994e+20
713
-1.96229401e+21
-9.20717316e+21
-2.85408061e+22
-1.93810146e+22
717
-8.30719325e+21
-1.11485427e+22
-1.83319799e+20
-8.51207609e+19
721
-8.15470844e+19
-7.98294538e+20
-1.0066804e+22
-2.16897009e+21
725
-8.92063761e+21
-1.8195136e+22
-2.04631014e+21
-1.3146965e+22

1093
-2.57011736e+22
-1.74424187e+22
-1.2905142e+22
-7.14224699e+20
1097
-1.86182827e+22
-8.58364491e+21
-5.96519653e+21
-1.02223708e+21
1101
-1.48104069e+21
-1.16636742e+22
-2.58308207e+20
-1.89009784e+21
1105
-1.19781684e+21
-2.71448201e+21
-1.59681262e+21
-6.86280899e+21
1109
-1.74107265e+22
-4.64792156e+20
-1.03825656e+22
-1.40815489e+21
1113
-4.34945875e+21
-7.27607596e+21
-1.92875933e+21
-5.08355364e+20
1117
-5.54956985e+20
-2.24382787e+22
-1.29723451e+21
-1.10792444e+22

869
-1.49053256e+21
-5.71233675e+20
-1.9977779e+20
-1.10542972e+22
873
-1.91571583e+20
-1.6980925e+21
-9.70368033e+20
-3.61959345e+20
877
-1.78769695e+21
-1.05113465e+22
-8.89468031e+20
-1.17133635e+22
881
-1.91490123e+21
-4.06722485e+20
-7.47339191e+20
-1.31166364e+21
885
-7.7551653e+20
-8.77533237e+19
-1.74374159e+22
-1.4752318e+20
889
-1.00185844e+22
-1.17926678e+22
-1.66933455e+22
-1.7055545e+20
893
-2.32321411e+21
-1.20355888e+22
-1.71545369e+22
-4.35597457e+21

1121
-4.32012184e+21
-1.05988174e+22
-9.04677574e+21
-1.82139225e+22
1125
-1.06931473e+22
-1.35547717e+22
-1.99859221e+22
-3.83389522e+21
1129
-5.70963199e+20
-1.13530167e+22
-4.01566184e+20
-1.7545968e+22
1133
-6.37001927e+21
-4.26279722e+21
-1.1753924e+22
-1.90860128e+21
1137
-5.38950831e+20
-5.80152442e+21
-5.49127748e+20
-1.32892603e+21
1141
-1.90597436e+20
-4.19128113e+21
-1.18850021e+20
-1.48729204e+20
1145
-2.77028359e+22
-3.37631977e+20
-8.02548126e+19
-8.78752845e+20

925
-1.364268e+20
-5.61704131e+21
-1.39858835e+21
-2.86707379e+20
929
-3.74286255e+20
-1.51954481e+21
-1.54245599e+22
-1.20733812e+20
933
-1.64862494e+22
-2.89577818e+21
-1.54183901e+21
-1.72242429e+20
937
-1.607266e+22
-2.04443762e+22
-1.56806154e+21
-7.69595079e+21
941
-9.36615465e+21
-1.18083102e+20
-1.37259535e+22
-1.79001401e+21
945
-9.45229244e+21
-1.78337851e+21
-3.65325331e+21
-5.05915589e+20
949
-9.36775299e+19
-1.63269222e+22
-2.37554065e+22
-6.51120306e+21

533
-5.54992272e+21
-1.86127761e+22
-4.54730793e+20
-1.2251407e+21
537
-1.49462449e+22
-2.77218505e+21
-1.66722957e+21
-5.34840693e+21
541
-8.07401274e+20
-8.5022777e+21
-4.61675634e+21
-5.18868897e+21
545
-8.12006591e+21
-1.48423313e+22
-1.54134232e+21
-6.44091747e+21
549
-2.5743957e+22
-5.09520222e+21
-1.68418738e+20
-1.14919166e+20
553
-1.43939748e+20
-1.78747373e+21
-7.24027628e+20
-1.8772338e+21
557
-5.56803464e+21
-3.99622384e+20
-4.20638217e+21
-1.81887149e+21

897
-9.88040829e+20
-1.76445609e+21
-1.74811658e+21
-1.76638471e+21
901
-3.66674181e+21
-2.12807524e+22
-2.42052975e+22
-9.31268967e+20
905
-1.69033045e+22
-1.94967093e+21
-5.37090691e+21
-7.66906126e+20
909
-2.59438961e+20
-9.68466603e+21
-6.31265764e+21
-4.22637847e+21
913
-1.42724163e+21
-1.64111812e+22
-5.43827894e+21
-1.98928169e+22
917
-1.17798977e+20
-2.6443393e+20
-3.38084131e+21
-9.90213582e+21
921
-3.07911213e+21
-2.46153722e+20
-1.67640367e+22
-1.44744306e+22

337
-9.49605773e+19
-5.5719565e+21
-1.45997637e+22
-2.63427576e+20
341
-1.19286145e+21
-2.50001129e+22
-1.25501233e+22
-1.82328699e+21
345
-7.89506996e+21
-4.39995323e+21
-2.20020936e+22
-2.95948476e+20
349
-1.24282047e+22
-3.28071361e+21
-2.75204649e+20
-2.43826332e+22
353
-1.15313697e+22
-1.88833138e+21
-1.35357936e+21
-3.58746253e+20
357
-4.32466859e+20
-1.65077903e+21
-1.16029314e+20
-1.00475297e+21
361
-1.04015588e+22
-1.15127349e+22
-1.2704991e+22
-1.55214124e+22

1177
-8.71527538e+20
-1.8560655e+21
-1.28621893e+21
-4.68705702e+21
1181
-2.15208182e+22
-2.28884739e+22
-2.4298714e+22
-1.62095294e+22
1185
-8.12779e+21
-1.64842692e+21
-1.92086871e+20
-5.61396452e+21
1189
-2.8280642e+21
-8.67464217e+20
-4.50539038e+20
-3.96264279e+20
1193
-4.36249059e+20
-2.11182891e+22
-1.1546982e+22
-1.83414975e+21
1197
-1.19895173e+21
-1.51093536e+22
-1.61086246e+21
-5.88961948e+21
1201
-2.79340186e+22
-1.5065835e+22
-1.67153137e+21
-4.18331122e+21

757
-4.45581078e+21
-1.77319033e+22
-3.26275615e+21
-1.19673918e+22
761
-1.52658945e+21
-3.55118917e+21
-3.03060734e+21
-2.16352529e+22
765
-8.75044245e+21
-3.76807195e+21
-6.75258328e+21
-8.40606971e+20
769
-7.93719598e+20
-6.72413237e+20
-1.7147926e+22
-1.64721529e+21
773
-1.69627466e+22
-2.66142791e+22
-9.78190103e+21
-1.60087425e+21
777
-2.79127429e+21
-1.99970591e+22
-2.52527437e+21
-4.46005784e+21
781
-1.38664369e+22
-1.81519569e+22
-1.23686444e+20
-6.56071839e+20

645
-8.26666931e+20
-5.51868375e+20
-1.88419134e+21
-1.14971894e+21
649
-7.80302332e+21
-1.55936757e+21
-1.15863234e+20
-1.14760943e+22
653
-9.64361309e+21
-2.23800114e+22
-3.46447763e+21
-2.6807561e+21
657
-2.18038381e+22
-1.81480872e+21
-1.44963109e+21
-9.32759294e+21
661
-4.7360805e+21
-2.30807055e+22
-1.40223269e+22
-5.08228707e+21
665
-5.58981935e+20
-1.85129956e+21
-7.16923967e+20
-1.00936222e+21
669
-6.67360712e+21
-8.32629149e+20
-1.137384e+21
-2.34219285e+22

1037
-3.35040755e+20
-2.11483194e+20
-3.57125208e+21
-5.73166061e+21
1041
-2.03170838e+21
-6.71422525e+20
-3.2054209e+20
-1.95312268e+21
1045
-1.64178439e+22
-9.77404139e+21
-1.37921804e+20
-1.54399101e+21
1049
-1.06074836e+20
-8.61876363e+21
-2.64285694e+21
-1.68209367e+21
1053
-9.09458101e+20
-1.57112055e+21
-2.02357346e+21
-2.40355406e+20
1057
-5.71297755e+21
-1.62473044e+21
-1.86110959e+21
-1.29455466e+20
1061
-2.04357333e+22
-4.24098807e+21
-1.52604247e+22
-1.45551139e+21

421
-5.83546815e+21
-7.27880616e+20
-5.27704439e+21
-1.23054738e+22
425
-9.54874459e+20
-1.82141231e+21
-3.25544004e+21
-3.79047851e+21
429
-1.76230633e+21
-1.15390867e+21
-8.1469529e+21
-2.19895857e+22
433
-1.91302654e+21
-8.19624067e+21
-3.31457902e+20
-5.09050584e+20
437
-7.92437807e+21
-1.5327501e+22
-5.8865403e+21
-7.10419063e+21
441
-5.2672879e+21
-5.5038651e+20
-5.83728279e+20
-3.02723821e+22
445
-2.96842183e+20
-3.27697809e+21
-6.6743322e+21
-4.55979115e+20

617
-2.09824026e+21
-8.87328853e+21
-1.76074405e+21
-1.68053397e+22
621
-1.48803439e+21
-1.50418452e+21
-4.22807348e+21
-4.36602208e+21
625
-1.69911938e+22
-7.53992916e+21
-3.20071695e+20
-2.66469092e+22
629
-6.02888777e+21
-1.69552517e+22
-4.44706138e+21
-2.15795832e+22
633
-1.9563619e+21
-2.7834429e+22
-1.12929627e+22
-2.16012574e+21
637
-1.58908573e+21
-8.67224174e+20
-4.22588928e+20
-4.28900792e+21
641
-1.23011105e+22
-1.70725343e+21
-3.00978788e+21
-2.76673201e+20

589
-4.79483054e+21
-1.75906901e+22
-2.42055801e+20
-1.65368199e+21
593
-3.07098522e+21
-1.77409522e+22
-1.96997523e+21
-1.0929781e+22
597
-5.70683613e+20
-1.79973141e+22
-9.03058084e+20
-1.58083967e+21
601
-9.69726401e+20
-1.76165199e+20
-2.09381164e+22
-6.43214958e+21
605
-2.63333445e+22
-6.34028852e+20
-6.07081885e+20
-9.00821261e+21
609
-1.3599673e+22
-1.69964635e+21
-4.67165044e+20
-1.01443406e+20
613
-1.5800544e+21
-4.07533963e+20
-7.84319822e+21
-7.61396016e+20

1009
-9.60784071e+21
-1.86413417e+22
-1.94551382e+21
-2.11634692e+22
1013
-1.4211632e+22
-1.63504162e+21
-1.03864733e+22
-2.91210175e+21
1017
-1.49477008e+22
-6.33572619e+21
-8.61981417e+21
-2.05995773e+21
1021
-1.88016273e+20
-1.62068678e+22
-2.01986021e+21
-2.18243223e+22
1025
-1.68396323e+21
-1.86382315e+22
-5.48323036e+20
-1.72246656e+22
1029
-1.90335922e+21
-3.22055998e+21
-1.9936467e+22
-1.61444578e+21
1033
-9.82315369e+19
-5.32286974e+20
-5.18277414e+20
-1.25048557e+22

1205
-1.09541694e+21
-1.37978573e+22
-1.80880392e+21
-3.70280505e+21
1209
-2.39844248e+22
-6.86774951e+21
-3.89896193e+20
-1.88443933e+21
1213
-1.7176727e+22
-4.05518247e+21
-6.34485287e+20
-4.84502033e+20
1217
-2.96618224e+21
-4.20394155e+21
-8.64170882e+21
-1.30946599e+22
1221
-1.28985206e+22
-4.59964745e+20
-1.01948525e+22
-1.19803806e+22
1225
-8.11322196e+21
-1.10197094e+21
-3.91664995e+20
-1.46093562e+21
1229
-5.23129478e+21
-5.06609572e+21
-1.52322648e+22
-1.4181596e+20

1065
-1.0842622e+21
-1.57964125e+21
-1.79174051e+21
-4.18139323e+20
1069
-1.0156087e+22
-1.79977803e+21
-1.97587297e+21
-2.14866838e+21
1073
-1.99656835e+20
-5.46416943e+21
-4.39318773e+21
-1.36596001e+22
1077
-1.71623467e+20
-2.36713276e+21
-2.35808043e+22
-1.3633424e+22
1081
-2.7238659e+22
-2.39480605e+22
-2.01292853e+22
-8.33493597e+21
1085
-1.48958768e+20
-1.17735878e+21
-1.97187502e+20
-8.48659278e+21
1089
-1.01438193e+21
-6.08546815e+20
-1.50956936e+21
-1.23898928e+21

953
-1.78410036e+22
-7.59683376e+21
-1.26271744e+22
-1.29137232e+22
957
-1.57881498e+20
-8.85627518e+20
-7.43749785e+21
-9.26559763e+21
961
-3.91343331e+20
-1.48438546e+22
-8.81799274e+21
-1.6899731e+22
965
-4.05388349e+21
-2.23756582e+22
-4.31069675e+20
-1.62414591e+20
969
-8.2311226e+20
-6.46656498e+21
-8.89963648e+20
-2.40533477e+22
973
-2.10660319e+22
-1.86232276e+21
-2.05101933e+22
-1.85646959e+21
977
-1.19020487e+22
-1.82414636e+21
-8.18104776e+21
-1.47227784e+20

1317
-2.75329953e+22
-1.62764165e+20
-1.02217436e+20
-1.74238246e+21
1321
-1.52468244e+21
-1.11985886e+20
-1.5287413e+21
-6.08454143e+21
1325
-1.50748461e+22
-1.88053576e+21
-9.45889377e+21
-1.47797289e+21
1329
-2.2304257e+22
-2.06798515e+21
-1.56934906e+20
-7.60041719e+21
1333
-3.10587395e+21
-9.7694219e+21
-1.4468906e+22
-1.50117678e+21
1337
-9.09274229e+21
-1.0389585e+22
-2.23780636e+21
-7.33563078e+21
1341
-6.64614041e+20
-4.16264925e+20
-2.14266573e+22
-1.47243003e+21

365
-2.11779373e+22
-1.31195576e+20
-1.04047055e+22
-5.07756182e+21
369
-1.06053292e+20
-8.22407984e+21
-1.62129953e+21
-1.93440881e+21
373
-2.13840605e+22
-1.79125452e+22
-1.66424295e+22
-3.25648429e+20
377
-2.50233566e+20
-6.15062724e+20
-4.041981e+20
-1.54200275e+22
381
-1.37398443e+21
-1.22975924e+22
-9.93557644e+21
-2.03459588e+21
385
-3.53042473e+20
-1.24967852e+21
-1.92449851e+21
-2.30609762e+22
389
-1.39551811e+22
-1.65352502e+21
-1.33815362e+22
-8.81140746e+21

1457
-1.12205642e+21
-4.09972927e+21
-1.92452751e+22
-1.72385939e+21
1461
-6.53878688e+20
-1.28296002e+21
-1.1821111e+21
-2.85504291e+20
1465
-1.22026281e+22
-1.16801025e+22
-5.87262116e+21
-6.07602585e+21
1469
-1.26046291e+21
-6.57982563e+20
-2.01646808e+22
-6.25119436e+20
1473
-1.18955379e+21
-1.33070186e+22
-1.76104548e+21
-1.86956463e+21
1477
-1.14051579e+21
-1.70668667e+22
-2.37380875e+22
-1.0620981e+21
1481
-4.61048957e+21
-1.28605809e+22
-2.21490597e+21
-1.47659582e+21

981
-6.67752513e+21
-1.08065493e+21
-1.08664706e+22
-1.07535232e+21
985
-1.13379004e+22
-2.46666471e+21
-2.55352234e+22
-3.93583174e+20
989
-5.41069291e+21
-4.78086209e+20
-1.58046659e+20
-2.03501703e+22
993
-1.09507504e+22
-1.88856172e+21
-1.48040543e+22
-1.41711994e+22
997
-2.31797019e+22
-1.10275249e+21
-1.09825582e+21
-1.86125717e+21
1001
-1.34750987e+22
-1.05926587e+22
-2.80302372e+20
-7.10338402e+21
1005
-4.15542508e+21
-1.26614736e+21
-3.83148648e+21
-2.01294971e+20

1597
-5.42493125e+21
-2.46444424e+21
-5.17400533e+21
-1.84326601e+22
1601
-1.35365327e+22
-2.99631754e+21
-1.64502955e+22
-1.47868885e+22
1605
-2.65858247e+21
-1.15402746e+22
-4.92082802e+21
-1.32657218e+21
1609
-1.82790593e+21
-9.70558773e+20
-1.5739463e+22
-2.40925102e+22
1613
-6.74415348e+20
-4.47001442e+20
-1.78112043e+21
-1.09736762e+22
1617
-1.77140404e+22
-1.69167511e+20
-1.87806191e+21
-4.05261832e+20
1621
-2.09483467e+22
-5.84046416e+21
-6.50193003e+21
-1.60211581e+20

1485
-1.71504414e+22
-1.24669537e+22
-1.00686814e+21
-1.60723723e+20
1489
-3.73973192e+21
-8.97941526e+21
-1.65412842e+21
-6.57638444e+20
1493
-3.20177205e+20
-8.62947696e+20
-1.03550398e+21
-7.92039784e+21
1497
-3.9738851e+21
-4.08243033e+20
-2.00047552e+21
-4.40908675e+21
1501
-6.40656953e+20
-5.19165267e+21
-1.05067824e+22
-1.81227634e+22
1505
-9.13953306e+21
-6.67271166e+20
-8.9572314e+20
-1.83058508e+21
1509
-1.4010901e+22
-1.49073794e+22
-2.23099305e+22
-2.99903484e+20

1149
-1.77139382e+21
-7.18192042e+21
-6.74139814e+21
-9.73362471e+20
1153
-9.27772011e+20
-1.66585274e+22
-3.29218769e+21
-1.58876748e+20
1157
-1.27790247e+22
-1.79199016e+21
-1.56050654e+21
-1.34828201e+22
1161
-2.05592776e+20
-2.89638239e+20
-1.51015798e+20
-9.96656007e+20
1165
-3.86945016e+20
-3.5474773e+21
-1.86389241e+22
-2.17810856e+22
1169
-2.20961109e+22
-7.5096681e+21
-5.51498504e+20
-1.2371069e+22
1173
-1.03720412e+21
-4.69822465e+21
-3.11361824e+20
-1.75275085e+21

1233
-5.61009985e+21
-4.02400602e+20
-3.95752797e+21
-7.07682814e+21
1237
-6.25826532e+20
-1.04082696e+22
-6.13152612e+21
-9.8894934e+21
1241
-2.41879325e+22
-1.92680647e+21
-2.1734795e+20
-7.8545426e+21
1245
-1.15064439e+21
-1.56897149e+22
-2.13509659e+22
-1.54941604e+22
1249
-1.27269887e+21
-1.4733454e+22
-1.60136603e+21
-7.11155542e+21
1253
-1.07738588e+22
-9.36351881e+19
-1.58206384e+21
-1.23035128e+21
1257
-4.54643737e+21
-1.59160766e+21
-1.04767038e+21
-4.66335273e+20

1289
-7.15218779e+20
-2.49459639e+21
-1.62880497e+21
-1.76288625e+22
1293
-2.23066117e+22
-1.75734084e+21
-1.37381919e+21
-1.50063719e+20
1297
-5.29460007e+21
-7.93397815e+20
-9.75081092e+20
-3.90192176e+21
1301
-1.78929587e+21
-2.66767387e+22
-1.791149e+21
-1.72426127e+21
1305
-2.06135589e+21
-6.48810576e+21
-1.0627867e+22
-1.01773455e+22
1309
-1.50127898e+22
-1.15299269e+22
-1.06762072e+22
-5.11646346e+21
1313
-4.32488984e+21
-1.99972909e+21
-1.29235638e+22
-6.9614421e+21

1569
-3.88852082e+20
-6.00620256e+21
-1.98327642e+22
-2.14895289e+20
1573
-8.64199547e+20
-8.413439e+20
-6.35515915e+21
-1.43962962e+22
1577
-1.57593458e+22
-3.63319508e+20
-2.05592893e+21
-1.79134106e+21
1581
-1.18757728e+20
-5.28408703e+20
-3.53475149e+20
-4.13353865e+21
1585
-8.75569925e+20
-9.38654506e+21
-8.86390261e+21
-3.84951171e+21
1589
-1.9315638e+22
-4.00637585e+20
-5.16115333e+21
-1.46806777e+20
1593
-7.30470674e+20
-1.43381258e+20
-1.89359059e+21
-1.25770647e+21

1345
-4.44754381e+20
-1.61199205e+21
-1.54452109e+21
-3.03068995e+20
1349
-2.15442044e+22
-1.49630338e+21
-1.21501211e+22
-1.79157945e+21
1353
-3.90197966e+20
-3.91512942e+21
-6.34098514e+21
-1.21410406e+21
1357
-1.73679832e+20
-2.12436447e+20
-1.72849124e+20
-2.22814002e+20
1361
-9.03963191e+21
-1.99893092e+21
-1.95110506e+22
-1.67464672e+21
1365
-2.23301657e+20
-1.79037859e+21
-4.34721543e+21
-4.25011511e+21
1369
-2.73886987e+21
-2.25449367e+22
-1.11522736e+21
-8.67417893e+21

1541
-2.1186667e+22
-4.41430645e+20
-2.87346418e+22
-3.07449467e+20
1545
-1.83569908e+22
-1.92657475e+21
-1.50685004e+21
-1.37915877e+22
1549
-1.07063501e+22
-2.06938343e+22
-1.36053431e+22
-1.26752805e+21
1553
-2.86435876e+22
-2.49602693e+22
-1.27454421e+21
-5.01894953e+21
1557
-1.20547459e+21
-1.30564383e+22
-7.67561646e+21
-1.41027874e+21
1561
-1.52245154e+22
-2.40036181e+22
-8.4462535e+21
-7.95197105e+21
1565
-5.536513e+21
-1.29067839e+21
-1.43885937e+21
-8.57865342e+20

449
-6.15662895e+21
-6.92052087e+21
-2.10153534e+21
-1.12368881e+20
453
-2.0308834e+22
-2.9676708e+21
-1.66391615e+21
-1.68404127e+20
457
-2.19649946e+21
-1.76696583e+22
-6.39128708e+21
-3.68873406e+20
461
-2.75940848e+21
-6.01171488e+21
-1.91290925e+22
-1.35998567e+20
465
-3.2638577e+20
-1.36665298e+21
-7.81729226e+21
-1.14312614e+20
469
-1.74971936e+21
-7.59824556e+21
-1.00281898e+21
-1.32188794e+20
473
-2.77938436e+20
-2.05038612e+20
-3.42266098e+21
-1.79766845e+21

1513
-1.99301359e+21
-1.34629202e+21
-1.15916109e+20
-1.67017502e+22
1517
-1.83053372e+21
-2.8747412e+21
-3.20127284e+21
-1.9836837e+21
1521
-3.05806995e+20
-1.34986016e+22
-4.88713347e+21
-2.0792764e+22
1525
-1.94735031e+21
-9.44925794e+20
-2.09876765e+22
-1.70920132e+20
1529
-1.95740627e+22
-1.62322614e+21
-1.76182284e+21
-1.76786387e+21
1533
-9.64546913e+20
-7.51019726e+21
-1.47784513e+22
-4.18686689e+21
1537
-1.09560117e+22
-1.11577556e+21
-5.61989327e+20
-5.71939257e+21

1429
-8.86304605e+21
-2.30755231e+21
-8.29630402e+20
-6.51909413e+20
1433
-1.34894628e+22
-1.15107031e+21
-2.77371254e+21
-5.88705311e+21
1437
-1.9416831e+20
-1.16158834e+21
-1.72367815e+21
-3.42492885e+21
1441
-1.52900352e+21
-1.89648417e+22
-4.85172723e+20
-6.8880216e+20
1445
-4.00286327e+21
-5.9968109e+21
-1.78997463e+22
-1.25380182e+21
1449
-1.15052218e+20
-7.85324178e+19
-5.77033707e+21
-5.52419485e+21
1453
-1.31482399e+21
-1.13416933e+22
-1.4001257e+22
-2.98369345e+21

1877
-2.03424725e+21
-1.78362713e+20
-4.53929462e+20
-8.49576759e+20
1881
-1.6800368e+21
-1.75207806e+21
-1.32384619e+20
-1.81115511e+22
1885
-5.20963537e+21
-3.53943973e+21
-2.07539656e+22
-2.23094954e+22
1889
-9.91250434e+19
-1.32944473e+22
-4.73558785e+21
-1.04885425e+21
1893
-1.65064337e+21
-1.72706368e+22
-1.57706751e+22
-6.58778626e+20
1897
-8.09775933e+21
-1.7624726e+21
-6.12952647e+20
-2.47128703e+22
1901
-2.07404645e+22
-2.58046921e+22
-5.22572434e+20
-2.036365e+22

1401
-1.03277501e+22
-1.65209193e+21
-4.97785923e+21
-2.36068374e+22
1405
-1.25524953e+22
-3.6308396e+20
-5.95309265e+21
-2.16380647e+20
1409
-6.81836923e+21
-3.53959191e+21
-1.35242234e+22
-6.10353213e+20
1413
-2.27811185e+21
-1.35700802e+22
-1.09522988e+22
-3.51655247e+21
1417
-1.65049218e+21
-1.32701854e+21
-1.92030735e+20
-1.04071441e+22
1421
-4.88489085e+21
-1.82450741e+21
-5.88080515e+21
-1.59120064e+22
1425
-6.35146128e+20
-9.85320487e+21
-2.79037424e+21
-1.62622098e+21

1961
-2.83066757e+20
-1.6700947e+21
-2.13176432e+22
-1.62305639e+21
1965
-2.19713927e+22
-6.66424731e+21
-1.86018725e+21
-3.99757341e+20
1969
-9.35727377e+21
-1.36165365e+22
-8.98541316e+20
-1.66545935e+21
1973
-7.51072406e+21
-1.74686921e+22
-1.47817111e+21
-1.54638468e+21
1977
-5.93939162e+20
-1.00458776e+20
-2.10574193e+21
-7.75635118e+21
1981
-2.00467543e+22
-1.10515285e+22
-7.02398048e+20
-1.84807471e+21
1985
-6.85559324e+21
-1.97674926e+21
-9.1480805e+20
-3.29298902e+20

561
-1.45678624e+22
-1.3019536e+22
-2.14561748e+20
-4.82777771e+20
565
-2.75941909e+21
-5.13571128e+21
-1.10127381e+22
-2.64738663e+22
569
-1.85457033e+21
-1.76863587e+22
-1.49570878e+22
-1.07167778e+21
573
-2.19748207e+20
-7.4366964e+21
-1.59418123e+21
-1.92095349e+21
577
-1.97458156e+22
-9.30110077e+21
-1.59091335e+21
-1.96405928e+21
581
-8.92520079e+20
-9.59969623e+21
-3.06748544e+21
-4.50121048e+21
585
-1.27839837e+22
-1.4865998e+22
-8.0969372e+20
-1.4704325e+21

1821
-1.10291966e+22
-1.91238575e+22
-7.15081177e+20
-1.36082445e+22
1825
-7.84277822e+21
-6.12796368e+20
-1.70817532e+21
-1.07294261e+20
1829
-1.74234257e+21
-1.62548029e+22
-1.15534427e+21
-1.01925117e+20
1833
-3.8200889e+20
-1.56801558e+21
-1.26072563e+21
-7.52577631e+19
1837
-3.58265401e+21
-1.331116e+22
-6.40048686e+21
-4.68707214e+20
1841
-6.71052511e+21
-1.15048932e+21
-1.76323159e+22
-9.51486048e+21
1845
-1.60677273e+20
-7.75397413e+21
-2.27238088e+22
-3.8606298e+20

1765
-1.71532532e+21
-1.83905935e+22
-4.98021199e+21
-5.41626979e+21
1769
-1.52147717e+21
-1.14511735e+22
-2.08456567e+21
-4.16887848e+21
1773
-1.41561977e+22
-2.74744734e+21
-1.84074559e+21
-1.83215307e+20
1777
-1.31544906e+21
-1.78928309e+20
-1.36889684e+21
-1.61143935e+21
1781
-2.03274746e+22
-1.90998425e+21
-4.32129089e+21
-1.51984855e+22
1785
-2.89541476e+20
-1.06895637e+21
-2.99252704e+20
-1.46066799e+22
1789
-2.77289176e+21
-9.84443773e+21
-1.05797385e+22
-2.25285363e+22

1849
-1.1434018e+21
-2.88994133e+21
-2.23314855e+22
-7.473133e+21
1853
-2.70659512e+20
-1.72612113e+21
-1.60046493e+20
-8.7977019e+20
1857
-9.10931532e+21
-1.70522147e+22
-2.07172385e+21
-4.3167404e+20
1861
-5.75268058e+20
-4.04006366e+21
-1.18026219e+21
-4.65293663e+20
1865
-8.05625075e+20
-4.63216814e+21
-2.06997835e+20
-1.23651066e+20
1869
-6.08657271e+21
-3.65694219e+20
-1.38397916e+22
-1.51598165e+21
1873
-1.92164366e+21
-6.80735673e+21
-1.12621235e+21
-6.83015032e+21

1793
-1.32417314e+20
-7.70089183e+21
-1.12567646e+22
-1.09080839e+22
1797
-1.30551443e+22
-1.01707612e+21
-1.76055086e+21
-2.05263509e+22
1801
-2.12614227e+22
-4.87038794e+21
-1.86302133e+20
-1.97578148e+21
1805
-1.44620078e+22
-1.84000958e+20
-6.4345237e+20
-8.53453041e+20
1809
-9.75487869e+21
-4.91379948e+21
-5.57404692e+20
-1.22540864e+22
1813
-2.06325741e+22
-1.946889e+22
-4.48683251e+21
-5.94360359e+20
1817
-7.08830081e+21
-1.55280383e+21
-1.18225588e+21
-1.71593492e+21

785
-2.84077332e+20
-1.99234603e+21
-7.48284702e+19
-8.39729929e+21
789
-1.71276064e+22
-7.39304853e+21
-1.38678233e+22
-4.66728847e+20
793
-3.58879376e+21
-1.92894367e+22
-2.00237601e+22
-5.48206931e+21
797
-9.78444867e+19
-2.38423043e+22
-9.33465699e+20
-1.40133434e+20
801
-1.11755634e+22
-1.18995022e+20
-2.06639923e+21
-5.75654662e+20
805
-1.49647661e+21
-1.97492791e+21
-4.39620204e+21
-1.28357427e+22
809
-1.84151584e+21
-4.86486063e+21
-1.65237835e+22
-2.35377385e+21

2101
-1.26028232e+20
-9.54476313e+20
-1.94258048e+22
-1.11265267e+21
2105
-1.41463993e+22
-1.48362683e+21
-3.64400357e+21
-2.52434943e+20
2109
-2.04289014e+22
-1.12139585e+21
-1.5797387e+22
-1.38934866e+21
2113
-2.80593509e+21
-1.03542919e+20
-3.6237553e+20
-1.77467908e+21
2117
-9.80481092e+19
-7.88339506e+20
-1.69366416e+22
-2.69776343e+20
2121
-2.13101029e+21
-9.31060025e+21
-1.15714065e+22
-1.02764082e+22
2125
-2.67687097e+20
-1.71545468e+21
-8.5814574e+21
-3.45165997e+21

2017
-8.51491351e+21
-9.82219103e+19
-3.02702505e+22
-1.23515487e+21
2021
-1.85515322e+21
-1.03344969e+22
-2.68398068e+21
-1.53338012e+22
2025
-1.25548811e+21
-6.83245829e+20
-5.02278439e+20
-3.82073604e+20
2029
-7.09107092e+21
-5.03948269e+21
-8.45323467e+21
-1.367456e+22
2033
-3.76619454e+21
-5.66699296e+20
-4.86672099e+21
-3.81339863e+20
2037
-1.03358959e+20
-4.9555376e+20
-1.33770285e+20
-8.358606e+21
2041
-1.81370875e+21
-1.65333992e+21
-5.07315036e+21
-2.36610345e+22

1737
-1.92388592e+21
-2.45080212e+20
-8.6544491e+20
-4.64227386e+21
1741
-2.56758011e+21
-1.27684843e+22
-1.59038737e+20
-2.12275608e+22
1745
-2.71855853e+20
-1.77059458e+20
-2.19400649e+21
-8.08902704e+21
1749
-1.36300895e+21
-2.72036328e+21
-5.19210976e+21
-1.78841889e+22
1753
-2.60569297e+21
-1.03142459e+22
-1.89465814e+21
-1.67394596e+21
1757
-5.99038992e+20
-7.57343082e+20
-1.84308365e+21
-2.0425293e+21
1761
-1.23110332e+20
-1.37369027e+21
-4.21252268e+21
-1.8515378e+22

2073
-1.10193077e+22
-1.06328498e+22
-6.84292558e+20
-9.16598524e+21
2077
-8.45514152e+20
-2.63504623e+21
-1.56863254e+20
-6.3514472e+20
2081
-6.07415553e+21
-5.91864529e+21
-1.05330804e+21
-2.13475056e+22
2085
-5.9232711e+20
-1.80453286e+21
-1.78029526e+21
-1.05044726e+21
2089
-1.39320529e+22
-1.13328813e+22
-2.73697842e+21
-2.61929577e+22
2093
-6.64282617e+21
-5.99363468e+21
-1.74273842e+20
-1.70511363e+21
2097
-3.58739839e+21
-1.11347133e+21
-1.92991394e+22
-7.89153115e+21

1625
-1.35371538e+20
-1.97566535e+22
-9.24557258e+21
-1.66518466e+21
1629
-1.65412946e+21
-7.71585924e+20
-1.4864199e+22
-5.91328987e+21
1633
-6.68966691e+19
-3.03178514e+21
-2.91665194e+21
-8.94616762e+20
1637
-8.48436314e+20
-7.46911997e+21
-6.2902734e+20
-1.30437582e+22
1641
-1.15374177e+20
-8.37270882e+21
-1.70303301e+21
-7.55152263e+20
1645
-6.48955386e+20
-1.73414995e+21
-7.76777771e+20
-3.65372595e+21
1649
-9.41846943e+21
-2.22731938e+21
-1.62984076e+22
-2.03067084e+21

1681
-1.27579391e+20
-1.34217405e+21
-1.46086865e+22
-4.62670304e+21
1685
-3.89107653e+20
-7.22038876e+21
-1.72758632e+20
-1.06424812e+21
1689
-1.37942817e+21
-1.39886461e+22
-1.22141919e+22
-1.16116947e+22
1693
-4.6382981e+21
-3.57858359e+21
-1.96094745e+22
-3.45958888e+21
1697
-2.59312521e+22
-1.34740409e+21
-1.17936404e+20
-1.08684692e+22
1701
-4.76008254e+20
-7.2867523e+21
-1.16646729e+22
-2.53074291e+22
1705
-1.09015378e+21
-1.84952648e+21
-2.15243396e+20
-7.2555326e+21

1933
-7.09299527e+20
-9.76922842e+19
-4.67414593e+20
-1.8149889e+22
1937
-4.95769357e+21
-1.95249553e+21
-1.54005066e+21
-3.48716324e+20
1941
-1.87265174e+22
-4.49534075e+21
-1.13289527e+22
-1.47577137e+21
1945
-6.00901704e+21
-2.21812839e+21
-1.09338447e+22
-6.72308511e+21
1949
-1.57953657e+20
-2.12444607e+22
-1.9729514e+21
-8.65056448e+21
1953
-2.02362996e+21
-4.81900987e+20
-9.00345569e+21
-1.7001209e+22
1957
-2.59738773e+22
-1.79099309e+21
-1.87822662e+20
-7.20252642e+20

1989
-8.81757081e+19
-1.41478088e+22
-1.32744908e+20
-3.403554e+20
1993
-2.75901862e+21
-1.48413042e+22
-1.83070864e+21
-4.09109575e+20
1997
-1.11272445e+22
-1.38198368e+21
-6.80365845e+20
-1.60138846e+21
2001
-2.54784388e+22
-1.84070047e+20
-1.39139001e+20
-7.66526487e+20
2005
-1.64421059e+21
-1.0146237e+22
-2.41220809e+22
-7.07587263e+21
2009
-1.53617333e+21
-1.54241465e+22
-1.57906186e+21
-3.24399564e+20
2013
-1.37058858e+22
-1.14006054e+21
-1.28785928e+21
-1.82796865e+22

2157
-1.72182178e+21
-1.11862627e+22
-3.20723139e+21
-1.56397417e+22
2161
-1.0797355e+21
-5.34212683e+20
-6.84061777e+20
-1.89460368e+21
2165
-5.35948149e+20
-1.29765948e+22
-1.03371062e+20
-1.49298135e+21
2169
-6.02238461e+21
-1.60794766e+21
-8.47204099e+20
-1.41012584e+21
2173
-1.09839061e+21
-5.25194436e+21
-1.67766747e+21
-1.77924359e+21
2177
-1.5338023e+20
-3.93893687e+21
-7.15196654e+21
-2.61962269e+21
2181
-3.32779935e+20
-1.10374243e+22
-1.13397582e+22
-6.94596028e+21

2129
-1.48023091e+22
-5.12921815e+20
-2.81908528e+21
-1.27302587e+20
2133
-7.19496643e+21
-2.48777814e+20
-6.9157537e+21
-1.09872081e+22
2137
-1.93834128e+22
-8.16604083e+21
-1.46840427e+21
-2.58161435e+22
2141
-1.19442328e+21
-7.39385682e+20
-6.25678439e+21
-2.2291174e+22
2145
-3.75041362e+20
-1.95833068e+21
-1.77352761e+21
-5.64211853e+21
2149
-1.96246598e+22
-2.78467092e+20
-7.92636983e+20
-4.15599445e+21
2153
-5.72297071e+20
-2.32478209e+21
-1.152607e+22
-1.37177419e+20

2045
-1.53898876e+21
-1.0290661e+22
-2.72835578e+22
-1.37792602e+22
2049
-2.57293551e+21
-2.30022595e+20
-7.52650125e+21
-1.69729024e+20
2053
-1.668699e+21
-1.45380423e+21
-7.69844437e+21
-3.09983437e+21
2057
-6.57202159e+21
-1.14110877e+21
-4.16259572e+21
-1.61605267e+21
2061
-1.25994075e+21
-1.50614344e+21
-9.35593769e+21
-3.85059579e+21
2065
-1.31992481e+22
-1.53492997e+21
-3.92133748e+20
-5.58483191e+20
2069
-2.56859391e+21
-1.19781864e+21
-1.62507158e+21
-8.61777931e+21

1709
-7.016851e+20
-2.52952926e+20
-2.44247035e+22
-1.86015216e+21
1713
-4.06799734e+20
-3.88757975e+21
-1.89964128e+21
-7.79964978e+20
1717
-1.20802102e+22
-1.84921578e+21
-2.02725331e+21
-2.50215146e+22
1721
-8.84568534e+20
-1.8520902e+21
-1.11393087e+21
-1.37107665e+21
1725
-9.18720436e+20
-1.90345277e+22
-1.08078021e+21
-1.86552969e+22
1729
-1.57227536e+22
-1.03007655e+22
-3.20886987e+21
-2.83606483e+20
1733
-2.18979443e+22
-3.24186643e+20
-4.61711045e+20
-4.18816712e+20

1653
-1.34671752e+21
-1.7604714e+21
-2.11210845e+20
-7.18220183e+21
1657
-1.82750312e+21
-9.10570951e+21
-2.46052437e+21
-1.63023344e+21
1661
-7.33288287e+21
-4.11782172e+20
-3.59848736e+20
-7.20475598e+20
1665
-1.08141505e+21
-3.01046137e+21
-3.81247583e+20
-2.16283981e+20
1669
-1.01483692e+21
-4.34753537e+21
-1.59530467e+20
-1.93246183e+22
1673
-1.98109814e+21
-2.75827866e+21
-1.46088039e+21
-1.1527258e+21
1677
-1.33938905e+21
-1.0526422e+22
-1.17412972e+21
-7.16160226e+21

1905
-6.91124995e+21
-1.11098804e+21
-1.91961267e+21
-1.37227476e+21
1909
-2.22090595e+22
-1.99643262e+21
-6.09514541e+20
-1.49490993e+20
1913
-2.02920291e+21
-1.86202575e+22
-4.70275424e+20
-1.75004702e+22
1917
-7.03131489e+20
-1.64749212e+22
-2.45596073e+21
-1.30261309e+22
1921
-7.28950187e+20
-5.95599578e+20
-1.00150474e+22
-9.94703461e+20
1925
-2.19122139e+22
-1.76446426e+21
-3.75639632e+21
-3.05839723e+21
1929
-1.23222956e+22
-7.82292586e+20
-1.8643932e+22
-1.24853351e+21

2185
-1.14914752e+22
-2.82988198e+22
-8.20831104e+20
-2.72167977e+22
2189
-7.2657185e+20
-8.75267185e+21
-2.37607512e+21
-4.70297666e+21
2193
-1.6392014e+22
-7.02080182e+20
-7.91888597e+20
-5.94648552e+20
2197
-1.29113963e+22
-2.24715771e+21
-1.15756145e+22
-2.45742342e+22
2201
-4.63041768e+21
-2.17452107e+21
-1.50968366e+21
-2.52836933e+22
2205
-2.88308126e+20
-2.7063682e+20
-2.00935678e+21
-1.70676813e+20
2209
-1.41065048e+22
-2.97058089e+21
-4.21112153e+21
-1.96115219e+21

2213
-2.53427037e+22
-7.36225434e+21
-1.34643203e+22
-6.2441052e+19
2217
-1.16588676e+22
-1.55201032e+22
-2.41703708e+21
-1.97834011e+20
2221
-1.20757589e+21
-7.46780446e+20
-3.1135392e+20
-1.21691171e+21
2225
-1.67686111e+22
-1.48281767e+20
-1.68285058e+21
-4.20628805e+21
2229
-7.12112941e+20
-2.24225649e+20
-7.56724433e+21
-3.49182617e+21
2233
-1.19926414e+21
-5.02962081e+21
-2.09337745e+21
-2.18173231e+22
2237
-1.44320505e+21
-2.4710876e+21
-1.86499824e+21
-2.92117039e+21

197
-1.96559832e+21
-2.33835341e+22
-8.56282239e+21
-1.26932919e+22
201
-1.03743497e+21
-8.90948197e+21
-1.39533368e+22
-1.15402576e+21
205
-1.72627731e+20
-1.31077371e+21
-2.75144891e+21
-5.35628489e+20
209
-8.10312211e+20
-2.93998097e+22
-3.83269621e+21
-9.06864675e+21
213
-8.3390972e+21
-7.464754e+20
-7.66962569e+20
-1.05238199e+22
217
-2.47280129e+22
-1.49992425e+21
-6.6041851e+20
-1.4733054e+22
221
-1.79702506e+21
-1.32553164e+22
-5.06606827e+21
-2.11924101e+21

281
-2.26594934e+20
-1.47279096e+21
-1.97114752e+22
-4.68551484e+20
285
-7.76988583e+20
-4.23985312e+20
-2.30054335e+21
-1.84621514e+21
289
-1.6087959e+20
-4.07606802e+20
-8.4384514e+20
-1.35085704e+21
293
-9.69142066e+20
-5.42135838e+21
-2.76876688e+22
-3.94830344e+21
297
-8.86603471e+20
-1.82812372e+21
-1.92363838e+20
-9.1683138e+21
301
-1.08495157e+21
-7.97252962e+21
-1.99918854e+21
-1.00602146e+22
305
-8.23572699e+21
-2.9005954e+20
-4.82053893e+21
-2.02192622e+22

253
-1.40345069e+22
-1.85123804e+21
-1.16385848e+22
-1.72987973e+21
257
-8.18750532e+21
-1.33777809e+22
-1.52583391e+21
-3.06260713e+20
261
-1.76403981e+21
-1.3191001e+21
-1.17918749e+22
-4.06282084e+21
265
-6.11028924e+20
-9.72126558e+20
-1.10603044e+20
-9.94031938e+21
269
-1.2776074e+22
-1.91000628e+20
-3.49775826e+21
-1.59392315e+22
273
-1.07743535e+20
-9.37903957e+21
-1.53528964e+21
-2.0514989e+21
277
-2.28008799e+20
-2.55359633e+22
-2.81585369e+21
-2.39763721e+22

309
-2.12456142e+22
-5.76290279e+21
-9.02476765e+21
-1.28762899e+22
313
-1.44781489e+21
-1.95833433e+21
-1.7861627e+22
-1.95067607e+22
317
-1.3825109e+22
-5.76791798e+21
-2.63057882e+20
-1.2951204e+22
321
-2.78995066e+20
-9.30231132e+21
-3.75147557e+21
-1.47166664e+21
325
-4.18255944e+21
-1.61421137e+21
-1.64404341e+21
-1.41077119e+22
329
-1.70152179e+21
-2.5869255e+20
-1.21047568e+21
-6.38334326e+20
333
-2.21647509e+22
-1.42115545e+21
-1.70568503e+22
-7.62783519e+21

3193
-2.00361139e+21
-1.6441779e+21
-7.1733816e+20
-1.63929336e+22
3197
-1.3188908e+21
-1.82033991e+22
-1.34522338e+21
-7.42950034e+21
3201
-1.42764609e+22
-9.81816087e+21
-1.40124283e+22
-2.21177e+21
3205
-4.29523932e+20
-5.943173e+20
-4.78646303e+21
-6.76980168e+21
3209
-1.98202788e+20
-4.98406999e+21
-1.52414568e+22
-1.56652661e+21
3213
-2.15386412e+20
-2.53323697e+22
-1.24608022e+22
-2.01387461e+21
3217
-5.79302063e+21
-1.88512693e+21
-1.59251057e+22
-4.37409556e+21

1
-1.60738408e+20
-1.45868746e+21
-1.7184328e+21
-8.63534606e+20
5
-1.36712158e+20
-1.62362431e+22
-2.03151089e+21
-8.98605142e+21
9
-1.1857291e+22
-3.38719418e+21
-1.97167633e+21
-7.23913932e+20
13
-2.50783222e+21
-2.43198197e+22
-7.28978126e+21
-6.51331251e+21
17
-5.18229451e+20
-8.48413814e+20
-1.10526905e+21
-6.11488021e+20
21
-4.09882857e+21
-8.67430179e+20
-1.28338867e+22
-1.42909498e+21
25
-1.52893292e+21
-7.8928665e+21
-1.68612682e+21
-3.49259305e+21

3221
-2.7223031e+20
-3.17663019e+21
-4.00419846e+21
-2.30850643e+21
3225
-6.6330207e+20
-1.96419712e+21
-1.64044657e+21
-6.80184629e+20
3229
-1.24476938e+22
-1.98978802e+22
-6.05863041e+21
-1.15393601e+22
3233
-1.38586173e+21
-7.90942466e+21
-1.23051901e+22
-4.01883085e+20
3237
-1.89104138e+21
-8.2863357e+21
-1.61795632e+20
-2.65342314e+21
3241
-7.14395938e+21
-9.35883048e+21
-1.55556702e+21
-1.6223025e+21
3245
-1.0575014e+21
-1.37264912e+21
-4.42708225e+20
-1.33526026e+22

3137
-2.09967037e+22
-7.23445864e+21
-3.46825723e+20
-5.64281072e+20
3141
-3.78794464e+21
-5.4760559e+20
-1.29743292e+20
-1.49720917e+21
3145
-1.91276696e+22
-1.16188528e+20
-7.59296613e+19
-3.12968743e+21
3149
-1.43144188e+22
-2.56252727e+20
-1.39380092e+22
-5.43604921e+21
3153
-2.3411544e+22
-1.52580991e+22
-1.58124182e+22
-7.63093992e+20
3157
-1.96988703e+21
-1.25910764e+22
-5.85889403e+21
-1.93322562e+20
3161
-5.30029772e+21
-2.09807798e+21
-4.2372282e+21
-3.84779465e+21

2493
-9.25693844e+21
-9.82992219e+21
-5.16503267e+21
-2.58467998e+22
2497
-7.68061402e+21
-4.81074622e+20
-1.21617261e+21
-9.68899905e+20
2501
-4.65786994e+20
-2.59181522e+21
-1.42303384e+21
-1.74065548e+20
2505
-8.40650409e+21
-1.0339253e+20
-9.45404369e+19
-3.46659534e+21
2509
-4.29345242e+20
-6.84464951e+21
-8.92528734e+20
-1.52844868e+21
2513
-2.93643648e+21
-7.20757938e+21
-4.33951485e+21
-1.41621488e+22
2517
-1.93684677e+21
-9.00469551e+21
-7.25766673e+21
-2.70073386e+22

2549
-1.68952591e+22
-1.4325454e+21
-1.60653413e+21
-1.38623124e+22
2553
-4.34674143e+21
-3.59055863e+20
-1.03201066e+20
-1.16855049e+22
2557
-4.81445586e+21
-1.50209037e+20
-1.12025775e+20
-1.80987164e+21
2561
-8.92524783e+21
-4.75050337e+20
-3.08976972e+20
-2.03640257e+22
2565
-1.63065787e+20
-7.44538488e+20
-2.45575956e+20
-1.70510832e+22
2569
-6.76026396e+20
-8.94354017e+21
-1.44540904e+21
-2.03663132e+21
2573
-2.48257587e+21
-1.38835577e+22
-8.22791264e+21
-1.19324726e+22

2605
-4.40425134e+21
-1.35501955e+22
-1.80465177e+22
-1.65132507e+20
2609
-5.39264464e+21
-2.49188258e+21
-7.22792521e+20
-2.41585237e+21
2613
-1.30167383e+21
-6.60298717e+21
-1.80002112e+22
-8.63996584e+21
2617
-1.62645837e+22
-2.01861737e+21
-1.29829905e+21
-4.50202284e+21
2621
-6.14504644e+21
-5.8358473e+21
-7.92125205e+20
-1.90947714e+22
2625
-8.8813777e+21
-1.34976501e+22
-5.12403535e+20
-1.447582e+21
2629
-2.1699432e+22
-1.73963826e+21
-8.41914033e+20
-1.5873572e+22

3109
-1.28097825e+22
-9.00219024e+20
-2.99961876e+21
-1.83074273e+22
3113
-3.74799009e+21
-1.80841273e+21
-1.33885526e+20
-6.96892819e+20
3117
-1.87605387e+22
-1.73809667e+20
-1.99465309e+21
-1.6248092e+22
3121
-6.75215004e+20
-1.02804223e+21
-6.22980699e+20
-1.13895078e+22
3125
-1.01847877e+21
-2.43127267e+22
-4.63250737e+20
-1.42553517e+21
3129
-1.7579614e+22
-2.69848198e+20
-8.2896038e+21
-1.7458862e+21
3133
-8.43614908e+21
-6.67699973e+20
-3.4290676e+21
-3.90098919e+20

2717
-1.37113819e+22
-8.36734974e+21
-9.12631835e+21
-1.89669785e+22
2721
-3.39935375e+21
-6.54871058e+21
-1.47139049e+22
-2.74829431e+21
2725
-1.0885849e+22
-1.01080214e+20
-1.70026535e+21
-9.96663428e+21
2729
-4.67912853e+21
-1.21602594e+22
-3.71884096e+20
-8.19969495e+20
2733
-2.91470808e+21
-1.81807073e+22
-6.93029254e+20
-5.27388995e+20
2737
-1.6173098e+22
-1.89671889e+22
-1.04994663e+20
-4.82916775e+20
2741
-2.06292187e+21
-6.99307294e+20
-1.27216105e+21
-7.86574239e+20

2521
-2.12291012e+22
-1.19058974e+21
-1.98392354e+21
-1.45591155e+21
2525
-1.22926559e+20
-1.84314778e+21
-3.75327362e+21
-8.52228104e+20
2529
-2.17664419e+22
-2.39160425e+22
-5.27435044e+20
-1.33645883e+22
2533
-2.03983931e+20
-1.52981734e+22
-2.8430498e+20
-2.3937788e+22
2537
-1.72257761e+22
-2.24445828e+22
-2.43810824e+21
-9.46340446e+20
2541
-6.09949935e+21
-1.97379797e+20
-1.97593766e+22
-2.95492805e+22
2545
-7.48890518e+21
-1.26126408e+22
-2.00498647e+22
-9.98566494e+20

2577
-1.79929815e+22
-2.06991055e+20
-1.62109283e+21
-9.59843556e+21
2581
-3.41983732e+20
-1.33192827e+22
-2.39502253e+22
-9.97866213e+21
2585
-1.48224873e+21
-2.07504712e+22
-1.19158219e+22
-1.35647024e+22
2589
-1.22923265e+22
-1.55816386e+22
-3.69736228e+20
-2.60191047e+20
2593
-6.03414098e+21
-1.21509714e+21
-2.26384791e+22
-5.14251688e+21
2597
-5.8739208e+21
-6.91466482e+21
-1.84651548e+20
-3.92485134e+20
2601
-5.56198404e+21
-1.60599346e+21
-1.41642108e+22
-3.08318763e+21

2745
-2.55781775e+22
-7.97217698e+21
-1.92669852e+21
-1.08901296e+22
2749
-5.44854793e+21
-1.7235131e+22
-1.8215457e+21
-3.76063837e+21
2753
-4.65454894e+20
-4.85233184e+21
-1.24413573e+22
-1.21705692e+21
2757
-1.95588799e+22
-1.23966611e+21
-1.57557853e+20
-7.40177461e+20
2761
-3.95060725e+21
-5.3503348e+21
-1.12170777e+21
-3.66509609e+20
2765
-6.82983453e+21
-1.46252121e+22
-2.05014049e+22
-1.53566015e+22
2769
-1.55429047e+21
-1.22174309e+21
-2.09272219e+22
-7.24066365e+20

2969
-8.69611796e+21
-1.8711555e+22
-2.55417414e+22
-2.18540391e+22
2973
-2.04805072e+22
-1.93418505e+20
-1.34480263e+21
-3.66618554e+20
2977
-1.45684435e+21
-7.14736262e+21
-5.50929467e+21
-1.86275553e+21
2981
-9.64845269e+21
-1.29674668e+22
-1.33428224e+22
-3.07030079e+20
2985
-1.11288692e+21
-2.89243605e+21
-5.57379593e+21
-2.05598073e+22
2989
-1.31031729e+20
-1.69297372e+22
-1.71916237e+21
-9.59625363e+20
2993
-1.88895723e+21
-2.16854649e+20
-1.72740015e+21
-8.72639477e+20

2885
-1.79647496e+21
-9.80288759e+21
-1.94289241e+21
-1.38965428e+21
2889
-1.77208016e+20
-1.35443841e+22
-7.92964615e+21
-1.71535349e+22
2893
-1.2387424e+21
-2.32849113e+22
-2.81959489e+20
-1.93725641e+21
2897
-6.76076046e+20
-9.82745683e+21
-1.45458832e+22
-2.06029034e+22
2901
-6.39022159e+21
-9.22857167e+20
-1.24879717e+20
-4.84635627e+20
2905
-5.41856606e+21
-3.13943266e+21
-3.20144318e+20
-2.66310018e+21
2909
-8.78715192e+20
-1.14656825e+21
-1.25023195e+21
-1.45849281e+21

2381
-1.05984575e+22
-1.62966115e+21
-5.73944787e+21
-1.68680147e+21
2385
-1.71299212e+22
-1.51938268e+21
-1.83930506e+21
-2.03587718e+22
2389
-5.02679592e+21
-2.07323225e+21
-7.63163125e+20
-4.29489808e+21
2393
-6.30721349e+21
-2.24450306e+22
-2.35841129e+21
-3.43653412e+20
2397
-3.66940096e+21
-3.04273517e+21
-4.20117659e+21
-1.90947682e+21
2401
-1.79752559e+21
-1.81121008e+22
-3.19506135e+22
-1.76190507e+21
2405
-2.05466982e+22
-1.16989616e+21
-1.29268664e+22
-1.02036511e+22

2913
-1.563737e+22
-1.89494421e+22
-1.2523602e+21
-9.83303267e+21
2917
-9.77837406e+21
-1.74559466e+22
-9.80899519e+21
-3.7503444e+20
2921
-2.20329512e+22
-1.72829074e+21
-1.4106268e+21
-3.46128367e+20
2925
-1.7986972e+20
-3.44479998e+21
-1.83869069e+21
-9.10787123e+20
2929
-3.30388855e+21
-5.23089326e+21
-1.19034657e+21
-1.74731474e+21
2933
-1.39147711e+22
-1.81998876e+21
-8.28694477e+20
-2.03577401e+21
2937
-4.82181421e+21
-1.9850682e+22
-5.41330952e+20
-2.71190196e+21

2633
-1.97989213e+21
-4.46131469e+21
-2.18252583e+20
-1.5448791e+20
2637
-4.97400286e+21
-1.23575381e+21
-3.14111007e+21
-2.47397015e+22
2641
-8.01455022e+20
-6.76526577e+20
-6.12189873e+20
-1.11993929e+21
2645
-2.38095479e+22
-1.67499841e+22
-1.26611217e+21
-8.77818112e+21
2649
-7.52275414e+21
-1.86114358e+22
-1.53805344e+21
-1.53826047e+20
2653
-5.61692531e+20
-2.3841795e+22
-2.64633407e+22
-3.19942595e+20
2657
-1.55531449e+21
-1.16227425e+20
-1.25253195e+20
-9.68926805e+21

2773
-2.58511505e+20
-1.20901335e+21
-1.13597085e+22
-1.89480996e+21
2777
-1.84858088e+21
-1.04687847e+22
-1.40642717e+21
-3.27289834e+21
2781
-2.77136049e+20
-2.62807492e+22
-6.60852447e+21
-7.68533459e+20
2785
-4.85479846e+21
-4.28368802e+21
-8.33867497e+20
-9.81251242e+21
2789
-4.79974112e+20
-1.70633159e+21
-3.18527633e+20
-9.961275e+20
2793
-8.04371453e+20
-1.83657795e+22
-3.03520919e+21
-9.92884318e+21
2797
-1.58390247e+22
-5.89726766e+21
-8.82432661e+20
-4.86557158e+21

3053
-1.98730465e+22
-8.98555026e+21
-1.71061184e+20
-1.41138011e+21
3057
-1.74624537e+21
-2.57421352e+22
-1.26211693e+21
-4.77979166e+20
3061
-8.59161126e+21
-1.92502848e+22
-1.86956903e+21
-1.56484381e+21
3065
-1.93242087e+21
-1.57136047e+21
-9.76164691e+21
-5.1298826e+20
3069
-1.99994417e+22
-2.66816675e+21
-2.71410784e+20
-1.59694303e+21
3073
-1.79162369e+21
-2.26312185e+22
-3.77990152e+21
-1.50310584e+22
3077
-1.32692109e+21
-2.27628681e+20
-5.136507e+20
-2.07665758e+21

3025
-7.61136904e+21
-1.64902596e+22
-1.50254309e+21
-1.66764127e+20
3029
-2.64478795e+21
-1.45989588e+21
-2.95618577e+20
-1.13489124e+21
3033
-4.56681839e+21
-1.15040767e+22
-1.20108628e+20
-6.3333201e+21
3037
-4.87426896e+20
-2.41628964e+22
-7.64761045e+21
-1.13104522e+22
3041
-1.39492892e+21
-1.73161294e+22
-1.54824388e+20
-1.96096054e+21
3045
-4.45133167e+21
-1.03120413e+21
-7.19851457e+21
-1.85299429e+21
3049
-2.03760459e+21
-1.66051834e+20
-1.11315964e+21
-2.24729113e+20

3081
-1.06097994e+20
-2.15937077e+22
-8.53700746e+21
-3.08207617e+21
3085
-7.78681903e+20
-1.63578866e+21
-2.0188915e+21
-1.34695471e+22
3089
-1.09849911e+21
-2.78956875e+20
-9.67725516e+21
-2.18925833e+20
3093
-2.07714365e+22
-1.07727023e+21
-3.44445751e+20
-8.82385112e+21
3097
-4.02492911e+20
-7.42907639e+21
-4.70407231e+20
-2.37518388e+22
3101
-1.64203874e+22
-2.03755691e+20
-3.76837222e+20
-8.20828371e+21
3105
-1.41800693e+21
-1.38646007e+21
-1.1483298e+22
-7.77689177e+21

2997
-1.01588483e+22
-7.31621806e+21
-2.06081983e+21
-1.05653756e+20
3001
-1.52378406e+21
-5.33049462e+21
-8.200522e+20
-2.00032609e+22
3005
-9.08232516e+20
-1.97673352e+21
-2.42016414e+20
-1.01046538e+21
3009
-2.91011599e+20
-2.06982018e+22
-1.64689242e+21
-8.95973293e+21
3013
-6.07129754e+20
-3.54477552e+21
-1.05594915e+22
-1.99632922e+22
3017
-9.02891055e+20
-1.67594318e+21
-5.69909855e+21
-5.94618835e+21
3021
-2.06350201e+21
-1.43954434e+22
-2.81332882e+21
-1.5228806e+21

2801
-1.99273123e+21
-1.39591504e+22
-4.73333217e+20
-8.31561805e+20
2805
-1.74316964e+22
-8.89314836e+21
-8.3366968e+20
-1.58145568e+20
2809
-6.22199855e+20
-1.53369358e+22
-9.52535476e+20
-1.66784727e+21
2813
-2.96551679e+20
-3.63309741e+20
-3.06469885e+20
-1.21134231e+22
2817
-2.74582989e+22
-1.00418517e+22
-1.2569997e+21
-2.01969797e+20
2821
-2.08413005e+22
-4.94491378e+21
-1.74749205e+21
-7.39146153e+21
2825
-1.41341694e+21
-3.76757482e+20
-1.84608617e+21
-1.83725212e+21

2661
-6.26570913e+20
-5.58029781e+21
-6.88786427e+21
-1.08664119e+21
2665
-7.96657251e+20
-1.37389641e+22
-1.45564631e+21
-1.12429595e+22
2669
-1.12627651e+22
-1.58648336e+22
-1.98010465e+22
-2.1331065e+21
2673
-2.16620375e+22
-2.68446395e+22
-1.93763435e+21
-2.31220089e+21
2677
-6.89600808e+21
-1.31522821e+20
-5.98754209e+21
-1.70910475e+21
2681
-1.58856654e+21
-3.08928242e+21
-3.25182431e+21
-2.44207077e+21
2685
-4.10373462e+20
-1.11252452e+22
-6.67878903e+21
-7.85476235e+20

2689
-1.68463576e+21
-7.19407548e+21
-3.39801653e+20
-4.89877303e+21
2693
-1.56171416e+20
-1.30598344e+22
-2.2173267e+22
-1.21673148e+22
2697
-3.12685596e+21
-2.02754238e+21
-1.22971673e+20
-7.76310255e+21
2701
-2.26920691e+21
-1.66853955e+21
-1.32692594e+22
-6.45003314e+21
2705
-1.54560895e+21
-1.48722695e+21
-4.66712228e+20
-1.73276857e+21
2709
-1.56458743e+22
-1.06803847e+22
-7.19666058e+21
-2.20758659e+22
2713
-1.38987735e+21
-9.46663434e+20
-3.60594981e+20
-9.43727887e+20

2829
-1.51252449e+21
-1.63997717e+22
-9.46048954e+20
-3.82799987e+21
2833
-4.27162816e+20
-1.64850312e+22
-1.58502531e+21
-9.30594389e+20
2837
-9.99016402e+21
-2.0806234e+21
-1.03493707e+22
-1.31259847e+20
2841
-8.08474523e+21
-2.71225606e+21
-1.08381653e+21
-1.96371082e+22
2845
-6.98435594e+20
-7.65663355e+21
-1.22131149e+22
-1.92907473e+20
2849
-4.2677797e+20
-1.57239859e+21
-2.2342691e+21
-1.77389881e+21
2853
-2.16615306e+20
-1.22513977e+21
-1.12833883e+21
-2.43285696e+20

2857
-1.00105981e+21
-1.07486982e+20
-1.2030909e+22
-4.47242428e+20
2861
-8.63066935e+21
-2.23208887e+21
-3.52374066e+20
-7.57217382e+20
2865
-3.27763563e+20
-4.07087992e+20
-1.69348129e+22
-5.78349059e+20
2869
-2.10016295e+21
-9.87593917e+21
-1.4664219e+21
-5.20994219e+20
2873
-1.10152367e+21
-1.19111878e+22
-1.93560747e+22
-2.51332355e+20
2877
-4.99007315e+21
-1.95781899e+21
-2.38815169e+20
-1.20934933e+22
2881
-2.12428205e+22
-1.06554487e+21
-6.11294502e+20
-6.40517937e+20

2297
-1.40905526e+22
-2.00079648e+21
-1.9171375e+22
-8.58169087e+21
2301
-3.4624768e+20
-1.28732416e+21
-2.6266828e+22
-5.48979368e+21
2305
-1.76716785e+21
-1.66439666e+21
-1.84401602e+21
-1.00011226e+22
2309
-9.8776385e+21
-1.29282565e+20
-1.69780879e+22
-2.27154299e+22
2313
-8.48498014e+20
-2.99731551e+22
-1.0914997e+22
-2.53881761e+20
2317
-9.01298965e+21
-3.22949147e+21
-1.88751503e+21
-1.38223065e+22
2321
-1.21400628e+22
-8.20674311e+21
-1.76295609e+21
-2.92545602e+22

2437
-3.23507564e+21
-2.68385911e+22
-1.18445638e+22
-7.55544156e+21
2441
-3.27648346e+20
-2.00601496e+21
-1.9610559e+20
-1.55601785e+21
2445
-3.47126554e+20
-2.24049834e+20
-5.1426959e+20
-9.29084713e+21
2449
-6.92306233e+20
-1.27708951e+21
-1.53273126e+22
-1.04406902e+22
2453
-1.96281554e+22
-1.54853717e+20
-1.18929948e+21
-3.22052324e+20
2457
-7.21163508e+21
-1.37303348e+20
-7.25701826e+21
-2.84430665e+20
2461
-1.8704498e+22
-1.84017789e+22
-9.06567348e+21
-2.19237779e+22

2409
-2.48359568e+20
-1.3279015e+22
-8.58317797e+21
-4.34067457e+21
2413
-1.99930695e+20
-1.29567247e+21
-8.74937848e+21
-8.59195438e+21
2417
-1.21018074e+21
-2.51951272e+20
-1.58537661e+21
-6.95074827e+21
2421
-3.65112162e+20
-4.93621719e+21
-5.72127243e+20
-8.32778115e+20
2425
-9.71363103e+21
-6.98504263e+21
-1.4847557e+22
-1.501293e+22
2429
-7.48984035e+21
-1.77814523e+22
-1.44399509e+21
-5.75610061e+21
2433
-2.27524406e+21
-1.93913266e+22
-1.42980791e+21
-1.09418955e+22

3277
-9.39720662e+20
-2.39547207e+21
-1.40610185e+21
-7.53103736e+21
3281
-1.65740301e+22
-2.47073947e+21
-3.19392106e+21
-9.56161629e+20
3285
-1.99695297e+22
-1.34011222e+22
-6.49325612e+20
-2.65589503e+20
3289
-2.14885341e+22
-2.73951408e+20
-6.00806091e+21
-6.15095305e+21
3293
-2.42610218e+21
-1.8419855e+22
-2.78777123e+20
-2.17658071e+21
3297
-1.17351439e+22
-2.90700267e+22
-1.80362629e+21
-1.31575156e+22
3301
-4.75315956e+21
-1.06815185e+21
-1.27423318e+22
-3.17590929e+20

2465
-1.96179798e+21
-9.91175059e+21
-3.81291453e+21
-4.45108861e+20
2469
-1.76048985e+22
-4.39395851e+21
-6.24154383e+21
-1.1436765e+22
2473
-1.62456056e+22
-1.78227386e+21
-5.32839761e+21
-1.80865006e+21
2477
-1.8426962e+20
-9.3939287e+20
-6.91014491e+21
-1.121969e+22
2481
-1.89671113e+21
-5.85461521e+20
-6.53101228e+21
-1.741764e+22
2485
-8.23163581e+21
-1.60564524e+21
-2.10739723e+20
-1.09865252e+21
2489
-2.45092896e+22
-2.60210496e+20
-5.0762414e+21
-1.28917582e+20

3165
-1.01330004e+22
-2.60831855e+21
-4.4318042e+20
-1.87698985e+22
3169
-5.98598419e+21
-9.64048797e+19
-1.0507137e+22
-1.6447329e+21
3173
-1.55500489e+21
-3.13812668e+21
-5.16537002e+20
-4.13712962e+20
3177
-9.51905467e+20
-1.22153245e+22
-5.70144691e+21
-1.19888281e+22
3181
-1.48363214e+22
-1.57548835e+22
-3.15895167e+21
-7.17061749e+21
3185
-5.88506568e+20
-6.08487517e+21
-1.66765753e+21
-5.7748849e+20
3189
-4.78446443e+21
-1.24321775e+22
-8.55591897e+21
-1.66665296e+22

3305
-8.90319577e+21
-2.82288835e+20
-3.8799172e+20
-1.35095134e+21
3309
-1.44815382e+22
-1.53398611e+22
-8.01092766e+21
-1.9047554e+22
3313
-3.36661142e+20
-2.14616662e+22
-1.24745365e+22
-1.6292493e+21
3317
-1.65992015e+22
-2.34707086e+20
-7.27470847e+21
-7.31537406e+21
3321
-1.60439927e+21
-8.17127597e+20
-1.37053099e+21
-1.60308788e+21
3325
-2.69504435e+21
-9.47787056e+21
-2.35674278e+21
-2.50761123e+22
3329
-5.85148204e+21
-6.47552619e+20
-8.21005417e+21
-1.46138209e+21

2241
-1.55519551e+21
-8.33432231e+21
-5.14119511e+21
-5.52011647e+20
2245
-3.86804749e+21
-3.13601258e+22
-5.04249131e+21
-1.73631546e+21
2249
-4.24635438e+20
-2.02762121e+22
-1.09734544e+21
-1.15646506e+22
2253
-2.08707905e+22
-1.36627888e+21
-1.53762954e+21
-6.86135549e+21
2257
-2.77760431e+21
-7.1857346e+21
-1.67222179e+22
-6.14414963e+21
2261
-2.5690667e+22
-2.10275247e+21
-5.78661705e+20
-1.66684885e+22
2265
-1.67405343e+21
-1.92551637e+21
-4.248486e+21
-5.21734817e+20

2269
-3.01008547e+21
-7.38120868e+20
-6.74818016e+21
-1.22478195e+22
2273
-5.89728239e+20
-1.19281153e+21
-1.56854363e+22
-1.97075736e+21
2277
-1.29709793e+21
-1.25268036e+20
-7.12029533e+21
-1.8105042e+21
2281
-1.29885155e+21
-9.05159073e+20
-1.88497251e+21
-8.46458206e+21
2285
-1.38384817e+22
-1.06739696e+22
-6.16278753e+21
-4.78369364e+20
2289
-1.5276653e+21
-8.7841365e+21
-2.04997775e+22
-1.77826094e+22
2293
-2.23408074e+22
-5.60582572e+20
-1.88069665e+21
-2.18390629e+20

3333
-6.66424723e+21
-5.54037189e+21
-1.82251158e+21
-2.25499202e+22
3337
-1.38045146e+22
-1.16757478e+21
-1.57613232e+22
-7.62506065e+20
3341
-9.11524347e+20
-1.58354324e+22
-1.05414656e+22
-9.1651129e+21
3345
-1.97005584e+20
-8.16218073e+20
-2.05090169e+20
-2.21369603e+22
3349
-1.53485006e+21
-1.78042872e+21
-8.06359202e+20
-1.05169806e+21
3353
-9.84216941e+21
-1.83344596e+21
-5.22342369e+20
-7.07150728e+21
3357
-8.45080003e+20
-7.350476e+21
-1.67056044e+21
-1.23876315e+22

3249
-4.21076323e+20
-1.64976902e+21
-1.99310146e+22
-3.34853895e+21
3253
-1.71342357e+21
-2.02567335e+22
-1.21348513e+21
-5.47519066e+21
3257
-9.02871124e+20
-9.92869203e+21
-1.59776234e+21
-8.08020845e+21
3261
-4.21945673e+20
-4.40603398e+20
-8.43085644e+21
-1.63974974e+22
3265
-1.29107533e+20
-1.81254114e+22
-9.81292393e+20
-1.70552178e+22
3269
-1.1812614e+21
-7.4049452e+20
-1.60921224e+22
-1.12765527e+22
3273
-2.34999917e+22
-1.24898631e+22
-1.18535981e+21
-1.06389303e+21

2353
-1.76887871e+21
-3.56379448e+21
-9.15161259e+20
-8.0295178e+20
2357
-6.42442882e+21
-6.59126491e+21
-2.05052965e+22
-3.36307975e+21
2361
-1.17402409e+22
-1.51075891e+22
-7.38752985e+21
-6.65194868e+21
2365
-2.01828373e+20
-4.51453691e+21
-2.2904757e+21
-9.57211837e+21
2369
-9.59098904e+21
-1.12124373e+21
-7.15103979e+20
-3.73594896e+20
2373
-1.12648017e+22
-5.67142723e+20
-8.06699655e+20
-1.03975841e+21
2377
-4.34924584e+21
-5.73923539e+20
-2.04350061e+21
-9.7655909e+20

2941
-1.90258376e+21
-5.81090935e+21
-6.21179465e+20
-2.02570747e+20
2945
-1.37346698e+22
-3.93596308e+20
-3.4142943e+20
-1.88091502e+22
2949
-9.74189398e+19
-5.85204136e+21
-4.26320046e+21
-1.31750835e+22
2953
-2.04385268e+22
-2.16768539e+22
-9.50004114e+21
-1.40335822e+22
2957
-1.24617228e+21
-7.01746341e+20
-1.44001205e+22
-1.36386113e+21
2961
-2.01898528e+22
-1.24875178e+22
-1.3951081e+22
-1.61033339e+22
2965
-8.82757972e+21
-7.92649757e+21
-3.04405215e+20
-4.81114024e+20

2325
-9.06547498e+21
-4.99273591e+20
-1.04740812e+20
-4.30554761e+21
2329
-1.0408415e+22
-4.45836491e+20
-9.49204019e+21
-5.6721105e+21
2333
-1.38032643e+22
-1.91974546e+22
-3.0041947e+22
-1.15227818e+22
2337
-4.95816105e+21
-6.41197287e+21
-1.55294937e+21
-1.09241925e+22
2341
-6.00212604e+20
-2.96003966e+20
-9.55468155e+21
-2.19662297e+20
2345
-1.19602052e+21
-1.17984931e+20
-2.71183731e+21
-3.00329266e+22
2349
-8.14065655e+21
-8.35959483e+21
-4.60387102e+21
-3.11989471e+20

85
-2.69910039e+20
-1.29331688e+22
-1.98259782e+20
-3.33957739e+21
89
-5.44412632e+21
-6.87660502e+20
-3.16086704e+20
-8.33176438e+20
93
-1.18852821e+22
-8.30621046e+21
-1.91522285e+22
-1.44309135e+21
97
-1.21515769e+22
-4.82722993e+21
-9.22965593e+19
-2.29634667e+22
101
-1.4970436e+21
-5.74222663e+21
-1.07443254e+21
-2.40077858e+22
105
-9.14404955e+19
-5.29917722e+20
-2.51627179e+22
-1.69593623e+20
109
-1.85587086e+22
-1.45267283e+21
-4.99337929e+20
-1.15705923e+21
