
57
-7.4746351e+20
-1.38338497e+22
-1.4795392e+21
-2.37247602e+21
61
-2.51616813e+21
-1.87270033e+21
-1.28115783e+21
-2.2815708e+20
65
-2.86317895e+20
-2.01894142e+21
-1.05676969e+21
-2.18657453e+20
69
-1.19262881e+21
-4.95792401e+20
-1.21590114e+22
-2.10508922e+21
73
-1.44057355e+21
-5.24934661e+20
-2.07641289e+21
-1.80483658e+21
77
-1.38756129e+21
-8.53044681e+21
-1.52073976e+21
-2.03857e+21
81
-1.74221266e+21
-7.79904652e+20
-3.01840831e+20
-1.03761029e+21

169
-2.08726607e+21
-1.68935311e+21
-5.75536981e+20
-1.94223038e+21
173
-9.95887167e+21
-1.88865407e+21
-9.65162405e+20
-7.75509072e+20
177
-1.49926006e+22
-3.15157819e+21
-1.38544919e+21
-1.78040386e+21
181
-3.10839063e+21
-5.0202513e+21
-1.7832294e+21
-1.78449969e+21
185
-1.81015863e+21
-1.31590738e+21
-3.71097629e+21
-1.99605097e+21
189
-1.99887165e+21
-8.86875104e+20
-4.31511728e+20
-1.92989106e+21
193
-9.65903155e+20
-9.63107544e+21
-1.15148912e+22
-2.70466541e+21

197
-7.97971415e+21
-8.80208845e+21
-3.7445083e+21
-6.24219307e+20
201
-1.96256842e+21
-3.36034871e+20
-1.70264776e+21
-6.03405896e+21
205
-1.93099348e+22
-3.48052596e+21
-1.56277237e+20
-6.03787106e+20
209
-1.13327342e+21
-2.68040182e+20
-9.30599207e+21
-1.20908655e+21
213
-1.07005865e+21
-5.2886634e+21
-1.08852461e+22
-1.65956402e+21
217
-2.04862678e+21
-1.96735246e+21
-1.82628306e+21
-5.35711132e+20
221
-2.82320021e+21
-3.24791882e+20
-1.24422599e+21
-6.6730849e+21

141
-2.11732904e+20
-2.04885331e+21
-2.05203983e+21
-1.9317023e+21
145
-9.42896142e+21
-1.9764228e+21
-2.07327966e+21
-4.55716939e+21
149
-5.84236698e+21
-6.26965001e+21
-1.35447789e+20
-2.81836666e+20
153
-1.11371473e+22
-2.0842615e+21
-1.77530469e+21
-3.57834837e+21
157
-3.33837254e+21
-1.40624325e+21
-1.95850566e+20
-1.38130452e+22
161
-9.4494775e+20
-1.63630751e+21
-5.27935714e+21
-9.6016718e+20
165
-1.35452521e+22
-1.83437302e+21
-3.57880824e+20
-3.5083135e+20

29
-1.98077714e+21
-1.30011894e+21
-2.11251493e+21
-1.8353058e+20
33
-1.80405964e+21
-4.29872598e+20
-1.83563796e+21
-1.36203917e+21
37
-1.00141984e+21
-8.48666646e+21
-1.31855745e+21
-5.93875493e+20
41
-1.67696562e+21
-6.67350717e+21
-3.50080274e+20
-1.45083654e+21
45
-1.97876503e+21
-7.75724649e+21
-2.03543403e+21
-4.71007283e+20
49
-2.04962774e+20
-2.04377544e+21
-1.85387538e+21
-6.35914173e+21
53
-1.85269638e+21
-1.58284121e+21
-1.76256478e+21
-8.65336373e+21

85
-2.76720983e+20
-3.34679265e+20
-1.08386667e+21
-1.71805666e+21
89
-1.68703038e+21
-2.41368081e+21
-9.04584763e+21
-2.96111912e+20
93
-1.3121375e+21
-2.17822328e+20
-1.82104724e+21
-1.50938557e+21
97
-1.84047943e+21
-1.59175188e+21
-1.95689739e+21
-1.96310606e+21
101
-1.99259162e+21
-9.59633247e+20
-1.31029993e+22
-1.37676173e+21
105
-1.07446503e+22
-1.95443304e+21
-4.37286867e+21
-1.37700102e+21
109
-1.62113232e+21
-1.98316148e+21
-1.9274978e+21
-8.5135481e+20

1
-5.32983092e+20
-2.11673776e+21
-2.06176343e+21
-2.91107399e+20
5
-1.71599815e+21
-9.07917773e+21
-4.70416349e+21
-3.51551867e+21
9
-1.8589603e+21
-1.26135143e+22
-3.01700177e+21
-1.8742621e+21
13
-6.2402642e+21
-1.3653745e+21
-1.40072985e+21
-2.00910367e+20
17
-1.41298547e+21
-1.19142069e+22
-1.40112602e+21
-2.02712475e+22
21
-1.94372043e+21
-2.02633524e+21
-9.98218118e+20
-8.12782858e+20
25
-2.1265448e+21
-3.43423684e+21
-1.503027e+21
-1.24524386e+22

113
-1.81364609e+21
-1.78390157e+21
-1.81143041e+22
-1.38287483e+22
117
-1.01616546e+22
-1.9629361e+21
-1.62341859e+21
-4.35826145e+20
121
-5.39466848e+21
-1.91099093e+21
-2.14827852e+20
-2.06811789e+21
125
-2.96581959e+21
-2.09907359e+20
-1.62874028e+21
-2.59031361e+20
129
-5.29897551e+20
-7.57868611e+21
-2.40526143e+20
-6.32031597e+21
133
-2.12263411e+21
-5.10431526e+21
-1.00889611e+22
-1.5179641e+22
137
-1.13939166e+22
-1.23943385e+21
-1.85009406e+21
-9.50144158e+20

253
-1.43921492e+21
-1.08027987e+21
-2.06616327e+21
-1.77048553e+21
257
-1.83127491e+21
-9.85109075e+21
-2.77634756e+21
-1.46815996e+21
261
-3.69361982e+21
-6.68192311e+20
-1.17387779e+21
-2.02775563e+21
265
-1.08212301e+21
-3.23713645e+20
-1.71475625e+22
-1.23991935e+21
269
-5.39455903e+20
-3.30059391e+20
-1.01682935e+22
-1.79168051e+21
273
-2.0196519e+21
-1.95074144e+21
-5.1594807e+20
-1.90929816e+21
277
-1.50593107e+21
-2.14830238e+20
-2.81897306e+20
-1.06622204e+21

533
-7.71729629e+21
-1.31596488e+20
-1.55734645e+22
-2.03748882e+21
537
-2.10319432e+20
-5.00049911e+21
-1.66021379e+21
-5.63139032e+20
541
-1.14227343e+22
-3.54666094e+20
-1.84785194e+21
-2.91770766e+21
545
-1.7989268e+21
-1.97395773e+21
-2.02541929e+21
-5.90722776e+20
549
-2.00055787e+21
-1.56819752e+21
-2.9435965e+21
-8.25359091e+20
553
-1.71093897e+21
-1.67927263e+21
-3.71768725e+21
-2.14611925e+20
557
-1.11648617e+22
-1.3959971e+21
-1.61561622e+21
-2.08246111e+20

589
-8.35429156e+21
-1.95848872e+21
-1.33472265e+22
-1.88448512e+21
593
-1.61063596e+21
-3.99936076e+20
-1.66330265e+22
-4.78194612e+20
597
-8.18489229e+21
-4.55802097e+21
-1.66118815e+21
-1.39794919e+21
601
-1.9758155e+21
-2.08400159e+21
-1.78077612e+21
-3.20907491e+21
605
-1.74992122e+21
-5.38110695e+21
-8.01472889e+20
-1.76734383e+21
609
-2.21985017e+21
-1.36104761e+21
-3.74552452e+20
-1.1423138e+21
613
-6.44953263e+21
-1.76177016e+21
-2.49039205e+20
-1.83414811e+21

365
-2.65053685e+20
-1.85900442e+21
-1.75528181e+21
-1.68062533e+21
369
-4.04146973e+20
-4.58422807e+21
-2.95598995e+20
-2.3378491e+20
373
-1.01079387e+21
-9.11106916e+21
-1.40070645e+22
-2.63777373e+20
377
-1.87961622e+20
-1.22321351e+21
-5.12042035e+20
-1.66886628e+21
381
-3.32190029e+21
-8.09890109e+20
-2.06846095e+21
-9.18231216e+20
385
-1.70542188e+22
-1.57254456e+21
-1.75913927e+21
-5.72607088e+21
389
-3.18090297e+20
-2.36347749e+20
-1.75831652e+21
-1.80489216e+21

1121
-1.78053284e+21
-2.10877548e+21
-2.32829426e+20
-1.48022928e+21
1125
-1.61979608e+20
-4.93849361e+21
-3.22103242e+20
-2.0872433e+20
1129
-1.02285151e+22
-1.51375896e+21
-1.94257409e+21
-3.35107314e+21
1133
-1.70952611e+21
-3.39556027e+21
-8.64775778e+20
-1.46544978e+21
1137
-1.93794273e+21
-1.5124549e+21
-1.14768838e+22
-1.01779537e+22
1141
-1.86313474e+21
-2.39336688e+21
-7.82626953e+20
-1.98643309e+21
1145
-1.89190717e+21
-1.79492978e+21
-9.55606524e+21
-8.65902314e+21

673
-1.8809346e+21
-1.08646976e+21
-2.04901204e+21
-6.13987536e+20
677
-1.90605227e+21
-4.1272979e+21
-1.6847103e+21
-1.57787736e+21
681
-1.94206568e+21
-5.79400795e+20
-6.3728805e+20
-2.10775517e+21
685
-2.06391246e+21
-3.95678766e+21
-1.54260929e+21
-1.3646403e+21
689
-8.96133841e+20
-2.19365434e+20
-6.30817071e+20
-1.24974805e+21
693
-1.8887473e+21
-8.1502815e+20
-2.19824844e+20
-2.02331489e+21
697
-1.82040068e+20
-8.02520507e+20
-5.00081761e+21
-2.66161726e+21

309
-1.24256453e+22
-1.254435e+22
-1.18600157e+21
-1.0041665e+22
313
-2.08583161e+21
-7.9384702e+20
-9.78526641e+20
-1.16966316e+22
317
-6.64767378e+21
-1.16175597e+21
-7.95584267e+20
-1.67986778e+21
321
-1.79721228e+22
-1.43123441e+20
-1.3840531e+21
-2.63505451e+20
325
-5.29076945e+20
-5.69499723e+21
-1.58228042e+22
-2.08724548e+21
329
-4.15364391e+20
-8.27020843e+20
-1.20351194e+22
-7.27687556e+21
333
-4.29152345e+20
-1.83684649e+21
-1.65683672e+21
-1.92883419e+21

337
-4.29029264e+20
-1.67883999e+22
-6.74273189e+21
-1.77319097e+21
341
-9.14885189e+21
-1.72037032e+21
-2.0371413e+20
-1.44761533e+21
345
-1.28200262e+21
-8.33694381e+20
-1.12560554e+21
-1.87069511e+21
349
-7.74121356e+21
-1.931289e+21
-1.92245135e+21
-1.93182131e+21
353
-1.81724172e+21
-1.63474735e+21
-1.07711108e+21
-1.21248638e+22
357
-1.96072553e+21
-2.61830833e+21
-2.31547906e+22
-2.25457265e+20
361
-1.84097918e+21
-8.00938147e+20
-2.09434778e+21
-2.6182602e+20

897
-4.81792912e+20
-7.04251247e+20
-3.10479901e+20
-1.87182579e+21
901
-1.55023943e+21
-2.40470676e+20
-1.21438135e+21
-2.00919432e+21
905
-1.29805498e+21
-2.02910249e+21
-3.29619594e+21
-2.05647744e+21
909
-8.53555415e+21
-3.03673948e+20
-1.29978071e+22
-1.28660779e+21
913
-3.39133023e+20
-1.60054816e+20
-7.56621149e+20
-8.29317523e+20
917
-1.00121873e+22
-1.13230371e+21
-3.59408922e+21
-6.10357862e+20
921
-1.18671976e+21
-6.79139933e+21
-1.89428873e+21
-1.87950678e+21

421
-2.23307956e+22
-2.07527299e+21
-3.1631288e+20
-2.01661379e+21
425
-2.38095334e+20
-7.05079929e+21
-6.78823618e+20
-1.38600876e+21
429
-2.25463113e+22
-1.99649797e+21
-1.89736859e+20
-1.08069635e+21
433
-1.18644977e+21
-5.76884849e+20
-2.11284179e+21
-3.96474168e+20
437
-4.66887416e+20
-5.77953648e+20
-1.88393448e+21
-9.57630419e+20
441
-1.88422888e+21
-3.23651017e+21
-6.37498101e+20
-2.01475403e+21
445
-1.86641841e+21
-2.0467064e+21
-6.57777593e+21
-1.75896287e+21

505
-5.34464517e+21
-1.4324323e+22
-1.71805488e+21
-1.10646951e+22
509
-2.61838611e+20
-1.53447296e+21
-3.26640423e+20
-2.10357642e+21
513
-6.18444991e+20
-1.78567679e+21
-1.00345698e+21
-1.2799186e+21
517
-4.32506553e+20
-2.02246124e+21
-2.14943528e+22
-1.80679933e+21
521
-2.03581039e+21
-3.17235955e+20
-1.54467964e+21
-1.0456259e+22
525
-5.26974843e+20
-1.31858971e+22
-2.50299261e+20
-2.86708789e+21
529
-2.86417374e+21
-4.17192221e+20
-2.02102378e+21
-6.03564814e+21

225
-2.0775183e+21
-9.08197552e+20
-1.80044717e+20
-2.06784241e+21
229
-1.67703325e+21
-1.37685859e+21
-2.05909381e+20
-1.97109035e+21
233
-1.98046136e+21
-2.07806678e+21
-2.1069287e+21
-3.38951416e+20
237
-8.16530302e+21
-6.30398968e+21
-6.16023104e+20
-2.32631958e+22
241
-2.20360181e+21
-2.88899956e+21
-2.05463157e+21
-2.04036772e+21
245
-1.06084752e+21
-1.03806789e+22
-6.30988881e+20
-7.0768804e+21
249
-4.39192672e+21
-1.84276903e+20
-1.7316716e+20
-3.54337948e+20

813
-7.85344707e+20
-6.27304813e+21
-1.67525921e+21
-1.35038644e+21
817
-4.4374666e+20
-6.47734572e+20
-2.67047476e+20
-3.08071268e+21
821
-1.84302244e+21
-8.3347309e+20
-1.22696298e+22
-2.01350368e+21
825
-9.17771509e+21
-1.40319992e+21
-1.71706692e+21
-5.83978896e+21
829
-2.04474044e+21
-2.06796035e+21
-4.45167256e+20
-7.85807483e+20
833
-4.38403692e+20
-1.32577634e+21
-2.75431476e+21
-2.78420575e+20
837
-1.22279785e+22
-1.83774938e+20
-1.90183794e+21
-1.71272717e+21

729
-6.30348976e+21
-1.02326832e+21
-9.79607962e+20
-7.33639101e+20
733
-1.214197e+22
-6.85991171e+21
-1.82346471e+21
-2.0996939e+21
737
-1.09134169e+21
-1.05830038e+22
-1.56649603e+21
-1.63753548e+21
741
-7.45917517e+20
-2.51219364e+20
-2.08844542e+21
-2.10308028e+20
745
-1.75233334e+21
-4.12506654e+21
-6.61279287e+20
-2.09539801e+21
749
-2.08830074e+21
-6.19088571e+21
-8.06382611e+20
-8.18308245e+21
753
-1.69311708e+21
-1.51393463e+22
-1.95938198e+21
-1.46393022e+22

393
-1.7387338e+20
-2.08264986e+20
-2.77627345e+20
-1.38784397e+22
397
-1.2450151e+21
-1.75670809e+21
-2.11234169e+21
-1.72533432e+21
401
-2.00221463e+21
-1.72223516e+21
-1.5782252e+21
-2.69893433e+20
405
-2.0742624e+21
-1.56983486e+22
-1.59180898e+21
-1.64036537e+20
409
-6.60803599e+21
-1.88542905e+21
-2.03691112e+21
-1.91075881e+21
413
-1.94847318e+21
-4.35514646e+21
-1.14090701e+22
-1.997173e+20
417
-1.83000702e+21
-6.22104093e+20
-3.44667738e+21
-1.51207726e+20

449
-2.17407644e+21
-2.07787883e+21
-1.55531269e+21
-1.20906911e+21
453
-1.13395772e+21
-3.47867372e+21
-1.72074979e+22
-2.44257346e+20
457
-1.86499966e+21
-1.77666966e+21
-4.17056783e+20
-1.99546621e+20
461
-3.0400677e+21
-1.73253579e+22
-6.98609302e+21
-2.18001674e+21
465
-3.51429813e+21
-3.05910117e+20
-1.74522179e+20
-1.75694461e+22
469
-9.94520905e+21
-4.38625067e+21
-7.75922498e+21
-1.01562234e+22
473
-4.10988844e+21
-4.31803265e+20
-1.50103057e+21
-1.82562123e+21

645
-2.0248873e+21
-6.27919223e+21
-1.91050481e+21
-1.21555361e+22
649
-2.06115955e+21
-2.04377864e+21
-1.67112139e+21
-6.03011275e+21
653
-2.04849834e+21
-1.59247842e+21
-2.1073865e+21
-1.38651299e+21
657
-2.29141854e+20
-2.02658569e+21
-4.8547604e+20
-2.74979161e+20
661
-1.63919596e+21
-1.99087673e+20
-1.98771528e+21
-2.01414035e+20
665
-2.62816815e+21
-1.49020911e+22
-2.43618216e+21
-6.06117674e+21
669
-3.66066872e+20
-3.1616409e+20
-1.88684285e+22
-1.83053923e+21

561
-3.74460856e+21
-5.80121332e+20
-8.51980549e+20
-1.97932328e+21
565
-1.11858453e+21
-9.77580004e+21
-7.90245153e+21
-2.02877154e+21
569
-2.09287686e+22
-8.97949241e+20
-1.90972506e+21
-5.7756023e+20
573
-1.59469484e+20
-1.98218554e+21
-1.85445842e+21
-2.09824919e+21
577
-1.36874174e+22
-2.01915996e+21
-6.38758768e+21
-4.89704998e+21
581
-2.09072e+20
-6.22424192e+21
-2.13315352e+21
-2.53074095e+21
585
-2.18054945e+20
-2.42678035e+20
-4.60208091e+21
-1.94410982e+21

757
-6.26322563e+21
-1.5193291e+21
-6.58411351e+20
-1.52999786e+22
761
-6.21385513e+21
-8.49427569e+20
-9.41489216e+21
-1.80682415e+21
765
-1.69814652e+21
-1.93659081e+21
-7.54432313e+20
-6.84028029e+21
769
-3.1182261e+21
-1.06896342e+21
-2.00785634e+21
-1.66590286e+22
773
-8.07755995e+20
-2.10177609e+20
-2.31364479e+20
-1.55567831e+21
777
-2.08636981e+21
-8.27975537e+20
-7.21298294e+21
-2.05993345e+21
781
-1.33466941e+21
-6.03075362e+21
-1.77486411e+21
-4.97328867e+21

617
-6.36990591e+20
-4.40569183e+20
-6.70466081e+21
-4.15967894e+21
621
-2.73947255e+21
-1.13628411e+22
-7.57578727e+20
-5.00286749e+20
625
-2.01496056e+20
-1.91220049e+21
-1.55942139e+21
-1.40549553e+22
629
-5.00914282e+21
-9.06612176e+21
-1.88233652e+21
-1.512319e+22
633
-2.04042338e+21
-1.72991562e+21
-1.6199065e+21
-1.41591086e+21
637
-2.93419722e+20
-1.63272394e+21
-8.63779532e+20
-1.85880179e+21
641
-1.66366505e+21
-3.8581466e+21
-6.19758132e+20
-5.77797518e+21

1233
-1.43164032e+21
-2.24613931e+20
-2.84989618e+20
-9.47718211e+21
1237
-4.4981342e+21
-8.30151579e+20
-5.3395827e+20
-4.5927856e+21
1241
-1.18820551e+22
-1.95453405e+21
-9.33735036e+21
-8.30203833e+21
1245
-2.08967605e+21
-5.08637188e+21
-1.67168465e+21
-1.95166924e+21
1249
-2.11157921e+21
-1.99506095e+21
-1.51847956e+21
-1.58187712e+22
1253
-2.00734646e+21
-4.10179867e+20
-2.00733063e+20
-1.8932457e+21
1257
-5.9568258e+21
-1.81050199e+21
-1.4213529e+21
-4.334696e+20

1457
-9.5391079e+20
-3.8374765e+21
-5.44405199e+20
-4.27355825e+20
1461
-1.85118324e+21
-4.12176884e+21
-1.89437681e+21
-1.95455564e+21
1465
-1.39776539e+22
-1.82407915e+21
-6.69443575e+20
-2.56952057e+21
1469
-2.09464693e+21
-8.0712948e+21
-1.13016666e+22
-7.92441221e+21
1473
-2.00696003e+21
-6.75150054e+21
-7.04908845e+21
-1.82958011e+21
1477
-1.77451671e+20
-5.43752881e+20
-2.31804864e+20
-6.47787996e+20
1481
-3.39406416e+20
-1.11738261e+22
-2.02537241e+21
-1.75368854e+22

1149
-1.35653942e+21
-6.58401443e+20
-7.12990768e+21
-1.90117626e+21
1153
-1.90659192e+21
-6.80537239e+21
-1.34512505e+22
-5.78015292e+20
1157
-1.49331794e+22
-2.02228922e+21
-5.81800642e+20
-6.02674303e+20
1161
-7.68818981e+20
-5.57817493e+20
-8.16564619e+21
-1.86703221e+21
1165
-4.87996531e+21
-8.38199729e+21
-1.98497589e+21
-9.05349383e+20
1169
-4.78823431e+21
-1.57349565e+21
-7.57646227e+21
-7.9839166e+21
1173
-1.3915407e+22
-1.79538883e+21
-1.90127441e+21
-5.22815276e+21

477
-5.97093926e+21
-2.09418755e+21
-7.37168806e+21
-6.82189572e+21
481
-1.99009038e+20
-3.17893026e+21
-1.96507459e+21
-1.50220468e+21
485
-4.8992137e+21
-6.82993856e+20
-1.74817649e+21
-1.90766447e+21
489
-7.12038448e+20
-4.56960495e+20
-1.33007841e+22
-1.1433765e+21
493
-1.15215771e+21
-2.11036268e+21
-1.87476032e+21
-4.72192298e+21
497
-4.58441338e+21
-1.28234427e+21
-1.89700528e+21
-2.66590349e+20
501
-1.83158841e+21
-1.76805185e+21
-2.92521069e+20
-1.1042508e+21

869
-2.16858033e+20
-1.99775049e+21
-1.46390643e+21
-1.19985487e+21
873
-1.29607992e+21
-1.98055874e+21
-5.09869698e+20
-2.00118161e+21
877
-1.59792342e+21
-1.83280173e+21
-1.39433428e+21
-1.79593297e+20
881
-1.88781843e+20
-3.28744362e+21
-1.05497126e+22
-1.86081973e+21
885
-2.62220213e+20
-3.65907446e+21
-2.07068968e+21
-1.93747318e+21
889
-2.01191087e+21
-1.08393292e+22
-2.81737329e+20
-2.25410706e+20
893
-1.93258306e+21
-2.14091723e+20
-8.50387791e+20
-9.61226458e+21

701
-1.37368722e+21
-2.08839947e+20
-8.71130588e+20
-1.94684301e+21
705
-2.65806991e+20
-6.69294242e+20
-2.03726576e+21
-5.91131406e+21
709
-1.34194522e+21
-1.05446233e+21
-1.95367913e+21
-1.979729e+21
713
-1.59526381e+20
-2.31471616e+20
-8.33343131e+21
-3.83928468e+20
717
-3.86497479e+20
-1.44168858e+22
-1.50652932e+22
-1.32176744e+22
721
-1.20534568e+22
-6.44203865e+20
-1.83313089e+21
-1.12991177e+22
725
-4.35910561e+21
-1.99548139e+21
-3.67662164e+20
-2.86576929e+21

1513
-6.4602763e+21
-1.32051823e+22
-1.92927349e+21
-1.55736824e+21
1517
-8.98752083e+21
-1.50935608e+21
-1.11070205e+22
-1.95114443e+21
1521
-9.76508487e+20
-2.71549746e+20
-3.65615283e+20
-4.33263255e+21
1525
-4.96767394e+20
-1.89730114e+21
-5.4409192e+20
-2.12458894e+21
1529
-1.40505939e+21
-1.41442422e+22
-5.49737026e+20
-3.55144112e+21
1533
-2.66878577e+20
-7.37459713e+21
-9.00405946e+20
-1.63683509e+21
1537
-1.8037447e+21
-1.40813598e+21
-1.96302278e+21
-1.93874549e+21

1065
-4.08248051e+21
-2.29747742e+20
-1.99194849e+21
-5.59745789e+21
1069
-2.55177977e+21
-6.62246512e+20
-3.50224649e+20
-3.67045203e+20
1073
-2.07762402e+21
-1.27340655e+22
-1.79864841e+21
-8.14698494e+20
1077
-2.67912936e+20
-3.00202058e+20
-3.57637396e+20
-1.39337321e+21
1081
-5.8873793e+20
-1.87185015e+21
-1.46403868e+20
-1.76947054e+20
1085
-1.83417207e+21
-9.24194773e+21
-1.43860781e+21
-1.33976045e+22
1089
-4.13017939e+21
-1.15662779e+22
-4.29719031e+21
-1.59366883e+21

1009
-4.71688246e+21
-1.86608372e+21
-1.73369175e+21
-1.91915827e+21
1013
-1.85980011e+21
-1.43789295e+21
-2.06159493e+21
-1.05037953e+22
1017
-2.10020277e+21
-2.02339697e+21
-1.97918301e+21
-1.50099069e+21
1021
-1.82921154e+21
-5.28083704e+20
-1.21658719e+22
-1.51675696e+22
1025
-6.90524239e+21
-1.96006039e+21
-1.67150127e+21
-1.90441277e+20
1029
-2.68703657e+21
-1.74090831e+21
-1.34710074e+21
-2.93705238e+21
1033
-9.53575909e+20
-9.31149709e+20
-1.49851313e+21
-2.04820545e+21

1485
-9.52935081e+21
-1.20945831e+21
-1.65891541e+21
-2.10372985e+21
1489
-3.79543233e+21
-2.69685492e+20
-8.58053832e+20
-1.99100257e+21
1493
-1.41330347e+22
-3.79059395e+21
-7.93865705e+21
-1.91208648e+21
1497
-1.80932491e+20
-1.04975327e+22
-1.92799863e+21
-1.94344419e+21
1501
-1.56998316e+21
-8.65851385e+21
-1.94308757e+21
-3.01538394e+20
1505
-2.04565315e+21
-1.86147302e+21
-1.12214478e+21
-1.92481043e+21
1509
-2.06367658e+21
-3.78251775e+20
-1.6589731e+21
-1.89240112e+21

1317
-3.36184573e+21
-4.75829583e+20
-2.10379654e+21
-1.23897949e+22
1321
-1.22506624e+21
-7.16596658e+21
-9.31990773e+20
-5.49533372e+20
1325
-1.78142669e+21
-8.90275569e+20
-5.29332635e+21
-1.62184348e+22
1329
-1.73630942e+21
-2.86078734e+20
-2.06152739e+21
-2.11415998e+20
1333
-1.99376982e+21
-7.53872681e+21
-8.89846998e+21
-2.22245963e+21
1337
-7.0284334e+21
-1.15497939e+21
-1.08990747e+21
-1.53680178e+21
1341
-8.46265238e+20
-1.44339332e+21
-1.6747041e+21
-1.97319889e+20

1569
-2.92118826e+21
-1.70326841e+21
-1.86304954e+21
-2.36279998e+21
1573
-9.2258089e+20
-2.08789526e+20
-1.98977564e+21
-2.49641533e+20
1577
-8.24021724e+21
-1.67563132e+22
-1.02929897e+21
-1.49574781e+21
1581
-2.00732902e+21
-2.081648e+21
-6.42994133e+21
-4.39852042e+20
1585
-2.42710732e+20
-1.18525375e+21
-1.84273282e+21
-1.93699175e+20
1589
-1.33377401e+21
-2.36152107e+21
-3.35149611e+21
-1.62729359e+21
1593
-3.77283567e+20
-1.00603594e+22
-1.83865712e+21
-1.99220118e+21

1261
-2.8506808e+21
-9.03529584e+20
-1.50378013e+22
-3.09453994e+20
1265
-1.28432661e+21
-2.0450218e+21
-1.19179883e+21
-4.86403524e+21
1269
-1.14259038e+21
-1.21224714e+21
-6.07528297e+21
-2.37561007e+21
1273
-1.666969e+21
-1.33486759e+21
-1.22926222e+22
-6.02443428e+21
1277
-1.88791266e+21
-8.50620209e+20
-4.98801093e+20
-9.23631981e+21
1281
-3.95889777e+20
-9.70156223e+21
-6.19532538e+20
-1.59678762e+21
1285
-1.10497495e+22
-2.05909071e+21
-5.77131293e+20
-7.97725841e+20

1093
-8.02685151e+21
-4.65685067e+20
-4.11630672e+20
-1.42562745e+21
1097
-1.97253977e+21
-2.57199441e+21
-7.24274808e+20
-2.02962011e+21
1101
-3.1146036e+20
-1.97767441e+20
-1.07636942e+21
-1.99570139e+21
1105
-7.66888478e+21
-1.81386201e+21
-2.33004307e+21
-3.58071431e+21
1109
-7.34056068e+21
-7.74293239e+20
-6.52637797e+20
-1.11554136e+21
1113
-1.33895225e+21
-2.75154955e+21
-1.61981581e+21
-2.03315141e+21
1117
-2.05317802e+21
-2.02297017e+21
-1.88911819e+21
-1.27012159e+21

841
-2.03273393e+21
-3.3212985e+20
-6.67003289e+21
-6.61638163e+21
845
-1.32228675e+21
-1.24508174e+22
-1.47403923e+21
-2.99268211e+21
849
-7.38540845e+20
-1.52617791e+21
-2.10328095e+20
-1.85429816e+21
853
-1.59507061e+21
-1.79297251e+21
-1.98894715e+21
-2.03057317e+21
857
-7.17687164e+21
-7.20206175e+20
-1.63921266e+21
-3.84512456e+20
861
-1.415293e+21
-1.52011347e+21
-2.21405341e+20
-2.05224626e+21
865
-5.09309091e+21
-4.49980095e+21
-1.00891229e+21
-1.77240579e+21

1177
-3.3517388e+20
-1.99261613e+21
-1.2087303e+22
-1.65774392e+20
1181
-8.42706681e+20
-2.49374872e+20
-1.39568982e+21
-4.08267926e+20
1185
-1.46659358e+21
-1.02707644e+22
-1.91857996e+21
-5.43670776e+21
1189
-2.05358852e+21
-1.05186261e+21
-1.79535325e+21
-6.65908195e+20
1193
-6.06307493e+20
-1.50566154e+22
-8.92172686e+20
-1.86958382e+21
1197
-2.63781703e+20
-1.58064651e+21
-1.2607266e+21
-6.5034887e+20
1201
-1.20439069e+22
-6.50362929e+21
-8.41258865e+21
-3.88624529e+21

981
-9.98307783e+20
-1.85144861e+21
-1.89613428e+21
-1.84511626e+21
985
-2.05764502e+20
-1.19378273e+22
-3.89505708e+21
-1.94717013e+21
989
-4.88960565e+21
-4.29061047e+21
-1.32991166e+22
-4.93124406e+20
993
-9.15358041e+20
-1.64812204e+21
-3.64265564e+21
-8.31317315e+20
997
-1.44346456e+21
-1.89471587e+21
-4.68909152e+21
-2.03673429e+21
1001
-5.35975453e+21
-3.01510375e+20
-3.34877522e+21
-1.17669052e+21
1005
-2.95657824e+21
-2.54789003e+21
-1.17257586e+21
-3.43781296e+20

953
-1.39359189e+21
-2.26565399e+20
-1.87359199e+21
-7.13046734e+20
957
-1.7511373e+21
-1.68849917e+21
-3.53859349e+20
-2.08460703e+21
961
-9.44325378e+20
-1.00492553e+22
-3.08898415e+20
-1.99711309e+21
965
-1.00882554e+21
-1.08797776e+22
-5.31155563e+21
-1.90577846e+22
969
-4.72809507e+20
-2.01358329e+21
-5.36847878e+21
-2.5506583e+20
973
-1.94045784e+21
-2.62892841e+21
-1.85162614e+20
-2.02549628e+22
977
-3.2628033e+20
-2.83985888e+21
-2.12780647e+21
-2.67196554e+21

1037
-1.11359846e+22
-8.58310846e+20
-3.07786185e+21
-2.05178659e+21
1041
-2.04301693e+21
-9.64906786e+21
-1.8219833e+21
-7.03804156e+20
1045
-6.61719038e+20
-7.33141828e+21
-1.67760635e+20
-3.28993107e+20
1049
-1.28627556e+22
-7.24291971e+20
-3.11391592e+21
-4.80710143e+20
1053
-2.00096774e+21
-9.93261575e+21
-1.62891026e+21
-1.98264075e+21
1057
-1.88940891e+21
-7.63923783e+21
-3.21462757e+20
-1.93199831e+21
1061
-8.41777735e+20
-4.04946879e+20
-3.97546022e+21
-1.94327166e+21

785
-1.83474124e+22
-6.73583708e+21
-4.86292671e+21
-2.08612705e+21
789
-1.97032571e+21
-2.02141139e+21
-4.77673648e+21
-2.03319952e+21
793
-4.22467324e+20
-9.20764335e+20
-1.78646003e+21
-5.58798897e+21
797
-7.72258066e+20
-1.89062224e+20
-1.72325409e+21
-1.76237562e+21
801
-3.11785092e+20
-2.31228217e+21
-2.09158081e+21
-1.07498582e+21
805
-1.36831634e+22
-1.96846348e+21
-7.01980263e+21
-9.49419969e+20
809
-1.95477951e+22
-6.28253006e+21
-7.77303698e+20
-1.85935134e+22

1373
-2.08725055e+21
-4.80612086e+21
-1.53484531e+22
-9.87727244e+20
1377
-6.91565806e+20
-1.36159473e+21
-4.47788799e+21
-3.47679561e+21
1381
-1.30652056e+21
-1.3336282e+22
-1.15076088e+21
-2.07802148e+21
1385
-2.35379155e+21
-6.89778777e+20
-2.69196323e+21
-1.21890867e+21
1389
-1.84093517e+21
-2.82677012e+21
-1.64812045e+22
-2.11405095e+20
1393
-1.24684873e+21
-2.10574785e+21
-1.96753438e+21
-1.47313885e+21
1397
-1.86878361e+21
-9.69382804e+21
-1.99653344e+21
-1.79007694e+21

1345
-2.03297252e+21
-1.78253941e+22
-1.49501905e+21
-1.80913688e+20
1349
-1.42645188e+21
-3.36396925e+21
-7.94957982e+21
-1.82072123e+21
1353
-5.36323307e+21
-6.17226863e+20
-2.00758662e+21
-8.2258854e+20
1357
-1.89031411e+21
-7.32038823e+21
-8.98543262e+20
-6.76927809e+21
1361
-8.89459616e+21
-2.16443368e+21
-1.73960138e+21
-2.06165406e+21
1365
-1.00202528e+22
-1.68756369e+21
-3.99550962e+21
-1.57211269e+21
1369
-2.04573081e+21
-4.17819638e+20
-4.25733221e+20
-2.73874472e+21

1625
-1.62719767e+21
-4.04605691e+21
-8.33864097e+20
-9.24370123e+21
1629
-3.84220879e+20
-1.9988678e+20
-8.779027e+20
-1.4292693e+21
1633
-1.0586908e+21
-7.33524668e+21
-1.76326319e+21
-1.40684655e+21
1637
-1.81302616e+20
-2.14437772e+21
-1.39357329e+22
-8.97228819e+20
1641
-2.95290961e+20
-3.95707704e+20
-6.67739725e+20
-1.47559374e+21
1645
-9.74347353e+21
-8.73906656e+21
-1.4891017e+20
-1.89819377e+21
1649
-2.03915037e+21
-6.12685943e+20
-3.44968346e+21
-5.94703975e+21

1681
-1.92028545e+22
-3.5784863e+20
-1.24927504e+21
-3.8789867e+20
1685
-6.70898465e+20
-6.77802899e+20
-4.38049472e+20
-1.73767104e+21
1689
-6.28997449e+20
-3.36549168e+21
-2.42431189e+20
-7.28278759e+20
1693
-2.10072155e+21
-6.6163638e+21
-1.33395863e+21
-1.87328769e+21
1697
-1.72398665e+21
-1.79038857e+21
-1.96864913e+20
-3.70930552e+21
1701
-1.97046922e+21
-1.8043655e+21
-9.99064219e+21
-2.34024718e+21
1705
-1.9928872e+21
-5.11361033e+20
-3.87181802e+21
-2.03857389e+21

1765
-3.91918097e+20
-5.71864582e+21
-1.8475942e+21
-1.69683304e+21
1769
-1.9747809e+21
-1.675298e+21
-9.88523819e+20
-7.54541871e+21
1773
-9.97972743e+21
-1.99537079e+21
-9.27929817e+20
-1.95479003e+21
1777
-1.61537352e+20
-2.93497615e+20
-2.62547684e+20
-1.32551873e+22
1781
-1.39283212e+22
-1.8454989e+22
-9.2423468e+20
-4.34503658e+21
1785
-2.15770337e+21
-1.93218717e+21
-4.64836177e+20
-1.76934187e+21
1789
-8.15382052e+20
-9.84962971e+20
-1.82011069e+21
-3.84727001e+20

1653
-2.46883981e+20
-1.99740969e+21
-1.80642701e+21
-1.94428209e+21
1657
-1.3286486e+21
-1.89729311e+21
-2.25514941e+21
-2.02742158e+21
1661
-1.84233817e+21
-1.65420623e+22
-1.44265364e+22
-1.19272435e+21
1665
-2.20144891e+21
-1.95972125e+21
-6.5383075e+20
-6.11380144e+20
1669
-2.25595748e+20
-1.58433482e+21
-1.7262075e+21
-5.42717925e+21
1673
-6.13533927e+21
-2.55496827e+21
-1.2487923e+21
-3.2244957e+21
1677
-1.64835155e+21
-5.10526105e+21
-2.05757677e+21
-1.33714838e+21

2157
-1.9758559e+21
-2.01690889e+21
-7.14989368e+20
-2.01886061e+21
2161
-1.96504286e+21
-1.81856592e+22
-1.90925679e+21
-2.8224001e+20
2165
-2.01236308e+21
-8.00681161e+20
-1.52263189e+22
-2.01705191e+21
2169
-1.9468145e+21
-3.90900947e+20
-1.72909356e+22
-2.09042518e+21
2173
-7.80450865e+21
-4.67323672e+21
-8.8850939e+20
-1.85906892e+20
2177
-1.02929564e+22
-4.42090903e+20
-5.63822847e+20
-1.65240523e+21
2181
-3.6336454e+21
-1.66951899e+21
-9.97167582e+21
-2.14206105e+21

1289
-1.60804901e+22
-9.83816627e+20
-1.38094761e+22
-8.68090226e+20
1293
-1.48833098e+21
-2.09212267e+21
-9.43649081e+20
-4.1180882e+20
1297
-1.56687157e+21
-9.66214127e+21
-9.52937423e+20
-1.46465104e+21
1301
-2.10855434e+21
-1.96133928e+21
-1.71735337e+21
-2.08379008e+21
1305
-1.81580127e+21
-1.18628618e+21
-1.99016398e+21
-1.53290253e+22
1309
-4.55560682e+20
-1.82760083e+21
-7.28024482e+20
-1.57778518e+21
1313
-7.50605112e+20
-1.12875002e+21
-1.50346981e+20
-1.87714522e+21

2045
-3.22080698e+20
-1.8646065e+21
-1.16372826e+21
-2.86950573e+20
2049
-7.57499792e+20
-2.69080544e+20
-1.57271167e+21
-1.22262324e+22
2053
-6.53719301e+20
-1.93072067e+21
-1.99904602e+21
-1.13162243e+22
2057
-1.91204163e+21
-1.12680998e+21
-2.05378578e+21
-4.69184556e+20
2061
-2.27479996e+20
-2.01832735e+21
-2.7386572e+20
-1.37151012e+22
2065
-3.57315805e+20
-5.59085456e+20
-4.18308381e+20
-6.30629048e+21
2069
-1.91029503e+21
-1.59678805e+20
-1.91975099e+21
-1.75847544e+21

925
-9.52273132e+21
-1.61026237e+20
-1.62185934e+21
-2.35942949e+21
929
-1.9919125e+22
-1.8171337e+20
-8.0206415e+21
-4.14536054e+20
933
-2.11952299e+21
-1.69119687e+21
-1.88067482e+21
-1.81759881e+21
937
-1.67845442e+21
-8.1143974e+20
-6.84939078e+20
-2.56725885e+21
941
-6.51454273e+20
-2.05784971e+21
-1.98800183e+21
-8.33169915e+20
945
-2.03204687e+21
-6.011242e+20
-1.99091022e+21
-2.06498914e+22
949
-1.81030039e+21
-1.59825187e+21
-2.0023157e+21
-1.79014326e+21

1597
-4.11555905e+20
-6.90530048e+21
-7.54495136e+21
-1.23808122e+21
1601
-1.31037777e+21
-4.74068468e+21
-1.07779762e+22
-7.15000841e+20
1605
-3.58287257e+21
-1.01852943e+21
-2.04048301e+21
-9.20834987e+21
1609
-2.06675921e+21
-1.99642187e+21
-4.72748709e+20
-4.31545573e+21
1613
-2.32204071e+21
-8.80839998e+20
-1.15112485e+22
-1.76062517e+21
1617
-1.86407432e+21
-1.28158319e+22
-2.91829584e+21
-1.82203744e+21
1621
-1.82238782e+21
-1.92385175e+21
-1.14674633e+22
-2.24618869e+21

1793
-3.77597123e+21
-2.08830114e+20
-9.0761302e+20
-1.08636723e+21
1797
-1.43441014e+22
-2.38429412e+20
-5.81166647e+21
-1.88729221e+21
1801
-5.22109545e+20
-1.53504936e+20
-4.74408751e+21
-9.06928592e+21
1805
-1.66725695e+20
-2.05613576e+21
-1.93299844e+21
-1.93789082e+22
1809
-1.27240511e+21
-1.05237772e+21
-2.53995551e+20
-1.73701567e+21
1813
-5.31493964e+20
-1.69955843e+21
-2.71846622e+21
-9.89880696e+20
1817
-7.91373818e+21
-1.82957326e+21
-1.10021228e+21
-1.61425419e+20

1401
-9.11155339e+21
-1.19079646e+21
-1.92125508e+20
-5.20082248e+20
1405
-3.22143538e+20
-1.57935713e+21
-2.14214515e+21
-1.60423335e+21
1409
-2.15276024e+20
-1.85782391e+21
-1.64989872e+20
-2.58360789e+20
1413
-1.8669857e+21
-2.83245672e+21
-4.78233942e+20
-1.96892746e+21
1417
-2.07802441e+21
-7.43027364e+21
-1.34903589e+21
-1.16156583e+21
1421
-7.02385513e+21
-1.60219465e+20
-2.50826572e+21
-3.26210774e+21
1425
-2.01504835e+21
-1.72769648e+21
-2.07038964e+21
-3.95445111e+20

1961
-1.59671495e+21
-6.08662136e+21
-3.29186706e+20
-4.39146439e+20
1965
-1.55673214e+21
-1.95777025e+21
-1.58165359e+21
-7.46561592e+21
1969
-1.23044607e+22
-1.59533861e+21
-1.84076536e+21
-2.01376248e+21
1973
-5.74938152e+20
-1.21339772e+22
-8.67555971e+20
-1.3675617e+21
1977
-3.7214229e+21
-1.95253183e+21
-6.25229969e+20
-1.80821262e+21
1981
-6.2781643e+20
-2.03272743e+21
-5.71762687e+21
-1.97016545e+21
1985
-1.89437884e+21
-1.94348652e+21
-5.52789266e+20
-7.61122233e+20

1429
-1.52647902e+21
-1.04722069e+22
-1.09892948e+21
-4.86831678e+21
1433
-1.06660064e+21
-1.82619278e+21
-2.38000721e+21
-2.30476508e+22
1437
-1.95053548e+21
-1.90656423e+20
-8.12990635e+20
-2.00290265e+22
1441
-1.63507356e+21
-1.08354198e+21
-1.99470262e+21
-1.57798765e+21
1445
-6.9721091e+20
-1.26662632e+20
-7.63837943e+21
-3.43321519e+20
1449
-5.50237233e+21
-9.41092377e+20
-1.75056435e+21
-1.67712948e+22
1453
-1.07517299e+21
-1.21753438e+22
-2.04453694e+21
-8.56423316e+21

1709
-2.65752732e+21
-2.08561776e+21
-2.63269649e+20
-2.55029678e+21
1713
-1.51366361e+22
-1.17929404e+21
-2.01405808e+21
-1.20374695e+21
1717
-1.08908672e+21
-1.5426535e+21
-1.92636073e+21
-1.87170673e+21
1721
-1.5435442e+21
-1.39107202e+22
-2.57193523e+20
-5.6004335e+21
1725
-5.29211136e+20
-4.96942877e+21
-1.55397262e+21
-1.78525595e+21
1729
-1.88128173e+21
-5.20194727e+20
-7.37035945e+20
-1.90503863e+21
1733
-7.57394031e+20
-1.10515856e+21
-1.68441944e+22
-1.95839775e+20

1205
-3.87496976e+21
-3.37699525e+21
-1.13652078e+22
-1.59620869e+21
1209
-9.05938318e+20
-4.92628553e+20
-2.12359791e+21
-1.98620695e+21
1213
-1.6347652e+21
-2.02514631e+21
-1.81771674e+20
-5.76587068e+20
1217
-1.35444438e+21
-4.23164592e+20
-1.9149272e+21
-7.35978834e+20
1221
-1.76779306e+21
-1.94163707e+21
-1.3234982e+21
-1.57980421e+21
1225
-1.91822911e+21
-3.71247024e+20
-5.77002873e+20
-6.75188236e+20
1229
-1.47459135e+21
-1.10600452e+21
-7.28058459e+20
-1.56897486e+21

1541
-3.4971409e+20
-1.98443495e+21
-1.94601944e+20
-1.8568872e+21
1545
-1.00239873e+22
-2.24866777e+21
-1.16690433e+21
-1.46821279e+22
1549
-1.75083343e+21
-6.00683954e+21
-1.59420349e+21
-1.29854336e+21
1553
-1.61150968e+21
-2.08008462e+21
-1.06417061e+21
-2.04469736e+21
1557
-9.67147639e+21
-1.78009294e+20
-2.04269679e+21
-2.07783834e+20
1561
-1.94357932e+20
-8.5225963e+20
-7.79218331e+21
-1.93226206e+21
1565
-9.66210571e+20
-3.04272035e+20
-4.41513052e+20
-1.85349321e+21

1933
-1.89941332e+21
-4.83879878e+20
-1.72167203e+20
-1.28620767e+21
1937
-2.1375264e+20
-8.61368495e+21
-3.07716638e+20
-1.754996e+21
1941
-1.93337316e+21
-9.68989863e+21
-1.7149604e+21
-1.74718288e+22
1945
-5.0481212e+20
-6.89587537e+20
-8.85116419e+21
-2.65153869e+20
1949
-1.13843723e+22
-3.24857602e+21
-1.68017517e+20
-1.99975643e+21
1953
-1.96282613e+21
-2.2130042e+22
-1.571617e+21
-8.76596525e+21
1957
-4.5694883e+21
-1.72510853e+21
-1.29473494e+21
-4.13770024e+21

1877
-1.88696974e+21
-1.47100651e+22
-6.43224742e+20
-2.37838959e+20
1881
-1.92877296e+21
-1.93159025e+21
-3.82750216e+21
-5.39273234e+20
1885
-3.47000763e+21
-1.72786094e+22
-6.95975689e+21
-8.43421222e+20
1889
-1.82780478e+21
-1.10146432e+21
-9.39818214e+21
-2.22509543e+20
1893
-2.1931508e+22
-1.9710019e+21
-3.00498773e+21
-4.7344094e+20
1897
-1.16674488e+22
-1.86638776e+21
-1.14045339e+21
-1.71201765e+21
1901
-2.96822563e+20
-1.56189634e+21
-1.07224321e+21
-2.74967118e+20

2129
-9.53406886e+20
-1.73719386e+21
-1.97821643e+21
-2.11751347e+21
2133
-1.74015534e+21
-1.92192236e+21
-1.09542622e+21
-1.58484545e+21
2137
-2.4477285e+20
-9.78937385e+20
-8.43978911e+20
-2.13912832e+22
2141
-1.76976688e+21
-4.07754476e+21
-1.23484512e+21
-6.1932132e+21
2145
-4.16152929e+21
-1.21909466e+22
-5.00460918e+20
-1.74246092e+21
2149
-2.0821855e+21
-7.60210156e+21
-4.51151889e+20
-1.93318611e+21
2153
-3.15751901e+21
-1.95744663e+21
-3.37576055e+20
-5.61139019e+21

1737
-2.08658372e+21
-1.25897735e+22
-1.81902895e+21
-3.10077175e+20
1741
-1.08417502e+21
-1.27822919e+21
-3.19871882e+20
-1.52470353e+21
1745
-2.57168941e+20
-1.58378973e+21
-1.77786965e+21
-5.78154772e+21
1749
-5.13636038e+21
-1.22076212e+21
-3.68689138e+20
-1.82134638e+21
1753
-1.81195993e+21
-3.94807006e+20
-5.66413247e+20
-1.8807149e+21
1757
-2.60693235e+20
-1.83403622e+21
-3.5846551e+21
-2.11450162e+21
1761
-1.62524575e+21
-1.09731157e+21
-2.80127847e+21
-6.52833395e+21

2017
-6.14998278e+21
-1.91821944e+20
-1.22843817e+21
-2.83326371e+20
2021
-1.44357276e+21
-1.50490291e+20
-2.09539216e+21
-2.02786537e+21
2025
-1.82942832e+21
-1.91355799e+21
-2.0955544e+20
-1.21701448e+22
2029
-2.91994176e+21
-1.54844191e+21
-2.34489014e+21
-1.71165726e+21
2033
-1.8152322e+21
-1.98140051e+21
-2.82164317e+20
-4.12735773e+21
2037
-1.82797928e+21
-1.72348108e+21
-1.10430359e+21
-2.01462922e+21
2041
-8.43485429e+20
-1.86686732e+21
-2.09683411e+21
-1.94778528e+21

1849
-4.61478428e+20
-6.91706094e+21
-2.53492356e+20
-6.95525637e+21
1853
-8.45632526e+21
-1.8586058e+21
-3.9392761e+21
-1.60291021e+21
1857
-8.28485915e+20
-1.19354792e+21
-1.98475913e+21
-1.88081277e+21
1861
-1.91213439e+21
-7.89630029e+20
-1.9212354e+20
-1.93998327e+21
1865
-6.36276561e+21
-1.00234127e+21
-2.35550573e+21
-1.2085028e+21
1869
-1.16026621e+21
-4.51351118e+20
-1.71956576e+21
-1.31787993e+21
1873
-1.48901496e+21
-2.04005191e+21
-3.9586346e+21
-1.8527993e+21

2101
-4.26341527e+21
-2.69728409e+21
-1.97890308e+21
-2.78221645e+21
2105
-2.20455767e+21
-1.74110713e+21
-1.35261109e+21
-2.0199542e+21
2109
-9.08549921e+20
-2.02433167e+21
-8.34085214e+20
-2.39001244e+21
2113
-2.20178759e+20
-9.63852518e+20
-8.51763022e+21
-1.79070984e+21
2117
-2.56467853e+20
-4.19522157e+20
-2.0837675e+21
-1.62795601e+21
2121
-1.60251978e+21
-3.26871395e+20
-8.11283996e+21
-1.56057513e+21
2125
-1.59295266e+21
-3.09745526e+21
-9.91882218e+21
-5.44727454e+20

1821
-6.35145932e+20
-1.98645102e+21
-1.41289523e+21
-1.93530327e+21
1825
-1.67086483e+21
-7.21042691e+20
-1.83569269e+21
-6.00356339e+21
1829
-8.15521374e+20
-2.08105916e+22
-7.74194123e+20
-1.13545348e+22
1833
-1.75889216e+21
-7.69785481e+20
-1.83337147e+21
-1.47707746e+21
1837
-1.37320778e+21
-1.20033299e+22
-1.4260362e+21
-1.37601139e+20
1841
-1.85560081e+21
-5.85406624e+20
-1.65840871e+21
-1.49615703e+21
1845
-1.42342605e+22
-1.32152675e+22
-1.59719298e+21
-1.88463801e+21

2073
-9.69024502e+20
-7.41788746e+20
-1.07204431e+21
-1.96307444e+21
2077
-2.01648575e+21
-3.07346547e+20
-1.83713857e+21
-2.56149088e+20
2081
-1.64956906e+21
-1.94359297e+22
-2.42730737e+20
-3.22851156e+21
2085
-1.58055072e+21
-1.74170345e+20
-1.90914111e+20
-1.09198113e+21
2089
-1.73403484e+20
-2.00313589e+21
-6.22674279e+21
-1.71868359e+21
2093
-1.79483215e+21
-1.17962199e+22
-2.65599279e+21
-5.20346119e+20
2097
-1.77952874e+21
-2.24916913e+20
-1.81679759e+20
-1.72967405e+22

1989
-1.87560508e+21
-1.74083987e+21
-1.89373245e+20
-1.90982054e+20
1993
-3.85645076e+21
-1.83970336e+21
-2.02711556e+21
-8.41589364e+20
1997
-1.93069782e+21
-1.63049235e+20
-8.75676917e+21
-1.12596873e+22
2001
-2.05797809e+21
-4.29876812e+20
-1.16939954e+21
-1.78071036e+21
2005
-3.17577055e+20
-7.56986768e+20
-1.67775324e+21
-9.6681072e+20
2009
-9.45603283e+20
-1.10072029e+21
-1.08283723e+22
-1.09533951e+21
2013
-1.99378247e+21
-6.57079013e+21
-1.02971046e+21
-6.39095854e+20

1905
-9.96751548e+21
-3.06199173e+20
-8.78628508e+20
-5.4425053e+20
1909
-1.79960813e+21
-7.35646682e+21
-1.98320629e+21
-1.57144444e+22
1913
-2.89053264e+20
-2.0654431e+21
-5.16811269e+21
-2.27871892e+21
1917
-1.74225222e+21
-2.5553959e+20
-1.98910326e+21
-2.10392535e+21
1921
-5.15483001e+21
-1.20557412e+22
-1.70574139e+21
-1.93000735e+21
1925
-4.04949485e+20
-1.99443979e+20
-1.8897947e+21
-1.34742783e+22
1929
-2.18792165e+20
-1.98382121e+21
-6.89400655e+21
-9.13499819e+21

2213
-2.3768778e+20
-4.50132337e+21
-3.8916931e+21
-1.91580511e+20
2217
-8.25961382e+21
-1.86973644e+21
-2.02314587e+20
-2.52709048e+21
2221
-2.15048371e+22
-1.11571137e+21
-7.14346431e+20
-1.26427164e+21
2225
-2.75122632e+21
-2.0642627e+20
-2.98961403e+20
-2.08028408e+21
2229
-3.92938744e+21
-1.68137413e+20
-1.86597505e+21
-5.44096025e+21
2233
-8.00252307e+21
-1.79484641e+21
-9.15824473e+21
-3.53365884e+20
2237
-1.9597436e+21
-9.72760581e+20
-4.50547588e+21
-8.03294684e+20

2185
-1.98008452e+21
-1.36186985e+21
-1.68112301e+20
-1.01052049e+21
2189
-6.70449361e+20
-1.90912613e+20
-1.77566943e+21
-1.91903499e+21
2193
-4.93591053e+21
-8.07708194e+21
-1.68789565e+21
-5.66976948e+20
2197
-1.90202121e+21
-1.1420519e+21
-7.8946761e+20
-5.6188391e+20
2201
-1.76150419e+21
-1.69224227e+22
-1.80488804e+20
-2.02229557e+20
2205
-1.81962808e+21
-5.78089118e+20
-1.5609307e+21
-1.91249005e+21
2209
-3.54162021e+21
-7.78940485e+20
-1.14785838e+21
-1.97468666e+21

281
-1.07954672e+22
-1.80079844e+21
-1.77358099e+20
-1.96246399e+21
285
-5.55670755e+21
-1.68789619e+21
-2.31539963e+20
-3.37956298e+20
289
-1.52403027e+21
-1.09719623e+21
-2.78006787e+20
-1.94250199e+21
293
-9.21221333e+20
-9.24233269e+20
-2.00176737e+21
-8.99698551e+20
297
-1.86193575e+21
-1.19985964e+22
-1.18461022e+21
-2.03507465e+21
301
-3.98464097e+20
-1.04851434e+21
-1.93294633e+20
-1.71684295e+22
305
-9.48649438e+20
-2.0090893e+21
-1.88989461e+21
-1.18616804e+21

2241
-2.06637938e+20
-9.08794745e+20
-5.31920458e+20
-6.31841512e+21
2245
-2.81798756e+21
-2.35887897e+21
-1.01010705e+22
-1.94052807e+21
2249
-7.79500494e+21
-9.58118555e+20
-3.27327931e+20
-5.25665253e+20
2253
-1.93640874e+21
-2.01990759e+21
-1.44537153e+22
-7.42398813e+21
2257
-3.74486982e+20
-2.04926406e+21
-3.34147179e+21
-1.64158044e+21
2261
-2.09778055e+21
-1.42200052e+21
-1.69414069e+21
-2.49980177e+21
2265
-1.52616891e+22
-1.60518625e+21
-9.30392841e+21
-1.80785533e+21

2437
-2.09696069e+21
-1.46181698e+21
-2.11531923e+21
-1.36496133e+21
2441
-1.51109122e+22
-2.57006444e+21
-3.25063387e+21
-8.98836421e+20
2445
-9.07731515e+21
-6.79629484e+20
-1.93824478e+21
-2.41353393e+20
2449
-2.19744906e+20
-1.19852812e+22
-1.96711239e+21
-2.10069744e+21
2453
-2.00599142e+20
-7.60423752e+21
-1.14805211e+21
-1.0814612e+21
2457
-1.71110449e+20
-7.005547e+20
-1.67147903e+21
-2.48300972e+20
2461
-1.69258845e+20
-6.87471582e+20
-2.06152905e+21
-1.81653474e+21

2549
-4.35085913e+21
-1.42189656e+22
-3.43046362e+21
-4.15203789e+21
2553
-1.31966791e+21
-1.91022192e+21
-1.68015168e+20
-1.54427468e+21
2557
-1.75759838e+21
-2.61877064e+21
-4.54537256e+20
-1.94215977e+21
2561
-1.43707715e+21
-3.96395779e+21
-1.78564611e+21
-3.65568871e+20
2565
-1.46707174e+21
-1.63845784e+21
-1.863272e+21
-3.37313226e+21
2569
-4.42617908e+20
-5.60978077e+21
-7.89118141e+20
-1.15213651e+22
2573
-2.45194201e+21
-1.44633267e+22
-8.45066277e+20
-2.19166726e+21

2409
-1.88754248e+21
-9.30323409e+20
-2.56657599e+21
-1.40485378e+21
2413
-8.95988087e+20
-2.03254472e+21
-4.87554006e+21
-8.46878566e+21
2417
-7.27429903e+21
-8.08351891e+21
-1.9563454e+21
-1.84264313e+21
2421
-1.82267191e+20
-2.31953453e+20
-1.8166342e+21
-1.6220798e+21
2425
-4.87074871e+20
-1.92263877e+21
-6.97377276e+20
-1.98250654e+21
2429
-1.08022888e+21
-1.32966956e+22
-5.57097792e+21
-2.0682629e+21
2433
-1.62756267e+21
-1.73487668e+21
-2.73292116e+21
-1.26524067e+21

2577
-1.13495812e+21
-5.7301538e+20
-2.0360497e+21
-4.24938781e+20
2581
-1.39377449e+21
-1.73103101e+20
-1.40899454e+21
-2.2240161e+21
2585
-1.46605075e+21
-1.30159296e+22
-1.11443424e+22
-4.38951826e+20
2589
-9.04514529e+21
-1.84832997e+21
-6.76894402e+20
-1.61752059e+21
2593
-2.81047792e+20
-1.81497902e+21
-1.74743839e+21
-1.10560949e+21
2597
-1.55996265e+21
-2.33531803e+20
-1.37227651e+22
-3.61408158e+21
2601
-1.91820453e+20
-7.98744833e+21
-3.80907739e+20
-1.54528138e+21

2465
-2.06533101e+20
-1.95042095e+21
-8.22466003e+20
-1.00214656e+21
2469
-1.82350254e+21
-1.4211312e+21
-7.77154715e+20
-5.42889406e+20
2473
-2.2937266e+20
-9.67596605e+20
-9.47268832e+21
-3.93345243e+20
2477
-1.90337559e+20
-1.37908833e+21
-2.91002174e+20
-1.76671545e+22
2481
-5.92987883e+20
-1.80337692e+21
-1.97860585e+21
-2.07866094e+21
2485
-2.34769048e+20
-4.60825999e+21
-1.94581876e+21
-1.95579884e+21
2489
-2.2696755e+20
-5.67401859e+21
-5.87044757e+20
-1.24605725e+21

3193
-4.48389088e+21
-1.90184197e+20
-2.3277782e+21
-9.14126485e+20
3197
-4.93579636e+20
-2.29994492e+21
-1.94990675e+22
-1.53885466e+21
3201
-1.98176353e+21
-1.32852901e+21
-6.29534959e+20
-8.32489839e+20
3205
-1.20144712e+22
-1.06489231e+21
-1.75758497e+21
-4.75490191e+21
3209
-8.41744884e+20
-2.09226258e+21
-6.35463881e+20
-9.75071515e+21
3213
-1.81311018e+21
-2.62676697e+20
-1.81537053e+21
-1.39547418e+22
3217
-1.28876408e+22
-6.89496843e+21
-1.87579795e+21
-2.09693647e+20

2605
-1.19486128e+21
-1.07500786e+22
-3.28340536e+20
-3.83285886e+20
2609
-1.59384501e+21
-7.33874488e+20
-2.03250218e+21
-4.60020576e+21
2613
-7.98709351e+21
-3.90035158e+21
-1.04274599e+22
-1.68840701e+21
2617
-1.40698646e+21
-1.54307888e+21
-9.96064143e+20
-1.7728942e+21
2621
-1.95682485e+21
-2.04602363e+21
-3.10959848e+20
-1.45046104e+21
2625
-2.99656608e+21
-6.55277121e+21
-7.48309582e+21
-1.03103034e+21
2629
-1.71945021e+21
-5.93872591e+21
-1.0939666e+22
-2.23291121e+21

2353
-1.58281392e+22
-2.80591169e+21
-4.66865409e+20
-1.45255623e+22
2357
-1.92604051e+21
-1.96460489e+21
-1.70940883e+22
-8.63094224e+20
2361
-2.99125224e+21
-2.0423841e+21
-1.0257834e+21
-6.91826945e+20
2365
-1.45538157e+21
-4.68098687e+20
-1.67492506e+21
-9.64125706e+20
2369
-1.7625824e+21
-1.59566573e+21
-2.38501944e+21
-1.23845722e+21
2373
-1.82543678e+20
-1.67764377e+22
-2.70083095e+21
-2.83255079e+20
2377
-3.29381268e+20
-1.55758544e+21
-1.00532985e+21
-1.70134727e+21

2521
-9.04528359e+21
-1.27491208e+22
-2.28140731e+20
-1.95177409e+21
2525
-1.09912129e+22
-1.33912502e+22
-3.24971315e+20
-1.56521062e+21
2529
-1.55753527e+21
-4.6147171e+21
-6.95990186e+21
-1.97158101e+21
2533
-4.28931141e+21
-3.8857359e+20
-9.00025586e+21
-2.29623031e+21
2537
-1.13626535e+21
-7.41142312e+20
-1.39298621e+21
-1.60524749e+21
2541
-1.56207344e+21
-1.94942084e+21
-2.06137068e+21
-2.01627643e+20
2545
-1.62571898e+21
-9.87232042e+20
-5.54979263e+20
-1.6233031e+21

3053
-1.91353092e+21
-7.46204744e+20
-1.39912817e+21
-2.10694107e+21
3057
-3.57315974e+20
-1.3078998e+22
-3.41229469e+20
-1.63546792e+21
3061
-1.91138998e+21
-3.06766687e+21
-1.9914045e+21
-7.81598845e+20
3065
-1.92823934e+21
-1.72244946e+21
-1.15687795e+21
-1.21858442e+22
3069
-1.88042402e+21
-2.29896723e+20
-2.08435753e+21
-1.92630777e+20
3073
-2.16276936e+21
-2.09138418e+21
-1.23194105e+21
-2.5597208e+21
3077
-2.24684384e+20
-4.34589294e+20
-1.49291291e+22
-2.03904143e+21

2493
-1.79205701e+21
-1.93754208e+21
-1.21561868e+22
-1.04719432e+22
2497
-6.95452786e+20
-1.23050558e+21
-1.66648525e+21
-1.90913525e+21
2501
-3.70772633e+20
-1.44910082e+21
-1.9853564e+21
-2.0081099e+21
2505
-8.25509732e+21
-1.06956508e+21
-2.89709661e+20
-9.31250331e+20
2509
-2.586477e+21
-1.16309939e+22
-2.54431184e+21
-2.040991e+21
2513
-1.87849019e+21
-2.09782233e+21
-4.9888736e+21
-2.28525214e+20
2517
-1.90859751e+21
-7.57605976e+21
-1.57954867e+21
-1.70895353e+21

2885
-2.12264732e+21
-1.93451242e+20
-1.83193937e+21
-1.55198371e+21
2889
-5.00542871e+21
-4.85341962e+20
-8.73397259e+21
-8.23945734e+21
2893
-9.77361659e+21
-6.83912237e+20
-1.31917701e+21
-4.02246586e+20
2897
-1.43894799e+21
-1.80581768e+21
-1.97086789e+21
-1.60774591e+22
2901
-1.3365147e+20
-1.95835961e+21
-2.08031103e+21
-1.517764e+22
2905
-1.88498715e+21
-1.58729825e+21
-3.05776668e+20
-2.03333422e+21
2909
-7.71397739e+21
-3.67967506e+21
-9.23832372e+20
-2.14013659e+20

2717
-1.52233072e+21
-7.42256189e+20
-6.98591492e+20
-6.13474847e+20
2721
-9.36645697e+20
-1.37380348e+21
-1.53866011e+21
-9.8373749e+20
2725
-2.00663241e+21
-3.05546882e+20
-1.88773337e+21
-1.71963115e+21
2729
-2.02291586e+21
-1.795862e+21
-7.94114859e+20
-5.74482089e+20
2733
-1.94370921e+21
-2.06126663e+21
-1.59944147e+21
-2.67804521e+21
2737
-4.31472394e+21
-1.87038067e+21
-9.7728809e+20
-6.98292771e+20
2741
-1.75546163e+21
-1.33353223e+21
-7.31833006e+21
-8.97290593e+21

2857
-5.98453891e+21
-1.04982569e+21
-1.05630039e+22
-9.0531692e+21
2861
-1.00315122e+21
-1.13538239e+21
-1.64345336e+21
-1.1222851e+21
2865
-1.89769875e+21
-9.51344106e+20
-1.40930805e+21
-1.15713292e+22
2869
-7.79260496e+20
-1.24204145e+22
-2.70207719e+21
-2.32095391e+20
2873
-2.06791385e+20
-1.03773256e+21
-1.59820244e+21
-4.54678163e+20
2877
-2.02355906e+21
-4.30481283e+20
-2.05990777e+21
-2.25583031e+20
2881
-1.77395902e+21
-1.64269884e+21
-1.75378144e+21
-1.4647242e+21

2689
-1.99588476e+21
-1.65419924e+21
-1.06732392e+21
-1.89109369e+20
2693
-1.71367727e+20
-7.94525577e+20
-1.82041247e+21
-1.85040561e+21
2697
-5.62056252e+20
-1.76665863e+22
-1.17379853e+22
-4.65679963e+20
2701
-1.82115196e+21
-1.84521975e+21
-2.1245918e+21
-1.12824903e+22
2705
-2.30820514e+20
-1.66557427e+21
-2.12837884e+21
-5.96820887e+21
2709
-1.44889727e+21
-2.30806104e+21
-1.48514412e+21
-2.61169061e+20
2713
-2.30104805e+20
-1.83959477e+21
-4.6014179e+21
-1.95494688e+21

2269
-4.57759687e+21
-2.6512969e+21
-5.87538812e+21
-1.63039605e+20
2273
-1.21339935e+21
-1.79177921e+21
-2.70584807e+20
-1.17747355e+22
2277
-2.16543964e+20
-3.6106178e+21
-3.26675771e+20
-1.86416844e+20
2281
-2.11739431e+21
-9.26310923e+21
-2.11980504e+20
-1.55640445e+22
2285
-1.06237159e+21
-8.98002043e+20
-1.44109143e+21
-3.08062673e+20
2289
-1.67277975e+21
-1.05307177e+21
-1.76751455e+21
-1.6549886e+22
2293
-7.74415795e+20
-1.00735664e+21
-1.59444699e+22
-8.34873858e+20

2913
-4.15596381e+21
-2.79854237e+20
-1.83586155e+21
-5.5173535e+20
2917
-2.03726616e+21
-1.22103175e+21
-2.08182362e+21
-1.31962106e+21
2921
-4.17012637e+21
-1.7976392e+21
-5.16754764e+20
-4.61546841e+20
2925
-1.36125746e+22
-1.50035426e+21
-1.31059016e+22
-2.08743232e+21
2929
-1.92694295e+21
-1.927083e+21
-1.6785061e+21
-2.03825347e+21
2933
-1.52186745e+20
-1.84784793e+21
-1.36943458e+22
-2.35239718e+20
2937
-9.81018793e+20
-2.95716018e+20
-1.79216051e+21
-3.13831952e+21

2969
-1.12826865e+22
-1.99664807e+21
-1.97871916e+21
-1.86569532e+21
2973
-1.83571869e+21
-7.71192445e+21
-3.76403858e+21
-3.87707822e+20
2977
-1.74439663e+21
-8.08092496e+21
-4.67812488e+21
-1.15154998e+21
2981
-9.14374573e+20
-1.8988762e+21
-4.13443988e+21
-2.68000603e+20
2985
-2.73105533e+20
-2.03890469e+20
-3.87420128e+20
-2.06744013e+20
2989
-2.94525766e+21
-1.88954046e+21
-6.8106779e+21
-1.5609903e+21
2993
-1.41939651e+21
-2.64324263e+20
-1.81373814e+21
-1.19759572e+22

2773
-1.83841843e+21
-1.27267738e+21
-1.96078245e+21
-2.68172178e+21
2777
-3.97156832e+20
-1.99891311e+22
-4.77383108e+20
-2.03722437e+21
2781
-1.70880759e+21
-2.77190132e+21
-1.90057693e+21
-1.94601755e+21
2785
-2.07452407e+21
-1.84900853e+21
-4.9830512e+20
-1.778e+21
2789
-1.39799577e+21
-6.6760303e+21
-7.13372458e+20
-1.2449644e+21
2793
-1.75705269e+21
-3.85179227e+20
-1.21118094e+21
-6.99221299e+21
2797
-1.87089932e+21
-1.37597998e+21
-5.34174145e+21
-1.75978783e+21

2381
-1.24811001e+22
-2.11287115e+21
-1.36007827e+22
-2.02548815e+21
2385
-5.97834609e+20
-1.98801235e+21
-6.23760751e+20
-5.0399306e+21
2389
-5.48594882e+20
-9.60905791e+20
-1.38052402e+22
-1.40337955e+22
2393
-9.88610999e+21
-2.14713274e+20
-1.86640599e+21
-1.78937469e+21
2397
-5.27318642e+20
-1.94756489e+21
-1.67410567e+22
-1.96436066e+21
2401
-1.93360865e+21
-1.59777528e+21
-4.37740057e+21
-8.85019832e+21
2405
-3.33683228e+20
-1.69650947e+21
-9.89944102e+21
-4.48289371e+21

2633
-2.08473426e+21
-5.82519904e+21
-1.61925965e+21
-4.27858618e+21
2637
-8.51859615e+21
-1.04973423e+21
-2.06761346e+21
-2.13937031e+21
2641
-8.31810919e+21
-1.40282842e+21
-3.01870645e+20
-2.12733508e+21
2645
-4.38862506e+20
-1.42190577e+22
-1.72638579e+21
-1.5608061e+22
2649
-1.33068406e+21
-1.72245806e+21
-1.69275293e+20
-1.65911942e+21
2653
-4.50579666e+21
-8.30384786e+21
-2.01116236e+21
-7.04760668e+20
2657
-1.16227033e+22
-4.83342479e+20
-7.38032625e+20
-2.85141649e+20

2325
-5.20016204e+20
-1.7336689e+21
-2.80224557e+21
-4.55203843e+21
2329
-2.27248382e+20
-1.8319261e+21
-1.65869391e+21
-4.00375767e+20
2333
-2.5202881e+20
-6.08335463e+20
-5.55117883e+21
-1.03980774e+21
2337
-2.13197296e+20
-1.01540849e+21
-4.3173943e+21
-1.99650129e+21
2341
-4.40386511e+20
-1.7676371e+21
-8.37269944e+21
-8.61041379e+20
2345
-1.85579473e+21
-6.49487358e+21
-1.13737024e+22
-2.04093372e+21
2349
-2.77237861e+21
-1.59899329e+21
-3.4008316e+21
-2.10838036e+21

2297
-1.09528199e+21
-5.39033035e+20
-2.08189779e+20
-1.91567001e+21
2301
-1.9096425e+21
-3.95391729e+20
-1.97902829e+21
-1.38690275e+21
2305
-6.38209197e+20
-1.60450594e+21
-3.91582118e+21
-3.93350004e+21
2309
-1.62763378e+20
-9.09996975e+21
-1.92403141e+21
-4.00477414e+21
2313
-2.26580667e+20
-9.89821293e+20
-2.04584694e+21
-1.76002984e+21
2317
-1.90524669e+21
-1.94055723e+21
-7.13814364e+21
-1.89625393e+21
2321
-2.56237885e+21
-4.40243332e+21
-2.8484169e+21
-1.8745418e+21

2997
-1.079537e+21
-2.02240735e+21
-1.83338877e+21
-1.17337225e+22
3001
-1.58900371e+21
-1.98078599e+21
-4.76111603e+20
-2.43644151e+20
3005
-4.14612243e+20
-2.8358223e+20
-7.29858157e+20
-1.88224512e+21
3009
-1.96654272e+21
-1.06832643e+21
-2.01301644e+21
-2.60554686e+20
3013
-1.67655271e+21
-1.70886603e+21
-2.00735061e+20
-1.46268169e+22
3017
-1.90315543e+21
-3.61053726e+21
-1.59260376e+21
-2.07042523e+20
3021
-7.48307901e+21
-1.99159467e+21
-1.72279117e+22
-5.24851421e+20

3165
-1.37714015e+22
-1.84007105e+21
-2.12161294e+22
-8.32663142e+21
3169
-1.43777935e+22
-2.12011117e+21
-2.0567456e+21
-6.55539837e+21
3173
-3.05783389e+20
-6.06831191e+21
-3.70782543e+20
-1.5616115e+21
3177
-6.32170509e+21
-3.10015974e+21
-1.20772115e+21
-5.15049439e+20
3181
-2.33262985e+21
-1.18360875e+22
-2.94820243e+21
-1.60028703e+21
3185
-1.10468477e+21
-3.29425241e+20
-1.10837382e+21
-3.25583112e+20
3189
-1.97013978e+20
-1.97682905e+21
-1.00536166e+21
-1.37472278e+22

2801
-5.69587269e+21
-2.08351895e+21
-1.12632366e+21
-5.24354899e+21
2805
-3.07236815e+21
-1.52817185e+21
-2.05691099e+21
-2.06778732e+21
2809
-1.59074044e+21
-2.04956914e+21
-8.04714989e+20
-3.6583403e+20
2813
-1.82895821e+21
-2.08458165e+21
-1.49994594e+22
-1.8618952e+21
2817
-1.45119129e+22
-1.50560003e+21
-6.71832815e+20
-1.83566198e+21
2821
-1.99539358e+21
-1.33868474e+22
-2.43489747e+20
-1.66012641e+21
2825
-5.37961532e+21
-1.99581312e+22
-9.17274064e+20
-5.98646037e+20

3305
-1.76658718e+21
-1.34999621e+22
-1.95920935e+21
-1.94344635e+21
3309
-1.52876576e+21
-6.64719865e+20
-3.26263217e+21
-1.9090485e+21
3313
-1.85731702e+21
-4.47645964e+21
-1.24145641e+22
-2.03578479e+21
3317
-5.9606721e+21
-5.24497416e+20
-3.48226854e+21
-1.26908861e+21
3321
-7.8941953e+21
-1.23079348e+21
-1.68483925e+21
-8.8784253e+21
3325
-1.31973045e+21
-1.89284959e+21
-2.28172432e+20
-2.16074951e+20
3329
-4.7056389e+20
-5.1531589e+21
-1.78013249e+21
-9.26754508e+21

2829
-1.56918904e+20
-1.65691261e+21
-2.0559081e+20
-8.80751864e+20
2833
-3.35376856e+20
-1.4881204e+21
-3.23950854e+21
-1.78575661e+21
2837
-2.7435508e+21
-1.07802303e+21
-1.51712678e+21
-5.91786871e+21
2841
-3.38436751e+21
-2.73169842e+21
-1.73348115e+21
-1.57610185e+20
2845
-2.01996296e+21
-1.82296467e+21
-1.64871892e+20
-8.41260772e+21
2849
-3.50234969e+21
-2.52997852e+21
-2.02254947e+21
-4.39090791e+21
2853
-1.51527047e+20
-9.48446709e+21
-1.09238983e+22
-1.76947668e+22

3025
-3.78694312e+21
-1.11508627e+22
-4.19220991e+21
-1.82078247e+21
3029
-9.13015569e+21
-6.32677947e+21
-1.99941078e+21
-1.71939881e+21
3033
-2.94352459e+21
-4.68835797e+20
-1.6650686e+21
-2.23740193e+20
3037
-1.89651677e+20
-2.77775221e+21
-5.73517104e+21
-1.18536397e+21
3041
-1.63205485e+21
-1.65888028e+22
-1.46566941e+22
-6.02957276e+20
3045
-1.97078196e+21
-1.90392923e+21
-3.414647e+20
-5.76203088e+21
3049
-3.28196903e+21
-7.88022615e+21
-2.03077079e+21
-1.24395857e+21

2745
-1.77371969e+21
-2.03649662e+21
-6.34362311e+21
-1.49505162e+21
2749
-6.22515112e+21
-1.75827748e+21
-3.48627547e+20
-3.19044683e+20
2753
-1.47566454e+22
-1.22116025e+21
-1.79408562e+21
-1.17626345e+21
2757
-1.51513798e+21
-1.99658435e+21
-1.27283938e+21
-3.04241466e+20
2761
-1.46961037e+22
-4.07583446e+20
-1.78896663e+21
-6.523819e+21
2765
-4.84384628e+20
-3.29936316e+21
-5.97309847e+20
-8.86507728e+21
2769
-6.2369504e+21
-1.92263919e+21
-1.20423795e+21
-1.53027927e+21

2941
-1.16220715e+22
-1.6086771e+21
-1.65005321e+21
-4.01435804e+21
2945
-1.77877667e+21
-1.68040887e+21
-8.02469212e+21
-3.91519308e+20
2949
-7.20475619e+20
-1.79718915e+20
-2.79612508e+20
-2.59565614e+20
2953
-1.68222504e+20
-1.61687049e+21
-2.4795458e+21
-1.76165249e+20
2957
-1.27452813e+21
-2.43894838e+20
-1.75730351e+21
-1.2118115e+21
2961
-1.25983795e+21
-1.47267424e+21
-2.06950427e+21
-1.8653618e+21
2965
-3.41489691e+20
-4.26299078e+21
-3.15498021e+21
-1.05767847e+22

3249
-7.05754242e+21
-1.5027043e+22
-7.74601998e+21
-1.62635777e+21
3253
-1.19445741e+21
-2.02308192e+21
-1.08051899e+22
-1.6188829e+21
3257
-2.02647913e+21
-2.85952529e+21
-1.0115254e+21
-1.64995736e+21
3261
-1.71045752e+21
-1.7366438e+21
-1.46129225e+21
-1.49548203e+21
3265
-3.97403579e+20
-1.18613369e+22
-1.67297051e+21
-2.36190996e+20
3269
-1.95835921e+21
-2.05715509e+21
-1.65605293e+21
-7.15382485e+20
3273
-9.03584871e+20
-4.92425044e+20
-1.30204395e+21
-2.03411528e+21

3277
-2.42314464e+20
-1.97564499e+21
-1.37376451e+21
-1.92075156e+21
3281
-3.19286928e+20
-2.60484774e+20
-2.06495348e+21
-5.61994976e+20
3285
-1.97375894e+21
-1.83663533e+20
-5.15535976e+21
-2.53017365e+21
3289
-1.82773592e+21
-3.24557035e+20
-1.54114621e+21
-3.37775706e+21
3293
-2.08840558e+21
-1.88242202e+21
-2.09546652e+21
-1.21066373e+22
3297
-3.65559211e+20
-1.37900208e+21
-1.70389695e+21
-7.05225765e+20
3301
-1.62999375e+21
-4.36243293e+20
-2.03789926e+21
-1.07450407e+22

3081
-9.28662716e+20
-2.92865366e+20
-3.37422158e+20
-6.27639544e+21
3085
-1.93007808e+21
-4.81410204e+20
-2.64884851e+20
-1.4192602e+21
3089
-1.79756085e+21
-1.62467062e+21
-1.70607737e+21
-1.86329821e+21
3093
-6.9957393e+21
-2.01244403e+21
-1.8649959e+22
-4.65828122e+21
3097
-5.10593827e+20
-1.83003874e+21
-2.41356166e+20
-2.90372801e+21
3101
-1.70796749e+22
-2.93971029e+21
-1.37640677e+21
-1.93141406e+21
3105
-3.29192446e+20
-1.62110424e+21
-4.03719056e+20
-1.71495223e+21

2661
-1.76687283e+21
-9.9590849e+20
-6.48668993e+21
-1.79880794e+21
2665
-1.66270396e+22
-9.8160988e+20
-1.41364671e+21
-4.36706113e+20
2669
-2.05060473e+21
-2.04270453e+21
-1.78648112e+21
-2.1177685e+21
2673
-1.25731284e+20
-1.78665755e+21
-5.85163079e+21
-2.12952747e+21
2677
-1.40258647e+21
-6.28234763e+21
-4.3463026e+21
-2.44897519e+20
2681
-7.28944229e+20
-1.16322489e+21
-1.57720929e+20
-2.12015025e+21
2685
-1.86744415e+21
-2.09781977e+21
-8.7820009e+20
-5.00466145e+20

3473
-5.40114713e+20
-1.21126588e+22
-2.0339058e+21
-2.04591616e+21
3477
-1.82555053e+21
-7.32832539e+21
-1.73591331e+21
-2.12390624e+21
3481
-1.79492187e+21
-5.16932381e+21
-4.47037379e+20
-2.0431762e+20
3485
-2.70679942e+20
-1.39761138e+21
-2.45878896e+21
-1.29872358e+21
3489
-1.03213647e+21
-2.01091963e+20
-1.45652622e+21
-3.2051336e+20
3493
-4.74701655e+21
-1.52226265e+20
-1.08092406e+21
-6.52375813e+21
3497
-2.01701425e+21
-7.31491744e+21
-3.61766094e+20
-2.01828124e+21

3333
-2.06618093e+21
-1.88185949e+21
-7.17872834e+20
-1.92059374e+21
3337
-1.91213675e+21
-2.10245117e+21
-1.97578463e+21
-1.26198616e+21
3341
-1.88972503e+20
-2.06229019e+21
-1.20479028e+21
-1.24518017e+21
3345
-2.05372365e+21
-1.71808763e+21
-2.58641342e+21
-1.24756701e+22
3349
-1.78907076e+21
-1.0902497e+22
-1.53021136e+21
-5.68457808e+21
3353
-1.84944984e+21
-1.45925416e+21
-1.87353283e+20
-1.03109185e+21
3357
-4.89838058e+20
-1.15934335e+21
-1.15017326e+21
-4.8329098e+21

3221
-2.23139113e+21
-1.03708557e+21
-2.08446416e+21
-2.01893412e+21
3225
-8.61091158e+21
-4.16418439e+20
-2.12749274e+20
-4.04486515e+20
3229
-1.13049253e+21
-2.1980025e+21
-1.19574049e+21
-9.65559518e+20
3233
-1.9146508e+21
-1.53297643e+21
-3.70040925e+20
-1.74128266e+22
3237
-2.1682734e+22
-7.94799247e+21
-9.41414555e+20
-1.3139563e+21
3241
-9.44546344e+20
-3.98754107e+21
-2.37606873e+20
-1.71213767e+22
3245
-8.96641001e+20
-1.81224879e+21
-1.43295519e+20
-1.44098125e+21

3137
-2.11478315e+20
-1.05959211e+22
-2.04271288e+21
-2.39706744e+20
3141
-5.05008639e+20
-1.83814106e+21
-7.67161421e+21
-2.02622189e+21
3145
-1.99120682e+20
-1.2601457e+21
-1.47529345e+21
-1.37272939e+20
3149
-1.9893155e+21
-8.2274433e+21
-9.41931793e+20
-1.93752907e+21
3153
-1.75285215e+21
-2.04414814e+21
-1.29864726e+21
-1.2197527e+21
3157
-2.46314189e+20
-1.18578325e+21
-5.50598562e+21
-9.76207604e+20
3161
-4.9078671e+21
-3.39515528e+21
-1.41249131e+21
-1.24828765e+21

3361
-1.79091321e+21
-1.90692107e+20
-1.07699806e+21
-2.5088724e+21
3365
-3.50500217e+20
-1.90133133e+21
-1.87683946e+21
-3.87163611e+21
3369
-5.48432272e+20
-1.37693956e+21
-2.04659495e+21
-7.13374116e+20
3373
-1.64091511e+22
-1.3762839e+22
-1.25076257e+22
-2.04244934e+21
3377
-2.94840545e+21
-3.72171397e+20
-1.12355192e+21
-1.86002076e+22
3381
-1.37884294e+21
-1.67538459e+21
-1.69210713e+21
-5.22450295e+20
3385
-1.76675946e+21
-1.97239689e+21
-1.98239506e+21
-1.51824676e+22

3109
-5.29729696e+20
-2.15096541e+21
-1.49324036e+22
-9.2806147e+21
3113
-3.59301964e+21
-1.96749677e+21
-2.78947333e+20
-4.18562106e+21
3117
-4.7884904e+21
-4.45169159e+20
-2.10508733e+21
-1.79930189e+21
3121
-1.39508676e+21
-2.23212032e+21
-2.06190159e+20
-1.44188867e+21
3125
-1.8395276e+21
-2.8954693e+20
-3.42650597e+20
-3.08648161e+21
3129
-1.63668439e+20
-1.6819897e+21
-2.50421473e+20
-2.11267341e+21
3133
-6.072693e+21
-1.90875989e+21
-6.92737016e+21
-6.33233583e+20

3445
-1.36590816e+21
-2.45276476e+20
-2.05994531e+21
-8.87578006e+20
3449
-2.01565345e+20
-2.44264766e+20
-1.54721718e+21
-5.32189078e+21
3453
-1.25125097e+21
-1.67396303e+21
-1.35778545e+22
-1.79546352e+22
3457
-1.93118166e+21
-1.72583856e+22
-3.04385817e+20
-5.78152728e+21
3461
-5.83169113e+20
-1.68484257e+21
-1.27920733e+22
-1.56229544e+20
3465
-4.01716685e+21
-2.13966832e+20
-5.57084287e+20
-1.96835663e+21
3469
-1.35176706e+21
-7.18594187e+21
-7.54972081e+21
-8.64549184e+21

3417
-2.41227327e+21
-1.59600624e+21
-6.70048005e+20
-1.89645083e+21
3421
-2.07376439e+21
-7.15760003e+21
-6.69212472e+21
-2.26602853e+20
3425
-1.67570823e+21
-1.87492893e+21
-1.01277192e+21
-7.34622361e+20
3429
-1.83982196e+22
-1.96852765e+21
-1.78867787e+21
-8.96614375e+21
3433
-3.86710667e+20
-1.85342189e+21
-1.55313521e+21
-1.92512438e+21
3437
-2.10695162e+21
-5.0631162e+20
-4.94292316e+21
-1.91462552e+21
3441
-2.08125231e+21
-6.87412017e+20
-1.53071525e+21
-3.78549281e+20

3389
-1.56829285e+21
-1.27474493e+21
-1.37581626e+21
-2.45576463e+20
3393
-1.21487626e+21
-1.86685035e+20
-2.0239478e+21
-5.70027634e+21
3397
-4.65170606e+20
-1.8911329e+21
-1.92727881e+21
-1.37021145e+21
3401
-5.74404767e+20
-3.20709669e+21
-2.10077146e+20
-9.18337112e+21
3405
-1.49195042e+21
-1.69356515e+21
-2.05590784e+21
-3.75190937e+20
3409
-3.18817389e+20
-1.72887092e+21
-2.23195549e+20
-3.7655486e+20
3413
-7.26381437e+20
-8.68654014e+21
-1.97138131e+21
-3.55742419e+20

4761
-1.79819454e+21
-1.92101736e+21
-5.06141867e+20
-1.57037999e+21
4765
-2.87311095e+20
-4.25221657e+20
-2.1831953e+20
-1.44749058e+21
4769
-1.80765055e+21
-3.83813566e+21
-2.05111294e+21
-1.85224395e+21
4773
-8.84393237e+20
-3.3150679e+21
-2.56611966e+21
-2.03528278e+21
4777
-2.3110817e+20
-1.32074889e+22
-1.45540816e+22
-8.95067964e+20
4781
-2.04750057e+21
-1.72884359e+21
-1.05872805e+21
-1.66239325e+21
4785
-3.10302046e+21
-1.9870145e+21
-2.06576472e+21
-5.10348502e+21

3837
-2.72078788e+20
-1.44856687e+21
-4.25339423e+21
-7.01680434e+20
3841
-6.41735561e+20
-1.80681301e+21
-5.42086401e+20
-1.96484065e+21
3845
-1.06773144e+22
-1.2525881e+22
-2.77964445e+21
-5.38640594e+20
3849
-1.82038394e+20
-1.56949652e+21
-1.89446915e+21
-2.11424633e+21
3853
-1.58954462e+20
-2.08593547e+21
-7.57988001e+21
-2.08599751e+21
3857
-2.31724011e+21
-9.52997971e+21
-7.19795494e+21
-1.93417376e+21
3861
-1.71408626e+21
-1.04249868e+22
-2.12390247e+21
-3.27622716e+21

4845
-1.82400282e+21
-1.86016622e+21
-1.51828526e+21
-1.92015758e+21
4849
-1.89717988e+21
-2.33444112e+21
-1.86303075e+21
-1.66079337e+21
4853
-8.4991236e+20
-2.46235845e+21
-8.39625374e+20
-1.57314011e+21
4857
-1.83981727e+21
-3.53840164e+20
-1.92916297e+21
-6.12269634e+21
4861
-5.54342113e+20
-2.86544091e+21
-6.47991097e+21
-1.83902145e+21
4865
-7.43594545e+21
-9.12408858e+20
-2.77738141e+21
-1.50836508e+21
4869
-2.05188586e+20
-1.4712741e+21
-2.0504143e+21
-4.64174461e+21

3949
-1.81604594e+21
-1.67356114e+22
-2.105976e+21
-1.96302394e+21
3953
-1.84259251e+21
-4.66682093e+20
-1.33729999e+20
-7.53870496e+21
3957
-2.07675265e+21
-1.33337083e+21
-1.94289981e+21
-1.87539887e+20
3961
-3.03374859e+20
-3.9330811e+20
-1.64290085e+21
-3.2119001e+21
3965
-3.94407302e+20
-2.7217076e+20
-5.86994926e+20
-1.0698604e+21
3969
-3.96641397e+21
-7.50040368e+20
-2.06700675e+21
-1.50809122e+21
3973
-1.88746112e+22
-1.75838148e+21
-1.55119439e+21
-8.41390442e+20

3501
-2.0318156e+21
-2.04394802e+21
-3.32536076e+20
-5.69407856e+20
3505
-8.66150877e+20
-7.73746998e+20
-3.35977621e+20
-2.37163657e+20
3509
-1.82364822e+20
-1.58175576e+21
-3.7077509e+21
-1.9473774e+21
3513
-1.70863653e+21
-4.06586411e+20
-2.00812341e+21
-1.8798062e+21
3517
-2.00602053e+21
-1.83077584e+21
-8.01833232e+21
-4.58879741e+21
3521
-5.44142777e+20
-8.70299597e+20
-1.24454859e+21
-1.00947194e+22
3525
-2.08783997e+21
-9.95159669e+20
-4.06475878e+21
-5.70501897e+21

4817
-2.02368552e+20
-1.32033891e+22
-1.685122e+21
-1.15709062e+22
4821
-2.006541e+21
-9.18462934e+21
-1.44516909e+21
-3.0681751e+21
4825
-1.05560475e+21
-1.91338777e+21
-5.59696778e+21
-2.09662441e+21
4829
-1.24364712e+21
-1.086247e+21
-1.97165243e+21
-3.35015706e+21
4833
-1.96971505e+21
-1.53367163e+21
-8.20789788e+20
-1.94293693e+21
4837
-9.64947271e+20
-3.20238102e+20
-3.35816098e+20
-2.09072143e+21
4841
-5.39462161e+20
-2.05029642e+22
-1.94475378e+21
-1.13620728e+22

3697
-8.07795049e+20
-7.74785154e+20
-1.97435758e+21
-2.10885252e+21
3701
-2.00926289e+21
-1.817295e+20
-7.25171145e+20
-6.13262776e+21
3705
-1.24928852e+22
-2.83690499e+20
-1.58865173e+22
-1.1406099e+21
3709
-8.039253e+21
-4.54467899e+21
-1.88971486e+21
-2.44079251e+21
3713
-1.54261172e+21
-4.94936643e+20
-3.62369159e+21
-3.45002301e+21
3717
-2.77345886e+21
-5.73566113e+20
-1.94747509e+20
-1.78653561e+20
3721
-1.31550202e+22
-2.57633651e+21
-1.15572337e+22
-4.70186062e+21

4061
-1.09421547e+21
-1.78319883e+21
-2.02736867e+21
-4.15326291e+21
4065
-3.20353595e+21
-1.12022555e+21
-2.07740773e+21
-2.90686443e+20
4069
-5.13137553e+21
-3.91736353e+20
-8.05175318e+21
-1.87611879e+21
4073
-1.6642898e+21
-1.95620152e+20
-5.12592389e+21
-1.2051611e+21
4077
-2.06381631e+21
-1.91103772e+21
-1.00120035e+22
-1.32744696e+21
4081
-2.50616955e+20
-3.44576505e+20
-1.68838875e+21
-1.82378974e+20
4085
-1.70566624e+20
-1.62839554e+21
-2.1299001e+21
-1.44626022e+21

4033
-4.30559745e+21
-3.65046342e+21
-3.4907164e+20
-1.5447073e+21
4037
-1.83607907e+21
-8.23192945e+20
-8.19390354e+20
-7.99078824e+21
4041
-8.78026143e+21
-1.96027927e+21
-5.15875898e+21
-1.01260992e+21
4045
-2.61716623e+21
-2.03778242e+20
-8.04297416e+21
-1.04153127e+21
4049
-7.49937182e+20
-2.0028325e+21
-2.46454711e+20
-6.4267377e+21
4053
-1.97886015e+21
-1.33887543e+21
-1.09085193e+22
-1.56880853e+21
4057
-2.25311696e+21
-2.10024538e+21
-2.03079141e+21
-3.14825651e+21

4397
-4.96219274e+20
-1.95074136e+21
-1.5473945e+21
-1.83538505e+20
4401
-1.51192257e+20
-5.45911525e+20
-1.40867308e+22
-1.72372313e+21
4405
-1.00975955e+21
-2.72661638e+20
-3.7855826e+21
-8.45281593e+20
4409
-7.7139311e+20
-2.18779056e+20
-1.62018379e+21
-2.25543402e+21
4413
-4.50871743e+21
-1.53524748e+20
-1.00364416e+22
-2.01982582e+21
4417
-1.96485515e+20
-1.97936965e+21
-1.5502236e+21
-1.49702701e+21
4421
-1.89328815e+21
-2.70126652e+21
-7.16369444e+20
-1.20389364e+22

4005
-3.5516426e+21
-9.81543383e+21
-8.59892407e+21
-8.5899911e+21
4009
-1.8753135e+21
-2.06673655e+21
-7.46435698e+20
-1.35198392e+21
4013
-1.0261502e+21
-1.61130725e+21
-1.96303114e+21
-2.91698238e+20
4017
-1.36776607e+20
-2.09403133e+21
-3.24312686e+21
-1.2884874e+21
4021
-7.12653044e+21
-2.41140812e+20
-2.2836841e+21
-1.74321204e+21
4025
-7.13488937e+20
-5.1218005e+20
-3.31816299e+20
-1.32059113e+22
4029
-1.94545876e+20
-8.97103015e+21
-1.86570319e+21
-3.48915247e+21

3977
-4.44803866e+21
-1.80822288e+21
-3.99995528e+21
-5.48896927e+20
3981
-7.58122544e+21
-1.82164713e+21
-1.03896147e+21
-7.8536044e+21
3985
-1.8264996e+20
-1.94625317e+20
-2.05361873e+21
-3.14063506e+20
3989
-2.68849997e+21
-1.73333352e+21
-5.46543142e+21
-3.49816682e+21
3993
-1.95282933e+21
-8.35807512e+21
-1.78904219e+21
-1.57694615e+21
3997
-1.34813272e+21
-2.77542515e+21
-1.95283069e+21
-2.47903581e+21
4001
-5.56101963e+21
-2.11387435e+21
-1.12153971e+22
-1.67273355e+21

4089
-3.11037446e+21
-1.08401109e+22
-1.49699983e+21
-1.85757384e+21
4093
-1.95535338e+21
-2.04242986e+21
-2.25739204e+22
-2.01825638e+21
4097
-2.05370182e+21
-3.02278616e+20
-1.94240495e+21
-5.59004908e+21
4101
-1.93526104e+21
-1.83146755e+21
-1.08988602e+21
-1.44951065e+21
4105
-1.83069492e+21
-2.58905699e+20
-1.17560029e+21
-2.64063165e+21
4109
-4.14462279e+20
-1.9495311e+20
-1.68612682e+21
-1.81622374e+21
4113
-1.94018962e+21
-1.94444927e+20
-7.38571535e+21
-1.93582275e+21

4481
-2.06603305e+21
-1.88325942e+21
-1.85568436e+21
-3.19457807e+21
4485
-3.29329121e+21
-1.8723477e+21
-2.27819636e+21
-9.68504696e+20
4489
-6.66459618e+21
-1.60678357e+21
-4.08309859e+20
-3.95776997e+20
4493
-8.08983047e+21
-3.7992985e+21
-3.12766865e+20
-1.42864542e+22
4497
-8.35875094e+20
-1.07665063e+22
-2.04273607e+21
-2.01279167e+21
4501
-1.09376038e+22
-3.80053928e+20
-1.84453131e+20
-1.76448191e+21
4505
-1.78214118e+20
-3.40319364e+20
-4.31715906e+20
-1.98846289e+21

4201
-1.17722258e+21
-3.91172304e+21
-2.36219193e+20
-1.39753262e+22
4205
-4.65866617e+21
-7.18806658e+21
-1.12891855e+22
-2.62094196e+21
4209
-9.91434936e+21
-8.14996998e+20
-1.20802702e+22
-2.01935606e+21
4213
-1.01890425e+21
-2.07068899e+20
-1.55402299e+21
-2.12987892e+21
4217
-3.53084484e+20
-2.2066877e+22
-1.82751435e+21
-1.36567669e+20
4221
-1.07758458e+21
-1.74293018e+22
-6.84823358e+20
-3.98502242e+21
4225
-4.21020935e+21
-2.82992075e+20
-2.0174139e+20
-1.44826425e+22

4873
-1.06761207e+21
-1.79921451e+21
-1.01859342e+22
-2.02111725e+21
4877
-4.47223047e+21
-5.37306292e+20
-1.45380084e+22
-5.28057027e+20
4881
-1.91917268e+21
-2.00806994e+21
-1.00739603e+21
-3.26021198e+20
4885
-8.48203327e+21
-1.11335869e+22
-1.58137294e+21
-1.37443283e+22
4889
-3.97525762e+20
-1.25114479e+21
-1.15173971e+22
-1.31970602e+22
4893
-2.69993259e+20
-1.92651444e+21
-1.64604558e+21
-7.30707417e+21
4897
-1.06303161e+21
-1.11203837e+22
-2.73583574e+21
-1.34404996e+22

4145
-1.77130808e+21
-2.08484341e+21
-6.96305121e+20
-1.26941437e+22
4149
-3.18047144e+21
-4.3704954e+20
-1.10711034e+22
-6.94345857e+20
4153
-2.32436082e+21
-1.93017843e+21
-2.190226e+20
-1.64132403e+20
4157
-1.49039398e+21
-9.14417838e+20
-2.00834589e+21
-6.56497474e+20
4161
-8.98397244e+20
-9.14225041e+20
-1.50739404e+21
-1.98706648e+21
4165
-1.94445206e+21
-4.23114609e+20
-2.49206491e+20
-1.62680192e+21
4169
-1.9870345e+21
-1.44818861e+21
-5.60931654e+20
-5.03747462e+20

3893
-4.14023184e+21
-1.93015525e+21
-2.1328698e+21
-1.86080504e+21
3897
-1.68523585e+21
-2.30944811e+20
-1.94960281e+20
-1.75104548e+21
3901
-1.96321345e+21
-3.22547562e+20
-2.33900302e+20
-6.52350589e+21
3905
-1.0920146e+21
-1.52247146e+21
-1.56820885e+22
-1.88972458e+21
3909
-2.19430328e+21
-2.8381444e+20
-7.97967918e+20
-7.88851131e+21
3913
-1.39725286e+21
-1.4346588e+21
-8.57904557e+20
-2.3174808e+22
3917
-2.09201902e+21
-1.73478361e+20
-1.77661239e+21
-1.32069691e+22

3557
-5.2668857e+21
-1.01553629e+22
-1.91820357e+21
-1.81635267e+21
3561
-4.48448716e+20
-2.64534931e+21
-5.17529663e+21
-2.05223258e+21
3565
-1.31362086e+21
-3.1664615e+21
-1.3828009e+21
-5.19664718e+20
3569
-8.5257439e+21
-1.64488673e+21
-1.09894727e+22
-6.86065196e+20
3573
-2.03210419e+21
-3.5241574e+21
-9.60985446e+20
-9.38389183e+20
3577
-7.38417355e+20
-3.86699389e+20
-1.9441495e+21
-1.93833421e+21
3581
-7.03917039e+20
-1.16275568e+21
-1.90585355e+20
-1.28232742e+21

4173
-4.77872236e+20
-9.49357454e+20
-1.36444305e+21
-2.60854243e+20
4177
-5.26248361e+21
-3.92601705e+21
-2.04448791e+21
-1.8912153e+21
4181
-2.09455863e+20
-1.10865713e+21
-6.47987759e+20
-1.41593363e+21
4185
-2.52792524e+20
-7.21543422e+21
-1.5728254e+21
-1.63429294e+20
4189
-2.00366602e+21
-2.01148177e+21
-7.58487021e+21
-2.04716659e+21
4193
-6.49689006e+21
-2.02897222e+21
-1.65936938e+20
-1.92879805e+21
4197
-1.93243939e+21
-1.22225875e+21
-1.80970187e+21
-2.04103113e+21

4229
-2.07203567e+21
-5.229525e+21
-4.11839755e+21
-2.66440658e+21
4233
-1.41185926e+21
-7.98791714e+21
-1.11942572e+21
-1.11987995e+21
4237
-1.97684319e+21
-1.59129628e+20
-4.50011854e+20
-9.84821529e+20
4241
-1.16318976e+22
-1.94956154e+20
-1.59407518e+21
-1.14994233e+22
4245
-5.99942378e+21
-1.53144842e+21
-1.42739188e+21
-7.59975643e+21
4249
-8.52973377e+21
-6.81821884e+20
-2.70501143e+20
-2.64163798e+20
4253
-1.94028882e+21
-4.14094357e+21
-4.60173286e+21
-1.51795144e+21

4341
-2.04260343e+21
-2.54924813e+20
-9.11247937e+21
-9.1468922e+20
4345
-2.06217062e+21
-1.59036502e+21
-1.42678583e+21
-1.93892015e+21
4349
-1.87231282e+21
-2.7706448e+20
-1.9200948e+21
-5.12026294e+21
4353
-1.12267976e+22
-4.65005627e+20
-4.51403894e+21
-1.84641213e+21
4357
-5.52644993e+21
-3.17664116e+20
-1.72297037e+21
-2.0138868e+20
4361
-1.35581233e+22
-1.78638952e+21
-7.84224139e+20
-4.53513172e+20
4365
-4.04320642e+21
-1.84553154e+21
-1.96992399e+21
-9.22943453e+21

3613
-2.10069678e+21
-3.25324739e+20
-4.11619457e+20
-1.8360486e+21
3617
-1.10348416e+21
-1.49652223e+21
-1.21211222e+21
-1.31429872e+22
3621
-7.09132812e+21
-4.38487716e+21
-8.46654803e+20
-9.9546465e+21
3625
-1.20192993e+21
-1.28498069e+21
-2.10318308e+20
-3.73602903e+20
3629
-1.80868729e+21
-4.00234865e+20
-2.38988752e+20
-1.16430515e+21
3633
-1.2628504e+21
-1.6568223e+21
-1.58430275e+21
-2.45683533e+20
3637
-2.07261495e+21
-2.51751804e+20
-2.08080022e+21
-2.03730155e+20

3669
-2.74811019e+20
-3.62761406e+20
-2.12951781e+20
-2.22815859e+20
3673
-1.87091067e+21
-7.79254368e+21
-8.44296677e+20
-1.81871636e+22
3677
-1.33010401e+22
-2.82471075e+20
-1.49944882e+22
-7.03376359e+20
3681
-1.54468929e+21
-1.28439254e+22
-9.83400172e+20
-4.32958629e+21
3685
-7.59135747e+20
-2.01023473e+20
-1.6190953e+20
-2.0863345e+21
3689
-5.45043751e+21
-1.88003214e+21
-2.20480637e+20
-4.00481107e+21
3693
-1.17215478e+22
-1.85482486e+20
-1.74418991e+21
-1.16734246e+22

3641
-7.16822074e+20
-1.90774306e+21
-6.90523466e+21
-5.51447417e+20
3645
-1.25303109e+21
-7.76573052e+20
-1.16306824e+22
-4.35426228e+20
3649
-1.30855246e+22
-2.51230276e+21
-1.96699336e+21
-5.3522231e+20
3653
-7.38300315e+20
-1.23296468e+21
-2.43242314e+20
-1.12137112e+22
3657
-4.40071983e+21
-7.59434256e+21
-8.58328084e+21
-2.65268197e+21
3661
-1.62840634e+22
-1.01854379e+22
-9.04775289e+21
-1.99264107e+21
3665
-1.15698016e+21
-1.27098863e+22
-6.42557172e+20
-1.9107228e+21

3725
-6.09053264e+21
-3.892819e+20
-2.19044731e+20
-3.13570475e+20
3729
-1.36421455e+21
-1.85230755e+21
-4.7171113e+20
-1.79322419e+22
3733
-5.68210509e+20
-2.52129254e+21
-1.7236317e+21
-2.19246694e+20
3737
-1.90016873e+21
-1.47204128e+21
-6.16108407e+20
-1.6407169e+21
3741
-2.059081e+21
-1.79360687e+21
-1.27632513e+21
-4.81149529e+21
3745
-2.06564094e+21
-4.65839339e+21
-1.90895757e+22
-4.67082143e+21
3749
-5.92725263e+21
-1.50898203e+22
-2.85898177e+20
-4.69785681e+21

4733
-2.86396678e+20
-1.3966123e+21
-4.38877959e+20
-7.56859302e+21
4737
-9.02586051e+21
-9.59223819e+21
-1.5600926e+21
-1.5406182e+21
4741
-1.17308207e+21
-2.22118331e+20
-1.30009705e+22
-3.00584956e+20
4745
-9.61078928e+21
-1.77090793e+21
-4.53379717e+20
-2.66880216e+21
4749
-9.92144831e+20
-1.01647218e+21
-1.78978668e+22
-8.47698458e+20
4753
-2.0344724e+21
-1.88038248e+20
-9.96432374e+20
-3.85264122e+20
4757
-5.70870586e+20
-9.92273579e+20
-1.63798713e+21
-1.21063986e+22

4117
-1.74057309e+22
-1.18890306e+21
-1.71924996e+22
-6.79209814e+20
4121
-2.25771775e+21
-9.66195469e+20
-6.9243427e+20
-7.37403216e+21
4125
-1.89695727e+21
-3.42713532e+21
-1.96155141e+21
-1.54385271e+22
4129
-1.20332166e+21
-8.93442036e+20
-1.58691653e+21
-1.02402361e+21
4133
-5.79025233e+20
-1.55630971e+21
-1.9522374e+21
-1.64875359e+21
4137
-4.706468e+20
-4.36301193e+21
-5.59068231e+20
-1.53002077e+22
4141
-1.59944077e+21
-8.15483926e+21
-2.32869836e+20
-1.78574649e+21

3865
-1.37461015e+21
-3.09989397e+20
-1.80488234e+21
-1.21020212e+21
3869
-1.95933251e+21
-2.02047812e+21
-9.36399497e+20
-1.01289685e+22
3873
-1.08548126e+21
-6.51264841e+21
-1.70032453e+20
-2.03979867e+21
3877
-3.79141029e+20
-9.67868623e+21
-5.03744829e+20
-9.74606021e+20
3881
-2.07671308e+20
-1.43647597e+21
-1.19449075e+22
-2.12939134e+21
3885
-2.40003767e+20
-1.84782305e+21
-2.07153284e+20
-3.42365062e+20
3889
-1.15252436e+22
-4.40155716e+21
-1.95204415e+21
-1.98239765e+21

3809
-1.49625041e+21
-4.24622229e+21
-1.67146119e+21
-1.84529478e+21
3813
-2.25663117e+20
-1.12601874e+21
-1.9204206e+22
-1.06028526e+22
3817
-4.33614106e+21
-2.20135988e+22
-6.67469256e+21
-2.88783611e+20
3821
-3.93462321e+20
-1.00025374e+21
-3.22905262e+21
-1.70682886e+21
3825
-1.95805901e+21
-1.80718796e+20
-4.34953449e+21
-1.54356514e+21
3829
-1.79470439e+21
-4.02099373e+21
-1.95389526e+20
-1.64430618e+21
3833
-1.71068269e+21
-1.43685551e+21
-1.89441899e+21
-1.0400513e+22

4677
-3.5020059e+20
-1.57857946e+22
-1.76570744e+20
-1.76216885e+21
4681
-4.52033914e+21
-2.61731633e+20
-5.96930551e+21
-9.91666209e+21
4685
-4.14914111e+21
-1.72060908e+21
-2.56674812e+20
-1.59027961e+21
4689
-4.29358109e+20
-4.52768137e+21
-2.07094314e+20
-1.47225341e+22
4693
-1.59281833e+20
-9.2038086e+20
-1.99214319e+21
-8.64317235e+20
4697
-8.58947565e+21
-8.93774501e+20
-1.52710708e+21
-1.89335147e+21
4701
-1.78060499e+21
-2.50311088e+20
-7.16439845e+20
-1.80626266e+21

4565
-1.46546529e+21
-9.66299144e+20
-1.72798808e+22
-1.50745208e+21
4569
-6.87623639e+21
-1.43778477e+20
-1.76394355e+21
-3.55793747e+20
4573
-1.57710293e+20
-1.91571752e+21
-2.00862164e+21
-6.72577044e+21
4577
-3.54161287e+21
-1.38884476e+21
-1.9809556e+21
-2.27725529e+20
4581
-3.89761483e+20
-5.01082361e+20
-1.90869399e+21
-3.66095871e+21
4585
-1.34691339e+21
-1.61205184e+21
-3.51323134e+20
-8.84302074e+21
4589
-2.07921457e+21
-1.64598616e+21
-2.07822948e+21
-1.01951235e+22

4453
-7.68833103e+20
-4.56232011e+20
-1.76258755e+20
-2.03181316e+21
4457
-1.24539622e+22
-4.80828026e+21
-2.43326715e+21
-8.29253268e+21
4461
-2.08729311e+21
-1.11038504e+21
-2.22541514e+20
-1.87073353e+21
4465
-1.28944469e+21
-2.12582015e+21
-1.21881239e+21
-4.480249e+21
4469
-1.33646467e+21
-2.52787091e+21
-1.55976725e+22
-1.61146697e+21
4473
-4.22183666e+20
-1.23073627e+22
-9.91836334e+21
-1.88141872e+22
4477
-1.21573844e+22
-2.11592142e+21
-4.86156458e+21
-4.64896638e+21

3781
-1.95848338e+21
-3.71482313e+21
-1.70442548e+21
-1.73869472e+21
3785
-2.26372844e+20
-2.0576389e+21
-9.41414788e+21
-2.515651e+20
3789
-5.10211615e+21
-9.78509219e+20
-2.51316544e+20
-1.77047569e+21
3793
-6.65936519e+21
-1.20347851e+21
-1.83407795e+21
-7.51075553e+20
3797
-2.86489249e+21
-2.6989784e+20
-1.56883647e+22
-1.9655766e+21
3801
-3.7978428e+20
-1.41028965e+21
-7.54968378e+20
-9.27916102e+20
3805
-3.1006121e+20
-1.20603798e+22
-2.14733926e+21
-1.13381381e+22

4705
-6.7490658e+21
-6.18157074e+20
-2.5818176e+20
-7.3286699e+21
4709
-1.41756766e+21
-4.86221564e+21
-7.10895901e+21
-1.00731731e+21
4713
-3.53299329e+21
-1.11298655e+21
-1.98536057e+21
-9.44063512e+21
4717
-1.41395713e+22
-8.50179053e+21
-5.02341669e+21
-1.85668375e+20
4721
-6.50344628e+20
-1.03412878e+22
-1.52390131e+20
-4.23438957e+21
4725
-1.77397092e+21
-1.56798184e+21
-1.51551967e+21
-2.18441866e+20
4729
-7.34249986e+21
-1.7655033e+21
-1.77275247e+21
-3.91574331e+21

4257
-3.94789449e+20
-3.86108978e+21
-1.72204268e+22
-6.95493785e+20
4261
-1.72822747e+21
-1.28731399e+21
-3.36269426e+21
-1.83252365e+22
4265
-1.83980003e+21
-1.82850379e+22
-1.81709843e+21
-1.86485442e+21
4269
-1.18817336e+21
-1.09607429e+21
-7.64589981e+20
-1.14933003e+21
4273
-1.32913271e+21
-2.02705324e+21
-1.91292659e+21
-2.81675326e+21
4277
-2.07255346e+21
-1.01444689e+21
-1.45495032e+22
-2.46205733e+20
4281
-3.35626403e+21
-1.54854517e+21
-1.98967633e+20
-7.66763986e+20

4509
-2.39743847e+21
-1.33333821e+21
-3.69565068e+21
-6.06810373e+21
4513
-1.41440246e+21
-1.94053868e+21
-1.83562513e+21
-1.60944529e+21
4517
-1.30461824e+21
-6.39560901e+20
-1.90404683e+21
-2.14291731e+21
4521
-2.02988575e+21
-1.2761579e+21
-1.89760539e+21
-1.50798449e+22
4525
-8.1971111e+21
-1.44864021e+21
-5.35007649e+21
-7.75638745e+20
4529
-7.80850817e+21
-5.91863562e+20
-1.0849962e+22
-1.74523638e+21
4533
-1.92222555e+21
-2.09350568e+20
-1.8544433e+21
-2.21472378e+22

4621
-1.33549219e+22
-1.79724766e+21
-2.49734768e+21
-1.85306736e+20
4625
-8.53423174e+20
-1.33638153e+21
-7.33112412e+20
-5.90203246e+21
4629
-1.68430058e+21
-2.0176689e+21
-5.09835373e+20
-6.6830492e+21
4633
-1.0855129e+22
-2.04828377e+21
-2.07937955e+21
-1.17749304e+22
4637
-3.35795056e+20
-1.46678499e+22
-1.15528854e+22
-1.38771837e+20
4641
-2.24858813e+21
-6.88295948e+21
-1.77891307e+21
-4.39447819e+20
4645
-3.18765288e+21
-1.03366919e+21
-2.00478599e+21
-1.54888911e+21

3753
-1.97720341e+21
-1.18703865e+22
-1.22717597e+22
-1.93201193e+21
3757
-6.96553266e+21
-5.05591675e+20
-9.66197035e+21
-2.24894517e+20
3761
-1.8310309e+21
-2.24806244e+20
-2.00146951e+21
-2.36889386e+20
3765
-2.00632468e+21
-5.92638256e+20
-1.48715357e+21
-1.87924126e+21
3769
-1.20038397e+21
-9.5259359e+20
-1.05974964e+22
-2.17341826e+20
3773
-1.76120251e+20
-2.12044372e+21
-1.60413979e+20
-1.09028298e+21
3777
-1.04659783e+21
-4.25938298e+20
-1.36874774e+21
-2.05194243e+21

4537
-2.06012984e+21
-2.50747754e+21
-1.75332698e+21
-2.56770871e+20
4541
-1.25662543e+22
-6.17277865e+21
-4.9044172e+20
-2.10627415e+21
4545
-8.63618802e+20
-2.63428251e+20
-5.32763931e+21
-1.9367566e+21
4549
-1.28415271e+22
-1.35577094e+22
-1.0458465e+22
-1.0277085e+22
4553
-2.03576016e+21
-6.61567361e+21
-2.65975463e+20
-2.64695637e+20
4557
-1.8168541e+21
-1.97033727e+21
-5.56245285e+20
-2.08602293e+21
4561
-8.04929984e+21
-1.17317242e+21
-1.73781319e+21
-4.25431752e+20

3921
-2.04349708e+21
-6.21782782e+21
-1.98194498e+21
-1.10557076e+22
3925
-2.1129892e+21
-1.24298207e+21
-9.37645908e+20
-2.00616675e+21
3929
-2.96739283e+21
-4.30800119e+21
-8.22568154e+20
-1.29067218e+21
3933
-2.10092038e+22
-6.20785004e+21
-1.03553775e+22
-3.97709078e+20
3937
-1.82621321e+21
-4.00447127e+21
-3.13259015e+20
-1.82579435e+21
3941
-1.98999455e+20
-1.88887187e+21
-1.67092414e+21
-3.42459685e+20
3945
-2.09443675e+21
-2.0549716e+21
-2.15502609e+22
-2.5862112e+20

4649
-8.539941e+21
-1.91534556e+21
-1.17248256e+21
-2.9677244e+21
4653
-1.43241932e+21
-9.86026339e+20
-4.47995835e+21
-2.32143786e+21
4657
-1.99934716e+21
-6.79247563e+20
-9.1624237e+20
-1.78971292e+20
4661
-2.03453155e+21
-1.85944618e+21
-8.64355119e+20
-4.61799876e+20
4665
-1.34567618e+21
-1.56661487e+22
-1.91573538e+21
-7.02587202e+21
4669
-1.99078156e+21
-7.36522672e+21
-2.71119077e+20
-8.8423958e+21
4673
-1.12661958e+22
-9.61781271e+20
-2.35703395e+20
-4.4825423e+20

4425
-2.03958574e+21
-1.87091954e+20
-1.86760679e+20
-1.90295299e+20
4429
-3.80608256e+20
-1.00674814e+21
-1.34145793e+21
-3.64180389e+21
4433
-1.49793728e+21
-8.24896539e+21
-3.84490276e+21
-2.02144542e+21
4437
-3.37705842e+20
-6.51261615e+21
-3.31506921e+21
-2.05990035e+21
4441
-1.2241792e+21
-7.86379485e+20
-6.574472e+20
-1.80657598e+21
4445
-9.00364181e+20
-1.57390323e+22
-1.98201069e+21
-3.58491476e+21
4449
-1.61038876e+22
-9.50621899e+20
-1.93857458e+21
-1.65937458e+21

4313
-2.07968886e+20
-2.26173012e+20
-2.29022973e+20
-1.60295731e+22
4317
-9.42969631e+20
-1.75074241e+21
-1.38891237e+21
-4.89104817e+21
4321
-2.81367037e+20
-1.8734021e+21
-3.8334892e+20
-8.48963265e+21
4325
-1.74271968e+21
-1.52448584e+22
-1.99087935e+20
-4.84266978e+21
4329
-3.15915532e+21
-1.19624299e+21
-9.53476838e+21
-1.49687199e+20
4333
-6.54393306e+20
-5.97515071e+21
-2.30254746e+20
-3.68723977e+20
4337
-2.25550468e+20
-3.01004465e+21
-1.83523102e+20
-9.84618627e+20

3585
-6.35015451e+21
-1.84241191e+21
-1.6014727e+21
-8.53787219e+21
3589
-1.49554944e+22
-1.15892193e+21
-1.97798312e+21
-1.36575379e+21
3593
-2.0681619e+21
-1.91591947e+21
-2.10312757e+21
-2.36281221e+21
3597
-4.66015025e+20
-4.29629707e+20
-5.78089901e+21
-1.92489494e+21
3601
-1.3202663e+21
-1.99344932e+20
-7.42848261e+21
-1.47870139e+21
3605
-5.39575773e+21
-2.09841414e+21
-1.49597485e+21
-1.9754635e+21
3609
-1.9712699e+21
-1.73117271e+21
-1.67033745e+21
-1.14627745e+21

4593
-1.72893213e+20
-2.65046795e+20
-9.42603996e+20
-7.58296169e+21
4597
-7.93174636e+20
-3.51864564e+20
-1.15628127e+22
-7.51258805e+20
4601
-8.38024957e+20
-1.86837445e+20
-2.14378204e+22
-2.4663189e+20
4605
-2.02121458e+21
-2.05741875e+21
-1.78588933e+20
-1.78422965e+21
4609
-1.94334759e+21
-1.94808625e+21
-2.51006296e+20
-1.88101525e+20
4613
-5.74372946e+21
-8.56154605e+21
-2.00210975e+21
-1.15575535e+22
4617
-4.89519719e+20
-1.64044714e+21
-6.76048478e+21
-2.44483195e+20

3529
-5.41441789e+20
-1.84214806e+21
-1.88616495e+21
-1.82251184e+21
3533
-8.89868235e+20
-2.84035535e+21
-3.19951652e+20
-7.37318983e+21
3537
-1.37494588e+21
-1.62137088e+21
-8.37585524e+21
-1.47416105e+21
3541
-1.33554199e+21
-2.0139143e+21
-3.31051402e+20
-2.48547515e+20
3545
-1.78462604e+21
-2.6752348e+21
-2.32187569e+20
-4.11901586e+20
3549
-2.05770539e+21
-1.19833113e+22
-8.29120226e+20
-1.95078494e+21
3553
-2.36177125e+20
-2.06368495e+21
-3.51561056e+21
-1.29180795e+21

4789
-3.20022562e+20
-5.76097434e+21
-2.1078672e+21
-2.42945103e+20
4793
-1.1277646e+21
-1.09182433e+22
-1.72327814e+21
-7.15910175e+20
4797
-6.24402901e+20
-4.59429072e+20
-2.01649539e+21
-1.2983121e+21
4801
-4.54793353e+20
-1.99748483e+21
-8.84920063e+21
-8.41248869e+21
4805
-1.65879416e+21
-1.71000469e+21
-1.97037688e+21
-4.59821308e+21
4809
-9.96837938e+21
-1.2396927e+22
-1.85866555e+22
-1.93084182e+21
4813
-1.11260341e+21
-1.95286559e+20
-2.0652168e+21
-2.01894434e+21

4369
-2.13740886e+20
-1.5472467e+21
-1.14338825e+22
-9.37015615e+21
4373
-4.80626816e+20
-1.57075405e+21
-1.55915086e+21
-1.62595435e+21
4377
-1.91519445e+20
-1.92548814e+21
-1.9858513e+21
-6.37886812e+20
4381
-8.94150602e+20
-1.12157669e+21
-1.92436301e+21
-5.17370179e+21
4385
-6.34080438e+21
-1.70562669e+20
-2.05292593e+21
-1.67982808e+21
4389
-2.35654024e+20
-2.38330864e+20
-2.00617288e+21
-1.5873715e+21
4393
-1.37658992e+21
-2.10502896e+20
-2.03948138e+21
-1.6663618e+22

4285
-5.28458606e+21
-1.77195573e+21
-1.85781524e+21
-2.02478164e+21
4289
-7.7810713e+20
-1.01698368e+22
-2.04611483e+21
-5.55689292e+21
4293
-2.85165802e+20
-1.99809774e+21
-1.98320403e+22
-2.1215814e+21
4297
-2.04514079e+21
-2.24066474e+20
-1.60486423e+21
-1.89269083e+21
4301
-3.05122224e+21
-2.02733244e+21
-2.04806126e+21
-1.23142791e+21
4305
-1.94511444e+21
-1.6915098e+20
-9.30370819e+21
-6.70710212e+20
4309
-2.0115538e+21
-1.75578688e+20
-7.83868535e+20
-1.50635663e+21

4957
-6.76453929e+20
-5.24874887e+21
-6.8050598e+20
-1.00042289e+21
4961
-2.01892109e+21
-1.89640938e+22
-1.42248554e+21
-3.83579262e+21
4965
-1.04927009e+21
-1.83591271e+21
-1.75155006e+22
-1.99400869e+21
4969
-1.89769086e+21
-1.70587912e+21
-7.48396494e+20
-8.13994517e+20
4973
-2.03271011e+20
-1.09824098e+21
-9.93066994e+20
-1.98730594e+21
4977
-1.9933281e+21
-2.11200252e+21
-1.90845771e+21
-3.08062028e+21
4981
-1.5636449e+21
-4.82024033e+20
-1.7416049e+21
-3.11603455e+20

4929
-1.02967354e+21
-8.30114495e+20
-2.04006306e+20
-9.42340744e+20
4933
-6.54943841e+20
-1.96237315e+21
-1.99303823e+21
-2.14851999e+21
4937
-2.10006121e+21
-6.92619383e+21
-2.92290671e+21
-1.96127111e+21
4941
-3.56127959e+21
-8.19823347e+21
-2.54100859e+20
-4.53903532e+20
4945
-2.04433386e+21
-9.83233255e+21
-1.63185024e+21
-5.57035542e+21
4949
-1.70614075e+21
-4.29272018e+21
-1.30070574e+21
-6.84084685e+21
4953
-1.74432555e+21
-1.60561336e+21
-2.03995046e+21
-1.75703476e+20

5545
-2.46054002e+21
-2.4716403e+20
-2.00432308e+21
-1.72876e+21
5549
-1.52935527e+21
-3.04570672e+20
-2.03474536e+21
-1.90340078e+21
5553
-3.27718999e+20
-7.34789612e+20
-3.06698144e+21
-2.07363432e+20
5557
-1.00323888e+21
-8.4601722e+21
-4.72510218e+21
-1.67267615e+21
5561
-2.02189434e+21
-3.87264004e+21
-1.54184561e+22
-1.28351623e+20
5565
-4.85836562e+21
-1.08107083e+21
-1.84591248e+22
-1.42748961e+21
5569
-1.79720859e+21
-1.88123573e+21
-3.89354644e+20
-1.94692725e+21

4901
-3.06928827e+20
-2.01287795e+21
-2.1689977e+20
-5.2318641e+20
4905
-1.34358464e+21
-2.63814863e+20
-5.75703423e+20
-2.10436962e+21
4909
-8.06875433e+20
-6.94606828e+21
-1.97637276e+20
-5.62092623e+20
4913
-7.94032645e+21
-1.57656723e+21
-1.90450786e+21
-1.79589468e+21
4917
-1.63392253e+21
-1.30532581e+21
-5.75005607e+21
-1.20378306e+22
4921
-1.79538232e+21
-2.15257267e+20
-2.00489287e+21
-1.83304593e+21
4925
-2.35408222e+21
-4.57000545e+20
-9.08057231e+20
-1.78974862e+21

5573
-1.75038998e+21
-1.95313407e+21
-8.45162663e+20
-4.28015215e+20
5577
-8.57136411e+21
-6.69306046e+21
-3.03539756e+20
-5.68525455e+21
5581
-4.04690673e+21
-2.00929997e+21
-2.87302225e+20
-1.47876072e+21
5585
-1.83862555e+21
-8.9179432e+20
-7.52883012e+20
-4.19610316e+21
5589
-1.95054612e+21
-1.80637693e+21
-5.65680509e+20
-5.00093784e+21
5593
-4.80684695e+20
-1.90137802e+21
-2.62690199e+20
-6.5561684e+21
5597
-9.07303914e+21
-6.67689046e+20
-1.66047455e+21
-1.49662051e+21

5517
-5.98551248e+21
-1.8863915e+21
-2.09738097e+21
-1.98120629e+21
5521
-3.50226147e+20
-2.05137937e+21
-7.56934031e+20
-1.5783416e+21
5525
-2.41203156e+20
-7.83946784e+21
-1.63465174e+21
-1.76460135e+21
5529
-2.05886598e+21
-2.06724052e+21
-4.58904426e+20
-1.60744366e+21
5533
-3.98478889e+21
-1.65573937e+21
-1.1443714e+21
-2.87157317e+21
5537
-1.8196574e+21
-2.34511194e+21
-1.31742862e+21
-1.34721515e+21
5541
-1.30201431e+21
-6.42024891e+20
-1.28857379e+21
-1.86816275e+21

5237
-9.81215872e+20
-1.04013977e+22
-2.13481605e+21
-1.55180466e+21
5241
-3.43915571e+20
-1.89189802e+21
-6.38615346e+21
-1.70712988e+21
5245
-1.81159848e+21
-6.53778755e+20
-1.927692e+21
-7.38446715e+21
5249
-1.69323613e+22
-1.06746171e+21
-2.26926196e+21
-1.85086125e+21
5253
-1.35275381e+22
-2.02573075e+21
-1.54259528e+22
-4.85564883e+20
5257
-1.51022366e+21
-4.22032929e+20
-2.39410699e+21
-2.01165527e+21
5261
-1.4113679e+21
-1.18032491e+22
-2.59286711e+21
-4.10676001e+21

5405
-2.0641554e+21
-6.57156063e+20
-1.89843205e+21
-1.6154096e+22
5409
-1.31671374e+21
-1.65311275e+20
-6.03442473e+20
-1.89705886e+21
5413
-3.6681793e+21
-1.90094159e+21
-3.79178163e+20
-1.9845316e+21
5417
-6.30053978e+21
-1.03157832e+22
-2.06372192e+21
-1.30636181e+20
5421
-8.25388317e+21
-3.07535175e+21
-5.53025105e+20
-4.73662064e+21
5425
-5.58851238e+21
-6.78372125e+21
-2.28574923e+20
-3.53629551e+20
5429
-7.95244061e+20
-7.45252909e+20
-5.99748315e+21
-1.03744259e+22

5349
-1.5580173e+22
-2.3072201e+20
-4.83694478e+20
-5.52403271e+21
5353
-2.09932362e+21
-2.05310233e+21
-9.69551366e+20
-1.68823638e+21
5357
-2.07375795e+21
-9.304755e+20
-1.16122111e+21
-6.95218084e+20
5361
-1.77123754e+22
-2.06957217e+21
-1.67664963e+21
-4.87314887e+21
5365
-1.07164804e+21
-5.93973308e+20
-1.12384921e+22
-1.6017479e+22
5369
-7.17792782e+21
-5.49250945e+21
-2.26684856e+20
-8.86817954e+20
5373
-8.75812405e+21
-9.88295646e+20
-2.91685397e+20
-6.96263817e+21

5041
-1.75854972e+21
-8.79789815e+20
-4.68179262e+21
-1.72400138e+21
5045
-6.11804773e+20
-2.52351898e+21
-1.81671888e+21
-1.93867019e+21
5049
-4.76536661e+21
-1.64672691e+21
-1.32347613e+22
-3.49816955e+21
5053
-2.01405822e+21
-1.8278116e+21
-8.48700004e+21
-1.98825439e+21
5057
-1.82123605e+21
-4.51941381e+20
-4.30603881e+21
-6.55195713e+20
5061
-9.7178203e+20
-2.16621352e+20
-1.5259974e+22
-2.29033373e+21
5065
-9.92755506e+21
-6.72539412e+20
-1.25419679e+20
-1.33644166e+22

5209
-1.09908396e+22
-9.27727325e+21
-1.77363786e+21
-6.76093264e+20
5213
-8.77986777e+21
-2.17777735e+21
-1.06476807e+22
-7.37648111e+21
5217
-1.94607427e+21
-1.65227204e+21
-8.20522414e+20
-1.13726162e+22
5221
-1.78261902e+20
-2.00083297e+21
-1.72348765e+21
-1.98119598e+21
5225
-1.14391247e+21
-8.58259283e+21
-2.87937374e+20
-6.88566581e+20
5229
-1.13734968e+21
-9.40188797e+21
-1.57119553e+21
-3.7883754e+20
5233
-2.09163311e+21
-1.29213783e+21
-1.98873313e+21
-4.03582429e+20

5321
-1.67512372e+20
-1.0841935e+21
-1.66449339e+21
-9.25115668e+20
5325
-1.98138765e+21
-3.38087161e+20
-1.87275021e+21
-8.02283582e+20
5329
-2.31653226e+21
-2.48261083e+21
-1.97858744e+21
-1.77687476e+21
5333
-7.79609761e+20
-1.85524348e+21
-1.85939896e+21
-1.97642086e+21
5337
-1.10949188e+21
-4.54440791e+20
-1.12917712e+21
-8.82108548e+20
5341
-5.35352427e+20
-2.11510092e+21
-1.03573e+21
-3.51250885e+21
5345
-1.48410879e+21
-4.65434228e+21
-2.914941e+21
-1.5156408e+22

5265
-1.98663206e+21
-6.73562669e+21
-1.2686748e+21
-1.37702652e+21
5269
-9.50000954e+21
-2.03101987e+21
-1.24276336e+22
-1.9519704e+21
5273
-4.46277214e+21
-1.86864718e+21
-3.89706364e+20
-1.3815748e+21
5277
-1.25022381e+21
-3.90886165e+20
-1.88454599e+21
-4.61946796e+21
5281
-1.70349212e+21
-2.00510518e+21
-1.57274009e+21
-6.63556237e+21
5285
-1.49184914e+21
-1.56552062e+21
-8.53792931e+21
-1.66122022e+21
5289
-6.22789742e+21
-1.9855515e+21
-1.6718498e+22
-8.57050403e+20

5489
-6.71383637e+21
-1.91411704e+21
-5.25622418e+20
-1.49060405e+22
5493
-1.94847303e+21
-1.08852338e+21
-1.89759547e+21
-1.96707422e+21
5497
-1.19139462e+22
-1.88854453e+21
-7.93796973e+21
-2.08636576e+21
5501
-1.58268694e+22
-9.3526529e+20
-5.92883685e+21
-1.17169026e+21
5505
-5.43015446e+21
-2.04206002e+21
-2.01085076e+21
-4.43514932e+20
5509
-1.94315288e+21
-2.29711962e+21
-1.96778105e+21
-1.42991081e+21
5513
-3.74010046e+21
-9.32242147e+20
-5.27347165e+20
-7.25033183e+20

5069
-1.6854374e+21
-3.14389518e+20
-9.85820924e+20
-1.92311296e+21
5073
-2.61066891e+20
-3.00502527e+20
-1.89095006e+21
-9.0196066e+20
5077
-1.83036145e+21
-1.22931108e+21
-1.62177723e+21
-2.0881475e+21
5081
-1.710286e+21
-3.90722663e+20
-3.9325938e+21
-1.62082359e+20
5085
-5.40828665e+20
-1.1413718e+22
-3.35600596e+21
-1.85353531e+21
5089
-2.07169989e+21
-1.04930819e+22
-1.93700439e+21
-1.57658005e+21
5093
-1.40289796e+21
-1.9963573e+21
-1.92725443e+21
-1.26730026e+21

5293
-2.60707306e+20
-1.19359399e+21
-2.53541276e+21
-7.07644748e+21
5297
-1.67816117e+20
-1.75773451e+21
-1.56814108e+21
-1.18561448e+22
5301
-3.22268241e+20
-6.34364375e+21
-9.03001928e+20
-2.10229691e+21
5305
-4.01193768e+21
-8.28468365e+20
-5.91346947e+20
-9.16693389e+21
5309
-1.28430182e+22
-2.10842297e+21
-1.92541443e+21
-1.92876084e+21
5313
-1.63155067e+21
-8.32876934e+21
-3.53349489e+21
-5.62399079e+21
5317
-1.4302636e+21
-1.96859337e+20
-1.34527226e+21
-1.03501782e+21

5461
-1.94006887e+21
-2.41747395e+21
-5.68986291e+21
-4.03224692e+21
5465
-1.97555925e+21
-2.07252598e+20
-3.98521169e+20
-8.88044755e+20
5469
-4.92422435e+20
-5.28218988e+20
-1.79427364e+21
-2.13756407e+21
5473
-3.74259749e+21
-9.39166197e+20
-1.58390998e+22
-1.87723885e+21
5477
-1.90691025e+20
-1.98660549e+21
-8.35698487e+20
-2.78342086e+20
5481
-1.25965023e+21
-2.09347981e+21
-1.31811261e+21
-6.0822137e+20
5485
-4.03552133e+21
-1.45220379e+21
-6.78813039e+20
-8.05808255e+20

5433
-1.44347762e+21
-7.96947e+20
-1.89151134e+21
-1.47560095e+21
5437
-6.3852652e+20
-2.65099603e+20
-2.34661733e+20
-5.7301927e+21
5441
-2.06463452e+22
-1.41949494e+21
-7.97461063e+21
-8.3925335e+20
5445
-1.5418169e+21
-1.04656502e+22
-1.87633442e+21
-5.42554127e+20
5449
-3.03980173e+21
-1.08626561e+22
-1.02861263e+21
-1.70953889e+21
5453
-2.02143924e+21
-1.39884233e+21
-1.84397248e+21
-1.68276038e+21
5457
-1.66655196e+21
-1.8454869e+21
-1.46150725e+21
-1.41247308e+21

5097
-4.03738648e+21
-1.83897714e+21
-1.81047972e+21
-5.14921268e+20
5101
-1.81594799e+21
-1.99106255e+21
-5.36702966e+21
-9.78449751e+21
5105
-2.41873712e+21
-1.95590506e+21
-1.88021722e+20
-2.04229032e+21
5109
-3.7874002e+20
-6.88518726e+20
-9.85375035e+21
-2.48763204e+21
5113
-2.76634632e+20
-1.78465011e+21
-1.72558053e+21
-1.41758555e+21
5117
-1.52409032e+21
-1.99850801e+21
-1.89281325e+21
-6.96879737e+20
5121
-1.61993895e+21
-1.97325279e+21
-2.45585153e+20
-9.00356427e+20

4985
-6.86650809e+20
-2.02233665e+20
-1.94557179e+21
-2.01708515e+21
4989
-1.33576763e+22
-5.69882241e+21
-4.45514215e+21
-4.862595e+20
4993
-2.07722398e+21
-1.81215446e+21
-2.08098762e+21
-1.2578799e+21
4997
-1.32873855e+21
-1.52540078e+21
-1.09340637e+22
-1.3371229e+22
5001
-2.88980597e+20
-1.81052224e+21
-3.35652061e+20
-1.24154122e+21
5005
-1.1715689e+21
-2.11389919e+21
-4.60849727e+21
-1.89586295e+21
5009
-3.41346471e+20
-2.17393947e+20
-4.501813e+20
-1.59449216e+21

5153
-3.73347872e+20
-2.54898228e+20
-2.4459899e+21
-1.38470522e+21
5157
-1.86722653e+21
-1.85935175e+21
-9.84715817e+20
-1.96551003e+21
5161
-9.54284065e+20
-4.69689063e+20
-9.43279999e+21
-8.82687823e+20
5165
-4.92619563e+21
-2.90025158e+21
-1.93487734e+21
-3.6282209e+21
5169
-6.17444484e+21
-5.26628029e+21
-2.32881614e+20
-1.53937061e+21
5173
-1.52261418e+22
-5.65531942e+20
-1.57475994e+21
-9.91706701e+21
5177
-2.07905831e+20
-4.70609173e+20
-4.08846173e+21
-1.71482895e+21

5181
-1.91390356e+21
-6.05581302e+21
-2.09464131e+21
-3.25158951e+21
5185
-1.90625628e+21
-2.05955932e+20
-1.83915065e+21
-3.66575959e+20
5189
-2.65634107e+20
-8.98188305e+21
-4.1641355e+20
-1.79775178e+21
5193
-1.9792013e+21
-2.03837874e+21
-1.48866467e+21
-4.20140176e+20
5197
-1.71108142e+21
-2.46609501e+21
-1.11648514e+21
-4.50172939e+20
5201
-2.12456002e+21
-2.30352278e+21
-4.29968893e+20
-1.05021386e+21
5205
-1.84273236e+21
-1.70157579e+20
-1.65995531e+21
-1.8280666e+22

5377
-8.17527649e+20
-7.53513038e+20
-1.63605172e+21
-1.03390902e+22
5381
-6.80738628e+20
-8.31016808e+20
-2.00900256e+20
-1.79571746e+21
5385
-2.07727799e+21
-1.18347299e+22
-9.6550532e+20
-1.66749054e+21
5389
-1.83458953e+21
-1.81669673e+21
-1.01325791e+21
-7.14588602e+20
5393
-2.43431407e+21
-1.74999726e+20
-2.00902258e+21
-2.13168212e+20
5397
-1.32001927e+21
-2.90662663e+21
-2.32357676e+20
-1.94353468e+21
5401
-2.10682691e+21
-1.90177365e+21
-9.64151003e+20
-2.66333587e+20

5013
-3.95549561e+20
-1.48175744e+21
-1.94480946e+21
-1.6900708e+21
5017
-2.05376768e+22
-3.88617222e+21
-1.92685314e+21
-8.64397777e+20
5021
-1.65201147e+21
-4.48429098e+20
-4.58731162e+21
-1.9576366e+21
5025
-1.48934974e+22
-4.81630759e+21
-1.45585044e+21
-1.61937385e+21
5029
-1.68210218e+21
-2.7856209e+21
-7.55963529e+21
-2.93640815e+21
5033
-2.00790238e+20
-1.96357546e+22
-2.18272629e+20
-9.0830202e+20
5037
-1.85802099e+21
-2.01181956e+21
-1.01858625e+21
-2.48913902e+20

5125
-5.85764177e+20
-1.03806924e+21
-1.91937307e+21
-1.61530302e+21
5129
-1.61217559e+21
-4.26551727e+21
-2.02770842e+21
-5.77844386e+20
5133
-3.2550139e+20
-1.22692688e+21
-2.00384491e+20
-1.84157442e+21
5137
-8.08098938e+20
-4.30971546e+21
-2.28036845e+21
-2.86984598e+21
5141
-1.7478516e+21
-6.81013976e+20
-3.59068865e+20
-6.10897695e+21
5145
-9.40766933e+21
-1.76455915e+21
-1.64389259e+21
-1.91956957e+21
5149
-1.99803892e+22
-6.50046359e+20
-1.92818406e+21
-2.20272168e+21
