
1
-110915.063
-348417.496
-171769.159
-106095.824
5
-239635.987
-445930.284
-6746.79004
-25618.6761
9
-61883.0586
-105497.557
-16270.8832
-22789.0534
13
-31554.4833
-29301.0855
-380911.4
-18134.3625
17
-175852.408
-337132.509
-119073.441
-506851.967
21
-35816.5881
-173768.936
-466525.793
-18656.9806
25
-48629.7834
-140321.488
-27623.4103
-421006.04

29
-356656.398
-26829.3822
-867388.805
-525880.294
33
-13585.4624
-960982.177
-140738.215
-21713.6211
37
-70708.3275
-298630.961
-15111.2961
-323169.046
41
-611223.275
-305602.525
-137076.502
-163007.747
45
-33514.1918
-19064.9352
-180932.588
-175472.511
49
-42873.6663
-43168.2977
-233305.045
-40270.7672
53
-22076.5205
-56741.5265
-91893.8265
-61125.5588

645
-29344.8281
-36217.8001
-154538.869
-270632.362
649
-18169.671
-2510.20431
-306265.18
-33415.3766
653
-199541.197
-32249.1577
-133564.53
-104689.374
657
-404953.508
-811429.417
-98992.1617
-15401.9921
661
-677174.724
-114507.498
-55744.9085
-34937.0802
665
-21812.6179
-35638.8834
-36199.9633
-13445.1999
669
-333832.45
-61639.4568
-203341.632
-51757.0823

505
-168843.45
-18116.6366
-373208.756
-39410.9666
509
-18747.6775
-821421.83
-114080.184
-79187.3133
513
-679590.348
-173700.004
-487723.324
-138994.386
517
-4724.05911
-32549.5131
-683019.219
-33954.4001
521
-23075.5187
-49949.3262
-31235.5515
-191171.356
525
-478509.465
-12723.2014
-78544.0184
-410463.736
529
-33406.1526
-21405.0811
-398266.67
-53439.338

1149
-549844.368
-1764.90729
-48032.6186
-182963.246
1153
-96925.8665
-42175.9143
-71378.4434
-54724.1786
1157
-57150.2192
-664034.033
-329465.726
-27883.3608
1161
-16614.7411
-57292.85
-29334.3484
-47311.3557
1165
-321596.859
-215742.394
-104015.333
-208939.069
1169
-271521.019
-36432.3937
-38243.7846
-26555.8917
1173
-243265.148
-19235.5317
-73432.2233
-49983.9797

533
-434387.166
-16442.4027
-250589.809
-177407.003
537
-27849.4121
-38504.9404
-18081.3352
-84074.7198
541
-93276.3777
-29558.0576
-615345.392
-94564.3554
545
-22455.4834
-62120.436
-32996.2948
-48666.1871
549
-469829.422
-79098.2192
-112212.528
-165464.343
553
-344999.851
-19217.4513
-52431.0216
-112836.135
557
-168705.682
-163034.04
-461243.631
-29213.8157

785
-514493.929
-154808.243
-300468.43
-9444.136
789
-25826.7648
-226374.867
-435045.354
-47169.4065
793
-472870.434
-296579.386
-120060.209
-26459.25
797
-15359.0103
-20014.1095
-270954.699
-42913.783
801
-14892.6607
-48943.8128
-267574.817
-76520.0267
805
-238842.192
-544759.21
-290877.663
-78395.1767
809
-421478.984
-283929.611
-110063.212
-15204.4792

617
-12329.9544
-304817.596
-123234.191
-58142.3438
621
-59816.8199
-78115.4131
-30296.2254
-59589.8305
625
-649303.743
-125946.154
-28752.9187
-30757.1668
629
-31442.6901
-147754.814
-22599.8257
-314878.377
633
-18793.1036
-58527.6874
-17882.2749
-434676.401
637
-49998.1243
-174232.833
-39040.0501
-113225.697
641
-256211.542
-220024.219
-84815.8118
-24648.7458

561
-95613.3862
-23467.9488
-46846.0159
-662494.254
565
-28845.5276
-41437.1047
-54790.9355
-75602.957
569
-109905.911
-72786.4323
-203636.744
-34457.4212
573
-18640.7448
-466026.573
-38767.1559
-32875.3035
577
-653964.53
-99588.0207
-67220.6035
-160527.023
581
-127688.451
-145558.418
-188342.493
-85821.5265
585
-15412.3971
-86141.0611
-31079.5556
-114481.468

813
-34272.4716
-31577.3293
-629670.55
-27427.4878
817
-316415.873
-133588.144
-112522.563
-8057.74048
821
-20060.4519
-64069.4556
-33728.2781
-45901.3539
825
-25571.4387
-112799.023
-25004.4033
-101075.749
829
-23801.9148
-43189.9344
-65012.8445
-13582.3233
833
-34581.6166
-237826.434
-68561.5349
-37895.8446
837
-301016.094
-14994.4823
-324414.359
-67087.7858

729
-476902.463
-472249.687
-248828.989
-53238.7582
733
-203423.056
-166852.164
-512732.665
-19521.2552
737
-275674.926
-27197.4776
-7201.91336
-50827.1747
741
-247409.621
-110794.959
-121809.162
-561894.157
745
-31493.9919
-14438.913
-202539.628
-24837.2234
749
-310323.1
-48088.1615
-52170.5654
-276330.409
753
-40687.7702
-21856.944
-11161.3742
-722111.273

673
-7714.50122
-202681.85
-38544.64
-371843.947
677
-51038.0862
-43813.4702
-231882.859
-27305.8829
681
-72569.3097
-135225.468
-247544.937
-31353.5295
685
-18171.4005
-61149.8962
-263265.417
-223390.563
689
-39519.2405
-14115.7668
-19914.6259
-39128.5625
693
-708199.759
-507155.73
-65591.5626
-21523.2276
697
-686394.416
-99662.4868
-47889.0551
-286507.252

869
-10871.5012
-314203.341
-21413.9871
-56390.2722
873
-475027.677
-217570.349
-15071.0645
-216387.306
877
-14283.1304
-23630.8118
-138712.801
-12197.3679
881
-578705.732
-35175.4856
-17259.0752
-59329.9532
885
-154854.831
-40002.0341
-12445.3878
-31178.5954
889
-127945.029
-28264.3678
-79240.0739
-520230.107
893
-51051.102
-126189.261
-59974.4217
-22033.3384

841
-37549.2661
-250278.003
-295041.287
-14465.0867
845
-99618.1934
-21620.0959
-52921.5908
-24876.6404
849
-34406.3167
-35434.0021
-121625.358
-63571.0281
853
-3667.14091
-240621.385
-299356.857
-33178.3912
857
-248505.837
-63916.5854
-75461.2746
-64704.6463
861
-21094.5036
-39447.2978
-129229.688
-628483.378
865
-44754.3031
-275128.717
-157524.804
-21414.9126

1233
-494799.348
-42698.4033
-93736.39
-264952.665
1237
-483753.269
-128421.602
-76980.9302
-1810.05627
1241
-66375.9722
-384570.714
-444403.807
-159394.886
1245
-80289.9503
-226881.796
-164454.292
-164446.052
1249
-132786.515
-110107.453
-46569.7175
-274834.13
1253
-47704.7725
-639129.616
-16146.2568
-64364.3706
1257
-19113.2963
-20665.348
-36492.4541
-51494.1458

701
-137171.615
-14759.4691
-56416.8269
-73799.4951
705
-51423.71
-28187.176
-389692.249
-85590.6339
709
-76633.5561
-164694.043
-121967.692
-19520.8962
713
-30661.1531
-65835.4602
-158725.103
-100009.006
717
-206888.11
-457262.573
-27084.7613
-105273.147
721
-279907.129
-210039.335
-521756.868
-329891.076
725
-132914.828
-164741.811
-750932.659
-137229.324

1597
-28193.3125
-13798.8503
-596948.469
-4160.51824
1601
-30834.8165
-26608.5605
-29445.9289
-44006.6426
1605
-559328.618
-29599.2901
-53539.5226
-141357.284
1609
-79848.1852
-29017.7958
-54844.2707
-19808.5654
1613
-27487.3744
-28011.6465
-103799.674
-474205.11
1617
-102505.805
-94686.5599
-23266.9662
-17371.1763
1621
-559330.195
-27785.0513
-167214.424
-13028.2852

925
-69592.9
-111636.155
-70606.6087
-176071.345
929
-480671.704
-119633.179
-62570.3647
-70442.4593
933
-25534.045
-83147.0534
-252600.529
-283893.921
937
-18676.6826
-33629.3855
-15085.3236
-28832.7856
941
-20915.4933
-416931.478
-681651.483
-81604.1997
945
-42272.0945
-23136.1995
-54930.8491
-435353.162
949
-713696.462
-18256.3687
-42371.0363
-285606.439

1401
-76987.9572
-54430.1439
-657821.343
-34586.9283
1405
-32249.5933
-42083.121
-236089.129
-63258.9436
1409
-76155.5912
-105809.164
-250561.405
-114707.691
1413
-52219.7064
-225107.774
-174069.104
-182601.43
1417
-31542.3905
-107678.455
-475456.268
-36807.3738
1421
-111149.286
-24439.7377
-126867.538
-135511.512
1425
-76932.5195
-146100.591
-129900.386
-339489.399

1093
-331382.224
-33655.3023
-52433.2078
-288786.044
1097
-468706.841
-553847.514
-675163.186
-65750.4539
1101
-110476.303
-109360.471
-76125.1658
-91164.9854
1105
-124431.586
-16532.9502
-18037.2829
-56772.6508
1109
-63254.8009
-280101.823
-51582.6728
-49393.2326
1113
-71505.2928
-244190.722
-244473.654
-137961.391
1117
-31120.4752
-221381.265
-49844.239
-35323.9397

981
-119871.85
-749234.417
-196127.106
-38279.0377
985
-198864.745
-218787.641
-868957.914
-153496.518
989
-113730.54
-219394.821
-21264.3741
-22028.3466
993
-51990.7343
-34104.7749
-30934.7113
-164068.043
997
-34453.3686
-25712.1389
-10145.3121
-152262.337
1001
-277537.266
-373402.757
-28061.3664
-223904.597
1005
-85108.274
-59135.6715
-28821.2037
-113529.554

1177
-49487.5934
-37273.9784
-54069.8625
-42931.7965
1181
-16958.0929
-212140.52
-579930.703
-83113.4223
1185
-850632.283
-97182.7712
-23065.0059
-53978.5018
1189
-19521.2083
-17009.0402
-144347.387
-594328.598
1193
-58999.2601
-79699.2098
-147943.331
-37925.6393
1197
-70623.4051
-536813.002
-18038.1449
-36969.1598
1201
-29689.6044
-5981.09982
-123214.1
-709836.053

1205
-64891.1638
-366129.474
-115792.899
-352337.625
1209
-60003.0259
-20630.9837
-118776.403
-216015.25
1213
-46647.9842
-74909.0367
-410018.176
-16935.0921
1217
-19721.2955
-273966.196
-152299.687
-189771.883
1221
-57649.0731
-72561.8962
-18797.4474
-25100.2126
1225
-23265.1462
-27424.4931
-19508.6583
-19981.7641
1229
-123202.173
-18205.3077
-118408.954
-21784.3571

1681
-252873.873
-198270.04
-310973.157
-201070.217
1685
-41042.1232
-43250.3534
-66066.7105
-87999.489
1689
-160452.991
-27147.7218
-57131.1325
-90264.0528
1693
-16687.8081
-30162.2603
-200308.487
-154347.965
1697
-260319.007
-694950.484
-27589.0276
-13025.7124
1701
-27986.7917
-137190.112
-46775.1201
-52466.3464
1705
-502484.984
-22527.4355
-391661.329
-20237.0125

953
-200224.403
-147593.722
-7126.18853
-193293.478
957
-24671.7367
-44579.1098
-26051.9735
-33522.7188
961
-90728.935
-427758.011
-60151.9283
-22627.391
965
-10475.4439
-128349.983
-18422.7465
-85426.6573
969
-135914.44
-320520.535
-444199.908
-118833.008
973
-50572.478
-84225.3146
-23017.1075
-229105.255
977
-494768.11
-298315.725
-200587.969
-386951.501

1625
-273015.302
-564148.586
-152633.937
-683188.043
1629
-802778.694
-473910.194
-226505.337
-63918.9114
1633
-42370.917
-254637.869
-29538.6682
-262741.988
1637
-27649.5616
-275821.843
-143081.144
-60661.3737
1641
-874384.067
-55179.8091
-426059.776
-22358.1188
1645
-484016.853
-19264.6376
-160690.834
-41813.5936
1649
-20981.4398
-32247.8446
-80800.3121
-36177.3005

1905
-36028.0481
-135946.162
-23231.0136
-560715.329
1909
-115983.614
-18223.9442
-423296.586
-28817.2575
1913
-3351.20698
-42696.989
-50063.0319
-28676.4322
1917
-141632.998
-148693.291
-36084.1931
-112718.916
1921
-89006.9621
-166139.051
-193671.332
-317926.405
1925
-18821.3418
-32832.8588
-150804.071
-581065.657
1929
-82597.7187
-19741.1796
-16393.28
-121642.292

1513
-464930.388
-133120.582
-61202.9329
-375975.705
1517
-43990.0447
-93416.7778
-12369.0732
-63139.2373
1521
-128341.205
-51256.8562
-410084.797
-538557.15
1525
-429584.958
-391017.776
-75773.814
-41901.3814
1529
-240132.864
-437732.647
-377704.544
-229195.175
1533
-300015.49
-62309.8539
-19467.2571
-98110.9136
1537
-103256.311
-181312.603
-19537.5599
-3826.991

1457
-17494.6376
-150196.906
-33091.6194
-21047.1037
1461
-17206.7522
-266244.15
-22118.6612
-349919.219
1465
-43826.246
-197130.054
-40179.5477
-563094.172
1469
-269251.621
-259082.711
-40823.9692
-80231.4852
1473
-422946.939
-30578.964
-80063.9417
-54791.0849
1477
-38226.595
-44462.0512
-45923.5664
-299217.568
1481
-11457.33
-589574.576
-247666.628
-22807.5882

1429
-522781.999
-47213.9743
-121505.448
-95866.4234
1433
-67583.8495
-661094.298
-54832.7074
-31891.7273
1437
-464837.845
-15175.597
-32412.073
-109810.919
1441
-354499.845
-772525.484
-16688.7409
-58586.0876
1445
-205305.25
-222792.856
-16625.3989
-118765.005
1449
-34970.0971
-66859.4675
-47157.1742
-59243.9316
1453
-29659.2245
-48564.7073
-61062.4194
-13833.7341

1709
-17249.7064
-450679.331
-30483.8768
-534181.32
1713
-26150.4947
-92743.2017
-45174.4571
-87254.7001
1717
-91761.1239
-67932.9323
-59086.0428
-49065.2144
1721
-37115.237
-733956.733
-9224.05959
-84509.3362
1725
-327280.377
-31514.4636
-18669.0322
-31617.854
1729
-240907.711
-250392.652
-858290.828
-335071.036
1733
-24948.7339
-52727.8336
-21689.1352
-55035.6824

1793
-158109.652
-63996.3218
-367287.156
-25909.9149
1797
-29263.4712
-37414.018
-22168.2655
-23279.6908
1801
-180637.271
-56362.4909
-21176.26
-869087.197
1805
-211367.318
-46313.405
-29500.181
-9286.06261
1809
-263165.104
-27299.5837
-35721.3559
-14264.0365
1813
-203496.181
-42972.9811
-14661.4172
-338497.947
1817
-20086.9861
-86054.4156
-316643.601
-29195.3817

897
-39030.8876
-60387.4253
-44953.1587
-106334.368
901
-56144.4305
-190479.045
-39303.5822
-85569.3295
905
-58510.8389
-468090.338
-74343.2967
-83386.0138
909
-219777.927
-422164.032
-170471.767
-43441.2607
913
-107398.271
-196992.925
-198442.034
-14305.2215
917
-206810.076
-157716.577
-413130.362
-69638.685
921
-45286.8157
-17468.3993
-54784.3163
-204482.1

1933
-430448.013
-80067.2543
-579844.419
-204845.374
1937
-48955.7164
-64177.1329
-261496.937
-27443.5543
1941
-127167.732
-17295.9332
-76311.425
-29322.7461
1945
-51577.8123
-81524.5693
-504258.715
-726451.173
1949
-28510.7277
-319780.146
-83530.1074
-349603.809
1953
-467384.04
-91357.0141
-511596.845
-264795.18
1957
-164442.996
-135791.482
-253860.325
-33494.8393

1653
-38998.7652
-101595.371
-173120.754
-140752.384
1657
-32558.813
-25065.7309
-126230.515
-70917.6596
1661
-13301.0462
-235988.261
-16696.5789
-205665.33
1665
-127897.192
-307094.292
-42264.0825
-13203.4847
1669
-30868.7853
-131645.304
-99092.6643
-208276.748
1673
-307055.877
-206651.417
-37157.8149
-158640.47
1677
-27750.2263
-581049.844
-136786.011
-506139.448

1289
-342105.725
-3354.06431
-155873.148
-31169.4936
1293
-25410.2129
-34770.9379
-24539.5278
-410516.418
1297
-45072.2918
-71036.3472
-298513.546
-30687.5619
1301
-129882.154
-39079.957
-18017.6435
-365549.704
1305
-167299.281
-636662.558
-413740.046
-112568.516
1309
-389081.372
-62403.8968
-77731.4098
-1667.17038
1313
-25874.4057
-27435.7208
-117202.584
-333076.501

1121
-40470.1835
-288219.383
-255646.862
-18483.2703
1125
-16669.0858
-181181.661
-35182.2518
-187528.913
1129
-199652.841
-28746.0629
-59194.0132
-190636.218
1133
-156568.058
-20922.8041
-289878.891
-152301.894
1137
-85023.8385
-17090.9475
-47860.5284
-17718.6672
1141
-374973.649
-81533.5351
-83689.3459
-34537.9519
1145
-77399.3048
-308081.085
-101462.583
-213564.374

1821
-188513.384
-432863.243
-25799.6518
-30821.8754
1825
-142367.797
-124258.534
-115259.615
-56180.828
1829
-107505.668
-331977.043
-816401.548
-322292.955
1833
-111780.538
-202885.084
-69029.1262
-59005.8083
1837
-114403.947
-18225.4445
-689603.246
-21718.3905
1841
-540565.298
-167647.216
-267711.32
-66819.9511
1845
-27196.406
-32628.0465
-125946.541
-97555.797

1849
-12875.9852
-70948.7836
-55459.6003
-54413.2391
1853
-78345.1843
-193871.281
-92699.8983
-24129.6471
1857
-23036.4367
-74245.5493
-253518.741
-31609.45
1861
-57052.5622
-186689.539
-25633.8433
-209216.741
1865
-635080.064
-56595.4685
-23343.346
-38015.482
1869
-10094.5674
-161540.636
-54360.7278
-199753.189
1873
-386759.397
-93755.1964
-98104.847
-17197.0489

1877
-238901.098
-34792.4234
-25399.4997
-222619.959
1881
-52313.1766
-442055.274
-570272.034
-64209.9922
1885
-85052.8779
-30287.169
-133575.343
-26382.2078
1889
-98235.2164
-13604.8567
-264845.361
-62253.382
1893
-404787.179
-32315.2413
-71799.1434
-97545.7462
1897
-169884.505
-55664.288
-32105.8436
-38972.9649
1901
-100839.383
-123077.943
-187140.092
-184331.626

2045
-164208.296
-228027.781
-32675.5583
-19845.2364
2049
-145142.319
-81350.8772
-124067.395
-166949.807
2053
-203454.257
-21259.2906
-228064.951
-89713.4111
2057
-38664.9903
-105722.53
-181974.317
-296367.941
2061
-180501.725
-141847.977
-336665.183
-13415.6943
2065
-275580.005
-168818.063
-500603.367
-469216.457
2069
-288412.796
-120003.441
-46293.4113
-383917.124

2073
-79421.2004
-69484.8379
-39635.2236
-31015.9658
2077
-154815.658
-362808.323
-31098.3737
-16948.4528
2081
-238758.355
-523913.264
-79372.1319
-87591.9547
2085
-331799.183
-883820.512
-47719.9401
-20969.7611
2089
-321785.677
-175751.456
-14111.3247
-21134.7
2093
-211878.257
-18337.3855
-2842.85515
-474753.574
2097
-25362.3845
-72220.9134
-102508.519
-822343.448

1765
-55904.452
-61094.7142
-112610.085
-164075.233
1769
-46470.1272
-272168.433
-31514.7545
-100637.367
1773
-4673.68126
-713400.535
-23949.8608
-60587.5119
1777
-44731.816
-29799.6862
-132299.949
-47028.2769
1781
-47531.1801
-369331.653
-160169.703
-35681.5183
1785
-35325.4452
-250411.337
-301759.846
-46574.483
1789
-38441.538
-34165.465
-34409.4664
-118661.113

1961
-20648.4982
-97161.2259
-68326.884
-55581.8207
1965
-328066.874
-74136.4665
-20633.1327
-122638.929
1969
-25586.5235
-51610.1598
-13086.2758
-188802.361
1973
-65953.4652
-24106.7738
-300292.638
-41151.095
1977
-34295.7643
-15717.8729
-140001.594
-108781.694
1981
-26019.5463
-86604.5309
-37081.1939
-26192.2277
1985
-132969.423
-57171.8949
-106829.625
-6333.0708

1569
-36557.2045
-47516.0392
-15969.7694
-31353.0721
1573
-58895.2125
-157610.867
-29472.0802
-120582.71
1577
-63908.3676
-25686.2974
-53567.2945
-27969.4973
1581
-28057.1154
-74791.3648
-32738.1215
-12260.8039
1585
-262598.554
-115727.994
-186197.495
-50482.6694
1589
-104541.543
-194378.337
-587895.528
-20766.9902
1593
-102186.359
-115525.599
-15431.3158
-75302.0879

2017
-204279.933
-461684.396
-24918.2642
-135750.931
2021
-25186.51
-134273.615
-38024.1136
-376641.335
2025
-376524.62
-172470.099
-16766.7475
-31647.3703
2029
-18611.2045
-27584.9366
-36790.4545
-31317.4083
2033
-249186.848
-75750.5527
-31788.3615
-54245.2591
2037
-31715.0002
-459299.642
-48683.6889
-47684.9402
2041
-604199.581
-18045.8107
-491024.232
-73842.568

1317
-282317.801
-362030.831
-57298.721
-128140.338
1321
-10213.1813
-25489.8244
-96937.9706
-61314.3756
1325
-17466.6808
-33857.8314
-521020.55
-97750.4297
1329
-77843.8652
-51306.9007
-607506.865
-135949.496
1333
-68738.7813
-626119.32
-13552.2891
-525913.977
1337
-395078.217
-20693.3761
-240421.326
-81615.8095
1341
-53185.6976
-753200.235
-82625.6593
-120716.783

1989
-17148.9139
-159246.17
-205160.724
-26929.7577
1993
-139113.333
-170002.353
-20183.0008
-35614.4108
1997
-45440.5123
-107545.251
-390805.138
-21794.2427
2001
-27707.1249
-34737.1975
-13721.2293
-676280.368
2005
-344983.281
-94525.0603
-66296.8094
-168342.445
2009
-161832.725
-487750.122
-151772.028
-18535.6248
2013
-34971.7644
-285164.936
-354640.399
-804018.048

2213
-77473.1169
-632107.04
-53327.4653
-143895.45
2217
-44635.3255
-15580.1484
-185110.266
-166046.969
2221
-59475.3201
-99880.4194
-164266.748
-17007.5394
2225
-36167.9542
-92322.4058
-440647.495
-111796.18
2229
-8229.04036
-20501.5073
-27425.2952
-58286.3722
2233
-38446.68
-282672.288
-94090.7813
-138921.414
2237
-107361.208
-14741.3061
-119957.752
-39739.1912

1541
-22272.7811
-15535.6738
-44298.1914
-179552.319
1545
-149593.7
-333401.082
-459969.794
-189322.547
1549
-54563.5187
-141138.676
-16682.9645
-34277.6279
1553
-196612.451
-178480.099
-26465.2128
-711217.614
1557
-24341.5688
-45190.7379
-40333.2062
-836831.982
1561
-53404.7063
-82605.0686
-21747.0397
-36766.2385
1565
-57117.6651
-74719.4369
-72040.9185
-336407.912

1485
-18760.8118
-103472.114
-22261.1319
-111062.461
1489
-28860.0928
-140580.063
-125173.889
-52705.8753
1493
-374372.789
-28905.1877
-72559.2029
-58342.4363
1497
-157438.417
-140164.657
-27967.3373
-186082.168
1501
-21065.4885
-6853.16229
-31579.2281
-47633.9096
1505
-218257.921
-10204.4826
-23755.7041
-58647.3099
1509
-247075.496
-28999.0761
-46983.6794
-76362.3549

2101
-34118.5562
-184080.386
-23709.7037
-46547.9982
2105
-314018.726
-38234.7965
-393581.035
-42454.8647
2109
-107783.829
-74469.4177
-85759.6877
-227465.132
2113
-275463.384
-121202.011
-768012.496
-46521.1434
2117
-78548.9019
-126443.297
-35860.9717
-138860.361
2121
-46602.635
-193131.043
-73346.0519
-160005.829
2125
-7758.85539
-205375.113
-790291.967
-19116.8129

2185
-23453.3611
-100764.685
-30936.1513
-31324.3803
2189
-572492.92
-26408.665
-35420.6965
-42407.7713
2193
-169737.244
-38052.803
-801047.404
-746090.168
2197
-117421.972
-65932.3124
-347454.249
-347508.334
2201
-97020.0502
-83115.8987
-29936.2256
-23102.3474
2205
-50884.7162
-431064.648
-30226.1757
-31771.3382
2209
-107949.489
-15672.6449
-20925.6274
-46242.0931

2129
-36848.8803
-349699.862
-611304.983
-51996.6669
2133
-2425.86458
-337877.656
-61274.7114
-108276.909
2137
-29593.9754
-140057.544
-49339.9296
-24954.3085
2141
-734191.837
-165782.843
-17981.5177
-197961.208
2145
-14963.7495
-217742.904
-111841.642
-394378.176
2149
-12719.6785
-6636.06868
-166912.167
-59750.6228
2153
-442892.041
-12470.7684
-80980.4557
-41755.0615

1737
-282897.766
-74237.7717
-95692.1966
-369704.645
1741
-100590.002
-30246.3135
-217773.036
-377880.355
1745
-459929.464
-160671.318
-110606.539
-20174.8882
1749
-13724.9993
-518220.071
-132355.276
-30299.9449
1753
-140595.8
-15147.2102
-440464.825
-138139.589
1757
-76381.0065
-145053.167
-82181.1763
-25334.357
1761
-47363.2335
-32477.2134
-2648.51346
-74086.6926

1261
-701828.247
-26755.0847
-413620.782
-20992.1002
1265
-91377.6842
-45820.4017
-24777.2688
-35380.9814
1269
-25087.0538
-19520.561
-169504.955
-51807.9023
1273
-306779.829
-459404.476
-13842.1231
-106927.784
1277
-17542.2047
-23940.6223
-83714.5265
-115191.032
1281
-9242.73481
-142350.598
-31292.9214
-559089.927
1285
-140665.696
-40786.641
-18430.2159
-304287.056

2157
-249649.287
-25177.475
-686837.202
-32396.4445
2161
-142652.368
-25956.4016
-135882.68
-166473.961
2165
-302910.145
-140742.484
-23216.8658
-19027.979
2169
-21117.287
-36743.4026
-359617.232
-108602.703
2173
-572815.113
-25810.8062
-113919.346
-514672.924
2177
-91652.5453
-84716.57
-161293.549
-33953.8774
2181
-64669.7929
-43788.8601
-99890.3737
-15805.2298

449
-17691.5998
-272267.087
-248000.684
-30074.6513
453
-19246.0538
-74229.8622
-165576.572
-49318.0203
457
-159067.188
-81620.3245
-139949.338
-419539.282
461
-21100.7935
-486661.13
-21689.5054
-17061.9232
465
-17776.9092
-144860.349
-122145.324
-31325.5924
469
-41408.0045
-28633.2901
-23951.9471
-317271.587
473
-42529.5693
-13776.0771
-64159.4798
-304931.557

477
-23418.6558
-20824.292
-19571.4774
-53495.2903
481
-217128.029
-39625.2921
-25205.1025
-235508.841
485
-99321.239
-38796.3198
-22474.4581
-29016.3878
489
-34405.2631
-61002.5178
-358330.821
-44077.4869
493
-747918.448
-48027.6152
-161218.031
-25098.6709
497
-107576.936
-37707.9151
-87933.9344
-39715.1538
501
-530978.153
-314267.38
-666198.405
-69605.1337

1373
-38857.1681
-92192.7366
-30209.9986
-109401.09
1377
-234482.402
-120726.02
-85954.4645
-33799.3042
1381
-30542.4702
-456157.326
-197630.285
-25042.7372
1385
-297446.15
-173855.374
-19943.7896
-25510.5576
1389
-14408.6682
-201211.29
-77952.8312
-61761.3542
1393
-43229.4779
-173849.223
-390833.546
-598816.223
1397
-295226.138
-26841.2571
-80030.4724
-50036.5823

225
-228898.282
-532517.437
-104828.011
-17286.3901
229
-346381.851
-14038.818
-340506.427
-31453.9309
233
-387010.092
-131093.511
-388535.467
-18879.3214
237
-260472.953
-373376.057
-24040.9288
-14850.3129
241
-33468.5002
-178118.795
-58455.6955
-43168.7832
245
-663739.066
-157665.259
-146040.158
-19912.1435
249
-44358.1555
-235754.324
-347701.479
-16681.4479

85
-277499.274
-525503.705
-58396.9044
-658340.49
89
-545536.023
-277598.234
-34889.477
-169352.558
93
-283207.628
-29171.4788
-265452.764
-68911.2834
97
-700803.552
-33220.2555
-41103.5113
-36752.1024
101
-674568.725
-45289.5785
-212735.961
-21688.0712
105
-128508.913
-155057.984
-382579.026
-91067.8836
109
-19175.3605
-22407.9374
-21146.0458
-585352.655

281
-495001.348
-33245.4488
-27442.676
-104941.777
285
-24862.6228
-238689.225
-22047.943
-275830.071
289
-215143.475
-26597.6473
-21983.5838
-89022.0054
293
-469229.506
-9048.32547
-500004.195
-18354.5747
297
-571513.51
-85224.2602
-41347.0167
-20914.303
301
-31552.7925
-113507.492
-51437.0672
-222979.949
305
-32293.1669
-43550.9422
-61342.3334
-140994.482

141
-75780.305
-502937.957
-61758.8716
-339855.443
145
-16113.8804
-34246.6013
-77039.8552
-202372.955
149
-315050.048
-175740.965
-73217.8762
-15556.1159
153
-141101.936
-450903.481
-36843.8021
-36466.9216
157
-79572.0471
-652145.731
-208065.123
-669943.511
161
-65734.3134
-34047.0731
-19098.6659
-253199.427
165
-169641.488
-132488.357
-22234.0435
-24569.9969

1037
-18005.0136
-260678.575
-23441.8806
-18148.446
1041
-108889.006
-25501.4756
-81157.399
-61244.9654
1045
-315052.026
-84601.3891
-14898.2469
-37529.9568
1049
-88896.1249
-23060.1883
-185323.434
-20627.9515
1053
-165688.104
-10241.5412
-386031.221
-67106.1069
1057
-234202.658
-25691.3191
-191302.456
-82041.9835
1061
-356993.346
-292663.378
-52476.2707
-51379.8828

57
-571752.101
-13318.1077
-395724.776
-32727.8582
61
-19335.3769
-152849.718
-87939.3897
-69660.5143
65
-50150.0658
-123970.864
-35867.9081
-80608.0209
69
-62177.4235
-614245.916
-97051.0825
-50110.6323
73
-23601.198
-143755.932
-246788.687
-34024.0967
77
-141398.432
-645532.803
-46350.9456
-55549.4718
81
-28291.701
-52223.552
-151432.546
-269974.441

365
-25095.1198
-288046.183
-398152.154
-34231.5538
369
-57671.3846
-32930.4171
-136447.991
-136457.146
373
-95781.4598
-675079.536
-709661.336
-99666.042
377
-17688.932
-17361.5265
-38088.3132
-258093.169
381
-149255.481
-109641.578
-283545.59
-89791.6763
385
-78660.7931
-233659.764
-478995.049
-39364.5886
389
-22020.8975
-28437.5358
-7249.8398
-31822.3277

393
-32986.562
-27130.6813
-21635.543
-19216.3815
397
-35139.031
-47872.671
-110850.388
-715976.732
401
-399352.694
-10150.5908
-58158.4399
-236765.731
405
-222693.919
-13948.5989
-123258.336
-11507.9057
409
-131607.899
-78666.8201
-57059.5428
-98529.7775
413
-41581.5668
-279770.091
-24614.8435
-431212.363
417
-393484.36
-623447.19
-123474.391
-181363.534

309
-60256.8777
-147313.091
-35300.7655
-19962.9447
313
-62533.0774
-83970.4547
-15072.5281
-44688.1072
317
-23049.6249
-24342.7463
-28168.6358
-181902.537
321
-86294.9077
-56368.7648
-464428.382
-94694.8745
325
-71966.8929
-64999.9989
-130756.138
-40959.1813
329
-169176.85
-156134.569
-506450.938
-15995.6838
333
-107016.928
-32947.3128
-46115.9938
-73892.4779

421
-239338.429
-221796.305
-606963.958
-44758.7673
425
-114567.38
-725020.007
-19603.5404
-17577.6034
429
-330588.716
-65249.6296
-516128.799
-36439.1652
433
-55624.0951
-142392.517
-45238.7359
-31424.1606
437
-58116.3397
-503459.759
-334590.318
-623756.669
441
-548914.54
-241550.543
-49436.384
-658387.118
445
-312150.666
-26088.4085
-64804.7364
-477668.472

337
-373132.216
-125079.552
-12973.4706
-193966.774
341
-309465.512
-431942.701
-13941.1826
-245652.634
345
-50783.7625
-332287.019
-53216.5501
-641678.044
349
-61534.361
-397482.025
-7314.80871
-93391.3589
353
-234349.063
-55050.9185
-29555.0349
-125535.082
357
-28582.538
-326469.092
-19886.2061
-19892.5881
361
-6447.14927
-25311.2114
-30180.0523
-30185.0097

253
-39984.8184
-114411.677
-65873.3595
-449095.106
257
-97883.2497
-139181.573
-403945.85
-24189.9135
261
-27775.0629
-19159.1495
-649066.465
-24394.9975
265
-80653.1095
-41458.2764
-18854.7716
-513579.327
269
-51931.2628
-492882.058
-97427.4205
-76845.3073
273
-602166.909
-32559.5827
-458170.806
-31554.5033
277
-247616.377
-173269.694
-638494.738
-134121.549

169
-120276.489
-24699.9323
-29642.6048
-26466.6566
173
-139857.883
-857855.956
-35277.2516
-75691.7741
177
-19227.9616
-7328.25968
-19540.4391
-35021.729
181
-105690.681
-151938.429
-25538.8728
-54695.3603
185
-139301.63
-576975.45
-107498.265
-42032.0413
189
-189706.182
-106543.962
-28250.8378
-26002.3556
193
-79616.877
-26488.0939
-406904.549
-596598.517

197
-36719.3869
-71235.053
-161679.462
-32674.3299
201
-200521.32
-24227.3691
-26588.6614
-414935.887
205
-40350.8111
-421726.988
-77373.3766
-29582.485
209
-127426.676
-128149.087
-12717.9235
-49344.4748
213
-20614.8204
-113152.63
-189532.061
-29127.6545
217
-18345.5904
-48183.9387
-335562.466
-137204.354
221
-50305.9284
-24463.7442
-685575.011
-37701.6324

589
-504588.589
-27379.4168
-121968.46
-336783.262
593
-26270.686
-149425.214
-450620.509
-63464.784
597
-314677.474
-93086.7464
-84457.7519
-20672.1745
601
-414555.63
-275832.648
-60468.7024
-559079.455
605
-528030.566
-59766.5577
-672768.577
-511756.853
609
-20942.6492
-157028.068
-95328.1416
-427294.887
613
-200314.829
-576131.688
-343264.681
-46504.6867

757
-146408.517
-96574.6011
-92011.9663
-76141.1448
761
-51655.6274
-86929.7977
-339745.158
-79938.7553
765
-325271.159
-19686.9658
-181416.312
-114400.993
769
-118062.524
-14140.1114
-88536.9276
-110473.86
773
-105173.171
-22355.727
-38266.8035
-14982.774
777
-679595.64
-127450.635
-704155.127
-41932.0856
781
-505376.393
-21841.3571
-147650.466
-81355.89

3557
-228189.266
-35121.1605
-30422.0067
-28197.0902
3561
-466540.861
-163692.875
-36906.9275
-322806.579
3565
-623914.75
-842236.499
-25420.2081
-126360.216
3569
-90152.1142
-38271.2525
-73710.3286
-140841.073
3573
-14450.8952
-279740.849
-146205.106
-203847.807
3577
-120358.751
-453680.027
-14360.6662
-60167.3282
3581
-250184.976
-22960.9456
-511247.542
-26445.0633

3529
-21429.1403
-96881.2328
-45853.4369
-30504.232
3533
-30282.1927
-422828.402
-93287.1322
-894728.234
3537
-671409.69
-85318.5775
-41636.4832
-28862.8027
3541
-71657.9993
-332485.541
-25445.3261
-52894.3089
3545
-40793.6205
-31588.0429
-110784.802
-35711.5218
3549
-85326.1791
-191019.817
-213925.905
-114802.271
3553
-105844.788
-163483.777
-117452.893
-81401.7015

3501
-19207.0433
-558904.209
-157790.843
-248588.876
3505
-359190.867
-799630.858
-54287.6158
-52096.1721
3509
-17157.5857
-685342.644
-52138.5611
-161224.952
3513
-19898.8584
-122464.836
-38202.2009
-39523.5812
3517
-215147.829
-138991.1
-91463.3592
-57843.7641
3521
-100513.653
-63852.9893
-112149.038
-127798.165
3525
-313932.51
-150407.188
-11501.7433
-156052.208

3809
-81330.0307
-865194.783
-27773.4543
-159345.609
3813
-72179.5384
-60241.3497
-76147.1111
-609819.315
3817
-484097.958
-33990.6848
-168731.414
-17958.9023
3821
-660374.394
-718379.598
-105520.949
-261785.614
3825
-376528.852
-12150.684
-390565.906
-108240.549
3829
-63625.5332
-282228.246
-238343.458
-37251.878
3833
-39804.4185
-143683.57
-223086.883
-82368.0034

3865
-47244.3737
-75817.6428
-317462.452
-32753.8572
3869
-31813.9306
-65959.6577
-35415.7355
-355294.386
3873
-33452.8813
-292651.334
-33367.6215
-59676.0465
3877
-4065.50783
-24180.5611
-25999.1226
-129348.179
3881
-111480.76
-24081.1229
-93453.9367
-17794.986
3885
-26660.0013
-142307.511
-24610.4371
-102155.346
3889
-26298.3591
-329467.134
-77726.4225
-28739.852

3893
-14793.4998
-454863.878
-675142.148
-127137.752
3897
-48945.8997
-22899.7596
-36015.427
-269066.035
3901
-20629.3055
-509858.755
-18763.0371
-274409.815
3905
-19870.9788
-131423.855
-78135.0777
-100694.009
3909
-81851.5082
-13681.926
-25967.6648
-174206.705
3913
-45001.1221
-57057.1439
-11007.5791
-29627.6099
3917
-323623.975
-74685.8859
-105644.908
-614898.078

3837
-401317.502
-243358.606
-74527.0363
-450386.408
3841
-82700.2035
-95376.5441
-108053.552
-315160.197
3845
-24061.0105
-258685.539
-47275.5295
-86462.6879
3849
-416083.737
-192066.844
-212492.927
-73227.5701
3853
-102981.992
-11550.8758
-118535.154
-32489.4383
3857
-265307.112
-61769.0292
-67610.7197
-58011.8054
3861
-72226.2289
-134646.686
-72968.6942
-563381.291

3389
-22145.1806
-38243.5143
-23074.2283
-133162.816
3393
-294398.375
-57433.4364
-17984.3772
-26052.4645
3397
-50609.0505
-70622.0661
-195068.218
-214970.963
3401
-217543.945
-160148.157
-166336.482
-193053.838
3405
-69816.1213
-70281.9241
-15919.7888
-26586.4007
3409
-86615.161
-161073.464
-145782.851
-16649.6294
3413
-24279.4799
-31492.5888
-93814.1369
-85922.1282

3949
-13968.034
-25070.7081
-284112.875
-23954.5796
3953
-17794.5812
-338017.341
-30953.4328
-67455.5502
3957
-106187.508
-583916.5
-138446.675
-355247.988
3961
-143575.513
-89422.1106
-48191.1743
-48886.2895
3965
-12333.5248
-354074.38
-6085.42176
-112913.949
3969
-35135.7924
-18495.8543
-32697.7702
-26366.8333
3973
-178299.652
-539779.629
-187621.184
-19521.2876

3753
-92179.9482
-25603.8854
-21870.2448
-61381.9347
3757
-154159.946
-155022.143
-36635.6516
-31764.5376
3761
-24469.1765
-223132.703
-54949.9338
-104096.704
3765
-196804.415
-167980.486
-108923.512
-77880.2446
3769
-111839.903
-42828.0627
-40042.7471
-380261.226
3773
-17017.2609
-31498.3926
-54249.454
-19521.1509
3777
-23810.35
-221840.27
-126777.732
-62668.3645

3725
-67901.2568
-51070.4087
-822524.131
-132647.961
3729
-186231.431
-547651.619
-91404.7187
-17626.0961
3733
-92212.998
-33212.9618
-144710.606
-20264.2482
3737
-631608.999
-378840.284
-188886.26
-664313.292
3741
-44597.444
-16550.8687
-61871.1115
-636254.828
3745
-81420.9624
-582804.27
-379945.726
-571261.957
3749
-185822.211
-207808.334
-57117.6342
-31998.3527

3977
-24165.69
-19046.5837
-876362.67
-3766.1903
3981
-241864.911
-118580.508
-234203.615
-32132.905
3985
-2181.68494
-27906.776
-152848.475
-55202.9284
3989
-76796.5566
-23699.3318
-270777.506
-38364.6006
3993
-68062.4762
-688518.206
-287788.436
-28441.963
3997
-61211.2575
-119701.605
-10818.555
-407533.127
4001
-117179.04
-619872.24
-38920.3338
-41265.5457

3613
-134499.694
-148501.316
-145570.492
-116371.177
3617
-124441.446
-241608.309
-217035.468
-29237.5661
3621
-243473.084
-39755.3437
-231300.758
-362703.343
3625
-620232.481
-33630.4106
-79453.8454
-291594.258
3629
-23930.5515
-31849.977
-100358.496
-153640.057
3633
-478829.333
-410791.189
-28215.212
-47318.4896
3637
-219015.006
-10488.9104
-198145.911
-63421.7326

3669
-115906.576
-125095.713
-41395.1986
-65766.2662
3673
-233212.795
-137867.36
-15851.5779
-192363.504
3677
-140522.573
-23910.9714
-292108.316
-7990.86952
3681
-45218.2117
-174871.28
-578137.108
-16623.151
3685
-195510.14
-52223.0061
-29644.6207
-57705.1681
3689
-25883.1118
-338625.171
-19986.0925
-29398.9577
3693
-107389.975
-217761.767
-262650.318
-45066.5345

3697
-2758.19746
-320664.746
-729184.837
-21961.7379
3701
-110077.915
-118289.5
-213204.717
-182587.431
3705
-12696.0443
-35447.4943
-221689.958
-91947.3244
3709
-22596.4008
-59890.3654
-91495.4814
-187802.931
3713
-13135.719
-68928.3298
-45322.52
-559283.186
3717
-43561.6041
-42279.9725
-76734.7249
-22594.1691
3721
-25290.8119
-17617.9378
-123739.759
-698759.067

2801
-57369.2947
-821882.816
-523812.793
-228285.056
2805
-225805.178
-16212.0414
-166694.56
-32117.9393
2809
-231080.841
-22234.6414
-376926.255
-134023.972
2813
-722709.747
-8057.17213
-37870.9222
-218752.095
2817
-89472.5228
-26060.2484
-21253.6535
-169457.372
2821
-486510.491
-206160.25
-222382.307
-13964.5199
2825
-331325.562
-50563.1259
-52423.3788
-70945.1245

2773
-30138.9065
-14707.0892
-15793.9644
-104184.054
2777
-60589.1823
-201110.569
-569251.415
-392129.297
2781
-271907.577
-334310.305
-190389.145
-80333.005
2785
-49732.0363
-10019.9952
-23446.201
-686501.601
2789
-17906.624
-28476.3448
-62664.6466
-24561.2176
2793
-62753.9122
-24571.1683
-1039521.04
-150990.883
2797
-37980.648
-63008.667
-117030.441
-372226.608

3417
-499273.719
-21211.5875
-448951.153
-134973.036
3421
-4949.32056
-106765.825
-7936.54303
-40277.2462
3425
-20747.8808
-48397.8709
-169877.817
-62883.2113
3429
-28663.0863
-246518.188
-13081.7196
-54242.4418
3433
-178569.825
-140493.483
-53247.3705
-14947.2429
3437
-71607.948
-194827.996
-35708.8015
-121183.562
3441
-51097.6546
-21453.2007
-35954.2266
-172714.784

2717
-17983.1009
-94624.4146
-118002.988
-109553.263
2721
-23928.9949
-115567.327
-299352.659
-36296.814
2725
-22087.65
-16164.3272
-112855.563
-110263.361
2729
-114330.887
-257542.628
-55362.8574
-151045.023
2733
-30892.6825
-48967.855
-245318.105
-70983.3924
2737
-683358.393
-54027.9706
-31505.5065
-31856.9247
2741
-46911.0803
-29088.5965
-428238.446
-156053.016

2549
-13666.1965
-352767.94
-303340.107
-130597.228
2553
-52953.4901
-645592.113
-501610.455
-78495.3053
2557
-502729.493
-29433.8255
-309393.443
-32254.7364
2561
-64522.3552
-22288.1949
-39323.6301
-40705.8644
2565
-300536.429
-13784.7615
-37407.2042
-584352.283
2569
-91185.8354
-29917.2126
-271165.84
-107075.411
2573
-371838.483
-29724.3659
-741102.383
-115127.982

2241
-68877.5142
-74746.5522
-30189.7264
-686722.571
2245
-29426.8704
-47976.9595
-30594.9523
-26707.3797
2249
-33644.1693
-12590.1726
-65153.0193
-11922.4998
2253
-43097.5913
-834369.093
-16806.7273
-267700.519
2257
-91791.0931
-82320.3372
-503907.796
-418940.568
2261
-33496.6633
-312404.253
-24162.5911
-387765.902
2265
-672848.28
-16741.4706
-870737.511
-46446.1724

2381
-44183.894
-44666.6802
-24956.7608
-73859.6216
2385
-84475.2438
-75001.7077
-462601.547
-416006.017
2389
-27085.5432
-191611.837
-40898.8079
-615486.025
2393
-39096.7122
-56829.13
-149453.758
-29392.3585
2397
-20242.2264
-309609.931
-33178.2477
-411250.519
2401
-21596.8753
-60674.0194
-325097.331
-13342.9564
2405
-67078.573
-232316.818
-746017.463
-23891.5131

2745
-142697.466
-108238.45
-25234.5678
-34803.1487
2749
-360133.192
-191851.383
-12091.546
-88691.0208
2753
-210430.539
-149532.075
-32223.5444
-541482.341
2757
-542945.401
-29536.8347
-21575.5483
-229950.216
2761
-681511.876
-29845.8841
-259609.946
-51155.0525
2765
-36920.371
-85777.0813
-61127.982
-103772.452
2769
-154470.489
-20829.2206
-254699.201
-223053.458

2605
-76227.0037
-177395.824
-6212.32978
-331255.924
2609
-187756.307
-29012.4404
-27762.7886
-27832.8823
2613
-591323.097
-86023.2807
-503345.553
-45342.7027
2617
-25940.2318
-191326.983
-159074.708
-127750.319
2621
-828574.998
-76230.4447
-109078.928
-18607.1244
2625
-50844.3639
-29735.7289
-107406.686
-365952.22
2629
-19520.0455
-73429.7166
-226322.962
-56014.0028

2661
-33535.0252
-22610.7521
-85951.0253
-172232.889
2665
-134363.062
-17488.8599
-40274.6272
-725306.589
2669
-106451.991
-68826.5644
-48952.2136
-182646.248
2673
-360995.473
-14983.139
-185420.059
-14074.4918
2677
-16842.9319
-336452.24
-179662.274
-200931.293
2681
-312191.032
-97621.4198
-24863.0107
-11221.4596
2685
-305485.14
-19184.4442
-24644.4713
-271539.904

2633
-171743.244
-623769.429
-372542.417
-28699.2418
2637
-18892.4216
-248423.472
-34680.7686
-32478.2535
2641
-462284.825
-26915.08
-14783.4238
-18310.2812
2645
-416172.303
-27790.6236
-102853.187
-26003.2807
2649
-12858.7631
-199077.993
-27445.9055
-7696.78343
2653
-25062.2181
-567160.697
-274157.395
-57837.0803
2657
-136144.263
-21615.7536
-20638.6282
-45433.6949

2577
-538922.314
-395271.737
-72842.9691
-180978.808
2581
-876416.609
-14593.8811
-28734.1064
-393523.838
2585
-27818.874
-327947.59
-487508.412
-117992.445
2589
-57543.8058
-7443.20514
-18370.1512
-649247.149
2593
-150334.008
-175095.06
-171571.793
-57627.2001
2597
-221095.73
-23820.6821
-588412.005
-601742.333
2601
-51922.518
-42039.4803
-59780.2363
-49359.5286

2297
-74781.3622
-409442.07
-242521.423
-51192.2396
2301
-615384.694
-158507.126
-314017.588
-44114.9773
2305
-80212.088
-73420.5717
-29934.0828
-387241.943
2309
-8965.35222
-13419.343
-636095.17
-37632.9995
2313
-36642.8364
-15320.3657
-137630.285
-21156.4972
2317
-421061.885
-83069.5225
-297418.036
-97656.6395
2321
-10932.5463
-22350.9676
-188588.158
-71305.7974

2325
-28451.9203
-136416.764
-287885.551
-6092.46646
2329
-102819.24
-15283.5707
-8829.27218
-131517.509
2333
-276198.587
-176023.211
-179378.016
-32450.8023
2337
-23158.943
-14388.9149
-25887.637
-164392.439
2341
-117634.425
-23306.3987
-317860.427
-109269.284
2345
-125614.354
-527743.491
-17670.0047
-15293.1381
2349
-422056.007
-42307.76
-34678.0168
-24684.725

2353
-379535.96
-132513.077
-127318.058
-19294.0868
2357
-34617.6857
-37353.5605
-46651.7188
-36622.6434
2361
-232512.603
-298206.177
-18852.0558
-433231.291
2365
-23791.3141
-161530.251
-89714.7529
-73617.3246
2369
-166390.816
-127951.42
-33079.5136
-21654.2818
2373
-2899.86476
-559120.447
-3093.03456
-27068.4712
2377
-887866.727
-93879.4516
-127214.965
-33611.0596

2493
-140953.421
-418959.631
-31743.5603
-80759.0766
2497
-19805.1209
-367897.046
-16748.2962
-33446.0024
2501
-97312.7727
-32275.8606
-394853.391
-29147.2875
2505
-175644.768
-12353.5753
-206905.972
-28818.1593
2509
-19493.2734
-24199.3459
-20405.8985
-67502.8013
2513
-42328.8522
-149310.745
-190896.986
-542876.612
2517
-26268.2701
-423171.1
-153993.094
-591498.723

2913
-611303.851
-37080.1503
-269310.581
-70406.4
2917
-360792.358
-16981.0629
-574693.111
-91171.8249
2921
-14513.9562
-92896.9902
-710134.372
-11849.0557
2925
-127827.255
-148631.942
-10380.5025
-141318.9
2929
-47617.0999
-164959.341
-64898.1548
-163776.385
2933
-130679.297
-233452.381
-12569.7757
-103554.846
2937
-90326.6835
-55885.7588
-51699.947
-115856.797

3025
-244842.669
-21009.8652
-242576.122
-246989.546
3029
-456771.91
-26129.3658
-350280.246
-161002.413
3033
-29876.1947
-129072.15
-156553.879
-51818.7583
3037
-35072.3758
-471482.603
-50353.4704
-14289.1634
3041
-89398.6215
-394424.208
-25223.9809
-471711.248
3045
-33752.5335
-77600.2094
-729968.601
-26615.3459
3049
-22712.9739
-34340.1177
-344482.032
-75042.9647

2857
-18217.0289
-153503.223
-45631.9226
-234854.177
2861
-575052.927
-62762.0119
-114970.416
-80822.3593
2865
-25879.63
-72190.1973
-32083.6679
-632307.697
2869
-74595.1051
-101828.26
-183960.165
-44214.7871
2873
-60908.7894
-261019.511
-22992.7907
-22654.3601
2877
-262295.095
-17983.731
-12901.1476
-486248.641
2881
-45855.6963
-126490.211
-16124.8824
-374697.619

2969
-29869.1256
-158335.842
-49400.211
-8337.1457
2973
-378678.103
-436847.988
-385029.691
-30530.0238
2977
-51911.3501
-82918.2887
-35626.1381
-426791.771
2981
-37647.4933
-124774.113
-147374.035
-37870.5879
2985
-193442.869
-10044.7967
-32887.5189
-117216.37
2989
-476262.654
-804171.647
-18337.401
-76530.998
2993
-7772.55884
-22332.3587
-393872.743
-614256.648

2885
-157553.195
-393535.743
-55604.3137
-135398.927
2889
-633491.658
-197376.758
-406249.178
-72929.6652
2893
-35168.4607
-24091.4388
-36263.201
-100754.681
2897
-19465.2132
-40559.3589
-105251.721
-30163.3239
2901
-36572.1556
-13205.765
-74503.4722
-39816.694
2905
-246148.734
-59490.3424
-114769.512
-92924.4711
2909
-36093.9884
-40470.733
-77729.6108
-42164.9366

2941
-99595.4088
-22669.1416
-806261.211
-314824.836
2945
-24169.5652
-120256.247
-203061.276
-21281.0097
2949
-32224.9118
-108554.238
-594778.4
-286296.607
2953
-21114.006
-481153.382
-128654.129
-457340.334
2957
-137320.356
-32468.6786
-41943.4935
-25326.3516
2961
-164594.687
-91178.4675
-238760.108
-105943.636
2965
-533645.463
-138221.339
-19505.3798
-76056.7451

3053
-404394.062
-128818.677
-210075.743
-36478.9977
3057
-434935.861
-44130.9716
-224204.822
-67084.856
3061
-675281.826
-4159.50381
-196435.065
-45180.2007
3065
-14421.7819
-284447.754
-213084.899
-23953.6694
3069
-487755.945
-80494.1103
-352099.834
-198405.303
3073
-48907.1406
-38507.0079
-537127.964
-455708.932
3077
-471322.989
-23656.8801
-32162.565
-20982.2541

2997
-28435.0522
-41552.9245
-80081.6494
-40529.4739
3001
-68440.1215
-21780.5818
-723635.422
-327557.865
3005
-23730.6014
-13237.2689
-300320.163
-52920.2585
3009
-135648.71
-75636.7244
-30731.3561
-31768.7849
3013
-210517.214
-51975.4743
-96128.1074
-435362.816
3017
-51006.5538
-224269.009
-22727.6604
-32789.2701
3021
-164343.624
-139330.975
-27883.509
-134424.366

3221
-224881.252
-87251.0243
-45076.1007
-15353.1983
3225
-18931.5145
-517734.421
-96893.3824
-23245.7856
3229
-53787.0009
-709147.048
-23852.9147
-91695.2447
3233
-593595.283
-24350.9884
-42835.4298
-24397.1005
3237
-67255.5184
-63322.3996
-185759.008
-62415.4601
3241
-55248.2407
-209046.87
-130172.522
-540756.626
3245
-40406.9064
-40977.6422
-65867.6256
-17790.1691

3249
-122453.031
-46233.6505
-56502.7033
-14411.9311
3253
-61087.3409
-180152.532
-26131.3529
-252872.208
3257
-30982.7025
-63634.9485
-335943.158
-37208.1333
3261
-47307.0127
-187722.696
-62036.8932
-18971.9695
3265
-65773.097
-2598.37108
-33838.4458
-49375.935
3269
-82166.6152
-12421.3435
-71360.5464
-106632.019
3273
-34449.1065
-25516.7915
-33856.0369
-699293.529

3165
-443028.493
-350399.326
-637859.818
-63391.0135
3169
-23402.2065
-13334.6974
-126486.272
-388050.914
3173
-102670.858
-23289.7019
-17145.5594
-25608.8329
3177
-16910.3736
-20732.1781
-274397.356
-106430.132
3181
-54596.1879
-28435.3228
-93034.1997
-12254.5675
3185
-79093.2628
-129087.011
-604575.515
-22747.7737
3189
-23441.986
-330723.562
-155850.511
-35693.3384

3361
-17523.5489
-136055.699
-180601.486
-504708.501
3365
-114516.795
-92218.0927
-186862.722
-31346.0009
3369
-31439.1412
-83047.1733
-45812.5979
-190460.309
3373
-478539.087
-280121.68
-23561.6754
-129800.59
3377
-15574.4733
-120407.052
-42677.5878
-113018.312
3381
-34539.8105
-168151.312
-197274.56
-25661.6876
3385
-90129.3422
-726793.359
-231870.18
-24582.2586

3109
-243570.887
-15234.8649
-29394.9365
-54034.5419
3113
-112865.523
-712765.392
-350246.879
-175557.789
3117
-38331.4278
-297189.491
-302132.496
-48121.4041
3121
-105388.025
-175993.207
-57667.0442
-14377.3107
3125
-172837.963
-89219.1019
-137563.67
-263182.428
3129
-467756.563
-22295.1457
-769003.285
-203543.996
3133
-21096.6689
-152499.987
-839434.52
-306443.442

3193
-3939.87324
-647395.408
-20175.6749
-148358.465
3197
-169541.519
-59395.3014
-31192.7886
-244159.115
3201
-194107.783
-35948.1186
-35105.9142
-69593.967
3205
-23679.5885
-50184.1324
-303893.369
-282878.46
3209
-399677.799
-42948.979
-232122.638
-19255.8904
3213
-51196.5881
-2525.91049
-310082.739
-13883.2207
3217
-239107.588
-37394.109
-90337.0731
-34477.5366

3333
-105067.301
-20759.05
-91533.6009
-545054.001
3337
-550465.278
-75513.1422
-27501.6484
-55541.8523
3341
-15205.2494
-307721.652
-25367.4164
-84729.5749
3345
-44105.7273
-165346.082
-24150.3723
-38521.0004
3349
-40202.2493
-149968.964
-17133.4667
-26240.9871
3353
-78217.3664
-51134.8601
-685861.895
-30131.2945
3357
-40483.9561
-39401.7343
-176267.314
-158549.121

2521
-238375.475
-16694.7118
-339914.317
-46544.3659
2525
-24914.0732
-253766.772
-817083.496
-63508.3776
2529
-182332.626
-66527.8532
-38579.4762
-31435.3985
2533
-11627.4608
-58250.3554
-18162.0629
-541006.223
2537
-23940.294
-203098.812
-257490.086
-171879.963
2541
-18715.2479
-27052.8498
-23483.7079
-40998.3123
2545
-13383.108
-36509.021
-128610.951
-111593.826

2829
-120770.789
-52122.0748
-91072.8217
-245761.675
2833
-12344.7116
-455330.438
-13690.6975
-470952.037
2837
-283743.088
-390522.472
-24657.0461
-47302.5342
2841
-65194.3036
-356823.735
-30121.2353
-98015.2695
2845
-73197.0568
-207291.445
-345216.426
-89646.8096
2849
-22841.8383
-167214.039
-22044.6041
-110812.789
2853
-135989.316
-49526.8486
-51365.0155
-27986.4115

3305
-81119.6749
-64014.4468
-601465.028
-271408.992
3309
-229025.625
-398984.142
-519274.857
-16312.1961
3313
-48516.9591
-24628.545
-14608.0185
-14940.9584
3317
-123896.286
-17926.6612
-19845.8299
-87709.6873
3321
-13226.8999
-41466.7694
-97474.9225
-38089.39
3325
-113897.32
-23068.1796
-381589.189
-271833.018
3329
-15291.7946
-317058.982
-461856.713
-32487.4824

3277
-18989.2807
-224959.877
-40195.4011
-96079.4964
3281
-134305.081
-61583.8086
-156932.78
-97095.95
3285
-32856.2729
-35201.4911
-118458.358
-78680.3263
3289
-72318.1387
-307793.796
-24450.3809
-25281.452
3293
-102346.051
-460003.754
-186397.707
-74404.2813
3297
-93240.2425
-177054.172
-351785.977
-416053.971
3301
-69788.0374
-43335.7422
-12939.8976
-7535.19092

3137
-59269.0792
-21664.0316
-15048.2822
-21131.4196
3141
-266673.174
-161976.382
-661052.266
-26311.3165
3145
-189849.867
-24574.5709
-55375.1122
-723864.605
3149
-168509.914
-23332.8175
-287228.532
-71527.8134
3153
-40536.8474
-27984.6404
-83672.3612
-83466.3129
3157
-537821.686
-19520.13
-25433.8004
-406306.102
3161
-13084.9531
-23438.8917
-34515.419
-82969.7383

2689
-220857.769
-140654.607
-182961.475
-156926.853
2693
-83934.2634
-180990.331
-22201.4837
-17685.2319
2697
-39911.9421
-104031.908
-12948.8067
-391477.923
2701
-19036.7799
-44891.0261
-89138.2631
-58838.763
2705
-88777.7747
-382669.039
-27717.9203
-323801.175
2709
-60656.2278
-21160.2384
-67918.7624
-234818.552
2713
-56678.5357
-43481.9333
-236391.068
-21205.3486

2437
-519712.201
-36948.4379
-45185.5572
-68132.856
2441
-51805.5204
-80315.0181
-125947.857
-49912.2934
2445
-47995.5846
-263438.531
-164321.068
-120320.82
2449
-212768.251
-36827.5625
-141498.413
-132254.601
2453
-17461.4296
-208442.251
-31017.1464
-24043.1549
2457
-54689.7494
-49166.3404
-38635.8789
-15428.9727
2461
-14830.486
-107712.444
-53721.2828
-74020.6922

2465
-368036.244
-201980.244
-9889.17917
-78463.6267
2469
-187136.285
-39705.02
-37544.8363
-20490.2668
2473
-410728.686
-80940.1577
-37168.3006
-216065.148
2477
-37318.433
-31664.4533
-296349.484
-120775.653
2481
-178558.989
-31493.339
-415495.522
-222847.421
2485
-90553.7193
-33640.3496
-79887.0044
-18870.8926
2489
-23622.4456
-26478.6402
-91562.2958
-117319.552

2269
-724290.2
-168978.227
-177049.035
-163287.343
2273
-21568.9607
-46969.6906
-118689.216
-311726.887
2277
-398205.904
-102848.864
-108034.015
-67534.1854
2281
-76166.6227
-147235.016
-165854.224
-90334.0923
2285
-23322.094
-26789.358
-12982.0151
-68986.5525
2289
-23658.2092
-54091.4933
-71602.5188
-104700.411
2293
-70793.159
-31599.7153
-297688.91
-591054.718

2409
-227201.933
-55122.2328
-185663.433
-222427.282
2413
-63197.5595
-387059.31
-324840.732
-19031.4793
2417
-39682.3297
-69630.4226
-44067.7398
-17524.425
2421
-245521.419
-457773.476
-33129.005
-79830.2531
2425
-105571.317
-136962.07
-33358.308
-24131.2561
2429
-91384.0004
-73064.486
-108836.534
-185240.228
2433
-370478.924
-95755.9986
-20695.2114
-30143.5924

3081
-287711.594
-152186.793
-294326.2
-112791.652
3085
-76053.2942
-49628.7573
-7521.53836
-14956.8466
3089
-55984.0675
-6434.43236
-17622.8598
-43663.4805
3093
-50331.7217
-118309.493
-599533.208
-27933.9671
3097
-276843.068
-125369.524
-125477.263
-109161.594
3101
-27990.5103
-17915.7044
-18265.8919
-90366.6316
3105
-16484.6661
-548751.862
-218999.98
-17452.5296

1065
-227602.119
-33921.3344
-24598.0557
-165285.166
1069
-566346.011
-650715.134
-94108.2209
-58280.6601
1073
-135434.724
-33010.1166
-138525.521
-144619.897
1077
-24190.3733
-304319.565
-508724.581
-555105.025
1081
-192904.474
-28504.7851
-18500.3852
-266354.005
1085
-545571.784
-108592.622
-725841.037
-134007.707
1089
-18519.1275
-493728.233
-37561.9221
-29195.3871

113
-15017.2132
-264158.76
-824939.445
-102879.204
117
-477647.852
-110181.727
-18306.8001
-36362.6592
121
-398441.785
-187580.484
-32423.2705
-486525.233
125
-11834.7317
-314316.079
-40610.111
-156243.876
129
-42532.2976
-78743.9371
-284336.082
-74352.0715
133
-331972.852
-26279.7281
-23879.0425
-42344.0221
137
-240874.987
-24874.0141
-27912.1805
-288860.904

6049
-105186.606
-21049.8307
-334823.781
-28192.373
6053
-127726.879
-14157.1102
-513798.116
-206185.574
6057
-34494.5427
-550372.668
-174331.895
-210152.937
6061
-105050.422
-267241.285
-71188.8662
-79585.0329
6065
-86487.408
-210285.377
-66162.51
-230973.943
6069
-86816.244
-18799.4264
-198098.333
-181013.828
6073
-42167.7376
-35404.5456
-208467.805
-36284.1805

6105
-55649.4606
-248492.46
-156178.451
-93962.7029
6109
-30402.0721
-442762.745
-390241.052
-48378.3497
6113
-193494.845
-219951.224
-68679.6211
-69333.215
6117
-202165.153
-136215.189
-213709.182
-206332.992
6121
-486018.758
-29934.2218
-287996.024
-24063.4555
6125
-197305.006
-629164.453
-18289.1014
-145418.569
6129
-40681.227
-36023.9081
-26931.5676
-300732.569

5769
-103131.293
-220724.982
-31114.3281
-16827.5616
5773
-505936.223
-14825.5302
-1140.35387
-234106.164
5777
-35952.2742
-33473.0311
-24488.2258
-29643.7185
5781
-172196.569
-430959.659
-83299.3677
-269721.972
5785
-20965.832
-82757.237
-80522.0871
-358121.235
5789
-101192.048
-118484.053
-13550.9538
-35386.784
5793
-65828.7404
-26677.56
-116749.043
-114877.886

4649
-53454.509
-411373.81
-21735.4933
-43239.3141
4653
-192130.162
-65560.0993
-112615.446
-55567.5606
4657
-52978.2167
-43535.8166
-40952.9557
-277583.234
4661
-73255.2569
-63511.2038
-401806.69
-31109.4287
4665
-28262.6553
-301522.004
-386924.045
-57091.5333
4669
-113730.225
-545788.202
-130639.65
-18389.7604
4673
-29442.9502
-34693.2695
-335897.681
-143941.283

4761
-512310.841
-66605.108
-35850.7442
-292951.782
4765
-26866.3791
-174051.823
-13795.1972
-52074.5226
4769
-28715.5379
-20964.966
-187858.349
-122885.922
4773
-424147.496
-74836.5439
-15041.0741
-23007.7235
4777
-183711.944
-24343.0805
-36181.5769
-22552.5777
4781
-143012.952
-114332.733
-16992.9983
-161026.146
4785
-207215.656
-5899.45921
-184030.827
-350751.954

4621
-30547.9727
-859084.333
-218620.392
-71025.7082
4625
-331863.251
-67607.5356
-31361.2043
-24966.2459
4629
-633087.194
-19970.4913
-29682.6523
-39447.2019
4633
-43998.3643
-51342.6668
-43495.885
-119385.136
4637
-512894.012
-14698.7859
-212007.416
-67869.3342
4641
-46663.9225
-77125.5626
-69566.8761
-364404.688
4645
-349102.564
-55518.0126
-39474.9545
-309980.678

4593
-32301.1279
-24461.7141
-30447.5584
-39106.2474
4597
-770143.769
-24084.7144
-154919.839
-22513.4096
4601
-193822.391
-21751.4802
-311861.259
-496836.089
4605
-134317.243
-89989.6967
-105723.237
-194290.334
4609
-390698.987
-16137.9953
-54796.8145
-45845.6264
4613
-234300.646
-79418.7677
-307124.036
-535132.528
4617
-279395.901
-659228.102
-21995.2874
-57360.5039

4565
-50550.3185
-380795.722
-38530.146
-83464.7238
4569
-294067.925
-76961.7041
-20420.9995
-76860.5416
4573
-374327.496
-38438.8157
-75137.7069
-391996.907
4577
-15673.565
-17577.8098
-728108.831
-40821.3905
4581
-606881.346
-230841.102
-110772.597
-11383.7566
4585
-173112.847
-20299.6444
-10877.2968
-155405.753
4589
-54349.4446
-78065.0418
-41234.1409
-20407.6628

4929
-245984.001
-14754.4423
-28692.5025
-508596.824
4933
-29490.2077
-22818.2274
-702706.533
-98479.5249
4937
-51701.861
-113061.804
-24672.1968
-218412.744
4941
-29935.4306
-118845.298
-26772.4424
-30645.4761
4945
-196134.874
-310430.132
-232424.164
-151005.234
4949
-31738.9914
-268654.262
-67994.4777
-72164.8506
4953
-150102.142
-23142.4602
-8385.16197
-155570.625

4705
-193935.101
-63861.4357
-96295.1261
-253987.251
4709
-22373.4504
-525893.825
-113317.003
-4369.34398
4713
-204602.553
-137995.069
-27583.5983
-39978.2214
4717
-6944.49291
-437936.264
-226787.879
-18881.906
4721
-39228.1958
-138020.824
-801377.462
-133953.046
4725
-46603.3654
-616160.455
-21413.176
-311875.604
4729
-281565.916
-17156.4208
-241871.9
-478082.939

4537
-263117.86
-57233.2783
-222376.995
-63477.2352
4541
-21424.6797
-50229.8536
-544617.944
-403206.394
4545
-34626.0595
-195482.855
-21432.6263
-211310.077
4549
-6488.94701
-39550.9824
-386500.811
-193110.683
4553
-28288.271
-37769.9141
-92432.7856
-76810.0718
4557
-57131.3539
-26415.436
-145332.39
-20619.9951
4561
-94708.4177
-12691.8923
-299068.94
-42487.4571

4509
-23877.4143
-31846.4146
-26960.3256
-307920.111
4513
-108977.906
-52187.7536
-57675.0267
-15299.4954
4517
-13847.0913
-127888.871
-23870.3832
-129482.624
4521
-555132.776
-18070.5747
-49030.1863
-239040.615
4525
-43643.4418
-178654.963
-101673.163
-34205.2084
4529
-95355.9211
-348687.541
-314787.587
-271896.486
4533
-21163.877
-5650.13736
-384177.741
-889351.205

4677
-30097.2355
-47306.3626
-43231.7461
-581807.565
4681
-79619.536
-376174.219
-60609.5461
-361879.817
4685
-17313.9836
-25711.2822
-71511.3258
-24471.2404
4689
-181722.834
-472697.512
-166341.446
-336207.1
4693
-212145.963
-35818.6284
-34731.5978
-637212.755
4697
-34823.9645
-494062.706
-425145.813
-49437.3055
4701
-142147.215
-523446.399
-53142.7485
-14418.7931

5097
-27061.7851
-81558.709
-179722.544
-574348.201
5101
-17414.3253
-281013.768
-104212.819
-338095.083
5105
-230603.487
-60251.5912
-70376.0973
-548397.799
5109
-91740.8862
-30989.4354
-78621.0781
-304105.622
5113
-37814.0415
-56122.1289
-158590.754
-99704.4622
5117
-105659.277
-20191.8124
-34302.2363
-22806.8343
5121
-65656.6854
-129376.569
-37524.8691
-475384.097

5153
-89997.0669
-267327.473
-210834.719
-783898.286
5157
-243302.985
-148116.744
-182228.845
-38200.2871
5161
-88133.1545
-137561.411
-692406.406
-113660.227
5165
-121183.835
-195922.448
-29132.6594
-612333.562
5169
-265089.636
-395318.889
-75261.5258
-32389.9665
5173
-177909.924
-83701.2348
-120384.671
-37566.9619
5177
-220022.795
-15303.9242
-306340.584
-235046.831

5125
-13701.4915
-22113.5678
-256196.115
-184745.074
5129
-61007.1605
-74527.3004
-28198.3583
-125725.316
5133
-433893.523
-36853.9845
-206088.254
-129053.283
5137
-56579.0623
-177827.566
-15246.455
-95636.1501
5141
-26848.5575
-113194.923
-369936.684
-37901.8737
5145
-50912.5409
-104690.151
-40552.6609
-15074.5548
5149
-239005.142
-100389.485
-43251.3839
-105883.365

5293
-104777.175
-12361.9288
-16488.237
-6851.34234
5297
-71622.3522
-55610.4306
-831247.834
-520020.164
5301
-10958.8682
-403986.288
-215951.372
-604588.803
5305
-64965.1467
-152942.246
-30640.4147
-55097.8814
5309
-359664.299
-381619.187
-271741.401
-17899.5569
5313
-20989.0531
-27831.6517
-83822.9758
-138078.072
5317
-28469.4668
-110514.575
-59697.7764
-34366.0694

5069
-34263.7093
-70867.9092
-184750.683
-177071.813
5073
-561305.152
-39336.8053
-23883.7996
-359969.345
5077
-294955.537
-15961.5961
-25271.9343
-48926.2804
5081
-61169.9455
-396058.703
-258026.069
-262484.707
5085
-26523.4513
-654665.992
-65436.3575
-25420.1129
5089
-54469.1864
-42120.6766
-30351.1906
-155736.322
5093
-136057.917
-19492.596
-83883.9376
-109039.587

4481
-18452.8281
-34647.7694
-236112.318
-359458.195
4485
-44313.6331
-30550.4791
-35711.717
-92154.4235
4489
-277485.369
-32391.9309
-125465.949
-20984.1056
4493
-27908.641
-180243.229
-20768.5752
-420837.347
4497
-24369.7765
-34658.4728
-24701.4558
-35672.2691
4501
-64907.3422
-116643.942
-15028.175
-43130.4342
4505
-18593.468
-335333.854
-11719.6866
-54645.0626

4901
-77163.3986
-306606.11
-594254.045
-22049.8614
4905
-20237.8563
-21312.2463
-137614.223
-630890.159
4909
-24411.1923
-72821.2404
-557724.147
-25353.2559
4913
-30410.5132
-51053.2938
-279866.198
-22011.9128
4917
-18779.1857
-545204.992
-113762.038
-2590.61193
4921
-26969.4765
-114873.279
-594233.522
-14158.5211
4925
-16952.5038
-38671.4672
-36255.6929
-21516.4451

5041
-409827.978
-19600.8125
-24016.1948
-241973.334
5045
-28567.2033
-411371.134
-34621.863
-40994.6458
5049
-119711.711
-60847.3666
-20117.2514
-25575.4598
5053
-54137.479
-22540.3963
-569514.867
-142569.61
5057
-98023.2442
-273328.026
-311410.424
-15378.2501
5061
-72461.5471
-62473.9325
-199752.103
-113023.112
5065
-196119.953
-46737.2395
-36548.2224
-356066.214

5909
-18335.7921
-60642.8996
-111006.137
-145562.993
5913
-87673.9951
-304772.492
-122370.98
-8765.70656
5917
-176854.724
-42893.5399
-179132.66
-15695.3656
5921
-157852.562
-156203.387
-106628.561
-495528.953
5925
-269085.78
-103611.954
-81224.4275
-106863.422
5929
-139107.909
-86333.443
-217285.418
-246273.188
5933
-27596.3413
-38757.9014
-35324.5512
-29942.5853

3473
-178279.768
-95035.724
-29524.57
-20033.1589
3477
-34144.9185
-45973.3066
-32011.9071
-17860.3162
3481
-104099.124
-290917.645
-58163.2285
-23731.0066
3485
-56821.0611
-18169.1293
-82680.7176
-145969.676
3489
-31151.1268
-28408.5315
-170694.155
-128516.695
3493
-275140.996
-34577.7154
-21771.3342
-94640.3211
3497
-488190.513
-29622.4849
-85574.5227
-21304.6271

5937
-48420.3592
-20870.3192
-154128.603
-24657.7501
5941
-139425.434
-18992.3736
-607940.552
-57458.3248
5945
-239805.609
-10202.3927
-475085.282
-209520.472
5949
-17214.1442
-45415.8464
-261180.797
-41155.0881
5953
-483480.764
-573738.943
-26374.9177
-12209.5659
5957
-51491.3797
-409381.897
-116167.21
-29255.1795
5961
-53139.2129
-314239.124
-266886.695
-14154.9435

4733
-469967.605
-431691.705
-200630.894
-72509.8337
4737
-58271.6317
-2172.19997
-124974.667
-19639.9945
4741
-33249.6184
-50065.5198
-122368.795
-149022.808
4745
-22469.3071
-281839.118
-97976.3572
-111752.115
4749
-48349.554
-117068.442
-51043.0545
-26303.3284
4753
-44421.8118
-37382.4335
-290739.636
-72922.0085
4757
-59725.4844
-19541.791
-29255.6284
-33832.3235

5881
-44756.0498
-147892.626
-309297.803
-41530.8694
5885
-15256.5069
-71678.0676
-260127.392
-50687.4982
5889
-74544.3237
-399872.085
-182511.788
-30801.9049
5893
-92849.5385
-17543.336
-33876.523
-43866.7084
5897
-796407.452
-53403.9291
-397891.563
-231796.497
5901
-586118.555
-59052.0286
-146652.702
-36588.5386
5905
-239524.337
-72259.7655
-23975.7401
-24426.9304

5965
-459219.887
-47679.7246
-315046.227
-135945.363
5969
-121539.632
-66603.0051
-132106.249
-21597.7583
5973
-58800.4523
-23976.5186
-36720.2697
-35344.6731
5977
-66845.993
-122453.397
-396766.13
-64705.3528
5981
-757822.234
-109561.24
-352258.898
-147994.6
5985
-66598.4852
-263424.188
-5002.38636
-29356.0137
5989
-40047.8465
-131073.707
-577125.964
-429309.143

5013
-624989.794
-8967.83482
-41061.0943
-494226.798
5017
-63088.7277
-19307.9348
-137233.867
-159326.633
5021
-280826.089
-114368.5
-147459.749
-6940.57555
5025
-30389.3408
-292015.123
-33232.1192
-67580.3651
5029
-331285.822
-344788.47
-74192.2599
-142770.965
5033
-33015.8295
-491160.948
-284418.291
-406213.128
5037
-54448.0998
-231341.019
-287389.046
-197618.515

4957
-115189.043
-184402.889
-179893.432
-16021.3903
4961
-37672.1676
-133923.476
-34729.1331
-26469.4971
4965
-13917.6195
-75318.6458
-24192.5926
-20766.3448
4969
-42776.8401
-415744.217
-66230.1917
-228489.635
4973
-136439.662
-126940.489
-201997.511
-299076.15
4977
-24851.3028
-215690.626
-19556.6206
-495206.615
4981
-64699.6335
-10788.0525
-49520.7252
-208190.039

4985
-123308.842
-16500.2751
-87120.7942
-50501.3999
4989
-164433.24
-24300.6775
-277960.342
-313965.251
4993
-146522.735
-116929.154
-81836.2153
-296614.785
4997
-564047.737
-294377.705
-26640.0429
-405925.397
5001
-73322.3282
-51228.5834
-18631.2365
-56552.9197
5005
-15783.2238
-25326.1992
-14113.5333
-325163.277
5009
-836366.488
-231378.78
-186971.302
-24378.1707

1009
-411246.062
-27281.9333
-159933.98
-105533.899
1013
-80925.6742
-20848.2848
-607275.348
-16885.6987
1017
-34652.8584
-34758.5853
-311272.439
-28255.6494
1021
-68495.7223
-45562.9364
-646022.747
-408015.857
1025
-64977.9104
-37763.4169
-28020.9306
-239059.951
1029
-54086.1344
-24148.7172
-20839.5427
-455769.039
1033
-32790.4937
-33710.9035
-20114.3931
-41351.0822

4789
-27345.4229
-289049.585
-116540.225
-43930.5787
4793
-13964.5253
-19521.1257
-24137.6738
-34715.159
4797
-11113.3954
-44366.097
-23523.4351
-33267.9114
4801
-802895.207
-37963.9409
-107651.416
-120768.183
4805
-31285.9367
-101752.798
-121758.968
-354824.27
4809
-139320.141
-35492.0143
-201577.408
-122213.543
4813
-409208.47
-474366.059
-232845.734
-89353.0038

4845
-30251.0951
-24746.6596
-415804.228
-26359.5652
4849
-14877.6962
-31653.3664
-36019.4572
-36847.2513
4853
-24897.8834
-94465.262
-34159.8854
-31903.5124
4857
-249141.183
-23914.1078
-149757.823
-33100.5291
4861
-320494.38
-82111.2682
-21875.5207
-846086.975
4865
-198497.041
-183850.979
-447747.864
-43496.3442
4869
-90283.5141
-16281.6447
-26498.2861
-223697.329

5825
-367150.097
-12424.4447
-9841.34055
-29780.9765
5829
-113367.738
-218492.242
-12844.3638
-25557.6759
5833
-83848.0695
-82031.9312
-484269.612
-263190.33
5837
-28166.855
-37782.3737
-23299.6967
-227918.294
5841
-245928.079
-59608.9406
-144847.413
-42750.6879
5845
-21811.1143
-58241.9731
-20029.481
-69194.5504
5849
-170355.817
-15699.0333
-33940.3042
-743570.69

5237
-31535.1664
-417663.632
-304000.02
-83827.8576
5241
-336098.753
-322114.431
-27575.5496
-29953.7762
5245
-40747.0216
-163800.445
-61317.5064
-69999.5356
5249
-194468.695
-59711.8734
-42098.161
-44829.0148
5253
-13148.2953
-164361.299
-27495.1744
-69331.7203
5257
-48585.2992
-84840.761
-144283.376
-141613.622
5261
-68349.4124
-25890.444
-253307.414
-156717.102

4817
-29788.0633
-16097.9516
-172590.438
-42903.9275
4821
-54435.639
-85392.5418
-328135.141
-25157.2512
4825
-12483.5645
-53216.546
-487094.25
-18007.9675
4829
-77987.6741
-244601.757
-95842.1031
-460632.078
4833
-44991.2887
-57456.3693
-302819.415
-123672.877
4837
-30769.3009
-286613.046
-274315.132
-71911.2285
4841
-269696.07
-19498.0627
-65852.738
-38006.0941

5741
-263395.822
-16986.1223
-55988.8008
-31309.4349
5745
-523676.452
-39899.7974
-51790.6533
-51280.5645
5749
-27152.2592
-31159.8388
-167311.3
-17043.2222
5753
-44414.5626
-52572.1628
-31625.0197
-22901.5216
5757
-78838.927
-70291.1071
-27140.4577
-315013.457
5761
-20272.848
-53543.7326
-13767.76
-716779.744
5765
-29351.0384
-37153.9577
-30007.8169
-65078.9711

5797
-147388.746
-34074.0082
-15518.5476
-18998.4139
5801
-52144.4819
-645733.841
-28781.4081
-527104.554
5805
-396914.875
-26715.3584
-98406.3506
-379041.819
5809
-32642.6246
-14672.4611
-416036.51
-272989.316
5813
-81533.0166
-299928.45
-110722.838
-173192.89
5817
-57026.3479
-50232.2709
-41033.1169
-26308.146
5821
-14196.2544
-22419.4893
-56464.6052
-272497.852

5209
-35499.6441
-186372.98
-54186.9249
-28925.9952
5213
-112253.943
-319753.575
-72743.5728
-45538.9407
5217
-21426.8993
-226363.558
-47194.9467
-291785.251
5221
-257411.225
-25694.0531
-107959.067
-79399.2751
5225
-321638.472
-534396.059
-240700.087
-274322.308
5229
-60515.1512
-21226.2547
-16091.3701
-370446.926
5233
-62917.3707
-269425.333
-27843.8906
-329581.14

5853
-36971.5354
-174637.109
-330132.073
-21347.8587
5857
-125171.197
-27590.1761
-554508.679
-17841.3368
5861
-194769.619
-17305.9559
-103788.301
-682035.727
5865
-120663.389
-51981.9115
-544986.797
-55903.764
5869
-39956.152
-18343.8809
-48606.6155
-181115.88
5873
-45117.0992
-618957.81
-212774.578
-42676.8889
5877
-27833.5661
-436459.516
-510518.813
-374271.771

6077
-165903.191
-32083.3568
-392601.879
-47996.3256
6081
-128511.643
-54972.7332
-11293.9704
-13981.1219
6085
-28614.859
-122869.229
-148631.036
-13888.3769
6089
-47027.0626
-84623.9319
-137841.059
-133385.122
6093
-482632.92
-83844.4249
-25794.9127
-121847.894
6097
-15045.0466
-11875.014
-422196.087
-34143.4617
6101
-77003.6318
-84996.9635
-25444.7183
-469952.598

5265
-26975.4646
-511843.286
-28778.8256
-59440.0736
5269
-114395.261
-15720.591
-395687.814
-13778.7613
5273
-8139.9606
-132798.415
-233260.47
-27198.0768
5277
-152434.884
-240377.855
-564121.62
-67921.4076
5281
-62691.0364
-137610.398
-13269.7255
-337714.325
5285
-121937.759
-87263.4221
-82674.7882
-50806.2914
5289
-28811.9442
-124196.418
-53606.3923
-146504.674

5461
-180542.797
-37725.3175
-41286.7729
-45984.6197
5465
-162511.635
-17801.1566
-46629.7181
-14077.2972
5469
-91005.7308
-28337.7239
-14634.7857
-139858.763
5473
-25118.749
-24246.8467
-271112.003
-33405.6345
5477
-11569.2206
-239390.012
-48607.181
-67595.0945
5481
-135045.907
-66800.6662
-319732.125
-59799.2863
5485
-550412.089
-33636.2715
-150646.381
-467662.907

5433
-317444.669
-23982.3745
-28675.5877
-19683.6446
5437
-31378.4173
-86336.576
-59009.0795
-70980.3034
5441
-176162.077
-451600.376
-26306.65
-417584.44
5445
-17923.3824
-103074.123
-38904.1874
-108787.623
5449
-130085.835
-222524.574
-272536.941
-342467.301
5453
-41273.5279
-9945.85862
-101167.18
-15932.8645
5457
-65481.2671
-16129.3069
-27615.6316
-104007.705

5405
-16409.4209
-188608.881
-60414.5007
-176002.373
5409
-46463.5362
-181871.45
-107956.848
-164901.617
5413
-278117.538
-31893.1974
-20582.5914
-131102.879
5417
-30818.8089
-22153.5177
-9610.09114
-414629.488
5421
-25571.7536
-150846.424
-281442.19
-324510.673
5425
-526993.251
-149634.008
-156490.548
-163856.896
5429
-24517.1803
-288474.104
-7067.87003
-505226.888

5489
-91535.1404
-38316.3988
-29558.6063
-204358.882
5493
-135156.172
-897067.654
-24066.8563
-552451.975
5497
-432923.096
-32498.0951
-39078.9481
-279615.354
5501
-185888.997
-123412.852
-23565.1884
-54931.632
5505
-248570.062
-19338.648
-27960.0968
-31760.8825
5509
-21726.8625
-29281.6266
-24295.5356
-33886.8253
5513
-23130.9372
-25133.362
-28633.1569
-76567.6871

5349
-15792.7151
-16160.3031
-93799.7901
-493190.166
5353
-23201.962
-259753.364
-83970.1813
-222255.722
5357
-706724.238
-20320.4104
-79482.3306
-543994.844
5361
-24369.2981
-32057.6896
-50509.1249
-48543.5088
5365
-48132.078
-92273.0133
-233975.117
-208565.432
5369
-47784.3564
-187419.806
-719178.097
-45722.6403
5373
-18503.1259
-19508.7875
-413826.701
-272494.817

5629
-43312.542
-54588.8925
-16543.2724
-304062.317
5633
-31731.0785
-57400.2542
-19849.3466
-20693.1026
5637
-340154.365
-161549.217
-155070.281
-57134.2133
5641
-35883.265
-349993.308
-30081.4362
-21400.1416
5645
-17982.2176
-38577.8421
-698148.961
-19924.7137
5649
-11913.9033
-170966.108
-478986.776
-25521.9963
5653
-28567.8599
-31665.8367
-11838.7885
-50678.0126

5545
-55951.4617
-56165.5097
-102157.419
-29500.2416
5549
-139511.525
-740152.709
-13971.3618
-25086.7859
5553
-66329.0347
-24969.3592
-36396.461
-81016.4433
5557
-19214.5629
-124112.124
-28193.6349
-113631.433
5561
-2922.57023
-25498.1627
-578018.031
-177981.948
5565
-19668.699
-442391.198
-22901.5138
-136873.819
5569
-20160.0528
-22193.8867
-126490.553
-17761.0921

5377
-19088.4831
-33487.3277
-117030.373
-66952.0013
5381
-104411.089
-54767.0256
-88251.1596
-212274.082
5385
-96796.8435
-20018.6717
-124049.819
-130029.124
5389
-286365.347
-59574.9064
-275185.436
-19274.7322
5393
-96429.8396
-130587.571
-454015.81
-22853.8843
5397
-169102.611
-62556.5282
-171537.97
-350040.499
5401
-261624.149
-68313.9488
-40053.1686
-13061.3979

5713
-44370.3036
-343678.55
-70352.298
-42400.1273
5717
-104802.852
-223823.441
-11852.2612
-15056.9572
5721
-43133.5531
-229414.94
-55082.288
-507311.518
5725
-74109.9837
-221212.188
-73532.2008
-72514.9773
5729
-249701.109
-59860.0076
-27499.7699
-21720.7567
5733
-15899.2001
-403857.479
-18755.3413
-324553.689
5737
-47901.3355
-55379.6158
-234000.098
-23553.5338

5657
-35724.4353
-34584.2617
-23050.9799
-137111.636
5661
-32403.4983
-236402.935
-16589.7492
-5109.8475
5665
-179093.748
-16087.4842
-357044.009
-30877.9885
5669
-403897.575
-12244.7385
-111399.96
-279491.702
5673
-409549.122
-17091.9604
-39407.5143
-25504.9497
5677
-66685.2425
-47862.5901
-37452.6981
-61659.0119
5681
-272945.257
-630425.758
-51184.7179
-89620.8824

5685
-40418.7689
-87516.4724
-75833.8857
-176173.335
5689
-152213.365
-28392.8839
-150160.958
-620072.784
5693
-23018.1063
-351355.465
-64371.4094
-11937.2691
5697
-309624.668
-22038.0406
-35554.6139
-51285.7664
5701
-78255.828
-590713.672
-94832.5986
-802446.544
5705
-29567.5111
-17494.5693
-367116.94
-2807.3989
5709
-51146.7139
-124239.329
-153807.651
-114735.656

5573
-95053.6853
-57620.6497
-5586.18539
-54393.7844
5577
-80396.7881
-110206.456
-18740.7731
-73894.0783
5581
-23069.1795
-23990.2857
-429639.952
-37600.675
5585
-55468.3832
-29818.019
-299213.251
-26638.5431
5589
-93667.3506
-111086.274
-30575.0864
-231319.955
5593
-158314.841
-286220.356
-270714.284
-89491.9347
5597
-291946.028
-430037.934
-29126.3388
-118482.654

4873
-36465.539
-186732.719
-31887.2591
-53822.9078
4877
-97091.0468
-90101.8411
-81136.7004
-113932.537
4881
-223658.455
-39682.8288
-176322.399
-241415.174
4885
-184977.553
-101197.257
-70478.3797
-144001.255
4889
-411592.848
-275222.218
-38346.9544
-36230.667
4893
-404351.191
-254318.288
-87372.5911
-41277.8196
4897
-31703.4562
-53194.1043
-33971.4966
-112747.079

5601
-9800.94604
-53242.8481
-27101.4108
-9678.20237
5605
-66763.3809
-126623.22
-17787.8856
-17502.6213
5609
-55301.4235
-48024.5279
-52094.7757
-21991.8729
5613
-238573.148
-127041.563
-505129.629
-4205.79724
5617
-368071.719
-142999.05
-357717.92
-168735.053
5621
-71728.7793
-43375.2517
-23244.7304
-165043.001
5625
-34654.4665
-139156.325
-354589.606
-102767.781

5517
-43739.4141
-563077.232
-56216.1727
-297428.695
5521
-17981.7981
-3856.56535
-303439.229
-354002.469
5525
-360130.236
-40721.8291
-173413.432
-30831.0622
5529
-617246.255
-34289.1274
-16859.1284
-379210.683
5533
-287564.65
-459947.139
-77756.7585
-62186.7871
5537
-10274.0831
-35236.9724
-18361.1162
-510468.279
5541
-81514.8498
-297682.642
-34938.2035
-33117.5193

5181
-31665.9551
-35787.5235
-97443.6724
-90891.6716
5185
-68003.3047
-39868.5519
-579451.755
-56446.6506
5189
-89055.2849
-11391.0972
-35072.9732
-172234.517
5193
-70608.6002
-203069.257
-34929.425
-17347.0493
5197
-440262.008
-38481.7676
-278135.099
-23103.4534
5201
-29587.5229
-44627.6611
-42655.3519
-54646.5571
5205
-46119.9724
-248238.156
-18795.4087
-67787.6708

5321
-30549.0835
-147941.243
-57387.0474
-277876.403
5325
-24819.6711
-10084.1282
-534281.908
-38654.2495
5329
-435743.032
-311237.145
-136635.462
-132233.884
5333
-27535.0072
-61796.5454
-587057.82
-65431.0443
5337
-47380.7255
-35074.7351
-26729.7213
-131516.651
5341
-4629.65204
-31408.2956
-92956.0117
-338590.622
5345
-194447.097
-22760.2236
-18341.0783
-36132.1357

5993
-556562.915
-30917.6309
-19824.6866
-53617.592
5997
-14493.1463
-247470.207
-37314.3708
-37958.4174
6001
-88916.914
-33457.9728
-37732.41
-31416.3284
6005
-46478.6221
-23974.388
-151740.178
-43094.3969
6009
-25662.7395
-25612.5251
-119770.23
-43701.7187
6013
-202068.374
-591549.529
-48604.6919
-48949.4846
6017
-428780.623
-166457.246
-20699.1264
-100444.508

6021
-88640.9659
-13333.385
-269032.494
-43757.8248
6025
-1596.73414
-99396.9892
-57054.1845
-58306.8148
6029
-102586.507
-3370.13903
-70583.9782
-165082.424
6033
-45379.5571
-58807.0658
-13717.2695
-48510.8432
6037
-52439.1094
-12209.822
-122698.531
-30304.3556
6041
-148276.768
-164814.25
-26814.3825
-22628.6351
6045
-291557.432
-116170.674
-133323.366
-230444.564

1345
-34877.7542
-47699.2064
-70935.2724
-25222.4271
1349
-108955
-68320.3613
-180095.585
-130814.499
1353
-81489.4057
-199401.366
-134666.941
-347569.854
1357
-10592.539
-468576.913
-121938.615
-379108.505
1361
-42156.5189
-7911.4674
-23756.181
-84151.6969
1365
-29605.8519
-43289.0851
-99204.9995
-115746.13
1369
-78037.7891
-144472.995
-19433.6533
-380668.369

1345
-34877.7542
-47699.2064
-70935.2724
-25222.4271
1349
-108955
-68320.3613
-180095.585
-130814.499
1353
-81489.4057
-199401.366
-134666.941
-347569.854
1357
-10592.539
-468576.913
-121938.615
-379108.505
1361
-42156.5189
-7911.4674
-23756.181
-84151.6969
1365
-29605.8519
-43289.0851
-99204.9995
-115746.13
1369
-78037.7891
-144472.995
-19433.6533
-380668.369

3781
-17254.4081
-60192.3459
-782273.043
-25100.4621
3785
-54139.8404
-241999.607
-1764.35792
-23011.8587
3789
-15172.8599
-103073.476
-119339.338
-81235.871
3793
-43223.365
-52190.8614
-55896.5624
-283072.113
3797
-278695.638
-60965.5297
-39138.1349
-22775.6473
3801
-587264.638
-23800.6391
-20258.7344
-97254.7019
3805
-45160.6969
-156813.499
-141896.283
-37079.6556

3641
-29543.8817
-64427.208
-32500.8253
-197522.389
3645
-10437.9366
-83355.9087
-310196.747
-29849.4478
3649
-395872.427
-26917.349
-127529.955
-42171.1393
3653
-615782.351
-38225.6131
-31907.5386
-188554.34
3657
-54917.7149
-594828.251
-247028.697
-42098.7639
3661
-23567.5251
-142301.617
-583775.114
-14750.904
3665
-600338.361
-205654.391
-88424.8111
-48543.3332

3585
-16699.8285
-315128.038
-58345.8102
-338243.431
3589
-91113.1684
-66488.1494
-11891.4083
-18356.5852
3593
-231214.104
-154343.801
-700020.215
-148994.153
3597
-9446.49258
-33358.6711
-72422.8546
-50986.6343
3601
-30591.0058
-586451.455
-43970.417
-47347.3193
3605
-117128.566
-616862.834
-27743.7484
-26081.5617
3609
-95495.619
-20142.3877
-56573.8017
-19485.9397

3445
-15048.9017
-15245.5241
-208593.971
-415142.599
3449
-20022.4919
-30157.5496
-17748.134
-307943.965
3453
-116315.856
-225652.412
-24696.5924
-43657.5598
3457
-209933.481
-21538.2074
-464825.976
-337502.77
3461
-13141.1641
-95560.9283
-56637.5363
-107226.104
3465
-368129.15
-29949.1481
-31129.2785
-174736.978
3469
-10690.119
-16030.6332
-22690.3798
-11029.7724

4201
-416089.367
-407808.347
-459.974129
-20771.6044
4205
-130120.486
-17783.7083
-123981.729
-303052.664
4209
-37704.9303
-16387.7238
-21322.5353
-379238.711
4213
-12415.0279
-17454.0543
-64103.483
-223114.226
4217
-83058.8414
-107087.625
-18365.0505
-30188.6721
4221
-45860.701
-41971.3968
-290543.111
-81996.9831
4225
-22569.3153
-17519.9766
-61352.6426
-15704.3804

4061
-34837.6903
-129960.031
-26594.2495
-277887.421
4065
-145883.481
-16537.6743
-34243.7737
-441036.987
4069
-62722.8372
-25197.4075
-88768.9659
-111516.301
4073
-437469.025
-249314.943
-144713.141
-14775.1622
4077
-24332.5126
-773615.676
-22377.7254
-45038.3242
4081
-32238.448
-240198.788
-64944.0373
-569065.955
4085
-319611.615
-859268.267
-111029.087
-36113.8368

4089
-13357.265
-17603.1091
-24730.0604
-548592.688
4093
-24907.2494
-17522.3906
-204301.711
-51170.7039
4097
-556904.671
-19228.2383
-474067.923
-591253.799
4101
-3584.47439
-217092.692
-26057.9768
-508885.172
4105
-26996.4727
-39211.5262
-62643.6413
-15305.7472
4109
-388819.973
-369639.435
-253754.519
-35685.1926
4113
-60017.7067
-351659.599
-70333.5985
-54220.4921

4117
-28080.8683
-88815.1856
-71036.0574
-125257.72
4121
-52706.0649
-13860.0015
-20141.6738
-432901.639
4125
-310377.913
-191720.872
-103098.739
-62636.3999
4129
-227036.339
-25889.2603
-23281.4764
-130014.403
4133
-776928.669
-51666.7102
-346402.392
-32840.042
4137
-33364.8747
-123851.01
-157746.681
-13132.27
4141
-141658.995
-295698.943
-111314.909
-240953.627

4229
-92454.5611
-12902.6721
-441449.321
-34391.2032
4233
-20069.2149
-63327.7464
-38695.0022
-68027.5513
4237
-14217.349
-20942.8108
-23214.3968
-58174.8625
4241
-18226.637
-33928.1959
-128479.796
-194888.295
4245
-247201.832
-83572.6942
-136156.044
-21320.5054
4249
-34353.0811
-481188.348
-53734.8772
-195464.325
4253
-57078.7603
-94284.5307
-74721.0649
-177004.479

4341
-50123.238
-88212.3962
-190034.021
-27531.6687
4345
-922073.196
-300842.619
-242068.239
-20175.8206
4349
-28395.1931
-267958.047
-161129.736
-56075.3162
4353
-16033.1872
-11805.5932
-54605.6896
-71402.422
4357
-63843.4424
-95434.7724
-55787.48
-59614.5061
4361
-326626.757
-45834.8646
-55445.8118
-845735.963
4365
-378377.969
-24864.8644
-12119.9453
-248820.32

4285
-79507.9981
-18660.4496
-27288.0468
-43184.5959
4289
-35851.8493
-186749.198
-63462.0406
-38549.5993
4293
-193925.86
-163559.513
-566771.587
-59037.7895
4297
-26017.1197
-398591.85
-78776.0705
-20570.1745
4301
-44007.9345
-310665.792
-79224.7835
-134828.602
4305
-103993.362
-14752.4345
-46623.6352
-70404.4271
4309
-26958.4896
-279690.163
-111143.717
-12842.7231

4313
-23774.0187
-30216.6823
-33669.7871
-560383.254
4317
-85137.4691
-67830.7869
-203324.26
-290780.553
4321
-331111.352
-26512.9458
-160459.956
-42532.4735
4325
-262575.243
-384212.78
-24292.4271
-77275.7698
4329
-25174.1489
-17125.6567
-217974.976
-54164.8233
4333
-28668.4499
-59997.6888
-189892.209
-97139.7238
4337
-138873.567
-4298.32175
-202347.069
-48610.7276

4145
-42210.3696
-65579.4001
-73479.4428
-98473.7807
4149
-27045.6627
-633198.867
-17991.1407
-114941.909
4153
-64955.3939
-466339.138
-111110.711
-536118.013
4157
-24576.835
-101612.041
-27120.9884
-66209.8055
4161
-328830.673
-186511.897
-497171.579
-333097.616
4165
-14015.5136
-18012.8036
-126216.92
-61359.9321
4169
-17814.4984
-212569.034
-27516.8953
-18464.8852

4173
-210698.029
-6926.09179
-21189.3648
-528446.984
4177
-45449.3112
-140513.915
-43997.0973
-198668.221
4181
-38616.8297
-23470.851
-169567.347
-244984.6
4185
-24180.1549
-51440.0968
-66303.8176
-85847.2696
4189
-43648.0141
-295537.143
-84628.8353
-24629.2749
4193
-32986.9555
-37256.4605
-162486.225
-410475.362
4197
-18210.3337
-103203.196
-19021.9828
-318991.485

3921
-25810.7078
-83519.6832
-42018.1579
-104109.848
3925
-240006.113
-17874.3846
-25422.052
-45790.0526
3929
-37090.5735
-61671.521
-288221.676
-76564.8651
3933
-38230.5065
-151157.75
-678347.133
-32326.2986
3937
-252057.203
-21482.4764
-410436.928
-520028.262
3941
-30075.3545
-561690.73
-10669.9984
-46543.5783
3945
-38094.8113
-88417.4802
-254864.803
-16629.9955

4397
-410866.128
-22085.2219
-475599.195
-431415.464
4401
-665010.406
-58055.5958
-370326.544
-123999.51
4405
-109952.846
-97946.4284
-55539.1958
-415457.697
4409
-18652.6245
-697987.755
-144033.662
-49964.6921
4413
-41691.6753
-195143.846
-38999.6227
-95087.5795
4417
-32727.0142
-15770.0441
-12328.648
-20186.4016
4421
-132894.973
-283828.523
-357564.149
-30243.1245

3921
-25810.7078
-83519.6832
-42018.1579
-104109.848
3925
-240006.113
-17874.3846
-25422.052
-45790.0526
3929
-37090.5735
-61671.521
-288221.676
-76564.8651
3933
-38230.5065
-151157.75
-678347.133
-32326.2986
3937
-252057.203
-21482.4764
-410436.928
-520028.262
3941
-30075.3545
-561690.73
-10669.9984
-46543.5783
3945
-38094.8113
-88417.4802
-254864.803
-16629.9955

4033
-26798.9576
-21844.1035
-106838.862
-127871.31
4037
-335374.433
-45548.2515
-269821.774
-49330.7238
4041
-386021.095
-37776.152
-29031.4194
-56342.1498
4045
-668384.375
-19481.0944
-37073.7125
-72647.491
4049
-22085.5315
-20937.0989
-159449.73
-95815.9566
4053
-191656.032
-401237.036
-547850.158
-374643.797
4057
-173724.561
-104494.66
-245440.955
-477920.532

3585
-16699.8285
-315128.038
-58345.8102
-338243.431
3589
-91113.1684
-66488.1494
-11891.4083
-18356.5852
3593
-231214.104
-154343.801
-700020.215
-148994.153
3597
-9446.49258
-33358.6711
-72422.8546
-50986.6343
3601
-30591.0058
-586451.455
-43970.417
-47347.3193
3605
-117128.566
-616862.834
-27743.7484
-26081.5617
3609
-95495.619
-20142.3877
-56573.8017
-19485.9397

4005
-372820.441
-18249.2264
-428747.222
-106246.909
4009
-341322.783
-161038.362
-532160.007
-10387.1525
4013
-86612.6119
-147487.322
-51111.6851
-109344.31
4017
-62643.8849
-121879.147
-78113.8661
-37907.5281
4021
-198817.849
-841268.176
-493753.486
-41082.4412
4025
-128165.467
-30751.018
-273280.859
-31076.1674
4029
-112179.883
-154054.791
-71116.2463
-21807.3962

4425
-248806.153
-40352.2955
-15169.6931
-267812.862
4429
-496274.202
-121075.037
-42400.5179
-26495.4939
4433
-135064.907
-9472.68545
-28709.1299
-121996.426
4437
-381574.113
-478595.66
-27351.5894
-203173.273
4441
-7264.40945
-22162.0173
-143254.658
-37149.9493
4445
-63640.7873
-535301.76
-52691.8294
-361915.667
4449
-43013.74
-209787.282
-27729.8302
-48116.1731

4453
-32977.2014
-22949.6086
-334964.646
-245666.662
4457
-270791.171
-23316.7972
-114077.35
-27638.503
4461
-9400.57798
-139791.858
-17937.1987
-397366.072
4465
-573004.744
-22693.1119
-69594.4967
-12278.9008
4469
-166046.48
-74274.7872
-55116.1815
-180020.334
4473
-36985.491
-145664.328
-420114.583
-32059.749
4477
-817497.481
-845323.888
-227872.388
-12175.816

3641
-29543.8817
-64427.208
-32500.8253
-197522.389
3645
-10437.9366
-83355.9087
-310196.747
-29849.4478
3649
-395872.427
-26917.349
-127529.955
-42171.1393
3653
-615782.351
-38225.6131
-31907.5386
-188554.34
3657
-54917.7149
-594828.251
-247028.697
-42098.7639
3661
-23567.5251
-142301.617
-583775.114
-14750.904
3665
-600338.361
-205654.391
-88424.8111
-48543.3332

3781
-17254.4081
-60192.3459
-782273.043
-25100.4621
3785
-54139.8404
-241999.607
-1764.35792
-23011.8587
3789
-15172.8599
-103073.476
-119339.338
-81235.871
3793
-43223.365
-52190.8614
-55896.5624
-283072.113
3797
-278695.638
-60965.5297
-39138.1349
-22775.6473
3801
-587264.638
-23800.6391
-20258.7344
-97254.7019
3805
-45160.6969
-156813.499
-141896.283
-37079.6556

4061
-34837.6903
-129960.031
-26594.2495
-277887.421
4065
-145883.481
-16537.6743
-34243.7737
-441036.987
4069
-62722.8372
-25197.4075
-88768.9659
-111516.301
4073
-437469.025
-249314.943
-144713.141
-14775.1622
4077
-24332.5126
-773615.676
-22377.7254
-45038.3242
4081
-32238.448
-240198.788
-64944.0373
-569065.955
4085
-319611.615
-859268.267
-111029.087
-36113.8368

4005
-372820.441
-18249.2264
-428747.222
-106246.909
4009
-341322.783
-161038.362
-532160.007
-10387.1525
4013
-86612.6119
-147487.322
-51111.6851
-109344.31
4017
-62643.8849
-121879.147
-78113.8661
-37907.5281
4021
-198817.849
-841268.176
-493753.486
-41082.4412
4025
-128165.467
-30751.018
-273280.859
-31076.1674
4029
-112179.883
-154054.791
-71116.2463
-21807.3962

4033
-26798.9576
-21844.1035
-106838.862
-127871.31
4037
-335374.433
-45548.2515
-269821.774
-49330.7238
4041
-386021.095
-37776.152
-29031.4194
-56342.1498
4045
-668384.375
-19481.0944
-37073.7125
-72647.491
4049
-22085.5315
-20937.0989
-159449.73
-95815.9566
4053
-191656.032
-401237.036
-547850.158
-374643.797
4057
-173724.561
-104494.66
-245440.955
-477920.532

3445
-15048.9017
-15245.5241
-208593.971
-415142.599
3449
-20022.4919
-30157.5496
-17748.134
-307943.965
3453
-116315.856
-225652.412
-24696.5924
-43657.5598
3457
-209933.481
-21538.2074
-464825.976
-337502.77
3461
-13141.1641
-95560.9283
-56637.5363
-107226.104
3465
-368129.15
-29949.1481
-31129.2785
-174736.978
3469
-10690.119
-16030.6332
-22690.3798
-11029.7724

4369
-18672.963
-342017.208
-26820.3311
-75870.1637
4373
-52741.5179
-291487.274
-29003.6783
-23768.5975
4377
-628579.257
-49041.9398
-148902.286
-31085.1611
4381
-204265.041
-589239.658
-28051.5146
-245724.367
4385
-222753.38
-135522.701
-217605.257
-603876.844
4389
-87571.2352
-626766.4
-175771.437
-134497.777
4393
-85376.0564
-288248.297
-35277.7691
-25261.8331

4089
-13357.265
-17603.1091
-24730.0604
-548592.688
4093
-24907.2494
-17522.3906
-204301.711
-51170.7039
4097
-556904.671
-19228.2383
-474067.923
-591253.799
4101
-3584.47439
-217092.692
-26057.9768
-508885.172
4105
-26996.4727
-39211.5262
-62643.6413
-15305.7472
4109
-388819.973
-369639.435
-253754.519
-35685.1926
4113
-60017.7067
-351659.599
-70333.5985
-54220.4921

4117
-28080.8683
-88815.1856
-71036.0574
-125257.72
4121
-52706.0649
-13860.0015
-20141.6738
-432901.639
4125
-310377.913
-191720.872
-103098.739
-62636.3999
4129
-227036.339
-25889.2603
-23281.4764
-130014.403
4133
-776928.669
-51666.7102
-346402.392
-32840.042
4137
-33364.8747
-123851.01
-157746.681
-13132.27
4141
-141658.995
-295698.943
-111314.909
-240953.627

4173
-210698.029
-6926.09179
-21189.3648
-528446.984
4177
-45449.3112
-140513.915
-43997.0973
-198668.221
4181
-38616.8297
-23470.851
-169567.347
-244984.6
4185
-24180.1549
-51440.0968
-66303.8176
-85847.2696
4189
-43648.0141
-295537.143
-84628.8353
-24629.2749
4193
-32986.9555
-37256.4605
-162486.225
-410475.362
4197
-18210.3337
-103203.196
-19021.9828
-318991.485

4145
-42210.3696
-65579.4001
-73479.4428
-98473.7807
4149
-27045.6627
-633198.867
-17991.1407
-114941.909
4153
-64955.3939
-466339.138
-111110.711
-536118.013
4157
-24576.835
-101612.041
-27120.9884
-66209.8055
4161
-328830.673
-186511.897
-497171.579
-333097.616
4165
-14015.5136
-18012.8036
-126216.92
-61359.9321
4169
-17814.4984
-212569.034
-27516.8953
-18464.8852

4201
-416089.367
-407808.347
-459.974129
-20771.6044
4205
-130120.486
-17783.7083
-123981.729
-303052.664
4209
-37704.9303
-16387.7238
-21322.5353
-379238.711
4213
-12415.0279
-17454.0543
-64103.483
-223114.226
4217
-83058.8414
-107087.625
-18365.0505
-30188.6721
4221
-45860.701
-41971.3968
-290543.111
-81996.9831
4225
-22569.3153
-17519.9766
-61352.6426
-15704.3804

4229
-92454.5611
-12902.6721
-441449.321
-34391.2032
4233
-20069.2149
-63327.7464
-38695.0022
-68027.5513
4237
-14217.349
-20942.8108
-23214.3968
-58174.8625
4241
-18226.637
-33928.1959
-128479.796
-194888.295
4245
-247201.832
-83572.6942
-136156.044
-21320.5054
4249
-34353.0811
-481188.348
-53734.8772
-195464.325
4253
-57078.7603
-94284.5307
-74721.0649
-177004.479

4257
-46689.1182
-195092.44
-33352.0508
-69267.2425
4261
-83643.667
-179160.308
-331185.436
-137223.442
4265
-100110.579
-228515.293
-26085.9761
-55101.0936
4269
-378365.569
-32752.0514
-51140.9045
-81708.9578
4273
-201171.54
-100667.625
-8408.77112
-101532.344
4277
-46603.5326
-46295.2225
-229082.664
-264868.408
4281
-499471.131
-246074.671
-104471.539
-30602.8289
