
1
-1.45682185e+21
-6.00585998e+20
-4.08884749e+20
-7.0313335e+21
5
-1.23631039e+22
-1.19082672e+22
-1.93069052e+20
-2.92941896e+20
9
-4.21109236e+21
-6.17937182e+21
-2.50109333e+22
-4.42318729e+21
13
-8.81947696e+20
-1.26383258e+22
-1.6965418e+21
-2.18937419e+22
17
-1.85837029e+21
-4.05490854e+21
-5.89601682e+21
-1.21751866e+22
21
-1.65465255e+22
-1.30423811e+22
-4.54932698e+20
-1.60469424e+21
25
-1.00231907e+22
-8.86718829e+21
-1.48421831e+21
-1.0031593e+21

85
-1.85962239e+22
-4.42513957e+21
-6.1843078e+21
-7.93046875e+21
89
-1.36221459e+22
-1.39304283e+21
-6.03980553e+20
-2.47354181e+20
93
-1.56486642e+22
-1.14235451e+22
-9.32391348e+21
-1.1251175e+21
97
-4.30922636e+21
-1.40557687e+21
-9.60785846e+21
-3.23412138e+21
101
-1.09041498e+21
-8.63276656e+21
-8.58835076e+19
-3.22899548e+21
105
-1.76223952e+21
-2.843235e+21
-1.75856793e+22
-2.15014267e+20
109
-1.70016492e+21
-6.03239251e+21
-1.37895059e+20
-8.40094432e+19

29
-1.22302908e+21
-5.14167731e+20
-1.1192987e+22
-1.60135672e+21
33
-1.08833366e+21
-1.31036125e+22
-1.13308076e+21
-1.12095333e+21
37
-1.59469168e+21
-5.73726126e+21
-1.42490476e+22
-1.80491125e+21
41
-1.87224838e+21
-5.9832503e+20
-1.60128157e+22
-1.72203606e+21
45
-1.54118671e+20
-5.80026149e+20
-2.31663657e+22
-1.58049666e+22
49
-1.58691797e+22
-1.78987899e+21
-2.73409284e+21
-3.92263467e+21
53
-1.56690855e+22
-6.67971024e+20
-3.72354699e+21
-1.37116754e+22

141
-2.86867577e+20
-1.77642217e+21
-1.53697954e+20
-1.41309879e+22
145
-5.98173466e+20
-1.49787311e+21
-9.68255444e+20
-1.92433067e+21
149
-1.6022572e+21
-1.95312195e+21
-1.58221358e+21
-3.66521474e+20
153
-2.79331905e+20
-8.80765567e+20
-2.72525329e+21
-1.23801484e+22
157
-1.53493277e+22
-9.07926831e+21
-1.17207027e+21
-5.89146203e+20
161
-1.60012204e+20
-2.50840227e+20
-8.08525673e+20
-9.75773067e+21
165
-1.89278135e+22
-2.2536296e+21
-1.51051415e+21
-6.9383425e+21

57
-1.31560888e+22
-1.85860985e+22
-1.20831692e+22
-1.50559016e+22
61
-1.31932709e+22
-1.14485409e+21
-1.80828996e+21
-4.85561254e+20
65
-1.83479447e+21
-2.16269323e+22
-8.90261592e+21
-1.97006457e+20
69
-2.06879707e+21
-1.66157475e+22
-7.2529004e+21
-6.24820149e+21
73
-1.39129698e+21
-1.74170231e+20
-9.79891663e+21
-2.48914269e+22
77
-1.28232834e+22
-1.93219554e+20
-1.89392482e+21
-3.04132346e+21
81
-5.44488324e+21
-9.2385316e+20
-1.93270931e+21
-1.27560489e+22

113
-1.44616361e+22
-1.08265444e+21
-1.05797784e+22
-2.29776186e+22
117
-2.05011755e+21
-6.02585339e+20
-1.88524302e+21
-1.22478237e+22
121
-2.53941587e+21
-2.59404663e+20
-7.20414167e+21
-4.83605382e+21
125
-8.45216131e+21
-2.53797134e+22
-1.01238415e+21
-1.01742949e+20
129
-1.85894491e+20
-2.63854878e+21
-3.09081141e+21
-1.34302064e+21
133
-1.880801e+20
-9.56931169e+20
-6.92157665e+20
-9.96416792e+21
137
-4.42228824e+21
-4.52463811e+21
-1.27832587e+22
-3.55518363e+21

281
-1.99971846e+21
-1.84640131e+21
-1.07517078e+21
-6.31131723e+20
285
-2.99944322e+20
-2.4961527e+20
-3.56762864e+21
-6.28311354e+21
289
-8.71506352e+19
-1.80960604e+21
-2.15269208e+20
-1.10544881e+22
293
-1.35011684e+22
-5.03290778e+21
-8.89597227e+20
-6.16134767e+20
297
-7.0293565e+21
-3.52365135e+21
-9.92290146e+20
-2.13155634e+20
301
-7.38513783e+20
-1.17111054e+22
-3.88943496e+20
-1.39140416e+22
305
-1.80102449e+21
-1.43766851e+22
-1.33508134e+22
-2.16075758e+22

813
-3.02846466e+21
-9.01355777e+19
-1.86126751e+22
-1.73704636e+22
817
-3.63722798e+20
-1.11599217e+20
-7.08487181e+20
-6.71976972e+21
821
-1.47719582e+21
-1.50782098e+22
-3.2548151e+21
-1.64278044e+20
825
-1.70172136e+20
-1.27859411e+21
-6.28765139e+21
-2.19385913e+20
829
-2.29361003e+21
-8.35316031e+20
-6.78173697e+20
-1.52411397e+21
833
-2.33973788e+21
-1.13832744e+20
-1.63849142e+21
-1.29303261e+22
837
-4.92359717e+21
-8.31242169e+20
-5.47418181e+20
-5.42677986e+20

533
-7.8315211e+21
-3.02690332e+21
-2.54455597e+20
-9.57382295e+20
537
-1.09286702e+22
-1.03494671e+21
-2.15312029e+22
-1.22053911e+22
541
-1.0760177e+22
-2.36200123e+21
-7.2893591e+20
-9.93540266e+21
545
-1.42459937e+20
-9.79082715e+21
-2.03641333e+21
-1.43711992e+22
549
-6.08831394e+21
-1.43314775e+21
-9.1953407e+21
-8.36953912e+20
553
-2.41981618e+21
-1.10670485e+20
-7.94750558e+20
-9.0806504e+21
557
-6.22813866e+20
-8.5146094e+21
-1.85368285e+22
-1.4025521e+20

365
-2.59718822e+21
-2.77398443e+22
-4.00879739e+21
-1.26321911e+21
369
-1.76127268e+20
-1.15362337e+21
-1.52594723e+21
-1.67637531e+20
373
-5.25525954e+20
-5.68976277e+21
-3.28867095e+20
-8.9744582e+21
377
-1.93251407e+22
-5.04588257e+20
-1.9499775e+22
-6.125289e+20
381
-1.29509794e+21
-2.69458792e+20
-2.42105963e+22
-8.08554091e+20
385
-2.76210798e+20
-6.11157791e+20
-1.49830416e+21
-5.30708257e+20
389
-3.8513943e+20
-1.82748606e+21
-7.3887545e+21
-1.55724863e+20

505
-2.05987686e+22
-1.43668558e+22
-5.91510529e+21
-9.48236992e+20
509
-7.95908364e+19
-1.57279422e+21
-5.88406209e+20
-1.52769721e+22
513
-1.73508669e+22
-1.96454693e+22
-1.0495972e+21
-4.4896321e+21
517
-1.03840384e+22
-5.21877814e+21
-2.97293263e+20
-6.44342727e+21
521
-1.61267717e+21
-1.19456796e+21
-3.11471273e+21
-1.62543254e+20
525
-9.02173447e+20
-1.59805113e+22
-1.43449129e+22
-2.42467354e+21
529
-7.75036684e+19
-1.97585608e+20
-2.60798486e+20
-1.69125713e+21

701
-1.96205514e+21
-1.39056478e+21
-1.72136302e+22
-2.02568537e+22
705
-1.017136e+21
-1.1138115e+20
-1.34162179e+22
-1.50282627e+21
709
-3.04074195e+20
-1.85299845e+22
-7.07226132e+20
-1.37680583e+21
713
-1.51111484e+22
-2.58396417e+21
-2.12442885e+21
-2.26137186e+21
717
-1.74135202e+21
-7.80016241e+20
-3.6040364e+21
-6.6894772e+21
721
-9.32013867e+21
-1.82186036e+20
-1.31933048e+21
-3.14164087e+21
725
-1.13393002e+21
-7.10226012e+21
-5.46584165e+21
-6.43164358e+21

169
-1.59468523e+21
-6.57479276e+21
-1.66286837e+21
-8.74108311e+21
173
-1.97786605e+21
-2.23767657e+20
-7.09741937e+21
-1.04991678e+21
177
-9.74557191e+20
-1.05732345e+20
-6.14433058e+20
-7.1450646e+20
181
-1.8217995e+21
-2.04835704e+21
-1.6638005e+22
-2.19318082e+22
185
-1.91077489e+21
-1.13636578e+20
-1.1273432e+22
-7.22276846e+20
189
-1.17788596e+20
-1.73577591e+21
-1.8081024e+22
-1.10386532e+20
193
-1.23546189e+22
-9.86141736e+20
-1.27708518e+21
-1.44101917e+20

729
-8.90968549e+20
-1.43883269e+21
-6.25161417e+21
-3.4565895e+21
733
-1.59856755e+21
-9.08461212e+20
-1.78036732e+21
-2.33076009e+22
737
-2.04314964e+21
-1.08819618e+21
-5.13499296e+21
-9.42730748e+21
741
-1.70524196e+21
-1.7173176e+22
-1.55757615e+21
-2.49193566e+20
745
-3.7660099e+21
-1.15092883e+21
-3.76835326e+21
-1.18410464e+22
749
-1.6144183e+21
-1.64562944e+21
-3.22255047e+20
-2.92134105e+21
753
-4.63492068e+21
-4.45131975e+21
-5.99899076e+21
-9.9299237e+21

393
-6.696167e+21
-7.62231845e+21
-1.69498715e+21
-1.0654866e+22
397
-6.86019254e+21
-8.57282228e+21
-2.1190321e+22
-4.20424148e+20
401
-2.22367355e+21
-1.81752746e+21
-3.43175482e+21
-1.2430344e+21
405
-2.31843454e+20
-4.24549915e+21
-7.11598091e+20
-2.07832505e+20
409
-8.44166531e+19
-2.00407332e+21
-3.58131637e+21
-1.80535815e+21
413
-1.74250148e+21
-1.88615134e+22
-1.27255798e+21
-1.07605277e+21
417
-1.80070083e+22
-1.01682287e+20
-4.19948113e+20
-1.45150856e+22

673
-9.48235167e+21
-1.43969777e+21
-1.22929213e+20
-1.22846311e+21
677
-1.26735021e+21
-1.50383423e+21
-1.06468906e+22
-1.16804661e+22
681
-1.03788268e+22
-1.05282646e+22
-1.45449144e+22
-1.69077805e+20
685
-9.25437773e+21
-1.44464661e+22
-1.38375825e+21
-1.06067718e+21
689
-1.11926969e+22
-1.85695851e+21
-1.35495735e+21
-2.21384964e+22
693
-1.09799075e+22
-4.96256479e+20
-3.30410365e+20
-1.50551629e+22
697
-1.1878795e+21
-6.49891281e+20
-1.79119804e+21
-1.89174758e+21

449
-1.22955625e+22
-1.12533098e+20
-5.69754773e+21
-1.27544944e+20
453
-8.49587795e+19
-2.41159035e+20
-4.07904369e+21
-1.43103013e+22
457
-1.8123999e+21
-7.36613488e+19
-2.38634237e+20
-1.87403731e+22
461
-1.12624903e+21
-8.02333703e+20
-1.60995243e+20
-1.18065012e+21
465
-1.16076835e+22
-6.26229607e+21
-3.79155361e+20
-2.04225241e+20
469
-2.19396852e+21
-3.2019586e+20
-1.15227239e+22
-1.01224811e+21
473
-9.3897598e+20
-1.53492195e+21
-1.01792676e+21
-4.42646541e+20

561
-1.31924178e+21
-7.90793882e+20
-2.05669088e+20
-3.22802509e+21
565
-7.70977787e+21
-1.8096258e+21
-3.16940034e+21
-8.87896252e+20
569
-2.0841255e+22
-2.35850539e+22
-1.14075811e+22
-3.42393343e+21
573
-1.70050583e+21
-1.12004056e+21
-1.4281406e+21
-1.10544268e+22
577
-1.28021111e+22
-5.7075249e+20
-4.53954446e+20
-7.02790335e+20
581
-5.07162225e+20
-1.5087134e+22
-7.99092454e+21
-9.83608438e+21
585
-1.10119331e+21
-4.7984138e+21
-1.45127376e+22
-2.03940642e+20

421
-6.29251736e+21
-1.94395788e+22
-1.50930542e+21
-1.88426778e+20
425
-1.7134447e+21
-1.71258838e+21
-5.28712361e+21
-1.21979975e+20
429
-2.52711489e+22
-8.23318937e+21
-1.16193847e+21
-1.89356271e+21
433
-2.56070586e+20
-5.52578431e+21
-9.69130252e+21
-1.76213395e+21
437
-4.94832698e+20
-1.93757384e+22
-1.59586329e+22
-4.65325684e+21
441
-1.532923e+21
-9.63236982e+21
-1.68679012e+21
-2.21344676e+21
445
-3.00268692e+20
-1.17343726e+21
-1.6799619e+21
-1.87955378e+21

757
-3.35449835e+21
-2.21452536e+20
-4.44591617e+21
-7.89779842e+19
761
-1.50206085e+21
-1.12035922e+21
-8.72503608e+21
-1.67725315e+21
765
-1.64331698e+21
-8.08142374e+20
-5.06386446e+21
-1.85777079e+21
769
-1.11567315e+20
-5.08901883e+21
-7.12943762e+20
-1.94290631e+21
773
-6.49816018e+20
-7.26235092e+20
-1.58155312e+22
-5.44259185e+21
777
-1.29221292e+20
-2.4363241e+22
-1.37052083e+20
-1.85233782e+22
781
-2.76322056e+22
-1.05057473e+21
-2.12483734e+22
-8.8876233e+21

197
-2.43004015e+21
-1.35420868e+20
-8.29716998e+20
-6.35096695e+20
201
-1.9144038e+21
-2.04059555e+22
-2.87731918e+22
-1.88724425e+21
205
-7.88639287e+21
-6.49738341e+21
-1.6936462e+21
-2.19371917e+22
209
-5.7090571e+21
-1.06048335e+22
-1.29877396e+20
-8.25897587e+21
213
-7.44269084e+21
-1.96555413e+20
-9.97627271e+21
-1.18816199e+21
217
-2.42022668e+22
-1.44318667e+20
-9.50846326e+21
-6.73812291e+20
221
-1.42739833e+22
-1.72449624e+21
-1.66092576e+21
-1.06354921e+21

869
-1.22970383e+21
-6.2020511e+21
-2.81621852e+21
-6.07709094e+21
873
-1.80683778e+21
-1.71752493e+21
-3.01218551e+22
-4.87456577e+21
877
-9.09297652e+21
-1.57533234e+22
-1.5917357e+21
-1.42182832e+21
881
-8.12956088e+20
-4.36134784e+20
-7.65380385e+21
-3.78934945e+21
885
-9.28747456e+20
-2.9270744e+21
-8.25486037e+21
-1.09759381e+21
889
-1.35758983e+22
-1.7563096e+21
-1.69111941e+22
-1.79280671e+21
893
-1.28720344e+22
-7.19479402e+19
-7.99629603e+21
-1.9170281e+21

617
-2.04330375e+22
-4.78929911e+21
-5.54861006e+21
-7.41755295e+20
621
-1.48283671e+21
-1.1026852e+22
-1.93225688e+22
-4.76429552e+21
625
-1.07508963e+21
-1.14483388e+22
-5.91737508e+21
-7.24910168e+20
629
-3.24436874e+20
-1.74169848e+21
-7.16023698e+20
-1.3333494e+20
633
-1.18592584e+22
-3.01592582e+21
-1.7049962e+22
-1.02198247e+21
637
-8.69875124e+21
-1.93223214e+21
-1.13615351e+20
-1.83670136e+21
641
-1.08251729e+22
-2.82553057e+21
-1.87356201e+21
-1.88448044e+21

953
-1.40472393e+21
-1.30663923e+22
-5.39469446e+21
-1.42348002e+21
957
-3.02524985e+20
-1.95479304e+22
-2.85627186e+20
-1.6587143e+21
961
-1.32364308e+20
-1.97514469e+22
-1.98038029e+21
-1.50755349e+22
965
-7.94227085e+19
-6.71874058e+21
-1.48962581e+21
-9.51310025e+20
969
-3.83967422e+20
-4.77236486e+21
-3.55386979e+20
-2.3574051e+21
973
-1.71618657e+21
-1.60534307e+21
-3.00819188e+20
-1.17549261e+22
977
-3.01740175e+21
-3.17182116e+21
-1.30608741e+20
-5.47670714e+21

841
-1.48618849e+21
-1.77552969e+21
-6.25111245e+21
-1.47279933e+21
845
-1.80946396e+21
-8.87106248e+20
-1.68620537e+22
-1.05990448e+20
849
-1.20831359e+21
-1.34723859e+20
-1.55675684e+21
-1.40157802e+21
853
-1.27201688e+21
-2.0743322e+21
-1.35061416e+21
-1.81798407e+21
857
-8.13116443e+21
-7.88472342e+21
-1.7387921e+22
-2.18042563e+20
861
-1.61552549e+21
-1.06794449e+21
-1.540274e+21
-1.55922183e+22
865
-3.741e+20
-1.99907219e+22
-9.87734421e+20
-1.76426197e+20

589
-1.47475406e+22
-3.93968789e+21
-5.20433146e+20
-3.68323824e+21
593
-1.72632765e+21
-1.68044312e+21
-1.63769056e+21
-9.02505133e+21
597
-1.17969096e+22
-1.22359312e+22
-5.14612764e+20
-1.50099277e+21
601
-1.51713232e+21
-7.36253596e+21
-1.35177932e+22
-8.9830193e+21
605
-7.99713384e+21
-8.11151331e+20
-1.31089182e+21
-7.54780741e+21
609
-2.9374812e+21
-9.76544558e+20
-9.2490529e+20
-3.33071831e+21
613
-2.35082805e+22
-1.89102274e+21
-3.76374566e+21
-8.40140789e+21

1345
-3.76968991e+21
-1.92847242e+22
-4.89575315e+21
-1.1420538e+21
1349
-1.04143411e+21
-6.88983108e+20
-3.03490699e+21
-8.35746337e+21
1353
-1.21850177e+22
-1.12376001e+21
-2.15148694e+22
-1.5827281e+21
1357
-4.57194414e+21
-1.30583833e+22
-1.40570888e+22
-8.02602835e+20
1361
-5.26650201e+20
-4.3975685e+20
-4.51885815e+20
-4.88732221e+21
1365
-1.54974618e+21
-7.11385525e+21
-1.80486858e+21
-8.45779206e+21
1369
-8.02981518e+20
-7.57480354e+20
-4.39225248e+20
-1.12612577e+21

1541
-1.13430995e+22
-9.74200043e+21
-3.18068898e+21
-9.9306091e+20
1545
-2.88460291e+20
-1.39702094e+21
-2.1596653e+22
-5.2582138e+21
1549
-1.70838696e+21
-2.00201285e+20
-2.57230389e+21
-1.45895638e+21
1553
-2.44983796e+22
-5.35125743e+21
-2.5200042e+20
-1.13958081e+21
1557
-4.80614947e+20
-1.57747024e+20
-2.08852711e+22
-2.19174883e+22
1561
-3.57685321e+20
-5.04680953e+21
-1.38707304e+21
-7.02874696e+21
1565
-1.86364694e+22
-1.69027331e+21
-1.2086835e+21
-5.80216414e+21

897
-1.55558937e+21
-7.22267708e+20
-7.93131282e+21
-1.12104095e+22
901
-3.07326604e+21
-8.08856634e+21
-1.56612463e+22
-1.05839122e+20
905
-1.31578405e+20
-4.35879499e+20
-1.44467601e+21
-7.55702921e+21
909
-2.07421631e+22
-1.64701589e+21
-1.25046541e+22
-9.4618028e+20
913
-3.47745097e+21
-1.61687203e+21
-1.10170328e+22
-1.46324214e+20
917
-1.2123004e+21
-1.0258383e+21
-1.886229e+22
-1.96241131e+21
921
-6.28760869e+20
-1.67396933e+21
-1.43466807e+22
-3.50221566e+21

925
-1.63365472e+21
-7.17523591e+20
-2.70273055e+22
-2.90240298e+20
929
-1.14358722e+22
-4.31694353e+21
-1.75518019e+20
-7.24182903e+21
933
-6.38941075e+21
-1.47353499e+22
-2.06918228e+20
-2.11304583e+20
937
-9.50622911e+21
-1.63068882e+22
-2.87252422e+21
-8.66359392e+20
941
-1.53512782e+21
-1.45196942e+22
-6.04403028e+21
-9.35588317e+20
945
-2.4399343e+22
-1.54476965e+22
-1.46063144e+22
-7.793933e+21
949
-1.9904495e+22
-2.09087828e+21
-3.8345086e+21
-1.39990106e+21

1121
-7.48878362e+21
-3.33592162e+21
-1.76010165e+22
-1.51606853e+21
1125
-1.65393334e+22
-8.25000301e+21
-2.86457346e+20
-2.00872226e+22
1129
-9.94978447e+21
-6.19594336e+20
-1.93333535e+20
-1.25021827e+20
1133
-1.26867768e+22
-1.48018405e+21
-1.46726961e+22
-1.90412017e+22
1137
-3.56689736e+20
-4.11179232e+21
-1.39631775e+21
-1.3285306e+20
1141
-6.46505924e+20
-5.81219567e+20
-1.5071827e+22
-1.81478964e+21
1145
-1.13676339e+22
-4.38437655e+21
-1.34694313e+20
-9.98083728e+20

645
-2.83240913e+20
-1.46553564e+21
-1.29929276e+21
-1.76303383e+21
649
-8.04578242e+21
-4.2126584e+21
-2.40619531e+20
-1.11240613e+21
653
-1.17673477e+21
-9.15481982e+21
-4.08253931e+20
-6.85064623e+21
657
-7.80947207e+21
-1.81264359e+20
-9.4674057e+20
-1.22524539e+21
661
-2.09772837e+22
-4.02151969e+20
-1.36647993e+22
-1.07545791e+20
665
-1.08506437e+21
-1.34459897e+21
-7.55327205e+21
-1.04632028e+22
669
-4.78673226e+21
-1.79010681e+22
-1.12620463e+20
-2.14045925e+21

1093
-7.23406407e+21
-8.95732051e+20
-6.5943829e+20
-3.8372252e+21
1097
-1.32004506e+22
-5.63931818e+21
-5.68855178e+21
-1.53764399e+21
1101
-1.18491884e+22
-2.96461215e+20
-5.56254065e+21
-3.65587867e+21
1105
-1.39207111e+21
-8.54922072e+19
-2.60281988e+22
-1.50211644e+22
1109
-1.5547775e+21
-8.31699344e+19
-1.24406883e+21
-1.61709626e+22
1113
-5.90701657e+21
-6.6734853e+21
-3.25853709e+20
-1.01709162e+22
1117
-9.44514311e+21
-1.2510373e+21
-2.44710903e+22
-3.79770026e+20

309
-2.04801618e+22
-1.59287779e+22
-1.72733858e+20
-1.6818378e+21
313
-8.08467175e+20
-5.56520796e+20
-7.00983924e+21
-1.86621223e+21
317
-7.03822415e+21
-3.0369734e+21
-1.63632302e+21
-2.93657318e+21
321
-8.68001479e+20
-8.94279042e+21
-1.0258426e+21
-1.58808684e+21
325
-1.45637791e+21
-1.8515858e+21
-1.57812759e+21
-3.91083389e+20
329
-1.63262656e+21
-7.54943731e+19
-1.62350184e+22
-1.76786562e+22
333
-1.56944563e+20
-4.15600006e+20
-9.08795047e+20
-6.10683111e+20

785
-1.34517804e+21
-2.03978935e+22
-3.62375424e+21
-1.65422119e+22
789
-1.31963866e+21
-9.73865376e+21
-1.29046659e+22
-6.97296577e+21
793
-7.19287062e+21
-1.84541214e+22
-1.02355406e+21
-1.0112721e+22
797
-1.33880424e+22
-8.6073976e+20
-6.42184866e+21
-1.03829928e+22
801
-1.78311155e+21
-1.41397102e+22
-1.45869161e+22
-3.15372765e+20
805
-3.26698425e+21
-2.0825507e+21
-1.34430784e+20
-3.53438188e+20
809
-1.77825215e+21
-4.85591914e+21
-2.56782686e+21
-1.29417933e+21

1149
-1.53713171e+22
-1.41322864e+21
-4.58730031e+21
-3.15254105e+20
1153
-1.34235482e+21
-2.35493104e+22
-3.43317564e+21
-2.3679729e+20
1157
-2.34464019e+22
-2.03657645e+20
-5.41285744e+20
-1.61920446e+20
1161
-1.72460781e+20
-6.91386711e+20
-1.69584906e+20
-9.09170544e+20
1165
-2.10106082e+21
-1.29287883e+22
-3.02976335e+21
-7.13171269e+20
1169
-1.5653414e+21
-1.20757589e+21
-6.61729631e+21
-4.7158067e+21
1173
-2.43222051e+21
-1.59459377e+21
-5.07827338e+20
-5.58834928e+21

1765
-4.04979706e+21
-1.538804e+22
-1.36637728e+22
-1.5792138e+22
1769
-1.2278491e+22
-6.5271097e+20
-8.36357319e+21
-5.80909221e+21
1773
-1.0865514e+20
-1.15446204e+21
-9.07730705e+20
-2.21754058e+22
1777
-2.14947813e+22
-4.00511534e+21
-1.16114308e+22
-1.25557693e+21
1781
-2.42071757e+20
-5.40869594e+20
-6.19546357e+19
-1.64573518e+21
1785
-6.02327261e+20
-7.48669214e+20
-5.95009279e+21
-1.51213984e+22
1789
-1.31568598e+22
-2.45977749e+20
-4.20848383e+20
-1.48633708e+21

1037
-2.37479464e+20
-2.0170397e+22
-6.21478883e+19
-1.18800125e+21
1041
-1.60643316e+21
-4.05843791e+20
-1.18369236e+21
-1.21058879e+21
1045
-1.42875709e+22
-5.15974518e+21
-1.36411719e+21
-1.20250631e+22
1049
-1.17435571e+20
-1.03180712e+21
-7.05140456e+21
-1.12399795e+21
1053
-1.3302428e+20
-2.37628361e+21
-1.67997176e+20
-1.67418798e+21
1057
-9.8359694e+21
-9.44155254e+20
-2.54049362e+21
-1.09128056e+22
1061
-1.55860296e+21
-2.63343769e+22
-7.17226246e+20
-7.52176041e+19

1373
-7.32096115e+20
-9.33625088e+21
-1.57010764e+21
-4.81595277e+20
1377
-1.37305705e+22
-2.90609987e+20
-7.51517908e+21
-5.13902893e+21
1381
-5.61564508e+21
-7.25329437e+20
-5.09459884e+21
-8.09702765e+21
1385
-6.11048708e+20
-3.94037996e+20
-7.6629455e+20
-1.05346028e+21
1389
-8.40287114e+20
-7.20556186e+21
-6.23083252e+21
-9.16315318e+20
1393
-3.36916138e+21
-6.6632583e+20
-3.87144348e+20
-5.02770299e+21
1397
-9.98045949e+21
-1.60581117e+22
-1.30564157e+22
-7.16160057e+20

1177
-1.18443435e+21
-4.98016244e+21
-1.33624013e+20
-8.9068424e+21
1181
-2.24840844e+22
-1.94855194e+20
-2.60652889e+20
-1.08635174e+21
1185
-5.31317009e+21
-1.38614069e+21
-7.83301075e+20
-5.73632856e+21
1189
-3.02112847e+20
-1.25352413e+22
-2.59803917e+21
-2.84302171e+21
1193
-4.34419379e+20
-2.34665685e+22
-6.42898505e+21
-5.78234279e+20
1197
-2.41334847e+22
-8.38110664e+20
-2.35830707e+20
-2.61865631e+22
1201
-4.44339674e+21
-1.06125791e+21
-3.98190649e+21
-1.40189672e+22

1569
-9.83697162e+21
-6.1981655e+20
-1.20962301e+22
-6.04800002e+20
1573
-1.76175608e+22
-1.00110627e+22
-4.70483e+20
-1.62471031e+21
1577
-4.73546387e+21
-1.46757043e+22
-1.7034333e+21
-1.82547885e+21
1581
-2.80877962e+21
-5.5678276e+21
-6.08286562e+20
-3.24084947e+21
1585
-1.43556032e+21
-1.19185448e+20
-1.54382601e+21
-3.78584404e+20
1589
-9.88099102e+21
-1.77090752e+22
-2.07604859e+22
-1.47017165e+21
1593
-7.87265339e+20
-2.20728998e+20
-1.44881294e+21
-1.791844e+21

1877
-1.84834452e+22
-5.12834822e+20
-7.48585923e+20
-1.02994083e+22
1881
-2.31004205e+21
-2.14384992e+22
-3.16950037e+20
-1.69720539e+21
1885
-3.44547912e+21
-2.66712946e+20
-1.80781586e+22
-1.81158546e+22
1889
-6.36010493e+21
-1.48439866e+21
-2.81338638e+20
-9.63579924e+19
1893
-1.37223699e+22
-1.44940154e+21
-9.97942422e+21
-8.10756162e+20
1897
-4.81047589e+20
-1.97604026e+20
-2.17368497e+22
-2.06816348e+21
1901
-1.15491929e+21
-1.06665639e+21
-1.79378496e+21
-1.03364e+21

1009
-4.61403844e+20
-8.9478729e+20
-3.42826478e+20
-5.02443804e+20
1013
-4.7689913e+20
-6.60937071e+20
-1.08447226e+21
-7.84739669e+21
1017
-5.75575806e+20
-8.00235961e+21
-5.85785582e+20
-2.91428328e+20
1021
-4.23423288e+21
-1.09048527e+22
-1.17041444e+20
-3.28763843e+20
1025
-6.19191885e+21
-5.96840838e+21
-1.27595943e+22
-2.15265745e+22
1029
-1.16217129e+22
-7.97608225e+20
-1.302671e+21
-1.48775065e+20
1033
-1.18125727e+21
-2.00630079e+22
-1.70886634e+21
-1.63342979e+21

1681
-1.21406442e+21
-1.90452564e+21
-8.8047103e+21
-1.72124674e+21
1685
-1.99812797e+21
-1.41217491e+22
-3.43827163e+21
-1.9125169e+21
1689
-1.40696334e+21
-1.19822421e+22
-1.32056123e+21
-5.92485125e+21
1693
-6.62568567e+20
-9.11342127e+20
-2.02365967e+21
-9.1157541e+21
1697
-1.47438723e+22
-6.96560719e+20
-6.49996467e+21
-1.38566904e+21
1701
-3.49254382e+21
-1.7241027e+22
-1.563783e+21
-1.35034057e+22
1705
-1.16007943e+20
-5.73816154e+21
-1.08770745e+21
-8.7886289e+20

981
-5.06336283e+21
-2.30044722e+20
-1.62038999e+20
-5.83187431e+20
985
-6.13191886e+21
-1.65196524e+21
-8.6401929e+19
-5.31727325e+21
989
-2.72897017e+20
-2.1886362e+21
-1.11768354e+22
-4.99951206e+21
993
-2.50364822e+21
-2.08594462e+22
-1.62915317e+20
-2.15179706e+20
997
-3.26767077e+21
-7.55438551e+21
-4.65270471e+21
-5.66132408e+20
1001
-7.34672264e+20
-8.86365576e+21
-5.64286663e+20
-1.52088962e+21
1005
-5.76246911e+21
-1.41240563e+20
-5.45127133e+21
-2.02942611e+22

1737
-1.90502928e+21
-2.9723095e+20
-9.89059368e+21
-8.21706674e+21
1741
-1.57149371e+21
-1.63630469e+21
-2.00455558e+22
-1.30266315e+21
1745
-6.70729884e+21
-2.25001545e+22
-1.00901411e+21
-7.72344111e+19
1749
-1.26376974e+22
-8.34219724e+20
-1.00869828e+21
-4.35725863e+21
1753
-1.32177917e+22
-1.28728078e+22
-8.53069863e+20
-1.05058037e+22
1757
-1.67845221e+20
-1.27990283e+21
-2.50856544e+22
-6.04551196e+20
1761
-1.63401914e+21
-2.62371349e+22
-1.92342754e+20
-1.00364435e+21

1429
-4.8195178e+21
-1.74701356e+21
-8.20807014e+21
-2.03601491e+21
1433
-8.95691721e+21
-1.00518336e+22
-1.7595132e+20
-1.63870936e+21
1437
-1.16913398e+20
-4.84447062e+20
-1.2347446e+22
-2.65198022e+20
1441
-1.39244286e+21
-1.42151659e+22
-5.30965169e+20
-7.13975278e+20
1445
-1.69013539e+21
-4.38985412e+21
-3.35235995e+21
-1.0008668e+20
1449
-6.75277986e+20
-1.28064479e+21
-1.5192566e+21
-1.0679618e+20
1453
-4.35433455e+21
-1.58179411e+21
-7.75587787e+20
-3.85209355e+21

1317
-1.87596174e+21
-1.08309957e+22
-1.34449887e+21
-4.25548732e+21
1321
-1.16810641e+21
-1.90641666e+22
-1.46377013e+21
-8.88273037e+20
1325
-8.95312291e+21
-1.94543353e+20
-1.18852826e+21
-5.27389372e+21
1329
-2.05341245e+20
-6.0806069e+20
-1.60144004e+21
-3.35347805e+21
1333
-1.73939067e+22
-9.5094802e+21
-1.78778975e+21
-3.79419572e+20
1337
-1.24109375e+22
-2.28157087e+20
-2.18749237e+20
-1.7470985e+22
1341
-5.58088895e+21
-8.79415055e+20
-1.65807867e+21
-4.65187896e+21

1709
-6.86085248e+20
-1.02541185e+21
-1.65997814e+21
-6.03016132e+21
1713
-1.39678109e+22
-9.864181e+20
-5.1578861e+21
-4.26490315e+21
1717
-2.33762337e+20
-2.24508168e+20
-7.94030347e+19
-2.10646471e+20
1721
-4.03626701e+20
-8.79749863e+21
-1.9439532e+22
-1.32626609e+21
1725
-1.55038282e+20
-2.7957976e+22
-1.76130514e+22
-1.40455721e+22
1729
-4.3655925e+21
-5.64256012e+21
-1.43654741e+21
-1.5681381e+22
1733
-1.8815661e+20
-2.28726173e+22
-2.75282736e+21
-2.34804895e+21

477
-4.28902568e+20
-5.95354511e+20
-9.30624109e+21
-6.73879028e+21
481
-5.03468194e+20
-1.28085792e+21
-6.95787842e+21
-1.77180597e+22
485
-1.85193524e+21
-8.19668056e+20
-2.95633598e+20
-2.94745687e+20
489
-1.36431177e+22
-1.43509643e+20
-1.10358552e+22
-6.83012986e+20
493
-3.96125103e+21
-1.37988603e+22
-7.96285197e+21
-5.35857703e+20
497
-3.35631972e+20
-3.21693861e+21
-1.33162373e+22
-9.25437912e+20
501
-1.67021686e+22
-1.87134989e+22
-1.22666094e+21
-7.10322454e+21

1205
-1.05297221e+21
-9.42221702e+20
-8.4627422e+21
-1.08957387e+20
1209
-5.06402938e+21
-5.37250115e+21
-1.27969573e+20
-1.60754742e+21
1213
-3.42780556e+21
-2.35301231e+20
-4.69444367e+20
-7.48775923e+20
1217
-3.28247149e+21
-2.15364486e+20
-2.30592346e+21
-1.03170973e+22
1221
-1.15708488e+21
-8.43328094e+20
-3.24576083e+21
-1.77899503e+21
1225
-1.61917961e+20
-2.14564722e+20
-2.24575193e+22
-2.40427023e+22
1229
-1.63914029e+22
-2.00885589e+22
-1.85126387e+21
-2.26475395e+21

1597
-3.85974987e+21
-4.16766743e+20
-1.42994855e+22
-3.42416246e+21
1601
-2.30470794e+21
-2.17282013e+22
-1.35432729e+22
-1.93199343e+21
1605
-3.46470512e+21
-2.74752181e+20
-1.74327929e+21
-1.13591804e+20
1609
-2.90015975e+22
-1.13181985e+22
-1.16484001e+21
-1.58542346e+20
1613
-2.42398885e+21
-1.00997995e+22
-9.12802308e+19
-1.84518344e+22
1617
-7.81918112e+21
-1.45703963e+20
-1.36349956e+21
-2.67425785e+21
1621
-1.24980092e+20
-1.94606935e+21
-1.75788069e+22
-2.85120887e+22

1961
-1.7236098e+20
-7.85709293e+21
-8.71212879e+21
-1.66681549e+22
1965
-1.57989791e+22
-1.6522767e+22
-1.28032046e+22
-1.94092571e+21
1969
-1.45325026e+21
-2.24521231e+22
-5.65867916e+21
-5.10972631e+20
1973
-8.26316547e+20
-2.09258573e+22
-1.04599608e+21
-1.50393957e+21
1977
-1.69039627e+22
-2.60643772e+22
-9.04379587e+21
-4.72517259e+21
1981
-2.57673876e+21
-1.6281773e+21
-1.77716954e+21
-3.86522429e+20
1985
-4.38784066e+21
-1.2050411e+21
-1.49603976e+22
-8.78027156e+19

1625
-2.50640102e+20
-1.83687015e+21
-5.66615029e+20
-1.37925506e+22
1629
-2.22634851e+22
-1.22601491e+21
-7.89001957e+21
-1.72736827e+21
1633
-2.08824123e+20
-9.54776219e+21
-7.46045889e+21
-1.49794856e+21
1637
-1.01298999e+22
-3.33214192e+21
-4.09165578e+20
-2.2149467e+20
1641
-2.24353955e+21
-1.83175494e+20
-5.57616196e+20
-1.76293947e+21
1645
-1.91932583e+20
-2.79590643e+21
-4.78385859e+20
-3.15856872e+20
1649
-5.82096098e+21
-1.88131531e+21
-1.97351519e+21
-1.76370934e+21

1289
-1.35172243e+22
-1.99790831e+21
-8.82385419e+20
-4.74195588e+20
1293
-1.31390697e+21
-7.00057385e+21
-2.27200023e+22
-9.84303516e+20
1297
-5.6848378e+21
-2.54662438e+21
-5.76059026e+20
-1.69140222e+21
1301
-1.14922221e+20
-4.25177101e+21
-1.56975831e+22
-2.10263184e+21
1305
-5.58365188e+20
-1.09167065e+20
-6.9967305e+19
-7.39289765e+21
1309
-1.54345158e+21
-1.30462507e+21
-1.13831588e+22
-3.83046033e+20
1313
-1.7497426e+21
-3.65043973e+21
-2.13012191e+22
-9.47406412e+20

1793
-1.98416227e+22
-5.78808079e+21
-1.0697485e+22
-1.32032542e+22
1797
-2.20813358e+21
-1.08559645e+21
-2.3486814e+22
-8.92347226e+21
1801
-8.91925232e+20
-1.48969756e+21
-5.81017629e+20
-5.56235392e+20
1805
-8.60843785e+20
-8.14652967e+21
-1.87360178e+21
-4.57875233e+21
1809
-9.06454642e+20
-1.06539412e+21
-1.87413739e+20
-1.50830979e+21
1813
-1.78435508e+21
-2.48777959e+21
-2.45018543e+21
-1.44287743e+21
1817
-2.0725168e+21
-1.68025492e+20
-1.86864382e+22
-3.41232673e+20

2045
-3.348163e+21
-2.49187608e+22
-1.89135319e+20
-8.28913816e+21
2049
-9.82898418e+21
-8.40668402e+20
-9.50784063e+19
-4.21941908e+20
2053
-2.58334968e+22
-2.59130097e+20
-1.18509273e+21
-1.6314922e+21
2057
-2.31497404e+22
-7.11879187e+20
-1.41995238e+22
-2.10511036e+20
2061
-5.99408069e+20
-1.21941575e+21
-1.21745353e+22
-4.70960152e+20
2065
-4.23217298e+21
-7.23842697e+21
-4.97317447e+21
-7.57358777e+21
2069
-7.31055592e+21
-1.60061639e+22
-2.10900229e+22
-7.95240874e+20

1401
-6.46206888e+20
-1.84326458e+22
-5.68300303e+20
-2.6947747e+22
1405
-2.3881344e+21
-1.09034892e+21
-1.18857064e+20
-4.03152932e+20
1409
-1.64752701e+21
-2.22452178e+21
-1.73115895e+21
-1.80801596e+20
1413
-8.09033667e+21
-4.86647416e+21
-1.01141393e+20
-9.70963931e+20
1417
-1.41846511e+21
-8.93443155e+20
-2.12459248e+22
-1.7483395e+21
1421
-4.67971086e+21
-2.05989642e+21
-2.39275617e+22
-3.14483102e+20
1425
-1.91688636e+21
-1.5991518e+21
-8.35002731e+21
-1.23355756e+20

1485
-9.81185065e+20
-2.62299816e+22
-9.36722946e+20
-2.04129026e+22
1489
-3.81577283e+21
-4.20830615e+21
-1.33382142e+21
-5.72900021e+20
1493
-1.18302741e+21
-5.13060871e+21
-2.51723123e+22
-3.59063438e+21
1497
-1.75355137e+22
-1.58312906e+22
-1.84144236e+21
-1.67955194e+21
1501
-2.59532175e+20
-1.67019304e+22
-5.60599259e+21
-1.25193211e+21
1505
-2.63546919e+20
-2.13508128e+20
-1.78780952e+22
-6.90151356e+20
1509
-7.83838623e+21
-6.84549018e+20
-2.09810258e+21
-1.29306934e+21

1065
-4.46510341e+21
-4.51048632e+21
-2.37017489e+20
-6.06489475e+21
1069
-1.20358329e+21
-1.435408e+21
-6.31013182e+21
-4.94169891e+21
1073
-2.36026609e+20
-8.94670909e+21
-9.27787923e+20
-1.17637722e+22
1077
-1.84626421e+22
-1.94693538e+21
-1.2454071e+21
-2.40840304e+22
1081
-4.58083322e+21
-1.07790317e+22
-1.1862431e+21
-2.63263952e+21
1085
-4.66024106e+21
-5.34166257e+20
-7.8811513e+20
-6.5536145e+20
1089
-4.09131702e+20
-6.55548536e+21
-7.87267794e+21
-2.39230085e+22

1653
-1.23414749e+21
-1.97780316e+21
-1.21233546e+22
-6.55676334e+20
1657
-2.20527531e+22
-2.390952e+20
-4.17704679e+21
-1.11465934e+21
1661
-4.36918633e+20
-2.49385504e+22
-8.22172692e+20
-8.35418576e+21
1665
-1.93067349e+22
-2.12183268e+21
-2.62558935e+21
-1.12544044e+22
1669
-3.46075261e+20
-5.8987089e+21
-7.91050354e+21
-8.06979701e+21
1673
-2.41375172e+21
-5.19210111e+21
-1.55627578e+21
-1.68395626e+21
1677
-4.02061233e+20
-4.70384446e+21
-1.44971344e+21
-1.3327102e+21

1905
-1.73429656e+21
-7.15352848e+19
-2.08711345e+22
-3.18891942e+20
1909
-1.45841285e+20
-2.1895617e+21
-1.60930991e+21
-3.19439305e+21
1913
-1.02340114e+22
-1.63805779e+21
-1.07380835e+21
-5.73055221e+21
1917
-5.8356105e+21
-1.27979362e+22
-1.81616621e+20
-1.51632605e+21
1921
-5.43210767e+21
-1.67853142e+22
-2.56204801e+22
-1.90979816e+22
1925
-5.05844009e+20
-1.05133077e+21
-1.72084976e+21
-8.76232225e+21
1929
-1.73391464e+21
-1.17847901e+21
-3.69596877e+20
-1.54767212e+21

1233
-5.76558382e+21
-2.2147233e+22
-1.24774998e+22
-6.82809233e+21
1237
-2.12750147e+22
-7.28981165e+21
-1.11924638e+20
-7.25562773e+21
1241
-1.45515536e+22
-2.06450077e+22
-1.16140678e+22
-4.35720835e+21
1245
-2.66875878e+22
-6.67962328e+20
-2.03481219e+22
-1.79918607e+22
1249
-1.24198944e+21
-1.97592386e+22
-3.91446815e+21
-1.67047248e+22
1253
-2.38764367e+21
-7.6942575e+21
-2.03746179e+22
-3.13455524e+20
1257
-1.06728464e+22
-1.74845627e+21
-3.8134575e+21
-4.14024342e+20

1513
-1.3887652e+20
-2.60578695e+20
-1.29512711e+22
-8.45971259e+21
1517
-8.09009452e+21
-1.07267992e+21
-1.81575645e+21
-1.35826144e+22
1521
-2.86335542e+21
-1.71799864e+22
-7.09249895e+20
-1.83381652e+22
1525
-1.5113832e+22
-1.47137391e+21
-1.13866012e+22
-4.46218918e+20
1529
-3.70649689e+20
-4.37550085e+20
-6.06569831e+20
-1.55083124e+21
1533
-1.87040157e+22
-1.38420027e+21
-5.04001039e+20
-9.14275e+21
1537
-4.3444187e+21
-1.55610578e+22
-8.69273891e+21
-2.35839561e+21

1989
-1.38373679e+20
-8.75448621e+21
-2.0444796e+22
-4.26549172e+20
1993
-1.71323505e+21
-1.33489112e+22
-3.63384247e+21
-1.62994671e+21
1997
-1.07169115e+22
-2.95577308e+21
-1.19430637e+22
-7.28301466e+21
2001
-1.09913799e+22
-1.24178218e+20
-7.08162478e+21
-1.67134992e+21
2005
-1.22706303e+21
-4.89922473e+21
-1.51744123e+22
-3.50110773e+20
2009
-1.04858268e+21
-8.53899902e+20
-9.17638271e+21
-1.12091503e+22
2013
-6.01032615e+21
-4.50535807e+21
-3.27899857e+20
-3.22446856e+20

2073
-1.11482467e+21
-5.18881906e+21
-1.91517064e+22
-4.01337712e+21
2077
-9.90569426e+19
-1.21098568e+22
-1.55566641e+20
-6.35879819e+20
2081
-4.43153577e+20
-1.05608121e+22
-1.10954093e+21
-1.59786219e+20
2085
-1.01892095e+21
-1.25231227e+20
-1.53534592e+21
-1.05651682e+22
2089
-1.52578187e+21
-1.42080126e+20
-5.99500339e+21
-4.73443047e+20
2093
-1.70007703e+22
-8.91537041e+20
-8.10064231e+21
-1.58305657e+21
2097
-4.69605654e+21
-2.23045233e+22
-1.09082318e+22
-1.4755147e+21

2213
-2.98527639e+21
-1.60072808e+21
-6.20069597e+21
-2.92644837e+20
2217
-1.3413122e+22
-2.02000412e+21
-1.88282503e+21
-7.72225065e+20
2221
-5.00600879e+21
-6.08059638e+21
-1.01587153e+20
-7.61403504e+21
2225
-3.62592134e+20
-1.5462276e+21
-1.18449153e+20
-1.81071824e+21
2229
-7.1750044e+21
-1.58844502e+21
-3.53992933e+21
-2.81447558e+22
2233
-1.69394946e+21
-1.62913648e+22
-9.30265479e+21
-2.33261898e+22
2237
-1.83407212e+21
-1.41018894e+22
-2.84226707e+22
-1.7889423e+21

1821
-9.37969373e+21
-3.52364833e+20
-2.93859271e+20
-8.15080384e+21
1825
-1.60375856e+21
-2.94790784e+20
-1.95221046e+20
-1.04884938e+21
1829
-2.39109904e+22
-1.59902021e+21
-1.36208881e+20
-2.05932299e+21
1833
-7.79854172e+20
-2.02858767e+22
-1.00788216e+21
-4.0735613e+21
1837
-3.37720317e+20
-2.40081176e+21
-1.55199602e+22
-1.82945453e+21
1841
-6.05818084e+20
-7.91142733e+20
-5.1589738e+21
-1.29706156e+21
1845
-5.59439299e+20
-6.19124784e+21
-3.96924783e+20
-5.76949849e+20

1933
-8.64497652e+21
-1.00093109e+21
-1.51672199e+22
-1.94330066e+21
1937
-1.27715608e+22
-8.24265606e+20
-7.54919649e+20
-1.55180036e+22
1941
-3.44823292e+20
-5.65786109e+20
-1.30474052e+20
-5.95736998e+20
1945
-1.05521959e+21
-7.33881959e+21
-1.62101137e+21
-5.29140283e+20
1949
-5.18381167e+21
-1.11647442e+21
-2.76314125e+20
-9.53785444e+20
1953
-1.69515395e+21
-6.18886575e+20
-5.99057608e+21
-7.75938716e+20
1957
-1.57483907e+20
-9.45188555e+20
-2.44710232e+21
-1.79472615e+21

1457
-2.43589853e+21
-9.48701636e+21
-1.26439423e+22
-4.69326867e+21
1461
-1.25455512e+22
-5.19617232e+20
-1.00030862e+21
-7.49754194e+20
1465
-6.46024509e+20
-1.44762783e+22
-4.88208377e+20
-4.11731343e+21
1469
-5.20067559e+21
-1.07038763e+22
-1.80710807e+21
-1.33782844e+22
1473
-1.20273118e+22
-3.41081771e+20
-1.85668576e+21
-4.17456307e+21
1477
-5.64164604e+21
-6.68497245e+20
-2.20722543e+22
-1.3091868e+20
1481
-1.16901708e+21
-8.1517919e+20
-1.40179342e+21
-1.7777887e+21

1849
-4.05446215e+20
-9.9853744e+20
-7.23550747e+21
-2.61731592e+21
1853
-3.17496987e+20
-7.92228432e+20
-8.96285962e+19
-1.31864143e+21
1857
-6.63530562e+21
-1.55110575e+22
-2.2917699e+21
-2.64518568e+21
1861
-2.44002893e+21
-4.95288388e+20
-2.26389792e+22
-2.90968671e+20
1865
-3.4615399e+20
-1.04067582e+22
-6.68042534e+20
-1.92514763e+22
1869
-5.8284516e+20
-1.14428817e+21
-2.03385357e+21
-1.18651752e+22
1873
-3.11434305e+21
-1.30235675e+21
-9.62952347e+21
-1.40960062e+22

1261
-1.93831292e+21
-7.79970662e+20
-6.31659251e+21
-3.40187643e+20
1265
-6.54910461e+21
-1.06737562e+21
-1.94832584e+20
-1.23418804e+22
1269
-1.11262251e+22
-2.10946056e+22
-1.01298052e+21
-9.33703666e+21
1273
-1.17974305e+22
-3.48764659e+20
-2.02395888e+20
-1.38054835e+20
1277
-1.86768528e+21
-2.07834003e+21
-1.54271073e+21
-1.25984049e+22
1281
-1.86263189e+21
-1.9884582e+20
-9.31338311e+19
-3.39060332e+20
1285
-1.54582274e+21
-1.31203227e+21
-2.52616871e+20
-1.67155712e+21

2157
-3.12511721e+20
-6.36503406e+20
-3.58745054e+21
-1.25089091e+22
2161
-9.79559365e+20
-1.8296516e+20
-2.22270881e+22
-4.93641904e+20
2165
-2.15344904e+22
-4.23857752e+21
-8.40667532e+21
-6.49186822e+20
2169
-1.56589389e+21
-1.31449692e+21
-9.60066894e+19
-7.48135367e+20
2173
-1.230644e+22
-1.31424771e+22
-5.51436888e+20
-1.62549091e+21
2177
-9.3450452e+21
-9.02305314e+20
-3.37258632e+20
-1.70185021e+21
2181
-8.96678941e+21
-1.09390206e+22
-6.90903219e+20
-9.1287165e+19

2101
-1.96458966e+21
-5.41005922e+21
-4.80725827e+20
-1.50088171e+22
2105
-4.11081272e+20
-6.81979937e+21
-1.15469656e+22
-7.82341589e+20
2109
-2.36330446e+21
-2.36914179e+22
-4.88523289e+21
-1.56517073e+21
2113
-6.34594903e+20
-9.54492255e+21
-6.64064955e+20
-1.23692079e+21
2117
-1.83176701e+21
-1.87063376e+20
-1.4295253e+22
-1.22860047e+21
2121
-6.93194749e+21
-1.31783188e+21
-5.80091517e+20
-8.69409137e+21
2125
-2.13192663e+22
-7.42809394e+20
-3.10522882e+21
-1.70947334e+20

2185
-1.76135506e+21
-1.92109787e+20
-1.49677769e+21
-1.29919752e+21
2189
-1.39071967e+21
-6.39481718e+20
-1.29741891e+21
-1.44891921e+22
2193
-1.16779687e+20
-2.68963876e+21
-9.95351412e+20
-3.72463157e+21
2197
-1.11321124e+22
-1.05433809e+21
-9.01121901e+20
-1.03873184e+21
2201
-1.78647404e+21
-1.75939142e+22
-7.98702931e+21
-5.53061543e+21
2205
-9.97234443e+20
-6.83865683e+21
-5.26379542e+20
-4.62967693e+21
2209
-6.93271725e+21
-1.41367821e+22
-1.55285737e+22
-1.41139954e+21

253
-1.37788022e+21
-5.59011764e+20
-1.74085627e+21
-2.3460247e+21
257
-1.43563007e+20
-3.30332524e+21
-1.34668764e+21
-6.02330661e+20
261
-2.0134741e+21
-1.13495779e+21
-3.57385652e+21
-1.23589701e+22
265
-1.62122224e+22
-4.16931826e+21
-1.16322363e+20
-2.04144425e+22
269
-5.56127767e+21
-1.74728948e+22
-4.86132619e+21
-1.36622304e+22
273
-2.89116195e+20
-1.86087576e+20
-9.35947794e+21
-4.22450711e+20
277
-4.90991559e+21
-1.67119557e+22
-1.43986906e+20
-3.48935901e+21

2017
-1.37994874e+21
-1.56292063e+21
-1.59037064e+20
-1.11575689e+20
2021
-1.31359882e+22
-2.51004597e+21
-8.25680095e+21
-8.01018609e+21
2025
-1.86101767e+22
-5.03353943e+20
-4.57544775e+21
-1.74456957e+22
2029
-1.67242108e+22
-2.02678381e+21
-6.12678548e+21
-1.12679102e+22
2033
-1.87045642e+21
-1.14280543e+22
-6.29079564e+20
-1.57923236e+22
2037
-6.23970198e+21
-1.15614732e+22
-2.31324478e+22
-1.96385038e+22
2041
-9.66039599e+21
-8.74442144e+20
-2.03702413e+21
-3.86460103e+20

337
-1.00799405e+21
-6.62758376e+21
-1.76350452e+21
-4.54075209e+21
341
-6.46819935e+20
-1.57510623e+22
-1.16321319e+21
-3.96373024e+20
345
-4.89663581e+21
-4.08219972e+21
-1.34231338e+21
-1.76424918e+21
349
-9.62107588e+21
-3.59952513e+21
-2.18628124e+21
-1.77884918e+21
353
-2.37281253e+20
-1.76864798e+21
-1.55906292e+20
-2.39918065e+20
357
-7.50888569e+21
-6.5854703e+21
-4.69688129e+20
-3.22823348e+21
361
-1.40541549e+21
-4.00189479e+21
-1.80504259e+21
-9.89372354e+21

225
-5.05785277e+20
-7.05328863e+21
-1.15550952e+22
-5.82929891e+21
229
-1.28703365e+22
-7.53964312e+20
-7.72980715e+20
-2.25932717e+20
233
-7.39611237e+21
-6.65026316e+20
-5.09194493e+21
-1.96903424e+21
237
-3.68113924e+20
-1.95711487e+22
-2.19522296e+21
-8.5496955e+21
241
-3.09308284e+21
-7.56221801e+21
-8.33945106e+21
-4.91561127e+21
245
-1.66578914e+22
-1.39514632e+21
-4.14428916e+21
-4.93669728e+21
249
-1.24953666e+22
-4.40981205e+20
-1.70712709e+22
-1.02070735e+21

2269
-1.51612223e+21
-6.70105279e+20
-1.66781029e+21
-1.6432823e+22
2273
-1.72534332e+22
-7.29241481e+21
-4.36385655e+20
-1.2111639e+21
2277
-3.59021548e+21
-9.17860257e+21
-1.32378412e+21
-1.88931877e+21
2281
-1.60104095e+20
-1.89124687e+20
-1.31663518e+20
-2.82322663e+22
2285
-9.32379776e+21
-8.17492677e+21
-2.07117764e+20
-1.1684904e+20
2289
-5.62793596e+21
-2.18864221e+20
-2.34535806e+20
-2.10684876e+21
2293
-2.74195e+20
-5.58902674e+20
-1.53549215e+22
-1.10105845e+21

2241
-9.37840771e+21
-2.89057147e+21
-1.4291559e+22
-1.53241849e+22
2245
-6.92037423e+21
-1.84453135e+21
-1.08468293e+21
-1.64550755e+21
2249
-7.96775383e+20
-1.45907325e+22
-6.50324826e+21
-1.00229772e+21
2253
-3.20257987e+20
-1.02883588e+21
-2.70457127e+20
-5.27418615e+21
2257
-1.74464175e+21
-3.93244606e+20
-2.14950694e+20
-1.74473826e+21
2261
-1.88943823e+22
-1.60494447e+21
-3.20837191e+21
-1.35697713e+20
2265
-9.96605186e+21
-7.10336978e+21
-2.39255767e+21
-1.64991378e+22

2129
-1.10265613e+21
-1.39105311e+22
-1.81324601e+21
-1.21222891e+22
2133
-1.23020089e+22
-7.60439585e+21
-6.73655889e+20
-4.58090495e+21
2137
-1.81243608e+22
-2.57496038e+21
-1.64596826e+22
-1.25373504e+21
2141
-3.80010044e+21
-2.35031862e+20
-7.81178515e+21
-8.36805993e+20
2145
-8.76417608e+21
-1.83225858e+21
-2.65989331e+22
-1.71008892e+21
2149
-1.16364792e+21
-1.93357417e+21
-3.2966326e+21
-1.137552e+21
2153
-1.56376442e+21
-8.96609599e+21
-8.35885046e+21
-6.51406072e+20

2325
-8.74252405e+21
-1.77451054e+22
-8.55152535e+20
-5.35314072e+21
2329
-4.02482839e+20
-1.70269627e+21
-1.32312127e+20
-1.49819209e+22
2333
-9.68264588e+20
-2.25844813e+21
-1.30080161e+21
-5.23431219e+20
2337
-2.67215724e+20
-1.07526082e+21
-6.93784277e+21
-5.15074114e+21
2341
-1.68819781e+21
-2.72635819e+21
-1.14675189e+22
-1.57606543e+22
2345
-1.84973594e+21
-2.13210795e+21
-3.55559681e+21
-1.36089292e+22
2349
-2.20584329e+22
-2.95411924e+22
-3.22702117e+21
-2.20516946e+22

2493
-8.86239302e+21
-3.11845026e+21
-1.11914658e+22
-1.94349211e+21
2497
-1.23578974e+21
-1.42253546e+21
-1.45585381e+22
-1.71997543e+20
2501
-9.88193675e+20
-4.01769953e+20
-1.42775378e+21
-2.2807573e+22
2505
-1.43364779e+21
-4.73706198e+20
-1.63824838e+21
-3.11525496e+20
2509
-1.50547098e+21
-1.46655787e+20
-2.17982068e+21
-1.65040762e+20
2513
-9.78769757e+20
-1.54322698e+20
-1.04232667e+21
-1.33330697e+20
2517
-3.33940769e+20
-1.63133671e+21
-1.73883773e+22
-1.83378425e+21

2381
-6.11582389e+21
-1.15755042e+21
-1.19552029e+22
-1.20927328e+21
2385
-1.21149768e+21
-1.40139664e+22
-1.20401119e+22
-9.25304177e+19
2389
-1.97667418e+20
-1.75166979e+21
-4.77132101e+21
-1.7560781e+20
2393
-9.07456557e+21
-8.11054754e+21
-1.73849181e+22
-1.47834559e+22
2397
-1.91737066e+20
-5.83056844e+21
-2.05213048e+22
-2.28083334e+21
2401
-2.42505552e+22
-4.31200796e+20
-2.13837566e+22
-1.56917658e+20
2405
-2.51691932e+20
-1.26386648e+21
-1.78187124e+22
-1.11654257e+21

2465
-1.39829813e+21
-8.90408015e+20
-1.01018921e+21
-5.88604849e+21
2469
-1.77855534e+22
-1.7923158e+21
-4.25054748e+21
-1.29718769e+22
2473
-1.86414047e+21
-1.75867351e+22
-3.01015773e+20
-1.24298779e+21
2477
-4.91823893e+21
-2.12312597e+22
-3.93932011e+20
-5.9256845e+21
2481
-2.42106119e+20
-1.22654282e+21
-8.88561895e+20
-1.48664052e+21
2485
-1.25547737e+22
-1.00445803e+22
-5.48146216e+21
-5.16579487e+20
2489
-1.44825085e+21
-1.45659157e+22
-9.7278347e+19
-1.60013311e+21

2689
-1.15080779e+21
-7.87702162e+19
-4.6331421e+20
-1.3123657e+22
2693
-1.1009613e+21
-1.88366092e+22
-4.44724029e+20
-1.50307995e+21
2697
-1.51127267e+21
-1.43254768e+22
-1.17389262e+21
-3.20963594e+21
2701
-8.32280947e+21
-6.5748919e+20
-1.85953233e+21
-6.23621096e+21
2705
-1.77162366e+21
-3.98593142e+20
-3.93294967e+21
-3.01820417e+20
2709
-1.57150402e+22
-2.54417321e+22
-1.15685723e+21
-6.76292961e+21
2713
-1.41154203e+22
-9.2611792e+21
-1.78359836e+22
-1.23485075e+20

2353
-6.948991e+21
-4.75015357e+20
-3.56775106e+21
-1.93075996e+21
2357
-2.06810675e+22
-3.89807624e+20
-1.77564125e+21
-2.47819867e+21
2361
-1.80020382e+21
-2.79269399e+20
-1.0154071e+21
-1.64425616e+21
2365
-1.153501e+21
-1.82565454e+20
-1.72015143e+21
-7.9351902e+21
2369
-1.23715247e+20
-1.94894884e+22
-1.43686472e+22
-1.33646746e+21
2373
-1.23101067e+22
-7.74928086e+21
-1.9566534e+21
-1.37821777e+21
2377
-2.43917855e+21
-1.27738574e+21
-1.28050935e+22
-9.97996648e+21

2437
-1.10276202e+22
-1.55909275e+22
-1.59094162e+21
-3.82256746e+20
2441
-5.46037576e+21
-2.30712285e+20
-1.05887472e+20
-1.11093246e+21
2445
-4.28632014e+20
-1.65929983e+21
-1.36274848e+22
-2.40073095e+22
2449
-1.33489581e+22
-5.04937935e+20
-1.54359049e+22
-7.70467617e+21
2453
-1.11009936e+21
-5.65493642e+21
-3.87241481e+20
-1.81069393e+21
2457
-1.35083815e+22
-6.45574866e+20
-1.61360509e+22
-8.14708088e+20
2461
-5.72802953e+21
-8.86259325e+20
-1.2278004e+21
-1.62830091e+22

2773
-5.51123456e+21
-8.16301859e+20
-1.76319405e+21
-2.7705431e+20
2777
-8.90820606e+20
-2.24999178e+22
-2.32340076e+21
-1.54260007e+22
2781
-2.45360506e+20
-9.2342815e+21
-5.48531251e+21
-2.21594121e+20
2785
-1.63227235e+21
-5.75253817e+21
-1.62987175e+21
-1.28287927e+21
2789
-2.04160393e+22
-1.09211979e+21
-4.84115525e+21
-2.38510983e+20
2793
-6.72791729e+20
-1.7496605e+22
-1.43680407e+21
-1.60383119e+20
2797
-4.73530658e+20
-1.84930183e+20
-9.9073039e+20
-1.45564775e+21

2549
-1.9904341e+21
-1.20577183e+21
-1.25556391e+20
-3.01171304e+21
2553
-1.85170726e+20
-9.07721634e+21
-3.36935494e+20
-1.14987467e+22
2557
-2.63080265e+21
-1.15407891e+22
-7.82923187e+20
-1.55787797e+22
2561
-1.31499006e+22
-5.15160901e+20
-4.42861339e+21
-2.18204194e+20
2565
-1.50322081e+22
-1.55040596e+21
-1.90565773e+22
-1.17135129e+22
2569
-1.33388616e+21
-9.51319405e+21
-2.47010378e+21
-1.12967474e+20
2573
-1.81567405e+22
-7.99055997e+21
-1.79905611e+21
-8.46973626e+21

2801
-2.71017195e+20
-7.32155293e+21
-7.914695e+20
-3.53518426e+20
2805
-3.87024203e+21
-2.74028425e+20
-3.17020528e+20
-1.27827696e+21
2809
-5.99022644e+21
-3.43280598e+21
-5.3516291e+21
-5.96053928e+20
2813
-1.49807055e+22
-1.42594073e+21
-1.71599822e+21
-3.7207956e+21
2817
-2.07772474e+22
-4.22344305e+20
-1.1500337e+21
-3.66092542e+20
2821
-1.21316357e+22
-1.81327655e+22
-2.25577633e+20
-8.74976039e+20
2825
-1.44659357e+22
-8.98630229e+21
-1.24513606e+22
-8.7831049e+21

2577
-7.35559122e+20
-2.83246296e+20
-1.13158047e+22
-1.50228507e+21
2581
-8.79439189e+21
-1.50982948e+20
-6.32092056e+20
-3.67049011e+21
2585
-3.02312439e+20
-5.26649919e+21
-1.65566826e+21
-1.2148159e+22
2589
-5.31982538e+21
-1.48865081e+21
-1.37591843e+21
-1.49750708e+22
2593
-1.36343772e+22
-4.38369079e+21
-1.46386499e+21
-1.506674e+21
2597
-7.47079219e+20
-1.71070673e+22
-6.05123753e+20
-5.05176732e+21
2601
-4.10167956e+21
-2.78581161e+20
-2.23163549e+20
-1.84558839e+21

2885
-1.78955715e+21
-1.67806481e+22
-7.7806746e+20
-1.35072605e+20
2889
-4.9019788e+20
-3.17025041e+20
-9.21351279e+21
-1.74530132e+21
2893
-1.01260966e+22
-1.54427925e+21
-2.67030458e+20
-5.95798183e+21
2897
-7.9633887e+21
-9.14979535e+21
-3.05531136e+20
-1.56043741e+22
2901
-6.45200609e+21
-9.05648833e+20
-6.94436759e+20
-3.72537894e+20
2905
-8.68857848e+20
-8.92214668e+20
-7.9349686e+20
-7.77976921e+21
2909
-7.68217735e+21
-1.24641381e+21
-2.41311931e+20
-2.41159853e+22

2297
-1.35897162e+22
-1.43491759e+21
-1.14496901e+21
-3.24193325e+20
2301
-9.75495131e+19
-2.56193168e+21
-1.80718562e+20
-1.54300005e+22
2305
-1.05914139e+22
-4.6197928e+20
-9.40395317e+21
-1.49495097e+21
2309
-1.89846196e+21
-2.22546795e+22
-1.33380871e+20
-1.53668769e+21
2313
-8.34581246e+20
-1.2588501e+22
-1.60693108e+21
-6.63316046e+21
2317
-1.09376294e+20
-6.91208103e+21
-1.96355663e+22
-1.78560771e+22
2321
-6.01598799e+21
-4.43568537e+21
-9.8505458e+21
-1.82691001e+20

2941
-1.0655499e+21
-2.64887579e+21
-1.70638874e+21
-2.03809492e+21
2945
-5.25934078e+21
-7.19712958e+21
-1.56102315e+20
-1.7267558e+22
2949
-1.78087088e+22
-1.53223455e+20
-8.71271368e+20
-1.23171969e+21
2953
-6.8520337e+21
-2.1921303e+22
-1.34227968e+21
-1.80125046e+22
2957
-9.20510438e+20
-3.88078605e+20
-6.1272067e+21
-3.58033751e+21
2961
-9.20136857e+20
-2.89876535e+20
-5.103452e+21
-1.42664783e+22
2965
-1.25587015e+21
-4.63789224e+21
-4.29538453e+21
-4.36781169e+21

2521
-3.21283849e+21
-1.72624878e+22
-1.1782358e+22
-5.37729958e+20
2525
-2.28929835e+21
-2.19810145e+20
-1.71378991e+22
-4.58251079e+20
2529
-8.57097048e+21
-1.44681727e+21
-1.81966331e+21
-1.35330815e+21
2533
-1.13318871e+21
-1.99431012e+22
-9.97294703e+20
-5.6615137e+20
2537
-5.7604739e+20
-6.60418233e+20
-1.23946211e+20
-3.5200474e+21
2541
-3.99168625e+21
-8.24016431e+21
-8.36743498e+20
-1.62826247e+21
2545
-4.52689791e+20
-3.87340202e+21
-4.60760192e+21
-2.13479625e+20

2857
-5.07873933e+20
-3.01904403e+21
-5.55597798e+21
-1.9820561e+21
2861
-2.75474618e+21
-5.63297622e+20
-1.5482034e+20
-3.78491206e+20
2865
-1.87784219e+21
-1.26364674e+21
-1.78339398e+21
-4.60435403e+21
2869
-1.18267391e+20
-1.90541529e+21
-3.54982277e+20
-1.29310721e+20
2873
-9.87567611e+20
-9.63675611e+21
-1.61763745e+21
-1.32365835e+20
2877
-4.17423848e+21
-1.70071778e+20
-1.68216782e+21
-1.15851831e+21
2881
-3.13834128e+21
-1.70019047e+21
-8.35818527e+21
-6.33600286e+20

2997
-1.27132142e+21
-3.63334986e+20
-1.52715393e+20
-1.59387233e+22
3001
-1.80183117e+20
-2.0044089e+22
-4.95927311e+21
-3.97881274e+20
3005
-2.11857317e+20
-2.13476156e+22
-1.47097171e+21
-1.20502772e+22
3009
-4.08602874e+21
-1.27339894e+21
-9.53314642e+21
-1.59028623e+21
3013
-5.94988238e+21
-1.4510588e+22
-1.29519231e+21
-3.56123387e+20
3017
-1.05646298e+22
-1.18743022e+20
-2.47522026e+20
-1.89068071e+21
3021
-1.82878153e+22
-1.88402007e+20
-2.04835845e+21
-1.87988013e+20

2661
-1.92841294e+21
-2.21336282e+22
-8.83611939e+20
-1.58100528e+22
2665
-2.7397795e+21
-1.26967153e+21
-1.61543581e+22
-7.1564226e+21
2669
-5.3189119e+21
-1.89677718e+21
-7.19909253e+21
-3.62607124e+21
2673
-2.52816984e+20
-3.17250967e+21
-8.638868e+20
-1.43636403e+22
2677
-1.37291645e+20
-1.43369134e+21
-7.685431e+21
-1.77781183e+21
2681
-4.40334687e+20
-1.37658428e+21
-1.78039959e+21
-1.71866682e+22
2685
-2.89524771e+21
-1.53780604e+21
-1.25359067e+22
-1.27019276e+20

2745
-1.06865899e+22
-1.68104982e+21
-1.16755288e+21
-1.14266969e+22
2749
-2.45328271e+20
-1.04707891e+21
-6.44345165e+19
-2.24287801e+22
2753
-2.47445031e+20
-8.93625208e+20
-3.7532781e+20
-8.62242998e+21
2757
-1.16177434e+22
-3.70225979e+20
-2.06503152e+22
-1.91515729e+21
2761
-5.8147904e+20
-1.42306902e+21
-4.9190306e+20
-6.01732858e+20
2765
-1.72872155e+22
-5.66559123e+20
-8.25874405e+19
-9.47661287e+20
2769
-3.12275471e+20
-1.17011418e+20
-1.11143592e+21
-1.8913149e+21

2717
-4.65528262e+21
-1.48499322e+22
-1.41886286e+21
-7.64941904e+19
2721
-8.81758219e+20
-2.28168807e+22
-3.45445261e+21
-7.09013321e+21
2725
-7.85504944e+20
-2.06341749e+22
-3.94251988e+20
-1.2709534e+21
2729
-1.51819898e+20
-1.00609892e+22
-1.35822229e+22
-1.53137259e+20
2733
-9.7810361e+19
-1.68476152e+21
-1.88180073e+22
-4.17867174e+21
2737
-5.08285857e+21
-2.52721587e+22
-6.51126818e+20
-1.4508535e+21
2741
-7.40961272e+20
-1.15696815e+20
-2.06440289e+22
-2.03153995e+21

2913
-1.58555422e+21
-1.4743202e+21
-2.38441028e+21
-2.42032892e+21
2917
-3.47624794e+21
-1.80039343e+21
-1.78203933e+21
-2.91910422e+20
2921
-2.60164813e+21
-1.45137851e+21
-3.84760824e+20
-1.11087162e+21
2925
-3.73771981e+21
-4.14952579e+21
-3.96073249e+20
-7.0057444e+21
2929
-6.04638081e+21
-1.63488714e+20
-2.81674091e+20
-9.40940179e+21
2933
-6.99295877e+20
-2.09838171e+22
-7.15364828e+21
-2.04422905e+22
2937
-5.07071053e+21
-1.69060089e+21
-2.43496897e+22
-1.70114758e+22

2605
-7.67015923e+21
-1.31471369e+22
-3.68436979e+20
-1.9349403e+21
2609
-6.0345812e+20
-4.13255217e+20
-2.37124285e+22
-6.99418842e+21
2613
-1.99910818e+21
-1.25471344e+20
-2.87500786e+22
-3.4197581e+20
2617
-8.38209953e+21
-1.89323453e+22
-2.54900535e+20
-1.77564364e+21
2621
-2.27075344e+22
-6.45212871e+21
-1.6067941e+21
-1.31586585e+22
2625
-2.058024e+22
-4.26374108e+21
-5.80860157e+20
-4.6379944e+20
2629
-5.61222287e+19
-1.17666395e+21
-1.61119134e+22
-1.94653848e+21

3137
-1.15358756e+22
-1.08761587e+21
-2.79554089e+20
-1.65323893e+21
3141
-2.76921429e+22
-1.92533706e+22
-1.98113485e+22
-2.42881927e+21
3145
-1.99347481e+22
-1.57350124e+22
-2.7081896e+20
-1.41288959e+21
3149
-1.20983849e+22
-1.47579842e+22
-1.02789395e+22
-1.38183812e+21
3153
-2.79129064e+21
-2.17055484e+20
-1.56590972e+21
-4.44258177e+21
3157
-3.06724185e+21
-1.25754357e+21
-1.76065656e+21
-2.21163332e+20
3161
-1.03737514e+22
-1.38393873e+22
-1.2943401e+22
-1.59436067e+22

2409
-1.05523295e+21
-1.8872443e+21
-2.17086874e+22
-1.2242734e+22
2413
-1.01799822e+21
-1.32060461e+20
-1.53308471e+21
-1.79475561e+22
2417
-2.02797063e+20
-1.53118254e+22
-8.65023211e+21
-8.19456429e+19
2421
-1.14938102e+21
-5.77388952e+20
-1.41901793e+21
-7.83171729e+21
2425
-7.48574247e+21
-7.36861106e+20
-1.9098234e+21
-2.24670355e+21
2429
-8.55764339e+21
-5.95429836e+20
-1.30336883e+21
-2.24272019e+20
2433
-3.29906439e+20
-8.03338575e+20
-1.13213624e+21
-1.15841551e+21

2633
-5.24787302e+21
-1.97029558e+22
-5.23395567e+21
-2.01049605e+22
2637
-3.52741827e+20
-1.38063313e+21
-1.2800209e+21
-6.85959736e+20
2641
-4.09697434e+21
-6.8468271e+21
-9.51176517e+21
-6.3720332e+20
2645
-6.77124417e+21
-1.10453816e+22
-1.5859086e+20
-1.73266535e+21
2649
-9.09322925e+20
-3.83640743e+21
-1.19448401e+22
-1.14840832e+22
2653
-5.87898714e+21
-8.47137381e+20
-4.66431977e+20
-7.68722353e+20
2657
-1.55458454e+21
-1.38122142e+21
-1.7557822e+21
-4.86985965e+21

2829
-1.54006524e+22
-7.7354473e+20
-3.29604857e+20
-5.17252206e+21
2833
-1.70477144e+22
-4.90786847e+20
-1.68062059e+20
-1.49882001e+21
2837
-2.02322731e+21
-7.47054956e+20
-1.37266506e+22
-2.55752549e+20
2841
-2.67515929e+22
-1.29654809e+20
-1.10954567e+22
-1.44033931e+21
2845
-7.64621863e+20
-3.37668806e+21
-2.00839252e+20
-3.81674566e+21
2849
-1.70942847e+20
-8.89596969e+20
-2.02323848e+22
-1.9823586e+22
2853
-1.23654026e+21
-1.64964441e+21
-2.98487742e+20
-1.61174223e+21

3025
-1.35270128e+20
-5.25991114e+21
-3.12612893e+21
-4.7440683e+21
3029
-9.54415517e+21
-2.59235202e+22
-1.29204443e+22
-9.91336252e+21
3033
-3.70579702e+20
-1.09994538e+21
-1.86740835e+21
-1.53491295e+22
3037
-1.92499594e+22
-1.80068165e+21
-1.24080055e+21
-2.54221256e+21
3041
-3.0827278e+20
-2.03354837e+20
-1.4303314e+22
-8.75201687e+21
3045
-7.33102597e+20
-1.67681507e+21
-1.04283991e+22
-1.39043177e+21
3049
-3.0764028e+21
-2.94600681e+21
-5.77470935e+20
-6.81439637e+21

3249
-1.54624204e+20
-3.13993219e+21
-1.21722097e+21
-2.01163389e+21
3253
-3.70603689e+21
-7.05291075e+21
-2.26320557e+22
-1.67748131e+22
3257
-3.8796453e+20
-1.88249103e+22
-4.06766296e+20
-3.39807027e+21
3261
-3.3207654e+21
-1.4553211e+21
-1.7602199e+20
-1.16400096e+20
3265
-1.19119589e+22
-5.14357234e+20
-2.27321314e+22
-7.6033176e+20
3269
-1.64454943e+20
-2.377039e+20
-1.47983494e+21
-9.06063069e+20
3273
-8.21319628e+20
-3.62736534e+20
-3.94209159e+21
-2.93781286e+21

2969
-2.1358125e+20
-6.18353143e+21
-1.29374285e+22
-5.13365531e+21
2973
-1.07057211e+21
-2.08871977e+22
-1.07258686e+21
-4.74046941e+20
2977
-1.88160018e+22
-1.11440747e+22
-1.14523146e+21
-1.79237008e+22
2981
-1.12166051e+22
-7.9825764e+21
-6.92672472e+20
-5.30657623e+21
2985
-1.3106351e+20
-5.52618302e+21
-2.073882e+21
-1.08744793e+22
2989
-1.02991421e+20
-1.38494279e+21
-2.6092148e+22
-8.80573472e+21
2993
-1.42060882e+20
-3.02026043e+20
-3.30305979e+21
-1.59748112e+22

3053
-6.00519656e+20
-2.36455194e+21
-1.85120864e+21
-3.44956365e+20
3057
-1.1367436e+22
-2.08283179e+22
-3.53836696e+20
-5.9970795e+20
3061
-1.77971012e+21
-7.65858758e+21
-9.05908171e+21
-1.0679048e+21
3065
-1.80482946e+22
-8.96849701e+21
-6.10455927e+21
-1.79910502e+22
3069
-5.15787348e+20
-3.60617003e+21
-9.25821518e+21
-1.74106614e+22
3073
-2.71886951e+21
-2.02942468e+22
-1.68114113e+21
-1.13948542e+22
3077
-1.17189125e+21
-5.13161335e+20
-2.2706734e+22
-2.02376898e+21

3109
-3.74770013e+21
-5.06580311e+21
-1.6194719e+21
-1.06931817e+22
3113
-6.14542026e+20
-1.69878375e+21
-3.2407939e+21
-3.00142571e+20
3117
-5.32122668e+21
-1.45232659e+22
-1.5869681e+20
-5.01852286e+21
3121
-2.72293963e+21
-6.87553331e+21
-8.7730894e+21
-2.13366987e+22
3125
-4.09602792e+21
-7.80337603e+20
-1.90883884e+22
-1.57556861e+21
3129
-1.35537191e+22
-1.75613774e+22
-2.11396641e+21
-1.50327526e+21
3133
-1.42328974e+21
-1.04029615e+22
-1.07402561e+22
-1.77861904e+20

3165
-3.81034532e+21
-1.04398069e+22
-3.89993553e+20
-2.90977742e+22
3169
-8.75296252e+20
-1.94827519e+22
-1.05545759e+22
-1.28837022e+21
3173
-1.51412199e+21
-2.98032665e+20
-6.89444115e+20
-5.73401014e+20
3177
-1.10290385e+20
-1.4817203e+22
-7.52682162e+21
-1.43453068e+22
3181
-7.36949051e+20
-1.94625304e+20
-8.83038479e+21
-1.65072315e+21
3185
-2.77834127e+20
-1.38719168e+22
-1.02755747e+21
-7.93207979e+20
3189
-1.77723173e+21
-2.55272481e+20
-2.1889169e+22
-1.12655842e+21

3193
-1.57244421e+21
-1.04921405e+20
-2.07465378e+21
-3.10998237e+20
3197
-1.97267234e+21
-1.05027164e+20
-1.90961109e+21
-1.3562131e+20
3201
-1.47685471e+20
-1.67600942e+21
-1.43550015e+21
-3.70086329e+20
3205
-1.11366528e+21
-1.42248254e+21
-1.6509689e+21
-4.79267028e+20
3209
-1.92524466e+21
-8.13514602e+19
-1.33373444e+21
-1.85865432e+20
3213
-2.5935165e+22
-1.52271159e+22
-5.26082529e+21
-4.60168064e+21
3217
-1.48305187e+21
-9.29211846e+20
-1.63568627e+22
-1.81701387e+22

3277
-2.82642956e+22
-1.95449785e+21
-1.16906316e+22
-1.93865326e+22
3281
-1.9577208e+20
-1.87281452e+20
-1.09053924e+20
-4.45659748e+20
3285
-1.78356802e+21
-4.19064383e+21
-9.01083617e+19
-1.39201416e+21
3289
-1.25350893e+21
-6.02019629e+20
-1.4479863e+22
-1.0023163e+20
3293
-2.77289564e+22
-2.33958569e+22
-1.55403379e+20
-1.6833927e+21
3297
-3.3443837e+21
-1.16536363e+22
-1.83294629e+21
-2.01129378e+21
3301
-5.10776533e+21
-9.55730471e+20
-1.04795016e+21
-8.88324162e+21

3221
-3.47426568e+20
-2.4539655e+21
-2.93967439e+20
-1.4865446e+22
3225
-4.07991744e+21
-5.16753575e+20
-1.39988563e+21
-1.74577319e+21
3229
-2.0916659e+20
-1.47303614e+21
-1.05201193e+22
-2.13038864e+22
3233
-4.46944141e+20
-2.06500369e+20
-4.31011625e+21
-7.53112884e+21
3237
-1.00478893e+22
-4.6247344e+21
-2.28661081e+21
-1.2523469e+22
3241
-2.54128334e+20
-1.28170574e+21
-1.15155299e+21
-3.18938124e+20
3245
-1.94329643e+22
-7.95539098e+20
-1.21956233e+21
-1.60875461e+21

3305
-4.96500455e+20
-1.0748187e+21
-3.24742389e+21
-1.90934231e+21
3309
-2.47535057e+20
-7.67694091e+20
-5.74752692e+21
-4.24688287e+21
3313
-1.61822012e+20
-6.1059579e+21
-2.79900542e+20
-1.66436576e+21
3317
-2.10620238e+21
-7.57994685e+21
-1.70734878e+20
-1.87055461e+21
3321
-1.03262186e+22
-2.80217892e+21
-1.8662407e+21
-7.90856121e+21
3325
-1.85295799e+21
-5.132544e+21
-1.43823888e+20
-1.67693349e+21
3329
-4.04634986e+21
-9.78046334e+20
-1.64873435e+22
-1.8437084e+21

3333
-8.18653114e+21
-1.31789722e+21
-1.75728033e+21
-6.05270053e+21
3337
-9.24499652e+20
-3.32098261e+20
-2.61011373e+21
-2.0545434e+22
3341
-4.53852806e+20
-3.77716078e+21
-8.09916854e+20
-1.38927451e+20
3345
-1.80381579e+21
-2.10254106e+22
-1.6207807e+22
-4.40569504e+20
3349
-1.30454348e+22
-1.15698789e+22
-4.93568877e+21
-2.20983528e+21
3353
-9.75154865e+21
-1.39984422e+21
-3.48706393e+20
-4.95189719e+20
3357
-6.292382e+21
-5.85880136e+20
-1.51333382e+21
-1.3572216e+22

3081
-1.45044955e+21
-3.07062348e+21
-9.61465128e+20
-9.31953677e+20
3085
-1.94478876e+22
-2.27647777e+22
-2.1974322e+21
-2.00445288e+20
3089
-6.12714144e+20
-1.49776492e+21
-1.9352531e+21
-9.01918569e+21
3093
-2.00732966e+22
-1.53724453e+21
-9.03910416e+21
-1.57680888e+21
3097
-4.67673922e+20
-1.90304265e+20
-3.27496207e+21
-1.78725583e+21
3101
-9.79992559e+21
-2.59976179e+20
-6.19630749e+20
-1.31296992e+22
3105
-6.54863364e+21
-1.03810821e+21
-1.18571851e+21
-1.51387373e+20
