
253
-8.89656446e+21
-6.30579805e+20
-1.92455731e+21
-3.0014232e+20
257
-1.73756486e+20
-2.0845385e+21
-6.91432925e+21
-2.0125443e+21
261
-9.06727197e+20
-3.79127396e+20
-1.45812458e+21
-1.85188755e+21
265
-1.75946035e+21
-1.85904558e+21
-5.38411608e+21
-4.55054091e+20
269
-6.87903704e+21
-2.20171103e+22
-6.55031568e+20
-1.0354133e+21
273
-1.49876423e+20
-1.00016412e+20
-1.77126684e+22
-4.28788416e+20
277
-1.66508125e+21
-2.58041553e+20
-2.30086266e+22
-6.24372843e+20

365
-2.00871326e+22
-1.903245e+21
-3.28562588e+21
-1.30822311e+22
369
-1.25171183e+21
-1.68161986e+21
-6.70216617e+21
-1.14771478e+22
373
-1.63675359e+21
-1.18053658e+22
-1.70221224e+20
-3.73682068e+20
377
-1.82027337e+22
-1.85340964e+21
-7.99313928e+21
-1.9432667e+21
381
-1.90662756e+21
-2.16749841e+22
-9.78632028e+20
-1.81216498e+22
385
-1.00431949e+22
-1.15463921e+21
-5.5925961e+21
-9.97916825e+20
389
-1.1871589e+22
-1.40372652e+22
-2.06380164e+21
-2.07849128e+21

29
-3.59481035e+20
-1.83580992e+21
-2.00621675e+21
-1.99622893e+21
33
-4.42970525e+21
-1.43394684e+21
-1.38661438e+22
-3.32184865e+20
37
-1.07889792e+21
-1.16690563e+22
-1.52302333e+21
-4.8640838e+21
41
-1.06733377e+22
-1.04946625e+21
-1.44079355e+22
-8.44402989e+20
45
-2.19712397e+20
-2.15655485e+20
-5.12012174e+21
-2.28580187e+21
49
-7.31856737e+20
-4.63295329e+20
-1.37392728e+22
-1.65769389e+21
53
-1.36506351e+22
-8.30600133e+20
-4.90793425e+20
-9.36723506e+21

57
-3.62337308e+21
-3.00868854e+20
-1.26640465e+21
-1.59511728e+21
61
-4.13268897e+21
-8.15510761e+20
-3.14839399e+21
-4.12110239e+21
65
-1.32268613e+22
-1.44495969e+20
-5.29263144e+21
-2.0673706e+21
69
-1.36364091e+21
-1.79734594e+21
-3.46994962e+20
-7.5818686e+21
73
-2.66967374e+20
-1.64229597e+21
-1.74634109e+21
-1.33380538e+20
77
-5.70992515e+20
-1.99005944e+20
-8.81758271e+20
-1.26417552e+21
81
-5.63628299e+20
-7.15100194e+20
-5.77465143e+21
-1.14416133e+22

225
-1.81739418e+21
-2.04794416e+21
-1.07213496e+22
-2.63595058e+22
229
-1.2814891e+21
-3.13261802e+21
-1.19255667e+20
-7.65942465e+21
233
-7.20133098e+20
-7.17156785e+21
-6.08919307e+21
-3.47518867e+21
237
-1.724476e+22
-1.82192776e+20
-2.4180705e+22
-9.67632596e+21
241
-6.3162283e+21
-6.79839135e+21
-2.07791601e+21
-1.35254413e+22
245
-9.54288129e+21
-1.03192375e+22
-2.12553412e+21
-1.20594661e+22
249
-2.06340119e+21
-5.24290376e+20
-1.67885641e+21
-2.12738691e+22

421
-2.10512657e+21
-3.24001784e+21
-2.47075794e+21
-4.79368334e+21
425
-2.63865389e+21
-1.90618891e+21
-1.69224017e+22
-1.48339637e+21
429
-1.6759972e+21
-1.18377525e+21
-2.09142098e+22
-1.96965927e+21
433
-1.90382719e+22
-5.49761079e+20
-8.23676352e+21
-9.35039872e+20
437
-6.90436413e+20
-7.45793943e+20
-1.53482775e+20
-8.31368782e+19
441
-2.41678318e+21
-1.50012333e+22
-1.15261125e+22
-1.72982726e+21
445
-1.62236318e+22
-6.32362948e+20
-8.80438689e+19
-1.13583968e+22

477
-7.97888062e+21
-5.33340448e+21
-1.47962753e+22
-2.26495916e+21
481
-1.31947242e+22
-1.68484562e+22
-1.31211291e+22
-8.96626454e+21
485
-5.80973607e+20
-2.16777464e+20
-1.61678277e+22
-1.0275718e+22
489
-1.60340745e+22
-4.08426029e+21
-3.13533957e+20
-7.26989263e+20
493
-2.1206322e+21
-1.29015552e+21
-1.61742374e+21
-1.03247467e+22
497
-1.57266453e+22
-1.23287409e+20
-1.83828057e+22
-1.60477091e+21
501
-2.23661801e+21
-2.03293111e+21
-1.78299686e+22
-1.82575674e+21

141
-1.55775713e+22
-9.43189159e+20
-5.91961909e+20
-2.49825919e+22
145
-1.86006246e+22
-1.6513919e+21
-8.86001661e+20
-5.00280685e+20
149
-8.36924379e+20
-1.65319083e+21
-1.62388313e+22
-1.72452865e+22
153
-2.59174287e+22
-1.91042081e+21
-2.18938193e+21
-3.20588347e+20
157
-2.81566197e+21
-1.84460947e+21
-2.03291622e+21
-1.42181786e+22
161
-1.23765219e+22
-7.28759542e+21
-1.84733419e+21
-1.34222742e+22
165
-6.63870524e+21
-1.70264026e+21
-8.71660905e+21
-8.93855637e+20

1
-5.00040782e+20
-5.13546579e+20
-1.60449116e+22
-2.09273196e+22
5
-1.64160269e+21
-2.31234205e+21
-1.90950253e+21
-8.68855317e+20
9
-1.4831215e+21
-1.26758496e+22
-1.95571988e+22
-2.52088411e+20
13
-1.95822294e+21
-9.11230261e+20
-9.49077076e+20
-8.86542769e+21
17
-9.02975839e+21
-1.49490103e+21
-1.26679051e+22
-1.64148337e+21
21
-1.70959509e+21
-2.19249257e+21
-3.92279092e+21
-1.76841831e+21
25
-7.12039513e+20
-3.59302311e+21
-6.50143856e+21
-2.8313481e+21

533
-1.04117009e+21
-1.08423254e+20
-4.36872343e+21
-3.88097488e+21
537
-1.07443598e+22
-9.06192765e+20
-4.93676449e+20
-2.56711117e+20
541
-1.92883651e+21
-8.56476466e+20
-7.74033682e+21
-1.25930637e+21
545
-1.42697977e+20
-1.31915657e+22
-1.1194402e+21
-6.16345804e+21
549
-1.2463003e+21
-1.02758492e+21
-1.95479681e+21
-1.71820236e+21
553
-6.81401119e+21
-1.10682581e+22
-2.18014128e+22
-2.82131373e+22
557
-2.40842867e+20
-3.62558442e+21
-1.5283275e+22
-8.59049766e+19

393
-9.20509894e+21
-1.38904619e+21
-1.7122433e+21
-3.61599908e+21
397
-1.43498044e+21
-1.53239583e+22
-1.05542684e+21
-4.83734083e+21
401
-1.69362878e+22
-1.95622751e+22
-2.03056143e+20
-2.02432902e+21
405
-1.66958766e+21
-1.07555842e+22
-3.56523808e+21
-3.5909899e+21
409
-9.89076194e+20
-9.03212807e+20
-2.54608816e+22
-1.50788764e+21
413
-8.04555208e+20
-1.34905691e+21
-2.59121521e+21
-1.1514561e+20
417
-2.31210168e+21
-1.84649934e+21
-1.2773238e+21
-1.7291171e+21

337
-7.1629988e+21
-1.93742959e+21
-2.00589543e+21
-1.37996516e+21
341
-7.24351013e+21
-1.64296058e+21
-1.43665591e+21
-1.31318584e+21
345
-1.76410666e+21
-1.94653988e+21
-2.34851172e+20
-1.40133169e+21
349
-1.51505401e+22
-1.96009423e+21
-1.50838497e+22
-7.70641071e+21
353
-1.74298138e+21
-1.93704055e+20
-1.82984817e+21
-7.21471239e+21
357
-8.65262333e+21
-1.26978502e+22
-3.85408605e+21
-4.08732476e+21
361
-4.18601049e+21
-1.59877403e+21
-2.43437259e+20
-1.63741102e+21

113
-1.73006418e+22
-1.98034452e+22
-1.93535576e+21
-7.31515047e+20
117
-2.23533395e+20
-9.58650383e+20
-4.29430199e+21
-1.43902692e+21
121
-6.44863991e+21
-1.34071498e+22
-7.05622638e+21
-5.3651111e+20
125
-7.50532687e+21
-1.62589635e+21
-1.50266442e+21
-2.5587162e+22
129
-8.92709182e+20
-1.82165727e+21
-6.11075715e+21
-1.72672784e+21
133
-1.08566168e+21
-3.74638119e+20
-6.0421606e+21
-9.55141929e+20
137
-1.891168e+21
-7.86650099e+20
-2.39939501e+21
-4.23962324e+21

505
-1.02068433e+21
-1.58822296e+22
-1.82428755e+21
-6.8515122e+21
509
-1.31544141e+22
-1.47155033e+21
-9.25533187e+20
-1.03731987e+22
513
-2.91529198e+21
-1.90318202e+21
-1.97760759e+21
-5.52061237e+21
517
-1.28216233e+21
-4.00400219e+21
-6.40656482e+21
-1.45043061e+21
521
-9.627087e+21
-1.50493365e+20
-1.24215043e+20
-1.86720768e+21
525
-1.1682821e+21
-1.75875883e+21
-1.19895324e+22
-2.04213902e+21
529
-2.4563797e+22
-2.13898684e+20
-7.53926359e+21
-1.36234859e+20

169
-3.47190278e+20
-8.07132499e+20
-1.45652272e+21
-2.00605873e+21
173
-4.58264149e+21
-5.31752218e+20
-3.01243479e+21
-1.94142922e+20
177
-1.98639516e+20
-3.05713362e+20
-1.58728242e+21
-5.58416019e+21
181
-1.40986916e+21
-9.77847604e+21
-1.04927848e+21
-3.67775443e+20
185
-1.81368477e+22
-2.25238108e+21
-3.70323407e+20
-5.471686e+20
189
-1.56081614e+22
-2.54636834e+20
-9.18757749e+20
-1.31839985e+21
193
-1.11785243e+21
-2.04825025e+21
-1.61962599e+20
-8.78645148e+20

85
-1.43634105e+21
-1.26880102e+22
-2.03513728e+21
-1.24333762e+22
89
-1.11232973e+22
-1.55031521e+21
-5.763043e+20
-3.69993771e+20
93
-1.16170765e+22
-1.68726033e+21
-4.20360443e+20
-1.51811317e+20
97
-1.73755437e+21
-2.53783303e+22
-9.67664667e+20
-2.29938071e+22
101
-1.03348336e+21
-9.05665509e+20
-1.62503594e+21
-2.36130198e+21
105
-1.31711655e+21
-1.8503075e+21
-2.05522558e+21
-2.36045283e+20
109
-2.48351856e+22
-1.75431666e+21
-7.72264267e+21
-1.58316968e+21

701
-1.7065998e+21
-2.07543798e+21
-1.56729856e+21
-6.68228223e+21
705
-1.56083137e+22
-1.1253109e+20
-1.79601644e+22
-1.67612942e+21
709
-2.04682837e+21
-1.55994445e+21
-1.94699618e+21
-1.06582048e+21
713
-2.165859e+22
-1.65621842e+22
-1.18040393e+22
-1.96691734e+21
717
-1.27968182e+20
-2.04628629e+21
-1.38726629e+21
-1.55303948e+22
721
-4.73379935e+21
-1.19922723e+21
-9.00636959e+20
-4.92285969e+20
725
-1.72457626e+22
-2.60087847e+21
-2.07967253e+22
-1.33755673e+21

589
-1.92551059e+21
-1.59172602e+21
-3.9843188e+20
-2.83576377e+20
593
-5.01564925e+21
-6.03303552e+20
-1.36762743e+21
-1.72252651e+21
597
-2.75177113e+21
-1.12208526e+22
-4.06334032e+21
-3.31618417e+21
601
-2.79938021e+21
-1.78422021e+21
-2.23922663e+22
-1.37166889e+21
605
-5.61449827e+21
-1.34253837e+21
-1.70975697e+21
-8.15866131e+21
609
-1.07495969e+20
-5.1615517e+20
-1.7775637e+21
-2.10211046e+21
613
-5.445429e+20
-6.97494991e+21
-1.24906842e+21
-2.37287997e+22

309
-6.5243298e+21
-1.16438978e+22
-1.49517141e+21
-1.00764878e+21
313
-1.98644661e+21
-9.35323147e+20
-8.84017331e+20
-1.47001091e+22
317
-1.77035058e+21
-7.36682858e+20
-6.1490412e+21
-1.65914071e+22
321
-1.60575693e+20
-5.79503061e+21
-1.03234636e+22
-1.61568943e+20
325
-2.03348886e+21
-2.52309714e+22
-3.82687112e+21
-1.84674708e+21
329
-7.83286148e+20
-1.19408147e+22
-1.85965663e+21
-1.57639314e+21
333
-1.70305519e+22
-3.73206287e+20
-2.44907329e+21
-1.88915525e+22

449
-1.19343761e+21
-1.75817904e+22
-9.26045172e+20
-1.37280815e+21
453
-1.1407721e+21
-1.39306083e+21
-1.8097162e+22
-4.28461026e+21
457
-1.70374112e+21
-1.91019295e+22
-3.70257285e+20
-1.47440904e+21
461
-2.01580544e+20
-5.91043774e+20
-1.93455234e+21
-6.85926246e+21
465
-2.41185366e+21
-9.2982904e+21
-1.17656451e+21
-1.86112788e+21
469
-3.15136534e+20
-1.82972751e+21
-1.65393395e+20
-3.85458891e+20
473
-1.47033607e+22
-1.10240758e+22
-3.09135723e+21
-1.49332556e+20

729
-3.10955342e+21
-1.9042111e+21
-6.30722803e+21
-9.83841231e+21
733
-2.32945933e+22
-1.57351495e+22
-7.22537144e+21
-5.6150563e+21
737
-1.40312124e+22
-1.54119056e+20
-6.10173626e+20
-1.93184388e+21
741
-1.50785593e+21
-1.63555158e+21
-1.6491133e+21
-1.3835683e+22
745
-1.39459826e+22
-9.70580118e+20
-1.23854598e+20
-1.44371224e+20
749
-1.67729439e+21
-4.83664364e+21
-1.56954126e+21
-8.07281802e+21
753
-2.91731278e+20
-1.83569361e+22
-1.07106154e+22
-2.83095203e+21

1149
-1.84953617e+21
-8.06323018e+19
-1.41520308e+21
-1.92567379e+22
1153
-1.94945473e+21
-1.70865224e+21
-2.87384601e+20
-2.92546397e+21
1157
-9.34066274e+20
-7.4537013e+21
-1.81903656e+21
-8.22598309e+21
1161
-1.83504231e+21
-4.00410306e+21
-3.11725772e+20
-1.06664911e+22
1165
-4.76010253e+20
-6.56979692e+21
-1.99695186e+21
-4.79621639e+21
1169
-2.09385163e+22
-1.50775112e+21
-1.6322211e+22
-9.44642652e+20
1173
-2.07630468e+21
-4.45275497e+21
-1.88635305e+21
-1.68918798e+21

953
-2.17780363e+22
-1.37110837e+21
-5.78541361e+20
-1.11256987e+22
957
-2.32205998e+20
-1.45589053e+21
-1.31973329e+22
-4.51387806e+20
961
-2.5077489e+20
-1.85979114e+21
-1.17509115e+22
-2.46692478e+21
965
-7.4423065e+21
-2.00474619e+22
-8.06498742e+21
-1.35583965e+20
969
-4.93487242e+20
-1.6135429e+21
-1.23080357e+22
-1.54810487e+21
973
-7.24934834e+20
-1.87260081e+21
-5.90785016e+20
-1.05963131e+21
977
-3.91462973e+20
-2.50377472e+21
-2.29523124e+21
-6.17600684e+21

561
-1.54314853e+21
-1.61058079e+21
-1.5721071e+21
-1.07473103e+21
565
-2.91383529e+21
-1.01933752e+21
-3.64095682e+21
-9.7519921e+20
569
-1.76159081e+20
-1.70023133e+22
-7.00034665e+21
-2.16250879e+20
573
-1.57619285e+21
-3.12237757e+21
-1.7657949e+21
-4.04805287e+21
577
-1.69430854e+21
-1.19645408e+22
-3.74526609e+21
-1.93365676e+21
581
-1.88035762e+20
-1.37674818e+22
-2.03864957e+21
-2.40999089e+21
585
-1.07455408e+22
-1.54042352e+22
-5.06754398e+20
-1.68449074e+21

757
-5.15744704e+21
-1.07733111e+22
-1.83264513e+20
-1.14662896e+22
761
-1.67894222e+21
-1.75798897e+21
-1.1867106e+20
-1.11501349e+21
765
-1.35458541e+21
-1.11099913e+20
-2.35623347e+21
-1.95564e+21
769
-2.65167887e+21
-1.68886784e+21
-9.81967756e+20
-2.28607335e+22
773
-1.50262828e+21
-1.71216804e+21
-1.96566062e+22
-2.17066491e+21
777
-1.24798425e+22
-1.08950516e+21
-1.05200377e+22
-2.14396761e+22
781
-5.60878199e+21
-3.45605295e+20
-1.64467102e+21
-1.0023801e+22

645
-1.11215127e+21
-9.43387028e+20
-5.292675e+20
-3.01281169e+20
649
-9.40792977e+20
-1.65791094e+20
-1.87257398e+21
-1.36264725e+22
653
-1.16129462e+20
-1.71784797e+21
-1.25833357e+21
-1.61656035e+21
657
-1.17939432e+22
-1.80206868e+21
-9.0114403e+21
-4.14395813e+20
661
-8.4290929e+20
-2.6775945e+22
-1.6867184e+21
-1.34698575e+21
665
-1.18242002e+21
-7.0936816e+19
-3.57409094e+21
-1.82224154e+21
669
-1.08004857e+22
-8.40687533e+21
-1.94076224e+21
-2.24721283e+21

1009
-1.15107987e+22
-2.04183869e+21
-5.84174951e+20
-9.2548341e+21
1013
-1.22982191e+22
-9.19602564e+21
-4.44611437e+21
-1.51998331e+21
1017
-1.60736781e+22
-1.87185596e+21
-1.87839471e+22
-1.21261709e+21
1021
-1.97167267e+21
-1.77390942e+21
-1.91342862e+21
-8.12972432e+20
1025
-1.73142835e+21
-1.60124216e+22
-5.44677198e+21
-1.99220133e+22
1029
-1.72763175e+22
-1.18988328e+21
-4.86748532e+20
-5.88838598e+20
1033
-1.28166531e+21
-1.11085719e+22
-1.43850728e+21
-1.24449936e+21

1233
-1.1822315e+20
-1.76425468e+20
-1.55683595e+20
-1.41781548e+22
1237
-1.72415737e+21
-2.20693392e+22
-3.55705899e+21
-2.78034431e+21
1241
-5.19534771e+21
-1.021278e+21
-2.01610014e+20
-9.28197298e+21
1245
-1.72752057e+21
-1.6675373e+21
-6.30628621e+20
-1.81826534e+22
1249
-3.4145797e+21
-3.78944578e+20
-1.68564273e+21
-1.07256581e+22
1253
-6.42223743e+20
-3.47344792e+21
-2.02752367e+21
-2.49012299e+21
1257
-1.27076546e+21
-2.08202461e+22
-1.84367461e+21
-5.22099648e+21

869
-1.59153519e+20
-2.72505975e+20
-1.93400189e+21
-2.00353305e+22
873
-1.23529336e+22
-1.98196049e+21
-1.00241042e+21
-1.52293798e+22
877
-1.12452196e+22
-1.18796691e+21
-4.29479465e+20
-1.22082634e+22
881
-1.54994419e+21
-1.6660084e+21
-1.00485908e+20
-3.4650696e+20
885
-1.9239473e+21
-3.75208262e+21
-4.22756328e+21
-1.09676053e+21
889
-6.72839749e+20
-1.53091998e+21
-1.3086541e+22
-1.87871367e+21
893
-2.09356839e+21
-1.55437903e+22
-8.91319118e+21
-1.73770461e+22

813
-9.27271942e+20
-1.31367716e+21
-1.19411344e+22
-4.88140191e+20
817
-1.2637312e+21
-1.93119708e+21
-1.20577685e+21
-3.77027905e+21
821
-7.02189948e+21
-2.90649577e+20
-4.11785618e+20
-1.02988502e+22
825
-1.56643185e+20
-1.73201572e+21
-3.04936088e+21
-5.34257365e+21
829
-2.36787506e+22
-7.72851713e+20
-2.04955213e+21
-3.75530138e+21
833
-2.30501424e+22
-1.56972259e+22
-1.63837243e+20
-2.03787274e+21
837
-1.19584412e+21
-1.5351173e+21
-1.85345792e+22
-1.12250169e+22

197
-4.8896047e+20
-1.07733775e+22
-1.23428605e+20
-1.76545144e+21
201
-1.91031283e+21
-1.42098055e+22
-8.92297736e+21
-1.51478924e+22
205
-6.83757391e+20
-2.07607876e+20
-1.9003355e+21
-1.4297249e+21
209
-9.11598228e+20
-7.53969128e+20
-1.8066036e+21
-4.47063005e+20
213
-2.00466604e+22
-2.82289803e+21
-1.20404106e+21
-1.44589835e+21
217
-2.06552454e+20
-4.15890588e+21
-4.50220954e+20
-1.45920623e+20
221
-5.08765828e+21
-1.56454252e+21
-1.30403747e+22
-1.58871695e+21

281
-5.23396216e+21
-2.05654682e+21
-2.5471124e+21
-1.53396798e+21
285
-1.39715878e+20
-1.34622293e+22
-2.05991144e+20
-1.65271858e+21
289
-1.84930269e+21
-1.89705111e+21
-2.37792377e+20
-3.87354121e+20
293
-1.53968851e+21
-1.12684114e+21
-5.0808685e+20
-5.92043911e+21
297
-1.23774e+21
-1.68750923e+21
-9.81215312e+20
-2.21559271e+20
301
-9.5095331e+21
-1.20177984e+21
-5.98600726e+20
-2.16035003e+20
305
-1.59368319e+20
-1.18321424e+22
-1.79135617e+21
-1.5695696e+21

785
-1.17599043e+22
-1.61445803e+21
-2.71613256e+20
-2.05781259e+20
789
-2.63193112e+20
-1.54066388e+20
-1.3521588e+21
-2.00683446e+22
793
-7.55489954e+21
-1.9162123e+21
-7.75286082e+20
-1.22222326e+22
797
-5.88883824e+20
-1.02898362e+22
-1.33100927e+21
-1.1988413e+21
801
-1.90898895e+21
-3.28071748e+20
-9.69311399e+20
-7.90813657e+21
805
-5.1240167e+20
-3.66894868e+20
-1.34526813e+22
-1.61239978e+22
809
-2.02936001e+21
-2.41211611e+22
-8.53558746e+20
-1.89433976e+21

841
-1.86920432e+21
-2.4419301e+21
-7.68799649e+21
-7.19273711e+21
845
-1.89647585e+21
-1.89274007e+22
-2.81241264e+20
-7.28878428e+20
849
-5.83813773e+21
-1.89284959e+21
-1.43919764e+21
-8.99813353e+21
853
-1.63156343e+20
-1.92656686e+21
-9.72000746e+20
-2.13787718e+21
857
-2.00526987e+21
-1.11101334e+22
-5.93877065e+21
-1.31667778e+22
861
-8.40658507e+20
-1.63341714e+22
-1.40687817e+22
-4.37333869e+20
865
-1.38123654e+22
-1.6472084e+21
-9.08266286e+19
-2.94271785e+20

673
-2.453282e+22
-3.01366175e+20
-1.59017314e+20
-1.00290467e+21
677
-2.47313061e+21
-5.75167791e+21
-8.18671831e+21
-2.25766051e+20
681
-1.93055725e+21
-5.69088481e+20
-1.80115031e+22
-1.89262136e+21
685
-8.61169878e+20
-2.63815254e+21
-1.13365742e+21
-3.12487096e+20
689
-1.84530612e+21
-9.50327481e+21
-3.98933367e+20
-1.49880627e+21
693
-7.62493781e+20
-6.28769224e+21
-1.77129177e+21
-1.9768478e+22
697
-6.85704758e+20
-1.46806513e+21
-1.3146218e+21
-1.57993623e+21

925
-2.21391745e+20
-5.01587061e+20
-1.47505564e+21
-7.60984769e+21
929
-7.52286812e+20
-5.59498725e+20
-1.66695466e+21
-1.14737965e+20
933
-1.91713385e+21
-1.44460784e+22
-1.52025571e+22
-2.46711713e+21
937
-1.12828835e+20
-4.02824123e+20
-1.45104192e+21
-9.46837451e+21
941
-5.4811798e+21
-2.00441397e+21
-1.18490489e+21
-1.38496389e+20
945
-2.01957057e+20
-9.06629656e+20
-1.11290922e+21
-3.58825379e+20
949
-1.41331516e+21
-1.74083087e+22
-6.43848768e+21
-7.3879058e+20

1065
-1.8468433e+21
-1.84434167e+22
-1.26452487e+21
-2.53791067e+21
1069
-9.64311555e+21
-5.30448057e+21
-1.86219146e+21
-1.85865147e+22
1073
-1.23947796e+20
-8.67114459e+20
-1.04526196e+21
-1.99016116e+20
1077
-1.89496698e+21
-1.23030264e+22
-1.9358007e+20
-2.45010252e+22
1081
-8.31598118e+21
-1.04392271e+22
-1.38859681e+20
-1.49755299e+21
1085
-1.71156137e+21
-1.54740188e+21
-1.8266309e+22
-1.84404951e+21
1089
-1.2314674e+21
-4.08236561e+21
-7.22346457e+21
-1.93826174e+21

897
-7.31313769e+20
-1.56273944e+22
-2.93009498e+20
-2.06613913e+21
901
-4.53142404e+21
-4.11428914e+21
-9.80304606e+21
-1.54781119e+21
905
-3.28356553e+21
-1.48941771e+22
-8.30422788e+21
-2.72157941e+22
909
-1.98963159e+21
-3.53408151e+20
-2.27922244e+21
-1.93203187e+21
913
-1.32038815e+20
-5.32115694e+21
-2.40030586e+20
-1.38971313e+21
917
-2.37883222e+20
-1.82258117e+22
-2.69242327e+20
-7.96948024e+21
921
-1.65043794e+22
-6.39021045e+21
-1.80097691e+21
-1.00882515e+22

1261
-1.48119925e+21
-6.09291075e+21
-1.39374836e+21
-1.47625379e+21
1265
-3.33930561e+20
-1.22651601e+22
-4.87110228e+21
-9.78128116e+21
1269
-1.82794487e+21
-4.3809138e+21
-9.165199e+20
-1.16996109e+21
1273
-3.04590768e+20
-1.69925942e+21
-2.06269974e+22
-8.18474503e+20
1277
-3.07164744e+21
-1.97731596e+21
-5.84506802e+21
-1.54684213e+20
1281
-1.81164509e+21
-2.16769429e+22
-2.04795963e+21
-9.84413044e+20
1285
-1.68934639e+21
-8.94031266e+21
-1.03017958e+22
-1.93015528e+22

1037
-1.75525673e+21
-1.85258525e+21
-6.7975514e+21
-1.15407982e+22
1041
-1.96464518e+21
-2.32767218e+22
-1.82783849e+21
-2.63973011e+22
1045
-7.71442102e+20
-2.99548123e+20
-6.88744599e+21
-6.40081575e+21
1049
-1.02261143e+22
-3.5987451e+21
-5.25472215e+21
-1.27357482e+22
1053
-3.73073096e+21
-6.54554495e+20
-2.61238177e+21
-2.38777218e+21
1057
-2.39033893e+22
-9.16430973e+21
-1.09669918e+21
-1.29236538e+20
1061
-4.97969765e+21
-9.16099077e+21
-2.76845102e+20
-4.00199906e+20

1345
-2.01076852e+21
-1.92153259e+21
-3.36416929e+21
-1.75451828e+22
1349
-1.8749383e+21
-2.7185124e+21
-7.57755339e+21
-4.01713525e+20
1353
-1.03811963e+22
-2.6510153e+21
-8.32833546e+21
-1.77294976e+20
1357
-3.23547119e+20
-2.2479902e+20
-1.90560145e+20
-1.55919369e+21
1361
-1.83914036e+21
-1.3514243e+21
-3.15980352e+21
-1.42566246e+20
1365
-1.06636027e+21
-1.53053511e+20
-2.39080349e+22
-1.83258609e+21
1369
-1.60609452e+21
-2.74615516e+21
-2.73817985e+21
-1.36417833e+22

1429
-2.65319386e+20
-1.70599431e+21
-1.1801174e+22
-6.36250162e+21
1433
-5.57998484e+21
-1.91807009e+21
-1.68066795e+21
-1.07960043e+20
1437
-1.4925793e+20
-7.53255269e+20
-1.45530381e+20
-3.41441482e+20
1441
-9.08809924e+20
-1.43066794e+21
-1.35455907e+22
-1.95497582e+21
1445
-8.41897895e+20
-8.25774592e+20
-1.52878623e+21
-6.61242965e+20
1449
-6.65169868e+20
-6.38001137e+21
-1.43010314e+22
-1.26877033e+20
1453
-1.83498326e+21
-1.04734323e+20
-2.02147561e+21
-2.81941397e+21

1177
-2.67430256e+21
-1.05962929e+22
-1.31268127e+21
-1.15817791e+21
1181
-1.94269347e+21
-1.71948464e+21
-2.18059362e+21
-2.67796839e+20
1185
-1.93442528e+21
-2.61042403e+21
-1.47722689e+21
-8.02152412e+21
1189
-9.46598146e+21
-3.74011618e+20
-1.28542499e+22
-1.19574475e+21
1193
-1.8421315e+20
-1.7649211e+21
-8.53670141e+21
-1.35141935e+21
1197
-7.3276773e+21
-1.38235482e+21
-1.53438156e+20
-6.19001907e+21
1201
-8.45898216e+20
-1.06264567e+22
-1.45785735e+21
-1.67672493e+20

1205
-2.25807342e+22
-1.84306064e+22
-1.97863972e+22
-3.8260847e+20
1209
-1.01390862e+20
-7.57163273e+20
-1.30588347e+21
-1.32652326e+22
1213
-4.74716691e+20
-1.52423564e+21
-1.10050663e+21
-6.33884516e+21
1217
-5.42727819e+21
-1.46489197e+21
-4.30244471e+20
-1.55227682e+22
1221
-8.83438804e+21
-4.03884384e+21
-1.76517864e+22
-1.96334732e+21
1225
-9.20886272e+20
-1.64729251e+21
-4.21302502e+21
-1.85377707e+20
1229
-9.2384653e+20
-1.7594307e+21
-5.5178347e+20
-7.02366872e+20

617
-1.35016409e+21
-1.6526408e+22
-1.54032051e+21
-1.30337149e+21
621
-1.7837277e+21
-1.84073733e+21
-3.78760492e+21
-8.49710971e+20
625
-1.40884247e+20
-1.79708156e+22
-1.81105472e+21
-5.98275357e+21
629
-1.33793422e+21
-2.49484089e+21
-1.78037599e+21
-1.8676497e+20
633
-9.15091169e+21
-1.39628645e+22
-6.15970253e+21
-2.12016882e+22
637
-1.79444357e+21
-2.74721395e+20
-1.57323507e+21
-7.4383761e+21
641
-1.68112351e+21
-1.69075749e+21
-1.62071246e+21
-4.0882675e+21

1513
-9.4015999e+21
-3.70305809e+21
-1.13509275e+22
-1.86287125e+21
1517
-4.86847759e+21
-1.91012037e+21
-1.53504082e+21
-1.93307511e+21
1521
-2.70319909e+21
-6.81270009e+21
-1.97289719e+21
-1.04602979e+22
1525
-1.24303921e+22
-1.42325655e+22
-2.82528851e+22
-2.36344225e+22
1529
-1.2190713e+22
-4.22518803e+20
-8.75085197e+21
-5.12074903e+20
1533
-4.05342192e+20
-2.0560861e+21
-1.15153404e+20
-6.82985264e+21
1537
-2.44055039e+21
-1.48845744e+20
-1.90236784e+22
-8.06337002e+21

1849
-6.0404126e+21
-2.54233206e+22
-2.3095747e+20
-8.21121023e+20
1853
-4.02239546e+21
-1.26016779e+22
-1.01668604e+20
-3.48619633e+20
1857
-6.07455535e+20
-3.06992927e+21
-1.05113376e+20
-5.79325661e+20
1861
-1.58500525e+22
-1.742075e+22
-2.45370078e+20
-1.8019651e+21
1865
-1.9746279e+22
-1.12363128e+21
-2.44570192e+21
-6.57194508e+20
1869
-8.23394536e+20
-1.99688144e+21
-8.12705267e+20
-2.8141121e+21
1873
-2.35478533e+22
-1.84815446e+21
-1.07653756e+22
-1.28810329e+20

981
-1.01919096e+22
-3.84290849e+20
-6.84766172e+20
-1.49987899e+21
985
-3.50829165e+20
-1.22104129e+21
-1.89894679e+21
-1.54619712e+21
989
-1.37860956e+22
-6.33236175e+20
-1.7073444e+22
-2.02003456e+21
993
-1.53819591e+21
-1.51979818e+20
-1.97928799e+21
-3.2310862e+20
997
-2.00009857e+21
-3.93525926e+21
-1.17713315e+22
-1.7909735e+21
1001
-9.87796854e+20
-4.48037467e+21
-2.03726035e+21
-3.40233398e+20
1005
-1.6601786e+20
-4.3372607e+21
-2.63054959e+21
-9.25663302e+21

1093
-3.4301739e+21
-8.66953936e+20
-1.73779479e+21
-1.00711298e+22
1097
-6.6698278e+21
-1.13002562e+21
-1.17963022e+21
-1.50765235e+22
1101
-1.82161737e+22
-1.33555242e+21
-2.48395815e+21
-2.12608157e+21
1105
-3.88477169e+21
-1.46805514e+22
-1.58018729e+22
-1.84922896e+21
1109
-5.14995513e+21
-9.77183914e+20
-4.25787729e+20
-4.13267408e+20
1113
-8.19329322e+20
-1.29088887e+22
-1.73125364e+21
-6.5473576e+21
1117
-1.49157777e+21
-1.52473294e+21
-1.24936819e+22
-5.22522765e+21

1373
-1.04692021e+22
-2.04532951e+21
-1.20730322e+22
-1.62061353e+21
1377
-4.82949886e+21
-1.55097099e+22
-1.05916093e+20
-6.80997849e+20
1381
-1.36252965e+22
-2.11086476e+21
-9.61480132e+21
-1.53340382e+22
1385
-1.6792239e+22
-1.29362987e+21
-1.64355901e+22
-1.8436482e+21
1389
-1.92173752e+22
-7.80669987e+20
-1.74583182e+21
-4.64166737e+21
1393
-1.41199649e+21
-1.5462834e+21
-5.91735548e+20
-2.10589476e+20
1397
-1.28483213e+22
-1.8115713e+21
-1.44612684e+20
-4.75591321e+20

1457
-5.44829723e+21
-1.18936584e+21
-1.09638182e+21
-1.52371123e+21
1461
-1.54006803e+22
-1.61774408e+22
-2.50810218e+21
-2.28325669e+21
1465
-1.11910378e+20
-1.86387574e+20
-3.5970391e+21
-6.84542272e+20
1469
-2.00228544e+21
-1.29686343e+21
-1.0868375e+20
-3.18634929e+21
1473
-1.7124576e+21
-1.19170064e+21
-2.10809845e+22
-3.91955248e+20
1477
-3.04274554e+20
-1.89795749e+21
-2.09778646e+20
-1.4699185e+22
1481
-1.46635371e+22
-1.77902127e+21
-4.57928546e+20
-6.73943414e+20

1625
-2.10972632e+21
-1.52626364e+21
-4.56695235e+20
-1.32034915e+20
1629
-1.31227843e+21
-8.97730765e+21
-1.59299951e+21
-1.27987972e+21
1633
-1.7109277e+22
-1.1945906e+21
-4.7390537e+20
-1.45848657e+22
1637
-4.64192908e+20
-3.25629459e+20
-4.17222843e+21
-1.09996143e+22
1641
-7.65655312e+21
-1.18226801e+21
-9.75847035e+19
-1.75354424e+21
1645
-1.80256656e+21
-1.47540524e+22
-6.26654533e+20
-8.27039837e+20
1649
-2.02909947e+21
-1.27062568e+21
-2.98309034e+21
-1.85592339e+22

2073
-7.09799474e+21
-2.01827716e+21
-1.47839171e+21
-1.44241339e+22
2077
-1.85202325e+21
-1.32191154e+22
-1.45292449e+20
-9.13790607e+21
2081
-6.09467166e+20
-1.8421075e+22
-8.90300253e+21
-3.08558048e+21
2085
-1.66110031e+21
-4.12816124e+20
-3.21816196e+21
-1.87618884e+21
2089
-1.69967688e+20
-4.53701667e+21
-4.84261066e+21
-1.08314461e+21
2093
-1.73103407e+21
-6.36706055e+20
-1.67660297e+21
-1.24293038e+21
2097
-1.4417817e+21
-3.10091369e+21
-6.24441163e+20
-9.15546139e+20

1793
-1.68334326e+21
-1.80635943e+21
-1.02380784e+20
-7.90310408e+20
1797
-2.22820433e+22
-1.8960845e+21
-1.46854757e+21
-8.36872118e+21
1801
-8.98402767e+21
-4.55800699e+21
-3.49188951e+21
-1.5577128e+22
1805
-1.02106527e+21
-1.584311e+21
-1.03902398e+20
-1.92507566e+21
1809
-1.85643678e+22
-2.2993564e+22
-2.23897469e+21
-1.76177412e+21
1813
-7.69114283e+20
-1.47009319e+21
-8.22002413e+20
-1.86011661e+21
1817
-1.78141421e+21
-1.64721496e+20
-3.11707033e+21
-1.39994895e+21

1597
-1.78242708e+21
-1.43954068e+21
-1.24442814e+21
-1.10152327e+21
1601
-8.30383743e+21
-1.37856754e+21
-1.75073666e+22
-7.2194152e+21
1605
-3.42770879e+20
-3.16682637e+20
-1.17222177e+22
-1.95174489e+20
1609
-1.95620379e+21
-1.01586433e+22
-2.95384084e+21
-1.80594259e+21
1613
-1.95700829e+21
-1.54744529e+21
-5.54390589e+21
-1.81648272e+21
1617
-1.44892578e+21
-1.09078701e+21
-1.82385106e+20
-4.71365495e+21
1621
-1.24663979e+22
-1.23680356e+22
-2.71277857e+21
-2.52492727e+20

1681
-8.28834704e+20
-7.33614844e+20
-8.34521662e+21
-2.9879382e+20
1685
-5.63146e+20
-1.13055182e+22
-1.48995446e+20
-1.78004711e+21
1689
-7.14707542e+21
-1.05748324e+21
-1.21322305e+22
-1.811692e+21
1693
-1.59729368e+21
-5.44958351e+20
-1.75282767e+21
-2.96413001e+20
1697
-5.97881218e+21
-1.52537507e+21
-1.34278817e+21
-9.5566263e+21
1701
-1.87222794e+21
-2.187703e+22
-1.89226915e+22
-4.43084934e+20
1705
-1.10974699e+22
-3.39253511e+21
-1.85174392e+22
-1.83220442e+21

1289
-1.31409568e+22
-7.75625835e+20
-8.32031765e+20
-1.5948007e+21
1293
-6.29367878e+21
-4.80363019e+21
-1.59967315e+20
-1.63977289e+21
1297
-1.55993956e+21
-8.08439454e+19
-5.59789708e+20
-1.00773903e+21
1301
-9.09593128e+21
-1.7772862e+21
-2.00522358e+21
-2.24769299e+20
1305
-5.89547061e+21
-1.85773745e+21
-4.93928453e+20
-1.5715324e+21
1309
-1.72103332e+21
-1.59551244e+21
-1.03077409e+22
-2.18606372e+20
1313
-2.25880695e+22
-9.07035533e+20
-1.82217154e+21
-3.58945311e+21

1989
-2.76974387e+21
-1.03689009e+22
-1.78434063e+21
-1.49998542e+22
1993
-8.00554649e+20
-1.72726433e+22
-9.1620808e+19
-1.46441258e+22
1997
-2.34996479e+22
-1.9835311e+21
-8.92507927e+20
-3.43511528e+20
2001
-4.55518745e+20
-1.63999075e+22
-1.56037996e+21
-3.21383157e+21
2005
-2.26438708e+20
-1.20004132e+21
-1.48969325e+21
-2.0084296e+21
2009
-9.42502556e+20
-1.71976977e+20
-8.65500766e+20
-3.52302445e+21
2013
-2.00633638e+21
-1.81727976e+21
-1.6107736e+22
-1.9430687e+21

1485
-3.96258426e+21
-9.53234153e+19
-2.78467943e+21
-9.78444707e+21
1489
-9.2925981e+21
-2.11430613e+22
-1.13325272e+20
-1.98089446e+21
1493
-6.72803705e+21
-1.44887026e+22
-1.32036022e+21
-5.74635213e+21
1497
-1.48674738e+21
-5.89792511e+20
-2.96153432e+21
-8.74030536e+21
1501
-1.51549729e+21
-1.62196589e+21
-3.12614575e+20
-3.88569325e+20
1505
-1.19019347e+22
-3.74161618e+21
-7.70179046e+21
-1.77512711e+21
1509
-2.41512532e+20
-1.84039044e+22
-1.03613594e+22
-8.89740531e+21

1317
-2.20958874e+21
-2.60356586e+21
-5.04945082e+21
-1.91912021e+21
1321
-2.02866028e+21
-1.38592496e+21
-7.55097588e+20
-1.49126863e+22
1325
-7.12899165e+21
-1.18020593e+20
-6.74737672e+20
-1.87305365e+20
1329
-2.41118081e+20
-1.68659048e+22
-3.45226523e+21
-5.6708389e+20
1333
-6.08241479e+21
-1.05037572e+20
-1.39944563e+21
-4.53097304e+21
1337
-8.87529519e+21
-1.2048701e+20
-1.71111223e+22
-1.87563816e+21
1341
-1.45400984e+22
-1.28152744e+22
-3.41902146e+21
-1.3063221e+22

1709
-1.02246913e+21
-1.52363882e+22
-7.40862846e+21
-1.08162534e+22
1713
-1.21678203e+21
-1.02110782e+21
-3.11911599e+21
-1.06984201e+21
1717
-2.5526164e+22
-1.75172544e+20
-1.71824657e+22
-3.48812134e+21
1721
-1.5097697e+20
-4.84686348e+20
-1.07780074e+21
-6.19134181e+20
1725
-1.9719284e+20
-2.05229837e+21
-2.80016628e+21
-1.27652132e+21
1729
-1.77595726e+21
-1.42051553e+22
-1.38899595e+22
-1.85889996e+21
1733
-9.80786101e+21
-9.29999188e+21
-2.02701295e+21
-3.58841931e+20

1121
-3.88527894e+21
-8.07477875e+21
-5.3853352e+20
-6.719155e+20
1125
-1.43742101e+22
-3.14815453e+21
-1.5348682e+22
-1.79778069e+21
1129
-4.7442663e+20
-1.59277772e+20
-2.40216385e+20
-3.41432829e+21
1133
-2.30420959e+21
-3.71529801e+21
-2.39826764e+20
-1.99550734e+21
1137
-1.45904533e+20
-1.57782115e+20
-1.47896869e+21
-5.31201679e+20
1141
-4.07094492e+21
-2.2640209e+22
-2.15718228e+20
-1.77756597e+20
1145
-2.86990393e+20
-1.84766478e+21
-9.9795814e+21
-3.04848679e+21

1569
-2.39845328e+20
-1.05023946e+21
-1.6482875e+21
-1.63685672e+20
1573
-3.74483652e+21
-9.74730124e+20
-4.48028823e+21
-4.10335298e+21
1577
-7.9311114e+20
-2.44085114e+21
-1.45702386e+22
-6.76423247e+20
1581
-9.25887982e+21
-3.36363697e+20
-4.68607177e+21
-1.60000201e+21
1585
-6.66439515e+20
-1.66656902e+22
-9.95965022e+21
-6.19010634e+20
1589
-1.0366023e+22
-1.20044869e+22
-1.95927021e+21
-1.68115246e+21
1593
-9.20930889e+21
-3.8082946e+20
-1.49399026e+22
-8.38243972e+20

1401
-1.49290346e+20
-1.48708184e+22
-6.53096883e+21
-6.72926661e+20
1405
-1.70720408e+21
-8.76711906e+21
-8.84552865e+21
-1.78518032e+22
1409
-1.51572991e+22
-1.53733432e+21
-8.09874036e+20
-6.4804129e+20
1413
-1.52456426e+21
-4.29903327e+20
-1.42347916e+20
-1.93216762e+22
1417
-3.75502867e+21
-1.43341467e+22
-1.42994783e+21
-9.10878813e+20
1421
-2.00398537e+22
-3.70320012e+21
-1.57950865e+20
-1.79039214e+21
1425
-1.89201081e+21
-1.10318837e+22
-9.05501227e+20
-1.05437268e+22

1821
-8.6516282e+21
-1.59201734e+22
-1.95346394e+21
-1.15988798e+21
1825
-1.66691304e+21
-4.31885708e+20
-8.89022558e+21
-1.57512947e+21
1829
-1.25935201e+21
-1.64714799e+21
-1.44802787e+21
-1.93723761e+21
1833
-1.77335523e+21
-2.01936742e+21
-2.71828648e+21
-3.87338019e+20
1837
-9.0567341e+21
-1.71405593e+21
-4.57529459e+20
-4.3305235e+21
1841
-7.52518361e+21
-1.77087407e+20
-2.21590425e+22
-6.27552429e+21
1845
-3.10131469e+21
-1.07849266e+20
-7.16374174e+21
-1.93298042e+21

2157
-1.38197978e+21
-3.35182213e+20
-1.75206332e+21
-1.55424755e+22
2161
-1.8812684e+21
-6.72697996e+20
-1.30208513e+21
-2.5627588e+20
2165
-1.23113436e+20
-1.24810663e+22
-3.38770447e+20
-4.03960719e+20
2169
-7.55314863e+20
-1.94890742e+21
-4.27796278e+21
-9.75763498e+20
2173
-1.65644099e+22
-1.92693419e+21
-1.38141917e+22
-1.14413946e+21
2177
-6.26378677e+20
-1.91680411e+21
-1.44153337e+22
-9.84012546e+20
2181
-7.8470086e+21
-2.48188729e+21
-2.00047061e+21
-1.21855236e+20

1653
-1.97782353e+21
-2.38065716e+21
-2.07702706e+21
-1.33826359e+21
1657
-5.02358965e+21
-5.22977854e+20
-1.51082921e+22
-1.29785149e+22
1661
-5.24513727e+21
-3.41186355e+20
-1.87316063e+20
-5.85495956e+21
1665
-4.34241701e+21
-1.11863383e+22
-1.78623127e+21
-2.80287766e+22
1669
-4.49116228e+21
-7.75090889e+21
-1.23487373e+21
-1.00208634e+21
1673
-1.98643409e+21
-2.07812975e+21
-1.29456479e+21
-2.07544954e+22
1677
-1.35240317e+22
-1.70429733e+21
-1.32195778e+20
-1.12413097e+21

2129
-2.37665221e+20
-5.29048e+21
-1.78580108e+21
-1.6607576e+22
2133
-3.17403916e+21
-1.52219984e+21
-1.27743671e+21
-5.64394282e+21
2137
-9.0548667e+21
-4.43342148e+21
-9.15950753e+20
-1.76143118e+21
2141
-1.92882095e+21
-2.05980279e+22
-1.22771482e+20
-7.93008388e+21
2145
-1.10818313e+20
-4.8896797e+21
-2.08357443e+21
-1.39988667e+20
2149
-1.64443051e+22
-7.92223721e+21
-5.35396236e+21
-1.29162924e+21
2153
-9.47442767e+20
-8.63198948e+21
-1.69420966e+20
-2.02742441e+21

2045
-1.84623422e+21
-2.89055815e+21
-6.91396003e+21
-1.27169249e+22
2049
-1.92535511e+21
-5.92911499e+21
-1.97246257e+21
-3.66178829e+20
2053
-1.19300084e+22
-1.2950639e+21
-1.83729423e+20
-1.8321775e+21
2057
-2.18447461e+20
-1.48164447e+22
-9.55151518e+19
-3.32982678e+21
2061
-1.51518495e+20
-1.58048845e+20
-1.24938973e+22
-1.40463929e+21
2065
-2.09691476e+22
-1.69114903e+21
-9.22207268e+19
-1.55302245e+22
2069
-1.29931964e+21
-1.16856053e+20
-9.24823078e+20
-1.87480495e+21

1737
-9.87537519e+20
-2.10146974e+21
-1.83025879e+22
-2.96885089e+21
1741
-4.50432371e+21
-9.80782647e+20
-1.81884735e+22
-1.35331482e+21
1745
-2.36289342e+21
-1.0380024e+22
-9.77187886e+19
-1.88840444e+21
1749
-9.42400366e+19
-1.35429722e+22
-1.3265113e+22
-7.05948525e+20
1753
-1.64152777e+21
-3.9477304e+20
-8.83610728e+21
-4.15164686e+21
1757
-3.07451538e+20
-7.467829e+20
-2.07610994e+21
-1.37232955e+20
1761
-5.08788862e+21
-1.90324827e+21
-1.24239193e+22
-1.39660153e+22

1541
-2.00440054e+21
-1.30000856e+21
-1.59763494e+22
-1.03003053e+22
1545
-6.88491175e+20
-3.33788189e+21
-2.11514116e+22
-4.9797794e+21
1549
-6.12447049e+21
-1.91428025e+22
-1.17063856e+22
-6.94152878e+20
1553
-2.7223006e+20
-1.04426881e+21
-2.02550983e+21
-6.25216967e+20
1557
-1.23239433e+21
-1.10891375e+21
-1.67171224e+21
-1.99368591e+22
1561
-1.83641138e+21
-3.38783116e+20
-3.0760595e+20
-4.4114347e+20
1565
-6.13883822e+21
-1.39884103e+21
-2.02168582e+21
-1.44825816e+21

1961
-7.67161327e+21
-5.96727867e+21
-5.88162096e+20
-2.30747272e+21
1965
-2.74564072e+21
-1.63518538e+22
-1.34844639e+22
-1.25658953e+21
1969
-1.36346245e+21
-5.1349833e+21
-1.13372914e+21
-7.24197199e+19
1973
-2.27499509e+22
-3.36652871e+21
-1.47325942e+20
-1.87075886e+21
1977
-2.54227369e+21
-3.24306648e+21
-1.25448637e+22
-1.53661487e+22
1981
-1.63628818e+21
-1.33093406e+22
-5.76865129e+20
-1.50595818e+21
1985
-1.92924115e+21
-9.99080103e+19
-2.06230044e+21
-1.68716429e+21

1765
-7.44907106e+21
-1.03242018e+21
-1.61546306e+21
-1.50175157e+21
1769
-1.12363467e+21
-1.27408744e+22
-1.50249789e+21
-1.14854841e+21
1773
-1.48287426e+21
-1.46865729e+20
-1.72940475e+22
-1.58556151e+22
1777
-1.77130624e+20
-1.33827849e+21
-1.85788328e+21
-1.98426698e+21
1781
-1.56037914e+21
-7.47374086e+20
-1.66162325e+22
-3.73271232e+21
1785
-8.80117949e+21
-2.87742538e+21
-8.61082775e+20
-5.91347008e+20
1789
-4.80375268e+20
-2.21658908e+20
-1.72881889e+22
-1.89673195e+22

2213
-1.7501175e+22
-3.13881536e+21
-3.93615585e+20
-1.38817014e+21
2217
-1.84286739e+21
-2.3661283e+22
-6.38265623e+20
-1.81326712e+21
2221
-1.52183177e+21
-2.08791764e+21
-1.79539313e+21
-1.46523499e+21
2225
-1.65344061e+22
-1.67233079e+21
-1.20963474e+20
-9.54501916e+20
2229
-2.32194409e+22
-6.44684878e+20
-1.59610142e+20
-2.47224523e+20
2233
-2.02809643e+20
-1.34569705e+21
-1.43665513e+20
-7.03856607e+21
2237
-2.4795631e+20
-1.72446604e+20
-1.89016718e+21
-1.21445111e+20

1933
-1.92328954e+21
-1.75967168e+21
-1.77687574e+21
-2.1125206e+20
1937
-9.58352151e+21
-4.77828982e+21
-6.24959221e+21
-1.07938311e+22
1941
-1.38441829e+21
-1.42395795e+21
-1.0555115e+22
-1.89731125e+21
1945
-1.63178683e+22
-3.41832218e+20
-7.38267889e+21
-4.22159894e+20
1949
-1.64786564e+21
-1.5944039e+22
-7.61744655e+21
-8.52341076e+20
1953
-2.15480541e+20
-1.37358131e+21
-4.67869252e+20
-1.87511538e+22
1957
-2.35298129e+21
-1.06755999e+22
-9.28589052e+21
-2.97092581e+20

1905
-5.67585734e+21
-7.0172402e+20
-2.00922343e+22
-2.02542151e+21
1909
-1.70813285e+20
-1.98064552e+21
-1.2094783e+20
-2.65123283e+21
1913
-1.10216332e+21
-2.16053802e+20
-5.31748323e+21
-1.07552687e+20
1917
-2.31857239e+22
-2.59129545e+21
-1.85872287e+21
-1.015514e+22
1921
-7.29443893e+21
-1.65174457e+21
-1.24501613e+22
-1.72598979e+21
1925
-6.86154402e+21
-6.20485769e+20
-6.85254026e+21
-9.14510544e+20
1929
-3.40246724e+21
-1.13343822e+22
-1.1041683e+22
-1.24345616e+22

2017
-3.20585388e+20
-1.05650102e+22
-2.02526491e+21
-3.67036173e+21
2021
-2.75502185e+20
-9.61064423e+21
-5.97577233e+21
-1.86148311e+20
2025
-2.37289391e+21
-1.84128752e+21
-4.14291401e+21
-7.36241482e+20
2029
-3.97154543e+21
-3.58309217e+21
-1.33008069e+21
-8.8612184e+21
2033
-3.23239957e+20
-1.25610579e+22
-1.46092024e+22
-1.72312388e+20
2037
-1.84131021e+21
-1.52201021e+21
-1.92219773e+21
-2.26722984e+20
2041
-8.23753245e+20
-4.92150479e+21
-1.69205063e+21
-1.48905405e+22

2101
-1.75580894e+21
-1.1988392e+22
-3.75294985e+21
-1.98422065e+22
2105
-3.7378607e+21
-1.79410536e+20
-1.79714811e+21
-1.28712897e+20
2109
-4.14116575e+21
-1.26954267e+20
-8.48331997e+21
-1.34553249e+20
2113
-9.95455525e+21
-7.10488112e+21
-1.91421143e+21
-1.61890321e+21
2117
-1.49696431e+21
-1.71933138e+21
-1.89884587e+21
-8.17068759e+20
2121
-1.87135222e+22
-3.55088442e+21
-1.97070438e+21
-9.63710413e+20
2125
-1.46713948e+21
-6.76657613e+21
-9.69830516e+19
-1.32756799e+22

1877
-3.25943326e+20
-1.89951102e+22
-6.87487053e+21
-1.20855851e+22
1881
-3.15416772e+20
-1.58135236e+21
-6.85552002e+21
-3.0638457e+21
1885
-1.00521396e+22
-1.37544182e+21
-9.89902937e+21
-1.67055299e+22
1889
-3.44136776e+21
-1.49259341e+21
-1.84702233e+21
-2.01305672e+22
1893
-2.91961514e+21
-3.67162699e+21
-2.65070496e+21
-4.41552775e+21
1897
-3.53844807e+21
-4.23106137e+21
-4.26489584e+21
-1.14463888e+21
1901
-6.78931196e+21
-3.83335651e+20
-2.39507468e+20
-2.00696143e+22

2185
-1.62750285e+21
-2.59598791e+20
-1.00905215e+21
-9.82611346e+21
2189
-1.96304329e+21
-2.01677259e+22
-1.45312011e+22
-3.6026038e+21
2193
-1.31675394e+22
-1.57433843e+21
-8.18741135e+20
-1.64959705e+21
2197
-9.30607263e+21
-1.89946151e+20
-1.75176703e+21
-1.62093212e+21
2201
-1.83424262e+21
-1.03864368e+21
-1.25345888e+21
-1.76389049e+21
2205
-1.4457328e+22
-1.74956752e+21
-1.12382679e+21
-3.57127395e+20
2209
-1.36481013e+21
-5.45803525e+21
-1.3512621e+22
-2.43194302e+21

2577
-5.85155969e+21
-1.12444891e+22
-8.16559817e+21
-1.80948586e+22
2581
-1.93291937e+21
-6.37656071e+21
-4.00874798e+20
-4.28873758e+20
2585
-2.72395757e+20
-2.29169708e+21
-1.64975412e+20
-3.47177821e+21
2589
-2.04154309e+21
-5.18964873e+21
-9.2076665e+21
-1.97893894e+21
2593
-1.5529697e+22
-1.0690665e+21
-2.30729787e+22
-9.39265108e+21
2597
-1.18141193e+22
-1.70667136e+20
-7.28768204e+20
-8.57518637e+20
2601
-2.20051875e+22
-1.6909913e+21
-1.78968772e+21
-1.63589847e+21

2241
-2.35559272e+22
-1.24138611e+22
-1.97795029e+21
-2.00236577e+21
2245
-8.80529906e+21
-1.1128221e+21
-1.98433439e+22
-1.83085395e+20
2249
-3.17173213e+20
-4.52687357e+20
-7.7590375e+21
-1.94830533e+20
2253
-6.9020569e+21
-7.39995814e+21
-1.60824873e+21
-1.49669859e+21
2257
-4.77787749e+20
-1.47314195e+21
-2.99261203e+21
-1.39007458e+20
2261
-5.39795415e+21
-3.97967411e+21
-1.49468051e+21
-2.89501131e+20
2265
-8.57746046e+20
-3.83230634e+21
-3.41816915e+21
-1.242977e+22

2605
-1.97087204e+21
-8.14174433e+21
-6.26186823e+21
-6.72949105e+20
2609
-9.08149425e+21
-1.2604414e+22
-1.79148907e+21
-9.90734208e+21
2613
-2.04877024e+20
-2.55725412e+22
-6.30034581e+21
-1.02670879e+22
2617
-1.49055205e+22
-1.22592977e+21
-1.70839063e+21
-6.9698354e+21
2621
-7.27592978e+20
-5.34541766e+20
-1.76425235e+21
-1.54984852e+20
2625
-5.11431641e+21
-2.68765237e+21
-3.70351815e+21
-4.90938975e+20
2629
-2.01447031e+21
-1.37655571e+20
-1.38026588e+22
-1.15727221e+21

3249
-9.00759861e+20
-1.80320229e+22
-1.98464009e+21
-6.84159736e+21
3253
-5.29525389e+20
-1.63370641e+21
-3.98947823e+21
-1.65225197e+21
3257
-1.1567126e+22
-9.99944138e+21
-2.34673799e+21
-8.97204279e+20
3261
-1.76499886e+21
-2.61480499e+21
-2.15930363e+22
-1.88055636e+20
3265
-1.10283501e+21
-1.52416372e+22
-1.27727353e+21
-1.7644044e+21
3269
-1.83340638e+22
-9.6118358e+21
-9.57706799e+20
-2.12779818e+21
3273
-3.13341525e+20
-1.08391758e+21
-1.09716224e+21
-1.80401905e+21

2717
-1.62651289e+20
-2.39212427e+21
-1.66952872e+21
-1.97548743e+22
2721
-1.68416448e+20
-1.91464992e+21
-1.62710663e+22
-1.90332593e+21
2725
-3.84124645e+20
-4.43315057e+21
-6.81213189e+21
-8.54049316e+20
2729
-2.10645191e+21
-7.15220372e+20
-1.25342538e+21
-1.7266956e+20
2733
-1.697102e+21
-1.40557432e+22
-1.99075957e+21
-1.43845411e+21
2737
-2.16574963e+22
-1.80289101e+21
-1.83901638e+21
-1.51944263e+22
2741
-1.71913685e+21
-2.81296796e+22
-9.64266125e+20
-8.78504776e+20

2297
-2.03083721e+21
-1.23079459e+22
-2.2843306e+22
-2.10919819e+21
2301
-2.87622059e+22
-8.52564469e+19
-3.23739153e+20
-1.1696609e+22
2305
-2.50494121e+22
-1.63626211e+22
-2.2460445e+20
-1.87538047e+21
2309
-4.39058174e+20
-1.52184005e+21
-9.42390138e+21
-5.49278546e+20
2313
-2.93957023e+20
-4.05400092e+21
-1.78407745e+21
-1.58472847e+22
2317
-1.89234075e+21
-1.82900441e+21
-1.43546477e+21
-1.66336738e+21
2321
-5.33479658e+21
-1.1186862e+21
-1.97620341e+21
-1.84949656e+21

2661
-1.91554986e+21
-1.34985366e+21
-1.91802727e+21
-7.72500933e+20
2665
-1.25654492e+21
-8.76049293e+21
-1.21964342e+22
-1.26990695e+21
2669
-2.58572047e+22
-2.00021386e+21
-8.35123634e+20
-3.62761568e+21
2673
-1.23219193e+22
-2.04877138e+21
-1.78129739e+21
-1.581462e+21
2677
-7.11168228e+21
-1.17412292e+22
-1.34019293e+22
-1.02717456e+22
2681
-1.2612361e+21
-6.03014392e+21
-1.586608e+21
-1.83454557e+22
2685
-1.52118939e+21
-7.58105463e+21
-4.39029197e+21
-3.09839684e+20

2857
-7.90146714e+20
-1.90841285e+21
-1.99710006e+21
-3.18474879e+20
2861
-1.04819843e+22
-3.98188456e+21
-1.19865097e+21
-8.65918117e+21
2865
-4.3121762e+21
-2.03746042e+21
-1.36402907e+22
-8.05713399e+20
2869
-2.1768679e+20
-1.41476017e+21
-7.23113453e+20
-1.6758904e+20
2873
-1.69420991e+21
-5.21975425e+21
-7.79936111e+20
-1.06709726e+22
2877
-2.37905545e+20
-8.79468815e+21
-1.22183487e+20
-1.64687208e+20
2881
-6.49671653e+21
-1.14355061e+21
-1.90694178e+21
-1.56399636e+21

2745
-8.26164385e+21
-3.64546646e+21
-1.56441703e+21
-1.64219615e+21
2749
-7.27268165e+20
-4.74894942e+20
-1.46713898e+20
-1.88831791e+21
2753
-1.88105526e+21
-3.9982946e+20
-5.56130101e+20
-6.53724849e+20
2757
-1.25236609e+21
-4.58599169e+21
-4.76424421e+20
-1.31638244e+20
2761
-1.2458214e+22
-1.49327461e+21
-1.6025863e+21
-1.55540025e+22
2765
-2.076406e+20
-1.12251942e+22
-1.41939999e+22
-1.80337293e+20
2769
-1.37074358e+21
-1.0599111e+21
-3.74931606e+21
-1.2912947e+22

2801
-6.33700924e+21
-9.89828302e+21
-1.82608986e+21
-1.4950855e+20
2805
-3.81963367e+21
-1.03469682e+21
-1.56606556e+21
-2.04953983e+20
2809
-2.04092691e+21
-1.22511496e+21
-3.14301197e+20
-3.25687287e+21
2813
-1.76064636e+21
-6.75934191e+21
-3.75568815e+21
-1.42911417e+22
2817
-1.2902403e+21
-2.61897008e+21
-1.87743446e+21
-1.25992327e+22
2821
-1.63227369e+20
-1.79448108e+21
-6.54217224e+21
-1.47007788e+21
2825
-1.50046335e+22
-1.70530364e+21
-1.35674468e+22
-9.68623377e+20

2325
-1.82188668e+22
-1.22744879e+21
-1.72957486e+21
-2.86080048e+21
2329
-1.78819945e+21
-5.73436581e+21
-6.84820236e+21
-1.86375135e+21
2333
-1.99207591e+21
-1.846669e+21
-4.40169563e+21
-7.90557948e+20
2337
-1.2034697e+22
-1.39298408e+20
-1.79330578e+21
-5.65054994e+21
2341
-9.16580052e+20
-2.78055972e+21
-5.04352346e+20
-1.22533493e+20
2345
-1.67799704e+20
-4.84210502e+21
-4.04625505e+20
-6.02286296e+21
2349
-4.46545743e+21
-1.77732039e+21
-2.62856979e+21
-1.74048007e+21

2913
-1.51028453e+22
-9.10619339e+20
-8.52960267e+21
-4.49520691e+20
2917
-6.94548942e+21
-3.02979035e+21
-1.80713288e+21
-1.2546341e+20
2921
-1.06213471e+22
-1.67500611e+21
-7.09485848e+21
-1.02032991e+22
2925
-1.1405106e+21
-2.37784611e+22
-1.75836958e+22
-2.07430168e+20
2929
-1.88115861e+21
-1.94501118e+21
-1.17398587e+21
-4.64065086e+20
2933
-1.73977349e+22
-1.6477718e+22
-1.80904505e+21
-3.61188214e+21
2937
-2.53092892e+20
-1.81811576e+20
-1.81263016e+21
-1.58569658e+21

2409
-1.1973353e+20
-3.52157585e+20
-1.87868001e+21
-2.34047363e+21
2413
-5.62645864e+21
-1.06634977e+22
-3.96158999e+21
-3.59214403e+21
2417
-9.38120871e+21
-5.62522163e+21
-8.9935105e+20
-5.02139026e+20
2421
-1.04866687e+21
-1.42240959e+20
-9.1754141e+21
-1.34071035e+22
2425
-4.22170895e+21
-3.92457907e+21
-1.70310021e+22
-2.01359257e+21
2429
-1.63343352e+21
-9.59451883e+20
-2.25880256e+22
-1.60713006e+21
2433
-1.76373241e+21
-1.33885227e+22
-1.90612268e+22
-1.96803753e+21

2941
-4.87312945e+20
-2.15771937e+20
-1.99802938e+21
-1.51361421e+20
2945
-7.74778491e+21
-2.06616672e+22
-5.15681601e+20
-1.29264167e+22
2949
-3.65172971e+21
-4.27155312e+20
-6.36092172e+21
-9.64674151e+21
2953
-5.63464013e+21
-3.40073691e+21
-1.10345895e+22
-2.14285154e+20
2957
-3.8773309e+20
-2.15921198e+22
-8.90157597e+21
-1.33153018e+22
2961
-7.88268179e+20
-2.50190132e+22
-3.87769833e+20
-8.45148735e+20
2965
-1.92334244e+21
-1.75770204e+20
-2.4344877e+20
-1.98415754e+22

2493
-1.15692414e+22
-1.84748493e+20
-3.12655983e+21
-1.7340764e+21
2497
-1.24281867e+22
-1.76315838e+20
-1.98270224e+21
-3.70841279e+20
2501
-2.2386026e+22
-6.73821712e+20
-8.03693526e+21
-8.2376493e+21
2505
-1.85539467e+21
-1.0845884e+22
-8.28134852e+21
-9.30030511e+19
2509
-1.69057832e+21
-1.52703473e+21
-8.96052275e+21
-1.46830851e+21
2513
-6.88088961e+21
-1.23470431e+21
-1.60998314e+22
-5.1680099e+21
2517
-8.27467359e+21
-1.49987528e+21
-1.3459292e+22
-1.23886981e+22

2773
-5.61548088e+21
-9.28066891e+21
-8.46637859e+19
-6.93511231e+21
2777
-9.22528886e+20
-2.40779367e+22
-6.10740299e+20
-4.64586924e+21
2781
-5.32990746e+21
-1.86805953e+21
-9.49480214e+21
-2.00152436e+21
2785
-7.47614309e+20
-1.09480534e+20
-6.79239442e+20
-1.13789743e+21
2789
-1.99511255e+21
-1.04491465e+22
-8.49895519e+21
-1.25236968e+21
2793
-5.49646056e+20
-6.63624926e+20
-1.28407091e+21
-1.96412383e+21
2797
-8.88879387e+21
-2.84528073e+22
-2.57478039e+22
-1.93814393e+21

2549
-5.0413708e+21
-1.37980807e+21
-2.061532e+21
-2.1464413e+22
2553
-1.57032503e+21
-7.72427877e+20
-1.90091501e+22
-1.96657681e+21
2557
-5.26329698e+20
-8.00363293e+21
-1.96339581e+21
-1.18607197e+20
2561
-8.57977096e+21
-8.78482822e+21
-1.27310454e+21
-5.27486323e+20
2565
-2.06630566e+22
-6.8499542e+21
-1.91127239e+21
-6.05223682e+21
2569
-1.80772274e+22
-5.61805121e+21
-5.11672628e+20
-2.58455995e+20
2573
-5.74834355e+20
-1.62934489e+21
-5.32138162e+20
-1.5473602e+22

3109
-6.29997676e+21
-3.80391375e+20
-1.86640596e+20
-6.63564805e+21
3113
-2.76314707e+21
-6.1021446e+20
-7.17150153e+20
-1.11430859e+22
3117
-5.18730438e+20
-1.91026074e+21
-2.92766141e+21
-2.78844969e+20
3121
-2.47019675e+20
-5.47050755e+20
-2.10009262e+21
-2.93203193e+20
3125
-1.27211253e+22
-1.64727932e+22
-2.40109219e+20
-1.65296856e+21
3129
-3.74616026e+20
-2.35352926e+20
-1.15227554e+22
-2.66383212e+20
3133
-4.4845775e+21
-2.92433638e+20
-7.29517766e+21
-1.92224199e+21

3221
-5.09577117e+21
-1.58386137e+22
-2.60426745e+20
-3.80250729e+20
3225
-2.72017913e+20
-1.45014902e+20
-8.28969951e+20
-3.49445795e+21
3229
-1.34325645e+22
-2.72145582e+21
-1.00861656e+22
-6.39496608e+21
3233
-1.95863129e+22
-7.05213929e+20
-6.36768933e+20
-1.24776772e+22
3237
-8.03126931e+20
-3.462119e+20
-5.68657034e+21
-7.79994289e+21
3241
-3.51340578e+20
-2.3602128e+20
-2.2674266e+20
-1.56969733e+21
3245
-1.22142008e+22
-1.82151343e+21
-3.99944802e+21
-1.56776857e+22

3165
-1.54500268e+22
-2.0260809e+21
-1.55649087e+20
-1.01922655e+22
3169
-1.95384757e+21
-1.63448134e+21
-1.19099939e+22
-7.86247502e+20
3173
-2.60500253e+20
-1.79238414e+21
-1.05228738e+21
-1.88814158e+22
3177
-1.63334427e+21
-4.33895313e+20
-3.48165882e+20
-7.41573394e+20
3181
-9.92340038e+19
-6.85534806e+21
-7.12983775e+21
-4.03181672e+21
3185
-1.59851101e+22
-1.49412289e+21
-1.30347982e+21
-2.51392798e+20
3189
-1.39647755e+21
-1.97565111e+22
-3.04318544e+20
-1.69224764e+21

2633
-6.12888986e+21
-3.74947212e+21
-6.15067958e+21
-2.75594004e+21
2637
-1.39739796e+21
-1.91784115e+22
-1.11040438e+21
-7.05757332e+20
2641
-1.12660408e+21
-3.69501311e+20
-2.25817681e+22
-2.79802503e+20
2645
-2.28638052e+22
-4.52080465e+20
-2.21231618e+20
-1.76601167e+21
2649
-2.35086419e+22
-1.15889139e+22
-1.56393026e+21
-7.84762955e+20
2653
-1.02491e+22
-1.1513097e+21
-6.39189575e+20
-7.51218239e+21
2657
-2.62435076e+21
-1.71186137e+22
-2.69588832e+20
-1.15779634e+21

2885
-4.81617225e+21
-1.62435013e+21
-5.02463939e+21
-2.16251718e+20
2889
-6.27893849e+21
-1.85408191e+21
-2.05118889e+21
-3.74163299e+21
2893
-6.66154798e+21
-1.21592926e+22
-1.32980178e+20
-1.21450983e+22
2897
-1.50097327e+20
-9.60610241e+21
-1.51154406e+21
-1.67556707e+22
2901
-1.95696962e+22
-1.55665022e+21
-1.43775883e+21
-1.48891591e+22
2905
-4.97817308e+21
-4.4538274e+20
-1.16124432e+21
-1.92165784e+21
2909
-5.40744394e+20
-1.59322454e+22
-1.57736263e+21
-3.89764619e+21

2521
-9.81303587e+20
-8.77931179e+21
-8.13141983e+19
-1.21513422e+22
2525
-2.09677311e+21
-1.6699483e+21
-1.46469934e+22
-1.14040247e+22
2529
-9.17876737e+20
-7.91430011e+20
-1.48443114e+22
-1.33499487e+21
2533
-4.00305554e+21
-1.60577449e+21
-4.68177812e+20
-3.22921954e+20
2537
-6.01553219e+21
-1.8453118e+21
-1.97520891e+21
-1.08387598e+22
2541
-9.5018438e+21
-1.37870621e+20
-9.27586242e+21
-3.55309393e+20
2545
-3.36472835e+21
-2.36073538e+21
-4.14337454e+20
-2.3163837e+20

3193
-1.87147022e+21
-1.48962827e+21
-4.09594494e+20
-5.05612367e+21
3197
-5.04262556e+21
-1.42941348e+22
-2.06731433e+20
-1.95148743e+21
3201
-1.29918296e+21
-6.02858686e+21
-1.9448113e+21
-2.26889753e+20
3205
-3.3958809e+21
-9.43339091e+20
-6.88014818e+21
-3.74161589e+21
3209
-1.58243348e+22
-1.81241078e+21
-2.47160496e+22
-1.44232282e+21
3213
-2.82434114e+21
-7.13728092e+20
-2.56697331e+21
-5.01342049e+21
3217
-1.83773632e+22
-6.99553677e+20
-5.7367553e+21
-4.38050646e+20

2465
-1.24894278e+22
-1.69156342e+21
-3.76794353e+21
-2.74781246e+20
2469
-3.18389533e+21
-1.09349634e+22
-8.62184412e+20
-2.20784906e+20
2473
-1.79883575e+20
-1.24101375e+20
-1.21227374e+20
-6.93128636e+21
2477
-1.70102275e+22
-2.74824443e+20
-2.23701246e+22
-2.46727728e+22
2481
-1.11620882e+21
-2.17774792e+21
-3.25531561e+20
-9.95651902e+21
2485
-1.41574918e+21
-2.1043719e+20
-1.01559199e+20
-2.24331469e+22
2489
-1.8906088e+20
-8.24112304e+21
-1.93681465e+21
-1.33713248e+21

2437
-2.4328881e+20
-2.13373852e+20
-1.33763406e+20
-7.12322553e+20
2441
-3.18011864e+20
-7.54463323e+20
-3.5249971e+21
-1.26817487e+21
2445
-8.0020917e+20
-5.61349554e+20
-7.42183769e+21
-1.64257439e+21
2449
-1.43468204e+21
-6.1325379e+21
-1.95807376e+21
-1.86714593e+21
2453
-1.40749833e+21
-5.94115183e+20
-2.50255094e+20
-1.81692807e+21
2457
-1.56348242e+20
-2.16204826e+20
-1.42372147e+22
-2.54396683e+20
2461
-1.16196189e+20
-9.80794527e+20
-7.11273815e+19
-5.16469509e+21

3277
-2.12806791e+21
-1.44087412e+21
-7.64650883e+21
-9.71872074e+21
3281
-1.5384465e+21
-1.47938593e+21
-1.67549812e+21
-4.89829715e+21
3285
-6.78138746e+20
-1.61749057e+22
-4.39390452e+21
-9.85672297e+19
3289
-2.17713399e+21
-1.94325985e+21
-6.7797281e+21
-1.498782e+22
3293
-1.70884893e+21
-6.08307756e+20
-9.48792729e+20
-1.33200733e+22
3297
-3.72212676e+21
-1.51894642e+20
-1.504455e+21
-5.13583893e+20
3301
-8.55361661e+21
-1.79778289e+21
-5.12216028e+21
-1.26335418e+21

3333
-1.76257828e+21
-3.65799853e+20
-1.53708361e+22
-1.19014931e+20
3337
-4.41287252e+21
-2.04023894e+21
-5.76616679e+20
-8.33672138e+20
3341
-1.52350129e+22
-7.75981761e+20
-1.37175472e+20
-1.87843129e+21
3345
-1.40901269e+21
-1.88689644e+21
-1.08104458e+22
-3.58373833e+20
3349
-3.41357159e+20
-1.10597841e+22
-1.80044493e+21
-2.62703864e+21
3353
-1.42576255e+22
-2.01238746e+21
-1.99161174e+21
-5.90197701e+21
3357
-1.80568656e+21
-7.27886682e+21
-1.72730544e+21
-6.4713345e+21

2269
-3.83475925e+20
-1.88393229e+21
-8.14042184e+21
-2.01449305e+21
2273
-1.14944546e+21
-1.96986619e+21
-9.35306141e+21
-1.2194865e+20
2277
-1.69075944e+21
-1.97590239e+21
-1.58599679e+20
-2.26620121e+20
2281
-1.6373229e+21
-8.30173441e+20
-1.99852313e+21
-1.3440921e+21
2285
-8.38416189e+20
-1.56418793e+22
-4.6275342e+21
-1.29924231e+22
2289
-2.00383462e+21
-2.51339322e+22
-1.98120385e+21
-1.35945143e+21
2293
-1.4244454e+21
-3.51693418e+20
-1.50880605e+22
-1.34504666e+21

2829
-1.88105471e+21
-2.25149983e+22
-2.33138612e+20
-2.94177781e+21
2833
-1.54836813e+21
-8.46372352e+20
-4.20368507e+21
-1.47074332e+21
2837
-1.24295128e+22
-8.63717321e+21
-1.8088055e+20
-5.81063108e+21
2841
-5.07541972e+21
-6.44181719e+21
-2.15273456e+22
-1.87043891e+21
2845
-1.21823695e+22
-1.33632826e+20
-9.90516722e+21
-9.57350755e+20
2849
-1.31921703e+21
-1.0957103e+21
-3.77158201e+21
-5.90892492e+21
2853
-2.23007557e+20
-1.71260976e+21
-6.30774996e+20
-1.65493708e+21

2689
-1.99345322e+21
-1.13244104e+22
-1.39706255e+21
-1.95391845e+21
2693
-4.7630595e+20
-2.071116e+21
-4.23774938e+21
-1.62405357e+21
2697
-9.98109953e+21
-9.38825904e+19
-8.83225295e+19
-1.78925679e+21
2701
-1.36264758e+21
-3.04598994e+21
-1.86943639e+21
-1.84742697e+22
2705
-3.81421719e+21
-1.68558066e+21
-6.64198647e+20
-1.60458082e+21
2709
-1.53330947e+21
-1.80137752e+20
-3.77899431e+20
-7.47186119e+21
2713
-4.84422764e+20
-3.77131625e+21
-1.69866341e+20
-1.08898423e+22

3025
-1.95577284e+21
-1.89498893e+21
-6.95692088e+21
-1.41329239e+21
3029
-1.09106287e+22
-7.31433472e+21
-6.88521732e+21
-5.57638823e+20
3033
-1.67932479e+22
-3.1564315e+21
-1.6505e+22
-1.28126437e+21
3037
-1.42468546e+21
-1.84498021e+22
-1.51218657e+20
-1.45239789e+22
3041
-1.81335603e+22
-1.37132187e+21
-7.34068701e+20
-2.28364267e+20
3045
-2.07586292e+21
-2.08766255e+22
-5.50621908e+21
-7.57654398e+21
3049
-1.08861381e+22
-6.30298014e+20
-3.14350881e+21
-3.4892357e+21

3053
-1.22029287e+21
-2.35184866e+22
-1.97537511e+22
-9.66118182e+21
3057
-1.15885029e+22
-1.75609165e+21
-2.72228679e+21
-1.7129091e+21
3061
-1.96062911e+21
-6.59668146e+21
-1.48488458e+21
-1.39786364e+22
3065
-1.76825204e+22
-1.7420918e+22
-1.07224046e+20
-1.76563238e+22
3069
-2.31400358e+21
-2.72861589e+20
-1.43254989e+21
-2.54450654e+21
3073
-5.60009985e+20
-1.53524043e+21
-7.35216525e+20
-1.15943307e+20
3077
-1.07390046e+22
-1.44412502e+21
-4.59312705e+21
-1.67218565e+22

2353
-7.37783192e+21
-2.37363836e+22
-1.77608002e+21
-6.67645433e+20
2357
-1.99523322e+21
-1.11155666e+22
-5.24901349e+21
-1.03452222e+21
2361
-1.48030988e+22
-1.00659657e+22
-3.57290358e+21
-3.82832735e+21
2365
-2.97488894e+21
-1.66809416e+20
-1.95014719e+20
-1.27965019e+22
2369
-1.54475331e+20
-4.19306878e+20
-3.50854262e+20
-5.5730502e+20
2373
-1.3094431e+21
-5.17719893e+21
-2.20663666e+22
-1.28259899e+21
2377
-1.13522705e+21
-1.30301914e+21
-5.97691821e+21
-1.86481021e+22

3081
-1.4915133e+22
-1.68105054e+21
-5.39822869e+20
-1.49652903e+22
3085
-1.85864076e+21
-2.12760172e+21
-1.1699114e+22
-3.4147791e+21
3089
-2.05276744e+21
-1.43980003e+21
-1.63353334e+20
-1.22614908e+20
3093
-5.22888009e+21
-1.49563186e+20
-2.3835542e+22
-1.09083448e+22
3097
-1.99559848e+22
-1.53236919e+22
-1.49936284e+22
-1.24118882e+22
3101
-3.81000159e+20
-1.0624037e+21
-1.666039e+22
-1.32175294e+20
3105
-1.86410686e+21
-1.25714105e+21
-1.70154998e+21
-2.20108396e+21

2381
-2.05667257e+20
-4.13156453e+20
-1.06229336e+20
-1.67436722e+22
2385
-1.89177689e+20
-1.73617476e+21
-3.33591033e+21
-1.49733535e+21
2389
-1.47587027e+21
-1.58361312e+22
-5.96567061e+21
-4.44570645e+21
2393
-1.6211446e+20
-6.96256101e+20
-1.10877678e+20
-1.79957884e+22
2397
-8.53755522e+21
-1.71429649e+21
-1.01310526e+20
-2.98613545e+21
2401
-3.74633776e+20
-2.47899433e+21
-1.21071883e+21
-1.45442019e+22
2405
-3.47892718e+21
-1.36400582e+21
-8.60215206e+20
-1.78328964e+22

3137
-8.65264639e+21
-1.31566716e+21
-6.0563775e+21
-2.01163132e+21
3141
-1.67463112e+21
-2.22860073e+22
-1.09532323e+21
-9.62562311e+19
3145
-6.67107167e+20
-1.9372209e+20
-3.37938774e+21
-4.2038063e+20
3149
-5.23285295e+21
-1.7650387e+21
-1.646094e+20
-1.63597099e+20
3153
-6.54003239e+20
-2.63129206e+21
-9.76132285e+21
-1.31954466e+22
3157
-1.87086643e+21
-1.87534608e+21
-7.9737579e+21
-8.42856864e+21
3161
-4.75392626e+21
-3.27528041e+21
-4.75987612e+21
-1.48085174e+21

2969
-1.11718163e+21
-1.60313426e+20
-2.50299666e+20
-1.2901223e+21
2973
-2.441599e+21
-2.01138975e+22
-5.5380107e+20
-7.7059025e+20
2977
-1.94542572e+20
-2.55769407e+22
-1.8567659e+22
-2.76927566e+20
2981
-1.74336474e+21
-1.52538684e+21
-1.59604944e+21
-1.46755134e+22
2985
-1.56332522e+22
-1.19022907e+22
-9.95884607e+21
-1.85674195e+21
2989
-1.48281668e+21
-2.7684581e+21
-4.05073902e+21
-1.32800837e+21
2993
-1.22671692e+22
-4.68265906e+20
-1.64246781e+21
-1.3808821e+21

2997
-7.47998628e+21
-5.62391652e+20
-1.29147918e+22
-7.03253746e+21
3001
-4.75868469e+20
-1.62097143e+21
-1.36974776e+21
-1.77300559e+21
3005
-4.17694988e+21
-1.12423917e+22
-1.69314426e+21
-1.42713556e+20
3009
-1.11570689e+21
-1.17601824e+21
-1.77493833e+22
-2.02238336e+21
3013
-8.94803316e+21
-1.99564311e+21
-1.4915774e+22
-2.57321676e+20
3017
-6.09266538e+21
-2.15800666e+22
-3.55062565e+20
-1.14529477e+22
3021
-1.29394673e+21
-1.92077009e+22
-4.97815061e+20
-1.20993132e+20

3305
-6.06203582e+21
-1.26266596e+21
-1.7608272e+21
-5.02546695e+20
3309
-1.86070482e+21
-4.52147518e+21
-2.74028843e+21
-2.00035548e+21
3313
-1.40130635e+21
-1.19538411e+21
-1.74828502e+22
-2.28097194e+22
3317
-6.6515292e+20
-1.36949941e+21
-2.84487323e+20
-1.08671456e+21
3321
-1.77575037e+21
-1.74426469e+22
-7.21171071e+21
-3.48190313e+21
3325
-5.03935464e+21
-1.15823801e+21
-1.26561472e+21
-1.37115993e+21
3329
-1.48766226e+20
-8.6544504e+21
-9.61596786e+20
-1.6081399e+21
