
2045
-354181.598
-452554.592
-387368.291
-2616831.05
2049
-370281.018
-605959.378
-1043845.26
-793767.21
2053
-436392.912
-684579.851
-1240800.23
-321540.563
2057
-335664.117
-1290269.11
-355437.598
-493437.347
2061
-492808.106
-300580.595
-331950.133
-551405.657
2065
-610801.867
-1257518.26
-436313.45
-1515897.33
2069
-260728.505
-1198215.87
-777377.783
-397493.87

2129
-400823.846
-338314.03
-345393.272
-264570.477
2133
-483965.843
-1149344.33
-402310.753
-1193974.61
2137
-472141.037
-308320.46
-500260.283
-438830.068
2141
-399969.699
-1721949.43
-268473.844
-284086.025
2145
-444443.66
-778955.384
-385908.868
-1945419.78
2149
-297988.964
-273111.342
-447482.221
-2864821.21
2153
-593911.166
-480325.937
-272802.442
-494616.324

1961
-702864.234
-264966.987
-416497.835
-252988.734
1965
-476829.246
-654280.462
-491320.93
-753584.081
1969
-515730.78
-277916.342
-237557.065
-365145.951
1973
-457753.277
-1118404.48
-919275.609
-260828.566
1977
-323073.484
-305957.88
-585442.622
-417945.97
1981
-349883.391
-500865.248
-289877.064
-463520.665
1985
-294351.457
-343584.333
-414980.751
-371850.387

1905
-289167.558
-2020241.32
-2477684.73
-514598.044
1909
-273647.128
-268286.375
-911238.61
-2535912.97
1913
-1186255.72
-332464.218
-1225602.95
-266853.963
1917
-2513116.92
-342948.859
-327969.104
-1042137.62
1921
-724652.176
-2019740.13
-298351.017
-1437426.06
1925
-1529058.44
-1220976.52
-333103.094
-543582.495
1929
-385928.398
-1519981.99
-396677.644
-708890.851

2017
-796475.86
-1266736.13
-385442.986
-402649.38
2021
-459376.845
-722608.965
-645197.586
-428867.265
2025
-271638.295
-321135.17
-222460.312
-493632.728
2029
-365912.806
-1321516.29
-648322.285
-432149.312
2033
-1238043.08
-403813.699
-970106.158
-708712.462
2037
-320698.776
-203633.76
-442491.652
-251908.137
2041
-1311907.3
-743701.779
-2079743.58
-1077573.65

1989
-472883.741
-573993.956
-309182.341
-456514.599
1993
-397030.18
-230025.156
-387726.062
-294692.214
1997
-750572.987
-226183.832
-196549.154
-425800.795
2001
-2046641.35
-684775.496
-307020.143
-1274060.21
2005
-449280.545
-227462.208
-258426.209
-503257.92
2009
-509953.52
-295889.72
-299327.755
-300584.843
2013
-372518.699
-471726.312
-330891.931
-310959.393

2073
-833373.674
-1548929.71
-338922.751
-1451697.09
2077
-1183078.47
-214500.845
-1694618.41
-503034.988
2081
-602083.992
-827255.142
-1552967.85
-963662.848
2085
-551079.285
-1855541.04
-285373.742
-306649.438
2089
-408469.888
-494706.903
-235060.58
-338941.176
2093
-628769.403
-727393.733
-479380.624
-288782.846
2097
-388284.153
-496499.044
-331514.059
-376822.098

1037
-1319430.77
-312358.943
-1833760.76
-1094013.77
1041
-509956.857
-202749.557
-281969.863
-317466.882
1045
-759012.465
-349591.57
-1076631.87
-386793.577
1049
-1182885.8
-349709.552
-979360.074
-1419546.04
1053
-2481603.16
-392787.297
-488545.406
-685150.427
1057
-561699.094
-1503074.22
-251020.221
-735847.314
1061
-1711334.53
-392769.773
-1993119.41
-259066.135

1933
-1360841.18
-441685.421
-549108.124
-425764.781
1937
-277184.144
-2230535
-506184.114
-792717.154
1941
-369609.973
-439225.193
-364289.88
-403111.999
1945
-332652.575
-216052.634
-2258254.12
-412022.222
1949
-379871.841
-320469.67
-785991.817
-1333862.7
1953
-634442.811
-3027736.44
-380873.072
-231550.413
1957
-402768.052
-415897.131
-502170.516
-241223.328

617
-482821.232
-433617.595
-329005.79
-241845.908
621
-1227042.97
-491811.638
-466873.482
-469844.834
625
-301011.344
-482037.302
-444465.667
-358714.661
629
-283747.195
-525309.443
-1599501.83
-300801.218
633
-418751.617
-348038.988
-232970.647
-290210.205
637
-1001496.29
-1075258.46
-873853.603
-504620.396
641
-258488.854
-564051.587
-275564.916
-545179.788

141
-2178589.29
-278788.792
-1214516.91
-871866.41
145
-504848.423
-561031.103
-1891676.74
-1114609.09
149
-496648.309
-410481.781
-252830.919
-444201.299
153
-1439596.95
-284238.409
-396683.978
-430461.127
157
-302359.033
-399284.297
-297500.755
-696328.826
161
-253107.397
-577314.36
-400802.498
-814086.412
165
-268675.028
-388947.812
-356539.507
-346254.334

337
-451141.922
-282528.012
-550566.053
-478596.428
341
-818387.708
-708423.793
-276423.761
-450219.909
345
-964690.345
-487844.972
-494754.451
-295408.214
349
-1159634.25
-2270206.93
-279114.921
-646543.959
353
-618594.395
-455677.192
-368027.485
-363609.501
357
-319545.706
-331857.926
-716844.514
-450868.867
361
-384891.058
-1091374.58
-1179295.49
-442116.36

897
-278480.318
-324948.126
-307693.861
-385973.527
901
-745400.226
-298805.393
-1477484.02
-1651226.62
905
-998931.895
-575733.224
-324870.091
-2510167.6
909
-268938.947
-407272.616
-246859.356
-378771.473
913
-748410.69
-247434.84
-465359.015
-377709.385
917
-433077.928
-321503.96
-1155724.48
-403952.501
921
-2416992.7
-464838.707
-1322257.77
-219523.494

477
-361196.726
-1349651.51
-1530989.94
-425242.576
481
-426032.333
-309074.469
-855237.474
-713165.776
485
-325686.258
-2075892.06
-754392.696
-483543.858
489
-364333.63
-288916.888
-461767.056
-406949.638
493
-969740.951
-615563.152
-1592276.96
-966873.976
497
-1572132.79
-358561.414
-1153139.19
-637368.918
501
-463216.721
-446373.997
-1141803.48
-1586545.41

785
-293035.9
-330093.982
-399893.372
-322853.45
789
-303428.082
-991046.575
-414504.536
-227355.595
793
-1444924.9
-887528.927
-685196.258
-601788.089
797
-1466573.48
-504819.801
-338243.842
-307741.514
801
-227710.719
-451194.473
-615826.422
-862041.272
805
-523724.806
-444766.198
-278556.208
-2220979.87
809
-498929.899
-299750.497
-253131.033
-2235385.37

645
-284738.418
-297084.036
-612006.956
-293316.649
649
-359093.571
-345598.107
-483890.985
-563449.098
653
-274314.957
-469125.921
-352345.006
-2997723.34
657
-278805.526
-968998.01
-1618978.42
-944151.319
661
-404981.649
-451835.039
-1327170.3
-642111.986
665
-367076.76
-244035.48
-1014607.28
-594666.34
669
-941420.537
-1971272.01
-874399.556
-439340.232

813
-1274799.67
-1496871.59
-433316.05
-264691.725
817
-470414.951
-340370.55
-2532632
-432078.552
821
-1301637.23
-548438.336
-723827.982
-500196.21
825
-308548.833
-509808.662
-315259.095
-504491.717
829
-487902.308
-804581.311
-948784.549
-440440.343
833
-662168.266
-263967.515
-832167.88
-472446.287
837
-241283.528
-328960.208
-427484.215
-398491.472

505
-391131.113
-1259152.01
-1448332.56
-350126.139
509
-370263.363
-423564.738
-417086.832
-266344.571
513
-2009080.98
-297728.46
-2298170.38
-429668.153
517
-360561.75
-253471.937
-523757.113
-481292.601
521
-1496712.21
-782100.244
-469732.386
-267103.061
525
-343701.644
-595506.239
-417139.22
-460828.128
529
-1300430.73
-321460.907
-540515.832
-557619.136

449
-265092.938
-469393.905
-2316715.86
-306341.616
453
-299852.557
-281733.357
-463714.827
-703776.997
457
-468688.41
-1511730.24
-754254.211
-434337.461
461
-876337.432
-308448.748
-305123.971
-924303.238
465
-483030.142
-492270.03
-1310866.69
-565279.877
469
-1135277.04
-403778.735
-670834.35
-707727.289
473
-450140.312
-321233.113
-1067643.31
-1051427.22

701
-308764.517
-457471.267
-1059214.33
-250247.411
705
-424021.815
-228476.012
-308464.495
-2856835.75
709
-317724.483
-835258.629
-501822.096
-496514.407
713
-597962.778
-340003.053
-297684.592
-354414.029
717
-407195.704
-1147682.31
-1096155.06
-773047.287
721
-286784.194
-873278.314
-1083831.17
-442827.601
725
-754923.214
-1489340.8
-515416.964
-502554.773

533
-1336593.93
-768357.624
-1765106.5
-580112.134
537
-746411.431
-354496.923
-497140.928
-325440.52
541
-704770.57
-2529555.07
-807884.763
-526516.094
545
-417044.494
-293257.852
-244621.476
-415090.975
549
-1689563.75
-428019.532
-331023.346
-1262137.25
553
-268734.107
-571913.5
-671947.654
-237767.759
557
-263784.65
-433823.24
-513568.339
-278623.539

309
-1377633.84
-247692.405
-343431.651
-323101.157
313
-499996.785
-2744739.42
-344721.465
-436589.116
317
-2070758.79
-288691.55
-1077684.44
-324422.293
321
-1306745.98
-277695.357
-315333.148
-2173654.17
325
-793917.587
-294621.952
-441685.494
-413021.643
329
-395722.881
-532263.384
-774242.031
-486010.493
333
-656129.29
-387340.257
-275987.624
-403208.909

953
-323203.577
-1561957.56
-466072.332
-2240568.3
957
-246428.261
-325750.473
-502102.386
-261477.931
961
-440862.378
-380606.616
-681940.644
-2329837.85
965
-321229.114
-1056582.2
-600502.216
-1341395.31
969
-2521278.6
-1590375.57
-347658.96
-375309.45
973
-487898.112
-586176.915
-936915.632
-430011.462
977
-768171.21
-399087.042
-295497.411
-619211.69

589
-264119.471
-405029.636
-299065.506
-413946.308
593
-265475.981
-185807.349
-430854.697
-455980.479
597
-769104.696
-367017.665
-323754.697
-934488.437
601
-1100811.98
-270617.714
-601056.759
-2012099.96
605
-938096.781
-718530.788
-1636686.3
-649423.015
609
-750542.111
-457085.92
-386507.259
-473490.561
613
-702173.59
-367922.453
-313913.38
-576235.738

869
-1599477.93
-503431.677
-389340.128
-1405626.51
873
-299728.159
-397504.94
-648688.568
-1986455.37
877
-1371376.37
-574107.212
-2480654.05
-1888106.95
881
-1651380.76
-1997359.58
-1006872.18
-398108.741
885
-576160.164
-412035.861
-405692.563
-318376.358
889
-340598.519
-784424.839
-381664.2
-878287.078
893
-347288.69
-842782.198
-1113544.72
-357881.362

729
-426225.305
-277882.641
-812161.674
-1528830.76
733
-403106.655
-337029.789
-219240.099
-296040.08
737
-422595.251
-997567.482
-391333.487
-301145.977
741
-314035.428
-411153.043
-302480.131
-1040376.14
745
-254187.702
-382416.935
-916664.702
-1894113.8
749
-1026812
-398307.45
-1605791.81
-885460.562
753
-280777.175
-543796.42
-417239.996
-2197670.26

421
-278249.005
-2159943.22
-389345.751
-457842.808
425
-342006.825
-379985.406
-732541.464
-1624958.48
429
-287197.326
-315870.083
-265932.411
-437309.679
433
-836644.545
-547432.042
-312976.439
-256701.211
437
-426140.85
-363020.782
-300380.679
-430302.236
441
-481736.689
-1335316.09
-428793.218
-310417.876
445
-439686.375
-240108.424
-328797.805
-312044.946

757
-1435857.27
-336862.445
-498169.306
-1778847.05
761
-503532.643
-273168.554
-487131.827
-2698714.36
765
-1883249.51
-1321619.64
-273753.904
-698217.569
769
-601153.788
-1089102.51
-1063428.95
-324098.845
773
-822809.813
-602587.253
-765379.782
-306010.612
777
-359680.307
-453079.476
-344685.624
-963915.63
781
-324313.748
-308381.963
-2753734.48
-1616809.09

673
-476423.736
-704856.261
-423835.252
-943844.862
677
-330049.287
-340434.669
-461154.507
-1422993.9
681
-1822530.89
-385968.641
-472422.097
-1550709.8
685
-361620.771
-277675.446
-430897.142
-983997.02
689
-534901.705
-499805.643
-1084851.94
-474876.778
693
-314854.921
-675707.324
-505561.912
-372321.074
697
-321632.715
-271961.371
-370282.636
-433246.332

1009
-479158.885
-382990.57
-286246.749
-248979.701
1013
-410985.935
-343862.542
-1450966.15
-374021.251
1017
-286912.764
-1060657.64
-483221.068
-627633.333
1021
-273373.22
-889920.289
-674606.957
-341926.363
1025
-318170.225
-913847.615
-547100.96
-290227.141
1029
-459719.23
-1404979.22
-503738.531
-423603.942
1033
-485292.878
-871882.183
-1596783.39
-461182.821

925
-1410673.88
-471522.328
-395076.35
-484702.89
929
-497622.527
-316933.709
-322936.224
-327499.097
933
-397684.307
-454409.917
-363603.196
-1217323.7
937
-415886.124
-746166.495
-315469.706
-462027.292
941
-287337.275
-1729993.67
-373722.687
-749891.02
945
-303324.531
-629972.35
-500689.793
-438410.323
949
-872329.787
-829624.858
-366308.573
-391914.541

841
-256446.936
-2155851.69
-577560.373
-509552.463
845
-351766.551
-1680626.48
-550097.857
-329039.2
849
-747548.405
-264944.672
-1044563.49
-324623.076
853
-1176824.21
-2123370.36
-509525.512
-265752.404
857
-993201.185
-2620839.12
-610352.92
-2489985.19
861
-339205.145
-396685.418
-1288692.08
-651831.469
865
-461301.607
-380440
-780222.618
-507960.336

1233
-577370.902
-241022.626
-1771478.37
-397400.163
1237
-1209637.52
-1082826.72
-478609.997
-1479069.55
1241
-580034.403
-414890.453
-972509.342
-652420.34
1245
-299175.62
-506115.134
-256797.603
-1714831.15
1249
-238533.276
-1332389.51
-1287289.46
-794521.934
1253
-1073276.32
-658045.795
-489973.241
-1422945.08
1257
-1220178.79
-465339.46
-296522.253
-502874.031

981
-569694.51
-370398.473
-1063861.66
-2476918.68
985
-395831.476
-791337.003
-401958.605
-1024109.66
989
-355161.268
-399707.468
-390648.986
-1856276.54
993
-304075.299
-498944.254
-414173.203
-281747.859
997
-578174.223
-628374.393
-491946.611
-1334201.57
1001
-1227724.11
-1377517.53
-269531.327
-342301.667
1005
-263656.941
-680275.085
-462776.54
-503257.446

561
-333716.538
-829185.959
-664848.077
-334841.415
565
-285345.508
-2067323.09
-415190.401
-559285.602
569
-447061.491
-205908.729
-807339.947
-821240.219
573
-593393.033
-1023744.24
-758020.189
-306668.409
577
-476227.881
-1138042.74
-460647.998
-354022.099
581
-349420.267
-479513.259
-1362128.89
-972699.102
585
-292758.835
-387820.694
-407526.957
-1341892.94

1149
-530932.016
-508501.106
-1761237.15
-755116.213
1153
-271883.044
-476695.109
-456172.14
-313031.573
1157
-345301.687
-418393.181
-417698.026
-286624.88
1161
-356195.185
-512962.333
-493578.816
-271140.958
1165
-279323.101
-1186139.63
-1131161.48
-457583.031
1169
-645381.328
-561533.213
-472310.284
-298819.916
1173
-348428.933
-470035.897
-288430.294
-494310.897

2213
-1956692.37
-393106.348
-1848458.89
-1538923.91
2217
-1485581.49
-396969.941
-1726750.99
-452695.36
2221
-1876817.16
-473601.366
-328383.586
-1129593.29
2225
-274332.549
-430077.641
-267826.117
-381061.261
2229
-478672.504
-1560618.41
-290813.426
-686676.39
2233
-234006.149
-552264.957
-417283.131
-415098.689
2237
-1008399.07
-2715551.23
-441512.355
-1355892.86

1121
-1015045.08
-248567.145
-573300.096
-354601.042
1125
-252393.487
-555643.422
-964012.092
-804890.853
1129
-426710.879
-340939.636
-736978.05
-236696.445
1133
-713793.412
-1095308.8
-224548.885
-745271.778
1137
-313818.777
-255831.981
-434633.417
-280834.516
1141
-481548.347
-458637.713
-590113.34
-1060009.57
1145
-428934.297
-525007.978
-1433667.66
-306004.227

1093
-365406.764
-455800.264
-874430.97
-973395.53
1097
-314376.017
-1343486.18
-318429.551
-263986.09
1101
-503964.714
-1716704.87
-366226.603
-494770.479
1105
-2044607.2
-1508483.28
-786245.311
-1557751.35
1109
-401309.19
-261224.443
-661381.074
-484071.043
1113
-944463.119
-335606.033
-315441.389
-351407.28
1117
-275237.651
-428098.048
-400166.15
-494787.489

1205
-221493.344
-311697.956
-1119775.71
-395706.426
1209
-924312.319
-297571.649
-445030.155
-407923.307
1213
-1340635.51
-2025673.8
-231484.552
-782016.964
1217
-614985.244
-252588.624
-2671454.11
-276452.551
1221
-384404.819
-534365.766
-1275198.76
-321597.762
1225
-555035.777
-1895317.66
-332100.166
-340741.63
1229
-986153.542
-691869.91
-841642.814
-653673.876

1429
-465379.592
-855288.902
-553222.539
-1076983.51
1433
-1291073.07
-1373184.15
-2195169.18
-416491.55
1437
-1486372.84
-513168.269
-1127286.61
-333659.017
1441
-555388.647
-1320784.6
-1818447.77
-462508.764
1445
-397948.563
-303293.646
-901608.748
-254366.586
1449
-438935.345
-460613.503
-585811.442
-522960.963
1453
-524407.663
-368907.349
-475746.162
-557839.182

1821
-369225.212
-361704.326
-508518.234
-274899.859
1825
-382444.283
-266871.535
-981689.312
-370399.603
1829
-1670894.39
-322394.218
-286984.039
-1087171.96
1833
-811221.706
-799412.728
-480833.598
-381966.881
1837
-1111742.34
-352789.73
-629715.206
-352466.329
1841
-2353011.89
-432526.008
-249159.44
-357865.807
1845
-393387.749
-2135970.05
-1644552.49
-455986.994

1261
-1065028.15
-570387.95
-1439483.54
-454621.816
1265
-691280.348
-303104.772
-569874.591
-1073799.86
1269
-519207.637
-911726.631
-620624.879
-312271.11
1273
-329048.803
-1857743.85
-932406.257
-464483.505
1277
-607998.849
-723598.535
-1868815.54
-1665316.61
1281
-444867.642
-418162.392
-494690.153
-291935.675
1285
-232381.066
-1397029.06
-1077836.86
-1069424.91

1653
-481404.562
-297213.5
-262897.447
-319727.767
1657
-310024.438
-852403.23
-229629.202
-1365899.12
1661
-1261482.93
-365918.361
-406843.496
-223031.015
1665
-1537847.42
-317592.215
-810640.872
-257613.303
1669
-223504.042
-247923.398
-302653.933
-315004.775
1673
-554379.18
-314398.961
-644844.615
-237785.568
1677
-352987.814
-392603.139
-331780.512
-404997.489

1401
-273928.913
-677313.184
-1609599.5
-584736.769
1405
-320195.131
-1055828.22
-350711.336
-380023
1409
-2251034.58
-270135.209
-909467.294
-2445581.01
1413
-506091.338
-986357.399
-1134369.66
-1408523.99
1417
-845056.679
-1175297.89
-291047.443
-2476512.1
1421
-339076.666
-724142.546
-488120.876
-1045422.52
1425
-889615.477
-439992.031
-413591.953
-489075.973

1709
-993677.504
-278800.021
-286907.471
-275514.511
1713
-287009.885
-428626.301
-810509.407
-263555.758
1717
-572173.006
-569184.946
-1122264.01
-397103.424
1721
-441003.016
-255157.025
-356265.862
-258092.773
1725
-708180.722
-817917.814
-498837.414
-397221.17
1729
-328710.536
-741444.58
-1338967.69
-300566.503
1733
-375597.336
-1035230.67
-428620.212
-346411.278

1541
-398361.217
-425920.368
-319081.565
-245998.005
1545
-503322.05
-1334040.67
-275239.696
-326193.053
1549
-373826.368
-514501.347
-617198.838
-1542660.7
1553
-377745.78
-1165933.12
-1707518.48
-293689.575
1557
-506327.719
-692685.367
-404680.246
-474799.874
1561
-317447.616
-615529.204
-808469.249
-329441.275
1565
-1272485.56
-2648963.67
-1518777.92
-1553994.69

1457
-2522000.77
-518450.027
-347315.966
-375386.156
1461
-419082.766
-369968.751
-379131.614
-366646.907
1465
-492799.621
-292173.423
-332632.3
-456181.044
1469
-341536.385
-225581.667
-453677.564
-1818409.88
1473
-963835.414
-762968.955
-269109.16
-464178.458
1477
-503882.394
-497597.284
-275987.626
-472420.445
1481
-458318.95
-626388.446
-392253.602
-1887687.72

1177
-469087.816
-466055.179
-1119501.93
-367638.791
1181
-643073.612
-386508.298
-1023870.51
-573673.926
1185
-288635.713
-757964.417
-890162.602
-2045784.04
1189
-336547.385
-429675.65
-384925.059
-275866.827
1193
-499360.486
-2994550.69
-466376.656
-534142.143
1197
-297258.698
-311151.731
-1351437.25
-320275.171
1201
-878775.435
-1265951.97
-571785.675
-1903107.47

1317
-342631.567
-504937.745
-394885.892
-714210.086
1321
-1341799.68
-304259.364
-1038765.78
-1113300.39
1325
-493816.544
-1496523.86
-632426.006
-523583.097
1329
-947852.271
-404203.585
-829517.712
-375146.406
1333
-1877297.31
-2130070.6
-352897.144
-2084231.09
1337
-309040.178
-381573.304
-313010.22
-2134636.23
1341
-411929.682
-750652.458
-420649.603
-505863.973

1289
-420329.4
-381564.333
-375175.022
-294457.279
1293
-279252.631
-378565.946
-477023.832
-662269.067
1297
-424490.035
-782884.269
-281755.074
-1001142.03
1301
-1449975.98
-694870.994
-398029.872
-325644.882
1305
-337396.955
-923153.453
-1259097.33
-301610.459
1309
-498458.647
-551108.381
-392472.532
-345840.997
1313
-375924.521
-324454.581
-838237.903
-1305447.37

1765
-487935.335
-921650.61
-338991.516
-260938.644
1769
-264210.901
-306551.425
-638686.483
-1158171.05
1773
-264643.008
-613171.167
-518327.177
-2791149.19
1777
-2141674.72
-1664773.17
-924552.43
-577984.72
1781
-389975.584
-368378.202
-363714.69
-406931.057
1785
-459141.788
-2137936.91
-614555.558
-2125868.63
1789
-392863.416
-440716.928
-2039470.61
-1005302.3

1793
-795869.728
-938820.072
-416701.517
-417338.891
1797
-344080.931
-1187601.1
-294211.48
-231158.148
1801
-2265447.7
-1034297.24
-341950.127
-334987.98
1805
-356271.684
-1906282.38
-407526.013
-318782.322
1809
-912494.362
-373687.539
-397039.465
-549851.387
1813
-327053.248
-1614040.35
-729590.269
-1989076.14
1817
-614756.149
-544980.198
-222676.327
-360551.051

1625
-1321263.52
-417484.803
-285136.302
-478592.997
1629
-363499.214
-1271499.93
-578254.182
-282358.675
1633
-495624.91
-430405.355
-254779.459
-1489984.78
1637
-692572.037
-1133593.41
-493353.243
-300324.714
1641
-435172.709
-462589.253
-343833.475
-714768.782
1645
-1149542.62
-1172846.26
-651292.586
-1111453.23
1649
-189797.668
-449174.985
-445638.983
-532477.987

169
-1166573.86
-394187.955
-402742.76
-439266.06
173
-630701.104
-1520612.32
-600625.055
-296914.01
177
-655104.552
-341185.734
-441417.885
-278015.91
181
-442091.192
-228981.33
-426279.906
-645831.635
185
-2258958
-345434.657
-253816.667
-265476.651
189
-1168096.49
-914880.191
-439547.789
-913995.325
193
-1415235
-270689.152
-541618.829
-910206.493

1065
-220470.339
-392482.297
-283379.697
-1262055.17
1069
-2209651.42
-2608070.65
-1996898.94
-331330.139
1073
-305453.975
-283530.695
-322139.127
-1015592.86
1077
-511322.387
-351399.486
-498115.528
-1022410.18
1081
-235346.827
-525282.324
-290897.916
-1056302.32
1085
-714133.219
-500825.885
-407352.269
-211007.439
1089
-280851.869
-302603.165
-502720.988
-563339.029

1345
-312541.428
-1615952.92
-739202.613
-567453.008
1349
-418533.531
-481460.615
-379997.223
-230747.971
1353
-359803.953
-998450.965
-744809.365
-496838.46
1357
-1150085.23
-310706.844
-1132603.2
-293058.056
1361
-305743.9
-687705.558
-1528726.42
-404979.263
1365
-281418.467
-1007074.57
-312919.932
-492473.638
1369
-228811.578
-283921.099
-1042102.9
-528750.12

1849
-1761878.98
-350063.527
-343116.88
-295269.242
1853
-353075.139
-456684.769
-432350.168
-480658.775
1857
-450034.423
-315221.543
-1463866.19
-305047.492
1861
-304346.801
-2316096.13
-496227.023
-381886.9
1865
-663122.31
-500323.577
-2740596.91
-306421.198
1869
-285568.853
-496415.341
-295355.545
-1726536.05
1873
-1106840.92
-1095143.73
-488734.602
-492848.714

1877
-483248.819
-719800.571
-335490.555
-321644.712
1881
-305010.063
-271220.561
-1070304.17
-492674.316
1885
-330707.049
-390574.752
-776093.732
-1054116.73
1889
-573805.504
-311750.916
-310488.002
-668237.119
1893
-641577.25
-396922.684
-477134.481
-527690.592
1897
-306874.639
-352305.5
-1711382.03
-1942681.62
1901
-1439175.47
-1530873.51
-485349.817
-936227.467

1737
-1313413.77
-308102.909
-222101.705
-282408.222
1741
-755275.046
-1518801.75
-645660.308
-708155.928
1745
-2006018.42
-1400710.61
-1282742.48
-724537.042
1749
-653695.019
-463965.639
-2305551.2
-2211533.37
1753
-452632.3
-754927.124
-240382.573
-441427.487
1757
-442837.768
-378573.499
-232323.415
-427070.503
1761
-448037.204
-537281.466
-290414.231
-861435.984

1373
-280374.564
-417797.819
-346432.536
-391233.675
1377
-1447578.38
-577634.701
-1202334.91
-241655.159
1381
-378577.293
-352077.35
-1918218.71
-897764.527
1385
-1146280.31
-518842.735
-338207.562
-672702.297
1389
-443386.587
-459648.283
-460459.345
-1342383.87
1393
-277466.391
-312340.504
-274833.269
-561730.738
1397
-279163.491
-1068816.86
-350198.546
-259639.201

1513
-2472742.03
-512488.118
-383289.154
-241939.717
1517
-1214467.22
-304840.928
-395604.516
-766447.681
1521
-296300.583
-990051.5
-259970.296
-1528097.77
1525
-656970.568
-465805.332
-301454.897
-919762.387
1529
-551548.322
-328891.415
-469342.792
-723432.482
1533
-360695.362
-1000618.89
-1175283.93
-520482.415
1537
-288844.108
-404505.273
-715301.833
-483110.677

1485
-499881.643
-1498280.17
-995933.396
-302242.616
1489
-278069.79
-1547056.79
-473032.434
-1631183.93
1493
-946275.525
-358426.142
-368336.457
-340683.462
1497
-326726.001
-1115634.02
-343716.857
-486500.114
1501
-488897.863
-354412.451
-384740.818
-470901.486
1505
-929907.287
-799007.919
-340035.01
-625529.477
1509
-762006.153
-255511.159
-275223.574
-1029887.23

1597
-303439.443
-303096.062
-360125.579
-463961.412
1601
-228473.505
-500067.23
-294163.279
-624008.997
1605
-1938104.02
-941240.448
-641041.137
-830489.287
1609
-295801.212
-290616.568
-1239295.52
-724550.001
1613
-899960.421
-286231.015
-2471868.54
-498882.457
1617
-321876.121
-1439182.29
-2477821.84
-392775.271
1621
-330179.682
-296531.574
-467686.073
-327565.42

1569
-329242.057
-535904.435
-485938.284
-380273.771
1573
-459938.135
-1196338.41
-494210.693
-279922.695
1577
-758367.494
-357863.677
-360312.381
-384434.642
1581
-361750.649
-249311.192
-430395.857
-1075575.04
1585
-1547150.51
-670565.682
-493842.604
-488267.011
1589
-813316
-453754.875
-352913.749
-311261.785
1593
-782560.812
-425073.235
-1373997.12
-359643.741

1681
-703156.592
-409322.492
-486743.786
-1177667.31
1685
-572569.117
-304545.712
-309151.175
-433973.848
1689
-1083566.94
-1304393.82
-301524.192
-436099.487
1693
-359982.249
-494265.44
-287462.068
-543176.948
1697
-1282230.46
-453612.213
-372758.036
-465193.434
1701
-305358.949
-304755.54
-1568841.63
-756980.405
1705
-724429.21
-488920.973
-371937.983
-237165.04

393
-547277.968
-2392787.24
-627132.035
-2311132.43
397
-1160207.05
-1609871.23
-669156.542
-506968.538
401
-288073.915
-419948.908
-485383.315
-1526616.62
405
-256384.127
-1699136.35
-240186.903
-332117.137
409
-729303.558
-532448.54
-410035.565
-1650059.33
413
-841879.348
-1863702.87
-204858.654
-316286.259
417
-359304.176
-1069560.89
-217699.502
-384959.512

365
-898110.066
-1037795.29
-1431382.98
-426032.004
369
-256363.555
-1014722.22
-592375.923
-434788.962
373
-833944.001
-1494345.81
-295084.5
-1424902.24
377
-286692.712
-322382.962
-752834.967
-324703.03
381
-432241.621
-386809.612
-1757906.9
-281822.115
385
-560248.872
-1282467.48
-1297270.07
-2433830.21
389
-447533.464
-335638.926
-768347.215
-283436.283

2157
-666608.374
-422321.236
-1838629.47
-409907.812
2161
-1289971.17
-518673.884
-460917.341
-1258323.16
2165
-362101.612
-963392.026
-1046044.96
-1388916.2
2169
-421460.227
-828803.938
-790977.619
-254637.184
2173
-442930.696
-1349886.15
-297027.852
-291093.929
2177
-331897.684
-384573.014
-297601.729
-248373.952
2181
-1728192.92
-491538.835
-328851.236
-546694.239

225
-442440.486
-284418.125
-465262.353
-2112130.32
229
-581383.497
-380187.653
-756025.936
-326242.674
233
-337231.043
-482289.323
-1115572.34
-905672.399
237
-403525.981
-466878.299
-425785.56
-358681.375
241
-298334.985
-1165095.23
-391958.715
-462252.613
245
-246134.364
-1767936.24
-268411.461
-1046826.53
249
-287751.788
-463355.952
-1465012.02
-2089038.34

2185
-1277537.06
-931152.869
-376527.283
-405812.135
2189
-494987.782
-494215.168
-327890.058
-304057.862
2193
-637564.178
-232376.364
-1649159.84
-260509.087
2197
-1589082.81
-336895.203
-800929.863
-608429.896
2201
-606166.052
-908161.483
-1525855.45
-2703189.68
2205
-659148.981
-499055.32
-658609.559
-390930.483
2209
-436234.378
-1138898.27
-222412.937
-874710.881

197
-274609.38
-242875.205
-269828.681
-491394.277
201
-904770.94
-2891890.36
-348097.82
-298918.442
205
-1902538.73
-2726560
-350009.378
-952136.285
209
-300279.236
-488598.391
-449708.678
-429054.939
213
-320298.191
-867880.225
-489494.1
-2792940.73
217
-286049.898
-865321.124
-266032.862
-216684.064
221
-472661.697
-467726.801
-681425.705
-2485713.5

1
-316294.426
-412619.299
-338868.731
-291063.315
5
-809253.849
-1597221.15
-274212.407
-297145.323
9
-234955.785
-295328.795
-1581736.52
-474743.798
13
-1839380.57
-430195.397
-521263.505
-1143097.38
17
-494731.77
-1217151.94
-404670.628
-296447.125
21
-421665.082
-938906.274
-360343.518
-1090116.02
25
-1437614.16
-1239504.82
-429031.333
-1301219.52

57
-702799.664
-463044.701
-311608.806
-497412.27
61
-478805.294
-452719.868
-852746.007
-1525609.74
65
-413538.806
-863627.405
-458205.155
-484059.663
69
-1486832.21
-1783647.02
-448212.707
-492724.252
73
-347082.894
-720317.288
-443234.276
-479087.588
77
-432751.314
-462724.349
-319839.742
-445258.568
81
-2387458.95
-724655.794
-720834.029
-1168806.07

113
-222489.361
-523547.089
-270221.021
-302548.464
117
-285252.003
-247702.354
-1587393.26
-447087.806
121
-312077.548
-592785.534
-1384465.4
-276384.896
125
-2232440.18
-252574.362
-412713.346
-1504726.76
129
-266652.364
-381062.291
-560907.163
-1584772.33
133
-499745.399
-384516.599
-335279.482
-1632271.77
137
-301370.994
-429368.263
-414681.595
-1980565.1

85
-577155.69
-1196982.14
-746726.774
-394900.755
89
-464527.365
-450169.468
-1644121.37
-346317.801
93
-647960.606
-1779652.2
-382326.338
-280113.671
97
-3514844.88
-314588.868
-415757.449
-248212.881
101
-406193.997
-303577.076
-251226.441
-442934.691
105
-381326.882
-308404.964
-420663.275
-920079.681
109
-330717.965
-380829.98
-664131.444
-295733.239

29
-425878.11
-652974.74
-281028.916
-342522.904
33
-394338.915
-290322.56
-439812.83
-1629160.26
37
-284938.513
-926775.2
-372724.493
-302123.624
41
-829304.783
-531740.112
-1224708.9
-410125.564
45
-415822.636
-1246114.49
-494451.685
-351463.828
49
-378252.105
-716336.184
-718336.552
-344836.487
53
-248221.848
-341529.312
-359712.919
-2263052.95

281
-1337919.18
-365707.65
-1973806.17
-1179881.15
285
-349055.548
-768967.531
-359525.932
-1746580.31
289
-439014.714
-308956.154
-898593.617
-1560996.83
293
-242564.901
-1101468.03
-907523.346
-443958.426
297
-451849.491
-366191.454
-1161461.67
-1589635.81
301
-956571.653
-2211014.59
-263931.635
-383841.579
305
-1795996
-286502.243
-683004.296
-1454323.33

2101
-886518.963
-540829.961
-248777.301
-929328.007
2105
-1018486.22
-2275098.67
-292767.813
-850964.156
2109
-684353.052
-245311.845
-404157.622
-1238693.63
2113
-1300262.78
-332592.507
-953452.097
-2895589.56
2117
-545064.671
-869740.985
-225751.596
-301411.776
2121
-2259177
-325699.137
-753630.896
-441173.478
2125
-295763.825
-332847.021
-1208736.66
-1322000.21

253
-820728.495
-362051.493
-394122.851
-406904.341
257
-675250.181
-669806.252
-386157.621
-505829.439
261
-387664.353
-292377.259
-2329695.26
-441642.802
265
-1137094.35
-256981.635
-694207.018
-318342.009
269
-496682.597
-329896.055
-490658.86
-1402088.22
273
-2477182.28
-456534.561
-435214.763
-471958.078
277
-521231.906
-1189880.67
-398150.428
-367709.695

2661
-342926.805
-803635.864
-381748.894
-326117.658
2665
-2127694.69
-1865505.1
-1072233.74
-1437104.56
2669
-876525.377
-283427.043
-2378192.53
-331406.06
2673
-1064886.82
-721596.384
-1955921.86
-435796.745
2677
-334605.504
-1127002.25
-750437.291
-876367.859
2681
-563590.268
-2307957.88
-436947.855
-452703.954
2685
-2149157.24
-319142.382
-399105.506
-371026.996

2633
-366710.198
-1241813.56
-1262488.09
-371697.246
2637
-287756.344
-1211158.01
-759279.167
-430991.518
2641
-1240282.52
-348972.247
-664163.647
-250982.185
2645
-403620.405
-318114.797
-543635.983
-487512.964
2649
-1021892.95
-416981.719
-327993.495
-512856.465
2653
-677291.318
-342934.289
-473479.871
-1831530.04
2657
-1081735.36
-302564.395
-467603.973
-562904.001

2549
-462208.873
-322572.348
-487787.168
-481070.247
2553
-400752.395
-273133.083
-784218.023
-763238.971
2557
-1079836.5
-386173.259
-421978.705
-644704.577
2561
-343317.177
-1051048.52
-392403.431
-286261.543
2565
-355479.486
-349511.629
-508404.322
-400395.164
2569
-481277.952
-420447.905
-271461.122
-299795.292
2573
-299823.71
-380012.33
-372730.867
-335535.383

2493
-474765.526
-671822.512
-296631.929
-268366.148
2497
-860703.241
-499651.284
-413364.05
-420192.835
2501
-758408.87
-236920.656
-1139459.8
-290556.633
2505
-1793023.67
-436900.783
-276109.559
-573702.099
2509
-444493.323
-440115.192
-1526719.57
-553593.234
2513
-556315.271
-2204449.9
-294818.853
-794775.511
2517
-1760530.84
-337133.606
-1430583.48
-1299606.07

2465
-868619.021
-403833.989
-463641.287
-485009.503
2469
-349140.591
-749757.291
-661154.955
-694519.246
2473
-298683.036
-368032.774
-291293.914
-402610.321
2477
-1549096.61
-361374.542
-356128.666
-1974580.61
2481
-1783883.21
-733377.79
-330315.863
-251554.552
2485
-351789.613
-352196.447
-294654.988
-503342.477
2489
-1204708.72
-434244.05
-1801871.35
-359889.043

2521
-250511.675
-289599.765
-1632878.67
-446982.208
2525
-999854.843
-245103.502
-455935.37
-341253.904
2529
-268048.384
-470659.237
-496773.799
-484255.176
2533
-686894.19
-330933.218
-1467697.85
-571132.4
2537
-368066.525
-293217.991
-353456.798
-300592.642
2541
-286914.058
-417996.003
-476930.429
-867839.95
2545
-495039.523
-332484.449
-293894.187
-403108.384

2437
-478091.024
-732574.393
-599279.336
-496798.098
2441
-1327981.22
-992754.81
-1914507.79
-414620.159
2445
-1513354.67
-508460.785
-405959.902
-660340.755
2449
-463522.699
-395482.3
-581300.664
-2759700.51
2453
-427927.16
-452132.009
-1219130.27
-391854.717
2457
-736265.877
-1334718.67
-309473.454
-1361727.77
2461
-389961.722
-253975.037
-424485.924
-723588.701

2605
-1055327.65
-1358915.23
-553065.993
-1182332.12
2609
-380348.814
-398543.152
-394010.064
-1066316.27
2613
-1063078.35
-290027.102
-274678.628
-611963.871
2617
-500467.055
-842549.778
-414777.263
-325281.454
2621
-405848.135
-360652.386
-2339272.24
-253014.582
2625
-454326.189
-440548.074
-389161.92
-401823.212
2629
-343546.811
-1132806.18
-2235960.93
-1912689.67

2577
-568000.736
-228837.667
-419122.668
-641185.904
2581
-399381.564
-2772663.65
-291944.577
-501440.516
2585
-374743.238
-474960.557
-242344.195
-1972614.95
2589
-229971.46
-502359.917
-764011.791
-1096393.64
2593
-560556.986
-376917.114
-476201.095
-274310.954
2597
-496208.172
-1956021.36
-419578.26
-898120.555
2601
-785684.823
-1042482.64
-477821.158
-289840.635

2717
-448265.644
-860337.394
-1016319.42
-1401289.26
2721
-266471.223
-267563.682
-1531406.53
-306733.702
2725
-1083585.97
-332286.15
-1394083.94
-361861.641
2729
-695727.924
-1822493.66
-343571.985
-469528.99
2733
-341028.46
-308413.849
-2008901.78
-377665.687
2737
-328090.401
-785942.922
-492659.752
-297251.663
2741
-282133.743
-640199.869
-334305.55
-2064300.09

2745
-242940.815
-1466582.08
-317149.684
-341812.879
2749
-250017.099
-275668.268
-1430962.38
-365415.031
2753
-309893.089
-1117117.29
-1812545.2
-246248.883
2757
-1258659.07
-263718.805
-1732047.16
-481588.789
2761
-2600827.82
-314273.085
-565695.962
-443056.17
2765
-287023.97
-444243.484
-428215.11
-332296.794
2769
-580639.855
-429307.607
-265945.103
-2041354.32

2773
-565151.315
-946540.052
-618504.574
-322941.367
2777
-227080.2
-569285.701
-442459.795
-304486.083
2781
-363214.229
-284972.132
-987408.319
-503095.39
2785
-1354248.26
-797191.189
-405769.257
-246820.921
2789
-521501.835
-454376.635
-2412918.58
-359981.966
2793
-1508590.01
-1816056.96
-340034.198
-378610.321
2797
-1621062.94
-529587.261
-309328.796
-450520.636

2829
-364826.476
-499716.995
-388134.091
-289093.645
2833
-400118.719
-400594.354
-311295.279
-2258581.47
2837
-284729.349
-1281689.66
-319323.165
-2584774.93
2841
-674132.492
-263895.409
-463618.91
-452881.897
2845
-377152.515
-314062.566
-1863972.51
-495807.312
2849
-283746.531
-287935.134
-639910.357
-239649.092
2853
-993936.778
-458032.242
-403138.842
-273634.099

2801
-404513.43
-288727.604
-225619.824
-456220.02
2805
-330078.12
-419304.392
-2457834.12
-508673.649
2809
-365177.49
-468095.359
-1549269.05
-261303.393
2813
-657207.655
-294664.865
-1852929.47
-853243.49
2817
-460199.19
-1892242.57
-218366.242
-294906.385
2821
-687979.458
-286871.756
-336499.619
-717120.142
2825
-359474.479
-858369.989
-332181.921
-502779.479

2857
-306305.375
-321450.841
-355433.88
-719642.366
2861
-1759336.58
-943817.155
-498638.388
-579832.409
2865
-295047.199
-473714.31
-426618.106
-1472784.1
2869
-330661.724
-600272.857
-286107.948
-319586.476
2873
-388524.429
-959024.52
-341847.2
-399778.91
2877
-861687.866
-264649.87
-693014.265
-297104.377
2881
-669288.52
-399283.179
-318387.832
-448652.092

2269
-1059363.2
-298296.626
-1015837.27
-466386.876
2273
-251589.845
-571055.143
-1837674.04
-489338.908
2277
-250584.311
-345782.895
-588102.164
-398072.588
2281
-301145.805
-253238.633
-303930.831
-993414.479
2285
-2087516.81
-945795.517
-920683.446
-2300374.35
2289
-380829.743
-411704.87
-1737500.62
-308425.076
2293
-702030.502
-547590.621
-2405338.43
-2969746.84

2409
-472320.503
-3542515.08
-380279.532
-947797.229
2413
-1312473.39
-315118.619
-936140.68
-770263.844
2417
-229265.185
-255991.564
-405638.9
-437404.293
2421
-1671560.33
-335378.424
-403803.615
-2297979.69
2425
-455275.034
-341435.713
-259375.997
-435112.824
2429
-1653963.95
-321543.094
-646251.398
-277351.186
2433
-415871.006
-462855.249
-1963203.83
-907130.404

2885
-278605.79
-1661539.48
-1437491.34
-1978754.91
2889
-247727.096
-400552.117
-480438.789
-347055.941
2893
-446919.031
-1326291.77
-699330.219
-310998.962
2897
-445760.825
-260468.355
-495142.979
-389837.772
2901
-819207.893
-889850.851
-241891.454
-504466.653
2905
-597853.76
-1042625.02
-2394013.24
-1143667.14
2909
-2324784.84
-218143.755
-936492.036
-499065.447

2689
-1071925.47
-602329.721
-301205.965
-305007.115
2693
-507740.909
-1303725.32
-956967.161
-257771.19
2697
-701871.815
-734598.292
-410321.268
-528370.498
2701
-400405.684
-400861.879
-364064.538
-611252.397
2705
-1930597.2
-340831.033
-1622918.01
-406280.895
2709
-309607.1
-489501.848
-2931688.61
-373391.956
2713
-202484.99
-349184.777
-396666.021
-508193.169

3081
-1367631.6
-533454.129
-428911.341
-423812.48
3085
-287786.56
-430407.05
-467209.825
-585194.24
3089
-1993051.33
-347338.122
-277264.118
-1073557.52
3093
-505557.887
-507778.18
-672451.896
-457055.032
3097
-908854.581
-629026.795
-1072709.33
-384879.784
3101
-348634.843
-431360.741
-320247.18
-619053.956
3105
-943895.331
-298683.092
-668753.692
-357860.015

3053
-295543.539
-260605.621
-303646.001
-472301.484
3057
-905550.484
-1546392.85
-478923.056
-662237.479
3061
-927228.078
-2024020.52
-579053.071
-325530.439
3065
-2817530.55
-350590.577
-434567.614
-434337.189
3069
-487248.638
-2406539.56
-500288.662
-762844.127
3073
-1898483.93
-289723.014
-403658.119
-1013884.05
3077
-480516.221
-1074690.62
-713079.001
-428071.542

3165
-236746.082
-333560.711
-385737.654
-449273.555
3169
-259640.136
-334164.517
-372792.709
-1132838.95
3173
-1187144.76
-488418.717
-313244.085
-570898.117
3177
-382569.402
-244092.64
-1902663.47
-348585.167
3181
-234364.7
-485374.735
-446872.945
-311355.96
3185
-967938.615
-350555.123
-448888.948
-404490.76
3189
-694783.095
-272883.369
-461246.827
-1927384.21

3221
-487003.575
-505766.133
-1882803.89
-238259.924
3225
-234560.394
-455450.995
-2126806.21
-259474.762
3229
-404234.027
-542582.7
-285798.958
-288410.928
3233
-397936.299
-549368.378
-245821.264
-375434.819
3237
-795532.929
-429723.148
-292162.906
-619013.265
3241
-1576289.29
-190320.959
-274701.545
-967166.271
3245
-1830243.88
-374852.346
-1465389.52
-414499.956

3473
-1792375.14
-1231700.68
-2892692.95
-426888.628
3477
-416520.612
-685805.141
-390490.493
-889076.284
3481
-280361.053
-444304.686
-1691842.29
-565767.442
3485
-594755.09
-425041.307
-320515.289
-569567.432
3489
-901007.009
-737056.576
-1630339
-328654.987
3493
-423960.666
-1259210.7
-1593519.72
-450063.558
3497
-2053518.85
-1103732.87
-279655.929
-504397.537

2941
-835859.281
-481857.969
-786473.317
-792500.909
2945
-446279.359
-1019678.32
-310500.916
-2726362.68
2949
-388936.263
-283580.201
-295985.831
-305661.68
2953
-215508.193
-588004.195
-2158696.52
-257350.49
2957
-473466.572
-315698.512
-405390.936
-1903232.65
2961
-295805.496
-268707.214
-277130.066
-490587.131
2965
-310511.719
-537192.818
-512104.601
-1188537.85

2913
-439263.426
-394379.811
-2398320.46
-215483.584
2917
-1736026.41
-1673720.77
-449832.709
-1249237.34
2921
-425631.835
-632255.961
-493373.955
-346731.842
2925
-1756187
-384017.429
-767108.577
-1121906.87
2929
-2178043.17
-441286.721
-471306.086
-357504.143
2933
-264137.551
-274304.372
-497489.969
-1269824.49
2937
-1601039.89
-324836.505
-729070.813
-500069.478

3025
-386277.522
-666761.248
-847777.663
-1507966.7
3029
-420199.63
-512953.389
-400390.611
-499141.138
3033
-862421.865
-1537212.66
-1385203.35
-1822332.98
3037
-2391983.82
-237722.926
-398613.335
-330060.536
3041
-627842.202
-761437.083
-332516.479
-334968.727
3045
-327017.444
-2111931.21
-378909.079
-384437.4
3049
-485108.123
-1607281.07
-322121.393
-224768.557

3193
-645821.196
-333899.381
-309024.332
-1298710.2
3197
-323583.751
-264285.469
-271832.078
-555826.6
3201
-1229580.8
-412504.106
-465706.13
-413649.246
3205
-1284894.54
-418252.545
-315916.736
-610534.437
3209
-737312.54
-701970.073
-390808.193
-318215.886
3213
-505710.097
-409006.357
-460150.571
-901894.283
3217
-359174.185
-300303.97
-1097206.37
-300261.188

3333
-459606.25
-298911.773
-472220.324
-1194270.98
3337
-323715.92
-274461.658
-1038501.62
-255205.649
3341
-207983.327
-232624.307
-379263.282
-2206864.35
3345
-1935195.09
-263986.08
-384667.378
-1768054.51
3349
-703425.465
-944562.688
-482913.634
-417739.382
3353
-716874.001
-502821.805
-556221.862
-1001800.2
3357
-279151.657
-411860.337
-274111.29
-352862.353

3109
-266280.516
-367692.187
-273002.22
-303674.277
3113
-353222.559
-638944.804
-586884.964
-600057.245
3117
-484012.015
-445604.992
-461377.149
-441247.527
3121
-409737.501
-318361.159
-360888.13
-1274418.75
3125
-1211905.99
-405775.689
-923639.017
-494849.206
3129
-496700.897
-2483574.24
-265719.869
-337717.93
3133
-332279.011
-457739.997
-583923.493
-448003.807

3137
-418740.126
-600689.239
-543977.379
-419643.12
3141
-280011.479
-478002.915
-232894.842
-1068951.34
3145
-951490.111
-381691.942
-845983.256
-964319.257
3149
-300421.289
-282778.406
-1366026.94
-329430.603
3153
-304074.012
-330765.421
-920470.624
-386439.506
3157
-490086.977
-426982.185
-255722.135
-435545.808
3161
-250816.993
-673694.407
-336886.743
-378498.604

3361
-2084405.21
-1122813.16
-311737.469
-497275.34
3365
-2444870.78
-416593.036
-497846.063
-932471.42
3369
-2263112.45
-433528.456
-487326.678
-405610.791
3373
-269662.053
-466661.178
-281528.095
-1749051.38
3377
-473118.904
-408737.902
-415216.565
-382751.947
3381
-292946.177
-248621.293
-354431.938
-415410.179
3385
-431192.09
-2852250.85
-505517.371
-376035.278

2997
-218302.362
-526425.806
-266908.237
-614958.595
3001
-1254967.64
-633426.155
-329795.376
-449620.199
3005
-465001.066
-407938.14
-1449156.23
-1223509.81
3009
-1209473.33
-346571.835
-647108.009
-1516687
3013
-319252.446
-290849.817
-249063.069
-390316.776
3017
-418685.718
-625552.802
-544718.007
-412286.065
3021
-1951664.12
-288789.197
-850391.871
-279851.163

2969
-1252125.98
-325966.664
-309145.191
-386181.842
2973
-273384.479
-1580502.69
-381027.337
-291101.879
2977
-1258193.77
-2474288.08
-654563.337
-1002140.96
2981
-436441.72
-1172256.9
-347912.816
-263928.761
2985
-535833.367
-1074318.68
-465087.253
-341926.868
2989
-397876.252
-274348.93
-313770.008
-507859.399
2993
-1129792.16
-336649.106
-442605.955
-321171.635

3417
-492387.886
-869444.139
-429074.763
-397878.773
3421
-1640878.17
-256346.042
-1157473.73
-299034.879
3425
-356033.738
-417818.847
-3010939.07
-776206.462
3429
-476611.716
-280323.3
-279669.309
-1674361.01
3433
-921376.004
-254026.974
-824535.944
-1599409.22
3437
-306265.822
-296376.478
-531468.884
-516696.207
3441
-428847.529
-461787.88
-281696.548
-1904151.07

3305
-2008765.25
-1213098.76
-1085669.08
-644404.961
3309
-766224.157
-361845.507
-301646.493
-483879.838
3313
-293109.89
-2216727.78
-267769.485
-1937072.71
3317
-415634.569
-389037.633
-1992115.82
-547886.474
3321
-347026.651
-883623.396
-391787.389
-317364.432
3325
-1753926.92
-2192528.77
-801695.985
-377508.511
3329
-408332.244
-319909.08
-271765.373
-433328.207

3501
-359630.491
-1252344.05
-1233939.31
-266464.343
3505
-508934.834
-512686.6
-438981.406
-549483.425
3509
-361026.516
-285934.072
-634291.455
-819185.076
3513
-646599.374
-300696.868
-278597.359
-418185.329
3517
-460134.997
-774283.436
-271872.917
-381423.146
3521
-546068.935
-313829.219
-388491.198
-429095.99
3525
-1756642.53
-487162.147
-436333.678
-424025.016

3249
-309074.714
-223333.557
-427383.234
-290260.221
3253
-271522.812
-424979.866
-327940.036
-810727.579
3257
-461617.075
-479004.066
-906270.812
-283706.791
3261
-282039.433
-514759.912
-1124123
-1248460.22
3265
-1457980.08
-783505.231
-429301.494
-209916.08
3269
-1040040.14
-586617.627
-376419.938
-1170711.4
3273
-907703.668
-365299.814
-245870.007
-563446.974

3445
-699213.895
-306894.798
-621506.152
-449938.046
3449
-524323.686
-416636.867
-471237.745
-1690054.16
3453
-271089.141
-788461.252
-251451.819
-439447.235
3457
-370946.698
-861425.7
-1823789.43
-237957.892
3461
-326513.693
-427649.681
-1838578.83
-2655092.33
3465
-447236.427
-262442.863
-235435.366
-2221690.6
3469
-361267.516
-1501623.72
-1435901.46
-694598.306

3277
-475724.039
-329478.319
-315240.996
-353083.618
3281
-455982.887
-313318.536
-243658.01
-907887.353
3285
-463051.903
-331551.54
-360572.805
-473616.437
3289
-1105540.77
-1213577.47
-1292316.57
-354878
3293
-299512.2
-255144.013
-411929.954
-1326857.61
3297
-351195.181
-1663745.7
-829891.275
-1030076.97
3301
-325503.283
-448284.412
-267951.685
-341808.663

3529
-306496.927
-1269509.88
-338074.9
-590982.383
3533
-2093051.3
-430364.184
-496556.794
-379252.087
3537
-392256.242
-1728584.74
-929553.726
-249072.048
3541
-353066.698
-290389.881
-428780.087
-375357.363
3545
-249187.883
-911945.217
-506666.386
-1956162.52
3549
-321552.737
-1418314.26
-977873.474
-1094455.6
3553
-502864.204
-466318.432
-380594.548
-283433.597

3613
-988935.675
-445190.1
-769630.942
-419575.9
3617
-318988.403
-574536.823
-490541.547
-929690.671
3621
-354825.998
-413742.164
-312239.9
-468952.008
3625
-361581.978
-517896.319
-1311195.34
-244130.649
3629
-653052.789
-467312.719
-274795.104
-404038.794
3633
-2763914.35
-497064.791
-337419.699
-886070.673
3637
-497209.904
-1647312.12
-1160337.67
-472306.083

3557
-707925.575
-277562.646
-354487.311
-289168.667
3561
-300764.934
-432539.02
-475928.372
-342749.8
3565
-469872.766
-730970.2
-1530697.56
-627065.789
3569
-330256.962
-347069.364
-493749.437
-948584.761
3573
-1156673.89
-365676.551
-488746.964
-681297.892
3577
-243394.199
-1102545.38
-963796.643
-1574578.39
3581
-1704005.17
-2216096.23
-682317.116
-511633.946

3585
-1544184.94
-2020612.05
-498396.571
-2085855.13
3589
-355431.006
-379500.608
-415168.95
-325829.768
3593
-1299584.24
-417981.622
-417173.802
-302006.482
3597
-308582.068
-1198364.5
-289965.552
-850123.546
3601
-382566.038
-475320.165
-274770.367
-447852.571
3605
-499968.266
-397462.025
-2373832.23
-1798080.18
3609
-342025.067
-339375.129
-1036249.51
-418574.005

3837
-1011004.95
-2458280.5
-527100.516
-351171.088
3841
-459989.836
-375391.024
-785502.106
-300572.768
3845
-320611.94
-1210928.79
-1845511.86
-1077378.81
3849
-1014546.66
-221591.847
-466758.854
-822465.264
3853
-382739.732
-2005097.09
-507861.122
-628231.001
3857
-1594192.4
-1188325.17
-1864180.57
-440460.385
3861
-338130.541
-421567.091
-354057.48
-3305974.85

3389
-1286215.22
-280761.647
-1190409.53
-330548.505
3393
-270298.491
-1927701.98
-1105698.08
-392390.968
3397
-498471.379
-1132150.06
-1085379.97
-310181.352
3401
-648399.66
-1205588.24
-1740512.98
-337590.696
3405
-403076.784
-284257.963
-1534297.26
-313057.409
3409
-427237.266
-452903.062
-1168444.66
-275351.295
3413
-560437.72
-501040.654
-1110309.8
-453365.543

3753
-2245193.32
-421292.089
-896491.654
-278349.377
3757
-411822.939
-533880.499
-1920154.02
-303354.326
3761
-302876.991
-769706.901
-506099.684
-462740.208
3765
-1390742.62
-291060.304
-265511.291
-434908.992
3769
-413174.663
-474169.222
-291883.23
-390742.609
3773
-1256497.46
-485770.641
-641817.577
-450009.753
3777
-2746561.75
-424593.218
-501689.583
-1347809.73

3641
-388851.121
-1502370.74
-589189.63
-391832.991
3645
-1202596.18
-1827752.51
-329305.465
-282699.992
3649
-632467.883
-274535.148
-388816.126
-746806.447
3653
-424584.064
-291788.357
-272222.745
-354886.575
3657
-1511649.49
-1275181.04
-699957.445
-317371.335
3661
-437217.167
-350560.427
-233455.503
-239722.64
3665
-401976.552
-544034.551
-406573.755
-719680.879

3809
-239371.127
-295775.353
-517651.485
-1970787.9
3813
-319788.684
-464907.169
-362173.699
-295602.236
3817
-775417.552
-669210.495
-466333.313
-415780.154
3821
-241556.146
-505203.507
-397833.821
-1346136.28
3825
-421080.84
-330860.172
-465096.718
-344045.135
3829
-389480.691
-530413.737
-378221.768
-1159714.4
3833
-427519.884
-417043.676
-347371.164
-574467.383

4005
-281493.207
-1161524.86
-347500.926
-1456135.08
4009
-279151.349
-720662.274
-1564554.93
-454975.339
4013
-273936.144
-1137968.96
-409400.454
-2205874.34
4017
-376176.243
-423646.65
-1285823.09
-551490.849
4021
-493361.104
-2058886.41
-377587.554
-1397474.52
4025
-722335.616
-650239.664
-413695.864
-485396.886
4029
-460587.767
-226041.657
-1063517.7
-653343.111

3921
-372829.093
-416974.917
-289901.228
-353338.994
3925
-334256.19
-591152.777
-284610.179
-560466.374
3929
-416674.859
-1064747.29
-1791939.81
-262667.772
3933
-489744.072
-307672.353
-961738.718
-911802.697
3937
-930125.607
-909091.112
-346576.461
-536073.899
3941
-547768.248
-309863.716
-458736.806
-1205097.93
3945
-701357.946
-376443.806
-396615.564
-314205.596

3781
-1758493.84
-319182.968
-632920.405
-1009439.81
3785
-994111.455
-825833.972
-1363863.65
-454120.105
3789
-912394.751
-850934.565
-275350.406
-784102.017
3793
-832543.647
-290894.504
-368715.746
-327227.626
3797
-2050303.4
-387075.747
-335394.664
-293131.35
3801
-349933.065
-448437.874
-263714.124
-399690.112
3805
-482033.386
-245820.774
-632544.827
-271731.293

2325
-395391.693
-360735.159
-787559.635
-431568.981
2329
-505230.961
-669119.273
-1291241.48
-458663.65
2333
-281816.625
-367674.196
-463682.571
-414458.582
2337
-600294.665
-500360.764
-492434.035
-2751324.75
2341
-411933.67
-1961160
-380744.219
-1987031.02
2345
-381243.904
-473549.236
-385076.21
-446219.89
2349
-352894.071
-697283.75
-719407.635
-782402.245

3893
-737854.03
-360506.146
-230969.745
-2053859.06
3897
-391673.752
-456665.749
-265080.625
-372686.355
3901
-481821.871
-1083848.16
-1447224.22
-673180.532
3905
-1035723.29
-867555.79
-877174.1
-484680.249
3909
-352310.888
-1097148.73
-558239.687
-282582.134
3913
-495684.839
-462715.25
-258427.872
-506550.765
3917
-258317.297
-396959.256
-367159.215
-265659.583

3977
-251143.454
-1459880.33
-2651033.24
-1753347.41
3981
-818636.016
-273712.332
-328468.21
-1073250.49
3985
-1370597.21
-180385.236
-489156.428
-1567671
3989
-1528138.89
-297446.484
-309456.519
-1109013.49
3993
-2016509.49
-602149.806
-291592.792
-264875.161
3997
-311957.968
-842332.182
-384564.459
-1629128.42
4001
-847510.358
-409215.679
-502481.217
-483259.101

3865
-266844.385
-323442.071
-448608.58
-1419665.99
3869
-739356.102
-473807.094
-361862.716
-312801.684
3873
-390040.24
-743752.71
-2867037.66
-331379.743
3877
-427426.993
-3109450.16
-344211.302
-726185.216
3881
-486028.347
-432802.869
-1117521.81
-328487.836
3885
-1307249.44
-352606.88
-1067944.44
-599794.818
3889
-300709.353
-416413.315
-317070.04
-503725.485

3949
-807353.069
-335659.988
-527453.704
-1541354.7
3953
-422594.999
-959026.317
-297238.94
-355786.327
3957
-1188509.3
-451852.494
-533764.862
-1251982.31
3961
-2182788.85
-427305.963
-1494069.24
-1464989.85
3965
-314828.645
-575223.379
-351264.154
-199233.267
3969
-1052274.43
-345281.876
-1986592.24
-436300.688
3973
-1013237.6
-475185.393
-940607.891
-372266.304

3697
-2279002.3
-1578118.7
-1170518.26
-313230.272
3701
-598235.258
-1423791.27
-358674.203
-1125972.74
3705
-2055907.77
-352737.959
-279311.419
-1302019.7
3709
-711695.37
-668925.12
-457625.825
-2249982.68
3713
-2351830.94
-1226093.95
-814928.628
-2689299.02
3717
-850183.495
-412214.257
-476030.955
-255430.704
3721
-308279.53
-1137825.32
-318316.929
-399948.542

2381
-456629.974
-277585.099
-379648.732
-876239.766
2385
-849629.595
-479374.228
-2077336.14
-1175445.74
2389
-317795.81
-301722.526
-312222.783
-397587.057
2393
-599548.69
-566693.9
-417430.678
-387255.091
2397
-462032.609
-305480.971
-1159932.28
-2428237
2401
-2875476.21
-467225.904
-1097761.93
-450345.951
2405
-556451.571
-1912924.84
-438330.053
-733844.021

2241
-385242.51
-428307.448
-1116027.82
-388500.568
2245
-328454.428
-239016.623
-461774.701
-327877.715
2249
-1561228.51
-458817.649
-505422.017
-806684.385
2253
-703508.072
-398192.386
-746248.095
-318473.758
2257
-487621.538
-409442.75
-380927.569
-419178.139
2261
-265794.681
-488125.751
-470691.471
-343412.296
2265
-346717.583
-238486.526
-198993.472
-427589.425

2353
-365707.773
-292269.322
-467452.213
-254625.85
2357
-320694.476
-490155.75
-635020.846
-436189.806
2361
-1967661.07
-272951.559
-469358.252
-364026.074
2365
-1191681.34
-348173.592
-2091360.75
-663863.491
2369
-497451.943
-1025747.51
-237488.391
-307193.458
2373
-250496.984
-379117.721
-359402.631
-304170.576
2377
-498385.411
-1069047.44
-454953.943
-565375.552

2297
-537677.78
-1375504.64
-279795.468
-301551.088
2301
-1602683.84
-437322.237
-279006.468
-360006.705
2305
-1128152.32
-697114.123
-519471.426
-432755.28
2309
-267198.731
-1838214.32
-629594.757
-384359.438
2313
-832303.019
-837357.016
-936267.121
-336157.428
2317
-393005.04
-1153533.61
-476018.811
-1970020.68
2321
-524661.745
-315007.86
-357745.541
-745224.919

4033
-496475.782
-1815203.36
-268297.028
-407602.92
4037
-283502.874
-357713.535
-416344.356
-296519.637
4041
-1790284.23
-302408.143
-393182.862
-267470.338
4045
-1653488.12
-313873.072
-1730468.63
-349673.812
4049
-1549998.29
-729728.245
-719974.629
-484441.569
4053
-311272.907
-292100.517
-485598.514
-2078038.01
4057
-680217.17
-336279.089
-303233.219
-607991.861

3725
-281362.166
-280742.231
-1909936.16
-263056.481
3729
-1432699.98
-347410.374
-1251505.98
-347018.031
3733
-1012098.87
-288698.148
-395457.227
-1105220.17
3737
-562873.814
-735363.054
-424083.257
-664999.99
3741
-251242.514
-391737.322
-439785.546
-405971.215
3745
-635327.462
-806827.218
-1142409.14
-436222.777
3749
-479550.965
-338687.219
-309806.373
-1460849.48

3669
-478022.856
-399786.496
-334389.464
-494993.741
3673
-385110.849
-296899.73
-268403.297
-1835031.89
3677
-1976243.94
-669863.485
-1968751.53
-696894.596
3681
-251054.427
-335567.96
-1027039.66
-407079.092
3685
-441721.015
-411042.943
-401890.09
-455882.134
3689
-752448.623
-392091.122
-1052674.37
-354208.838
3693
-2212988.64
-286839.368
-231571.859
-337996.153

4061
-304628.615
-289377.419
-403797.652
-1563628.25
4065
-1363052.34
-401557.685
-1286641.54
-485103.455
4069
-309678.074
-245891.242
-463713.299
-515587.792
4073
-2399598.47
-275695.568
-551090.712
-1253366.2
4077
-399584.537
-492330.945
-365634.08
-494825.688
4081
-338979.925
-320679.648
-382668.759
-1957046.47
4085
-252362.616
-1693771.95
-1184124.4
-482714.809
