
57
-1605566.48
-1323050.31
-1746188.34
-775693.473
61
-895049.462
-996261.452
-3302455.4
-1683283.49
65
-2399252.47
-2323988.37
-281646.453
-1204027.4
69
-2393705.09
-297665.835
-888964.547
-1648366.25
73
-2031201.88
-1460432.72
-1659762.29
-2072269.71
77
-2893426.4
-424194.097
-309431.538
-1724761.88
81
-1341139.81
-2223062.23
-3103495.84
-1572490.91

29
-1127204.29
-1270145.91
-1060945.14
-1794890.57
33
-931312.2
-703564.187
-1157415.09
-2519026.85
37
-1991223.91
-1741064.62
-1782074.73
-1039487.93
41
-1027470.19
-1418296.07
-2147544.18
-3528759.48
45
-817628.193
-722750.315
-2306943.99
-2667614.33
49
-968928.3
-1643713.7
-1843023.57
-1394875.79
53
-2043880.82
-227888.554
-763985.133
-1386695.77

1
-1791822.87
-1028942.57
-368361.072
-743251.03
5
-2233034.12
-1536063.7
-1285121.19
-1410925.93
9
-939646.511
-1798010.17
-266909.462
-2062440.49
13
-1626589.97
-1075010.53
-2944083.9
-1701595.14
17
-365281.307
-958638.588
-2387443.39
-2304616.4
21
-2174670.65
-1200131.44
-999475.742
-1367435.96
25
-2220168.53
-2229748.39
-462090.339
-1828127.92

85
-2332384.06
-231454.914
-2366688.53
-1163563.83
89
-1933970.54
-887613.962
-565848.402
-412833.91
93
-1839394.11
-1936012.3
-1643746.58
-577685.134
97
-2297015.42
-2261248.7
-1693980.99
-1381097.05
101
-1834885.91
-4089849.93
-1073259.86
-2459660.72
105
-673703.045
-2243306.78
-1631008.72
-2540642.54
109
-1725449.14
-1302205.07
-890531.359
-944958.487

113
-732405.085
-1541767.02
-711450.99
-1744372.45
117
-1525548.03
-1935713.15
-3495873.05
-1786114.22
121
-1123153.19
-1016441.2
-539399.896
-1960605.65
125
-2022082.85
-1462202.74
-1318959.54
-776515.958
129
-451682.992
-1239423.52
-1525752.1
-727632.095
133
-342652.172
-516604.707
-329545.131
-2243329.79
137
-1316090.32
-1437870.61
-1903923.18
-876044.38

141
-957568.936
-975669.468
-1632230.76
-1741251.35
145
-927928.856
-2786149.58
-1326644.17
-1758602.71
149
-476200.957
-1202276.19
-536062.1
-1019390.17
153
-2038104.92
-3294122.28
-2732065.3
-451877.986
157
-1410899.5
-2242387.98
-1784210.37
-1659165.52
161
-2383193.46
-2033334.95
-2660289.45
-2682089.66
165
-953687.547
-1640688.23
-1638473.35
-636155.628

169
-1348097.85
-963916.599
-781959.038
-1332905.69
173
-1774141.61
-1370325.35
-1050279.47
-805657
177
-1308268.62
-1377982.3
-1967633.03
-1209942.85
181
-2215863.88
-1914425.78
-2051551.69
-1086516.03
185
-1967427.74
-2148730.6
-2339829.04
-1982990.5
189
-820200.884
-655702.66
-1727672.9
-2573765.94
193
-1030517.04
-1625338.6
-1388609.62
-357634.943

197
-885441.95
-2093736.21
-637442.907
-445239.904
201
-1993510.43
-499515.325
-502197.332
-1791299.42
205
-1998419.56
-3586903.31
-766945.402
-1786894.77
209
-1183989.13
-3008202.37
-1557597.21
-345924.342
213
-2076658.66
-1608561.22
-3053185.29
-751375.621
217
-2230227.39
-809620.19
-601274.897
-1985009.75
221
-504333.558
-1727320.61
-2708130.97
-1077756.73

225
-2149512.09
-1718135.62
-1454080.57
-1943125.92
229
-2300591.18
-859768.349
-1569542.4
-288735.559
233
-2517194.59
-279699.003
-2637598.33
-662699.5
237
-1496116.16
-2142945.46
-1485247.53
-1648222.16
241
-1940304.77
-2244746.94
-947667.277
-1054010.97
245
-2194005.95
-2139431.25
-851457.69
-1816354.07
249
-661011.25
-484794.372
-2709868.54
-1375281.33

253
-1852360.18
-1377433.22
-2103451.94
-2323555.96
257
-891762.636
-1766028.76
-776913.801
-2335754.28
261
-213640.256
-641722.641
-599639.386
-2340161.85
265
-1330163.08
-1246886.25
-1474718.27
-795379.054
269
-2450142.73
-1701035.46
-1147821.86
-2879718.74
273
-2155707.42
-2657937.74
-747596.891
-2793002.97
277
-1025618.37
-2116306.3
-660291.012
-2239398.87

281
-463841.775
-3150206.45
-972740.558
-2127206.3
285
-963117.75
-3383643.3
-1172511.09
-1741592.89
289
-1123566.71
-1914822.53
-1574401.82
-1702064.45
293
-1381325.27
-760857.4
-1817348.57
-2435467.33
297
-2965468.08
-748856.209
-3009380.09
-2551979.21
301
-572840.92
-1256107.22
-1965590.84
-357231.764
305
-2140540.36
-1249507.71
-647454.199
-1788947.99

309
-2068669.11
-313910.67
-2835435.09
-1476020.76
313
-1659798.65
-862901.406
-2317359.86
-1568980.16
317
-2234959.52
-693719.171
-593476.636
-393992.854
321
-1901834.5
-1582933.63
-1251202.23
-1240669.87
325
-1651528.96
-938656.13
-878924.177
-263640.048
329
-1112567.33
-1017687.01
-1924307.6
-426606.36
333
-1348356.47
-1384447.02
-2020707.89
-1218359.06

337
-2272906.29
-1048565.51
-891200.414
-1123035.61
341
-2851773.73
-2160093.9
-427844.881
-1146928.45
345
-488989.979
-2078076.13
-1746610.08
-755882.991
349
-2424214.57
-812628.493
-1349803.49
-626682.827
353
-1951454.69
-2371126.51
-2146966.09
-2684738.7
357
-1491334.08
-1855267.32
-1434729.51
-1398001.35
361
-404468.231
-1640309.29
-503193.056
-461405.429

365
-832601.905
-1866486.85
-1596169.11
-1417049.65
369
-864590.87
-1027721.81
-2347496.27
-2800991.74
373
-794599.929
-2500564.36
-592444.856
-1782280.4
377
-1110653.24
-1144830.37
-746414.991
-2128518.28
381
-1162437.08
-1242315.57
-1594185.47
-912610.959
385
-1591609.75
-1304370.02
-1632539.35
-983211.65
389
-1029419.39
-2206559.48
-693593.372
-449753.379

393
-2916396.73
-903587.872
-1078781.67
-417815.879
397
-1098891.51
-2323260.37
-1347617.5
-566154.742
401
-2278433.16
-1470304.72
-2429352.9
-2592174.17
405
-2822339.2
-1010137.59
-2206868.72
-454805.928
409
-1854041.46
-502930.702
-3166872.52
-1116656.09
413
-1484791.99
-3301308.11
-3043151.84
-1873472.59
417
-525591.924
-1163954.83
-290279.839
-1653936

421
-1509301.27
-1753669.01
-756288.796
-996198.882
425
-1914827.34
-1365413.85
-1576791.63
-359275.628
429
-489012.845
-1291840.45
-1621020.8
-2654800.68
433
-1412535.73
-461386.503
-792393.401
-1565693.99
437
-2220565.44
-643780.707
-2703503.94
-2262310.55
441
-983522.296
-1165242.29
-1987276.33
-2433549.22
445
-2167836.39
-589670.675
-856717.74
-1863926.66

449
-1892158.2
-2454152.69
-2110915.76
-788671.978
453
-1475795.24
-620662.48
-1065158.52
-1294532.54
457
-1437278.67
-3221639.47
-1034535.69
-1194444.66
461
-2126508.56
-1933948.93
-639209.355
-1345084.07
465
-2603917.88
-2901793.59
-1489895.26
-2537193.81
469
-207733.565
-2202000.79
-2136888.02
-3449339.24
473
-2236718.84
-2705374.12
-1707345.01
-1496550.8

505
-1628722.48
-789965.679
-1646668.4
-1561062.67
509
-1718047.26
-2207188.66
-1473643.84
-2450336.13
513
-444834.35
-1580267.01
-2553891.27
-1585933.83
517
-2752521.43
-902469.958
-631144.731
-280834.497
521
-1316718.05
-993357.989
-1278063.22
-2263067.2
525
-2743737.96
-384883.218
-3197330.95
-2302337.1
529
-1336974
-1488954.57
-2225001.99
-1231687.77

477
-750212.087
-2547661.53
-1051942.77
-1683426.62
481
-2272648.38
-1629867.6
-1295409.81
-1238033.23
485
-1266975
-818774.236
-3190556.46
-2042762.75
489
-2632540.19
-2071714.04
-1252220.37
-1010691.19
493
-1493191.55
-2824116.54
-1659967
-2658542.44
497
-389070.298
-1766935.15
-1725221.72
-1676398.99
501
-795260.914
-1824524.16
-891235.285
-587759.542

561
-1176696.87
-1317081.46
-2499594.23
-1420945.91
565
-1793763.6
-1283344.91
-1389075.47
-1351381.29
569
-1225178.2
-2037808.74
-2320038.39
-1577095.86
573
-313961.55
-517127.369
-1772899.9
-368365.725
577
-2045085.32
-680388.489
-769238.697
-3566273.95
581
-2712024.6
-2169456.37
-1064272.47
-2607170.89
585
-388200.015
-2029759.34
-278284.905
-1539309.29

533
-2470165.07
-723564.888
-997937.681
-942142.36
537
-1751577.98
-1674935.18
-2451416.71
-1797374.73
541
-1161236.94
-716026.497
-1490614.7
-731190.724
545
-371434.738
-1376873.09
-2101286.68
-2345510.38
549
-1525571.86
-2041228.73
-1388982.28
-2975686.39
553
-512217.349
-2026865.08
-2133567.53
-435636.865
557
-1013851.84
-2738704.46
-705558.821
-2039490.8

589
-1280513
-1302249.38
-401207.41
-745539.253
593
-2581675.89
-643421.469
-1821361.63
-1012453.78
597
-1735687.5
-750866.043
-206957.519
-1220947.05
601
-2402566.79
-2277390.18
-2024141.73
-1142796.98
605
-1370506.16
-417992.644
-1410163.79
-1043587.2
609
-1558820.48
-1219471.9
-1111618.59
-1340246.72
613
-1788651.83
-3135408.37
-2461816.17
-1271426.35

617
-559293.615
-880663.105
-1355209.95
-2152954.56
621
-2330457.84
-1582842.1
-438318.632
-1352543.91
625
-1239272.14
-2107980.22
-1499766.47
-2180654.3
629
-1173175.94
-1198786.21
-1515755.51
-2960532.16
633
-1130611.14
-783218.762
-448619.793
-448404.437
637
-2009208.07
-777460.106
-898730.09
-1838668.21
641
-2336355.91
-1056644.58
-486172.586
-1591074.74

645
-1486107.99
-224175.682
-2122601.93
-719141.978
649
-1009193.21
-1237152.32
-1056546.87
-2698047.93
653
-991449.709
-1591091.09
-1566207.32
-383096.042
657
-1549478.27
-2683327.71
-840969.477
-1260046.47
661
-1626621.5
-2321796.45
-629018.908
-1427778.84
665
-1312813.98
-1603707.04
-1307468.3
-2732930.54
669
-1045278.42
-2317416.83
-2234808.74
-1459153.25

673
-1000732.92
-3014341.66
-1877079.61
-1163771.72
677
-929287.666
-2383277.15
-1286670.77
-1309423.94
681
-1951382.28
-2399738.07
-1196445.81
-2275121.01
685
-1687840.5
-1099624.1
-2684890.99
-1766291.97
689
-435760.852
-1193573.99
-1731178.71
-1003793.59
693
-1709716.84
-2760201.78
-1325803.55
-1484147.06
697
-1640298.41
-1876719.54
-1492932.32
-1620276.61

701
-2748183
-1848711.09
-1685574.62
-983586.168
705
-2015953.84
-300269.782
-992112.183
-776314.852
709
-962665.977
-1895982.15
-1979183.63
-1443473.22
713
-1038263.37
-1926381.52
-1903491.07
-1508034.17
717
-1229645.89
-393667.699
-917432.084
-422102.968
721
-1423465.97
-1925285.46
-533570.713
-2052656.06
725
-670029.668
-1910155.18
-941012.229
-779120.673

729
-1416016.32
-254477.571
-2246287.66
-1729941.3
733
-2230004.75
-620829.872
-964641.471
-2049144.27
737
-1529766.13
-506168.919
-962277.535
-1005070.37
741
-1628563.36
-326493.756
-2376846.05
-1934993.98
745
-1157853.47
-1390178.43
-1428216.48
-2061942.99
749
-901561.994
-226594.494
-1148946.74
-843010.959
753
-786501.131
-915376.445
-923126.845
-781440.758

757
-1225505.25
-819828.069
-1060856.93
-1602660.01
761
-1608506.86
-3828582.12
-1197622.54
-822834.638
765
-2500652.35
-2042936.86
-1357808.62
-1479472.87
769
-328678.033
-2537771.48
-2173859.15
-828473.508
773
-756525.712
-2392362.23
-1882530.05
-2294171.5
777
-910691.682
-1132697.74
-2471533.51
-2393471.06
781
-1227584.68
-1383003.58
-1765981.71
-345335.867

785
-2258251.54
-1599641.69
-1699936.76
-1171558.98
789
-1644332.32
-1117122.2
-1417067.46
-1710151.98
793
-2469933.63
-2522310.15
-1518945.45
-1260259.34
797
-546009.091
-1717594.29
-633838.888
-959459.593
801
-899070.106
-1225703.42
-1559742.48
-906158.353
805
-725001.986
-2510038.92
-508994.271
-1856557.32
809
-2223831.21
-2499075.4
-1400149.41
-2245699.93

813
-2275786.74
-1705828.84
-2002221.27
-762211.728
817
-1401496.03
-1156014.29
-1096935.78
-848880.821
821
-1653449.59
-3633900.18
-404320.635
-536443.479
825
-1213750.05
-1559277.27
-1191352.14
-1050215.74
829
-659899.497
-639055.793
-992014.203
-987110.643
833
-1109805.18
-973121.366
-1866091.94
-1578110.86
837
-1394777.23
-1068761.74
-1733138.84
-3306096.7

841
-807164.431
-1197514.16
-1794993.34
-4203133.44
845
-1433694.24
-408271.633
-3151177.55
-1396599.91
849
-1412810.76
-2561748.31
-342124.093
-1394612.65
853
-651475.234
-624000
-1476514.83
-510170.509
857
-675296.457
-1384953.36
-2695708.77
-1635462.91
861
-1296969.32
-1248356.42
-851226.191
-1377920.44
865
-718516.055
-1206250.89
-2326708.61
-966271.989

869
-615481.657
-1124343.17
-672898.506
-1478754.59
873
-1511356.99
-1676598.04
-2029210
-1461358.58
877
-552123.305
-3802125.94
-1988635.73
-349765.832
881
-1443852.27
-749710.112
-971816.958
-1368587.95
885
-2320367.85
-1105908.06
-2025047.85
-747738.422
889
-2426666.74
-453363.006
-868628.241
-3172675.78
893
-2620626.83
-449947.223
-1339779.94
-1852161.29
