
145
-1.6766e+05
-1.6134e+05
-2.6121e+05
-1.85e+05
-4.0591e+05
-2.1865e+05
-1.9386e+05
-2.1804e+05
-2.7504e+05
-4.3063e+05
-2.1471e+05
-3.9955e+05
-4.0035e+05
-2.7247e+05
-2.4678e+05
-1.8753e+05

81
-2.8567e+05
-1.7536e+05
-4.7792e+05
-2.925e+05
-2.9532e+05
-2.2026e+05
-5.1683e+05
-1.7254e+05
-5.0477e+05
-1.6455e+05
-5.2945e+05
-1.6012e+05
-1.8068e+05
-4.3013e+05
-2.4673e+05
-5.2279e+05

97
-4.2933e+05
-1.5645e+05
-2.8259e+05
-3.3366e+05
-3.5339e+05
-3.7316e+05
-1.9091e+05
-5.076e+05
-6.0697e+05
-4.9487e+05
-5.5366e+05
-3.1662e+05
-4.8376e+05
-4.1919e+05
-2.9439e+05
-3.7484e+05

17
-1.5742e+05
-3.7118e+05
-1.7599e+05
-2.7642e+05
-1.6272e+05
-3.8174e+05
-1.6309e+05
-5.2746e+05
-5.36e+05
-6.7733e+05
-1.5677e+05
-2.4872e+05
-6.3577e+05
-1.7057e+05
-1.6584e+05
-5.4836e+05

113
-2.1402e+05
-2.9649e+05
-4.5819e+05
-3.8311e+05
-5.519e+05
-3.6287e+05
-3.5187e+05
-1.9469e+05
-2.4475e+05
-1.6037e+05
-5.0096e+05
-1.7526e+05
-1.6625e+05
-2.8463e+05
-1.5763e+05
-4.6798e+05

33
-4.9034e+05
-3.2612e+05
-2.801e+05
-1.6235e+05
-4.8192e+05
-2.0468e+05
-2.4989e+05
-4.392e+05
-5.3539e+05
-3.4339e+05
-1.8118e+05
-1.8999e+05
-3.537e+05
-5.4253e+05
-2.893e+05
-1.6911e+05

129
-4.3807e+05
-3.3112e+05
-2.3133e+05
-2.4829e+05
-6.753e+05
-4.8411e+05
-2.591e+05
-3.4734e+05
-3.177e+05
-4.5023e+05
-1.9725e+05
-2.8905e+05
-1.5806e+05
-5.1347e+05
-5.0403e+05
-3.9335e+05

193
-5.3988e+05
-4.5568e+05
-2.3321e+05
-2.0889e+05
-4.7977e+05
-4.7985e+05
-4.9429e+05
-1.7861e+05
-5.3265e+05
-4.447e+05
-2.5354e+05
-3.5268e+05
-2.9578e+05
-2.5984e+05
-2.5937e+05
-2.7792e+05

289
-1.6144e+05
-4.3855e+05
-2.7895e+05
-4.7475e+05
-2.1048e+05
-1.8496e+05
-5.896e+05
-2.2193e+05
-2.0515e+05
-5.5941e+05
-3.0797e+05
-5.8654e+05
-3.0255e+05
-1.6133e+05
-2.6325e+05
-2.3846e+05

273
-3.3725e+05
-1.8723e+05
-4.1687e+05
-3.7891e+05
-3.4919e+05
-6.2095e+05
-1.6096e+05
-2.5675e+05
-3.247e+05
-5.5042e+05
-2.3576e+05
-3.9532e+05
-2.9554e+05
-2.9515e+05
-4.3038e+05
-4.4017e+05

241
-3.3031e+05
-2.297e+05
-4.6897e+05
-1.5924e+05
-4.4678e+05
-1.7527e+05
-4.281e+05
-4.5576e+05
-2.2958e+05
-4.2972e+05
-4.8811e+05
-2.5251e+05
-1.8335e+05
-2.76e+05
-6.277e+05
-2.8587e+05

177
-1.7333e+05
-3.2838e+05
-1.676e+05
-3.5712e+05
-5.2076e+05
-2.6335e+05
-1.5653e+05
-2.9235e+05
-1.6649e+05
-4.5246e+05
-2.0568e+05
-2.7936e+05
-1.7842e+05
-3.8985e+05
-2.2821e+05
-4.1672e+05

465
-4.4501e+05
-3.1976e+05
-4.4373e+05
-3.3153e+05
-3.7332e+05
-6.202e+05
-1.5634e+05
-5.3977e+05
-6.5845e+05
-4.4579e+05
-4.5707e+05
-2.4174e+05
-5.3558e+05
-1.6163e+05
-3.6154e+05
-3.3452e+05

385
-2.1746e+05
-1.8353e+05
-3.3041e+05
-1.8136e+05
-1.6832e+05
-2.5008e+05
-4.2024e+05
-2.4005e+05
-5.3787e+05
-1.7412e+05
-2.1884e+05
-5.5342e+05
-3.9177e+05
-1.7397e+05
-2.9657e+05
-3.3448e+05

353
-1.8683e+05
-4.1877e+05
-4.2688e+05
-4.1054e+05
-4.1096e+05
-5.1071e+05
-1.5754e+05
-1.688e+05
-4.2045e+05
-2.6088e+05
-3.9198e+05
-3.7833e+05
-3.0038e+05
-2.6027e+05
-6.1257e+05
-4.1683e+05

369
-2.4409e+05
-2.739e+05
-1.6716e+05
-3.5546e+05
-3.298e+05
-5.7763e+05
-2.9313e+05
-1.937e+05
-4.8848e+05
-5.0504e+05
-3.5973e+05
-4.7433e+05
-4.5269e+05
-5.1561e+05
-1.9627e+05
-3.5644e+05

337
-4.5174e+05
-4.7576e+05
-3.5032e+05
-3.8227e+05
-3.0887e+05
-1.9412e+05
-2.8244e+05
-2.1571e+05
-1.5909e+05
-4.6735e+05
-5.4886e+05
-2.1488e+05
-2.9399e+05
-2.0599e+05
-3.403e+05
-3.4375e+05

401
-3.7521e+05
-5.6771e+05
-6.3276e+05
-3.3787e+05
-3.762e+05
-5.1087e+05
-1.6868e+05
-3.1056e+05
-1.6565e+05
-2.1635e+05
-3.2e+05
-5.2377e+05
-5.7023e+05
-2.6326e+05
-1.6005e+05
-1.58e+05

321
-1.6368e+05
-3.2899e+05
-1.796e+05
-3.3706e+05
-1.7627e+05
-4.6614e+05
-5.7188e+05
-1.7566e+05
-2.8638e+05
-3.1104e+05
-1.7172e+05
-1.7994e+05
-4.8462e+05
-2.5786e+05
-3.7497e+05
-3.6858e+05

417
-2.7845e+05
-2.1335e+05
-3.6024e+05
-4.3677e+05
-4.2761e+05
-1.6938e+05
-2.1369e+05
-1.7862e+05
-2.1142e+05
-1.6221e+05
-1.6975e+05
-1.8895e+05
-3.999e+05
-1.6924e+05
-2.2785e+05
-4.2998e+05

449
-5.001e+05
-3.3734e+05
-4.2938e+05
-3.5583e+05
-4.8011e+05
-6.1519e+05
-4.5479e+05
-1.633e+05
-5.6776e+05
-1.7288e+05
-6.5377e+05
-4.6961e+05
-2.9435e+05
-2.6622e+05
-2.5732e+05
-5.0111e+05

577
-1.8511e+05
-4.8431e+05
-4.0629e+05
-3.0956e+05
-1.8124e+05
-3.7186e+05
-3.4398e+05
-1.5802e+05
-5.6595e+05
-1.8608e+05
-1.8757e+05
-5.2297e+05
-4.4403e+05
-4.1249e+05
-5.0368e+05
-1.9949e+05

545
-1.8728e+05
-1.7704e+05
-2.568e+05
-2.9677e+05
-3.2689e+05
-3.3868e+05
-4.168e+05
-1.6942e+05
-1.6053e+05
-4.4893e+05
-1.6427e+05
-6.4234e+05
-3.9061e+05
-2.2407e+05
-1.9215e+05
-2.5052e+05

513
-5.4004e+05
-1.7277e+05
-2.2131e+05
-5.4089e+05
-2.1901e+05
-2.1198e+05
-1.7153e+05
-2.953e+05
-4.3897e+05
-4.3525e+05
-4.9513e+05
-2.0332e+05
-2.3279e+05
-4.7821e+05
-2.7431e+05
-4.2344e+05

481
-1.8163e+05
-4.5261e+05
-6.1832e+05
-1.5877e+05
-1.6028e+05
-2.2316e+05
-6.6184e+05
-5.8435e+05
-4.1557e+05
-5.2927e+05
-2.6359e+05
-4.2142e+05
-1.583e+05
-1.7874e+05
-3.6209e+05
-2.2336e+05

625
-4.2866e+05
-5.2616e+05
-2.4294e+05
-3.2967e+05
-5.519e+05
-2.4018e+05
-2.248e+05
-6.6505e+05
-1.6685e+05
-3.6985e+05
-1.5766e+05
-3.1608e+05
-1.8e+05
-2.1535e+05
-1.5621e+05
-2.0049e+05

497
-1.7398e+05
-2.7376e+05
-3.3135e+05
-4.7757e+05
-6.2518e+05
-6.1399e+05
-1.9683e+05
-2.1471e+05
-5.2774e+05
-2.8224e+05
-2.3388e+05
-1.9577e+05
-6.1912e+05
-2.1232e+05
-2.6779e+05
-4.8637e+05

561
-2.8953e+05
-2.068e+05
-4.2509e+05
-2.5195e+05
-1.8414e+05
-3.5044e+05
-2.1298e+05
-1.5827e+05
-3.7987e+05
-4.1804e+05
-2.5625e+05
-1.8296e+05
-2.7556e+05
-1.6269e+05
-2.2826e+05
-3.9621e+05

609
-2.8989e+05
-2.8563e+05
-5.6566e+05
-5.2785e+05
-4.4492e+05
-3.4496e+05
-2.6033e+05
-5.6461e+05
-3.7548e+05
-3.0423e+05
-1.5893e+05
-1.9702e+05
-2.02e+05
-4.6305e+05
-2.67e+05
-1.7464e+05

705
-4.0641e+05
-3.4236e+05
-4.3378e+05
-2.0595e+05
-2.8991e+05
-5.3235e+05
-5.6014e+05
-4.1814e+05
-2.4027e+05
-1.9414e+05
-1.6617e+05
-3.9958e+05
-4.1455e+05
-1.9418e+05
-5.6369e+05
-1.5738e+05

753
-3.0286e+05
-2.6563e+05
-4.8024e+05
-1.6114e+05
-1.6894e+05
-4.3459e+05
-3.2556e+05
-4.4746e+05
-1.912e+05
-2.8016e+05
-4.3799e+05
-4.1715e+05
-4.0443e+05
-2.3172e+05
-1.8049e+05
-3.205e+05

673
-4.3052e+05
-2.8338e+05
-2.368e+05
-6.4851e+05
-1.5955e+05
-2.3811e+05
-1.5861e+05
-4.0269e+05
-3.2229e+05
-3.5577e+05
-2.0361e+05
-2.2986e+05
-2.5438e+05
-1.8739e+05
-5.2764e+05
-1.8884e+05

737
-1.6653e+05
-4.1188e+05
-1.5982e+05
-1.5872e+05
-2.5263e+05
-1.5881e+05
-3.6751e+05
-3.9723e+05
-5.8136e+05
-3.3912e+05
-1.584e+05
-3.2004e+05
-3.3413e+05
-6.1621e+05
-3.7088e+05
-1.7029e+05

641
-1.7648e+05
-3.6469e+05
-1.594e+05
-4.9088e+05
-1.6542e+05
-1.6523e+05
-3.1753e+05
-3.5587e+05
-3.363e+05
-4.7682e+05
-4.1004e+05
-1.953e+05
-2.8951e+05
-5.8935e+05
-3.8691e+05
-4.949e+05

721
-3.1172e+05
-4.1792e+05
-4.2234e+05
-4.7017e+05
-3.9698e+05
-2.3202e+05
-4.5811e+05
-2.3494e+05
-3.3291e+05
-2.3896e+05
-4.3346e+05
-5.1937e+05
-2.9473e+05
-1.6138e+05
-1.5695e+05
-1.6752e+05

785
-1.576e+05
-4.6298e+05
-2.5003e+05
-2.9693e+05
-5.6049e+05
-5.7254e+05
-1.7513e+05
-1.8839e+05
-2.5701e+05
-3.6855e+05
-3.185e+05
-3.7548e+05
-1.7166e+05
-4.8016e+05
-3.674e+05
-1.9499e+05

769
-2.0574e+05
-2.2905e+05
-1.7807e+05
-4.274e+05
-3.2238e+05
-3.5303e+05
-2.7323e+05
-3.8415e+05
-4.4342e+05
-4.8759e+05
-2.2773e+05
-2.1149e+05
-5.5557e+05
-2.5897e+05
-4.5076e+05
-3.147e+05

833
-1.6479e+05
-2.1016e+05
-1.6455e+05
-2.6499e+05
-1.705e+05
-4.7738e+05
-4.4406e+05
-5.5748e+05
-2.2314e+05
-1.6732e+05
-2.603e+05
-2.8911e+05
-4.4289e+05
-1.6158e+05
-1.8318e+05
-2.4519e+05

865
-1.8082e+05
-4.2932e+05
-1.6862e+05
-1.8263e+05
-3.5995e+05
-5.2062e+05
-3.1396e+05
-1.6689e+05
-3.7509e+05
-2.3819e+05
-1.955e+05
-1.7164e+05
-1.6384e+05
-3.3082e+05
-1.9683e+05
-4.4375e+05

801
-3.741e+05
-3.1519e+05
-2.0671e+05
-4.0534e+05
-3.8289e+05
-2.6032e+05
-2.6273e+05
-2.7864e+05
-2.7668e+05
-2.2444e+05
-3.2678e+05
-3.8804e+05
-5.6314e+05
-1.5904e+05
-3.5437e+05
-4.6342e+05

849
-3.6403e+05
-3.3841e+05
-4.9967e+05
-2.0861e+05
-6.6369e+05
-2.2567e+05
-1.6603e+05
-1.8573e+05
-2.5345e+05
-1.5926e+05
-3.4867e+05
-4.1321e+05
-5.5732e+05
-6.3611e+05
-3.9571e+05
-1.9679e+05

881
-4.4901e+05
-1.6038e+05
-2.7728e+05
-3.0521e+05
-4.7695e+05
-3.3973e+05
-2.8723e+05
-1.8202e+05
-1.5706e+05
-1.6673e+05
-4.2291e+05
-2.5155e+05
-1.5583e+05
-5.2075e+05
-3.5566e+05
-3.7482e+05

913
-5.1878e+05
-1.9701e+05
-3.4278e+05
-5.5581e+05
-2.8263e+05
-2.538e+05
-5.0787e+05
-2.2855e+05
-1.6559e+05
-2.7806e+05
-3.4701e+05
-3.2365e+05
-4.2924e+05
-2.9533e+05
-5.3613e+05
-1.9218e+05

817
-5.9298e+05
-2.3156e+05
-6.0063e+05
-4.5469e+05
-1.5793e+05
-2.9954e+05
-1.8594e+05
-3.6363e+05
-2.1043e+05
-2.9896e+05
-2.4316e+05
-2.1198e+05
-5.1953e+05
-4.448e+05
-3.0296e+05
-4.3855e+05

897
-3.0298e+05
-3.104e+05
-2.8987e+05
-2.1325e+05
-6.6964e+05
-2.1762e+05
-1.8651e+05
-1.6929e+05
-2.4553e+05
-5.052e+05
-3.1783e+05
-3.8639e+05
-1.9061e+05
-2.1202e+05
-4.831e+05
-5.8808e+05

929
-2.4906e+05
-5.6298e+05
-3.7277e+05
-3.8226e+05
-4.0046e+05
-2.1909e+05
-5.5504e+05
-3.5259e+05
-1.7588e+05
-2.2339e+05
-5.497e+05
-1.835e+05
-4.4994e+05
-4.5747e+05
-1.9659e+05
-5.6017e+05

993
-2.2713e+05
-2.9483e+05
-4.8955e+05
-2.7239e+05
-3.7772e+05
-3.113e+05
-6.0921e+05
-3.0645e+05
-1.8119e+05
-3.9227e+05
-3.1032e+05
-1.904e+05
-1.6552e+05
-1.9327e+05
-3.6333e+05
-4.1746e+05

961
-2.7537e+05
-1.8379e+05
-2.5067e+05
-4.7123e+05
-5.8646e+05
-3.5467e+05
-2.285e+05
-4.5338e+05
-4.1548e+05
-2.7551e+05
-1.5632e+05
-1.6285e+05
-2.224e+05
-3.0605e+05
-4.0733e+05
-3.1883e+05

1009
-2.6955e+05
-3.1607e+05
-2.3802e+05
-1.7577e+05
-1.5674e+05
-2.069e+05
-1.5894e+05
-5.0616e+05
-2.2452e+05
-4.3222e+05
-1.6254e+05
-2.9801e+05
-1.6733e+05
-5.9691e+05
-3.5736e+05
-3.9482e+05

1025
-5.013e+05
-2.2352e+05
-6.1506e+05
-3.8707e+05
-1.8856e+05
-2.9322e+05
-6.4935e+05
-3.5684e+05
-4.2803e+05
-1.7053e+05
-2.0424e+05
-2.5599e+05
-3.1483e+05
-1.7781e+05
-3.6212e+05
-2.4614e+05

1057
-6.505e+05
-1.8609e+05
-1.5677e+05
-5.0822e+05
-1.5986e+05
-4.2094e+05
-2.8879e+05
-5.8709e+05
-3.0641e+05
-3.4487e+05
-1.6445e+05
-1.5788e+05
-4.2263e+05
-1.6933e+05
-2.0925e+05
-6.3484e+05

977
-2.1607e+05
-5.1443e+05
-5.3724e+05
-5.1086e+05
-2.8739e+05
-3.7658e+05
-1.6156e+05
-2.0421e+05
-1.63e+05
-2.1689e+05
-6.0598e+05
-2.7183e+05
-1.5801e+05
-3.7796e+05
-1.7432e+05
-3.8917e+05

1073
-4.6702e+05
-4.1095e+05
-1.5756e+05
-3.6507e+05
-2.3935e+05
-5.8345e+05
-6.3079e+05
-4.9104e+05
-1.6795e+05
-4.15e+05
-4.2487e+05
-2.8033e+05
-2.5617e+05
-1.988e+05
-2.4687e+05
-2.7788e+05

1105
-6.5645e+05
-2.4794e+05
-5.3334e+05
-4.4012e+05
-2.9322e+05
-2.3437e+05
-3.0053e+05
-5.0286e+05
-3.1859e+05
-4.4705e+05
-5.1752e+05
-3.8996e+05
-4.8718e+05
-1.9326e+05
-3.1605e+05
-3.7334e+05

1041
-1.683e+05
-4.0379e+05
-3.2682e+05
-2.7662e+05
-2.0505e+05
-6.405e+05
-4.2368e+05
-1.9405e+05
-2.0058e+05
-1.6583e+05
-2.8531e+05
-4.0792e+05
-4.997e+05
-1.7835e+05
-6.1463e+05
-2.715e+05

1089
-1.8361e+05
-3.8901e+05
-3.808e+05
-3.3051e+05
-2.7339e+05
-5.4872e+05
-4.9267e+05
-1.9417e+05
-1.6078e+05
-1.5809e+05
-4.9596e+05
-3.7114e+05
-4.0148e+05
-1.6725e+05
-2.1349e+05
-3.5914e+05

1265
-5.1064e+05
-1.8382e+05
-2.2847e+05
-3.3722e+05
-1.9069e+05
-4.7365e+05
-2.0477e+05
-4.0494e+05
-3.0948e+05
-1.6345e+05
-2.5075e+05
-3.6218e+05
-3.4579e+05
-1.9432e+05
-2.8278e+05
-2.6535e+05

1185
-1.5964e+05
-1.6447e+05
-2.1096e+05
-1.5922e+05
-1.6979e+05
-1.6547e+05
-3.0739e+05
-3.2486e+05
-2.2389e+05
-1.6167e+05
-2.0043e+05
-1.8901e+05
-1.8984e+05
-1.5653e+05
-3.5953e+05
-3.1159e+05

1217
-4.0336e+05
-1.9434e+05
-2.4967e+05
-5.2645e+05
-2.3604e+05
-2.0505e+05
-3.3942e+05
-6.4208e+05
-4.6218e+05
-2.0548e+05
-1.8012e+05
-1.5776e+05
-2.3577e+05
-2.3849e+05
-3.4244e+05
-1.6505e+05

1201
-2.5109e+05
-3.1984e+05
-3.3692e+05
-1.7217e+05
-4.1731e+05
-4.0464e+05
-1.7247e+05
-3.3827e+05
-2.8025e+05
-6.2422e+05
-1.625e+05
-3.0951e+05
-3.3361e+05
-6.3303e+05
-1.5723e+05
-3.1118e+05

1169
-1.6327e+05
-5.5045e+05
-3.6729e+05
-6.012e+05
-3.689e+05
-3.7676e+05
-1.7791e+05
-1.5676e+05
-2.8582e+05
-1.6003e+05
-4.048e+05
-4.116e+05
-1.6196e+05
-2.0533e+05
-4.2825e+05
-5.2218e+05

1121
-6.0578e+05
-1.791e+05
-2.2309e+05
-2.0843e+05
-2.7557e+05
-1.5571e+05
-4.9275e+05
-1.6687e+05
-4.5018e+05
-2.1938e+05
-2.8443e+05
-1.8942e+05
-4.1779e+05
-2.3713e+05
-2.2999e+05
-1.5896e+05

1249
-5.1922e+05
-3.0418e+05
-3.8891e+05
-4.0184e+05
-4.5266e+05
-1.9436e+05
-2.0257e+05
-2.0227e+05
-3.3955e+05
-3.768e+05
-2.292e+05
-2.2167e+05
-5.9741e+05
-5.1395e+05
-2.3522e+05
-4.5675e+05

1361
-2.8838e+05
-1.6837e+05
-1.6856e+05
-1.8075e+05
-4.4412e+05
-4.0557e+05
-3.1341e+05
-4.3512e+05
-1.8425e+05
-2.7678e+05
-2.2253e+05
-4.1635e+05
-2.3788e+05
-6.2936e+05
-3.2884e+05
-3.5065e+05

1377
-5.5446e+05
-2.0089e+05
-1.6616e+05
-1.6857e+05
-2.9412e+05
-1.587e+05
-5.2495e+05
-2.8208e+05
-4.0317e+05
-6.0829e+05
-3.6589e+05
-4.9886e+05
-3.6032e+05
-3.0382e+05
-3.3693e+05
-4.1047e+05

1425
-4.819e+05
-5.0006e+05
-1.7244e+05
-4.6712e+05
-3.653e+05
-4.9759e+05
-1.6776e+05
-3.5774e+05
-1.7847e+05
-3.9649e+05
-1.5959e+05
-4.2839e+05
-1.5929e+05
-2.6542e+05
-2.0733e+05
-1.7746e+05

1345
-3.8641e+05
-2.882e+05
-1.5872e+05
-4.08e+05
-2.0146e+05
-6.2364e+05
-3.5139e+05
-3.6226e+05
-1.603e+05
-2.3793e+05
-2.3659e+05
-5.4759e+05
-4.1493e+05
-1.9997e+05
-1.6765e+05
-1.8068e+05

1281
-1.7469e+05
-1.8984e+05
-2.146e+05
-1.565e+05
-1.8612e+05
-2.4991e+05
-1.8979e+05
-3.4978e+05
-2.4351e+05
-2.3879e+05
-3.4852e+05
-3.8036e+05
-3.3269e+05
-1.6466e+05
-1.5819e+05
-3.6403e+05

1489
-2.5833e+05
-4.1909e+05
-3.4492e+05
-6.0108e+05
-5.9672e+05
-2.2705e+05
-2.4554e+05
-2.919e+05
-4.7148e+05
-3.2787e+05
-2.6095e+05
-3.6481e+05
-2.4787e+05
-3.375e+05
-1.5793e+05
-2.6179e+05

1505
-5.3549e+05
-4.2022e+05
-2.0765e+05
-2.4134e+05
-3.9846e+05
-1.5724e+05
-1.6387e+05
-4.3851e+05
-2.9447e+05
-1.627e+05
-2.1659e+05
-2.8338e+05
-3.4382e+05
-1.71e+05
-1.7324e+05
-1.8313e+05

1473
-5.3109e+05
-1.91e+05
-5.3151e+05
-3.6526e+05
-4.0254e+05
-2.4408e+05
-4.905e+05
-3.571e+05
-1.6248e+05
-4.7853e+05
-5.3925e+05
-4.5569e+05
-4.7769e+05
-3.8361e+05
-1.7711e+05
-1.5978e+05

1537
-2.7475e+05
-3.6403e+05
-2.9009e+05
-1.9735e+05
-6.1953e+05
-5.7822e+05
-5.2915e+05
-2.6466e+05
-2.3765e+05
-4.0667e+05
-1.7222e+05
-3.3884e+05
-1.7705e+05
-3.9348e+05
-6.2774e+05
-3.6636e+05

1553
-3.0224e+05
-2.0262e+05
-3.3646e+05
-1.8585e+05
-3.6206e+05
-2.6867e+05
-6.4564e+05
-4.4079e+05
-5.5117e+05
-1.6347e+05
-1.6035e+05
-5.2892e+05
-2.7242e+05
-4.6665e+05
-4.7696e+05
-4.5366e+05

1457
-5.4831e+05
-2.3573e+05
-4.0462e+05
-3.3077e+05
-4.0087e+05
-2.52e+05
-1.8353e+05
-1.8903e+05
-2.2948e+05
-2.1305e+05
-4.1505e+05
-1.7278e+05
-2.3699e+05
-2.1752e+05
-5.5363e+05
-6.0984e+05

1441
-4.7703e+05
-4.4012e+05
-1.7778e+05
-5.1124e+05
-3.8822e+05
-5.9162e+05
-3.1795e+05
-4.2524e+05
-6.5185e+05
-5.0142e+05
-1.6687e+05
-4.0535e+05
-1.9565e+05
-1.6298e+05
-3.4262e+05
-3.0669e+05

1569
-1.5705e+05
-5.8841e+05
-5.8486e+05
-3.6767e+05
-5.0424e+05
-3.8378e+05
-4.3767e+05
-2.6637e+05
-1.7256e+05
-1.9543e+05
-2.4381e+05
-2.1953e+05
-1.7227e+05
-3.5604e+05
-3.3235e+05
-2.6705e+05

1665
-4.7089e+05
-2.2212e+05
-4.4819e+05
-1.6144e+05
-2.4067e+05
-2.5742e+05
-6.0013e+05
-1.7548e+05
-3.7185e+05
-3.5432e+05
-2.3273e+05
-3.552e+05
-2.4554e+05
-5.74e+05
-3.5909e+05
-5.5334e+05

1681
-3.2496e+05
-2.678e+05
-2.6793e+05
-4.0318e+05
-4.9753e+05
-5.7147e+05
-3.4153e+05
-4.219e+05
-4.9332e+05
-5.2858e+05
-5.6805e+05
-3.3736e+05
-5.0977e+05
-2.4685e+05
-2.2741e+05
-3.1314e+05

1729
-2.1825e+05
-3.9881e+05
-1.5688e+05
-1.8896e+05
-1.6078e+05
-2.4444e+05
-4.9315e+05
-2.0389e+05
-4.708e+05
-5.4626e+05
-4.9268e+05
-3.6616e+05
-3.4763e+05
-2.254e+05
-2.6768e+05
-3.7097e+05

1601
-1.9796e+05
-4.7164e+05
-4.4056e+05
-3.6977e+05
-2.9631e+05
-3.2721e+05
-3.1314e+05
-4.9458e+05
-2.1034e+05
-2.3483e+05
-2.4328e+05
-6.0824e+05
-1.6093e+05
-2.5172e+05
-5.0447e+05
-1.6972e+05

1649
-1.8412e+05
-5.1331e+05
-1.6982e+05
-3.7129e+05
-2.0879e+05
-5.3814e+05
-2.3425e+05
-1.9705e+05
-1.9673e+05
-2.3787e+05
-2.3059e+05
-4.5462e+05
-2.3301e+05
-1.9733e+05
-2.696e+05
-4.2341e+05

1745
-4.4785e+05
-1.9541e+05
-3.0361e+05
-1.5091e+05
-1.5852e+05
-4.805e+05
-4.001e+05
-1.738e+05
-1.6519e+05
-1.6011e+05
-3.994e+05
-3.3432e+05
-3.3159e+05
-2.0816e+05
-3.8665e+05
-3.5544e+05

1713
-1.6575e+05
-1.904e+05
-2.1473e+05
-1.9517e+05
-4.5343e+05
-4.102e+05
-4.3943e+05
-4.4461e+05
-1.6773e+05
-5.2347e+05
-2.8103e+05
-3.7163e+05
-3.9301e+05
-2.6045e+05
-5.5064e+05
-1.8661e+05

1633
-3.522e+05
-5.0554e+05
-4.769e+05
-2.8616e+05
-1.7756e+05
-5.3543e+05
-2.6082e+05
-6.4112e+05
-3.587e+05
-4.7548e+05
-2.6916e+05
-2.1061e+05
-1.9201e+05
-1.6102e+05
-3.4181e+05
-1.5841e+05

1793
-2.1024e+05
-1.739e+05
-3.7499e+05
-1.6261e+05
-1.8184e+05
-4.2976e+05
-3.5192e+05
-2.7192e+05
-3.1386e+05
-4.2341e+05
-4.2725e+05
-1.5812e+05
-1.6638e+05
-3.4659e+05
-1.5517e+05
-1.6256e+05

1825
-1.7217e+05
-1.5784e+05
-5.4812e+05
-4.2442e+05
-2.5345e+05
-1.5798e+05
-1.7716e+05
-5.9656e+05
-3.1236e+05
-3.551e+05
-1.7984e+05
-2.8191e+05
-3.6448e+05
-2.1605e+05
-2.8622e+05
-3.4352e+05

1809
-2.5954e+05
-2.701e+05
-4.5638e+05
-3.52e+05
-4.4379e+05
-1.9589e+05
-4.7436e+05
-2.026e+05
-1.8022e+05
-5.6179e+05
-4.4535e+05
-5.5905e+05
-3.5526e+05
-3.1763e+05
-4.0631e+05
-2.6572e+05

1857
-1.5719e+05
-3.437e+05
-4.0287e+05
-1.6818e+05
-4.4587e+05
-5.0262e+05
-1.5954e+05
-4.5182e+05
-3.1239e+05
-3.443e+05
-3.1902e+05
-2.481e+05
-2.2752e+05
-2.4069e+05
-4.4853e+05
-4.2954e+05

1761
-1.7638e+05
-5.2393e+05
-2.8465e+05
-5.0353e+05
-5.5051e+05
-2.6752e+05
-1.9379e+05
-4.7205e+05
-2.5629e+05
-5.1359e+05
-3.4881e+05
-3.4883e+05
-1.8745e+05
-4.466e+05
-2.6629e+05
-2.8392e+05

1873
-2.275e+05
-1.7201e+05
-2.8199e+05
-1.6313e+05
-3.406e+05
-3.5203e+05
-5.2509e+05
-2.1656e+05
-4.3988e+05
-1.8554e+05
-2.1677e+05
-4.7108e+05
-3.2071e+05
-2.3372e+05
-4.4995e+05
-1.9273e+05

1777
-3.1595e+05
-5.1501e+05
-2.1977e+05
-2.4909e+05
-3.4948e+05
-2.2294e+05
-1.9919e+05
-3.1682e+05
-1.6069e+05
-4.5956e+05
-2.3064e+05
-2.0423e+05
-3.3287e+05
-2.9802e+05
-2.1289e+05
-1.645e+05

1889
-1.6355e+05
-4.2569e+05
-1.6879e+05
-4.6228e+05
-5.2726e+05
-6.2236e+05
-5.1775e+05
-4.0259e+05
-1.5954e+05
-1.8394e+05
-3.0587e+05
-2.8126e+05
-5.7449e+05
-2.0762e+05
-2.6361e+05
-2.289e+05
