
85
-481646.44
-403324.165
-356050.226
-1080748.43
89
-739516.097
-126277.496
-993677.58
-305980.764
93
-776133.108
-940000.88
-798789.563
-747117.232
97
-418111.622
-493669.397
-361315.625
-216843.732
101
-611769.817
-1310244.47
-543117.92
-201086.658
105
-1053897.98
-234023.649
-829492.088
-718989.637
109
-534834.818
-384845.79
-196704.926
-525503.217

29
-267123.472
-663122.501
-937990.794
-770501.607
33
-627787.862
-302384.684
-1107861.99
-2089714.38
37
-140146.694
-564514.788
-756837.927
-668981.116
41
-389007.59
-276414.822
-637697.788
-917134.695
45
-272227.705
-662904.938
-1106807.65
-161924.924
49
-252266.713
-489791.522
-308603.857
-711865.094
53
-1664098.61
-887595.797
-436004.299
-909488.992

1
-350623.195
-852744.306
-395549.036
-595914.98
5
-1333553.32
-1109809.49
-1511850.4
-209861.159
9
-439431.953
-1035285.27
-640618.223
-176625.578
13
-975387.418
-1165006.46
-515855.666
-867592.348
17
-648981.92
-555683.043
-825657.224
-650288.577
21
-744568.625
-396489.5
-632473.943
-1679325.62
25
-1665908.52
-697586.246
-631511.904
-876844.649

57
-627834.733
-287653.748
-700491.991
-298457.143
61
-990164.447
-287526.076
-635745.042
-579142.483
65
-552731.234
-222680.058
-429933.634
-204608.946
69
-483175.106
-1076087.2
-1064886.63
-513891.126
73
-823615.645
-666940.801
-1067343.48
-563312.75
77
-518248.979
-524074.475
-390749.179
-421898.728
81
-729268.476
-519321.447
-1328935.44
-474060.92

113
-720078.287
-218122.968
-491130.432
-521517.758
117
-203743.614
-892075.467
-1330534.87
-1128771.8
121
-236813.544
-715581.492
-1009914.13
-1342447.8
125
-835815.427
-276628.044
-516481.92
-521865.348
129
-790119.173
-454316.52
-434613.273
-162228.73
133
-1292920.14
-439102.401
-2062862.44
-750420.83
137
-415276.779
-776108.95
-146230.005
-1172535.1

169
-740677.003
-264468.029
-978060.121
-465094.548
173
-357116.597
-662159.482
-424289.196
-923525.119
177
-995470.405
-255184.692
-1111334.84
-871880.484
181
-469768.889
-360773.421
-682431.04
-323124.327
185
-467711.299
-1616060.97
-755016.872
-595128.086
189
-141122.872
-348802.17
-151818.432
-659784.873
193
-208366.068
-236264.307
-1550106.85
-518779.541

197
-843603.907
-659803.285
-718081.931
-343579.196
201
-1614859.3
-860749.767
-1107105.71
-405670.337
205
-861026.215
-273177.449
-435129.832
-603203.059
209
-659097.737
-812754.162
-566165.843
-197724.53
213
-1035871.71
-257959.408
-1998555.02
-154410.898
217
-714731.073
-314682.13
-954983.297
-359281.557
221
-538290.73
-395384.843
-413102.747
-519080.581

141
-807532.978
-491625.551
-452922.398
-329716.63
145
-406790.546
-566678.362
-197677.416
-1093101.18
149
-456911.394
-721521.535
-403765.899
-277578.483
153
-524794.901
-276443.227
-691808.407
-729990.177
157
-184361.2
-214503.702
-599120.01
-776039.315
161
-870147.793
-270406.475
-330739.066
-1076867.92
165
-276804.638
-836534.745
-481214.414
-1018803.4

225
-205120.504
-515116.091
-699696.605
-543798.919
229
-228310.474
-413672.501
-886816.887
-994198.322
233
-743695.11
-529180.547
-118574.428
-977686.416
237
-721903.969
-822821.397
-1096702.79
-1221473.87
241
-827888.997
-500145.6
-141337.214
-895797.433
245
-813409.023
-228609.647
-516524.479
-246543.27
249
-1184259.05
-306334.641
-832544.795
-621185.262

253
-473656.013
-668108.194
-1243150.65
-372535.451
257
-614098.037
-272813.645
-297966.571
-749409.643
261
-961678.699
-1784381.46
-640989.603
-1148911.19
265
-963548.029
-823441.176
-879904.178
-859782.359
269
-561916.874
-577445.838
-2570488.38
-881753.076
273
-367646.232
-1214337.6
-582239.295
-2167189.6
277
-688944.201
-193109.911
-739777.915
-542408.178

281
-827050.447
-323712.517
-730141.049
-385233.976
285
-489420.92
-360970.522
-323776.543
-581275.847
289
-1044013
-971099.485
-155833.547
-880089.427
293
-395172.72
-861522.844
-738647.256
-278158.375
297
-180683.887
-908909.265
-799278.752
-528221.096
301
-728252.024
-679256.56
-398144.322
-333375.086
305
-911129.023
-820070.897
-1151702.83
-693541.768

309
-804221.842
-379835.502
-394462.081
-721858.594
313
-1467522.35
-430441.211
-387343.387
-713960.131
317
-598240.982
-660275.67
-122108.782
-594033.342
321
-152227.633
-269239.256
-354727.691
-910887.242
325
-174296.815
-1190203.15
-640918.182
-839712.586
329
-645418.288
-745848.246
-975062.912
-484517.742
333
-1004302.55
-514311.855
-208008.243
-148296.564

337
-1305181.73
-1113948.76
-652180.99
-392884.557
341
-531395.467
-706556.194
-226132.342
-602094.769
345
-1216787.57
-418052.855
-787642.533
-673984.294
349
-690279.894
-725943.98
-726584.288
-261824.681
353
-614264.672
-1991602.87
-520790.07
-303737.356
357
-863346.547
-1802291.55
-811562.169
-1289382.63
361
-542568.501
-486412.997
-1068020.97
-216464.74

365
-364548.63
-974331.358
-741070.11
-776918.701
369
-270966.642
-253348.481
-597714.608
-127857.371
373
-706712.247
-181783.429
-274395.057
-932759.799
377
-215130.947
-1028567.32
-777319.914
-339291.318
381
-485105.801
-305771.75
-235353.778
-1182038.4
385
-840336.708
-1983635.87
-562056.47
-485942.697
389
-883009.723
-1775339.61
-351151.579
-424110.443

421
-541593.935
-972563.133
-295273.284
-445580.952
425
-205056.507
-815650.33
-1171149.8
-1136331.11
429
-405381.33
-717867.525
-484511.583
-468026.588
433
-1238347.03
-816965.324
-263197.14
-1109882.29
437
-490074.176
-425570.618
-859353.401
-528593.895
441
-430227.347
-382083.359
-2123378.46
-922327.376
445
-1084888.21
-561665.5
-2059848.7
-555020.104

393
-703925.452
-414941.512
-842720.173
-235503.203
397
-1105792.61
-361904.017
-472543.837
-1019551.62
401
-219745.581
-912025.348
-241647.557
-717492.927
405
-241227.503
-365050.619
-703756.905
-724403.746
409
-306305.952
-611439.056
-709475.267
-732802.358
413
-377385.898
-936559.864
-278064.498
-455720.421
417
-401474.842
-585502.815
-756182.351
-820798.162

449
-1073007.44
-1148051.27
-555896.323
-253367.891
453
-166278.98
-1249040.43
-394186.165
-522355.922
457
-1269564.43
-544777.986
-487220.465
-433821.487
461
-359529.72
-1047337.41
-352658.355
-709635.128
465
-572872.356
-1005610.02
-843987.378
-1166346.91
469
-887823.071
-838227.617
-978323.783
-520951.569
473
-703615.073
-446168.928
-510515.319
-1083182.44

477
-221212.902
-340502.453
-576195.445
-695256.291
481
-1385774.27
-656873.96
-619756.287
-975432.009
485
-836561.27
-154916.385
-247523.086
-919326.143
489
-466854.828
-1531050.28
-1307987.53
-905472.036
493
-432974.097
-151320.04
-669037.691
-817638.801
497
-447508.688
-719002.916
-440540.232
-480152.828
501
-745725.234
-1017159.03
-216528.993
-486172.652

505
-412094.466
-501630.112
-1361210.8
-488978.391
509
-744110.2
-435322.573
-490139.031
-1253950.8
513
-909297.229
-562163.592
-182627.174
-595208.645
517
-1243278.37
-633570.887
-654172.109
-394574.753
521
-781054.379
-619755.468
-406121.229
-315621.467
525
-892156.992
-636285.981
-500731.129
-581386.402
529
-861983.945
-610421.951
-1239431.53
-249803.155

533
-674074.841
-980227.097
-816192.769
-695721.517
537
-261386.279
-902524.377
-1001279.75
-984352.071
541
-468512.543
-989808.569
-924640.724
-314453.987
545
-989762.103
-508021.757
-506256.323
-885498.238
549
-1209151.49
-602193.97
-299669.8
-608860.798
553
-665288.277
-871781.447
-663109.33
-974747.539
557
-720756.367
-1117280.21
-444494.196
-194678.951

561
-847292.456
-465794.704
-654301.216
-151952.238
565
-204404.605
-1177609.91
-605930.552
-178260.78
569
-139929.186
-293095.984
-194924.303
-370217.834
573
-789260.528
-832701.774
-454747.123
-935831.019
577
-368717.64
-539837.419
-926931.655
-633730.607
581
-517633.509
-1348318.43
-400310.218
-382337.826
585
-625070.844
-984260.707
-847886.275
-516912.421

589
-1478498.09
-558204.979
-939174.221
-395290.345
593
-338493.864
-388698.654
-193160.124
-608984.353
597
-406198.669
-826498.788
-703433.315
-357627.646
601
-820073.487
-1064493.83
-232563.172
-380851.525
605
-646972.217
-206425.349
-659587.921
-1234046.27
609
-781686.016
-631234.062
-697573.064
-743050.332
613
-405261.389
-409950.742
-359959.69
-595618.477

617
-808783.79
-599621.189
-632573.248
-263514.594
621
-178216.979
-832319.299
-237656.354
-349508.494
625
-366275.112
-1242159.91
-1069043.71
-832289.713
629
-446437.584
-370496.647
-370332.342
-384035.484
633
-193232.559
-956141.166
-843845.372
-1028184.1
637
-1978590.22
-1690453.59
-695187.537
-435038.122
641
-1067136.46
-959008.503
-333088.83
-1057023.79

645
-723022.207
-621884.144
-653902.396
-539960.26
649
-790282.658
-310910.323
-839697.882
-1102247.76
653
-847220.211
-705971.683
-330262.272
-758279.304
657
-237620.79
-570657.197
-544085.728
-730601.722
661
-1384321.33
-947770.307
-798444.784
-770671.756
665
-1089377.76
-563832.081
-1058483.89
-255412.331
669
-904972.065
-925603.73
-685909.279
-889324.508

673
-1060239.24
-375545.657
-282602.742
-348245.08
677
-383961.27
-141050.888
-250953.489
-367306.124
681
-455611.367
-1101685.79
-767136.631
-1775390.13
685
-637243.03
-609994.305
-363705.51
-173420.873
689
-458037.52
-979563.607
-369414.275
-374758.034
693
-653276.585
-370622.996
-806023.183
-1120048.46
697
-156986.381
-926167.789
-897473.827
-750392.966

701
-446928.168
-358188.716
-752012.337
-811131.219
705
-665470.667
-688124.429
-281288.266
-308259.354
709
-1636980.78
-744484.028
-607607.399
-554164.504
713
-625714.06
-475237.97
-1409332.83
-371262.166
717
-1089997.19
-1108773.58
-417680.573
-280146.857
721
-701459.024
-694194.682
-391746.155
-801387.981
725
-1021935.17
-652057.613
-827550.01
-451163.899

729
-112782.024
-888361.407
-690830.911
-670603.226
733
-369036.891
-727998.152
-633422.565
-620025.265
737
-153753.661
-694830.199
-521622.341
-379520.518
741
-328265.866
-253501.129
-538526.615
-585787.245
745
-513235.306
-776023.062
-1220149.96
-147297.821
749
-577116.981
-1586984.2
-821732.05
-243406.622
753
-924785.728
-623931.666
-658954.399
-721264.705

757
-748064.703
-539561.543
-844535.4
-590039.683
761
-1485235.66
-715554.848
-392934.098
-567196.099
765
-484966.871
-456224.362
-161967.772
-645297.744
769
-1243264.36
-1317281.71
-526646.152
-542110.212
773
-1018965.46
-316565.466
-349683.074
-414684.247
777
-389321.991
-1130678.75
-213630.48
-564087.058
781
-422913.168
-454784.015
-309111.816
-2003372.94

785
-898805.521
-411246.171
-436058.587
-291504.65
789
-949961.358
-531785.372
-1135543.32
-585431.44
793
-460228.741
-301565.587
-910520.109
-1222096.2
797
-720011.702
-530973.625
-1421227.42
-505680.105
801
-480475.514
-539155.378
-1924672.29
-1379392.2
805
-903553.024
-937317.026
-693067.002
-805366.546
809
-190499.512
-672588.452
-417285.611
-398040.473

813
-720606.672
-130967.381
-471578.513
-861015.276
817
-651224.322
-789054.467
-712385.955
-938253.348
821
-668442.074
-594231.556
-1838876.48
-178733.48
825
-522045.518
-290424.711
-402476.848
-324235.443
829
-176877.669
-376512.638
-872560.264
-189003.699
833
-363495.896
-740041.375
-345945.746
-879730.756
837
-168562.251
-894010.709
-277600.945
-1553472.9

869
-691071.995
-402593.464
-137347.758
-580904.293
873
-910511.819
-396806.472
-999728.199
-407653.317
877
-346557.584
-237711.1
-410907.07
-315666.694
881
-389920.779
-869944.496
-707338.722
-444129.375
885
-952704.228
-920501.396
-813444
-1282016.42
889
-663385.762
-888447.677
-337416.997
-224791.289
893
-192563.036
-258962.673
-550951.04
-143036.01

841
-263161.892
-570695.119
-119655.529
-406445.892
845
-325205.569
-1103070.58
-491249.924
-217242.439
849
-291322.949
-588527.853
-699866.699
-343783.911
853
-228681.005
-564033.782
-719879.465
-219108.191
857
-572888.19
-213278.185
-764375.224
-865340.7
861
-460233.602
-350510.503
-715339.04
-700651.699
865
-664608.148
-1052719.83
-2182783.7
-387372.711

897
-996079.418
-295752.971
-208764.857
-230095.047
901
-548174.385
-642694.337
-238059.011
-904354.053
905
-981999.548
-726296.777
-1779890.44
-437991.591
909
-255061.531
-1079176.43
-235671.532
-303135.457
913
-381097.075
-787417.005
-312457.827
-728137.684
917
-859990.637
-621144.471
-1227335.32
-1045254.08
921
-317574.134
-993629.195
-953646.415
-606866.75

925
-1615737.5
-196391.505
-222574.523
-1231496.09
929
-471714.25
-407765.829
-366750.994
-1778476.88
933
-192945.068
-597184.526
-293300.116
-677669.865
937
-727881.207
-658470.525
-220354.15
-419424.248
941
-185020.985
-152335.414
-1001886.98
-157497.046
945
-1091090.85
-190727.144
-516649.859
-455782.865
949
-1279257.64
-359286.648
-1577043.35
-1683349.24

981
-807458.175
-555329.649
-393476.48
-452206.378
985
-482690.454
-310552.852
-734147.126
-778696.298
989
-364699.543
-468800.262
-234851.765
-1803854.1
993
-605480.374
-1026463.84
-406999.74
-798358.977
997
-557478.565
-817942.672
-1163844.69
-355382.864
1001
-903458.138
-461983.099
-1417781.75
-1095187.24
1005
-536824.62
-886985.343
-413325.765
-126283.535

953
-1153222.72
-334509.523
-304656.542
-297188.682
957
-1913410.06
-2414732.57
-1019585.43
-873293.648
961
-747956.041
-511625.294
-1195444.49
-944292.555
965
-797857.312
-565480.759
-723989.463
-245081.527
969
-486885.503
-1069091.89
-635712.13
-889903.036
973
-520258.513
-835284.813
-539523.866
-405637.845
977
-959194.086
-889241.515
-885533.154
-616087.715

1009
-551172.958
-187427.228
-925660.201
-1018825.41
1013
-249216.678
-153672.593
-678142.019
-581060.972
1017
-234348.445
-719996.696
-627018.887
-723269.67
1021
-202178.893
-574840.952
-236297.733
-427677.414
1025
-483943.664
-2413582.87
-393138.408
-264590.756
1029
-1473854.32
-144722.101
-300034.858
-511617.233
1033
-360993.631
-450640.482
-570392.78
-2085111.26

1037
-372515.079
-269586.794
-729007.937
-377858.245
1041
-221049.06
-717454.978
-459613.166
-284559.862
1045
-988937.628
-663556.615
-2315006.87
-267345.683
1049
-1016721.15
-290323.551
-1022633.72
-1368095.97
1053
-1054892.44
-444410.188
-1003683.11
-436128.334
1057
-399651.803
-398628.924
-820508.345
-373581.739
1061
-662118.492
-1332074.43
-141109.84
-973779.884

1093
-1090182.72
-1316869.57
-737296.558
-299720.854
1097
-924239.998
-814098.378
-1216230.34
-527550.202
1101
-1139587.14
-828424.145
-588442.922
-457220.434
1105
-573934.232
-406986.951
-1011735.54
-824510.373
1109
-241605.314
-406218.721
-1121683.95
-1005424.81
1113
-296021.319
-1356006.25
-738603.429
-561229.234
1117
-753586.012
-278779.739
-722662.137
-891852.328

1065
-271127.036
-135426.421
-1047134.34
-727481.017
1069
-741715.146
-658841.687
-929957.6
-634206.179
1073
-549061.047
-322175.57
-124521.708
-1554466.74
1077
-420967.999
-1991870.97
-791018.405
-308006.97
1081
-835375.593
-514735.045
-428835.101
-607311.553
1085
-1359387.51
-155337.222
-475074.943
-1002952.12
1089
-244593.856
-251162.762
-687790.145
-774141.988

1121
-261637.409
-444848.477
-1727382.72
-586688.976
1125
-445054.411
-392546.568
-1057333.28
-605346.022
1129
-384617.015
-955349.524
-902718.954
-151504.338
1133
-529081.08
-676039.857
-595246.142
-564880.312
1137
-796435.511
-592330.198
-784580.819
-734963.085
1141
-1090049.14
-1038273.47
-903020.771
-609904.598
1145
-878216.191
-235344.88
-1437577.09
-404792.941

1149
-460251.132
-363467.313
-188615.559
-469954.622
1153
-707018.812
-204442.718
-1497009.9
-103078.044
1157
-1113483.13
-788479.318
-199386.688
-1071573.6
1161
-649239.373
-1031151.08
-908207.581
-673550.959
1165
-1008770.55
-816142.74
-1325430.91
-596900.161
1169
-1280401.89
-208573.597
-717897.803
-162298.794
1173
-1257694.07
-144364.823
-647139.72
-957760.043

1205
-448786.106
-526829.116
-321317.551
-473035.341
1209
-410539.372
-340253.563
-460192.81
-293260.976
1213
-555054.39
-700245.18
-1351649.16
-484873.075
1217
-808120.482
-636404.301
-302086.882
-159047.511
1221
-1665843.34
-448726.322
-1012109.52
-1682882.75
1225
-173881.225
-541306.813
-1018684.67
-2109756.46
1229
-216678.21
-548886.948
-376796.847
-103484.26

1177
-628262.089
-687973.605
-663938.196
-445326.737
1181
-1210472.82
-450368.277
-261282.811
-2583807.78
1185
-903829.073
-856316.225
-464860.003
-525950.716
1189
-585569.643
-666882.763
-127005.221
-827375.057
1193
-1251702.23
-331058.999
-548331.289
-531426.488
1197
-403988.889
-312533.698
-499479.218
-692178.884
1201
-589838.535
-1273455.33
-1302723.57
-135688.794

1233
-396521.465
-753064.184
-461147.76
-526265.382
1237
-308987.079
-627366.244
-159879.361
-573317.578
1241
-525668.434
-465211.258
-270671.615
-852793.753
1245
-955597.294
-985253.501
-307928.28
-961224.097
1249
-388157.899
-696720.095
-431334.55
-707503.275
1253
-362349.895
-633661.637
-183014.067
-186661.074
1257
-867338.413
-1145048.39
-588249.011
-515759.084

1261
-406115.567
-1264779.76
-818925.949
-263277.436
1265
-171256.642
-685250.785
-2058964.95
-779108.772
1269
-317378.822
-259741.877
-559659.282
-273799.531
1273
-153962.266
-209166.455
-901434.836
-1000470.45
1277
-523511.103
-955431.888
-461864.78
-325512.122
1281
-1916647.75
-490768.873
-681511.675
-837951.149
1285
-662382.444
-484726.452
-502764.68
-1196832.44

1289
-464276.93
-1163545.92
-1262885.08
-936331.082
1293
-156817.547
-883892.571
-860416.14
-815659.078
1297
-914913.616
-203339.178
-559520.159
-182438.104
1301
-921147.048
-354824.935
-695670.665
-867187.368
1305
-294816.239
-515417.406
-431686.87
-392567.939
1309
-465075.871
-640843.718
-184311.05
-599537.216
1313
-475820.826
-717407.467
-420603.515
-609918.893

1317
-792658.998
-826575.021
-338720.102
-800122.321
1321
-762211.629
-676825.75
-754812.419
-292648.518
1325
-1199940.15
-865191.745
-345286.474
-461219.412
1329
-815292.014
-485276.862
-691055.704
-1214117.62
1333
-454282.47
-243127.552
-814221.146
-283686.966
1337
-348042.424
-445849.844
-1261323.45
-862139.194
1341
-830183.017
-742151.708
-702965.654
-837233.271

1345
-1431818.72
-1269998.68
-675631.725
-574166.739
1349
-1006401.09
-893912.743
-519999.884
-300841.276
1353
-602909.333
-1305815.53
-884905.176
-1018358.09
1357
-868485.033
-181428.914
-558535.921
-271987.115
1361
-142134.27
-801337.486
-408365.919
-142660.223
1365
-336479.983
-197517.52
-610442.802
-274924.093
1369
-613366.11
-496077.873
-361364.193
-1477734.61

1373
-326571.559
-581139.558
-841463.176
-246155.464
1377
-553397.264
-265223.218
-370748.674
-326496.337
1381
-1312571.75
-520711.687
-648160.861
-618876.526
1385
-656318.385
-677145.32
-158085.095
-573921.955
1389
-1256415.53
-516870.165
-1151412.1
-927413.293
1393
-1118512.16
-1417229.39
-562746.04
-511647.784
1397
-656027.535
-586706.176
-778309.151
-1105004.31

1401
-238457.373
-1112266.8
-911155.861
-733412.654
1405
-811655.811
-154848.944
-377514.724
-915899.541
1409
-726706.425
-728850.132
-316908.858
-633424.54
1413
-902774.518
-674941.762
-560530.68
-275083.136
1417
-378625.558
-867109.842
-414320.6
-669387.724
1421
-852123.018
-1021972.97
-277436.524
-623533.951
1425
-1383839.74
-943554.698
-2183092.87
-600134.283

1429
-298316.601
-448432.565
-542004.498
-306326.225
1433
-286296.93
-484371.845
-898764.364
-246632.632
1437
-330672.652
-440988.545
-493972.538
-1107184.7
1441
-1562544.88
-790646.656
-582355.715
-219900.245
1445
-1645230.98
-213300.638
-154781.585
-2161152.92
1449
-315682.781
-320206.157
-785043.637
-334754.972
1453
-145748.366
-989040.732
-170761.089
-1716504.36

1457
-1322927.76
-653532.966
-944648.988
-581062.377
1461
-621557.798
-1410987.29
-133355.723
-1141364.78
1465
-356624.628
-1012714.82
-230729.511
-212985.905
1469
-1000294.51
-1468231.64
-448545.463
-277969.314
1473
-442858.539
-1283671.37
-676050.446
-995280.699
1477
-887865.673
-584658.973
-763302.963
-1045966.04
1481
-967230.978
-338108.628
-389387.555
-240860.001

1485
-159985.922
-389895.229
-628611.639
-754399.961
1489
-403738.309
-167056.824
-504930.363
-612592.161
1493
-878752.479
-191155.195
-1759391.51
-159553.775
1497
-641138.59
-373663.424
-1694312.57
-178891.245
1501
-579560.245
-741637.294
-1161673.56
-897718.128
1505
-340726.588
-1030206.03
-698404.859
-880515.14
1509
-652084.693
-260626.012
-444528.566
-815928.063

1513
-1617695.22
-1614362.26
-680747.282
-299198.466
1517
-253433.701
-1012205.54
-855905.787
-619369.145
1521
-409992.387
-746034.907
-409003.32
-453885.891
1525
-309965.187
-1337885.92
-161850.318
-603733.044
1529
-891436.583
-674827.985
-406334.725
-463755.851
1533
-1503103.69
-2592781.92
-421189.009
-994722.712
1537
-1487649.14
-676998.126
-474520.596
-323111.633

1541
-926329.091
-443373.927
-1078930.88
-513861.519
1545
-191105.191
-481879.388
-990496.49
-397870.044
1549
-247246.803
-1011415.18
-359025.643
-514246.834
1553
-1020888.31
-166078.373
-1077647.89
-938496.635
1557
-142291.976
-883997.755
-655065.541
-1108723.3
1561
-364385.227
-804803.592
-897144.766
-500288.102
1565
-816751.236
-607786.854
-440372.74
-870894.477

1569
-838956.39
-933109.69
-537722.758
-1462175.99
1573
-904195.138
-776571.866
-539261.463
-419829.46
1577
-562506.671
-1537733.82
-1958555.15
-452321.969
1581
-682638.468
-452398.609
-445056.22
-1404247.67
1585
-612626.251
-427241.139
-1116612.6
-138107.394
1589
-587915.922
-380541.244
-401205.153
-937247.283
1593
-1053814.28
-516606.734
-260617.077
-612967.833

1597
-1818822.77
-501673.393
-807918.695
-318713.563
1601
-653357.737
-712194.303
-977436.831
-1316200.39
1605
-482986.725
-412716.55
-1025261.18
-186002.534
1609
-428575.506
-1978989
-554370.702
-745495.957
1613
-751698.972
-959546.112
-444546.751
-749139.664
1617
-711651.437
-1309885.09
-369844.701
-782982.431
1621
-630200.483
-1033415.35
-767644.314
-600872.785

1625
-999004.615
-135281.895
-500522.759
-726787.178
1629
-169218.075
-506909.776
-495102.6
-411625.341
1633
-817181.132
-661285.07
-936570.831
-340662.388
1637
-321568.433
-728752.483
-460273.924
-445756.147
1641
-870686.405
-1336565.61
-403034.635
-504903.72
1645
-199900.637
-1414362.06
-594879.255
-897067.777
1649
-866288.585
-325109.715
-499293.219
-304067.852

1653
-1742991.71
-716927.165
-989870.221
-899186.07
1657
-566729.556
-409036.62
-392152.117
-893375.825
1661
-132524.275
-713919.539
-1882036.55
-890184.836
1665
-615403.366
-374745.278
-1631292.47
-451645.526
1669
-1711172.03
-1306907.26
-468627.41
-2126015.28
1673
-441419.512
-441459.157
-948290.292
-1443883.17
1677
-956070.071
-677501.577
-742029.658
-1279757.27

1681
-466092.478
-816641.371
-833026.689
-554609.173
1685
-159882.721
-147260.809
-975682.419
-448596.856
1689
-264654.34
-336355.071
-609691.627
-947081.78
1693
-135159.009
-735552.9
-313198
-927798.867
1697
-338873.858
-1111358.65
-884430.287
-913364.863
1701
-459881.489
-1362106.93
-405563.078
-235807.706
1705
-433451.347
-418844.112
-283815.78
-594417.846

1709
-844790.032
-951373.438
-375690.101
-788754.699
1713
-328970.367
-877133.83
-683505.485
-641970.893
1717
-1196314.26
-1005106.01
-1114117.73
-847151.772
1721
-628787.246
-522927.626
-889974.911
-823398.358
1725
-558535.4
-433763.745
-643139.182
-387416.648
1729
-283435.322
-890886.78
-580269.596
-344572.2
1733
-201700.048
-867414.315
-787968.613
-1481070.97

1737
-1259859.25
-693434.772
-2914297.64
-214644.101
1741
-268108.959
-1027791.87
-210624.29
-467316.024
1745
-768450.726
-305928.41
-368016.432
-884072.436
1749
-1434659.22
-1269353.27
-307195.364
-677943.401
1753
-818661.01
-746791.875
-1023191.92
-321844.668
1757
-903854.648
-994999.303
-176022.84
-719365.872
1761
-442573.393
-1688197.66
-446335.873
-555615.746

1765
-451021.364
-168926.523
-577601.495
-1788731.6
1769
-428185.505
-901682.446
-343288.631
-441927.548
1773
-514590.267
-794452.242
-927395.321
-921764.11
1777
-1052512.03
-1029652.46
-495180.567
-182890.869
1781
-393956.278
-438538.461
-1018270.6
-460489.962
1785
-635182.294
-387533.355
-858194.674
-521598.874
1789
-423478.573
-692075.841
-886927.526
-437351.368

1793
-478361.535
-186211.951
-1568404.81
-621627.194
1797
-748722.617
-338612.676
-477155.071
-366348.969
1801
-648224.774
-949986.097
-954300.902
-390397.822
1805
-867312.165
-921308.737
-958887.406
-593576.867
1809
-544001.636
-356495.197
-412522.2
-553554.278
1813
-157690.407
-1364036.99
-124803.963
-570897.41
1817
-518516.277
-959392.297
-454785.96
-446804.461

1821
-1197993.18
-891896.329
-1044449.8
-357056.887
1825
-1235753.43
-268925.57
-762160.011
-584676.421
1829
-202553.702
-1077063.43
-1507594.24
-1647546.96
1833
-746610.443
-2022308.01
-919188.648
-877657.6
1837
-998961.023
-167564.388
-340374.429
-1162208
1841
-757153.592
-229992.445
-571684.277
-250371.662
1845
-179124.214
-1285260.9
-163351.509
-620231.602

1849
-218808.215
-390772.763
-573499.706
-415868.917
1853
-1208437.6
-420815.925
-754515.923
-727698.01
1857
-1029078.59
-224919.233
-355266.385
-316695.048
1861
-1137897.65
-266146.776
-116189.008
-238860.852
1865
-101831.41
-207059.643
-775573.811
-568714.421
1869
-169410.746
-196907.309
-334360.166
-558898.687
1873
-692742.475
-443402.605
-1657574.06
-2140729.83

1877
-506600.963
-491703.946
-1064938.54
-356205.079
1881
-690930.789
-1547973.14
-910967.687
-169313.535
1885
-1972297.06
-683782.241
-465995.88
-397803.261
1889
-661448.966
-1506657.01
-975921.224
-557826.16
1893
-1101249.56
-681585.242
-413247.31
-426563.959
1897
-401342.008
-368251.035
-722490.074
-733559.277
1901
-414095.64
-1151200.07
-351772.212
-711909.741

1905
-554261.665
-1224261.9
-1603864.79
-399983.356
1909
-465063.13
-421676.36
-1000269.92
-350428.918
1913
-750576.824
-272030.88
-350954.781
-997580.941
1917
-409514.951
-236362.43
-363768.465
-1486687.87
1921
-1460038.43
-386983.947
-895752.186
-2067633.35
1925
-427280.068
-542096.949
-1233267.54
-228169.408
1929
-1206123.4
-191943.252
-247347.714
-801393.565

1933
-402260.994
-216855.476
-1466167.63
-760437.816
1937
-279260.384
-654429.753
-833762.742
-708442.893
1941
-850876.217
-490731.759
-221324.803
-695585.845
1945
-294101.621
-1165327.03
-484199.824
-493223.863
1949
-467382.695
-932103.562
-1017164.84
-779876.487
1953
-768539.984
-914995.529
-521171.21
-502422.438
1957
-528172.164
-383060.204
-562199.203
-1584449.96

1961
-316665.734
-718326.786
-677291.73
-661636.478
1965
-1022749.78
-1268157.41
-1206954.21
-162587.518
1969
-284084.363
-1268330.02
-274613.477
-971188.697
1973
-524757.075
-839081.86
-359673.967
-732603.167
1977
-1435584.44
-1062121.01
-899003.058
-493473.618
1981
-889578.122
-1143601.51
-538621.514
-1287073.53
1985
-1080143.94
-255206.871
-502952.189
-3417799.35

1989
-828034.879
-885776.248
-818626.162
-544482.859
1993
-517800.005
-214797.787
-888154.934
-935596.232
1997
-520030.683
-1595373.43
-741668.635
-408844.121
2001
-442801.236
-376468.05
-390639.127
-986789.084
2005
-187266.49
-320719.156
-228031.433
-1386621.89
2009
-662964.238
-662711.84
-161206.844
-284268.928
2013
-462467.335
-291651.936
-144304.872
-687675.478

2017
-726294.935
-471939.588
-1458217.93
-1701795.84
2021
-689853.86
-1191454.31
-507520.932
-921835.09
2025
-499982.658
-461893.314
-1361053.89
-399687.111
2029
-584250.406
-431742.863
-639967.923
-682013.367
2033
-514473.462
-479360.755
-244911.429
-381325.108
2037
-1110759.15
-887191.185
-466860.622
-210680.316
2041
-567160.769
-1188957.62
-1378573.48
-663985.348

2045
-373112.43
-718815.421
-211051.774
-470943.778
2049
-611589.3
-776811.109
-951479.975
-179209.386
2053
-757419.544
-848849.017
-260806.782
-1130460.97
2057
-1254628.81
-574413.232
-289452.123
-700124.545
2061
-734260.367
-589167.388
-530741.457
-318009.883
2065
-704737.168
-956342.326
-634442.18
-863303.033
2069
-1424525.86
-479180.969
-1125179.35
-204276.663

2073
-974508.082
-116771.834
-1274295.08
-372698.037
2077
-1286877.59
-622761.313
-990180.832
-304542.839
2081
-920564.19
-523939.746
-713815.397
-499689.038
2085
-780895.803
-632040.946
-1058039.4
-799957.272
2089
-482868.853
-604748.165
-680761.594
-757362.275
2093
-464666.963
-1406954.38
-285348.803
-894078.094
2097
-474782.534
-257599.737
-758791.144
-743452.888

2101
-749795.787
-552170.753
-625171.299
-318458.428
2105
-538159.408
-568877.945
-1081756.17
-750257.45
2109
-416768.03
-488902.84
-671298.44
-1712021.25
2113
-915384.979
-909024.543
-454073.572
-795392.641
2117
-228433.96
-1391138.07
-1026470.63
-248789.104
2121
-1037545.34
-626999.379
-772038.266
-1836961.74
2125
-1401801.15
-235579.623
-740719.158
-506714.054

2129
-348570.208
-313234.034
-705810.786
-665172.34
2133
-457332.687
-421411.046
-1130993.35
-2363858.1
2137
-555418.303
-746997.682
-868019.103
-1354573.32
2141
-1063407.13
-177561.423
-1275658.74
-657904.396
2145
-1155264.23
-366730.664
-496571.904
-602515.346
2149
-169064.194
-1132298.89
-387082.312
-574321.216
2153
-324734.804
-1349097.54
-569223.079
-615473.986

2157
-748103.129
-1235438.47
-391383.836
-599561.906
2161
-180620.872
-543249.028
-370585.666
-689523.2
2165
-451863.441
-405696.385
-1124386.31
-551910.148
2169
-380353.737
-663379.392
-971107.347
-431015.551
2173
-553661.889
-506898.241
-879377.07
-985701.347
2177
-874365.853
-1159636.88
-825140.779
-1038474.04
2181
-442975.736
-563291.618
-1001807.47
-340162.252

2185
-779372.745
-591282.005
-213388.536
-1383311.4
2189
-379238.701
-650586.398
-487408.118
-1866155.55
2193
-830843.221
-402984.387
-186543.65
-549844.049
2197
-455432.978
-880516.993
-690859.669
-871265.444
2201
-386909.26
-930893.493
-553918.636
-332396.072
2205
-1875624.5
-1273843.3
-681274.784
-1144370.75
2209
-1200509.74
-617856.625
-589250.249
-269196.949

2213
-838698.263
-265644.154
-733922.837
-1095248.22
2217
-1283928.26
-695227.915
-364674.998
-699917.31
2221
-146424.171
-655487.927
-775568.196
-920954.452
2225
-559961.789
-1002417.03
-308682.268
-929298.822
2229
-687691.816
-136885.939
-797798.806
-297552.251
2233
-812901.589
-146115.02
-988512.159
-335644.161
2237
-356339.065
-941375.272
-600338.013
-721144.096

2241
-616788.362
-711143.716
-1244635.77
-338411.676
2245
-610821.49
-1899930.88
-1085026.24
-301623.549
2249
-1178696.78
-595649.133
-1329834.93
-539391.933
2253
-744291.263
-626911.953
-517887.58
-1521171.16
2257
-1388072.5
-565899.56
-1004088.03
-681226.317
2261
-574597.61
-869177.632
-1406401.02
-765109.435
2265
-249071.179
-580281.263
-155097.567
-1184448.78

2297
-397208.369
-886520.214
-804055.213
-404494.509
2301
-602274.567
-838215.518
-666246.821
-395365.798
2305
-924673.525
-1053750.51
-414125.459
-523782.842
2309
-1509228.87
-293469.601
-191696.67
-675478.278
2313
-240659.853
-1888272.33
-185203.293
-360242.761
2317
-426149.131
-835435.736
-617481.2
-394906.301
2321
-661904.826
-215708.386
-591618.222
-740532.344

2269
-486560.241
-1324332.29
-276254.101
-288064.252
2273
-1111194.82
-1157495.64
-719958.788
-516407.61
2277
-292330.196
-319095.305
-629053.475
-200460.755
2281
-565896.557
-962235.726
-209768.728
-348028.392
2285
-389360.144
-235709.309
-262812.314
-393953.917
2289
-529873.065
-483135.484
-363040.084
-531312.515
2293
-1111146.62
-211553.65
-673493.071
-869331.101

2325
-606101.353
-395501.389
-612437.59
-628601.427
2329
-1438800.79
-429368.689
-572960.772
-270878.161
2333
-166610.729
-548681.964
-1216280.52
-197077.567
2337
-175467.237
-436168.615
-929295.809
-282655.969
2341
-511574.342
-814212.568
-576513.575
-2078495.99
2345
-258470.049
-1079379.69
-540552.553
-686088.112
2349
-770672.274
-465703.833
-295505.465
-302484.644

2353
-1050433.27
-943270.077
-510679.745
-386520.998
2357
-1020553.33
-714180.394
-474371.2
-880260.552
2361
-500609.18
-918391.1
-229511.361
-1109844.32
2365
-363394.745
-967635.129
-743146.115
-99907.5911
2369
-429718.439
-1397555.25
-518030.687
-1253151.59
2373
-535588.531
-220134.737
-741399.2
-383929.019
2377
-510160.953
-956340.298
-642997.362
-929196.026

2381
-377756.099
-776760.542
-456667.95
-1471860.59
2385
-1037994.92
-329066.268
-416718.857
-363926.792
2389
-596956.134
-165004.731
-260212.814
-205594.373
2393
-438168.16
-1115010
-761195.124
-230549.698
2397
-305752.892
-898672.88
-747890.625
-618004.94
2401
-249788.993
-385725.696
-941485.275
-401510.52
2405
-844675.864
-731345.743
-274115.312
-720319.808

2409
-556040.189
-1040603.07
-414624.006
-1024617.23
2413
-201863.876
-339160.402
-547984.22
-654468.821
2417
-2051215.27
-799946.782
-1883386.55
-364648.121
2421
-767112.339
-1118386.63
-430861.926
-759686.828
2425
-437979.994
-571649.699
-982878.719
-1386084.78
2429
-873361.883
-1480153.37
-391385.83
-391556.688
2433
-596363.843
-482801.986
-1269775.57
-504672.931

2437
-415168.338
-785749.028
-388064.736
-353086.822
2441
-513687.191
-1166846.84
-539960.655
-1727028.07
2445
-845719.707
-173544.04
-540627.545
-1353774.19
2449
-998716.989
-475791.374
-588756.705
-467412.311
2453
-154154.442
-977329.269
-530931.985
-473779.39
2457
-251296.218
-577063.919
-678327.807
-373908.988
2461
-782711.877
-1075721.72
-140235.955
-563481.695

2465
-1142581.52
-922832.044
-1176828.06
-367405.332
2469
-693418.498
-1110380.52
-953218.314
-685756.97
2473
-197619.862
-1197849.77
-480533.691
-898510.735
2477
-159318.944
-123933.302
-220959.892
-717009.288
2481
-763825.738
-412972.071
-299439.541
-613999.804
2485
-878647.869
-585623.996
-840733.57
-172273.588
2489
-694606.491
-856485.856
-191445.005
-293018.121

2493
-747769.06
-830959.563
-985272.836
-433795.344
2497
-637669.092
-1208308.99
-488616.967
-147169.142
2501
-1182406.52
-777157.614
-467652.926
-909146.767
2505
-173327.878
-572635.793
-294144.412
-158468.448
2509
-1393604.08
-576049.222
-1155403.7
-1023820.77
2513
-916131.819
-840542.652
-1220328.03
-648067.917
2517
-470184.164
-119504.151
-561955.182
-442359.648

2521
-780877.044
-286286.175
-560781.411
-332865.859
2525
-502993.848
-788329.442
-472270.379
-411009.706
2529
-737066.831
-168471.799
-866156.854
-1234459.01
2533
-509797.529
-797238.04
-327335.03
-242539.322
2537
-673187.132
-1205162.96
-902817.884
-754267.652
2541
-182507.166
-381936.35
-276924.241
-614027.522
2545
-422831.362
-543064.73
-772755.703
-182151.36

2549
-1015762.54
-608246.202
-739384.897
-339924.693
2553
-417645.958
-580526.981
-442455.669
-815570.142
2557
-596808.696
-919864.235
-1740780.52
-364747.447
2561
-1187249.6
-829397.316
-470969.39
-583545.59
2565
-517171.282
-448185.753
-1069118.79
-597041.666
2569
-388555.301
-422662.871
-767374.516
-802759.755
2573
-723243.956
-753466.635
-354923.434
-300257.879

2577
-951358.912
-531722.753
-788279.321
-572420.116
2581
-736230.892
-679265.452
-859507.926
-1091598.52
2585
-135108.539
-1095353.57
-493373.604
-1245057.83
2589
-1037348.15
-763605.074
-750283.773
-319171.03
2593
-734021.948
-668900.723
-320614.243
-1104788.29
2597
-656781.853
-808296.161
-440612.035
-275476.1
2601
-609820.41
-1046811.51
-792611.167
-1020412.15

2605
-311152.329
-540821.113
-958061.746
-293326.624
2609
-1934845.76
-738553.317
-1276463.04
-279735.914
2613
-288356.125
-1587376.1
-592275.01
-538647.428
2617
-262114.68
-1165166.84
-260891.056
-555893.17
2621
-392416.013
-336922.227
-430584.529
-839225.969
2625
-865553.397
-520002.46
-1472124.99
-1185135.3
2629
-186426.7
-749847.987
-637972.677
-275309.879

2633
-802001.361
-784425.971
-747753.147
-856425.283
2637
-629165.818
-673458.098
-598740.503
-953090.204
2641
-304821.501
-1249868.94
-1132086.1
-365921.958
2645
-707544.303
-835127.269
-988922.846
-503636.692
2649
-518388.498
-456992.96
-587024.119
-166705.347
2653
-611125.795
-871717.815
-378685.677
-733731.608
2657
-1109820.63
-545527.605
-390398.288
-1137187.46

2661
-599425.832
-514972.284
-815992.903
-456452.755
2665
-715487.788
-222322.218
-145278.339
-875096.019
2669
-305049.248
-639510.952
-1175437.15
-978011.983
2673
-1564157.01
-168069.357
-494166.968
-510493.641
2677
-242614.802
-487024.78
-1207403.18
-213645.884
2681
-1430329.48
-1293615.85
-1665264.56
-748118.202
2685
-1105027.58
-403923.603
-437829.835
-547010.304

2689
-702235.019
-289266.116
-1019759.39
-690613.96
2693
-953593.719
-398319.993
-1048749.59
-356753.062
2697
-306331.953
-637030.382
-452954.011
-709688.324
2701
-901095.853
-437043.575
-296438.425
-1459821.14
2705
-438896.441
-720801.777
-1116232.03
-613300.135
2709
-202166.91
-1033227
-751677.71
-421452.361
2713
-906561.886
-339760.628
-949602.163
-1660568.56

2717
-587683.431
-118357.648
-400632.383
-528605.006
2721
-887680.662
-769748.593
-354299.609
-287485.744
2725
-225489.484
-491783.844
-757567.114
-1010146.15
2729
-179156.679
-779131.686
-300916.654
-614098.77
2733
-991108.265
-1188152.58
-281759.583
-912973.848
2737
-497204.555
-640836.68
-236490.792
-665971.404
2741
-458736.266
-554541.933
-483360.258
-247117.434

2745
-823955.501
-180283.702
-792677.785
-1480072.62
2749
-780073.598
-409411.018
-705932.79
-673004.136
2753
-278675.778
-884783.711
-455648.144
-1697887.65
2757
-662431.42
-350641.37
-397270.359
-371227.819
2761
-276262.143
-1029633.25
-643737.38
-323746.811
2765
-678535.751
-896032.498
-367508.314
-1678737.45
2769
-579888.548
-555195.249
-439334.245
-366317.118

2773
-414093.343
-1231211.55
-562073.565
-781880.285
2777
-1415584.14
-917472.275
-449941.148
-871106.221
2781
-743842.906
-115867.786
-883679.103
-833191.006
2785
-742676.302
-933558.368
-372832.354
-687959.948
2789
-320979.426
-245628.489
-231911.278
-711958.37
2793
-532315.332
-235215.879
-943090.251
-816812.159
2797
-990733.534
-144752.187
-1999843.94
-683352.288

2801
-574567.436
-1117221.06
-570354.999
-732956.922
2805
-847256.595
-456374.911
-693599.938
-583069.716
2809
-2615226.21
-251178.399
-655612.653
-453855.034
2813
-1603581.4
-194136.769
-964173.033
-1174314.14
2817
-914158.177
-402132.514
-223122.095
-384488.654
2821
-568156.944
-832430.006
-1268221.7
-951035.182
2825
-509330.543
-399798.981
-258843.721
-1237185.85

2857
-777603.834
-937136.503
-462264.657
-1087257.98
2861
-232547.958
-862211.176
-574579.328
-417767.485
2865
-941459.335
-963135.358
-417659.504
-375984.797
2869
-834934.447
-461021.819
-136212.386
-282134.22
2873
-762456.551
-522509.347
-779343.09
-384964.907
2877
-192812.773
-624948.432
-296957.998
-247088.777
2881
-1472923.67
-319033.004
-1082436.51
-376476.332

2829
-615270.921
-1176422.16
-508807.372
-636286.634
2833
-725234.858
-1694633.72
-1343399.92
-648249.57
2837
-362977.684
-402358.707
-734031.391
-454561.655
2841
-703770.024
-189560.288
-1282020.07
-884462.885
2845
-799108.109
-460409.932
-255642.256
-775620.795
2849
-135681.91
-810341.839
-532221.776
-684060.478
2853
-804366.653
-821711.116
-436891.751
-605909.277

2885
-632509.473
-368810.75
-701152.112
-434832.194
2889
-1073163.5
-149887.823
-800911.57
-391248.838
2893
-375675.403
-183589.868
-494884.199
-1124355.76
2897
-740874.541
-796422.85
-346888.182
-604357.963
2901
-208036.464
-1456963.76
-612920.598
-670907.992
2905
-557202.403
-402414.188
-499985.223
-584635.539
2909
-683264.065
-651989.299
-471106.226
-958218.471

2913
-643406.269
-1117107.53
-906211.191
-264273.938
2917
-780294.969
-283911.247
-767685.714
-924571.176
2921
-1410056.67
-3067477.19
-1147342.98
-979483.263
2925
-512893.069
-186650.66
-446410.67
-323791.789
2929
-606172.966
-303528.64
-1058927.49
-389186.775
2933
-555027.11
-745286.391
-257448.32
-889330.157
2937
-443056.033
-949923.717
-1454729.36
-1041627.68

2969
-790943.385
-812885.958
-426836.939
-682065.705
2973
-470898.938
-239337.531
-540276.645
-431570.166
2977
-514883.404
-807369.296
-522223.853
-636932.233
2981
-919286.845
-1183117.33
-669142.286
-732941.438
2985
-141400.542
-743155.181
-1008491.04
-555903.473
2989
-1041887.57
-495545.282
-676314.387
-884941.754
2993
-346627.621
-480278.185
-656343.648
-755194.421

2941
-625637.332
-242103.851
-609615.999
-301181.283
2945
-1082155.44
-586425.681
-375653.069
-500967.603
2949
-506867.616
-437965.303
-1294023.06
-471425.585
2953
-1051485.24
-290787.385
-259122.977
-753903.52
2957
-386544.818
-423299.829
-1546918.81
-1072572.39
2961
-443598.836
-825680.741
-219575.415
-842593.664
2965
-642505.851
-765555.974
-526924.188
-504786.479

2997
-518181.937
-777391.625
-249329.513
-570970.866
3001
-136145.536
-355578.855
-1060053.5
-764269.922
3005
-1260474.46
-509743.303
-276832.931
-148432.041
3009
-820462.213
-606922.863
-835551.061
-670444.879
3013
-520582.597
-248128.852
-451161.87
-1424332.35
3017
-517778.497
-284576.942
-664382.962
-288935.394
3021
-962054.139
-570015.014
-913052.128
-2295203.44

3025
-292051.416
-905635.968
-587850.233
-1091517.96
3029
-970313.195
-984328.929
-775782.896
-688577.016
3033
-1850064.91
-508824.543
-273507.17
-705906.704
3037
-509365.917
-197404.811
-1657919.01
-319898.528
3041
-962956.481
-332580.069
-534302.713
-721317.029
3045
-1081973.61
-222547.95
-1998874.27
-320746.915
3049
-469579.378
-1272043.04
-734603.428
-259220.342

3081
-1019240.78
-375428.022
-484738.532
-620141.287
3085
-954480.822
-1046716.66
-1466846.3
-685800.61
3089
-438309.256
-687109.191
-1059214.55
-178540.868
3093
-865428.936
-777713.358
-952808.055
-756081.835
3097
-231931.346
-648454.77
-110998.933
-1150824.15
3101
-597379.826
-717203.88
-381933.868
-244848.739
3105
-1830755.57
-380392.647
-425731.732
-267371.304

3053
-509216.425
-1209879.09
-136407.098
-357928.846
3057
-362974.146
-778347.491
-790671.523
-1351030.94
3061
-1703848.66
-515144.424
-1292503.6
-429103.715
3065
-684749.346
-148089.95
-1436808.94
-1012255.59
3069
-496124.926
-278589.022
-809952.338
-233814.828
3073
-451788.849
-183712.982
-178800.891
-293814.393
3077
-1081358.05
-469242.378
-177173.996
-239668.459

3109
-621093.902
-921680.264
-242256.982
-345466.234
3113
-802995.935
-419898.217
-235498.905
-526955.427
3117
-580809.187
-263529.692
-305266.312
-200109.402
3121
-665175.482
-490199.834
-1143230.49
-795545.119
3125
-486347.739
-555303.628
-803251.176
-805352.504
3129
-1184622.71
-664557.45
-866648.785
-279517.07
3133
-1599531.23
-934331.064
-1352417.86
-991486.269

3137
-1209967.16
-1105555.05
-791291.747
-761423.313
3141
-888500.009
-740166.574
-732012.971
-475986.018
3145
-719925.383
-740426.449
-234712.086
-369126.943
3149
-1214345.82
-932857.178
-206409.603
-221094.734
3153
-860109.231
-519184.301
-420491.468
-706205.95
3157
-205026.128
-594005.68
-786115.086
-854800.93
3161
-637547.043
-220900.59
-778165.602
-450905.372

3193
-668266.718
-307534.807
-1347420.33
-839376.362
3197
-308049.434
-1784925.83
-217570.005
-194253.173
3201
-379622.371
-333633.355
-1748809.46
-1070868.94
3205
-1808758.4
-746327.369
-449147.332
-1010183.12
3209
-945554.327
-513698.5
-952627.869
-358909.665
3213
-565544.44
-448988.215
-729358.045
-1588067.68
3217
-621512.373
-857914.273
-1334179.5
-693158.042

3165
-360679.964
-1184813.62
-714002.652
-804048.957
3169
-287041.01
-332754.571
-930955.994
-767879.757
3173
-1445012.76
-953891.501
-1277778.25
-1404644.57
3177
-303932.194
-462418.302
-467888.885
-514973.861
3181
-282297.331
-500099.977
-768526.747
-362713.712
3185
-295893.897
-336834.643
-1086487.54
-509400.217
3189
-694851.957
-565148.634
-234425.463
-1407407.38

3221
-421436.657
-1122332.5
-366035.909
-532058.768
3225
-1236783.4
-1036439.3
-711243.703
-564509.169
3229
-207674.173
-171423.42
-248361.396
-173470.116
3233
-615144.683
-493968.016
-487689.392
-424865.499
3237
-828852.548
-632471.978
-537309.299
-662587.617
3241
-802977.885
-163703.054
-549049.667
-864466.689
3245
-116583.016
-435595.128
-710511.117
-388487.586

3249
-260801.323
-143803.482
-510188.288
-555989.734
3253
-453519.084
-303111.733
-280958.85
-1472971.29
3257
-446075.857
-516009.785
-775417.272
-236311.238
3261
-205072.961
-642410.157
-724841.28
-408379.595
3265
-896926.096
-892588.901
-419917.643
-1638791.1
3269
-243021.307
-214836.322
-574873.677
-999848.371
3273
-711349.785
-384248.395
-616702.351
-253876.511

3305
-150752.442
-569540.923
-304774.932
-169497.984
3309
-322100.724
-898515.465
-222634.041
-672709.814
3313
-1026067.81
-421128.104
-744614.461
-413733.144
3317
-452102.054
-948417.766
-1095088.5
-241002.373
3321
-1021087.94
-145420.589
-477427.431
-307526.864
3325
-1236725.48
-232060.149
-911268.485
-2196082.46
3329
-194654.691
-1438099.76
-223703.862
-1213378.36

3277
-927384.16
-556921.004
-217123.443
-1216996.21
3281
-665205.292
-766181.916
-692888.577
-449265.408
3285
-346075.935
-1155302.5
-640010.242
-1870203.53
3289
-215038.222
-764170.73
-1001706.18
-155924.288
3293
-185399.689
-501530.69
-405398.672
-668728.686
3297
-194022.585
-395244.051
-507726.886
-255469.148
3301
-646319.4
-171021.767
-596106.164
-263577.891

3333
-226643.553
-695727.212
-783188.351
-541459.744
3337
-1234243.95
-256500.197
-185269.784
-381228.714
3341
-626883.592
-517175.397
-967544.362
-940904.044
3345
-450989.857
-889762.203
-430129.758
-1069554.97
3349
-354640.05
-1046015.05
-1200303.91
-1616953.32
3353
-570425.702
-399313.725
-421547.274
-309349.461
3357
-345500.624
-1060538.36
-155448.119
-206149.646

3361
-379035.235
-670403.463
-811875.557
-1279696.01
3365
-474884.789
-2147752.53
-390617.092
-830461.449
3369
-767955.929
-500429.365
-290927.412
-1175345.11
3373
-689000.95
-899121.766
-129345.892
-249035.247
3377
-231492.81
-781491.43
-1061717.84
-692134.428
3381
-565684.477
-498142.526
-400592.56
-1129913.96
3385
-516373.795
-1253713.62
-779422.621
-1552274.76

3389
-826284.247
-143868.899
-488625.403
-275121.855
3393
-724314.545
-1049779.34
-570820.602
-539206.538
3397
-904909.899
-658787.163
-998952.606
-1455534.26
3401
-885158.453
-932885.659
-545204.992
-637310.47
3405
-117114.384
-2009410.79
-1480311.02
-1201663.42
3409
-684253.068
-951860.888
-681027.293
-950027.492
3413
-681250.569
-351835.556
-209073.653
-354176.994

3417
-529410.788
-486462.163
-1010055.33
-817286.12
3421
-1003697.39
-518161.858
-888587.468
-303465.713
3425
-727053.575
-912259.631
-671755.943
-541661.426
3429
-819106.959
-315782.047
-615253.276
-609658.968
3433
-955612.318
-478916.452
-1118129.81
-632790.882
3437
-954443.014
-311977.041
-481329.325
-984671.512
3441
-877768.206
-756699.686
-358652.925
-1142621.09

3473
-163395.334
-626889.166
-950145.327
-1288301.37
3477
-910800.155
-1344554.05
-509594.672
-317270.363
3481
-337171.322
-287364.902
-1304895.37
-890169.976
3485
-393338.256
-732887.026
-892722.262
-1200939.82
3489
-723642.072
-410954.523
-441740.161
-313385.029
3493
-157470.448
-627387.933
-1406953.78
-481605.23
3497
-1651656.74
-586453.906
-647055.536
-995019.218

3445
-515150.779
-710074.972
-1586826.96
-584871.952
3449
-821358.446
-1206745.01
-910857.055
-407481.73
3453
-1034971.14
-335638.765
-1996952.69
-401580.627
3457
-1091013.38
-412153.514
-513804.369
-194841.103
3461
-141535.102
-683203.857
-278887.036
-760317.222
3465
-1002525.44
-1759334.81
-201376.724
-182846.665
3469
-355706.816
-887938.878
-367169.308
-835338.712

3529
-678934.243
-1784641.23
-361748.5
-500213.276
3533
-257661.435
-388123.844
-924740.817
-893696.194
3537
-297059.087
-996376.719
-771070.397
-1610429.2
3541
-603443.508
-716417.321
-706654.086
-319978.617
3545
-772399.984
-242716.027
-441893.223
-435854.756
3549
-1012734.76
-177238.889
-779493.776
-468281.891
3553
-352282.63
-451928.31
-2130329.46
-684061.422

3501
-532377.736
-1185896.72
-624262.199
-406414.122
3505
-190703.34
-241645.574
-615886.94
-711011.965
3509
-532452.579
-353758.196
-405612.676
-161034.671
3513
-587038.144
-335935.699
-204320.525
-770059.433
3517
-272220.674
-1200740.61
-729591.239
-626269.815
3521
-531283.918
-379293.364
-241655.613
-441181.468
3525
-1153080.96
-731980.214
-855481.226
-546662.611

3557
-843416.1
-813052.759
-568775.374
-737983.007
3561
-911052.854
-466890.152
-280983.098
-2341215.12
3565
-732277.472
-1096028.07
-147815.108
-996043.516
3569
-998977.639
-706320.109
-353516.406
-719433.57
3573
-1016164.8
-549652.242
-1023255.69
-113306.724
3577
-818562.317
-302669.73
-279673.786
-166063.185
3581
-211519.173
-583636.875
-685941.357
-2247600.79

3585
-506025.19
-238102.227
-860878.64
-910065.797
3589
-617711.72
-388184.371
-192151.975
-822256.431
3593
-360430.33
-242241.194
-1047894.21
-850525.729
3597
-222061.751
-393573.481
-227921.989
-539111.948
3601
-720367.88
-455498.72
-819082.24
-954702.328
3605
-211485.75
-455317.255
-634770.212
-394352.382
3609
-709083.654
-334979.767
-543199.898
-1140105.56

3641
-635021.138
-522094.946
-1092788.44
-886689.458
3645
-370172.282
-431777.525
-512314.256
-694688.788
3649
-730177.867
-1281322.93
-601978.903
-2071045.22
3653
-729164.93
-2499071.71
-650961.101
-998013.194
3657
-683357.788
-284788.977
-845790.691
-242120.533
3661
-1239238.29
-529083.414
-209771.239
-1218331.24
3665
-855136.049
-361906.891
-907642.249
-418174.325

3613
-1141795.7
-99479.7434
-308646.467
-414485.431
3617
-909453.678
-658020.191
-902832.232
-449629.627
3621
-260089.344
-1191102.08
-616028.311
-198213.362
3625
-996841.697
-322749.819
-757875.562
-1200741.79
3629
-1056132.61
-183854.507
-204728.329
-419985.434
3633
-188483.185
-187729.567
-847915.937
-577132.35
3637
-1443474.75
-740386.021
-559018.174
-629380.685

3669
-588064.853
-699934.171
-662571.739
-400979.057
3673
-1044844.74
-1650740.18
-424496.124
-539377.606
3677
-564835.644
-1149850.44
-682984.625
-469530.64
3681
-391366.619
-393592.187
-495547.942
-539258.269
3685
-1332686.34
-1110614.61
-957821.168
-872367.536
3689
-539504.828
-859020.573
-1804611.24
-2455468.07
3693
-612749.011
-1023824.9
-550157.821
-979928.581

3697
-568998.385
-1389183.8
-506642.808
-746980.553
3701
-852240.199
-411127.856
-1331081.35
-602218.564
3705
-739005.231
-158814.933
-366898.065
-598313.843
3709
-905286.29
-803397.401
-252786.007
-439561.189
3713
-137582.606
-421791.096
-461934.293
-262413.477
3717
-118296.196
-918559.446
-657699.334
-553723.251
3721
-1150041.03
-680483.016
-633241.939
-512262.096

3781
-566574.006
-673593.401
-547076.205
-365590.589
3785
-148517.307
-127816.776
-837325.067
-235162.901
3789
-777111.53
-203039.285
-328870.877
-462288.842
3793
-151043.158
-1295680.53
-1488177.06
-441491.557
3797
-653087.153
-457427.467
-336621.128
-317319.443
3801
-912237.321
-1505999.85
-676267.083
-296795.476
3805
-603820.757
-1189143.31
-1849496.13
-699435.254

3753
-565036.23
-247307.88
-565354.037
-584107.661
3757
-991721.217
-308064.494
-959968.52
-322936.988
3761
-236214.831
-603959.914
-1479438.52
-589076.049
3765
-272490.221
-379783.022
-256320.102
-435238.98
3769
-297386.325
-561952.878
-773679.741
-538951.697
3773
-220882.895
-153295.31
-358122.82
-512241.472
3777
-547292.497
-179473.361
-337623.692
-124671.151

3725
-179645.745
-1112759.91
-229773.89
-994787.525
3729
-138442.574
-1400897.83
-553396.25
-896966.343
3733
-160002.704
-224510.511
-301850.074
-2175350.27
3737
-321011.967
-396665.23
-450927.588
-384735.669
3741
-615581.618
-205863.292
-318208.152
-241500.466
3745
-513705.591
-539155.874
-599336.308
-251763.966
3749
-1175589.28
-304030.757
-315846.939
-1392493.21

3809
-307990.257
-723358.986
-827260.089
-393714.527
3813
-1314954.15
-263482.79
-534083.151
-582267.75
3817
-174863.067
-608631.231
-532326.389
-670951.192
3821
-194588.829
-803243.264
-1343504.19
-540082.757
3825
-557786.066
-437358.292
-1075394.85
-505020.253
3829
-867887.173
-602399.621
-825091.57
-485166.693
3833
-2518687.22
-717136.136
-494661.893
-1156754.07

3837
-808900.902
-963013.829
-400251.709
-1196353.29
3841
-573050.05
-753723.678
-425099.907
-148968.569
3845
-290164.812
-377887.473
-501173.12
-131068.527
3849
-528863.618
-742512.988
-239502.442
-913463.118
3853
-425530.316
-518366.886
-712665.074
-1081122.73
3857
-209575.235
-1023381.28
-877418.801
-745142.898
3861
-1053795.04
-1310829.07
-907414.917
-362795.162

3865
-876746.742
-918239.246
-357824.863
-415350.276
3869
-494588.169
-467246.829
-670637.603
-141261.198
3873
-340826.14
-607745.597
-156122.696
-204031.029
3877
-505283.843
-564178.466
-2095928.81
-253229.06
3881
-400752.442
-221951.022
-752875.662
-269885.583
3885
-1397379.8
-519131.293
-133779.082
-160734.418
3889
-1286442.64
-615225.396
-1309717.16
-253000.035

3893
-1305962.22
-524896.298
-1752973.34
-916237.037
3897
-218818.94
-230181.735
-602634.996
-853786.801
3901
-501079.408
-201975.452
-646412.577
-667929.552
3905
-605558.465
-990176.892
-765529.771
-679924.533
3909
-983851.424
-482444.278
-691325.469
-620593.605
3913
-1182920.03
-723174.024
-283116.616
-276136.875
3917
-359114.924
-947344.447
-447912.217
-503380.162

3921
-709100.279
-555869.797
-787812.064
-301690.876
3925
-299828.265
-652885.854
-194654.057
-705193.173
3929
-467211.993
-381538.493
-871794.945
-1001719.8
3933
-1383137.21
-770758.366
-1323791.91
-325967.977
3937
-358469.721
-441812.872
-681889.38
-674714.309
3941
-249455.655
-832986.36
-994398.723
-1889595.71
3945
-419232.425
-461492.303
-306091.438
-359810.404

3949
-575005.688
-517978.011
-763035.3
-1218724.44
3953
-741579.652
-666917.485
-835963.365
-407034.121
3957
-671159.551
-330991.255
-273374.744
-209566.193
3961
-540145.514
-884177.658
-546866.41
-627975.744
3965
-411274.737
-935916.367
-214883.111
-304772.805
3969
-1075196.54
-257140.253
-932503.89
-427247.986
3973
-167264.28
-733157.317
-748856.578
-733251.427

3977
-768936.479
-540488.848
-752935.388
-442079.823
3981
-1748070.55
-311584.79
-284531.706
-1111903.66
3985
-695563.065
-621824.38
-950791.78
-267852.116
3989
-332371.118
-471270.774
-304668.562
-655812.977
3993
-416835.518
-268073.201
-1435614.65
-274216.445
3997
-889217.522
-279715.378
-754161.181
-1004168.63
4001
-147493.859
-519922.436
-491599.96
-746133.2

4005
-641495.791
-371607.923
-345011.831
-757515.316
4009
-168965.627
-1421289.33
-393649.441
-677626.478
4013
-1347276.37
-1759016.64
-440846.41
-371303.899
4017
-385536.321
-1193583.27
-877352.697
-301719.266
4021
-340967.551
-765354.756
-1058156.72
-600432.86
4025
-788123.615
-724133.684
-186716.306
-187612.321
4029
-531723.897
-478197.241
-490248.805
-633981.652

4033
-318835.004
-581212.612
-357874.026
-626521.848
4037
-964703.181
-466282.015
-388625.61
-641125.731
4041
-322134.667
-1197413.64
-773427.142
-634752.641
4045
-142256.487
-736230.827
-332009.872
-851656.71
4049
-882478.001
-697813.421
-189487.039
-1054372.3
4053
-1269877.11
-907138.805
-735355.134
-699081.085
4057
-968728.958
-163323.425
-729662.192
-294361.408

4061
-607353.24
-447991.12
-283266.112
-125854.83
4065
-699332.775
-1462519.54
-876201.691
-205955.364
4069
-264886.66
-524023.322
-1285278.75
-366685.466
4073
-1117272.13
-858247.055
-142132.778
-606587.47
4077
-747852.952
-822977.421
-1101318.84
-434910.665
4081
-1550205.08
-317521.183
-760732.134
-557283.239
4085
-1172619.81
-740715.624
-601197.707
-772708.254

4089
-128040.54
-304990.574
-275856.968
-159096.34
4093
-2152429.07
-675188.495
-890969.72
-541881.51
4097
-370556.071
-595143.962
-1887264.38
-635916.649
4101
-564697.219
-546683.059
-651712.298
-359423.152
4105
-367192.105
-118772.262
-916263.825
-430881.826
4109
-259695.271
-236876.454
-559758.786
-760890.204
4113
-182184.341
-3434418.64
-727811.684
-1666855.99

4117
-235978.331
-195489.934
-766507.15
-573554.899
4121
-678638.541
-536717.07
-788041.83
-794490.611
4125
-308367.127
-490055.573
-541281.293
-147700.87
4129
-488431.618
-295247.138
-703284.093
-1200792.55
4133
-2644190.04
-1545437.77
-1708508.46
-226519.183
4137
-559360.683
-910327.285
-341607.847
-994892.707
4141
-213356.915
-555785.732
-448985.165
-1069097.72

4145
-417834.537
-761962.735
-712889.368
-316298.848
4149
-151375.695
-741896.101
-477728.386
-2020196.1
4153
-264349.429
-759356.078
-343694.025
-853273.066
4157
-1161977.69
-636698.175
-861522.53
-760798.162
4161
-580305.647
-427328.206
-533428.231
-540210.068
4165
-755603.176
-383408.715
-239721.729
-1108076.46
4169
-260954.344
-573919.137
-558263.198
-1361086.88

4173
-1204691.27
-1511184.02
-876895.276
-427348.734
4177
-1162759.47
-1973488.4
-332532.384
-574276.433
4181
-682339.909
-994390.09
-1151590.83
-1076858.15
4185
-1658383.16
-762709.435
-223773.108
-511931.165
4189
-1471289.91
-155365.886
-600699.061
-1249008.24
4193
-117704.43
-569368.068
-1439893.08
-832269.772
4197
-1026595.91
-750665.143
-368157.166
-637972.776

4229
-800920.529
-196379.637
-1240323.8
-465998.533
4233
-585843.286
-742296.758
-552360.667
-239529.084
4237
-436770.283
-737577.15
-535752.999
-158110.2
4241
-1013217.79
-834618.597
-414492.549
-526856.732
4245
-770694.738
-758396.696
-650402.018
-967304.61
4249
-794685.847
-877617.709
-451122.823
-2337316.15
4253
-507635.352
-539389.542
-857396.632
-334650.489

4201
-1727814.23
-195127.527
-130345.631
-398097.247
4205
-522977.526
-920096.87
-497312.809
-756176.422
4209
-386391.852
-142378.421
-393230.117
-555699.27
4213
-893607.222
-153462.779
-669472.755
-452432.929
4217
-583902.812
-695719.205
-450261.597
-1959385.03
4221
-1039740.44
-239780.786
-1118525.18
-459722.421
4225
-804170.019
-654493.424
-714906.83
-1706951.6

4257
-1190892.46
-1166118.8
-194665.743
-303523.554
4261
-711204.973
-743959.096
-1157479.11
-260296.981
4265
-631910.305
-639416.369
-529889.27
-1395735.26
4269
-1027171.65
-362474.938
-1186099.17
-276188.369
4273
-1897017.66
-592801.164
-532439.787
-905949.952
4277
-654119.901
-779265.27
-274553.235
-769969.973
4281
-539091.577
-384492.412
-897752.514
-654342.591

4285
-1153803.75
-1027074.8
-296299.039
-357892.771
4289
-495997.101
-501224.041
-503691.387
-856954.038
4293
-375587.716
-318554.064
-459206.87
-271895.445
4297
-943013
-560018.571
-471425.802
-505288.186
4301
-732976.936
-354832.589
-205950.939
-928784.061
4305
-926696.783
-285892.17
-153810.685
-372070.826
4309
-647810.019
-630139.069
-166994.665
-862292.801

4313
-1002429.18
-438414.286
-1154766.29
-135926.003
4317
-153847.041
-338672.028
-254524.958
-230753.26
4321
-608654.347
-602548.401
-981658.43
-444118.051
4325
-754462.171
-686528.366
-1278481.12
-534070.719
4329
-758577.577
-739389.476
-955304.92
-350449.73
4333
-950790.499
-1032223.01
-370810.754
-653185.437
4337
-381678.104
-173334.833
-1101116.38
-410712.369

4341
-380947.564
-318557.895
-1331066.55
-257233.213
4345
-399046.915
-345187.155
-635310.209
-525096.994
4349
-361347.744
-542499.805
-586600.917
-1495673.49
4353
-288857.309
-583774.561
-263996.322
-330291.723
4357
-941650.007
-499846.781
-716412.553
-496479.515
4361
-578496.84
-493405.6
-1060531.16
-512679.572
4365
-1971007.73
-597115.39
-564213.29
-608356.163

4369
-856155.017
-282315.489
-322504.605
-218744.449
4373
-866705.908
-1147175.94
-215189.073
-931785.474
4377
-640358.064
-1015170.77
-438333.489
-567455.649
4381
-943807.865
-1358953.4
-685456.88
-877765.641
4385
-486511.459
-1191135.27
-375155.146
-216047.684
4389
-870823.996
-428683.005
-204091.735
-827591.393
4393
-443791.041
-433996.798
-862004.768
-642557.073

4397
-279094.728
-334721.795
-395194.575
-1455209.58
4401
-468868.464
-935970.362
-1140536.85
-804900.507
4405
-1296074.62
-778268.876
-436003.317
-917411.732
4409
-1134986.62
-259186.548
-677335.356
-625018.879
4413
-558458.761
-976758.181
-873248.861
-237978.561
4417
-209907.536
-667909.892
-525344.142
-354445.228
4421
-877822.565
-415639.591
-223847.064
-1200250.17

4425
-175321.63
-411771.712
-297860.953
-479391.497
4429
-967747.108
-735469.038
-1211412.79
-807124.672
4433
-164133.116
-418665.842
-533763.579
-1186076.5
4437
-807870.493
-641674.558
-129649
-217384.671
4441
-678575.05
-826820.176
-806249.248
-462805.733
4445
-632469.115
-298749.943
-1048586.23
-1543939.41
4449
-370350.349
-636592.981
-707118.234
-825869.114

4453
-226593.912
-711944.178
-334019.542
-178446.111
4457
-202913.077
-875987.71
-229101.763
-1425997.96
4461
-289408.393
-441592.523
-326443.921
-400008.144
4465
-586525.061
-918525.495
-559248.569
-164931.101
4469
-237822.538
-1092265.22
-821453.839
-167575.844
4473
-835956.058
-945673.225
-733091.568
-508280.632
4477
-1194563.45
-330481.177
-528170.92
-853884.621

4481
-1530957.44
-830909.615
-326006.415
-214940.679
4485
-387869.592
-529095.215
-844055.416
-490415.159
4489
-1489720.75
-692732.244
-474900.41
-1003014.5
4493
-228635.306
-294896.336
-790433.756
-679033.341
4497
-312082.866
-323284.64
-966126.851
-172797.352
4501
-743383.713
-573264.852
-285474.854
-129866.956
4505
-1003604.29
-146151.106
-1494410.52
-831798.672

4509
-234700.136
-1072405.06
-944177.059
-1002812.75
4513
-962848.472
-139224.29
-640583.044
-1027710.35
4517
-706323.309
-1036884.11
-557073.031
-361120.562
4521
-621442.784
-353454.113
-350846.916
-260387.811
4525
-995023.201
-1059111.68
-1428328.16
-552160.848
4529
-605692.387
-293727.758
-521038.706
-434971.246
4533
-523562.365
-840882.691
-1053197.47
-580704.541

4565
-426201.244
-746470.436
-196911.307
-711998.994
4569
-1107200.75
-548419.16
-952690.715
-528228.153
4573
-641094.763
-583876.936
-829928.195
-273962.063
4577
-167085.647
-1187677.12
-195024.525
-1577808.37
4581
-152382.262
-1077184.81
-961950.136
-425349.685
4585
-609463.695
-658773.232
-258544.622
-825518.364
4589
-397490.621
-1771622.08
-400041.47
-377100.102

4537
-708762.156
-640985.589
-308440.178
-423866.878
4541
-308563.503
-156658.98
-880116.772
-464606.45
4545
-292395.07
-512251.721
-587165.629
-923405.311
4549
-471714.981
-586194.683
-552885.548
-853756.346
4553
-911771.136
-1071694
-582535.28
-674004.084
4557
-980468.383
-306260.661
-634977.347
-1058306.86
4561
-842778.621
-672649.839
-366582.052
-532193.603

4593
-536442.837
-392528.593
-441779.463
-842895.32
4597
-966660.887
-815327.381
-626145.959
-1081385.62
4601
-579104.733
-1013950.77
-977210.285
-245132.727
4605
-792968.974
-862059.148
-468088.725
-363933.437
4609
-837017.027
-1175752.96
-610631.349
-475234.156
4613
-722807.425
-1305632.17
-909879.878
-533648.924
4617
-331674.967
-570929.306
-267776.674
-472764.126

4621
-321452.135
-997919.731
-848493.269
-510408.033
4625
-612227.877
-625605.877
-252137.161
-393622.808
4629
-1065841.88
-613537.862
-625123.047
-998883.336
4633
-1492905.7
-390881.455
-248789.825
-295984.644
4637
-249387.356
-1041908.4
-143203.806
-636131.187
4641
-1645062.79
-591361.72
-715313.44
-489960.12
4645
-652270.349
-1129909.43
-3607209.78
-599112.489

4677
-673832.799
-458245.204
-685822.848
-238579.26
4681
-968899.085
-1262607.17
-178172.567
-681180.785
4685
-1500292.96
-1859720.02
-661318.888
-1477838.94
4689
-223029.171
-808745.291
-880901.1
-380314.292
4693
-673653.64
-871208.774
-670747.25
-311998.524
4697
-462114.333
-772338.675
-791553.451
-473570.042
4701
-174048.924
-356312.825
-357593.099
-269241.451

4649
-2474168.52
-645798.638
-1279735.23
-352247.47
4653
-432836.552
-584536.633
-584660.093
-1968852.69
4657
-114101.051
-572950.999
-558785.347
-500879.756
4661
-495273.278
-694707.108
-1004777.95
-128129.676
4665
-632908.204
-798298.265
-295765.744
-1185642.12
4669
-1460310.68
-198535.565
-263237.391
-365692.366
4673
-348527.413
-1455244.16
-725748.573
-507177.43

4705
-1266139.06
-773443.079
-394941.039
-791362.191
4709
-518582.364
-662815.43
-536896.213
-261397.565
4713
-396071.257
-355938.31
-261458.133
-647862.296
4717
-749647.522
-629318.013
-444768.154
-462903.745
4721
-1277855.08
-480579.809
-203704.347
-968489.123
4725
-1327620.24
-267551.324
-238810.231
-492875.828
4729
-570766.757
-717681.025
-554142.367
-300178.02

4733
-855767.336
-1518970.63
-414266.66
-605901.413
4737
-155549.561
-925083.41
-494716.18
-850267.677
4741
-971776.038
-352287.537
-400262.896
-477948.732
4745
-633805.329
-323336.7
-715093.343
-162997.935
4749
-926955.05
-551456.075
-1572099.42
-145291.585
4753
-715448.138
-648386.997
-428901.034
-285899.632
4757
-281956.51
-182353.458
-1354708.86
-227694.3

4761
-1805551.35
-170876.687
-1240447.96
-876635.125
4765
-737461.849
-362229.767
-678433.375
-305058.005
4769
-733803.561
-278524.108
-298803.478
-734737.087
4773
-443839.646
-532146.028
-1006010.42
-783915.458
4777
-327144.388
-875424.289
-568680.998
-813986.366
4781
-1265005.64
-1421841.68
-432899.243
-608924.49
4785
-358856.206
-589486.769
-365053.321
-382314.903

4789
-146808.154
-898348.261
-2177445.38
-894481.969
4793
-578133.595
-645341.664
-848638.68
-426361.305
4797
-504311.697
-575041.402
-373032.217
-158203.19
4801
-976355.15
-671955.441
-551253.277
-742590.402
4805
-1058644.1
-645767.546
-958978.732
-480279.176
4809
-1217241.43
-352996.264
-437497.046
-405865.38
4813
-234612.604
-403240.553
-1087749.91
-602450.468

4817
-262926.401
-830431.362
-729749.395
-795654.347
4821
-296387.504
-429601.086
-706539.234
-605423.916
4825
-881286.766
-285063.932
-729827.265
-486362.044
4829
-522711.382
-848150.609
-853286.666
-542439.393
4833
-580767.564
-591448.111
-835458.151
-702661.848
4837
-910636.723
-336578.839
-802585.877
-356255.984
4841
-636325.584
-313257.147
-180059.806
-938533.882

4845
-1647592.46
-442514.639
-603876.71
-163203.93
4849
-562391.298
-894845.571
-395048.732
-404616.303
4853
-1489508.23
-715963.479
-236019.64
-424607.076
4857
-424061.949
-512613.539
-797992.516
-1156517.81
4861
-1275077.28
-596915.379
-1014599.06
-437175.691
4865
-503627.523
-644417.149
-138616.342
-402682.593
4869
-893077.342
-284958.88
-672815.142
-473696.573

4873
-176165.196
-783839.236
-619276.259
-241649.234
4877
-1520470.83
-503630.416
-219056.753
-335931.322
4881
-408853.059
-251179.871
-166375.962
-355889.609
4885
-1112334.12
-796352.35
-755724.024
-299476.383
4889
-341151.356
-260299.214
-607249.496
-423695.359
4893
-722925.911
-442750.299
-251099.33
-1835114.15
4897
-1440046.81
-674924.904
-418230.193
-723444.316

4901
-515004.487
-1071418.22
-851020.96
-430410.3
4905
-769635.571
-515260.432
-654523.308
-274914.169
4909
-642664.742
-216728.055
-2613583.24
-895961.722
4913
-114645.138
-347799.939
-1147046.43
-1354554.67
4917
-362166.172
-521700.999
-817554.211
-316701.688
4921
-473673.759
-1923639.04
-275653.971
-579058.559
4925
-552395.767
-132718.771
-655587.889
-442813.589

4929
-461513.311
-219024.169
-242213.743
-603738.596
4933
-1028877.05
-331827.536
-765439.368
-1580527.18
4937
-753860.436
-380770.542
-569376.375
-512459.957
4941
-843833.645
-876123.658
-593876.853
-725678.505
4945
-215762.636
-145688.136
-324999.59
-309588.889
4949
-247994.87
-401632.829
-292833.798
-391032.935
4953
-175829.484
-1186467.67
-232006.361
-902678.336
