1,-5.786e+19
2,-6.2201e+19
4456,-6.2441e+19
3,-6.3137e+19
4,-6.6742e+19
3873,-6.6897e+19
5,-6.7142e+19
6,-6.8617e+19
7,-6.9253e+19
8,-7.0876e+19
3027,-7.4828e+19
4076,-7.5258e+19
9,-7.5642e+19
5387,-7.593e+19
3690,-7.8532e+19
10,-7.9575e+19
3387,-8.0255e+19
11,-8.0509e+19
12,-8.0653e+19
13,-8.1157e+19
14,-8.1201e+19
2961,-8.1547e+19
15,-8.1678e+19
16,-8.2432e+19
17,-8.2583e+19
18,-8.2596e+19
19,-8.4054e+19
20,-8.4241e+19
21,-8.499e+19
2960,-8.5121e+19
22,-8.5802e+19
23,-8.5989e+19
24,-8.6536e+19
25,-8.6702e+19
3126,-8.7753e+19
26,-8.7765e+19
4229,-8.8176e+19
27,-8.8426e+19
28,-8.889e+19
2401,-8.9165e+19
29,-9.0379e+19
30,-9.0734e+19
31,-9.1029e+19
2752,-9.1301e+19
2345,-9.144e+19
32,-9.1961e+19
33,-9.2179e+19
2339,-9.2297e+19
34,-9.2297e+19
2489,-9.2371e+19
35,-9.2789e+19
36,-9.279e+19
3103,-9.3598e+19
3494,-9.3635e+19
3189,-9.3678e+19
37,-9.3756e+19
38,-9.4496e+19
4747,-9.454e+19
39,-9.4924e+19
2577,-9.4961e+19
40,-9.507e+19
41,-9.5752e+19
42,-9.5771e+19
43,-9.5832e+19
2635,-9.6369e+19
5410,-9.6405e+19
2367,-9.7261e+19
44,-9.7266e+19
5189,-9.7419e+19
4174,-9.7692e+19
3037,-9.7844e+19
45,-9.7889e+19
4357,-9.8048e+19
4258,-9.8222e+19
3273,-9.8232e+19
46,-9.8341e+19
47,-9.863e+19
48,-9.8631e+19
49,-9.9101e+19
4129,-9.9125e+19
4218,-1.0046e+20
50,-1.0062e+20
51,-1.0093e+20
4966,-1.0108e+20
2852,-1.0144e+20
4072,-1.0193e+20
3559,-1.0222e+20
52,-1.0241e+20
4795,-1.032e+20
53,-1.0327e+20
4277,-1.0336e+20
4407,-1.0337e+20
4746,-1.0339e+20
4354,-1.0354e+20
54,-1.0393e+20
55,-1.0449e+20
4567,-1.0474e+20
4979,-1.0499e+20
56,-1.0506e+20
57,-1.0533e+20
58,-1.0562e+20
59,-1.0565e+20
5240,-1.0565e+20
2297,-1.0567e+20
2609,-1.0605e+20
3289,-1.0607e+20
5321,-1.061e+20
60,-1.0636e+20
61,-1.0666e+20
62,-1.0694e+20
63,-1.0711e+20
64,-1.0711e+20
4068,-1.0729e+20
65,-1.0734e+20
5098,-1.0749e+20
66,-1.076e+20
67,-1.077e+20
68,-1.0773e+20
2513,-1.0774e+20
69,-1.0788e+20
70,-1.0805e+20
71,-1.0934e+20
72,-1.0935e+20
73,-1.0936e+20
74,-1.094e+20
3084,-1.0947e+20
75,-1.0958e+20
76,-1.0965e+20
77,-1.0977e+20
78,-1.1008e+20
2392,-1.1014e+20
79,-1.1017e+20
80,-1.1034e+20
2507,-1.106e+20
81,-1.1068e+20
2658,-1.1079e+20
82,-1.1109e+20
83,-1.1154e+20
84,-1.1156e+20
85,-1.1183e+20
3562,-1.1199e+20
4799,-1.1203e+20
86,-1.1205e+20
2468,-1.1218e+20
87,-1.1226e+20
2692,-1.1237e+20
88,-1.1265e+20
89,-1.1316e+20
90,-1.1351e+20
91,-1.1379e+20
92,-1.1392e+20
2708,-1.1431e+20
93,-1.1432e+20
94,-1.1435e+20
95,-1.149e+20
2792,-1.1492e+20
3689,-1.1505e+20
3881,-1.1537e+20
2891,-1.1586e+20
3755,-1.1592e+20
2599,-1.1603e+20
96,-1.1607e+20
5386,-1.1619e+20
4898,-1.1623e+20
97,-1.1664e+20
98,-1.1666e+20
99,-1.1685e+20
100,-1.1691e+20
101,-1.1742e+20
3157,-1.178e+20
102,-1.1789e+20
3939,-1.1794e+20
4586,-1.1798e+20
3182,-1.1808e+20
103,-1.1811e+20
104,-1.1837e+20
105,-1.1874e+20
3821,-1.1876e+20
3383,-1.1885e+20
2391,-1.1898e+20
3042,-1.19e+20
106,-1.1957e+20
107,-1.1964e+20
108,-1.1985e+20
109,-1.2007e+20
2388,-1.2008e+20
5275,-1.2011e+20
110,-1.203e+20
3172,-1.2073e+20
111,-1.2114e+20
112,-1.214e+20
113,-1.2181e+20
114,-1.2185e+20
115,-1.2211e+20
116,-1.222e+20
117,-1.2233e+20
118,-1.2247e+20
119,-1.226e+20
120,-1.2262e+20
4765,-1.2293e+20
4939,-1.2297e+20
121,-1.2301e+20
4001,-1.2311e+20
4108,-1.2365e+20
3023,-1.2369e+20
2321,-1.2403e+20
122,-1.2429e+20
123,-1.2442e+20
124,-1.2449e+20
125,-1.2483e+20
5143,-1.2488e+20
126,-1.2496e+20
4899,-1.2525e+20
4518,-1.2527e+20
127,-1.2573e+20
4341,-1.2603e+20
128,-1.2611e+20
129,-1.2663e+20
130,-1.2685e+20
131,-1.2685e+20
132,-1.2692e+20
4372,-1.273e+20
3921,-1.2758e+20
133,-1.2758e+20
134,-1.2772e+20
135,-1.2807e+20
136,-1.2831e+20
137,-1.2848e+20
138,-1.2855e+20
139,-1.2875e+20
140,-1.2889e+20
4732,-1.2892e+20
5505,-1.2911e+20
141,-1.2917e+20
4550,-1.2928e+20
142,-1.2938e+20
143,-1.2942e+20
3300,-1.2946e+20
144,-1.2967e+20
5383,-1.2974e+20
145,-1.3004e+20
146,-1.3029e+20
5229,-1.3103e+20
2717,-1.3108e+20
2606,-1.312e+20
5080,-1.3126e+20
4918,-1.3152e+20
147,-1.3191e+20
148,-1.3194e+20
149,-1.3195e+20
150,-1.3195e+20
151,-1.3209e+20
152,-1.3217e+20
2712,-1.3219e+20
153,-1.3232e+20
154,-1.3234e+20
155,-1.3238e+20
4123,-1.3238e+20
4033,-1.3242e+20
4231,-1.3274e+20
156,-1.3337e+20
157,-1.3359e+20
158,-1.3365e+20
4279,-1.3377e+20
159,-1.3378e+20
5355,-1.3389e+20
160,-1.3414e+20
161,-1.353e+20
3865,-1.3537e+20
162,-1.356e+20
163,-1.3569e+20
164,-1.3581e+20
2704,-1.36e+20
165,-1.3612e+20
166,-1.3614e+20
3165,-1.3643e+20
167,-1.3647e+20
168,-1.3659e+20
2245,-1.3671e+20
169,-1.369e+20
4396,-1.3718e+20
4698,-1.373e+20
170,-1.3773e+20
171,-1.3782e+20
3287,-1.3792e+20
172,-1.3809e+20
173,-1.3845e+20
174,-1.3866e+20
175,-1.3869e+20
4243,-1.3914e+20
176,-1.3924e+20
177,-1.3931e+20
178,-1.3966e+20
179,-1.3968e+20
3040,-1.4013e+20
180,-1.4022e+20
181,-1.4035e+20
182,-1.4051e+20
183,-1.4067e+20
3519,-1.4071e+20
184,-1.4074e+20
185,-1.4082e+20
186,-1.4082e+20
187,-1.4096e+20
188,-1.4129e+20
2306,-1.413e+20
189,-1.4133e+20
190,-1.4134e+20
191,-1.4149e+20
192,-1.4156e+20
193,-1.4169e+20
3472,-1.4182e+20
194,-1.42e+20
195,-1.4207e+20
196,-1.4284e+20
197,-1.4289e+20
2772,-1.4294e+20
198,-1.4299e+20
199,-1.433e+20
3834,-1.4338e+20
2793,-1.4394e+20
200,-1.4411e+20
201,-1.4444e+20
202,-1.4508e+20
203,-1.4511e+20
204,-1.4523e+20
205,-1.4534e+20
2952,-1.4572e+20
206,-1.4578e+20
207,-1.4619e+20
208,-1.4625e+20
209,-1.4649e+20
210,-1.4652e+20
3832,-1.4681e+20
211,-1.472e+20
3220,-1.4723e+20
212,-1.4729e+20
213,-1.4734e+20
214,-1.4741e+20
215,-1.4743e+20
3128,-1.4752e+20
216,-1.4757e+20
217,-1.4781e+20
218,-1.4828e+20
4466,-1.4828e+20
219,-1.4865e+20
3384,-1.4873e+20
3325,-1.4896e+20
220,-1.4899e+20
221,-1.4908e+20
222,-1.4919e+20
223,-1.4949e+20
4152,-1.4949e+20
224,-1.4979e+20
225,-1.4981e+20
3536,-1.5006e+20
2383,-1.5011e+20
226,-1.502e+20
4798,-1.5021e+20
227,-1.5024e+20
228,-1.5041e+20
229,-1.5047e+20
230,-1.5086e+20
231,-1.5086e+20
3403,-1.5102e+20
232,-1.5118e+20
233,-1.5137e+20
234,-1.5196e+20
235,-1.5243e+20
236,-1.5255e+20
4417,-1.5338e+20
2743,-1.5343e+20
237,-1.5358e+20
4892,-1.5383e+20
238,-1.5385e+20
239,-1.5387e+20
240,-1.5414e+20
241,-1.5433e+20
4876,-1.5449e+20
242,-1.547e+20
5283,-1.5482e+20
4694,-1.5485e+20
2370,-1.5503e+20
243,-1.5533e+20
244,-1.5569e+20
245,-1.5596e+20
4933,-1.5617e+20
246,-1.5619e+20
4319,-1.5686e+20
247,-1.5691e+20
3571,-1.5693e+20
248,-1.5698e+20
249,-1.5705e+20
250,-1.572e+20
251,-1.5734e+20
252,-1.5739e+20
253,-1.5743e+20
254,-1.5745e+20
4999,-1.5756e+20
255,-1.5786e+20
3197,-1.5788e+20
256,-1.5789e+20
4189,-1.5795e+20
3231,-1.5805e+20
5048,-1.5815e+20
257,-1.5819e+20
258,-1.586e+20
259,-1.5875e+20
3396,-1.5888e+20
3983,-1.5904e+20
260,-1.5938e+20
3911,-1.5953e+20
261,-1.598e+20
4095,-1.6005e+20
3864,-1.6021e+20
262,-1.603e+20
263,-1.604e+20
264,-1.6056e+20
265,-1.6064e+20
266,-1.6066e+20
4085,-1.6068e+20
3728,-1.6072e+20
2241,-1.6074e+20
267,-1.608e+20
268,-1.6083e+20
2529,-1.6088e+20
269,-1.6148e+20
270,-1.6164e+20
5479,-1.618e+20
271,-1.6201e+20
272,-1.6233e+20
273,-1.6234e+20
3208,-1.6241e+20
3558,-1.6276e+20
274,-1.6278e+20
275,-1.6291e+20
4805,-1.6307e+20
2993,-1.6319e+20
2324,-1.6334e+20
276,-1.6394e+20
277,-1.6408e+20
278,-1.6427e+20
279,-1.6463e+20
3056,-1.6483e+20
280,-1.6492e+20
281,-1.6504e+20
4848,-1.6513e+20
282,-1.6515e+20
283,-1.6531e+20
284,-1.6557e+20
5290,-1.6605e+20
285,-1.6639e+20
286,-1.6658e+20
287,-1.6663e+20
288,-1.6665e+20
5268,-1.6676e+20
289,-1.6678e+20
290,-1.6699e+20
291,-1.6701e+20
292,-1.6705e+20
293,-1.6715e+20
294,-1.6733e+20
3503,-1.6735e+20
295,-1.6736e+20
296,-1.6746e+20
297,-1.6749e+20
298,-1.682e+20
299,-1.6821e+20
300,-1.6834e+20
301,-1.6835e+20
2696,-1.684e+20
2791,-1.6842e+20
302,-1.6865e+20
303,-1.6913e+20
3858,-1.6917e+20
304,-1.6927e+20
305,-1.693e+20
2348,-1.6959e+20
306,-1.696e+20
4292,-1.6973e+20
307,-1.7007e+20
3516,-1.7019e+20
3132,-1.7056e+20
308,-1.7058e+20
4448,-1.7068e+20
3768,-1.7092e+20
5295,-1.7106e+20
309,-1.7111e+20
310,-1.7136e+20
311,-1.7144e+20
312,-1.7151e+20
313,-1.7156e+20
3317,-1.7162e+20
314,-1.717e+20
3176,-1.7224e+20
315,-1.7233e+20
2400,-1.7238e+20
316,-1.724e+20
317,-1.7258e+20
2445,-1.7263e+20
3927,-1.7276e+20
3599,-1.7285e+20
318,-1.7309e+20
319,-1.732e+20
320,-1.7351e+20
321,-1.7351e+20
322,-1.7362e+20
3597,-1.7368e+20
5358,-1.7381e+20
323,-1.7385e+20
4744,-1.7407e+20
4335,-1.7427e+20
324,-1.7458e+20
325,-1.7474e+20
326,-1.7474e+20
327,-1.7512e+20
328,-1.753e+20
2842,-1.7617e+20
329,-1.7636e+20
330,-1.7653e+20
331,-1.766e+20
332,-1.7666e+20
333,-1.7667e+20
2983,-1.7681e+20
334,-1.7682e+20
3986,-1.7706e+20
5129,-1.7721e+20
335,-1.7748e+20
336,-1.7778e+20
337,-1.7783e+20
338,-1.7784e+20
4118,-1.7836e+20
339,-1.7856e+20
340,-1.7867e+20
4018,-1.7893e+20
341,-1.7901e+20
342,-1.7908e+20
343,-1.791e+20
344,-1.7946e+20
5165,-1.7987e+20
345,-1.8017e+20
346,-1.8069e+20
347,-1.812e+20
348,-1.813e+20
349,-1.8143e+20
350,-1.8198e+20
351,-1.82e+20
352,-1.8209e+20
353,-1.8221e+20
354,-1.8234e+20
355,-1.8235e+20
356,-1.8243e+20
4016,-1.8322e+20
2959,-1.8332e+20
357,-1.8339e+20
358,-1.8393e+20
359,-1.84e+20
4046,-1.84e+20
4242,-1.8407e+20
360,-1.841e+20
4717,-1.8427e+20
361,-1.8449e+20
362,-1.8454e+20
363,-1.8461e+20
4839,-1.8465e+20
364,-1.847e+20
365,-1.8496e+20
366,-1.8516e+20
367,-1.8538e+20
368,-1.8601e+20
369,-1.8604e+20
4043,-1.863e+20
370,-1.8695e+20
371,-1.8708e+20
372,-1.8711e+20
373,-1.8722e+20
374,-1.8731e+20
2757,-1.8764e+20
4199,-1.8782e+20
375,-1.8791e+20
376,-1.8795e+20
3261,-1.8802e+20
377,-1.8839e+20
378,-1.8848e+20
379,-1.8886e+20
380,-1.9016e+20
381,-1.9023e+20
3381,-1.906e+20
382,-1.907e+20
383,-1.9081e+20
384,-1.9096e+20
2510,-1.91e+20
385,-1.9139e+20
386,-1.9152e+20
3113,-1.9157e+20
387,-1.9161e+20
388,-1.9169e+20
3659,-1.9203e+20
3427,-1.9209e+20
389,-1.9216e+20
2539,-1.9236e+20
390,-1.9238e+20
391,-1.9283e+20
5088,-1.9291e+20
392,-1.9323e+20
5400,-1.9332e+20
5214,-1.9342e+20
393,-1.9348e+20
394,-1.9357e+20
395,-1.937e+20
396,-1.9393e+20
2433,-1.9398e+20
397,-1.9402e+20
3677,-1.9417e+20
398,-1.942e+20
399,-1.9451e+20
400,-1.955e+20
401,-1.9601e+20
402,-1.9602e+20
4683,-1.9611e+20
403,-1.963e+20
404,-1.9656e+20
405,-1.9698e+20
5585,-1.9701e+20
3327,-1.9719e+20
406,-1.972e+20
407,-1.9732e+20
4782,-1.9738e+20
408,-1.9739e+20
409,-1.9766e+20
4460,-1.9783e+20
410,-1.9805e+20
411,-1.9808e+20
5449,-1.982e+20
2327,-1.9826e+20
412,-1.9833e+20
413,-1.9846e+20
414,-1.9872e+20
415,-1.9942e+20
3618,-1.9944e+20
416,-1.9957e+20
3313,-1.9966e+20
3111,-1.9978e+20
4653,-1.9993e+20
417,-2.0049e+20
3248,-2.0129e+20
418,-2.0154e+20
419,-2.0174e+20
4605,-2.0183e+20
2985,-2.0189e+20
5060,-2.0197e+20
420,-2.0217e+20
421,-2.0224e+20
422,-2.0241e+20
5184,-2.0257e+20
423,-2.0282e+20
424,-2.0307e+20
425,-2.0332e+20
426,-2.034e+20
427,-2.0362e+20
5342,-2.0376e+20
428,-2.0378e+20
429,-2.039e+20
4773,-2.0398e+20
430,-2.0446e+20
431,-2.0448e+20
432,-2.0472e+20
433,-2.0477e+20
2714,-2.0504e+20
5587,-2.0509e+20
434,-2.052e+20
3401,-2.0559e+20
435,-2.0562e+20
2978,-2.0573e+20
436,-2.0609e+20
437,-2.0681e+20
4818,-2.0699e+20
4107,-2.07e+20
438,-2.0713e+20
439,-2.0713e+20
440,-2.0715e+20
441,-2.0761e+20
442,-2.0844e+20
443,-2.0866e+20
444,-2.0869e+20
445,-2.0923e+20
3632,-2.0923e+20
446,-2.0928e+20
447,-2.0945e+20
448,-2.095e+20
449,-2.0963e+20
450,-2.0971e+20
451,-2.0973e+20
452,-2.1018e+20
453,-2.1053e+20
4727,-2.1074e+20
2921,-2.1083e+20
454,-2.1113e+20
455,-2.1121e+20
3895,-2.1121e+20
2421,-2.1137e+20
3278,-2.1148e+20
456,-2.1164e+20
3598,-2.1244e+20
457,-2.1321e+20
458,-2.1323e+20
459,-2.1336e+20
460,-2.1389e+20
461,-2.1394e+20
2803,-2.1456e+20
2484,-2.1486e+20
462,-2.1488e+20
3812,-2.149e+20
3947,-2.1524e+20
5453,-2.1539e+20
463,-2.1545e+20
464,-2.1558e+20
465,-2.1592e+20
3908,-2.1628e+20
3648,-2.1638e+20
466,-2.1648e+20
5093,-2.1662e+20
467,-2.1677e+20
468,-2.1684e+20
5234,-2.1685e+20
469,-2.169e+20
470,-2.17e+20
471,-2.1718e+20
3483,-2.1735e+20
472,-2.1735e+20
4875,-2.1825e+20
4536,-2.1839e+20
473,-2.1846e+20
474,-2.1847e+20
475,-2.1872e+20
5332,-2.1893e+20
476,-2.1901e+20
477,-2.1957e+20
4584,-2.1966e+20
2813,-2.1975e+20
478,-2.1982e+20
479,-2.1989e+20
480,-2.2014e+20
2303,-2.2048e+20
481,-2.21e+20
482,-2.2129e+20
483,-2.2167e+20
484,-2.2194e+20
485,-2.2204e+20
486,-2.2223e+20
487,-2.2228e+20
488,-2.2248e+20
489,-2.2254e+20
490,-2.2255e+20
3600,-2.2281e+20
491,-2.2288e+20
3605,-2.233e+20
492,-2.2354e+20
2402,-2.2362e+20
493,-2.2377e+20
494,-2.2388e+20
4686,-2.2405e+20
495,-2.2417e+20
4470,-2.2423e+20
496,-2.2431e+20
497,-2.2443e+20
498,-2.2465e+20
5292,-2.2473e+20
499,-2.2488e+20
500,-2.2511e+20
501,-2.2596e+20
502,-2.2612e+20
503,-2.2617e+20
2521,-2.2659e+20
504,-2.275e+20
505,-2.2755e+20
5318,-2.2763e+20
506,-2.2772e+20
2517,-2.2801e+20
507,-2.2811e+20
508,-2.2851e+20
509,-2.291e+20
510,-2.2954e+20
511,-2.2998e+20
4290,-2.3002e+20
512,-2.3019e+20
513,-2.3098e+20
514,-2.3172e+20
515,-2.3203e+20
516,-2.3205e+20
517,-2.3224e+20
518,-2.3358e+20
519,-2.3367e+20
520,-2.34e+20
2748,-2.3419e+20
521,-2.3441e+20
522,-2.3442e+20
5558,-2.3471e+20
523,-2.3519e+20
524,-2.3553e+20
525,-2.3587e+20
526,-2.3706e+20
527,-2.3712e+20
528,-2.3741e+20
529,-2.3743e+20
530,-2.3783e+20
531,-2.3834e+20
532,-2.3851e+20
533,-2.3874e+20
5119,-2.3882e+20
534,-2.3899e+20
535,-2.3941e+20
536,-2.3988e+20
537,-2.4035e+20
3296,-2.4036e+20
538,-2.4045e+20
539,-2.4053e+20
540,-2.4095e+20
541,-2.4161e+20
542,-2.4164e+20
5247,-2.4202e+20
2831,-2.4206e+20
543,-2.4244e+20
544,-2.426e+20
545,-2.4306e+20
546,-2.4315e+20
5096,-2.4329e+20
547,-2.4354e+20
548,-2.4411e+20
549,-2.4426e+20
550,-2.4436e+20
551,-2.4492e+20
552,-2.4493e+20
3505,-2.4503e+20
3978,-2.4508e+20
553,-2.4533e+20
554,-2.4555e+20
4807,-2.4558e+20
555,-2.4573e+20
556,-2.4597e+20
3162,-2.4615e+20
557,-2.4642e+20
558,-2.4665e+20
559,-2.4668e+20
560,-2.4672e+20
561,-2.4698e+20
562,-2.4762e+20
563,-2.4763e+20
564,-2.4779e+20
565,-2.4798e+20
566,-2.4801e+20
567,-2.4803e+20
568,-2.481e+20
4649,-2.4836e+20
569,-2.4838e+20
570,-2.4848e+20
4374,-2.4878e+20
571,-2.496e+20
572,-2.4963e+20
573,-2.498e+20
574,-2.5014e+20
2617,-2.5023e+20
575,-2.5025e+20
576,-2.5048e+20
577,-2.5086e+20
578,-2.51e+20
5116,-2.5133e+20
579,-2.5142e+20
580,-2.5152e+20
581,-2.5155e+20
582,-2.5187e+20
4658,-2.5195e+20
583,-2.5243e+20
4348,-2.5243e+20
584,-2.5249e+20
3950,-2.5295e+20
585,-2.5368e+20
4556,-2.5388e+20
586,-2.5398e+20
587,-2.5483e+20
588,-2.5496e+20
589,-2.5518e+20
590,-2.5581e+20
591,-2.5586e+20
592,-2.5601e+20
593,-2.561e+20
5390,-2.5625e+20
2761,-2.5645e+20
594,-2.5662e+20
595,-2.5709e+20
596,-2.5731e+20
597,-2.5736e+20
598,-2.576e+20
3343,-2.5831e+20
5013,-2.5851e+20
599,-2.586e+20
2570,-2.5869e+20
600,-2.5871e+20
601,-2.5909e+20
602,-2.592e+20
3149,-2.5944e+20
603,-2.5996e+20
604,-2.6005e+20
4832,-2.6019e+20
4730,-2.6021e+20
605,-2.6056e+20
606,-2.6068e+20
2767,-2.6158e+20
607,-2.6171e+20
608,-2.62e+20
609,-2.6259e+20
2373,-2.627e+20
2559,-2.6306e+20
2580,-2.6343e+20
610,-2.6365e+20
611,-2.6388e+20
3158,-2.6443e+20
612,-2.6464e+20
5528,-2.6559e+20
613,-2.6576e+20
614,-2.6612e+20
615,-2.6666e+20
616,-2.6734e+20
4365,-2.6769e+20
617,-2.6803e+20
618,-2.6806e+20
619,-2.6827e+20
2482,-2.6828e+20
620,-2.6843e+20
621,-2.6899e+20
622,-2.6932e+20
4360,-2.6978e+20
5370,-2.6985e+20
623,-2.6986e+20
2325,-2.6991e+20
624,-2.7007e+20
625,-2.7026e+20
626,-2.7045e+20
2399,-2.7056e+20
627,-2.7056e+20
628,-2.7061e+20
4446,-2.7064e+20
4093,-2.7066e+20
629,-2.7098e+20
5311,-2.7141e+20
630,-2.7149e+20
631,-2.7159e+20
3985,-2.7186e+20
5461,-2.7223e+20
632,-2.7264e+20
633,-2.7269e+20
634,-2.7317e+20
635,-2.7333e+20
636,-2.7379e+20
5530,-2.7395e+20
637,-2.7404e+20
638,-2.7421e+20
639,-2.7456e+20
2308,-2.7464e+20
2591,-2.752e+20
640,-2.766e+20
2884,-2.7667e+20
5021,-2.7714e+20
641,-2.7757e+20
642,-2.7766e+20
643,-2.7769e+20
2713,-2.7794e+20
644,-2.7797e+20
645,-2.7832e+20
4390,-2.7847e+20
646,-2.7852e+20
5535,-2.7878e+20
5330,-2.7896e+20
2561,-2.79e+20
3243,-2.803e+20
647,-2.8082e+20
648,-2.8089e+20
649,-2.8143e+20
650,-2.8178e+20
5135,-2.8196e+20
651,-2.8213e+20
5546,-2.8229e+20
652,-2.8245e+20
653,-2.8274e+20
654,-2.8282e+20
4201,-2.8307e+20
655,-2.8347e+20
3972,-2.8361e+20
656,-2.8384e+20
3025,-2.8408e+20
657,-2.8412e+20
4775,-2.843e+20
4700,-2.8443e+20
658,-2.8467e+20
3704,-2.855e+20
659,-2.8556e+20
660,-2.856e+20
661,-2.8579e+20
662,-2.8597e+20
663,-2.8612e+20
664,-2.867e+20
3168,-2.8671e+20
665,-2.8686e+20
666,-2.875e+20
667,-2.8776e+20
668,-2.8789e+20
4445,-2.8831e+20
669,-2.8862e+20
670,-2.8949e+20
4025,-2.8954e+20
3402,-2.8964e+20
2546,-2.9006e+20
671,-2.9024e+20
672,-2.9064e+20
673,-2.9082e+20
674,-2.9089e+20
5249,-2.9101e+20
675,-2.9103e+20
676,-2.9205e+20
677,-2.9272e+20
678,-2.9309e+20
679,-2.9333e+20
680,-2.9364e+20
681,-2.9479e+20
682,-2.9542e+20
683,-2.9555e+20
5271,-2.9562e+20
684,-2.9589e+20
2588,-2.9595e+20
685,-2.96e+20
4582,-2.96e+20
686,-2.9622e+20
5053,-2.9655e+20
687,-2.9671e+20
2685,-2.9684e+20
688,-2.9687e+20
689,-2.9762e+20
690,-2.9765e+20
691,-2.9864e+20
692,-2.9876e+20
693,-2.9895e+20
694,-2.9914e+20
4027,-2.9925e+20
695,-2.9935e+20
3752,-2.999e+20
696,-2.9996e+20
697,-3.0057e+20
698,-3.0076e+20
699,-3.0156e+20
3588,-3.0307e+20
700,-3.0336e+20
701,-3.0433e+20
5207,-3.0441e+20
702,-3.0465e+20
703,-3.0476e+20
704,-3.048e+20
705,-3.051e+20
706,-3.0529e+20
707,-3.0546e+20
708,-3.0549e+20
3761,-3.0581e+20
709,-3.0608e+20
2500,-3.0626e+20
5055,-3.0647e+20
710,-3.0658e+20
711,-3.0675e+20
5224,-3.0703e+20
3784,-3.0745e+20
712,-3.0749e+20
3616,-3.0757e+20
713,-3.0766e+20
714,-3.0799e+20
715,-3.0821e+20
4803,-3.0898e+20
716,-3.0926e+20
717,-3.0931e+20
718,-3.0958e+20
719,-3.0974e+20
3096,-3.0995e+20
720,-3.1022e+20
721,-3.1037e+20
722,-3.1047e+20
723,-3.1087e+20
724,-3.11e+20
725,-3.1101e+20
726,-3.1106e+20
727,-3.1125e+20
4463,-3.1135e+20
3415,-3.1136e+20
2636,-3.1143e+20
4592,-3.1199e+20
728,-3.1224e+20
729,-3.1232e+20
730,-3.1283e+20
2292,-3.1421e+20
731,-3.1435e+20
732,-3.1518e+20
733,-3.1576e+20
734,-3.1582e+20
2331,-3.1609e+20
735,-3.1656e+20
736,-3.1712e+20
737,-3.1741e+20
5544,-3.1759e+20
738,-3.1833e+20
739,-3.1841e+20
5031,-3.1853e+20
740,-3.187e+20
741,-3.1924e+20
4896,-3.1994e+20
742,-3.2006e+20
2867,-3.2007e+20
5147,-3.2014e+20
3733,-3.2018e+20
743,-3.2027e+20
3283,-3.2054e+20
744,-3.2107e+20
745,-3.2122e+20
746,-3.2168e+20
4696,-3.2205e+20
747,-3.2296e+20
2380,-3.2329e+20
748,-3.2402e+20
3974,-3.2419e+20
4252,-3.244e+20
749,-3.2518e+20
2616,-3.2565e+20
750,-3.2573e+20
751,-3.2591e+20
752,-3.261e+20
2705,-3.2639e+20
753,-3.2672e+20
754,-3.2697e+20
4681,-3.2765e+20
5105,-3.2776e+20
755,-3.2863e+20
756,-3.2882e+20
757,-3.2907e+20
4228,-3.293e+20
758,-3.295e+20
3624,-3.2958e+20
759,-3.311e+20
760,-3.3133e+20
761,-3.314e+20
2675,-3.3146e+20
762,-3.3163e+20
763,-3.3163e+20
2312,-3.3179e+20
764,-3.3229e+20
765,-3.3252e+20
4421,-3.3278e+20
766,-3.3287e+20
767,-3.3304e+20
768,-3.3402e+20
769,-3.3422e+20
770,-3.3462e+20
3277,-3.3504e+20
2930,-3.3525e+20
771,-3.3541e+20
772,-3.3556e+20
773,-3.3569e+20
774,-3.3616e+20
775,-3.3645e+20
5553,-3.3666e+20
776,-3.3761e+20
3386,-3.3763e+20
777,-3.3861e+20
778,-3.391e+20
779,-3.393e+20
780,-3.3975e+20
4931,-3.398e+20
781,-3.3994e+20
4232,-3.4036e+20
782,-3.4086e+20
783,-3.4088e+20
784,-3.4131e+20
5187,-3.4143e+20
785,-3.4181e+20
786,-3.4197e+20
4821,-3.4198e+20
787,-3.4208e+20
788,-3.4235e+20
789,-3.4315e+20
790,-3.4362e+20
4636,-3.4365e+20
791,-3.4393e+20
792,-3.4412e+20
5335,-3.4445e+20
793,-3.4467e+20
794,-3.4468e+20
795,-3.4532e+20
796,-3.4567e+20
5164,-3.4613e+20
797,-3.4614e+20
4541,-3.4625e+20
798,-3.4626e+20
799,-3.4641e+20
800,-3.4647e+20
5379,-3.4683e+20
4685,-3.4713e+20
2299,-3.4721e+20
801,-3.4746e+20
802,-3.476e+20
803,-3.4812e+20
4180,-3.4872e+20
804,-3.4909e+20
805,-3.4976e+20
806,-3.5012e+20
807,-3.5042e+20
808,-3.5093e+20
809,-3.5194e+20
810,-3.5205e+20
5103,-3.5237e+20
811,-3.5273e+20
2625,-3.5304e+20
812,-3.5327e+20
3823,-3.5348e+20
813,-3.541e+20
814,-3.5549e+20
815,-3.5572e+20
816,-3.5578e+20
817,-3.5599e+20
818,-3.5609e+20
819,-3.5631e+20
820,-3.569e+20
821,-3.5752e+20
822,-3.581e+20
823,-3.5864e+20
2596,-3.5875e+20
824,-3.5875e+20
4794,-3.5906e+20
825,-3.5958e+20
826,-3.596e+20
827,-3.5971e+20
3903,-3.5985e+20
4955,-3.6059e+20
828,-3.6074e+20
829,-3.6084e+20
830,-3.6118e+20
3116,-3.6196e+20
4355,-3.6238e+20
3646,-3.6308e+20
5054,-3.6331e+20
3818,-3.6332e+20
831,-3.6346e+20
832,-3.6481e+20
833,-3.6491e+20
834,-3.6493e+20
4661,-3.6511e+20
835,-3.6521e+20
836,-3.6529e+20
837,-3.653e+20
4110,-3.6569e+20
838,-3.6584e+20
839,-3.6637e+20
840,-3.6642e+20
5004,-3.6651e+20
5216,-3.6662e+20
841,-3.6728e+20
842,-3.6833e+20
843,-3.6855e+20
844,-3.6872e+20
2700,-3.6887e+20
845,-3.6889e+20
846,-3.6912e+20
847,-3.6928e+20
848,-3.6932e+20
849,-3.6943e+20
850,-3.6951e+20
3506,-3.6951e+20
4831,-3.6974e+20
851,-3.6977e+20
852,-3.6982e+20
853,-3.7083e+20
854,-3.7116e+20
855,-3.7167e+20
4971,-3.7188e+20
856,-3.7205e+20
857,-3.7207e+20
858,-3.7238e+20
4612,-3.7359e+20
3169,-3.7429e+20
859,-3.747e+20
5160,-3.7503e+20
4385,-3.7504e+20
5066,-3.7676e+20
5343,-3.7684e+20
860,-3.7853e+20
3907,-3.8125e+20
4276,-3.8134e+20
861,-3.818e+20
4073,-3.8201e+20
4268,-3.8207e+20
862,-3.8226e+20
863,-3.8235e+20
864,-3.8264e+20
865,-3.8308e+20
866,-3.8312e+20
867,-3.8334e+20
868,-3.8345e+20
869,-3.8355e+20
870,-3.8362e+20
871,-3.8441e+20
872,-3.8463e+20
3614,-3.8515e+20
4088,-3.8606e+20
873,-3.8609e+20
874,-3.8677e+20
3405,-3.8695e+20
875,-3.8698e+20
876,-3.8735e+20
877,-3.8789e+20
5547,-3.8799e+20
878,-3.8819e+20
879,-3.8835e+20
880,-3.8862e+20
3809,-3.8885e+20
3925,-3.8911e+20
881,-3.8928e+20
882,-3.8929e+20
3451,-3.899e+20
883,-3.8995e+20
884,-3.8997e+20
5376,-3.901e+20
3593,-3.902e+20
885,-3.9061e+20
886,-3.913e+20
3201,-3.9134e+20
3467,-3.9166e+20
887,-3.9203e+20
4307,-3.9213e+20
4840,-3.9249e+20
888,-3.9262e+20
889,-3.9269e+20
3074,-3.9296e+20
890,-3.9339e+20
3228,-3.9358e+20
5186,-3.936e+20
891,-3.9374e+20
892,-3.9414e+20
893,-3.9428e+20
894,-3.9443e+20
895,-3.9483e+20
896,-3.9487e+20
897,-3.9573e+20
898,-3.9624e+20
3432,-3.9626e+20
899,-3.9644e+20
900,-3.9734e+20
901,-3.9779e+20
902,-3.9781e+20
903,-3.9937e+20
904,-3.9952e+20
2798,-3.9962e+20
4208,-3.9976e+20
3830,-4.0064e+20
905,-4.0085e+20
906,-4.0142e+20
3371,-4.0157e+20
5476,-4.0188e+20
907,-4.0193e+20
3474,-4.024e+20
5337,-4.0249e+20
908,-4.0279e+20
909,-4.0302e+20
910,-4.0414e+20
2619,-4.042e+20
911,-4.0473e+20
912,-4.048e+20
3860,-4.0526e+20
913,-4.0569e+20
914,-4.0587e+20
3122,-4.0672e+20
3953,-4.068e+20
5106,-4.0709e+20
915,-4.0714e+20
2854,-4.0753e+20
2530,-4.0761e+20
916,-4.0787e+20
3738,-4.0824e+20
917,-4.091e+20
4236,-4.0911e+20
918,-4.0924e+20
3631,-4.0949e+20
919,-4.0993e+20
920,-4.103e+20
921,-4.1031e+20
4925,-4.1037e+20
922,-4.1142e+20
923,-4.1156e+20
3902,-4.1178e+20
924,-4.136e+20
925,-4.1367e+20
5416,-4.1371e+20
926,-4.1404e+20
927,-4.1406e+20
928,-4.1528e+20
929,-4.1543e+20
3582,-4.1626e+20
930,-4.1715e+20
931,-4.1721e+20
3308,-4.1814e+20
932,-4.1819e+20
3976,-4.1882e+20
933,-4.1905e+20
934,-4.1916e+20
2365,-4.1951e+20
935,-4.2023e+20
936,-4.204e+20
937,-4.2059e+20
5489,-4.2108e+20
938,-4.2134e+20
939,-4.2161e+20
940,-4.2165e+20
941,-4.2173e+20
5501,-4.2195e+20
2879,-4.2259e+20
942,-4.2344e+20
943,-4.236e+20
944,-4.2362e+20
945,-4.2371e+20
946,-4.2383e+20
947,-4.2398e+20
2526,-4.2399e+20
948,-4.2421e+20
4489,-4.2464e+20
949,-4.2495e+20
5089,-4.2678e+20
2750,-4.2699e+20
950,-4.2714e+20
5073,-4.2716e+20
2925,-4.2827e+20
951,-4.2922e+20
4749,-4.2935e+20
952,-4.2947e+20
5445,-4.2952e+20
953,-4.2963e+20
954,-4.3018e+20
955,-4.3035e+20
3207,-4.3107e+20
956,-4.3108e+20
4100,-4.3167e+20
2323,-4.3197e+20
957,-4.3229e+20
2597,-4.3247e+20
958,-4.3314e+20
959,-4.341e+20
960,-4.345e+20
961,-4.349e+20
962,-4.3559e+20
963,-4.3612e+20
3433,-4.3625e+20
2432,-4.364e+20
964,-4.3683e+20
965,-4.3725e+20
966,-4.3758e+20
967,-4.3839e+20
968,-4.3851e+20
969,-4.3891e+20
970,-4.3913e+20
971,-4.3939e+20
972,-4.3944e+20
973,-4.396e+20
974,-4.3966e+20
975,-4.3979e+20
976,-4.4015e+20
977,-4.4046e+20
5502,-4.406e+20
3782,-4.4143e+20
978,-4.4205e+20
979,-4.4234e+20
980,-4.4235e+20
981,-4.4238e+20
5487,-4.4271e+20
5407,-4.4318e+20
3637,-4.4455e+20
3585,-4.4475e+20
4708,-4.4511e+20
982,-4.4522e+20
983,-4.4541e+20
984,-4.4544e+20
985,-4.4565e+20
986,-4.4579e+20
4570,-4.4584e+20
987,-4.4613e+20
988,-4.4616e+20
989,-4.4617e+20
990,-4.4642e+20
991,-4.4677e+20
3854,-4.47e+20
992,-4.4705e+20
5100,-4.4724e+20
993,-4.473e+20
994,-4.474e+20
995,-4.4854e+20
996,-4.4918e+20
997,-4.4947e+20
998,-4.4987e+20
3431,-4.5054e+20
999,-4.5109e+20
1000,-4.5115e+20
1001,-4.5152e+20
4119,-4.5393e+20
1002,-4.5407e+20
1003,-4.5444e+20
2775,-4.5473e+20
1004,-4.5554e+20
2688,-4.5598e+20
1005,-4.5603e+20
1006,-4.569e+20
2747,-4.589e+20
1007,-4.5913e+20
1008,-4.5993e+20
3462,-4.5996e+20
1009,-4.609e+20
1010,-4.6101e+20
3975,-4.6171e+20
1011,-4.6226e+20
1012,-4.6232e+20
5367,-4.6325e+20
1013,-4.6436e+20
3350,-4.6479e+20
4104,-4.6529e+20
4993,-4.6545e+20
1014,-4.655e+20
4741,-4.6579e+20
1015,-4.6614e+20
3500,-4.6634e+20
4947,-4.6671e+20
3032,-4.6673e+20
1016,-4.6705e+20
1017,-4.6715e+20
2851,-4.6717e+20
4175,-4.6741e+20
1018,-4.6745e+20
1019,-4.6759e+20
2939,-4.6767e+20
1020,-4.6813e+20
2524,-4.6855e+20
1021,-4.6861e+20
1022,-4.6862e+20
4080,-4.6871e+20
4155,-4.7028e+20
5339,-4.7041e+20
1023,-4.7139e+20
1024,-4.7229e+20
1025,-4.729e+20
1026,-4.7305e+20
1027,-4.7329e+20
5043,-4.7333e+20
4802,-4.7505e+20
1028,-4.7579e+20
1029,-4.7585e+20
3941,-4.7601e+20
1030,-4.7608e+20
1031,-4.7634e+20
1032,-4.7669e+20
1033,-4.7793e+20
5300,-4.7798e+20
3230,-4.7809e+20
1034,-4.781e+20
1035,-4.7833e+20
4528,-4.7837e+20
1036,-4.7893e+20
1037,-4.7905e+20
1038,-4.7956e+20
5029,-4.7997e+20
1039,-4.8035e+20
1040,-4.8102e+20
4738,-4.8107e+20
1041,-4.8111e+20
5208,-4.8111e+20
1042,-4.8118e+20
1043,-4.8169e+20
4194,-4.819e+20
1044,-4.8213e+20
1045,-4.8224e+20
2804,-4.8278e+20
4980,-4.8292e+20
1046,-4.8391e+20
1047,-4.8438e+20
1048,-4.845e+20
3456,-4.845e+20
5144,-4.8464e+20
3683,-4.8517e+20
1049,-4.8597e+20
1050,-4.8642e+20
1051,-4.8656e+20
1052,-4.8686e+20
1053,-4.8729e+20
5277,-4.8743e+20
1054,-4.8754e+20
1055,-4.8806e+20
1056,-4.8864e+20
1057,-4.8909e+20
2311,-4.9e+20
2428,-4.9022e+20
1058,-4.9156e+20
1059,-4.9186e+20
1060,-4.9362e+20
1061,-4.9379e+20
1062,-4.9474e+20
1063,-4.9498e+20
1064,-4.9499e+20
4278,-4.9555e+20
1065,-4.9737e+20
1066,-4.9795e+20
1067,-4.9807e+20
1068,-4.9838e+20
4566,-4.9927e+20
2351,-4.9934e+20
1069,-4.9962e+20
1070,-4.9969e+20
1071,-5.0004e+20
1072,-5.0049e+20
1073,-5.0133e+20
1074,-5.019e+20
1075,-5.0212e+20
4267,-5.0228e+20
1076,-5.0269e+20
1077,-5.0339e+20
1078,-5.0398e+20
1079,-5.0537e+20
1080,-5.0579e+20
3188,-5.0592e+20
1081,-5.0678e+20
1082,-5.0681e+20
2654,-5.0791e+20
1083,-5.0817e+20
1084,-5.0821e+20
3356,-5.0836e+20
1085,-5.0868e+20
2676,-5.0905e+20
1086,-5.1057e+20
1087,-5.1222e+20
1088,-5.1229e+20
4867,-5.124e+20
1089,-5.128e+20
1090,-5.1283e+20
4370,-5.1292e+20
5308,-5.1299e+20
5319,-5.1365e+20
4687,-5.1427e+20
1091,-5.1459e+20
2280,-5.1555e+20
1092,-5.1577e+20
1093,-5.1644e+20
5415,-5.1654e+20
2257,-5.1823e+20
3275,-5.1828e+20
1094,-5.1892e+20
1095,-5.1893e+20
1096,-5.1914e+20
1097,-5.1949e+20
1098,-5.2002e+20
1099,-5.2025e+20
5112,-5.2099e+20
4508,-5.2173e+20
5595,-5.2234e+20
4143,-5.2257e+20
1100,-5.2325e+20
1101,-5.2491e+20
1102,-5.2501e+20
1103,-5.2589e+20
4976,-5.2739e+20
4771,-5.2744e+20
2640,-5.2806e+20
1104,-5.2822e+20
3822,-5.2841e+20
2346,-5.2992e+20
1105,-5.3041e+20
1106,-5.3045e+20
1107,-5.3103e+20
1108,-5.3147e+20
1109,-5.3213e+20
3274,-5.3229e+20
1110,-5.3274e+20
1111,-5.3398e+20
1112,-5.3403e+20
4402,-5.3421e+20
1113,-5.351e+20
1114,-5.3527e+20
1115,-5.3529e+20
1116,-5.353e+20
2448,-5.3563e+20
1117,-5.357e+20
1118,-5.3575e+20
4405,-5.3595e+20
1119,-5.3678e+20
1120,-5.3735e+20
1121,-5.3776e+20
1122,-5.3789e+20
1123,-5.3857e+20
3377,-5.3895e+20
1124,-5.3904e+20
1125,-5.3946e+20
1126,-5.4025e+20
1127,-5.4065e+20
5179,-5.4133e+20
1128,-5.415e+20
1129,-5.4204e+20
1130,-5.4267e+20
1131,-5.428e+20
1132,-5.4388e+20
1133,-5.4429e+20
1134,-5.4507e+20
1135,-5.4533e+20
1136,-5.4712e+20
1137,-5.4739e+20
1138,-5.4741e+20
5382,-5.4761e+20
1139,-5.4813e+20
3267,-5.4832e+20
1140,-5.4898e+20
3379,-5.4913e+20
1141,-5.4949e+20
1142,-5.4964e+20
1143,-5.4998e+20
2682,-5.5039e+20
2356,-5.5041e+20
1144,-5.5071e+20
3411,-5.515e+20
1145,-5.5177e+20
2886,-5.5187e+20
4484,-5.5201e+20
1146,-5.521e+20
1147,-5.5241e+20
2736,-5.5306e+20
1148,-5.5405e+20
2315,-5.5422e+20
3357,-5.5496e+20
1149,-5.554e+20
1150,-5.5565e+20
1151,-5.5586e+20
1152,-5.5684e+20
4051,-5.574e+20
1153,-5.5819e+20
1154,-5.5829e+20
4308,-5.5848e+20
2905,-5.5898e+20
1155,-5.6015e+20
4534,-5.6058e+20
1156,-5.6087e+20
1157,-5.6137e+20
4893,-5.6169e+20
3779,-5.6199e+20
1158,-5.6294e+20
1159,-5.6338e+20
1160,-5.6366e+20
1161,-5.6428e+20
5380,-5.6428e+20
1162,-5.6571e+20
1163,-5.6598e+20
1164,-5.6644e+20
1165,-5.6668e+20
4274,-5.667e+20
1166,-5.6679e+20
1167,-5.6686e+20
1168,-5.6701e+20
4614,-5.6714e+20
1169,-5.6798e+20
1170,-5.6829e+20
1171,-5.6911e+20
1172,-5.6913e+20
1173,-5.6941e+20
1174,-5.697e+20
1175,-5.7049e+20
1176,-5.7064e+20
2837,-5.7068e+20
3369,-5.7096e+20
1177,-5.7114e+20
3110,-5.7123e+20
4663,-5.7213e+20
4393,-5.723e+20
1178,-5.724e+20
1179,-5.7241e+20
1180,-5.7297e+20
1181,-5.7299e+20
1182,-5.7343e+20
4618,-5.7392e+20
1183,-5.7524e+20
4101,-5.7527e+20
3044,-5.7565e+20
1184,-5.7707e+20
5428,-5.7749e+20
1185,-5.7824e+20
1186,-5.7827e+20
5108,-5.7835e+20
1187,-5.7837e+20
4503,-5.7866e+20
1188,-5.7944e+20
1189,-5.796e+20
1190,-5.8117e+20
1191,-5.82e+20
1192,-5.8213e+20
1193,-5.8244e+20
1194,-5.8251e+20
1195,-5.8268e+20
1196,-5.83e+20
1197,-5.8353e+20
2683,-5.8373e+20
4722,-5.8546e+20
2486,-5.8554e+20
1198,-5.8747e+20
1199,-5.8753e+20
1200,-5.8815e+20
5425,-5.8851e+20
1201,-5.8868e+20
4513,-5.8973e+20
1202,-5.91e+20
1203,-5.9104e+20
1204,-5.9144e+20
4325,-5.9233e+20
1205,-5.9262e+20
1206,-5.9262e+20
1207,-5.9276e+20
2381,-5.9296e+20
1208,-5.9302e+20
1209,-5.9303e+20
1210,-5.9371e+20
1211,-5.9383e+20
4217,-5.9394e+20
1212,-5.9395e+20
1213,-5.94e+20
1214,-5.942e+20
5446,-5.9432e+20
4056,-5.9436e+20
4436,-5.9465e+20
1215,-5.9486e+20
4162,-5.956e+20
1216,-5.9623e+20
1217,-5.9651e+20
1218,-5.979e+20
1219,-5.9808e+20
1220,-5.9897e+20
3997,-5.9904e+20
1221,-5.9944e+20
1222,-5.9994e+20
1223,-6.0021e+20
4581,-6.0021e+20
1224,-6.0052e+20
2659,-6.0185e+20
1225,-6.0211e+20
1226,-6.0412e+20
1227,-6.0489e+20
1228,-6.0544e+20
1229,-6.0591e+20
1230,-6.066e+20
1231,-6.0692e+20
2847,-6.0708e+20
5253,-6.0713e+20
1232,-6.0743e+20
1233,-6.0785e+20
1234,-6.0818e+20
3330,-6.0855e+20
1235,-6.094e+20
4151,-6.0951e+20
2271,-6.0958e+20
1236,-6.097e+20
3652,-6.1035e+20
2505,-6.1103e+20
1237,-6.1122e+20
5123,-6.1129e+20
2260,-6.1149e+20
1238,-6.116e+20
4883,-6.1219e+20
4066,-6.128e+20
4139,-6.1295e+20
1239,-6.1317e+20
1240,-6.1505e+20
2618,-6.1506e+20
1241,-6.1601e+20
1242,-6.1641e+20
1243,-6.1681e+20
1244,-6.169e+20
1245,-6.1735e+20
1246,-6.1813e+20
1247,-6.1814e+20
1248,-6.1852e+20
1249,-6.1958e+20
1250,-6.2089e+20
5183,-6.2118e+20
1251,-6.2168e+20
1252,-6.2186e+20
1253,-6.2186e+20
1254,-6.2188e+20
1255,-6.2215e+20
5049,-6.222e+20
1256,-6.2233e+20
5363,-6.2298e+20
1257,-6.231e+20
1258,-6.2359e+20
1259,-6.2384e+20
1260,-6.2406e+20
1261,-6.2467e+20
3712,-6.2512e+20
3477,-6.2583e+20
1262,-6.2648e+20
4901,-6.2657e+20
1263,-6.2715e+20
1264,-6.2716e+20
1265,-6.278e+20
1266,-6.2819e+20
3879,-6.2903e+20
1267,-6.3363e+20
2846,-6.3403e+20
1268,-6.3444e+20
3455,-6.3449e+20
1269,-6.3455e+20
4320,-6.3514e+20
3665,-6.3515e+20
1270,-6.3573e+20
1271,-6.3609e+20
1272,-6.3658e+20
1273,-6.3791e+20
2572,-6.3833e+20
2722,-6.3856e+20
1274,-6.3887e+20
1275,-6.4031e+20
5124,-6.4052e+20
1276,-6.406e+20
3741,-6.4066e+20
1277,-6.4146e+20
1278,-6.4172e+20
1279,-6.4295e+20
1280,-6.4304e+20
1281,-6.431e+20
4047,-6.4345e+20
1282,-6.4372e+20
1283,-6.4473e+20
1284,-6.4524e+20
3080,-6.4525e+20
1285,-6.4545e+20
1286,-6.4614e+20
1287,-6.4687e+20
1288,-6.4702e+20
5570,-6.4755e+20
1289,-6.4765e+20
3885,-6.4896e+20
5527,-6.4933e+20
1290,-6.4981e+20
1291,-6.506e+20
1292,-6.5111e+20
1293,-6.5128e+20
1294,-6.5133e+20
1295,-6.5135e+20
3672,-6.5191e+20
1296,-6.521e+20
1297,-6.5279e+20
1298,-6.5329e+20
3701,-6.5388e+20
1299,-6.5399e+20
1300,-6.5423e+20
1301,-6.5447e+20
1302,-6.5516e+20
3024,-6.5607e+20
1303,-6.5652e+20
1304,-6.5685e+20
1305,-6.5708e+20
3732,-6.5764e+20
1306,-6.5796e+20
3710,-6.5798e+20
1307,-6.5825e+20
1308,-6.586e+20
4136,-6.5878e+20
1309,-6.5923e+20
1310,-6.6026e+20
2459,-6.6042e+20
1311,-6.6042e+20
1312,-6.608e+20
1313,-6.6156e+20
1314,-6.6256e+20
1315,-6.6257e+20
1316,-6.6306e+20
5465,-6.633e+20
1317,-6.6394e+20
3581,-6.6461e+20
1318,-6.649e+20
1319,-6.6653e+20
1320,-6.6702e+20
2412,-6.6723e+20
3746,-6.6727e+20
1321,-6.6731e+20
5374,-6.677e+20
1322,-6.678e+20
1323,-6.683e+20
1324,-6.688e+20
1325,-6.6933e+20
1326,-6.6954e+20
1327,-6.7072e+20
1328,-6.7076e+20
3282,-6.7142e+20
1329,-6.7162e+20
3010,-6.7241e+20
1330,-6.727e+20
3853,-6.7442e+20
5361,-6.7522e+20
1331,-6.7549e+20
3620,-6.7586e+20
1332,-6.76e+20
4809,-6.7603e+20
5137,-6.7608e+20
4882,-6.7653e+20
1333,-6.7681e+20
1334,-6.7697e+20
1335,-6.7714e+20
1336,-6.7731e+20
2970,-6.7766e+20
1337,-6.7801e+20
1338,-6.7859e+20
1339,-6.7937e+20
1340,-6.7947e+20
5468,-6.8018e+20
4239,-6.8037e+20
1341,-6.8065e+20
1342,-6.8114e+20
1343,-6.8288e+20
4266,-6.8325e+20
1344,-6.8398e+20
4403,-6.8406e+20
1345,-6.8415e+20
4315,-6.8429e+20
1346,-6.8486e+20
1347,-6.8527e+20
1348,-6.8554e+20
1349,-6.8608e+20
2330,-6.8766e+20
3684,-6.888e+20
1350,-6.8903e+20
1351,-6.8918e+20
1352,-6.8985e+20
1353,-6.902e+20
1354,-6.9056e+20
1355,-6.906e+20
1356,-6.9115e+20
1357,-6.92e+20
1358,-6.9223e+20
2291,-6.923e+20
4689,-6.9231e+20
4975,-6.9303e+20
3094,-6.9408e+20
1359,-6.9469e+20
1360,-6.9494e+20
1361,-6.9504e+20
1362,-6.9504e+20
1363,-6.9517e+20
1364,-6.9518e+20
3082,-6.9598e+20
1365,-6.9643e+20
1366,-6.9661e+20
5356,-6.9689e+20
1367,-6.9755e+20
5085,-6.9844e+20
1368,-6.9872e+20
4982,-6.9931e+20
2490,-7.0004e+20
1369,-7.0022e+20
1370,-7.006e+20
1371,-7.0088e+20
1372,-7.0112e+20
3949,-7.0169e+20
5198,-7.0175e+20
4434,-7.0208e+20
4223,-7.024e+20
1373,-7.024e+20
1374,-7.0261e+20
1375,-7.0306e+20
4157,-7.0313e+20
2319,-7.0376e+20
1376,-7.0459e+20
1377,-7.0533e+20
1378,-7.0549e+20
1379,-7.0576e+20
1380,-7.0598e+20
1381,-7.0687e+20
1382,-7.0826e+20
4173,-7.093e+20
1383,-7.0963e+20
4469,-7.1211e+20
1384,-7.1308e+20
1385,-7.1395e+20
3336,-7.1422e+20
1386,-7.1441e+20
1387,-7.147e+20
4063,-7.1508e+20
4611,-7.151e+20
3529,-7.1522e+20
1388,-7.1605e+20
1389,-7.1627e+20
1390,-7.1635e+20
2907,-7.1692e+20
5435,-7.1734e+20
1391,-7.2022e+20
4200,-7.2025e+20
3904,-7.2048e+20
1392,-7.2175e+20
1393,-7.2177e+20
4851,-7.2279e+20
2252,-7.2391e+20
2795,-7.2403e+20
5012,-7.2407e+20
4429,-7.2657e+20
2972,-7.2668e+20
1394,-7.2703e+20
1395,-7.274e+20
2662,-7.2788e+20
1396,-7.2872e+20
4161,-7.2895e+20
1397,-7.2918e+20
1398,-7.3008e+20
3833,-7.3047e+20
1399,-7.3059e+20
1400,-7.3098e+20
1401,-7.318e+20
1402,-7.3319e+20
1403,-7.333e+20
1404,-7.3363e+20
1405,-7.3693e+20
1406,-7.3706e+20
3523,-7.371e+20
1407,-7.3761e+20
1408,-7.3809e+20
4510,-7.3812e+20
1409,-7.3828e+20
1410,-7.3839e+20
4382,-7.3939e+20
5000,-7.4018e+20
1411,-7.4034e+20
5510,-7.4049e+20
1412,-7.408e+20
1413,-7.4104e+20
2923,-7.4171e+20
1414,-7.4229e+20
1415,-7.4412e+20
1416,-7.442e+20
4806,-7.4454e+20
1417,-7.4458e+20
1418,-7.455e+20
1419,-7.4609e+20
1420,-7.4645e+20
2454,-7.4648e+20
1421,-7.4664e+20
4462,-7.4678e+20
1422,-7.4722e+20
3123,-7.4734e+20
1423,-7.4827e+20
1424,-7.483e+20
1425,-7.4871e+20
1426,-7.4885e+20
1427,-7.4905e+20
1428,-7.4924e+20
1429,-7.4937e+20
1430,-7.4938e+20
1431,-7.4945e+20
1432,-7.5042e+20
1433,-7.5047e+20
1434,-7.5374e+20
1435,-7.5421e+20
1436,-7.5466e+20
1437,-7.5499e+20
3884,-7.5515e+20
1438,-7.5597e+20
5104,-7.5722e+20
3998,-7.5734e+20
1439,-7.5746e+20
1440,-7.5751e+20
1441,-7.5881e+20
1442,-7.6e+20
2856,-7.614e+20
1443,-7.6141e+20
1444,-7.6149e+20
2379,-7.6189e+20
2647,-7.6203e+20
5580,-7.6251e+20
5396,-7.6309e+20
4631,-7.6316e+20
1445,-7.6318e+20
1446,-7.6466e+20
1447,-7.6479e+20
1448,-7.6486e+20
1449,-7.6505e+20
1450,-7.6579e+20
1451,-7.6646e+20
4244,-7.6653e+20
1452,-7.6659e+20
3148,-7.6691e+20
1453,-7.6693e+20
2455,-7.6696e+20
1454,-7.6721e+20
1455,-7.6791e+20
5024,-7.6853e+20
1456,-7.69e+20
1457,-7.6972e+20
1458,-7.6976e+20
1459,-7.6985e+20
1460,-7.699e+20
1461,-7.7041e+20
1462,-7.7104e+20
1463,-7.7109e+20
1464,-7.715e+20
3870,-7.7159e+20
1465,-7.7161e+20
1466,-7.7168e+20
1467,-7.7241e+20
1468,-7.7299e+20
2988,-7.7339e+20
1469,-7.7379e+20
3125,-7.7552e+20
3887,-7.7678e+20
2525,-7.7699e+20
1470,-7.7711e+20
1471,-7.7826e+20
5325,-7.7868e+20
1472,-7.7938e+20
1473,-7.795e+20
3956,-7.7996e+20
1474,-7.8005e+20
1475,-7.8016e+20
1476,-7.8146e+20
4170,-7.8229e+20
3106,-7.8428e+20
1477,-7.8438e+20
1478,-7.8545e+20
4928,-7.8548e+20
1479,-7.8618e+20
1480,-7.8648e+20
4984,-7.8657e+20
1481,-7.8661e+20
1482,-7.8737e+20
1483,-7.875e+20
1484,-7.8758e+20
1485,-7.8821e+20
4358,-7.8834e+20
1486,-7.8837e+20
1487,-7.8873e+20
1488,-7.8906e+20
1489,-7.893e+20
1490,-7.8964e+20
1491,-7.8981e+20
1492,-7.9125e+20
2769,-7.9134e+20
3091,-7.9145e+20
4435,-7.9189e+20
4863,-7.9213e+20
4391,-7.9264e+20
1493,-7.9323e+20
3538,-7.934e+20
3009,-7.9372e+20
1494,-7.9484e+20
1495,-7.9528e+20
1496,-7.9542e+20
4905,-7.9666e+20
1497,-7.9681e+20
1498,-7.9748e+20
2962,-7.9829e+20
1499,-8.0013e+20
1500,-8.0074e+20
1501,-8.0137e+20
4881,-8.0146e+20
1502,-8.0159e+20
1503,-8.0184e+20
1504,-8.0186e+20
1505,-8.0262e+20
4596,-8.0295e+20
1506,-8.0297e+20
1507,-8.0297e+20
5033,-8.0437e+20
1508,-8.0438e+20
4105,-8.0563e+20
1509,-8.0612e+20
5591,-8.0636e+20
1510,-8.0654e+20
4615,-8.067e+20
2781,-8.074e+20
1511,-8.0814e+20
1512,-8.0847e+20
1513,-8.0916e+20
1514,-8.0933e+20
2827,-8.0969e+20
2449,-8.1031e+20
1515,-8.1111e+20
1516,-8.1168e+20
1517,-8.1255e+20
1518,-8.1274e+20
1519,-8.1371e+20
1520,-8.1419e+20
5586,-8.1622e+20
1521,-8.1645e+20
1522,-8.1705e+20
5562,-8.1713e+20
1523,-8.1818e+20
1524,-8.1859e+20
1525,-8.188e+20
1526,-8.1895e+20
1527,-8.1914e+20
1528,-8.1927e+20
4972,-8.1997e+20
5243,-8.2005e+20
4427,-8.2083e+20
1529,-8.2233e+20
3209,-8.2311e+20
1530,-8.2346e+20
1531,-8.2384e+20
2409,-8.2466e+20
1532,-8.2546e+20
1533,-8.2552e+20
1534,-8.2565e+20
2885,-8.2667e+20
1535,-8.2732e+20
1536,-8.2739e+20
5175,-8.2869e+20
1537,-8.287e+20
1538,-8.2955e+20
3671,-8.2963e+20
1539,-8.3038e+20
1540,-8.3039e+20
1541,-8.3063e+20
1542,-8.3067e+20
1543,-8.3073e+20
1544,-8.3104e+20
5044,-8.3156e+20
1545,-8.3175e+20
2407,-8.3231e+20
1546,-8.3234e+20
1547,-8.3243e+20
2910,-8.3263e+20
4664,-8.3278e+20
1548,-8.3313e+20
2332,-8.3318e+20
1549,-8.3326e+20
5047,-8.3367e+20
5027,-8.3387e+20
2728,-8.3411e+20
1550,-8.3513e+20
1551,-8.3542e+20
1552,-8.3546e+20
1553,-8.3583e+20
2637,-8.3852e+20
1554,-8.3854e+20
1555,-8.3898e+20
1556,-8.4039e+20
3008,-8.4061e+20
1557,-8.4068e+20
1558,-8.4078e+20
3814,-8.4134e+20
4871,-8.4191e+20
1559,-8.4203e+20
1560,-8.4209e+20
1561,-8.422e+20
1562,-8.4356e+20
1563,-8.4382e+20
2531,-8.4385e+20
1564,-8.4501e+20
5597,-8.4508e+20
1565,-8.4521e+20
4317,-8.4551e+20
1566,-8.4555e+20
1567,-8.4647e+20
1568,-8.4668e+20
1569,-8.4704e+20
4411,-8.472e+20
1570,-8.4827e+20
2258,-8.4841e+20
3877,-8.4844e+20
4553,-8.485e+20
1571,-8.4904e+20
1572,-8.4931e+20
4120,-8.4958e+20
1573,-8.5022e+20
4768,-8.5223e+20
1574,-8.5236e+20
4048,-8.5345e+20
1575,-8.5376e+20
1576,-8.5463e+20
1577,-8.5532e+20
1578,-8.5592e+20
3808,-8.5787e+20
1579,-8.5965e+20
1580,-8.6004e+20
1581,-8.6016e+20
1582,-8.6109e+20
1583,-8.6236e+20
3734,-8.6295e+20
1584,-8.6313e+20
1585,-8.633e+20
1586,-8.633e+20
2244,-8.6353e+20
1587,-8.6385e+20
3813,-8.642e+20
1588,-8.6472e+20
1589,-8.6504e+20
1590,-8.6512e+20
1591,-8.6537e+20
3979,-8.6544e+20
1592,-8.6611e+20
2878,-8.6722e+20
2262,-8.6743e+20
3430,-8.6746e+20
2995,-8.6776e+20
1593,-8.6818e+20
1594,-8.6981e+20
1595,-8.7105e+20
3417,-8.7153e+20
1596,-8.7215e+20
5236,-8.7264e+20
1597,-8.7274e+20
2322,-8.7285e+20
1598,-8.7287e+20
1599,-8.7457e+20
1600,-8.7476e+20
1601,-8.7538e+20
3825,-8.7557e+20
1602,-8.7773e+20
1603,-8.7848e+20
5149,-8.7872e+20
3388,-8.7875e+20
4096,-8.7977e+20
1604,-8.7982e+20
1605,-8.8111e+20
5039,-8.8243e+20
1606,-8.8249e+20
1607,-8.829e+20
3961,-8.8457e+20
1608,-8.8491e+20
3198,-8.8563e+20
1609,-8.8574e+20
1610,-8.8618e+20
2537,-8.866e+20
1611,-8.8687e+20
1612,-8.8758e+20
1613,-8.8907e+20
3119,-8.8947e+20
3211,-8.8996e+20
1614,-8.9182e+20
1615,-8.9216e+20
1616,-8.9251e+20
2821,-8.9252e+20
4751,-8.9253e+20
1617,-8.9279e+20
1618,-8.9301e+20
1619,-8.9352e+20
2415,-8.9401e+20
3876,-8.9462e+20
3747,-8.9572e+20
1620,-8.9585e+20
1621,-8.9593e+20
1622,-8.9668e+20
1623,-8.9719e+20
1624,-8.9799e+20
1625,-8.9852e+20
4211,-8.9854e+20
1626,-8.9889e+20
1627,-8.9907e+20
1628,-8.9911e+20
1629,-8.9923e+20
3504,-8.9923e+20
1630,-8.993e+20
1631,-8.9954e+20
2644,-9.002e+20
5350,-9.0022e+20
1632,-9.0122e+20
1633,-9.0197e+20
5497,-9.0287e+20
5257,-9.0289e+20
2839,-9.0306e+20
1634,-9.0467e+20
4522,-9.0516e+20
1635,-9.0534e+20
1636,-9.0771e+20
5245,-9.0823e+20
1637,-9.0831e+20
1638,-9.0872e+20
1639,-9.0906e+20
3293,-9.0946e+20
1640,-9.0948e+20
1641,-9.1062e+20
5168,-9.1079e+20
1642,-9.1114e+20
5581,-9.1152e+20
1643,-9.1213e+20
1644,-9.1263e+20
1645,-9.1346e+20
1646,-9.1371e+20
1647,-9.1375e+20
1648,-9.1419e+20
4227,-9.1481e+20
4595,-9.1516e+20
1649,-9.1728e+20
1650,-9.1777e+20
1651,-9.1824e+20
3965,-9.1872e+20
1652,-9.1936e+20
1653,-9.2071e+20
1654,-9.2119e+20
1655,-9.2131e+20
1656,-9.2196e+20
1657,-9.2227e+20
1658,-9.2232e+20
1659,-9.227e+20
5142,-9.2286e+20
1660,-9.229e+20
1661,-9.251e+20
1662,-9.2629e+20
1663,-9.266e+20
3393,-9.2777e+20
1664,-9.2807e+20
1665,-9.2854e+20
1666,-9.2879e+20
2982,-9.2906e+20
1667,-9.297e+20
2416,-9.3054e+20
5076,-9.3059e+20
1668,-9.307e+20
1669,-9.3103e+20
3144,-9.3127e+20
1670,-9.3132e+20
1671,-9.3226e+20
1672,-9.3322e+20
3039,-9.3347e+20
1673,-9.3435e+20
1674,-9.3501e+20
1675,-9.3551e+20
1676,-9.3665e+20
1677,-9.3801e+20
1678,-9.3848e+20
1679,-9.3887e+20
1680,-9.3898e+20
1681,-9.3912e+20
1682,-9.3912e+20
4718,-9.3939e+20
5517,-9.3972e+20
1683,-9.3997e+20
2270,-9.4e+20
2298,-9.4045e+20
1684,-9.4087e+20
1685,-9.4201e+20
1686,-9.4343e+20
4956,-9.4373e+20
1687,-9.442e+20
3766,-9.4493e+20
1688,-9.4537e+20
1689,-9.4556e+20
1690,-9.4604e+20
5071,-9.4605e+20
4780,-9.4634e+20
4954,-9.4666e+20
1691,-9.469e+20
1692,-9.4694e+20
1693,-9.4697e+20
1694,-9.4698e+20
1695,-9.4727e+20
1696,-9.4999e+20
5417,-9.5191e+20
5051,-9.5254e+20
1697,-9.5289e+20
1698,-9.5427e+20
1699,-9.5432e+20
4342,-9.5448e+20
2665,-9.5487e+20
1700,-9.5492e+20
1701,-9.5549e+20
5524,-9.5616e+20
2976,-9.5817e+20
1702,-9.5935e+20
1703,-9.5935e+20
1704,-9.5952e+20
5232,-9.5963e+20
1705,-9.6005e+20
1706,-9.6062e+20
1707,-9.6157e+20
1708,-9.6218e+20
2422,-9.6347e+20
1709,-9.6388e+20
1710,-9.6394e+20
1711,-9.6447e+20
3773,-9.6455e+20
1712,-9.6558e+20
1713,-9.6593e+20
1714,-9.6599e+20
4740,-9.689e+20
2533,-9.6914e+20
2841,-9.6973e+20
1715,-9.6976e+20
1716,-9.699e+20
2946,-9.7037e+20
3115,-9.7037e+20
3850,-9.7056e+20
1717,-9.707e+20
1718,-9.7079e+20
1719,-9.7168e+20
2506,-9.7213e+20
1720,-9.7252e+20
1721,-9.7291e+20
1722,-9.7324e+20
3392,-9.7336e+20
1723,-9.7409e+20
1724,-9.7493e+20
3539,-9.7508e+20
1725,-9.7599e+20
4620,-9.7656e+20
1726,-9.7839e+20
1727,-9.7946e+20
1728,-9.7983e+20
1729,-9.8013e+20
1730,-9.8013e+20
1731,-9.8035e+20
1732,-9.806e+20
5507,-9.8129e+20
1733,-9.8409e+20
1734,-9.845e+20
3061,-9.8554e+20
1735,-9.8588e+20
1736,-9.8733e+20
1737,-9.8751e+20
1738,-9.8752e+20
1739,-9.8759e+20
3137,-9.8804e+20
1740,-9.8882e+20
1741,-9.8903e+20
1742,-9.8975e+20
1743,-9.9036e+20
1744,-9.908e+20
1745,-9.9122e+20
1746,-9.9193e+20
1747,-9.9294e+20
1748,-9.9391e+20
1749,-9.942e+20
1750,-9.947e+20
4164,-9.947e+20
5032,-9.9613e+20
1751,-9.9623e+20
3404,-9.9666e+20
1752,-9.9707e+20
1753,-9.9804e+20
4788,-9.9857e+20
1754,-9.9904e+20
1755,-9.9936e+20
1756,-1e+21
1757,-1.0001e+21
5097,-1.0011e+21
1758,-1.0016e+21
1759,-1.0021e+21
1760,-1.0028e+21
2711,-1.0028e+21
1761,-1.0035e+21
1762,-1.0038e+21
1763,-1.0041e+21
1764,-1.0043e+21
1765,-1.0044e+21
2600,-1.0048e+21
1766,-1.0062e+21
3727,-1.0069e+21
1767,-1.007e+21
3105,-1.0076e+21
1768,-1.0077e+21
1769,-1.0078e+21
1770,-1.0079e+21
1771,-1.0081e+21
1772,-1.0093e+21
2908,-1.0094e+21
1773,-1.0102e+21
5248,-1.0105e+21
1774,-1.0105e+21
1775,-1.0119e+21
3053,-1.013e+21
1776,-1.0133e+21
3329,-1.0144e+21
1777,-1.0147e+21
3909,-1.0148e+21
1778,-1.0149e+21
1779,-1.0154e+21
4038,-1.0171e+21
5365,-1.0185e+21
1780,-1.0198e+21
1781,-1.0201e+21
1782,-1.0207e+21
1783,-1.021e+21
1784,-1.0216e+21
1785,-1.022e+21
1786,-1.0221e+21
3340,-1.0222e+21
1787,-1.0235e+21
1788,-1.0244e+21
1789,-1.0254e+21
1790,-1.0262e+21
1791,-1.0262e+21
1792,-1.0269e+21
1793,-1.0271e+21
1794,-1.0271e+21
1795,-1.0276e+21
2721,-1.0277e+21
5362,-1.028e+21
1796,-1.0291e+21
1797,-1.0292e+21
1798,-1.0292e+21
1799,-1.0295e+21
1800,-1.0296e+21
1801,-1.0301e+21
1802,-1.0311e+21
5286,-1.0312e+21
1803,-1.0326e+21
1804,-1.0327e+21
1805,-1.0329e+21
1806,-1.0347e+21
3735,-1.0355e+21
1807,-1.0367e+21
1808,-1.0372e+21
3413,-1.0372e+21
2441,-1.0374e+21
1809,-1.0379e+21
1810,-1.0394e+21
4616,-1.0398e+21
1811,-1.0399e+21
1812,-1.04e+21
1813,-1.0407e+21
1814,-1.0417e+21
1815,-1.0421e+21
1816,-1.0434e+21
1817,-1.0437e+21
1818,-1.0441e+21
1819,-1.0464e+21
1820,-1.0466e+21
3499,-1.0477e+21
4132,-1.0489e+21
1821,-1.049e+21
1822,-1.0492e+21
1823,-1.0492e+21
4328,-1.0504e+21
1824,-1.0509e+21
1825,-1.0511e+21
5592,-1.0517e+21
4323,-1.0533e+21
1826,-1.0534e+21
1827,-1.0543e+21
1828,-1.0546e+21
1829,-1.0561e+21
1830,-1.0563e+21
1831,-1.0564e+21
1832,-1.0572e+21
5485,-1.0575e+21
1833,-1.0594e+21
1834,-1.0605e+21
1835,-1.0615e+21
1836,-1.0618e+21
3720,-1.0621e+21
1837,-1.0624e+21
1838,-1.0628e+21
1839,-1.0631e+21
1840,-1.0633e+21
5516,-1.0639e+21
1841,-1.064e+21
3928,-1.0642e+21
5122,-1.0655e+21
1842,-1.0665e+21
1843,-1.0667e+21
1844,-1.0669e+21
5542,-1.0682e+21
4026,-1.069e+21
1845,-1.0711e+21
2812,-1.0717e+21
1846,-1.0723e+21
1847,-1.0732e+21
1848,-1.0735e+21
1849,-1.074e+21
2343,-1.0744e+21
3224,-1.0754e+21
1850,-1.0767e+21
5334,-1.0773e+21
1851,-1.0776e+21
1852,-1.078e+21
2413,-1.0781e+21
2746,-1.0787e+21
1853,-1.0788e+21
1854,-1.0794e+21
1855,-1.0794e+21
4401,-1.0797e+21
2403,-1.0798e+21
1856,-1.0798e+21
3222,-1.0807e+21
3967,-1.0808e+21
1857,-1.081e+21
3905,-1.0814e+21
1858,-1.0838e+21
5083,-1.0838e+21
3305,-1.0843e+21
1859,-1.0847e+21
2541,-1.085e+21
1860,-1.085e+21
1861,-1.0866e+21
4904,-1.0866e+21
1862,-1.0897e+21
1863,-1.0899e+21
3945,-1.0902e+21
1864,-1.0906e+21
1865,-1.0926e+21
1866,-1.0936e+21
1867,-1.0952e+21
3445,-1.0954e+21
1868,-1.0961e+21
1869,-1.0969e+21
4491,-1.0973e+21
1870,-1.0974e+21
1871,-1.0976e+21
3239,-1.0983e+21
4413,-1.0984e+21
5329,-1.0985e+21
4728,-1.0987e+21
1872,-1.0999e+21
1873,-1.1002e+21
5113,-1.1015e+21
3466,-1.102e+21
3238,-1.1028e+21
1874,-1.1028e+21
1875,-1.1049e+21
2259,-1.1053e+21
1876,-1.108e+21
1877,-1.1083e+21
1878,-1.1092e+21
4146,-1.111e+21
1879,-1.1111e+21
1880,-1.1114e+21
1881,-1.1123e+21
4344,-1.1127e+21
5225,-1.1129e+21
1882,-1.113e+21
2738,-1.1131e+21
5291,-1.1132e+21
1883,-1.1133e+21
4338,-1.1135e+21
3963,-1.1139e+21
1884,-1.1149e+21
1885,-1.115e+21
3611,-1.1152e+21
3778,-1.1158e+21
1886,-1.1159e+21
1887,-1.1163e+21
1888,-1.117e+21
1889,-1.1176e+21
1890,-1.1177e+21
1891,-1.1182e+21
1892,-1.1188e+21
4884,-1.1199e+21
4610,-1.1212e+21
1893,-1.1213e+21
4350,-1.1214e+21
5003,-1.1217e+21
3697,-1.1221e+21
1894,-1.1228e+21
1895,-1.1239e+21
4115,-1.1262e+21
1896,-1.1276e+21
5095,-1.1283e+21
2372,-1.1294e+21
1897,-1.1302e+21
3059,-1.1305e+21
1898,-1.1318e+21
1899,-1.1322e+21
1900,-1.1347e+21
5272,-1.1349e+21
1901,-1.1359e+21
1902,-1.1362e+21
1903,-1.1364e+21
1904,-1.1364e+21
1905,-1.1372e+21
2911,-1.1374e+21
1906,-1.1374e+21
1907,-1.1378e+21
1908,-1.139e+21
1909,-1.1395e+21
4254,-1.1401e+21
3717,-1.1405e+21
4298,-1.1411e+21
1910,-1.1412e+21
1911,-1.1415e+21
1912,-1.1432e+21
1913,-1.1433e+21
4089,-1.1434e+21
1914,-1.1445e+21
1915,-1.1448e+21
1916,-1.1449e+21
1917,-1.1452e+21
1918,-1.1456e+21
1919,-1.1459e+21
1920,-1.146e+21
5150,-1.1466e+21
2419,-1.1466e+21
1921,-1.1468e+21
1922,-1.1478e+21
1923,-1.148e+21
1924,-1.1489e+21
2888,-1.1497e+21
1925,-1.1501e+21
4082,-1.1505e+21
3485,-1.1506e+21
1926,-1.1507e+21
3674,-1.1511e+21
3916,-1.1527e+21
2670,-1.1539e+21
1927,-1.154e+21
1928,-1.154e+21
2444,-1.154e+21
1929,-1.1541e+21
1930,-1.1542e+21
1931,-1.1546e+21
1932,-1.1553e+21
4071,-1.1553e+21
1933,-1.1559e+21
3071,-1.1569e+21
2352,-1.1571e+21
1934,-1.1592e+21
1935,-1.1594e+21
1936,-1.1598e+21
1937,-1.16e+21
1938,-1.16e+21
1939,-1.1611e+21
3678,-1.1616e+21
1940,-1.1635e+21
1941,-1.1641e+21
1942,-1.1647e+21
1943,-1.1655e+21
1944,-1.1658e+21
1945,-1.1662e+21
1946,-1.167e+21
5578,-1.1676e+21
4646,-1.1699e+21
1947,-1.1709e+21
1948,-1.1714e+21
1949,-1.1721e+21
1950,-1.1723e+21
1951,-1.1731e+21
2927,-1.1736e+21
1952,-1.1738e+21
3919,-1.1741e+21
1953,-1.1761e+21
1954,-1.1763e+21
1955,-1.1773e+21
3326,-1.1774e+21
1956,-1.1774e+21
1957,-1.1779e+21
1958,-1.1785e+21
1959,-1.1788e+21
4103,-1.1803e+21
1960,-1.1804e+21
1961,-1.1806e+21
1962,-1.1812e+21
5509,-1.1813e+21
3703,-1.1821e+21
4059,-1.1823e+21
1963,-1.1827e+21
1964,-1.183e+21
1965,-1.1835e+21
1966,-1.1841e+21
1967,-1.1842e+21
1968,-1.1847e+21
5515,-1.1854e+21
1969,-1.1854e+21
1970,-1.186e+21
1971,-1.1875e+21
1972,-1.1883e+21
4695,-1.1893e+21
1973,-1.1895e+21
3713,-1.1896e+21
1974,-1.1899e+21
1975,-1.1902e+21
5171,-1.1903e+21
1976,-1.1905e+21
4762,-1.1906e+21
1977,-1.1924e+21
1978,-1.1925e+21
1979,-1.1928e+21
4514,-1.1928e+21
2581,-1.1929e+21
1980,-1.1929e+21
1981,-1.1933e+21
1982,-1.194e+21
4381,-1.1944e+21
1983,-1.1945e+21
1984,-1.1954e+21
4585,-1.196e+21
1985,-1.1968e+21
3345,-1.1978e+21
4310,-1.1978e+21
1986,-1.1982e+21
3437,-1.199e+21
4473,-1.1993e+21
1987,-1.201e+21
1988,-1.2037e+21
1989,-1.2046e+21
1990,-1.2048e+21
3797,-1.2055e+21
1991,-1.2067e+21
4461,-1.2076e+21
1992,-1.2079e+21
1993,-1.2084e+21
5014,-1.209e+21
1994,-1.2094e+21
1995,-1.2098e+21
1996,-1.2099e+21
4657,-1.2102e+21
2571,-1.2105e+21
1997,-1.212e+21
1998,-1.2126e+21
5495,-1.2135e+21
1999,-1.214e+21
3596,-1.2141e+21
4834,-1.2151e+21
4739,-1.2162e+21
2000,-1.2165e+21
2001,-1.2166e+21
4464,-1.2169e+21
4996,-1.2171e+21
2002,-1.2178e+21
2003,-1.2185e+21
2004,-1.2215e+21
5010,-1.2217e+21
2005,-1.2219e+21
2006,-1.2222e+21
2007,-1.2234e+21
2008,-1.2245e+21
2009,-1.2246e+21
2010,-1.2251e+21
5094,-1.2251e+21
2776,-1.2251e+21
2011,-1.2259e+21
2012,-1.226e+21
2013,-1.2295e+21
3496,-1.2304e+21
2014,-1.2305e+21
2015,-1.2318e+21
2016,-1.2323e+21
2017,-1.2331e+21
2018,-1.2338e+21
2019,-1.234e+21
2020,-1.2348e+21
2021,-1.2348e+21
4260,-1.2352e+21
4878,-1.2358e+21
2022,-1.2362e+21
2023,-1.2363e+21
2024,-1.2387e+21
5133,-1.2387e+21
3332,-1.239e+21
4998,-1.2397e+21
2025,-1.2416e+21
2026,-1.2426e+21
2027,-1.2447e+21
2028,-1.2452e+21
2029,-1.2452e+21
2030,-1.2453e+21
2031,-1.2455e+21
2032,-1.2455e+21
2033,-1.2455e+21
2034,-1.2456e+21
5197,-1.2462e+21
2035,-1.2473e+21
2036,-1.2476e+21
2037,-1.2478e+21
4172,-1.2485e+21
2038,-1.2489e+21
2626,-1.2497e+21
5151,-1.2502e+21
2039,-1.2505e+21
2359,-1.2507e+21
2040,-1.2512e+21
2041,-1.2517e+21
2042,-1.252e+21
5155,-1.2524e+21
2043,-1.2528e+21
2044,-1.2536e+21
3688,-1.2538e+21
2045,-1.2546e+21
2046,-1.2553e+21
4265,-1.2555e+21
2047,-1.2568e+21
5059,-1.257e+21
3836,-1.2577e+21
2727,-1.2596e+21
2048,-1.2599e+21
4301,-1.2599e+21
2049,-1.26e+21
2050,-1.2604e+21
3709,-1.2605e+21
2051,-1.2606e+21
4075,-1.2607e+21
2052,-1.2612e+21
5299,-1.2621e+21
2053,-1.2624e+21
2054,-1.2637e+21
2055,-1.2644e+21
2056,-1.2646e+21
2057,-1.2647e+21
2058,-1.2648e+21
4887,-1.2661e+21
3246,-1.2661e+21
2059,-1.267e+21
2060,-1.2671e+21
3792,-1.2675e+21
2061,-1.2683e+21
2062,-1.2693e+21
2063,-1.2693e+21
2064,-1.2695e+21
2418,-1.2696e+21
2065,-1.2704e+21
2066,-1.2715e+21
4983,-1.2722e+21
3489,-1.2727e+21
2067,-1.2733e+21
2068,-1.2735e+21
3795,-1.2745e+21
2069,-1.2755e+21
2070,-1.2765e+21
4690,-1.2771e+21
2071,-1.2774e+21
2072,-1.2777e+21
2073,-1.28e+21
2279,-1.2805e+21
2074,-1.281e+21
2075,-1.2816e+21
2076,-1.2822e+21
3702,-1.283e+21
2077,-1.2835e+21
2078,-1.2844e+21
2079,-1.2852e+21
3419,-1.2862e+21
2080,-1.2863e+21
2081,-1.2866e+21
2082,-1.2867e+21
2083,-1.2871e+21
2084,-1.2871e+21
4542,-1.2873e+21
2085,-1.2874e+21
2086,-1.2876e+21
4255,-1.2879e+21
2087,-1.2886e+21
2088,-1.2889e+21
2089,-1.2893e+21
2090,-1.2897e+21
2091,-1.2906e+21
3806,-1.2907e+21
2092,-1.291e+21
2093,-1.291e+21
2094,-1.292e+21
2095,-1.2924e+21
2096,-1.2925e+21
3508,-1.2931e+21
2097,-1.2936e+21
2098,-1.2943e+21
4654,-1.2957e+21
2099,-1.296e+21
2100,-1.2965e+21
4517,-1.2971e+21
3359,-1.2972e+21
3521,-1.2973e+21
2101,-1.2977e+21
2102,-1.298e+21
4859,-1.2983e+21
4521,-1.2989e+21
2103,-1.2993e+21
2104,-1.2999e+21
2105,-1.3016e+21
4853,-1.3017e+21
2106,-1.3019e+21
2107,-1.3032e+21
2942,-1.3039e+21
2108,-1.3044e+21
2109,-1.3057e+21
2110,-1.3064e+21
2111,-1.3069e+21
2112,-1.309e+21
2113,-1.3106e+21
2446,-1.3108e+21
3124,-1.3117e+21
2114,-1.314e+21
3693,-1.3148e+21
4017,-1.3154e+21
2115,-1.3156e+21
2116,-1.3156e+21
2117,-1.3166e+21
2118,-1.3188e+21
5437,-1.3189e+21
2502,-1.3191e+21
2119,-1.3197e+21
2120,-1.32e+21
2121,-1.3214e+21
2122,-1.3253e+21
2123,-1.326e+21
3848,-1.3266e+21
2124,-1.3266e+21
5317,-1.3269e+21
3658,-1.327e+21
2125,-1.3284e+21
3380,-1.3289e+21
2314,-1.3293e+21
2126,-1.3305e+21
2127,-1.3315e+21
2128,-1.3323e+21
2129,-1.3328e+21
2130,-1.3336e+21
2131,-1.3349e+21
2132,-1.3353e+21
2133,-1.3354e+21
2134,-1.3356e+21
2135,-1.3376e+21
2136,-1.3385e+21
3917,-1.3394e+21
2919,-1.3409e+21
2137,-1.3414e+21
3922,-1.3422e+21
5215,-1.3448e+21
2138,-1.3449e+21
5439,-1.3452e+21
2139,-1.3457e+21
2140,-1.3458e+21
3754,-1.3463e+21
3893,-1.3467e+21
3938,-1.3474e+21
2141,-1.3478e+21
2142,-1.3479e+21
3501,-1.3485e+21
2143,-1.3492e+21
2144,-1.3494e+21
2145,-1.3495e+21
2726,-1.3504e+21
2532,-1.3509e+21
2730,-1.3509e+21
5548,-1.351e+21
2146,-1.3516e+21
2147,-1.3534e+21
2595,-1.3536e+21
2148,-1.3547e+21
2149,-1.3556e+21
2150,-1.3569e+21
2151,-1.3576e+21
2152,-1.3579e+21
2153,-1.3581e+21
2154,-1.3588e+21
2155,-1.3592e+21
2156,-1.3596e+21
2929,-1.3603e+21
2157,-1.3609e+21
2158,-1.3619e+21
2159,-1.3624e+21
3989,-1.363e+21
2160,-1.3631e+21
2161,-1.3633e+21
5200,-1.3639e+21
2162,-1.3639e+21
2163,-1.3653e+21
2164,-1.3656e+21
4494,-1.3663e+21
2706,-1.3667e+21
2165,-1.3673e+21
2651,-1.3677e+21
2166,-1.3677e+21
4019,-1.3689e+21
2933,-1.3689e+21
2167,-1.3691e+21
2168,-1.3693e+21
2169,-1.3694e+21
2170,-1.3696e+21
2171,-1.3703e+21
5563,-1.3705e+21
2172,-1.3708e+21
3964,-1.3711e+21
2173,-1.3717e+21
4148,-1.3723e+21
5486,-1.3726e+21
2174,-1.3729e+21
2175,-1.3731e+21
4002,-1.3737e+21
3535,-1.3738e+21
2621,-1.374e+21
2176,-1.3747e+21
2177,-1.3747e+21
2178,-1.3755e+21
2179,-1.3767e+21
2180,-1.3772e+21
2181,-1.3773e+21
2182,-1.3785e+21
3929,-1.3794e+21
2183,-1.3799e+21
2184,-1.3801e+21
2185,-1.3814e+21
2186,-1.3819e+21
4238,-1.382e+21
2187,-1.3821e+21
2188,-1.3821e+21
2189,-1.3821e+21
2190,-1.383e+21
2191,-1.3836e+21
2192,-1.3838e+21
2193,-1.3846e+21
2194,-1.3847e+21
2195,-1.3849e+21
5473,-1.3859e+21
5346,-1.3865e+21
2196,-1.3873e+21
2197,-1.3876e+21
2198,-1.389e+21
4352,-1.3893e+21
5128,-1.3897e+21
4953,-1.3899e+21
2199,-1.39e+21
2200,-1.3917e+21
2201,-1.3918e+21
2202,-1.3923e+21
2203,-1.3928e+21
5281,-1.3949e+21
2204,-1.3956e+21
2205,-1.3969e+21
2206,-1.3971e+21
2207,-1.3976e+21
2208,-1.398e+21
3167,-1.3986e+21
2209,-1.3987e+21
2210,-1.3991e+21
2211,-1.3996e+21
2212,-1.4004e+21
2213,-1.4009e+21
2214,-1.4013e+21
2215,-1.404e+21
2216,-1.4043e+21
2217,-1.4053e+21
5519,-1.4061e+21
5019,-1.4064e+21
2218,-1.4069e+21
2219,-1.4075e+21
2426,-1.4076e+21
3352,-1.4082e+21
2220,-1.4095e+21
2221,-1.41e+21
4412,-1.4101e+21
3800,-1.4103e+21
5163,-1.4106e+21
5296,-1.4114e+21
2222,-1.4127e+21
2223,-1.413e+21
5065,-1.4134e+21
2224,-1.4135e+21
2225,-1.4142e+21
2226,-1.4143e+21
2227,-1.4144e+21
2228,-1.4159e+21
2483,-1.4162e+21
2229,-1.4167e+21
2230,-1.4168e+21
5345,-1.418e+21
2231,-1.4182e+21
2232,-1.4184e+21
2233,-1.4193e+21
2234,-1.421e+21
2574,-1.4212e+21
2235,-1.4213e+21
2302,-1.4213e+21
2236,-1.4227e+21
2237,-1.4229e+21
4743,-1.423e+21
2238,-1.4235e+21
5368,-1.4255e+21
2239,-1.4268e+21
2240,-1.4271e+21
3153,-1.4272e+21
2404,-1.4277e+21
2264,-1.4291e+21
4675,-1.4298e+21
4790,-1.4325e+21
2396,-1.4366e+21
3807,-1.4389e+21
2336,-1.4431e+21
4477,-1.4432e+21
4671,-1.444e+21
3075,-1.4441e+21
4811,-1.4454e+21
4868,-1.4476e+21
2553,-1.4478e+21
2899,-1.4496e+21
2936,-1.4505e+21
2350,-1.4527e+21
4294,-1.4538e+21
3304,-1.4555e+21
4907,-1.4556e+21
4764,-1.4559e+21
5217,-1.4568e+21
5152,-1.4585e+21
2242,-1.4587e+21
2408,-1.4598e+21
5270,-1.4599e+21
3915,-1.4609e+21
3468,-1.4609e+21
5572,-1.4614e+21
5111,-1.4664e+21
4379,-1.4684e+21
3638,-1.4686e+21
2828,-1.4704e+21
2564,-1.4717e+21
3584,-1.4724e+21
2522,-1.4728e+21
4184,-1.4758e+21
2475,-1.4764e+21
3724,-1.4766e+21
3568,-1.478e+21
4215,-1.4782e+21
3341,-1.481e+21
4825,-1.4822e+21
4346,-1.4836e+21
4946,-1.4872e+21
2861,-1.488e+21
3109,-1.4905e+21
4408,-1.493e+21
2771,-1.4935e+21
3590,-1.4963e+21
3045,-1.4965e+21
2341,-1.497e+21
5384,-1.4972e+21
2735,-1.4984e+21
2458,-1.4999e+21
3576,-1.5012e+21
5267,-1.5025e+21
3515,-1.5038e+21
2862,-1.5042e+21
4302,-1.5061e+21
3787,-1.5069e+21
3331,-1.5096e+21
4443,-1.5097e+21
5069,-1.5125e+21
4112,-1.516e+21
4626,-1.5194e+21
3170,-1.5195e+21
4009,-1.5215e+21
2913,-1.5225e+21
5264,-1.5229e+21
5241,-1.5238e+21
3561,-1.5247e+21
2499,-1.5258e+21
3001,-1.5266e+21
4529,-1.5277e+21
2951,-1.528e+21
4752,-1.5284e+21
3563,-1.5287e+21
2265,-1.5289e+21
3681,-1.529e+21
5589,-1.5349e+21
4306,-1.5349e+21
2515,-1.5353e+21
4249,-1.5362e+21
4495,-1.5376e+21
4891,-1.5381e+21
4285,-1.539e+21
4179,-1.5401e+21
3514,-1.5401e+21
2787,-1.5413e+21
3175,-1.5418e+21
3288,-1.544e+21
3587,-1.5445e+21
4945,-1.5456e+21
4216,-1.5464e+21
4058,-1.5528e+21
4579,-1.5529e+21
5009,-1.5543e+21
5413,-1.555e+21
4481,-1.5552e+21
4897,-1.5553e+21
5483,-1.5556e+21
4684,-1.556e+21
2890,-1.5594e+21
3399,-1.5605e+21
2371,-1.5627e+21
5304,-1.5648e+21
5452,-1.5665e+21
4074,-1.568e+21
3179,-1.5681e+21
3294,-1.5711e+21
5306,-1.5714e+21
5090,-1.5724e+21
4251,-1.5791e+21
3306,-1.5796e+21
2853,-1.5801e+21
2840,-1.5808e+21
3495,-1.5821e+21
5075,-1.585e+21
4659,-1.5854e+21
4921,-1.5886e+21
2310,-1.5887e+21
2762,-1.5891e+21
2877,-1.5891e+21
2301,-1.5891e+21
2819,-1.5909e+21
3498,-1.5916e+21
3068,-1.5932e+21
2815,-1.5942e+21
3347,-1.5968e+21
5312,-1.5969e+21
5499,-1.5978e+21
3016,-1.6009e+21
3491,-1.6014e+21
4240,-1.6014e+21
5564,-1.6031e+21
5561,-1.6044e+21
4726,-1.6056e+21
4842,-1.606e+21
4791,-1.6065e+21
4410,-1.6079e+21
3439,-1.6109e+21
4020,-1.6114e+21
3586,-1.612e+21
2645,-1.614e+21
2566,-1.6142e+21
3272,-1.6144e+21
4300,-1.6161e+21
4819,-1.6211e+21
2611,-1.6213e+21
5484,-1.6223e+21
4204,-1.6231e+21
3770,-1.6232e+21
3298,-1.6247e+21
4311,-1.6251e+21
3668,-1.6262e+21
3531,-1.6288e+21
5556,-1.6292e+21
4622,-1.6297e+21
3900,-1.6302e+21
2975,-1.6332e+21
3060,-1.6348e+21
3254,-1.635e+21
5326,-1.6358e+21
2477,-1.6398e+21
5467,-1.6404e+21
2567,-1.644e+21
5434,-1.6442e+21
4245,-1.6442e+21
5412,-1.6447e+21
5251,-1.6469e+21
3012,-1.6472e+21
3426,-1.6484e+21
5490,-1.6498e+21
3657,-1.6505e+21
4133,-1.6506e+21
2598,-1.6508e+21
3642,-1.6521e+21
4282,-1.6533e+21
2630,-1.6535e+21
2832,-1.6537e+21
3731,-1.6541e+21
3869,-1.6541e+21
2695,-1.6639e+21
4546,-1.6644e+21
3868,-1.6652e+21
4212,-1.6655e+21
2779,-1.6672e+21
5427,-1.6677e+21
5052,-1.6678e+21
4942,-1.6685e+21
4293,-1.6687e+21
4202,-1.6701e+21
5599,-1.6706e+21
3443,-1.6715e+21
3996,-1.6739e+21
4505,-1.6741e+21
3604,-1.6746e+21
5258,-1.6759e+21
4415,-1.6777e+21
4121,-1.68e+21
3292,-1.6821e+21
3513,-1.6826e+21
4467,-1.6829e+21
3265,-1.684e+21
4929,-1.6846e+21
2267,-1.6861e+21
4624,-1.6868e+21
2979,-1.6951e+21
3114,-1.6981e+21
2850,-1.6996e+21
2941,-1.7002e+21
4967,-1.7003e+21
2937,-1.7008e+21
2569,-1.7015e+21
3883,-1.703e+21
4336,-1.7051e+21
5030,-1.7063e+21
2882,-1.7073e+21
4067,-1.7082e+21
4920,-1.7091e+21
5493,-1.7134e+21
4005,-1.7153e+21
4366,-1.7155e+21
4060,-1.7159e+21
2243,-1.7184e+21
5231,-1.7192e+21
2307,-1.7199e+21
4397,-1.7218e+21
3679,-1.7237e+21
3700,-1.7239e+21
3544,-1.7243e+21
4094,-1.7261e+21
5235,-1.7274e+21
5162,-1.7283e+21
2496,-1.7299e+21
4948,-1.7328e+21
3886,-1.7341e+21
2719,-1.7351e+21
4488,-1.7363e+21
4870,-1.7396e+21
4069,-1.7423e+21
3560,-1.7424e+21
5372,-1.7459e+21
5297,-1.7462e+21
5172,-1.7473e+21
5063,-1.7475e+21
3139,-1.7481e+21
2709,-1.7497e+21
4122,-1.7521e+21
3416,-1.7528e+21
3534,-1.7573e+21
3894,-1.7605e+21
4039,-1.7606e+21
2859,-1.7607e+21
3715,-1.761e+21
3771,-1.7618e+21
4644,-1.7619e+21
2669,-1.7623e+21
4138,-1.7625e+21
4563,-1.763e+21
2501,-1.764e+21
3138,-1.7645e+21
4166,-1.7645e+21
3140,-1.7664e+21
4545,-1.7672e+21
3772,-1.7679e+21
4593,-1.7689e+21
3389,-1.7714e+21
4387,-1.7735e+21
5092,-1.7739e+21
4356,-1.7747e+21
4416,-1.7792e+21
4327,-1.7803e+21
5590,-1.7804e+21
3855,-1.7811e+21
2434,-1.7818e+21
4714,-1.7823e+21
3186,-1.7834e+21
2794,-1.7875e+21
3117,-1.7877e+21
3541,-1.7893e+21
3184,-1.79e+21
3606,-1.7904e+21
4198,-1.791e+21
3543,-1.7911e+21
3820,-1.7913e+21
3592,-1.7916e+21
5313,-1.7916e+21
3307,-1.7917e+21
3398,-1.792e+21
5125,-1.7965e+21
2732,-1.7966e+21
2461,-1.797e+21
4641,-1.7975e+21
2716,-1.7977e+21
3310,-1.7998e+21
2755,-1.8014e+21
2634,-1.8016e+21
2991,-1.8032e+21
3108,-1.8034e+21
5539,-1.8036e+21
2984,-1.8039e+21
4326,-1.8045e+21
5354,-1.8084e+21
4716,-1.8087e+21
3447,-1.8088e+21
4800,-1.8099e+21
4520,-1.8105e+21
4281,-1.8137e+21
2898,-1.8148e+21
2800,-1.8189e+21
5174,-1.82e+21
2666,-1.8214e+21
4991,-1.8215e+21
2273,-1.8224e+21
5575,-1.8225e+21
2584,-1.8233e+21
3218,-1.8241e+21
3662,-1.8245e+21
3897,-1.8275e+21
3849,-1.8279e+21
2538,-1.8281e+21
3757,-1.8305e+21
3748,-1.8306e+21
4235,-1.8307e+21
2764,-1.8314e+21
5594,-1.8334e+21
3436,-1.8341e+21
5068,-1.8373e+21
5167,-1.8387e+21
4627,-1.8393e+21
4015,-1.8407e+21
3049,-1.8415e+21
2650,-1.8422e+21
3999,-1.8431e+21
4766,-1.8431e+21
4547,-1.844e+21
5067,-1.8461e+21
2528,-1.8462e+21
2430,-1.8473e+21
4224,-1.8481e+21
5017,-1.8486e+21
3958,-1.8492e+21
3946,-1.8495e+21
2940,-1.8502e+21
2494,-1.8512e+21
2906,-1.8513e+21
3962,-1.8521e+21
5288,-1.853e+21
2809,-1.8546e+21
4261,-1.8552e+21
3418,-1.8561e+21
3216,-1.8565e+21
3952,-1.8602e+21
4207,-1.8602e+21
3299,-1.8611e+21
3240,-1.8613e+21
3214,-1.8623e+21
5220,-1.8628e+21
4479,-1.865e+21
3716,-1.8696e+21
5303,-1.8696e+21
2796,-1.8772e+21
3859,-1.8781e+21
3566,-1.8805e+21
4535,-1.8807e+21
2887,-1.8842e+21
3452,-1.8844e+21
4523,-1.885e+21
5458,-1.8851e+21
4559,-1.8875e+21
2594,-1.8883e+21
3234,-1.8886e+21
5233,-1.889e+21
3344,-1.8901e+21
5477,-1.891e+21
3835,-1.8936e+21
4404,-1.8946e+21
3995,-1.8947e+21
5016,-1.8948e+21
4721,-1.8967e+21
3955,-1.8996e+21
2652,-1.9004e+21
3065,-1.9026e+21
5181,-1.9026e+21
3269,-1.9034e+21
3376,-1.9086e+21
4640,-1.9095e+21
4022,-1.91e+21
2673,-1.913e+21
3121,-1.9149e+21
4147,-1.9196e+21
2816,-1.921e+21
4113,-1.9216e+21
3977,-1.9239e+21
2627,-1.9245e+21
4506,-1.9255e+21
3786,-1.9266e+21
4987,-1.9267e+21
3482,-1.9268e+21
3355,-1.9288e+21
5305,-1.9324e+21
2612,-1.9344e+21
4757,-1.9368e+21
5136,-1.9373e+21
4915,-1.9376e+21
3635,-1.9385e+21
5127,-1.9429e+21
3251,-1.9455e+21
3765,-1.9474e+21
3146,-1.9497e+21
4178,-1.9525e+21
3284,-1.9531e+21
2873,-1.9564e+21
5118,-1.9578e+21
4386,-1.9583e+21
2554,-1.9583e+21
5284,-1.961e+21
4452,-1.9612e+21
4705,-1.9618e+21
2953,-1.9623e+21
2820,-1.9641e+21
5466,-1.9642e+21
2437,-1.9656e+21
5397,-1.9699e+21
2835,-1.97e+21
4516,-1.9708e+21
2251,-1.9717e+21
4191,-1.973e+21
3046,-1.9749e+21
4044,-1.9758e+21
3311,-1.9759e+21
3088,-1.9763e+21
5246,-1.9767e+21
4226,-1.9767e+21
4873,-1.9799e+21
3913,-1.9811e+21
2363,-1.9822e+21
3760,-1.9837e+21
4763,-1.9839e+21
3026,-1.9923e+21
5041,-1.9927e+21
3753,-1.993e+21
2290,-1.9938e+21
5359,-1.9947e+21
4150,-1.9964e+21
2281,-1.9974e+21
3602,-1.9989e+21
2543,-1.9992e+21
3554,-1.9997e+21
3739,-2.0005e+21
4538,-2.0008e+21
5433,-2.0036e+21
2723,-2.004e+21
4682,-2.006e+21
4447,-2.0094e+21
2737,-2.0132e+21
5456,-2.0139e+21
4858,-2.0186e+21
5327,-2.0189e+21
3263,-2.0199e+21
2742,-2.0205e+21
3295,-2.0236e+21
4193,-2.0236e+21
3959,-2.0273e+21
4938,-2.0275e+21
4153,-2.0292e+21
3892,-2.0307e+21
2283,-2.0315e+21
2247,-2.0315e+21
3281,-2.0317e+21
4117,-2.0342e+21
2624,-2.0346e+21
5176,-2.0358e+21
4812,-2.0366e+21
5289,-2.0376e+21
4000,-2.0425e+21
2491,-2.0434e+21
4619,-2.0435e+21
2967,-2.0463e+21
2516,-2.0515e+21
3819,-2.0559e+21
3260,-2.06e+21
5239,-2.0608e+21
3545,-2.0614e+21
4981,-2.0629e+21
5261,-2.0635e+21
3043,-2.0664e+21
3510,-2.0673e+21
3570,-2.068e+21
4099,-2.0717e+21
4630,-2.0732e+21
5320,-2.0767e+21
5078,-2.0806e+21
4011,-2.0846e+21
2720,-2.0851e+21
2758,-2.0883e+21
4475,-2.0934e+21
5402,-2.0981e+21
2857,-2.0982e+21
5109,-2.1002e+21
2691,-2.1015e+21
4502,-2.1028e+21
4219,-2.1057e+21
2986,-2.1124e+21
2464,-2.1192e+21
4361,-2.131e+21
4912,-2.1331e+21
3312,-2.1487e+21
2876,-2.1601e+21
2964,-2.169e+21
4442,-2.1745e+21
5536,-2.1766e+21
2436,-2.1845e+21
3987,-2.194e+21
2697,-2.1965e+21
5444,-2.2118e+21
3723,-2.2149e+21
4186,-2.2181e+21
3890,-2.2273e+21
5102,-2.2321e+21
5091,-2.2343e+21
3579,-2.2378e+21
4438,-2.2472e+21
4941,-2.2692e+21
4673,-2.2752e+21
3653,-2.2781e+21
4607,-2.2905e+21
2527,-2.3005e+21
2361,-2.3071e+21
3670,-2.3076e+21
5464,-2.3085e+21
4916,-2.3122e+21
3133,-2.3232e+21
4394,-2.3248e+21
3052,-2.3538e+21
5567,-2.3567e+21
4635,-2.3584e+21
3318,-2.3671e+21
4431,-2.3761e+21
5518,-2.3955e+21
4852,-2.4159e+21
4459,-2.417e+21
5533,-2.4261e+21
4779,-2.4381e+21
4924,-2.4421e+21
4159,-2.456e+21
3899,-2.4605e+21
3838,-2.4644e+21
3226,-2.4667e+21
5522,-2.4707e+21
4478,-2.4711e+21
3502,-2.4766e+21
4813,-2.4826e+21
4850,-2.4919e+21
3530,-2.4946e+21
2253,-2.5078e+21
3019,-2.5253e+21
3981,-2.5676e+21
4309,-2.5686e+21
4289,-2.5729e+21
4742,-2.5918e+21
2931,-2.6001e+21
3993,-2.6057e+21
5406,-2.6083e+21
4420,-2.6196e+21
4318,-2.635e+21
3291,-2.6429e+21
5269,-2.6448e+21
5480,-2.6534e+21
3845,-2.6586e+21
5148,-2.6631e+21
5310,-2.6682e+21
2896,-2.6808e+21
4263,-2.684e+21
2300,-2.6919e+21
5565,-2.695e+21
4587,-2.7118e+21
5180,-2.7119e+21
5082,-2.7123e+21
3346,-2.7145e+21
3990,-2.7204e+21
4331,-2.737e+21
3609,-2.7389e+21
4014,-2.7474e+21
4964,-2.7483e+21
2313,-2.7513e+21
2447,-2.7514e+21
3914,-2.7583e+21
4233,-2.759e+21
2701,-2.7594e+21
2805,-2.7594e+21
2778,-2.7722e+21
4029,-2.7729e+21
3675,-2.7737e+21
4497,-2.7776e+21
3667,-2.7904e+21
3017,-2.7913e+21
4353,-2.8059e+21
5263,-2.8133e+21
2519,-2.8159e+21
4371,-2.8191e+21
3429,-2.8281e+21
2369,-2.865e+21
2731,-2.8709e+21
3758,-2.8747e+21
4090,-2.8899e+21
5226,-2.8924e+21
3174,-2.8958e+21
3256,-2.9121e+21
2410,-2.9121e+21
4973,-2.9147e+21
3875,-2.9167e+21
4480,-2.9212e+21
4753,-2.9364e+21
2296,-2.9512e+21
3457,-2.9662e+21
2694,-2.9677e+21
4450,-2.9706e+21
3696,-2.9837e+21
3842,-2.9963e+21
5351,-2.9996e+21
2883,-3.0098e+21
4509,-3.0101e+21
3906,-3.0105e+21
3003,-3.0306e+21
3874,-3.0318e+21
5035,-3.0352e+21
4638,-3.0427e+21
4168,-3.0584e+21
2823,-3.0675e+21
2833,-3.071e+21
2744,-3.0713e+21
3161,-3.0791e+21
2770,-3.0794e+21
5324,-3.0821e+21
4844,-3.0832e+21
4922,-3.0893e+21
4296,-3.0998e+21
3573,-3.1059e+21
2768,-3.1115e+21
2368,-3.1207e+21
4937,-3.1269e+21
2754,-3.1274e+21
5388,-3.1297e+21
5414,-3.1381e+21
5146,-3.1394e+21
4879,-3.1411e+21
5423,-3.159e+21
3615,-3.1765e+21
5462,-3.1766e+21
5523,-3.1939e+21
3759,-3.2013e+21
4399,-3.2072e+21
3971,-3.2089e+21
3270,-3.2206e+21
4558,-3.2295e+21
2749,-3.2335e+21
4677,-3.2351e+21
4923,-3.2518e+21
2667,-3.2554e+21
2999,-3.2628e+21
2394,-3.2714e+21
5020,-3.2729e+21
2686,-3.277e+21
2590,-3.2807e+21
3395,-3.2922e+21
5169,-3.3039e+21
2405,-3.3231e+21
2328,-3.3396e+21
5492,-3.3485e+21
4600,-3.3631e+21
3159,-3.3808e+21
2250,-3.3872e+21
2362,-3.397e+21
4961,-3.3994e+21
2715,-3.4227e+21
2924,-3.4243e+21
3680,-3.4249e+21
5375,-3.4291e+21
2406,-3.4365e+21
5166,-3.4448e+21
4368,-3.4517e+21
2276,-3.4526e+21
3936,-3.4596e+21
2895,-3.4645e+21
2378,-3.4651e+21
4748,-3.4666e+21
2926,-3.4768e+21
4472,-3.4918e+21
2268,-3.4926e+21
2511,-3.4978e+21
2916,-3.508e+21
3656,-3.5166e+21
3528,-3.5281e+21
4126,-3.5394e+21
3650,-3.5396e+21
5254,-3.5448e+21
3406,-3.5475e+21
3002,-3.5512e+21
4594,-3.5638e+21
3279,-3.5713e+21
3099,-3.5744e+21
3934,-3.5786e+21
4077,-3.5827e+21
4337,-3.5874e+21
3033,-3.5888e+21
3093,-3.6175e+21
4347,-3.644e+21
3187,-3.6533e+21
3888,-3.6537e+21
3141,-3.6667e+21
4637,-3.6694e+21
2938,-3.6791e+21
3448,-3.7028e+21
2657,-3.7393e+21
3729,-3.7397e+21
5353,-3.748e+21
2563,-3.7515e+21
4767,-3.7533e+21
4167,-3.7564e+21
4992,-3.7606e+21
4273,-3.7662e+21
3006,-3.7681e+21
5315,-3.7799e+21
5381,-3.7879e+21
2668,-3.7905e+21
4707,-3.8129e+21
5072,-3.828e+21
3247,-3.8315e+21
2451,-3.8327e+21
3368,-3.8339e+21
5404,-3.8478e+21
3828,-3.8495e+21
4304,-3.8506e+21
4485,-3.868e+21
3954,-3.8876e+21
3540,-3.9019e+21
3594,-3.9151e+21
4418,-3.9389e+21
2536,-3.9483e+21
5001,-3.9506e+21
3475,-3.9575e+21
3737,-3.9739e+21
3685,-4.0029e+21
5463,-4.0042e+21
4102,-4.0401e+21
3205,-4.0539e+21
3454,-4.0552e+21
2504,-4.0628e+21
3525,-4.0785e+21
2425,-4.087e+21
2261,-4.0988e+21
3698,-4.0997e+21
3824,-4.1335e+21
3245,-4.1554e+21
4392,-4.156e+21
4299,-4.1626e+21
4012,-4.1689e+21
2565,-4.1826e+21
3444,-4.1833e+21
3776,-4.1869e+21
3382,-4.1913e+21
4639,-4.2012e+21
3458,-4.2039e+21
4468,-4.2063e+21
2799,-4.2064e+21
4451,-4.2111e+21
4003,-4.2125e+21
3152,-4.2264e+21
2863,-4.2281e+21
5403,-4.2372e+21
3302,-4.241e+21
4507,-4.2485e+21
3608,-4.2501e+21
2272,-4.2586e+21
3374,-4.2628e+21
5191,-4.2632e+21
2981,-4.2777e+21
5026,-4.2837e+21
2880,-4.289e+21
4632,-4.2949e+21
4568,-4.3055e+21
3361,-4.3201e+21
4023,-4.3213e+21
3553,-4.3249e+21
4755,-4.3395e+21
2382,-4.3406e+21
4652,-4.3407e+21
4793,-4.3467e+21
3607,-4.3472e+21
3910,-4.3475e+21
4617,-4.3492e+21
3353,-4.3495e+21
3136,-4.356e+21
2864,-4.366e+21
5460,-4.3741e+21
3315,-4.3932e+21
4710,-4.394e+21
3047,-4.3962e+21
2586,-4.4e+21
4845,-4.4043e+21
2395,-4.405e+21
3740,-4.4091e+21
2294,-4.4286e+21
2871,-4.4471e+21
5285,-4.4513e+21
2997,-4.4558e+21
3020,-4.4601e+21
4874,-4.4613e+21
4055,-4.4868e+21
4182,-4.4953e+21
2824,-4.5012e+21
4860,-4.502e+21
4606,-4.5145e+21
2987,-4.5166e+21
3497,-4.5464e+21
2485,-4.5668e+21
5273,-4.5668e+21
4591,-4.6039e+21
3721,-4.6105e+21
2783,-4.6168e+21
3924,-4.6267e+21
4441,-4.6304e+21
2756,-4.6305e+21
4106,-4.6322e+21
3933,-4.6383e+21
3980,-4.6423e+21
3617,-4.6488e+21
4969,-4.6791e+21
3420,-4.6871e+21
3414,-4.6982e+21
4432,-4.703e+21
2639,-4.7207e+21
4131,-4.7356e+21
2901,-4.7361e+21
5541,-4.7532e+21
2376,-4.7836e+21
5429,-4.7845e+21
5447,-4.7865e+21
2829,-4.7948e+21
4797,-4.8145e+21
2547,-4.8205e+21
5177,-4.8218e+21
2338,-4.8272e+21
4994,-4.8523e+21
5025,-4.8548e+21
3050,-4.8649e+21
5040,-4.8656e+21
4275,-4.8667e+21
4042,-4.8704e+21
3661,-4.8849e+21
3763,-4.8871e+21
4932,-4.8988e+21
4050,-4.9138e+21
3847,-4.9208e+21
4662,-4.9362e+21
5062,-4.9449e+21
4177,-4.9577e+21
4577,-4.9582e+21
4877,-4.974e+21
3643,-4.9779e+21
4007,-4.9802e+21
5450,-4.9841e+21
5117,-4.9901e+21
2295,-5.0004e+21
3796,-5.0189e+21
4629,-5.0268e+21
4474,-5.0296e+21
4270,-5.0395e+21
4487,-5.0425e+21
2431,-5.0556e+21
2463,-5.0661e+21
3470,-5.0661e+21
4283,-5.0732e+21
4731,-5.0762e+21
2608,-5.0776e+21
2904,-5.0823e+21
2790,-5.0952e+21
3552,-5.1165e+21
2806,-5.1357e+21
4483,-5.1412e+21
4836,-5.1425e+21
3831,-5.1612e+21
4735,-5.165e+21
2642,-5.1706e+21
3839,-5.174e+21
2784,-5.1887e+21
3742,-5.1917e+21
3991,-5.1921e+21
4125,-5.2096e+21
2293,-5.2286e+21
5170,-5.2309e+21
3469,-5.2313e+21
4414,-5.2519e+21
2681,-5.2673e+21
2414,-5.2762e+21
2663,-5.277e+21
2739,-5.2897e+21
3537,-5.2946e+21
5401,-5.3003e+21
3086,-5.3007e+21
4715,-5.3284e+21
5242,-5.3305e+21
2765,-5.3326e+21
2780,-5.3484e+21
5002,-5.3503e+21
3147,-5.3709e+21
4849,-5.3926e+21
3229,-5.4107e+21
4008,-5.4163e+21
5145,-5.4186e+21
2534,-5.4214e+21
3837,-5.4249e+21
2974,-5.4335e+21
5392,-5.436e+21
3155,-5.4383e+21
2329,-5.4441e+21
4989,-5.4485e+21
3314,-5.4642e+21
5496,-5.4752e+21
3036,-5.4821e+21
4544,-5.4898e+21
5219,-5.5093e+21
3692,-5.5242e+21
3805,-5.5365e+21
5574,-5.5404e+21
2773,-5.5499e+21
4841,-5.562e+21
2797,-5.568e+21
2578,-5.572e+21
5227,-5.5738e+21
4902,-5.5803e+21
3473,-5.6101e+21
3428,-5.614e+21
3166,-5.617e+21
4388,-5.6421e+21
2354,-5.661e+21
4572,-5.6721e+21
5259,-5.6991e+21
5419,-5.7014e+21
3297,-5.713e+21
3780,-5.7194e+21
3280,-5.7317e+21
2465,-5.7393e+21
4623,-5.7394e+21
2342,-5.7422e+21
4672,-5.7561e+21
2550,-5.7629e+21
2558,-5.7679e+21
3691,-5.7703e+21
5457,-5.793e+21
3378,-5.8015e+21
2990,-5.8056e+21
5182,-5.8109e+21
2661,-5.8355e+21
4862,-5.8358e+21
3862,-5.8405e+21
5569,-5.8515e+21
5190,-5.852e+21
5399,-5.8589e+21
3707,-5.8726e+21
4837,-5.8739e+21
3663,-5.8808e+21
2679,-5.8865e+21
3676,-5.8871e+21
3440,-5.8896e+21
5038,-5.8973e+21
3872,-5.9133e+21
4322,-5.9186e+21
5260,-5.9462e+21
3647,-5.9531e+21
3339,-5.9652e+21
5409,-5.986e+21
4919,-5.9875e+21
4334,-5.9936e+21
3686,-5.9968e+21
3810,-6.0062e+21
5531,-6.0081e+21
4185,-6.009e+21
2702,-6.0117e+21
2360,-6.0147e+21
4409,-6.0224e+21
2869,-6.0289e+21
4833,-6.0341e+21
2386,-6.0385e+21
5471,-6.0586e+21
4321,-6.0742e+21
3708,-6.076e+21
3564,-6.0845e+21
5426,-6.0849e+21
4109,-6.0866e+21
4781,-6.0995e+21
3479,-6.1315e+21
4500,-6.1441e+21
4861,-6.145e+21
5532,-6.151e+21
2689,-6.1566e+21
4527,-6.1628e+21
4711,-6.2415e+21
4383,-6.2568e+21
4633,-6.3072e+21
3151,-6.3127e+21
5276,-6.3333e+21
3258,-6.3357e+21
3595,-6.341e+21
3815,-6.3552e+21
3373,-6.37e+21
5141,-6.3902e+21
2699,-6.3913e+21
4079,-6.4005e+21
4578,-6.412e+21
2287,-6.419e+21
4597,-6.4244e+21
2844,-6.4321e+21
2788,-6.4409e+21
4944,-6.45e+21
3210,-6.4666e+21
3064,-6.4797e+21
3546,-6.4881e+21
3863,-6.5019e+21
3623,-6.5096e+21
3192,-6.5112e+21
2256,-6.5133e+21
4723,-6.531e+21
4962,-6.5487e+21
4297,-6.572e+21
2269,-6.5882e+21
4598,-6.5913e+21
4854,-6.603e+21
5023,-6.6085e+21
4333,-6.6428e+21
4604,-6.6519e+21
5573,-6.6642e+21
4206,-6.6642e+21
2909,-6.6736e+21
2687,-6.6743e+21
3221,-6.6775e+21
4927,-6.6788e+21
4081,-6.7105e+21
4188,-6.7231e+21
3391,-6.7414e+21
4511,-6.7482e+21
3007,-6.7526e+21
2935,-6.7552e+21
3076,-6.7582e+21
5448,-6.7698e+21
4114,-6.8074e+21
2364,-6.8092e+21
3649,-6.8184e+21
5005,-6.8298e+21
4116,-6.8302e+21
4750,-6.8446e+21
3524,-6.8494e+21
4225,-6.8556e+21
4496,-6.8614e+21
3348,-6.8628e+21
3450,-6.8677e+21
4903,-6.8879e+21
3092,-6.8899e+21
2934,-6.8902e+21
4917,-6.896e+21
4719,-6.9101e+21
4145,-6.9112e+21
4838,-6.9147e+21
4375,-6.9158e+21
2690,-6.9205e+21
2411,-6.9237e+21
4424,-6.946e+21
4660,-6.9507e+21
3556,-6.9614e+21
3107,-6.974e+21
4666,-6.985e+21
5596,-7.0715e+21
4248,-7.0759e+21
3476,-7.0768e+21
3054,-7.0865e+21
4057,-7.0883e+21
4269,-7.0911e+21
3244,-7.1034e+21
2680,-7.1042e+21
3492,-7.1116e+21
4519,-7.1203e+21
5481,-7.144e+21
5218,-7.1474e+21
4419,-7.152e+21
3627,-7.1525e+21
3920,-7.1616e+21
2285,-7.1662e+21
5424,-7.1706e+21
3390,-7.1819e+21
3896,-7.1822e+21
4498,-7.1857e+21
4930,-7.1941e+21
4373,-7.195e+21
4951,-7.1967e+21
5287,-7.1985e+21
4754,-7.2076e+21
4697,-7.2116e+21
3926,-7.2204e+21
5378,-7.2345e+21
3948,-7.2555e+21
4699,-7.257e+21
4759,-7.2577e+21
5559,-7.2747e+21
3354,-7.2761e+21
3942,-7.2868e+21
2255,-7.2898e+21
2655,-7.3044e+21
5560,-7.3154e+21
5238,-7.3162e+21
3901,-7.3329e+21
2920,-7.3342e+21
3580,-7.3356e+21
5598,-7.3505e+21
4454,-7.3623e+21
2385,-7.3692e+21
4603,-7.3875e+21
5064,-7.3915e+21
3030,-7.393e+21
5338,-7.4291e+21
5440,-7.4295e+21
2814,-7.4367e+21
3199,-7.4375e+21
3878,-7.4691e+21
2469,-7.4722e+21
4092,-7.4731e+21
4785,-7.4889e+21
4669,-7.4898e+21
3410,-7.5097e+21
3774,-7.5102e+21
4213,-7.5107e+21
4889,-7.5228e+21
4291,-7.5265e+21
5520,-7.531e+21
2866,-7.5399e+21
4680,-7.5554e+21
4471,-7.5672e+21
3194,-7.5968e+21
2320,-7.5978e+21
2710,-7.5982e+21
3572,-7.6004e+21
5265,-7.6114e+21
2576,-7.6278e+21
5279,-7.6476e+21
5086,-7.6566e+21
3799,-7.6756e+21
4737,-7.6806e+21
3180,-7.696e+21
4295,-7.6984e+21
4034,-7.7009e+21
4086,-7.754e+21
4220,-7.7564e+21
4940,-7.7631e+21
5348,-7.7769e+21
2889,-7.803e+21
3062,-7.8057e+21
2707,-7.8173e+21
4065,-7.8428e+21
2855,-7.8432e+21
3484,-7.8545e+21
2660,-7.8905e+21
4340,-7.8915e+21
2266,-7.8929e+21
2585,-7.8951e+21
5474,-7.9094e+21
3736,-7.9204e+21
2677,-7.9244e+21
5206,-7.9265e+21
5131,-7.9296e+21
2914,-7.94e+21
3804,-7.952e+21
4986,-7.9722e+21
2542,-7.9725e+21
5551,-8.0109e+21
2643,-8.0279e+21
5500,-8.0802e+21
5081,-8.0847e+21
3988,-8.089e+21
4137,-8.0978e+21
3465,-8.1132e+21
2785,-8.1201e+21
3425,-8.1278e+21
4589,-8.1407e+21
2671,-8.147e+21
4378,-8.166e+21
3219,-8.181e+21
2497,-8.1875e+21
2674,-8.1962e+21
4562,-8.2067e+21
5344,-8.2083e+21
5571,-8.2101e+21
2610,-8.2241e+21
4815,-8.2279e+21
4725,-8.2316e+21
2545,-8.2357e+21
5478,-8.2863e+21
5371,-8.2896e+21
2429,-8.2965e+21
2334,-8.3062e+21
2957,-8.3072e+21
2653,-8.3257e+21
4482,-8.3343e+21
3324,-8.3349e+21
2453,-8.3391e+21
4280,-8.3586e+21
4590,-8.3596e+21
4958,-8.3673e+21
3882,-8.3727e+21
3028,-8.3973e+21
4745,-8.4065e+21
5503,-8.4309e+21
5373,-8.4361e+21
2275,-8.4418e+21
3803,-8.4463e+21
4271,-8.4532e+21
4524,-8.4646e+21
3328,-8.4866e+21
2782,-8.5023e+21
4257,-8.5149e+21
5323,-8.537e+21
3089,-8.5558e+21
5431,-8.5559e+21
2724,-8.5607e+21
2439,-8.5628e+21
4367,-8.5815e+21
4540,-8.5817e+21
4651,-8.5832e+21
3338,-8.5836e+21
5301,-8.5916e+21
4656,-8.592e+21
4312,-8.6178e+21
3290,-8.6188e+21
3259,-8.6198e+21
5101,-8.6307e+21
4856,-8.64e+21
3459,-8.6417e+21
4192,-8.6506e+21
3612,-8.6742e+21
5209,-8.6961e+21
2358,-8.7407e+21
4655,-8.7494e+21
3005,-8.7504e+21
4430,-8.7527e+21
4888,-8.7782e+21
4530,-8.7841e+21
2632,-8.8114e+21
3203,-8.818e+21
5336,-8.8239e+21
2427,-8.8249e+21
5205,-8.8276e+21
3669,-8.863e+21
3827,-8.8639e+21
2858,-8.8733e+21
4865,-8.8814e+21
5046,-8.8931e+21
5545,-8.9032e+21
2442,-8.9095e+21
2965,-8.9206e+21
3095,-8.9248e+21
4801,-8.9252e+21
4810,-8.9435e+21
5252,-8.9597e+21
3730,-8.9794e+21
5294,-8.9856e+21
2248,-8.9861e+21
2470,-9.0013e+21
2733,-9.0026e+21
4195,-9.0035e+21
4758,-9.0047e+21
2848,-9.0082e+21
4557,-9.013e+21
2551,-9.0248e+21
3601,-9.0396e+21
3363,-9.0468e+21
4565,-9.0655e+21
4703,-9.0657e+21
2452,-9.0686e+21
3073,-9.0788e+21
3577,-9.0927e+21
3898,-9.1057e+21
4097,-9.1093e+21
4959,-9.1263e+21
3745,-9.1395e+21
2473,-9.1486e+21
5584,-9.1651e+21
4316,-9.166e+21
2540,-9.1683e+21
2353,-9.1727e+21
2954,-9.2072e+21
3867,-9.2456e+21
3634,-9.2501e+21
4733,-9.2569e+21
3200,-9.2656e+21
4688,-9.2908e+21
3102,-9.2932e+21
2818,-9.3011e+21
2562,-9.3023e+21
4362,-9.3106e+21
2900,-9.3276e+21
4303,-9.3559e+21
4209,-9.3573e+21
5482,-9.3588e+21
3181,-9.3662e+21
2514,-9.379e+21
2289,-9.3797e+21
3826,-9.3865e+21
3889,-9.4185e+21
3185,-9.4523e+21
3567,-9.4589e+21
2656,-9.4672e+21
5566,-9.4779e+21
2977,-9.4896e+21
4571,-9.492e+21
5195,-9.5e+21
4084,-9.5149e+21
4583,-9.5547e+21
4608,-9.5721e+21
4609,-9.591e+21
4820,-9.5984e+21
2822,-9.5997e+21
3249,-9.6078e+21
2893,-9.6436e+21
5221,-9.6485e+21
2387,-9.6573e+21
5331,-9.6773e+21
3150,-9.6847e+21
4900,-9.6893e+21
2389,-9.6905e+21
4665,-9.7136e+21
2992,-9.7272e+21
4049,-9.7549e+21
5307,-9.7616e+21
3574,-9.7694e+21
3286,-9.774e+21
2763,-9.7765e+21
5157,-9.7784e+21
3015,-9.7819e+21
5126,-9.8029e+21
5159,-9.809e+21
5028,-9.8125e+21
5442,-9.8182e+21
2309,-9.8247e+21
5138,-9.8275e+21
4734,-9.8299e+21
5156,-9.833e+21
5593,-9.8422e+21
4030,-9.8444e+21
3666,-9.8532e+21
5110,-9.8759e+21
4549,-9.8776e+21
3480,-9.8895e+21
3160,-9.9021e+21
4706,-9.9118e+21
5498,-9.9287e+21
5036,-9.9288e+21
2623,-9.9356e+21
2508,-9.9403e+21
2357,-9.9483e+21
4968,-9.9666e+21
4824,-9.9787e+21
5077,-9.9902e+21
4548,-1.0001e+22
4163,-1.0015e+22
3129,-1.0019e+22
5058,-1.0042e+22
2544,-1.006e+22
2963,-1.0067e+22
5405,-1.0133e+22
4246,-1.0146e+22
2474,-1.0156e+22
3309,-1.0156e+22
5237,-1.0159e+22
3548,-1.0177e+22
2284,-1.0183e+22
3463,-1.0195e+22
3079,-1.0201e+22
4648,-1.0204e+22
4364,-1.0276e+22
4286,-1.0291e+22
3970,-1.0301e+22
3994,-1.0314e+22
3641,-1.0328e+22
4262,-1.0334e+22
3098,-1.0337e+22
5079,-1.0349e+22
3351,-1.0383e+22
3255,-1.0386e+22
3578,-1.039e+22
2601,-1.0402e+22
2607,-1.0405e+22
3660,-1.0407e+22
3478,-1.0408e+22
4569,-1.0408e+22
4692,-1.0441e+22
5018,-1.0469e+22
3743,-1.0507e+22
5411,-1.0507e+22
3118,-1.0511e+22
2456,-1.0524e+22
3918,-1.0526e+22
5583,-1.0541e+22
2922,-1.0551e+22
5255,-1.0559e+22
2274,-1.0564e+22
4031,-1.058e+22
3242,-1.0593e+22
4621,-1.0598e+22
3362,-1.0599e+22
2945,-1.0599e+22
3547,-1.0628e+22
4314,-1.0633e+22
4526,-1.0674e+22
3551,-1.0676e+22
4950,-1.068e+22
3365,-1.0693e+22
2374,-1.0697e+22
3789,-1.0706e+22
3613,-1.0773e+22
3493,-1.0774e+22
3629,-1.0786e+22
3633,-1.0812e+22
3223,-1.0866e+22
3940,-1.0868e+22
4965,-1.0886e+22
4988,-1.089e+22
4036,-1.0908e+22
4555,-1.0915e+22
4580,-1.0924e+22
2836,-1.093e+22
4187,-1.0934e+22
4676,-1.0942e+22
3233,-1.0951e+22
3655,-1.0952e+22
3777,-1.0956e+22
3856,-1.0974e+22
4376,-1.0987e+22
2807,-1.1013e+22
4313,-1.1019e+22
4061,-1.1029e+22
4422,-1.1037e+22
3078,-1.1045e+22
4222,-1.1052e+22
3112,-1.1054e+22
3520,-1.1064e+22
3360,-1.1079e+22
2282,-1.1106e+22
4926,-1.1125e+22
4237,-1.1127e+22
2958,-1.1149e+22
2729,-1.1162e+22
3041,-1.1176e+22
4398,-1.1186e+22
4720,-1.122e+22
2725,-1.1229e+22
4908,-1.1243e+22
4035,-1.1257e+22
4909,-1.1263e+22
4613,-1.1265e+22
3621,-1.1273e+22
5512,-1.1277e+22
2875,-1.1293e+22
5280,-1.131e+22
4183,-1.1329e+22
2994,-1.1332e+22
4330,-1.1333e+22
3225,-1.1338e+22
4423,-1.134e+22
3694,-1.1342e+22
3370,-1.1353e+22
5015,-1.136e+22
2918,-1.1382e+22
5364,-1.139e+22
4712,-1.1437e+22
4010,-1.1451e+22
3058,-1.1464e+22
2892,-1.1476e+22
5347,-1.1483e+22
4425,-1.1491e+22
2980,-1.1503e+22
5274,-1.1504e+22
2602,-1.1513e+22
4576,-1.1523e+22
4395,-1.1526e+22
3550,-1.153e+22
2593,-1.1531e+22
5472,-1.1539e+22
3846,-1.154e+22
3435,-1.1547e+22
4492,-1.1565e+22
4363,-1.1571e+22
4439,-1.1576e+22
3932,-1.1612e+22
2495,-1.1639e+22
4457,-1.1659e+22
3342,-1.1664e+22
3943,-1.1665e+22
3706,-1.168e+22
4796,-1.1686e+22
3120,-1.1713e+22
5537,-1.1735e+22
4601,-1.174e+22
3375,-1.1754e+22
2487,-1.1767e+22
2503,-1.1792e+22
3130,-1.1793e+22
4679,-1.1845e+22
2249,-1.1857e+22
2333,-1.1885e+22
3217,-1.1902e+22
5114,-1.1911e+22
4827,-1.1916e+22
4816,-1.1932e+22
3000,-1.1967e+22
3464,-1.198e+22
5420,-1.1989e+22
5099,-1.2031e+22
3134,-1.2036e+22
3957,-1.208e+22
5120,-1.2093e+22
5056,-1.2113e+22
4561,-1.214e+22
3591,-1.215e+22
2337,-1.2152e+22
4970,-1.216e+22
4936,-1.2167e+22
3705,-1.2203e+22
5087,-1.2213e+22
3931,-1.2214e+22
5418,-1.2215e+22
4512,-1.2248e+22
4052,-1.2254e+22
2947,-1.2267e+22
4829,-1.2292e+22
2622,-1.2298e+22
2881,-1.2301e+22
5475,-1.2305e+22
2664,-1.2305e+22
4169,-1.2322e+22
3412,-1.2371e+22
5600,-1.2388e+22
3070,-1.2411e+22
2589,-1.2428e+22
5430,-1.2432e+22
4995,-1.2441e+22
5469,-1.2448e+22
5455,-1.2461e+22
3726,-1.2467e+22
5555,-1.2475e+22
3069,-1.2479e+22
3100,-1.2485e+22
5202,-1.2488e+22
5514,-1.249e+22
3276,-1.2505e+22
2583,-1.255e+22
3645,-1.2552e+22
2648,-1.259e+22
5398,-1.2591e+22
3630,-1.2597e+22
4786,-1.2613e+22
3195,-1.2627e+22
2471,-1.2633e+22
2740,-1.2639e+22
2440,-1.2693e+22
2603,-1.2705e+22
5543,-1.2742e+22
3619,-1.275e+22
3982,-1.2768e+22
2509,-1.2776e+22
3397,-1.2779e+22
2825,-1.2784e+22
5349,-1.281e+22
2263,-1.2834e+22
3048,-1.2836e+22
3722,-1.2861e+22
2552,-1.2876e+22
3461,-1.2899e+22
3335,-1.2905e+22
4437,-1.2911e+22
3196,-1.2914e+22
3555,-1.2924e+22
4647,-1.2927e+22
2326,-1.2933e+22
2560,-1.2951e+22
5222,-1.2967e+22
4406,-1.2977e+22
2802,-1.302e+22
4160,-1.3026e+22
3880,-1.3044e+22
4037,-1.3055e+22
3798,-1.3056e+22
4934,-1.306e+22
3460,-1.3095e+22
2968,-1.3147e+22
5540,-1.3158e+22
5192,-1.3175e+22
4305,-1.3199e+22
2462,-1.3255e+22
4943,-1.3269e+22
4650,-1.3279e+22
3625,-1.329e+22
4130,-1.3294e+22
3714,-1.3307e+22
4078,-1.3311e+22
4822,-1.3319e+22
5223,-1.3343e+22
5488,-1.3353e+22
4772,-1.3365e+22
2498,-1.3378e+22
2631,-1.3382e+22
5526,-1.3401e+22
4455,-1.3464e+22
5328,-1.347e+22
3241,-1.3475e+22
3400,-1.3483e+22
3673,-1.3489e+22
4866,-1.3498e+22
3762,-1.3499e+22
3651,-1.3524e+22
3841,-1.3537e+22
5130,-1.3544e+22
4846,-1.355e+22
3366,-1.3555e+22
4828,-1.3565e+22
3654,-1.357e+22
2948,-1.358e+22
2849,-1.36e+22
3791,-1.3605e+22
4064,-1.3608e+22
4210,-1.3617e+22
3320,-1.3633e+22
3316,-1.366e+22
4272,-1.3675e+22
4253,-1.3706e+22
2278,-1.3707e+22
4957,-1.3711e+22
3183,-1.3726e+22
3085,-1.3732e+22
5185,-1.3735e+22
4906,-1.3739e+22
3522,-1.3752e+22
4288,-1.3779e+22
3788,-1.3792e+22
3446,-1.3798e+22
4573,-1.3803e+22
5577,-1.3805e+22
4560,-1.3822e+22
2557,-1.3825e+22
3622,-1.3838e+22
4525,-1.3838e+22
4111,-1.384e+22
4792,-1.3862e+22
3021,-1.3866e+22
3031,-1.3868e+22
2288,-1.3871e+22
4814,-1.3884e+22
5173,-1.3915e+22
4329,-1.3932e+22
5391,-1.3938e+22
3067,-1.3943e+22
5203,-1.3951e+22
2443,-1.3953e+22
2629,-1.3955e+22
5042,-1.3959e+22
3930,-1.3989e+22
3695,-1.4001e+22
3749,-1.4011e+22
5443,-1.4012e+22
2734,-1.4015e+22
2903,-1.4022e+22
2649,-1.4033e+22
5196,-1.4034e+22
2493,-1.4035e+22
4537,-1.4091e+22
4449,-1.4107e+22
2568,-1.4108e+22
4345,-1.4146e+22
4230,-1.4148e+22
4013,-1.4156e+22
4756,-1.4162e+22
4843,-1.4164e+22
3236,-1.4171e+22
2466,-1.4197e+22
3253,-1.4212e+22
2917,-1.4214e+22
2932,-1.4274e+22
5441,-1.4276e+22
2753,-1.4285e+22
5389,-1.4314e+22
3055,-1.4388e+22
5262,-1.4395e+22
3816,-1.4396e+22
5199,-1.44e+22
4045,-1.4462e+22
3575,-1.4469e+22
3164,-1.4474e+22
5549,-1.4482e+22
5139,-1.4546e+22
2801,-1.4568e+22
2579,-1.46e+22
4028,-1.4607e+22
3923,-1.4609e+22
5006,-1.4625e+22
4963,-1.4714e+22
2460,-1.4733e+22
3490,-1.4733e+22
3775,-1.4778e+22
3844,-1.4787e+22
2304,-1.4796e+22
4369,-1.4802e+22
3235,-1.4804e+22
5421,-1.4836e+22
4234,-1.4841e+22
2786,-1.4842e+22
3202,-1.4844e+22
4667,-1.4848e+22
3871,-1.4864e+22
2826,-1.4866e+22
3750,-1.4907e+22
2777,-1.4946e+22
3257,-1.4948e+22
2811,-1.4957e+22
3549,-1.5013e+22
4668,-1.5013e+22
5316,-1.5031e+22
3442,-1.5066e+22
3565,-1.5075e+22
4602,-1.5108e+22
3438,-1.5109e+22
2638,-1.5179e+22
2472,-1.5192e+22
4024,-1.5198e+22
3518,-1.5223e+22
3801,-1.5225e+22
3471,-1.5232e+22
5451,-1.5241e+22
3081,-1.5255e+22
5394,-1.5258e+22
3303,-1.526e+22
4774,-1.5298e+22
2971,-1.5308e+22
4691,-1.5327e+22
2678,-1.5328e+22
4264,-1.5334e+22
5050,-1.5337e+22
5550,-1.534e+22
5008,-1.5357e+22
2620,-1.542e+22
3527,-1.5423e+22
4250,-1.5424e+22
3171,-1.5425e+22
2751,-1.5491e+22
3488,-1.5494e+22
4458,-1.552e+22
2604,-1.5521e+22
4830,-1.5582e+22
2318,-1.5622e+22
2766,-1.5635e+22
5153,-1.5637e+22
4400,-1.564e+22
4949,-1.5646e+22
4515,-1.5685e+22
3486,-1.569e+22
3969,-1.5723e+22
3851,-1.5739e+22
5422,-1.5755e+22
3817,-1.5759e+22
5579,-1.5761e+22
4135,-1.5771e+22
2366,-1.5771e+22
4351,-1.5797e+22
5395,-1.5812e+22
5582,-1.5835e+22
5037,-1.5839e+22
4910,-1.5865e+22
4872,-1.5874e+22
3664,-1.5912e+22
5459,-1.5925e+22
2512,-1.5939e+22
2390,-1.6027e+22
2316,-1.605e+22
3104,-1.6053e+22
2355,-1.607e+22
3177,-1.6073e+22
5511,-1.6092e+22
5204,-1.6103e+22
3526,-1.6111e+22
4977,-1.6173e+22
3262,-1.6207e+22
3424,-1.621e+22
2246,-1.6236e+22
4713,-1.6246e+22
5360,-1.6248e+22
4070,-1.6255e+22
3507,-1.6261e+22
4857,-1.6265e+22
3891,-1.6298e+22
3190,-1.6327e+22
2417,-1.6344e+22
4433,-1.6392e+22
5436,-1.6393e+22
5504,-1.6397e+22
5070,-1.64e+22
3154,-1.6411e+22
3285,-1.6418e+22
5341,-1.642e+22
3843,-1.645e+22
4158,-1.6475e+22
5074,-1.6485e+22
3173,-1.6486e+22
5266,-1.649e+22
3517,-1.6518e+22
3051,-1.6524e+22
2435,-1.6545e+22
5521,-1.6574e+22
5557,-1.6599e+22
2615,-1.6642e+22
3394,-1.6659e+22
2305,-1.6664e+22
5432,-1.6667e+22
4504,-1.6668e+22
3131,-1.6693e+22
3756,-1.6702e+22
4499,-1.6722e+22
4886,-1.675e+22
3163,-1.6764e+22
4465,-1.6769e+22
2860,-1.6805e+22
4789,-1.6895e+22
3204,-1.69e+22
3145,-1.6903e+22
5230,-1.693e+22
5107,-1.6935e+22
4359,-1.6937e+22
2870,-1.6955e+22
3013,-1.6963e+22
4551,-1.6978e+22
2865,-1.6991e+22
2973,-1.6995e+22
4196,-1.7001e+22
4808,-1.7051e+22
4098,-1.7052e+22
5508,-1.7055e+22
2575,-1.7057e+22
3718,-1.7067e+22
3029,-1.7128e+22
4625,-1.713e+22
3011,-1.7148e+22
3725,-1.715e+22
5132,-1.7154e+22
3135,-1.7155e+22
3453,-1.7177e+22
3268,-1.7225e+22
4777,-1.7226e+22
2488,-1.7226e+22
4990,-1.7235e+22
2760,-1.7247e+22
4134,-1.7271e+22
5282,-1.7316e+22
3349,-1.7411e+22
4724,-1.7418e+22
5045,-1.7432e+22
3127,-1.7437e+22
3334,-1.7442e+22
5158,-1.7456e+22
4214,-1.7469e+22
4156,-1.75e+22
3512,-1.7509e+22
2741,-1.7522e+22
3372,-1.7546e+22
5369,-1.758e+22
2830,-1.7591e+22
4709,-1.7605e+22
3532,-1.7629e+22
4083,-1.7632e+22
2698,-1.767e+22
2810,-1.7686e+22
3857,-1.7714e+22
2998,-1.7732e+22
2834,-1.7741e+22
3090,-1.7764e+22
4670,-1.7781e+22
4532,-1.7783e+22
2915,-1.78e+22
3193,-1.7841e+22
2555,-1.7862e+22
3992,-1.7884e+22
3687,-1.79e+22
2614,-1.7913e+22
4817,-1.7993e+22
2838,-1.7997e+22
4855,-1.8e+22
4847,-1.8047e+22
2277,-1.8064e+22
2478,-1.8082e+22
4124,-1.8112e+22
4642,-1.8112e+22
3744,-1.8123e+22
5506,-1.8125e+22
4176,-1.815e+22
3022,-1.8152e+22
4974,-1.8181e+22
2966,-1.8195e+22
5438,-1.8203e+22
3364,-1.8214e+22
4256,-1.828e+22
2480,-1.8291e+22
5352,-1.8307e+22
3639,-1.8339e+22
3785,-1.8357e+22
5034,-1.8366e+22
4006,-1.8391e+22
4702,-1.8402e+22
3097,-1.8406e+22
2420,-1.8408e+22
3072,-1.8418e+22
5534,-1.842e+22
3840,-1.8433e+22
4004,-1.8515e+22
2349,-1.8559e+22
2424,-1.856e+22
2377,-1.8568e+22
4890,-1.8611e+22
2774,-1.8613e+22
3337,-1.8618e+22
4154,-1.862e+22
3266,-1.8638e+22
3407,-1.8639e+22
3250,-1.8641e+22
4171,-1.8644e+22
3968,-1.8655e+22
4701,-1.8704e+22
5210,-1.8712e+22
2492,-1.8722e+22
4181,-1.8727e+22
5357,-1.8761e+22
5408,-1.877e+22
2646,-1.8778e+22
5188,-1.8809e+22
5154,-1.8949e+22
3682,-1.8965e+22
4960,-1.8967e+22
4978,-1.8967e+22
3966,-1.9035e+22
5552,-1.9048e+22
4864,-1.9095e+22
4062,-1.9124e+22
5385,-1.9128e+22
2703,-1.9129e+22
2335,-1.9152e+22
4539,-1.9171e+22
4574,-1.9197e+22
3699,-1.9245e+22
5302,-1.925e+22
3034,-1.9289e+22
4339,-1.9299e+22
3829,-1.9316e+22
3912,-1.9325e+22
3057,-1.9328e+22
5115,-1.9356e+22
2956,-1.9381e+22
4377,-1.9383e+22
4674,-1.9391e+22
4343,-1.9426e+22
3628,-1.9435e+22
4054,-1.9469e+22
2556,-1.9507e+22
2633,-1.951e+22
3603,-1.9511e+22
3626,-1.955e+22
4997,-1.9559e+22
3769,-1.9574e+22
3935,-1.9609e+22
4389,-1.9625e+22
4693,-1.9628e+22
2969,-1.9634e+22
5084,-1.9637e+22
3640,-1.9711e+22
2523,-1.9711e+22
2817,-1.9746e+22
3866,-1.9757e+22
4783,-1.9759e+22
4911,-1.9801e+22
2476,-1.9813e+22
3811,-1.9833e+22
5178,-1.9851e+22
5293,-1.9873e+22
3156,-1.9893e+22
5470,-1.9898e+22
5491,-1.9931e+22
3271,-1.9936e+22
2393,-1.9955e+22
2375,-1.9956e+22
5256,-1.9963e+22
5525,-1.997e+22
3367,-1.9986e+22
3018,-1.9997e+22
5309,-1.9999e+22
5244,-2.0003e+22
3035,-2.0024e+22
4221,-2.0047e+22
4787,-2.005e+22
3323,-2.0129e+22
3711,-2.0165e+22
5201,-2.019e+22
2548,-2.0219e+22
5494,-2.0257e+22
4490,-2.0276e+22
2989,-2.0292e+22
2693,-2.0309e+22
3636,-2.0317e+22
4021,-2.0327e+22
3232,-2.035e+22
4628,-2.0359e+22
4144,-2.0364e+22
4804,-2.0364e+22
2384,-2.0391e+22
4349,-2.0429e+22
3301,-2.0436e+22
5193,-2.0439e+22
3178,-2.0444e+22
5213,-2.0481e+22
4531,-2.05e+22
3063,-2.0501e+22
5007,-2.0501e+22
4599,-2.0505e+22
3215,-2.051e+22
4040,-2.0526e+22
4645,-2.0547e+22
5228,-2.056e+22
5140,-2.0603e+22
4053,-2.0633e+22
3790,-2.0694e+22
5250,-2.0698e+22
4141,-2.074e+22
4826,-2.075e+22
4127,-2.0754e+22
5333,-2.0771e+22
3764,-2.0793e+22
5061,-2.0841e+22
4493,-2.0871e+22
5011,-2.0927e+22
2843,-2.0938e+22
3861,-2.0948e+22
3767,-2.0988e+22
5377,-2.0997e+22
3213,-2.1066e+22
3434,-2.1118e+22
3252,-2.1163e+22
2605,-2.1178e+22
3781,-2.1187e+22
3984,-2.1228e+22
4761,-2.1229e+22
5121,-2.1243e+22
4190,-2.1244e+22
2549,-2.1246e+22
4041,-2.1261e+22
3142,-2.1281e+22
2286,-2.1316e+22
4203,-2.1318e+22
2996,-2.1323e+22
4324,-2.1348e+22
3487,-2.1351e+22
2613,-2.1384e+22
3583,-2.1427e+22
5554,-2.1462e+22
5529,-2.1489e+22
3421,-2.1521e+22
3589,-2.1544e+22
2872,-2.158e+22
5322,-2.1594e+22
2398,-2.1612e+22
2481,-2.1621e+22
3004,-2.1635e+22
4913,-2.1662e+22
5194,-2.1677e+22
4869,-2.1699e+22
4769,-2.1766e+22
3408,-2.1781e+22
2897,-2.1804e+22
4476,-2.1817e+22
3264,-2.1824e+22
5212,-2.1854e+22
3973,-2.1898e+22
4165,-2.1912e+22
4704,-2.1924e+22
4205,-2.1971e+22
2672,-2.199e+22
2587,-2.2002e+22
2745,-2.203e+22
5161,-2.2033e+22
4952,-2.2076e+22
3409,-2.2096e+22
5588,-2.2137e+22
2573,-2.2165e+22
4935,-2.2173e+22
2759,-2.2197e+22
4149,-2.2209e+22
2944,-2.2252e+22
4384,-2.2291e+22
3569,-2.2304e+22
3533,-2.2307e+22
4128,-2.2309e+22
3751,-2.231e+22
3087,-2.2311e+22
4091,-2.2331e+22
4533,-2.2341e+22
3206,-2.2376e+22
2894,-2.238e+22
3358,-2.2438e+22
4778,-2.2445e+22
4634,-2.2445e+22
4032,-2.2529e+22
3610,-2.2545e+22
5576,-2.255e+22
5314,-2.2631e+22
4835,-2.2638e+22
4552,-2.2715e+22
4087,-2.2724e+22
2718,-2.2749e+22
3422,-2.2888e+22
2340,-2.2963e+22
2397,-2.3022e+22
2628,-2.3061e+22
2902,-2.3081e+22
3237,-2.318e+22
5134,-2.3285e+22
3077,-2.3356e+22
2438,-2.3384e+22
5393,-2.3412e+22
2912,-2.3422e+22
5513,-2.35e+22
3319,-2.3581e+22
3644,-2.3607e+22
4284,-2.3661e+22
3719,-2.3738e+22
5340,-2.3752e+22
3191,-2.3755e+22
2479,-2.3798e+22
4885,-2.381e+22
4894,-2.3842e+22
3038,-2.3842e+22
4770,-2.3916e+22
4776,-2.3938e+22
3322,-2.3948e+22
4823,-2.395e+22
2520,-2.3976e+22
3449,-2.3984e+22
3802,-2.4004e+22
2344,-2.4008e+22
3212,-2.4053e+22
3852,-2.4093e+22
4247,-2.4122e+22
5278,-2.4163e+22
3481,-2.4188e+22
3143,-2.4205e+22
2641,-2.4248e+22
3423,-2.4299e+22
5366,-2.4313e+22
2254,-2.432e+22
2949,-2.4324e+22
2317,-2.4364e+22
2592,-2.4383e+22
3066,-2.4403e+22
3951,-2.4425e+22
4729,-2.4509e+22
4440,-2.4574e+22
4140,-2.4713e+22
2457,-2.4728e+22
4880,-2.474e+22
3794,-2.496e+22
2582,-2.5e+22
3960,-2.5022e+22
5568,-2.5076e+22
2950,-2.5077e+22
2928,-2.5085e+22
2347,-2.5163e+22
4444,-2.5284e+22
3944,-2.5307e+22
5454,-2.5332e+22
4453,-2.5343e+22
4241,-2.5478e+22
3227,-2.5535e+22
2518,-2.5536e+22
5211,-2.5542e+22
4985,-2.5578e+22
4501,-2.5691e+22
3333,-2.5701e+22
5298,-2.5742e+22
2789,-2.5744e+22
4142,-2.5805e+22
4380,-2.5816e+22
4736,-2.5847e+22
3937,-2.5931e+22
4197,-2.5974e+22
4332,-2.6193e+22
4543,-2.6267e+22
5022,-2.6281e+22
2423,-2.6309e+22
2845,-2.6333e+22
4895,-2.6463e+22
2808,-2.6474e+22
3014,-2.6614e+22
2868,-2.6647e+22
3542,-2.6677e+22
4678,-2.6839e+22
4914,-2.6845e+22
4760,-2.7007e+22
4428,-2.7217e+22
3321,-2.7239e+22
4287,-2.7284e+22
3509,-2.7314e+22
5057,-2.7458e+22
3557,-2.7533e+22
2535,-2.7688e+22
3385,-2.7703e+22
3511,-2.7779e+22
2874,-2.7834e+22
3441,-2.7934e+22
4426,-2.8299e+22
2467,-2.8348e+22
2943,-2.844e+22
2955,-2.8541e+22
3793,-2.8644e+22
3783,-2.8735e+22
5538,-2.907e+22
4564,-2.9255e+22
2450,-2.94e+22
4784,-2.9549e+22
4554,-2.9973e+22
4588,-3.0033e+22
4575,-3.0042e+22
4259,-3.027e+22
2684,-3.0272e+22
3083,-3.0611e+22
4486,-3.136e+22
4643,-3.1951e+22
3101,-3.3117e+22
