1,-6.7466e+19
2,-7.0477e+19
3,-7.067e+19
4,-7.1933e+19
5,-7.1981e+19
4753,-7.2929e+19
2998,-7.4964e+19
6,-7.5737e+19
7,-7.5996e+19
8,-7.7001e+19
9,-7.7634e+19
10,-7.7996e+19
5494,-7.846e+19
3058,-7.8934e+19
4879,-8.1591e+19
11,-8.1629e+19
12,-8.2236e+19
13,-8.3342e+19
14,-8.4809e+19
15,-8.5481e+19
5181,-8.6679e+19
16,-8.6879e+19
17,-8.6988e+19
18,-8.7461e+19
19,-8.7474e+19
3706,-8.8329e+19
4311,-8.8761e+19
4081,-9.104e+19
2426,-9.1279e+19
20,-9.2152e+19
5291,-9.2831e+19
3566,-9.3678e+19
5076,-9.3848e+19
3793,-9.3985e+19
4266,-9.4009e+19
4560,-9.4865e+19
5223,-9.5312e+19
3930,-9.5506e+19
5375,-9.5676e+19
4274,-9.6425e+19
21,-9.6758e+19
22,-9.793e+19
3391,-9.834e+19
4794,-9.8801e+19
5169,-9.9104e+19
4712,-1.0012e+20
3667,-1.0044e+20
2739,-1.0114e+20
5316,-1.0362e+20
5252,-1.039e+20
3064,-1.0395e+20
2677,-1.0396e+20
23,-1.0496e+20
2377,-1.0585e+20
3498,-1.0596e+20
24,-1.0621e+20
5571,-1.0659e+20
25,-1.0665e+20
2396,-1.0712e+20
2552,-1.0773e+20
26,-1.0793e+20
27,-1.0829e+20
5575,-1.0904e+20
3653,-1.0957e+20
3796,-1.0995e+20
4672,-1.1032e+20
28,-1.1082e+20
29,-1.1111e+20
30,-1.1113e+20
2635,-1.1242e+20
4578,-1.1258e+20
4247,-1.1261e+20
31,-1.1289e+20
2840,-1.1405e+20
3735,-1.1433e+20
3768,-1.1451e+20
3715,-1.1493e+20
32,-1.169e+20
33,-1.1691e+20
3087,-1.1698e+20
34,-1.1723e+20
35,-1.1781e+20
4231,-1.1801e+20
4559,-1.1842e+20
36,-1.1927e+20
37,-1.1957e+20
5162,-1.1963e+20
38,-1.2044e+20
39,-1.2113e+20
4549,-1.2116e+20
40,-1.2126e+20
5377,-1.2161e+20
3480,-1.2172e+20
41,-1.2224e+20
42,-1.2239e+20
2620,-1.2286e+20
43,-1.2296e+20
4236,-1.2305e+20
2754,-1.2363e+20
3115,-1.2451e+20
2818,-1.2475e+20
5264,-1.2487e+20
44,-1.2505e+20
45,-1.2511e+20
46,-1.2512e+20
47,-1.2527e+20
48,-1.2557e+20
4198,-1.2592e+20
49,-1.2597e+20
50,-1.2607e+20
51,-1.2672e+20
52,-1.2675e+20
53,-1.269e+20
54,-1.2699e+20
2763,-1.2715e+20
55,-1.2732e+20
56,-1.2742e+20
4636,-1.2756e+20
57,-1.276e+20
4396,-1.2776e+20
3323,-1.2841e+20
4196,-1.285e+20
58,-1.2886e+20
5052,-1.2887e+20
59,-1.289e+20
60,-1.294e+20
3833,-1.2978e+20
3333,-1.3039e+20
61,-1.3044e+20
5115,-1.3046e+20
2910,-1.305e+20
62,-1.3051e+20
3496,-1.3063e+20
63,-1.3085e+20
64,-1.3087e+20
65,-1.3096e+20
66,-1.3102e+20
4709,-1.3111e+20
67,-1.312e+20
68,-1.3123e+20
3207,-1.3181e+20
69,-1.3227e+20
70,-1.3234e+20
71,-1.332e+20
72,-1.3324e+20
73,-1.3372e+20
74,-1.3376e+20
75,-1.3465e+20
76,-1.3487e+20
77,-1.3494e+20
4413,-1.3505e+20
2893,-1.3507e+20
78,-1.3533e+20
79,-1.3551e+20
80,-1.3566e+20
81,-1.3614e+20
4331,-1.3618e+20
82,-1.3673e+20
3226,-1.3721e+20
83,-1.3751e+20
4421,-1.3755e+20
84,-1.3766e+20
3694,-1.3791e+20
5249,-1.3801e+20
4649,-1.382e+20
85,-1.3873e+20
86,-1.3877e+20
87,-1.3878e+20
88,-1.3945e+20
5260,-1.3946e+20
89,-1.3951e+20
90,-1.3974e+20
5244,-1.4033e+20
91,-1.4034e+20
92,-1.4035e+20
93,-1.4039e+20
94,-1.406e+20
4079,-1.4066e+20
4092,-1.4079e+20
95,-1.4169e+20
96,-1.4188e+20
2387,-1.4196e+20
97,-1.4218e+20
3372,-1.4229e+20
2353,-1.4245e+20
98,-1.4267e+20
99,-1.4269e+20
100,-1.4281e+20
5347,-1.4343e+20
5167,-1.4406e+20
101,-1.4408e+20
2258,-1.4419e+20
102,-1.4468e+20
2738,-1.4483e+20
103,-1.4517e+20
2341,-1.452e+20
104,-1.4522e+20
105,-1.4569e+20
106,-1.459e+20
3577,-1.46e+20
2945,-1.4606e+20
107,-1.4607e+20
2584,-1.4613e+20
2400,-1.4647e+20
5166,-1.465e+20
2973,-1.4655e+20
108,-1.4741e+20
3726,-1.4763e+20
3240,-1.4784e+20
109,-1.4811e+20
110,-1.4836e+20
3363,-1.4837e+20
111,-1.4838e+20
3548,-1.4926e+20
112,-1.4983e+20
2510,-1.4999e+20
113,-1.5069e+20
2727,-1.5071e+20
3813,-1.5091e+20
3825,-1.5103e+20
114,-1.5116e+20
115,-1.5133e+20
116,-1.5176e+20
117,-1.5202e+20
2790,-1.5219e+20
118,-1.5239e+20
119,-1.525e+20
5007,-1.5271e+20
4648,-1.5294e+20
120,-1.5303e+20
3221,-1.5304e+20
3125,-1.5309e+20
121,-1.5314e+20
5087,-1.5367e+20
2324,-1.5368e+20
5538,-1.5368e+20
4922,-1.5421e+20
122,-1.5433e+20
2655,-1.5532e+20
123,-1.5546e+20
4930,-1.5547e+20
124,-1.5569e+20
3292,-1.5595e+20
3703,-1.5609e+20
4014,-1.5618e+20
125,-1.563e+20
5501,-1.5638e+20
126,-1.567e+20
3326,-1.5686e+20
127,-1.5702e+20
3484,-1.5731e+20
2404,-1.5769e+20
128,-1.5811e+20
129,-1.5823e+20
130,-1.584e+20
4751,-1.5841e+20
131,-1.5845e+20
4587,-1.5912e+20
132,-1.5917e+20
133,-1.5943e+20
134,-1.5967e+20
2473,-1.5971e+20
135,-1.5973e+20
136,-1.5976e+20
3168,-1.6052e+20
4918,-1.607e+20
2985,-1.6147e+20
2639,-1.6167e+20
137,-1.6212e+20
138,-1.6248e+20
139,-1.6255e+20
140,-1.6268e+20
141,-1.6316e+20
142,-1.6319e+20
143,-1.6325e+20
144,-1.634e+20
145,-1.6356e+20
2832,-1.6372e+20
146,-1.6397e+20
3117,-1.642e+20
147,-1.6424e+20
4860,-1.6458e+20
148,-1.6475e+20
4110,-1.6542e+20
149,-1.6543e+20
150,-1.6566e+20
151,-1.6597e+20
4109,-1.6598e+20
152,-1.6614e+20
153,-1.6626e+20
3500,-1.6635e+20
3324,-1.664e+20
154,-1.6663e+20
155,-1.6667e+20
4748,-1.6672e+20
156,-1.6723e+20
157,-1.6754e+20
158,-1.6816e+20
3966,-1.6844e+20
3285,-1.6851e+20
2687,-1.6851e+20
159,-1.6861e+20
160,-1.6883e+20
161,-1.689e+20
4834,-1.6936e+20
2431,-1.6982e+20
162,-1.7001e+20
163,-1.702e+20
5269,-1.7028e+20
164,-1.7044e+20
5208,-1.7064e+20
2742,-1.7107e+20
165,-1.7131e+20
166,-1.7135e+20
167,-1.7137e+20
168,-1.715e+20
169,-1.7158e+20
4172,-1.7225e+20
4819,-1.7264e+20
170,-1.7345e+20
171,-1.7361e+20
5422,-1.7365e+20
3504,-1.7537e+20
172,-1.7581e+20
173,-1.759e+20
174,-1.7596e+20
175,-1.7596e+20
4557,-1.7634e+20
176,-1.7676e+20
177,-1.7715e+20
5081,-1.7734e+20
178,-1.7753e+20
179,-1.7788e+20
180,-1.7794e+20
181,-1.7828e+20
182,-1.7842e+20
4001,-1.785e+20
183,-1.7875e+20
184,-1.7901e+20
4256,-1.7911e+20
3948,-1.7943e+20
3220,-1.7947e+20
5286,-1.796e+20
185,-1.7978e+20
4686,-1.7982e+20
4246,-1.7996e+20
186,-1.8032e+20
2491,-1.8035e+20
3755,-1.8124e+20
3828,-1.8139e+20
4151,-1.815e+20
187,-1.8194e+20
188,-1.8226e+20
4447,-1.8242e+20
189,-1.8275e+20
190,-1.8294e+20
5178,-1.8363e+20
191,-1.8375e+20
192,-1.8401e+20
193,-1.8412e+20
5368,-1.8441e+20
4371,-1.8446e+20
3265,-1.8459e+20
194,-1.8498e+20
195,-1.8527e+20
3212,-1.8556e+20
196,-1.8602e+20
2986,-1.8611e+20
3568,-1.8612e+20
197,-1.8626e+20
198,-1.8709e+20
3177,-1.8787e+20
199,-1.8796e+20
200,-1.8808e+20
4284,-1.8841e+20
201,-1.8893e+20
202,-1.8954e+20
203,-1.8959e+20
3264,-1.8966e+20
204,-1.898e+20
4034,-1.8992e+20
205,-1.9017e+20
3259,-1.903e+20
206,-1.9041e+20
4877,-1.9057e+20
4979,-1.9139e+20
4924,-1.9142e+20
2789,-1.9175e+20
207,-1.9207e+20
4483,-1.9224e+20
208,-1.9253e+20
209,-1.926e+20
5350,-1.9347e+20
210,-1.9374e+20
211,-1.9402e+20
5423,-1.9411e+20
212,-1.9426e+20
213,-1.9446e+20
3959,-1.952e+20
214,-1.9585e+20
215,-1.9607e+20
5318,-1.9623e+20
5400,-1.9624e+20
2432,-1.9644e+20
216,-1.9707e+20
217,-1.9719e+20
3052,-1.9726e+20
3939,-1.9733e+20
218,-1.9777e+20
219,-1.9806e+20
220,-1.9825e+20
4995,-1.9871e+20
221,-1.9901e+20
4069,-1.9937e+20
222,-1.9937e+20
223,-1.9965e+20
224,-2.0008e+20
225,-2.0028e+20
3820,-2.0065e+20
3414,-2.0086e+20
226,-2.0093e+20
4393,-2.0114e+20
4893,-2.0147e+20
227,-2.016e+20
5151,-2.0222e+20
2550,-2.0242e+20
228,-2.0316e+20
229,-2.0354e+20
5541,-2.0406e+20
230,-2.0407e+20
3173,-2.042e+20
2350,-2.0456e+20
231,-2.0466e+20
232,-2.0484e+20
4291,-2.049e+20
233,-2.0493e+20
234,-2.0495e+20
235,-2.0496e+20
236,-2.0565e+20
2459,-2.0601e+20
237,-2.0655e+20
2577,-2.0663e+20
2609,-2.0731e+20
238,-2.0847e+20
239,-2.0851e+20
240,-2.0878e+20
4141,-2.0901e+20
241,-2.0933e+20
242,-2.0948e+20
4108,-2.0988e+20
243,-2.0995e+20
244,-2.1074e+20
245,-2.1085e+20
246,-2.1103e+20
247,-2.1114e+20
248,-2.114e+20
249,-2.1222e+20
250,-2.128e+20
251,-2.1288e+20
2534,-2.1296e+20
252,-2.1306e+20
253,-2.1317e+20
4792,-2.1323e+20
254,-2.1334e+20
255,-2.15e+20
4523,-2.1509e+20
4832,-2.1511e+20
256,-2.157e+20
257,-2.1658e+20
5525,-2.1664e+20
5367,-2.1668e+20
4024,-2.1694e+20
258,-2.17e+20
259,-2.1714e+20
2451,-2.1721e+20
3383,-2.1741e+20
260,-2.1793e+20
4106,-2.1822e+20
261,-2.1856e+20
262,-2.1938e+20
263,-2.1963e+20
3445,-2.2076e+20
2344,-2.2115e+20
264,-2.2142e+20
4115,-2.2209e+20
3036,-2.2275e+20
265,-2.2277e+20
5508,-2.2302e+20
3724,-2.2356e+20
266,-2.2388e+20
267,-2.2396e+20
268,-2.2462e+20
2720,-2.2477e+20
269,-2.2494e+20
270,-2.2568e+20
2501,-2.2583e+20
2880,-2.2589e+20
271,-2.2641e+20
2640,-2.2766e+20
272,-2.2793e+20
2502,-2.2821e+20
3472,-2.2895e+20
273,-2.2926e+20
4197,-2.2977e+20
5324,-2.2986e+20
274,-2.3076e+20
275,-2.3099e+20
3353,-2.31e+20
3797,-2.3101e+20
3085,-2.3121e+20
4902,-2.3166e+20
276,-2.319e+20
277,-2.3207e+20
2753,-2.3258e+20
278,-2.3301e+20
3107,-2.3317e+20
279,-2.3383e+20
280,-2.34e+20
281,-2.34e+20
3241,-2.3431e+20
282,-2.3436e+20
283,-2.3458e+20
284,-2.3495e+20
2984,-2.3517e+20
4721,-2.3541e+20
285,-2.3543e+20
286,-2.3571e+20
287,-2.3575e+20
288,-2.3582e+20
289,-2.3697e+20
4350,-2.3697e+20
4030,-2.3709e+20
4424,-2.3709e+20
290,-2.374e+20
5000,-2.3763e+20
291,-2.3873e+20
4220,-2.3882e+20
292,-2.3907e+20
293,-2.3915e+20
294,-2.3945e+20
295,-2.3948e+20
4638,-2.3972e+20
2384,-2.4007e+20
296,-2.4014e+20
297,-2.4038e+20
3679,-2.4044e+20
298,-2.4065e+20
299,-2.4101e+20
300,-2.4102e+20
3044,-2.4129e+20
301,-2.4136e+20
302,-2.4141e+20
2967,-2.4182e+20
4708,-2.4209e+20
4662,-2.421e+20
303,-2.4289e+20
3404,-2.429e+20
304,-2.4398e+20
305,-2.4399e+20
4173,-2.4412e+20
4992,-2.4424e+20
306,-2.4427e+20
2798,-2.4439e+20
307,-2.4472e+20
4913,-2.4494e+20
308,-2.4504e+20
4103,-2.4576e+20
309,-2.4608e+20
2811,-2.4632e+20
2419,-2.4653e+20
310,-2.4698e+20
311,-2.4715e+20
3180,-2.4926e+20
2524,-2.4941e+20
312,-2.4979e+20
3131,-2.5003e+20
313,-2.5054e+20
5130,-2.5089e+20
5037,-2.5127e+20
314,-2.5147e+20
315,-2.5174e+20
316,-2.5176e+20
2930,-2.5207e+20
4734,-2.5222e+20
3859,-2.5229e+20
317,-2.5298e+20
318,-2.5313e+20
319,-2.5319e+20
320,-2.5372e+20
5378,-2.5401e+20
321,-2.5436e+20
322,-2.5529e+20
4085,-2.5658e+20
3144,-2.567e+20
323,-2.5682e+20
5342,-2.5695e+20
3611,-2.5697e+20
5457,-2.5724e+20
4615,-2.584e+20
324,-2.5851e+20
325,-2.5877e+20
3720,-2.5908e+20
326,-2.6022e+20
2722,-2.6053e+20
3129,-2.606e+20
327,-2.6085e+20
3663,-2.6155e+20
328,-2.6174e+20
329,-2.6239e+20
330,-2.6301e+20
4846,-2.6319e+20
5132,-2.6397e+20
4452,-2.6553e+20
331,-2.6555e+20
332,-2.6599e+20
333,-2.6603e+20
334,-2.6625e+20
3004,-2.6743e+20
5518,-2.6769e+20
5522,-2.6785e+20
4416,-2.6793e+20
335,-2.68e+20
2746,-2.6841e+20
336,-2.6908e+20
337,-2.698e+20
5482,-2.7009e+20
338,-2.7202e+20
3921,-2.7215e+20
4083,-2.7238e+20
5237,-2.7314e+20
3290,-2.7317e+20
339,-2.7338e+20
4699,-2.7485e+20
340,-2.7487e+20
3083,-2.7512e+20
4462,-2.7543e+20
341,-2.7549e+20
2289,-2.7684e+20
342,-2.7721e+20
343,-2.7727e+20
5240,-2.7738e+20
2436,-2.7746e+20
2412,-2.7752e+20
4456,-2.7814e+20
344,-2.7853e+20
345,-2.7868e+20
346,-2.8189e+20
347,-2.8258e+20
4224,-2.8288e+20
348,-2.8388e+20
5320,-2.8454e+20
4738,-2.846e+20
349,-2.8517e+20
2962,-2.8586e+20
350,-2.8598e+20
2936,-2.8633e+20
351,-2.8639e+20
352,-2.8646e+20
353,-2.8651e+20
4265,-2.8658e+20
354,-2.8665e+20
2543,-2.8686e+20
355,-2.8691e+20
356,-2.872e+20
2897,-2.8727e+20
357,-2.8782e+20
358,-2.8787e+20
5513,-2.8804e+20
3134,-2.8832e+20
359,-2.8891e+20
4695,-2.8991e+20
360,-2.8992e+20
361,-2.9053e+20
362,-2.9128e+20
363,-2.9142e+20
364,-2.9301e+20
2734,-2.9336e+20
2829,-2.9381e+20
365,-2.9398e+20
366,-2.9469e+20
367,-2.9473e+20
368,-2.9536e+20
4272,-2.9549e+20
369,-2.9591e+20
370,-2.9698e+20
371,-2.9777e+20
372,-2.9834e+20
373,-2.9836e+20
374,-2.9861e+20
4226,-2.9878e+20
375,-2.993e+20
3196,-2.9984e+20
376,-3.0028e+20
377,-3.0041e+20
378,-3.0047e+20
379,-3.0072e+20
4043,-3.0079e+20
380,-3.01e+20
3309,-3.011e+20
381,-3.0197e+20
3691,-3.0249e+20
382,-3.0258e+20
383,-3.0288e+20
3749,-3.0295e+20
384,-3.0395e+20
3175,-3.0417e+20
5510,-3.0423e+20
3169,-3.0444e+20
385,-3.0483e+20
3687,-3.0519e+20
386,-3.0522e+20
387,-3.0532e+20
388,-3.0545e+20
389,-3.0722e+20
4874,-3.0757e+20
390,-3.0791e+20
4843,-3.0792e+20
2817,-3.0818e+20
391,-3.0946e+20
4633,-3.0954e+20
3341,-3.0968e+20
2401,-3.099e+20
3188,-3.0991e+20
5336,-3.1007e+20
392,-3.1025e+20
393,-3.1047e+20
4635,-3.1088e+20
4477,-3.109e+20
394,-3.1137e+20
4888,-3.1319e+20
395,-3.1369e+20
5536,-3.1438e+20
396,-3.1458e+20
4074,-3.1607e+20
397,-3.1622e+20
4682,-3.1764e+20
398,-3.1786e+20
399,-3.1814e+20
3247,-3.1831e+20
400,-3.1853e+20
401,-3.1917e+20
402,-3.1968e+20
403,-3.2013e+20
5267,-3.2031e+20
404,-3.2043e+20
3716,-3.2046e+20
405,-3.2097e+20
406,-3.2268e+20
407,-3.2268e+20
408,-3.2375e+20
2504,-3.2405e+20
409,-3.2421e+20
5273,-3.2511e+20
4427,-3.2663e+20
410,-3.2696e+20
4325,-3.2769e+20
411,-3.2887e+20
412,-3.2965e+20
413,-3.302e+20
3695,-3.3059e+20
4754,-3.31e+20
414,-3.3113e+20
3154,-3.3138e+20
4000,-3.3162e+20
415,-3.3232e+20
416,-3.3278e+20
3741,-3.3291e+20
3779,-3.3436e+20
3777,-3.3524e+20
417,-3.3535e+20
4583,-3.3764e+20
418,-3.3781e+20
3145,-3.3948e+20
419,-3.3976e+20
5039,-3.4019e+20
4297,-3.4065e+20
420,-3.4104e+20
421,-3.4113e+20
4213,-3.4152e+20
2293,-3.4157e+20
3457,-3.4188e+20
422,-3.4226e+20
5421,-3.4239e+20
423,-3.4246e+20
424,-3.4357e+20
3185,-3.4425e+20
425,-3.4489e+20
426,-3.4501e+20
3424,-3.4553e+20
5313,-3.4578e+20
3456,-3.459e+20
427,-3.4683e+20
3487,-3.4766e+20
4532,-3.4771e+20
428,-3.4782e+20
429,-3.4806e+20
430,-3.4846e+20
4171,-3.4846e+20
431,-3.4877e+20
3508,-3.4983e+20
4857,-3.5069e+20
432,-3.5142e+20
433,-3.5176e+20
434,-3.5218e+20
3476,-3.5258e+20
435,-3.529e+20
2611,-3.5347e+20
436,-3.5347e+20
4035,-3.5352e+20
4472,-3.5355e+20
437,-3.5368e+20
4269,-3.5387e+20
438,-3.5497e+20
2733,-3.5566e+20
439,-3.5603e+20
440,-3.5615e+20
441,-3.5668e+20
442,-3.5706e+20
4191,-3.5758e+20
4700,-3.5772e+20
3877,-3.5802e+20
2307,-3.5813e+20
443,-3.5881e+20
444,-3.5925e+20
445,-3.5992e+20
446,-3.6013e+20
447,-3.614e+20
5476,-3.6146e+20
448,-3.6203e+20
449,-3.6341e+20
450,-3.6386e+20
4010,-3.6445e+20
3931,-3.6466e+20
5275,-3.6486e+20
3300,-3.6528e+20
5061,-3.6624e+20
3957,-3.6678e+20
3658,-3.6718e+20
451,-3.6732e+20
452,-3.6756e+20
453,-3.6772e+20
3443,-3.6817e+20
454,-3.6866e+20
455,-3.6952e+20
5046,-3.6961e+20
456,-3.7117e+20
5103,-3.713e+20
457,-3.7138e+20
5038,-3.7239e+20
458,-3.7305e+20
3509,-3.7333e+20
459,-3.7341e+20
460,-3.7454e+20
461,-3.7479e+20
3962,-3.7532e+20
462,-3.7568e+20
463,-3.7691e+20
464,-3.7763e+20
5051,-3.7763e+20
465,-3.7766e+20
2346,-3.7811e+20
3340,-3.7899e+20
466,-3.7929e+20
467,-3.7959e+20
2478,-3.7976e+20
468,-3.7994e+20
469,-3.8022e+20
3662,-3.811e+20
470,-3.8162e+20
2265,-3.8249e+20
4959,-3.8251e+20
3570,-3.8314e+20
471,-3.8327e+20
472,-3.8387e+20
473,-3.8448e+20
474,-3.8474e+20
475,-3.8476e+20
476,-3.8517e+20
4770,-3.868e+20
477,-3.8694e+20
4326,-3.8696e+20
478,-3.8703e+20
4871,-3.8759e+20
3731,-3.8783e+20
479,-3.8816e+20
3426,-3.8852e+20
2909,-3.897e+20
2383,-3.9073e+20
480,-3.909e+20
481,-3.9116e+20
482,-3.9155e+20
483,-3.917e+20
2974,-3.9171e+20
5580,-3.9268e+20
484,-3.9327e+20
485,-3.936e+20
486,-3.9392e+20
4986,-3.9433e+20
3759,-3.9461e+20
487,-3.9547e+20
2278,-3.9559e+20
5043,-3.9613e+20
488,-3.9614e+20
489,-3.962e+20
490,-3.9698e+20
491,-3.9853e+20
492,-3.9951e+20
493,-3.9982e+20
494,-4.0063e+20
495,-4.0385e+20
496,-4.0443e+20
497,-4.0559e+20
498,-4.0563e+20
3378,-4.0573e+20
4543,-4.0611e+20
499,-4.0653e+20
5411,-4.0751e+20
500,-4.0775e+20
5410,-4.0789e+20
3680,-4.0802e+20
501,-4.0943e+20
4148,-4.0943e+20
502,-4.0952e+20
503,-4.0974e+20
504,-4.1136e+20
505,-4.1174e+20
506,-4.121e+20
4999,-4.1231e+20
2749,-4.1276e+20
507,-4.1416e+20
508,-4.1471e+20
4249,-4.1514e+20
509,-4.1588e+20
2862,-4.1666e+20
510,-4.1702e+20
511,-4.1722e+20
4892,-4.1729e+20
512,-4.184e+20
513,-4.1885e+20
514,-4.1898e+20
3674,-4.2007e+20
515,-4.2031e+20
516,-4.2047e+20
3906,-4.207e+20
517,-4.2123e+20
2681,-4.2149e+20
518,-4.2239e+20
519,-4.2304e+20
520,-4.2343e+20
521,-4.2359e+20
2380,-4.24e+20
522,-4.2622e+20
523,-4.2625e+20
524,-4.2889e+20
4847,-4.289e+20
525,-4.2956e+20
526,-4.2958e+20
2839,-4.3018e+20
527,-4.3023e+20
528,-4.3034e+20
529,-4.306e+20
3979,-4.3061e+20
530,-4.3067e+20
5534,-4.3073e+20
2561,-4.3084e+20
531,-4.3152e+20
532,-4.3167e+20
5479,-4.317e+20
533,-4.3198e+20
534,-4.3203e+20
3761,-4.3346e+20
535,-4.3356e+20
536,-4.3512e+20
537,-4.358e+20
538,-4.3756e+20
3929,-4.3759e+20
539,-4.3766e+20
4887,-4.3828e+20
3976,-4.3847e+20
540,-4.3926e+20
541,-4.4071e+20
4558,-4.4108e+20
542,-4.414e+20
543,-4.416e+20
544,-4.4209e+20
545,-4.4244e+20
546,-4.4253e+20
547,-4.4267e+20
4895,-4.4513e+20
4072,-4.4527e+20
548,-4.4552e+20
2740,-4.474e+20
3157,-4.475e+20
4409,-4.4811e+20
549,-4.4861e+20
550,-4.4878e+20
5472,-4.4992e+20
551,-4.5001e+20
552,-4.5154e+20
2824,-4.5213e+20
3682,-4.5252e+20
553,-4.541e+20
3867,-4.5455e+20
4057,-4.5585e+20
3113,-4.5653e+20
3934,-4.5714e+20
2899,-4.5715e+20
554,-4.5728e+20
2527,-4.5752e+20
2374,-4.5787e+20
2244,-4.5853e+20
555,-4.5901e+20
4052,-4.5966e+20
556,-4.6047e+20
557,-4.6066e+20
558,-4.6139e+20
5512,-4.6326e+20
2567,-4.6339e+20
2715,-4.6567e+20
559,-4.6572e+20
560,-4.6638e+20
561,-4.6662e+20
5215,-4.6687e+20
2532,-4.6703e+20
562,-4.674e+20
563,-4.6748e+20
564,-4.6764e+20
5224,-4.6824e+20
3708,-4.6896e+20
2726,-4.6907e+20
3183,-4.6949e+20
565,-4.6967e+20
566,-4.7252e+20
3025,-4.726e+20
4718,-4.7318e+20
5222,-4.7404e+20
567,-4.7479e+20
568,-4.7485e+20
569,-4.7559e+20
2297,-4.7625e+20
570,-4.7688e+20
4481,-4.7713e+20
571,-4.8085e+20
3517,-4.8085e+20
4345,-4.8227e+20
572,-4.8283e+20
573,-4.8423e+20
574,-4.8504e+20
575,-4.8534e+20
576,-4.8552e+20
5124,-4.8576e+20
2872,-4.8667e+20
577,-4.8943e+20
4177,-4.9032e+20
578,-4.9225e+20
579,-4.9288e+20
2676,-4.9319e+20
2847,-4.9415e+20
3933,-4.9439e+20
4228,-4.9466e+20
580,-4.9469e+20
2905,-4.9588e+20
581,-4.965e+20
4513,-4.9935e+20
582,-5.0153e+20
583,-5.0169e+20
3165,-5.0207e+20
4969,-5.0306e+20
4433,-5.0336e+20
584,-5.0397e+20
2983,-5.053e+20
585,-5.0539e+20
3950,-5.0625e+20
586,-5.0733e+20
587,-5.0748e+20
2863,-5.0778e+20
588,-5.0821e+20
589,-5.088e+20
590,-5.0948e+20
2277,-5.1004e+20
2661,-5.121e+20
591,-5.1282e+20
592,-5.1359e+20
593,-5.1406e+20
2977,-5.1429e+20
3610,-5.1429e+20
594,-5.1507e+20
5493,-5.1604e+20
2503,-5.1646e+20
595,-5.1728e+20
2856,-5.1858e+20
596,-5.1878e+20
5398,-5.1909e+20
3243,-5.1912e+20
597,-5.1987e+20
598,-5.1992e+20
599,-5.2067e+20
600,-5.2289e+20
3830,-5.2309e+20
601,-5.2381e+20
602,-5.2481e+20
4368,-5.2611e+20
4698,-5.2764e+20
603,-5.2783e+20
604,-5.2885e+20
605,-5.3008e+20
606,-5.3163e+20
3278,-5.3203e+20
2477,-5.3394e+20
2507,-5.3412e+20
607,-5.3521e+20
608,-5.3561e+20
609,-5.358e+20
610,-5.3608e+20
611,-5.3695e+20
612,-5.3737e+20
4489,-5.4008e+20
613,-5.4068e+20
3013,-5.4188e+20
614,-5.4212e+20
615,-5.4229e+20
4492,-5.4314e+20
616,-5.4365e+20
5467,-5.4449e+20
2322,-5.4451e+20
617,-5.4572e+20
618,-5.4618e+20
619,-5.4708e+20
620,-5.4748e+20
621,-5.4785e+20
622,-5.4814e+20
623,-5.494e+20
4399,-5.5029e+20
3814,-5.5105e+20
624,-5.5325e+20
625,-5.5341e+20
626,-5.5476e+20
627,-5.5783e+20
4066,-5.5797e+20
2417,-5.5844e+20
5354,-5.5851e+20
4725,-5.5858e+20
628,-5.5859e+20
4382,-5.6046e+20
629,-5.6164e+20
630,-5.6169e+20
3989,-5.6177e+20
631,-5.6309e+20
632,-5.6321e+20
4552,-5.6458e+20
2425,-5.6486e+20
633,-5.6512e+20
634,-5.6771e+20
3371,-5.6866e+20
635,-5.7054e+20
636,-5.7155e+20
3387,-5.716e+20
637,-5.7162e+20
638,-5.7163e+20
639,-5.724e+20
640,-5.7277e+20
641,-5.7351e+20
4971,-5.7378e+20
5370,-5.745e+20
642,-5.7481e+20
4876,-5.7497e+20
643,-5.7544e+20
4379,-5.7554e+20
4094,-5.7621e+20
644,-5.7965e+20
4853,-5.7968e+20
645,-5.8007e+20
5059,-5.8031e+20
646,-5.8072e+20
647,-5.8096e+20
648,-5.8114e+20
649,-5.818e+20
650,-5.8264e+20
3683,-5.8435e+20
2599,-5.8533e+20
651,-5.8577e+20
3601,-5.8625e+20
652,-5.8737e+20
653,-5.8789e+20
4772,-5.8912e+20
3991,-5.8963e+20
654,-5.8964e+20
655,-5.8968e+20
656,-5.9083e+20
4688,-5.9174e+20
657,-5.9261e+20
658,-5.9396e+20
659,-5.941e+20
5299,-5.9467e+20
660,-5.9483e+20
661,-5.9489e+20
662,-5.959e+20
5195,-5.9594e+20
663,-5.9736e+20
664,-5.9777e+20
2724,-5.9788e+20
665,-5.9832e+20
666,-5.9837e+20
2528,-5.9842e+20
667,-5.9952e+20
668,-5.9988e+20
669,-6.0007e+20
4566,-6.0032e+20
670,-6.0055e+20
2654,-6.0059e+20
671,-6.0063e+20
3561,-6.0158e+20
672,-6.0233e+20
673,-6.0235e+20
674,-6.0277e+20
5070,-6.0349e+20
675,-6.035e+20
676,-6.0542e+20
677,-6.0808e+20
4683,-6.0832e+20
4120,-6.0883e+20
5033,-6.092e+20
678,-6.0924e+20
679,-6.1022e+20
680,-6.1112e+20
681,-6.1182e+20
682,-6.1294e+20
683,-6.1297e+20
684,-6.1303e+20
4802,-6.1376e+20
685,-6.1512e+20
686,-6.1591e+20
5293,-6.1628e+20
687,-6.1635e+20
688,-6.168e+20
689,-6.1721e+20
4473,-6.1821e+20
690,-6.1842e+20
3377,-6.1874e+20
691,-6.2169e+20
2868,-6.2558e+20
2636,-6.2649e+20
4091,-6.2654e+20
2628,-6.2749e+20
3753,-6.2896e+20
692,-6.2911e+20
2770,-6.2931e+20
2498,-6.2959e+20
693,-6.2963e+20
3235,-6.2986e+20
694,-6.3162e+20
695,-6.3356e+20
3202,-6.3358e+20
696,-6.342e+20
697,-6.3524e+20
3331,-6.362e+20
698,-6.3628e+20
3608,-6.3749e+20
3432,-6.3768e+20
2243,-6.3847e+20
2699,-6.3939e+20
699,-6.3977e+20
4825,-6.4084e+20
700,-6.415e+20
701,-6.4382e+20
5040,-6.4624e+20
702,-6.4676e+20
3977,-6.4833e+20
703,-6.494e+20
704,-6.5136e+20
705,-6.5136e+20
706,-6.5348e+20
4476,-6.5646e+20
707,-6.5667e+20
708,-6.5789e+20
709,-6.5955e+20
710,-6.6094e+20
4611,-6.6185e+20
711,-6.6227e+20
3462,-6.6344e+20
4202,-6.6463e+20
4087,-6.6495e+20
712,-6.6644e+20
3821,-6.6763e+20
5063,-6.6764e+20
713,-6.6852e+20
5278,-6.6884e+20
714,-6.6891e+20
4927,-6.6903e+20
2364,-6.696e+20
3361,-6.6991e+20
715,-6.7064e+20
2600,-6.7078e+20
5390,-6.713e+20
716,-6.7241e+20
717,-6.7276e+20
2513,-6.7285e+20
3428,-6.744e+20
3903,-6.7467e+20
718,-6.7488e+20
719,-6.7664e+20
720,-6.7731e+20
721,-6.7895e+20
722,-6.7922e+20
4500,-6.803e+20
723,-6.8119e+20
4901,-6.8225e+20
724,-6.825e+20
2864,-6.832e+20
725,-6.8461e+20
726,-6.8523e+20
727,-6.8575e+20
3049,-6.8697e+20
728,-6.8769e+20
5430,-6.8841e+20
729,-6.8889e+20
3142,-6.8891e+20
730,-6.8925e+20
731,-6.8929e+20
732,-6.9093e+20
733,-6.9095e+20
734,-6.9122e+20
5128,-6.916e+20
735,-6.9213e+20
3944,-6.9359e+20
4240,-6.9389e+20
3657,-6.9421e+20
4159,-6.9518e+20
736,-6.952e+20
737,-6.9563e+20
2976,-6.9678e+20
2515,-6.9712e+20
738,-6.9745e+20
739,-6.9783e+20
4388,-6.979e+20
5533,-6.9844e+20
740,-6.9897e+20
3868,-6.9918e+20
741,-6.9982e+20
742,-7.0085e+20
3455,-7.0111e+20
4369,-7.0218e+20
3184,-7.022e+20
743,-7.0332e+20
744,-7.0364e+20
4522,-7.0585e+20
5163,-7.068e+20
2375,-7.0758e+20
2643,-7.0889e+20
745,-7.0916e+20
746,-7.101e+20
747,-7.1156e+20
4600,-7.122e+20
5431,-7.1309e+20
748,-7.1383e+20
749,-7.1457e+20
750,-7.1467e+20
4041,-7.1571e+20
751,-7.1664e+20
4107,-7.1798e+20
752,-7.1808e+20
753,-7.1881e+20
2467,-7.1899e+20
3499,-7.1909e+20
754,-7.1948e+20
5147,-7.1972e+20
4653,-7.2061e+20
755,-7.2089e+20
2280,-7.2151e+20
756,-7.2192e+20
2822,-7.2264e+20
4628,-7.2287e+20
757,-7.2363e+20
2320,-7.2545e+20
758,-7.2632e+20
759,-7.2691e+20
760,-7.2701e+20
761,-7.274e+20
762,-7.2741e+20
763,-7.2822e+20
5407,-7.2976e+20
764,-7.3157e+20
2475,-7.3165e+20
765,-7.3203e+20
3996,-7.3282e+20
766,-7.3346e+20
767,-7.3453e+20
768,-7.3486e+20
3712,-7.3498e+20
4026,-7.3522e+20
769,-7.354e+20
770,-7.3608e+20
771,-7.3616e+20
2261,-7.3696e+20
5305,-7.3733e+20
772,-7.375e+20
773,-7.3907e+20
5080,-7.3955e+20
774,-7.401e+20
775,-7.4057e+20
776,-7.411e+20
4848,-7.4124e+20
4303,-7.4154e+20
777,-7.4213e+20
778,-7.425e+20
779,-7.4288e+20
3370,-7.4522e+20
780,-7.4538e+20
2975,-7.4585e+20
781,-7.4682e+20
782,-7.4691e+20
783,-7.4702e+20
784,-7.4719e+20
785,-7.4781e+20
2644,-7.494e+20
3919,-7.4953e+20
2853,-7.5049e+20
2253,-7.5125e+20
4878,-7.5129e+20
786,-7.5242e+20
787,-7.5287e+20
4590,-7.5302e+20
788,-7.5373e+20
3901,-7.5546e+20
4343,-7.5734e+20
789,-7.5744e+20
790,-7.5835e+20
791,-7.5858e+20
4342,-7.5861e+20
2370,-7.5943e+20
792,-7.5988e+20
793,-7.6118e+20
2464,-7.6161e+20
794,-7.6269e+20
5506,-7.6296e+20
795,-7.6385e+20
796,-7.6406e+20
797,-7.6529e+20
2488,-7.6589e+20
5230,-7.6614e+20
798,-7.6729e+20
2933,-7.6877e+20
799,-7.6973e+20
2406,-7.7008e+20
800,-7.7108e+20
801,-7.75e+20
802,-7.769e+20
803,-7.7772e+20
804,-7.7817e+20
5337,-7.7824e+20
3325,-7.8064e+20
805,-7.827e+20
4278,-7.8276e+20
806,-7.8391e+20
807,-7.8441e+20
808,-7.849e+20
4392,-7.8491e+20
809,-7.8518e+20
810,-7.8546e+20
5556,-7.8718e+20
2805,-7.8744e+20
811,-7.8867e+20
3233,-7.9096e+20
3552,-7.9156e+20
812,-7.9357e+20
4223,-7.944e+20
813,-7.9506e+20
2618,-7.9664e+20
4098,-7.967e+20
3193,-7.9675e+20
814,-7.9683e+20
3227,-7.9734e+20
815,-7.9773e+20
816,-7.9779e+20
817,-7.9793e+20
818,-7.9807e+20
819,-7.9831e+20
3949,-7.9856e+20
820,-7.9959e+20
3347,-8.0297e+20
3008,-8.0307e+20
821,-8.04e+20
822,-8.0424e+20
823,-8.0451e+20
4383,-8.0679e+20
824,-8.0691e+20
825,-8.0722e+20
826,-8.0782e+20
827,-8.0817e+20
4408,-8.1094e+20
828,-8.1249e+20
829,-8.1305e+20
830,-8.133e+20
5348,-8.1529e+20
4616,-8.1542e+20
831,-8.155e+20
5102,-8.1575e+20
832,-8.1613e+20
4356,-8.1669e+20
833,-8.1708e+20
834,-8.1764e+20
5206,-8.1826e+20
835,-8.1858e+20
5341,-8.1889e+20
3367,-8.193e+20
5444,-8.2e+20
2921,-8.2073e+20
3781,-8.2133e+20
836,-8.2287e+20
3356,-8.2316e+20
837,-8.2334e+20
838,-8.2351e+20
3485,-8.2422e+20
839,-8.2529e+20
840,-8.2535e+20
841,-8.2555e+20
4861,-8.261e+20
842,-8.2664e+20
843,-8.2672e+20
5060,-8.2738e+20
2748,-8.2859e+20
844,-8.2903e+20
2744,-8.2915e+20
845,-8.2949e+20
846,-8.2957e+20
5121,-8.2995e+20
847,-8.3006e+20
3245,-8.3026e+20
848,-8.3111e+20
2397,-8.314e+20
2712,-8.3261e+20
2455,-8.3314e+20
849,-8.3336e+20
850,-8.3347e+20
4996,-8.3409e+20
4194,-8.3423e+20
851,-8.3562e+20
852,-8.3604e+20
2706,-8.3681e+20
853,-8.369e+20
2649,-8.3788e+20
2485,-8.3882e+20
5227,-8.4029e+20
854,-8.4064e+20
855,-8.4148e+20
856,-8.421e+20
3685,-8.4324e+20
4333,-8.4354e+20
3467,-8.4414e+20
857,-8.4414e+20
858,-8.443e+20
859,-8.4682e+20
860,-8.4803e+20
3108,-8.4832e+20
5442,-8.4844e+20
861,-8.4857e+20
862,-8.4863e+20
863,-8.495e+20
864,-8.5117e+20
4799,-8.5455e+20
865,-8.5462e+20
4394,-8.5554e+20
4968,-8.5578e+20
866,-8.5606e+20
4811,-8.5635e+20
867,-8.5671e+20
2927,-8.5702e+20
868,-8.5804e+20
3089,-8.5868e+20
869,-8.6033e+20
3096,-8.6121e+20
2547,-8.6275e+20
3602,-8.6324e+20
3505,-8.6346e+20
2951,-8.6418e+20
870,-8.6473e+20
871,-8.6515e+20
3612,-8.6687e+20
4089,-8.6769e+20
872,-8.6774e+20
4793,-8.6914e+20
873,-8.6996e+20
3736,-8.7049e+20
3751,-8.7205e+20
874,-8.7255e+20
875,-8.7611e+20
876,-8.7622e+20
877,-8.7673e+20
878,-8.7722e+20
879,-8.7761e+20
2298,-8.7784e+20
880,-8.7833e+20
3007,-8.8203e+20
881,-8.8213e+20
4786,-8.8228e+20
882,-8.8234e+20
5174,-8.8638e+20
3515,-8.8698e+20
883,-8.8876e+20
3490,-8.8908e+20
4866,-8.8926e+20
4449,-8.896e+20
884,-8.9076e+20
885,-8.9161e+20
4027,-8.9307e+20
886,-8.9356e+20
2471,-8.9378e+20
3767,-8.9411e+20
887,-8.944e+20
888,-8.9465e+20
3669,-8.9536e+20
889,-8.9658e+20
890,-8.9722e+20
891,-8.998e+20
892,-8.9996e+20
4059,-9.0021e+20
893,-9.0257e+20
894,-9.0327e+20
3478,-9.0743e+20
5593,-9.0805e+20
3837,-9.0901e+20
3446,-9.0944e+20
895,-9.0996e+20
2857,-9.1055e+20
3818,-9.1116e+20
3216,-9.1122e+20
2591,-9.1225e+20
4289,-9.1356e+20
3248,-9.1416e+20
896,-9.1509e+20
3121,-9.1521e+20
5382,-9.1562e+20
897,-9.1651e+20
4963,-9.1674e+20
4804,-9.1709e+20
4397,-9.1827e+20
898,-9.1865e+20
899,-9.1879e+20
4367,-9.1921e+20
4684,-9.196e+20
4914,-9.2009e+20
3402,-9.205e+20
900,-9.2264e+20
3993,-9.2265e+20
5339,-9.2283e+20
901,-9.2349e+20
902,-9.2356e+20
903,-9.2386e+20
4977,-9.2403e+20
904,-9.2408e+20
3401,-9.2431e+20
4598,-9.2512e+20
2333,-9.2605e+20
905,-9.2663e+20
906,-9.2695e+20
907,-9.2949e+20
2968,-9.2953e+20
4501,-9.3005e+20
908,-9.3069e+20
4139,-9.3171e+20
909,-9.3248e+20
5371,-9.3311e+20
910,-9.3647e+20
911,-9.393e+20
912,-9.4034e+20
913,-9.4089e+20
914,-9.4107e+20
915,-9.4114e+20
4939,-9.4169e+20
916,-9.4222e+20
4195,-9.4424e+20
917,-9.4648e+20
918,-9.4656e+20
919,-9.4667e+20
3913,-9.4674e+20
920,-9.4905e+20
921,-9.4937e+20
3028,-9.5033e+20
2523,-9.5206e+20
922,-9.5211e+20
923,-9.5251e+20
4332,-9.5419e+20
924,-9.5484e+20
925,-9.5506e+20
926,-9.5595e+20
3364,-9.5654e+20
927,-9.5673e+20
928,-9.5788e+20
929,-9.5829e+20
930,-9.5835e+20
931,-9.6031e+20
932,-9.6337e+20
933,-9.6385e+20
934,-9.6424e+20
935,-9.6427e+20
936,-9.6489e+20
937,-9.6542e+20
938,-9.6592e+20
4854,-9.6749e+20
939,-9.675e+20
940,-9.6752e+20
5144,-9.6758e+20
3077,-9.6838e+20
941,-9.6887e+20
3091,-9.6912e+20
3406,-9.7148e+20
942,-9.7374e+20
943,-9.7433e+20
944,-9.7485e+20
5177,-9.7494e+20
945,-9.761e+20
946,-9.763e+20
5205,-9.7683e+20
4455,-9.7801e+20
5412,-9.7811e+20
947,-9.8014e+20
948,-9.8026e+20
949,-9.8046e+20
950,-9.8325e+20
951,-9.8366e+20
2645,-9.8419e+20
2680,-9.8613e+20
952,-9.8651e+20
953,-9.8657e+20
3630,-9.867e+20
4147,-9.8834e+20
2518,-9.8971e+20
954,-9.8985e+20
2499,-9.9077e+20
3337,-9.9272e+20
4189,-9.9274e+20
955,-9.9328e+20
3127,-9.9414e+20
2260,-9.9607e+20
956,-9.9628e+20
3533,-9.973e+20
4063,-9.984e+20
957,-9.9855e+20
4180,-9.9881e+20
958,-9.9883e+20
2520,-9.9903e+20
959,-1.0009e+21
960,-1.0029e+21
961,-1.0037e+21
962,-1.0038e+21
963,-1.0039e+21
3804,-1.0051e+21
964,-1.0066e+21
4084,-1.0098e+21
2779,-1.011e+21
965,-1.0116e+21
4373,-1.0125e+21
966,-1.0131e+21
4546,-1.0133e+21
3408,-1.0138e+21
967,-1.0142e+21
4976,-1.0143e+21
968,-1.015e+21
969,-1.0152e+21
970,-1.0168e+21
971,-1.0196e+21
2285,-1.0203e+21
2761,-1.0204e+21
3470,-1.0213e+21
3068,-1.0221e+21
3910,-1.0221e+21
4640,-1.0245e+21
2782,-1.0254e+21
5234,-1.0274e+21
972,-1.0276e+21
4268,-1.0283e+21
973,-1.0283e+21
974,-1.0284e+21
5546,-1.0289e+21
3773,-1.0296e+21
3864,-1.0297e+21
5279,-1.0299e+21
975,-1.031e+21
976,-1.0315e+21
2703,-1.0349e+21
5022,-1.0364e+21
5171,-1.041e+21
977,-1.0415e+21
978,-1.0443e+21
979,-1.0464e+21
980,-1.047e+21
3664,-1.0474e+21
3580,-1.0483e+21
981,-1.0514e+21
4349,-1.052e+21
3967,-1.0522e+21
3001,-1.0528e+21
2332,-1.0543e+21
982,-1.0547e+21
4362,-1.0554e+21
983,-1.0563e+21
2692,-1.0578e+21
984,-1.0595e+21
985,-1.0605e+21
5122,-1.0617e+21
3073,-1.0627e+21
986,-1.0631e+21
2279,-1.0644e+21
2887,-1.0666e+21
2855,-1.0666e+21
4105,-1.0678e+21
987,-1.0685e+21
988,-1.0688e+21
989,-1.0711e+21
990,-1.0715e+21
991,-1.0718e+21
5366,-1.0729e+21
5281,-1.0736e+21
992,-1.0737e+21
993,-1.0742e+21
994,-1.0744e+21
995,-1.0745e+21
996,-1.0748e+21
997,-1.0767e+21
5131,-1.0768e+21
998,-1.0828e+21
999,-1.0832e+21
3593,-1.0835e+21
1000,-1.0837e+21
1001,-1.0845e+21
3562,-1.0862e+21
1002,-1.0864e+21
1003,-1.0868e+21
1004,-1.0872e+21
1005,-1.0884e+21
3256,-1.0903e+21
5582,-1.0905e+21
1006,-1.0911e+21
3571,-1.0912e+21
3826,-1.0917e+21
5480,-1.0937e+21
2267,-1.0978e+21
3149,-1.0988e+21
2619,-1.0996e+21
5310,-1.1017e+21
1007,-1.1022e+21
1008,-1.1037e+21
3988,-1.105e+21
2564,-1.1061e+21
1009,-1.1068e+21
4777,-1.1069e+21
1010,-1.1075e+21
1011,-1.1083e+21
1012,-1.1093e+21
2760,-1.1094e+21
1013,-1.1099e+21
3200,-1.1101e+21
5449,-1.1105e+21
5243,-1.1114e+21
4286,-1.1115e+21
3296,-1.1115e+21
1014,-1.1146e+21
1015,-1.1167e+21
1016,-1.1167e+21
5053,-1.1172e+21
1017,-1.1176e+21
1018,-1.1188e+21
1019,-1.1196e+21
1020,-1.1199e+21
3024,-1.1201e+21
2756,-1.1205e+21
2904,-1.1205e+21
1021,-1.1207e+21
1022,-1.1208e+21
1023,-1.1219e+21
1024,-1.1227e+21
1025,-1.1241e+21
5521,-1.1242e+21
3421,-1.1247e+21
5372,-1.127e+21
1026,-1.1275e+21
5138,-1.1288e+21
1027,-1.1291e+21
3430,-1.1295e+21
1028,-1.1299e+21
3303,-1.13e+21
1029,-1.131e+21
4906,-1.1316e+21
5504,-1.1335e+21
1030,-1.1343e+21
1031,-1.1367e+21
1032,-1.1374e+21
3201,-1.1375e+21
2708,-1.1383e+21
5057,-1.1384e+21
2558,-1.1396e+21
1033,-1.1405e+21
3314,-1.1406e+21
1034,-1.1417e+21
3410,-1.1418e+21
1035,-1.1419e+21
2555,-1.1452e+21
1036,-1.1459e+21
1037,-1.1465e+21
3997,-1.1466e+21
2356,-1.1466e+21
1038,-1.1472e+21
1039,-1.1489e+21
5129,-1.1499e+21
1040,-1.1504e+21
1041,-1.1504e+21
1042,-1.1509e+21
1043,-1.1514e+21
2858,-1.1519e+21
4482,-1.1521e+21
2516,-1.1541e+21
2875,-1.1544e+21
1044,-1.1545e+21
1045,-1.1548e+21
4104,-1.1556e+21
3651,-1.1562e+21
4592,-1.1565e+21
1046,-1.1582e+21
1047,-1.1582e+21
1048,-1.1596e+21
1049,-1.1598e+21
5544,-1.1611e+21
1050,-1.1633e+21
4941,-1.1637e+21
2913,-1.1657e+21
1051,-1.167e+21
2902,-1.1677e+21
1052,-1.1694e+21
3179,-1.1708e+21
5564,-1.1724e+21
1053,-1.1737e+21
1054,-1.1741e+21
2959,-1.1743e+21
1055,-1.1745e+21
1056,-1.1755e+21
1057,-1.1759e+21
1058,-1.1773e+21
1059,-1.1793e+21
5394,-1.1794e+21
4258,-1.1795e+21
1060,-1.1813e+21
1061,-1.1827e+21
1062,-1.1829e+21
1063,-1.1834e+21
1064,-1.1842e+21
1065,-1.1858e+21
1066,-1.1861e+21
1067,-1.1868e+21
1068,-1.1872e+21
1069,-1.1874e+21
1070,-1.1879e+21
1071,-1.1881e+21
1072,-1.1882e+21
3242,-1.1884e+21
1073,-1.1904e+21
4229,-1.1906e+21
1074,-1.1913e+21
1075,-1.1917e+21
3900,-1.1917e+21
1076,-1.1926e+21
1077,-1.1929e+21
1078,-1.1933e+21
5218,-1.1934e+21
5204,-1.1938e+21
4962,-1.1941e+21
1079,-1.1941e+21
1080,-1.1946e+21
1081,-1.1949e+21
4199,-1.1951e+21
1082,-1.1955e+21
1083,-1.1962e+21
1084,-1.1966e+21
1085,-1.1985e+21
1086,-1.1995e+21
4245,-1.2004e+21
3080,-1.2007e+21
3559,-1.2011e+21
5540,-1.2017e+21
5031,-1.2018e+21
1087,-1.2023e+21
2972,-1.203e+21
1088,-1.2035e+21
2648,-1.2066e+21
3985,-1.207e+21
3174,-1.2077e+21
1089,-1.2077e+21
2575,-1.2081e+21
3599,-1.2087e+21
2342,-1.2127e+21
1090,-1.2127e+21
1091,-1.2132e+21
5499,-1.2136e+21
1092,-1.2141e+21
3689,-1.2149e+21
1093,-1.2152e+21
1094,-1.2163e+21
1095,-1.2164e+21
2316,-1.2164e+21
2731,-1.2229e+21
1096,-1.2233e+21
4209,-1.225e+21
1097,-1.2272e+21
1098,-1.2287e+21
1099,-1.2299e+21
2876,-1.23e+21
1100,-1.2308e+21
1101,-1.2308e+21
3673,-1.2308e+21
1102,-1.2312e+21
4625,-1.2319e+21
1103,-1.233e+21
2440,-1.2331e+21
1104,-1.2333e+21
2407,-1.2333e+21
1105,-1.2354e+21
3763,-1.2369e+21
1106,-1.2375e+21
3529,-1.2375e+21
1107,-1.2376e+21
1108,-1.2377e+21
1109,-1.2377e+21
1110,-1.2386e+21
2835,-1.2394e+21
1111,-1.2405e+21
3199,-1.2411e+21
1112,-1.2412e+21
5239,-1.2418e+21
3100,-1.2419e+21
1113,-1.2422e+21
1114,-1.2429e+21
3045,-1.2451e+21
1115,-1.2459e+21
1116,-1.2462e+21
2248,-1.2463e+21
5253,-1.2474e+21
1117,-1.2488e+21
1118,-1.2494e+21
1119,-1.2504e+21
1120,-1.2523e+21
2946,-1.2529e+21
1121,-1.2538e+21
3758,-1.2541e+21
1122,-1.2542e+21
1123,-1.2549e+21
3909,-1.2569e+21
1124,-1.2591e+21
4132,-1.2597e+21
2729,-1.2606e+21
1125,-1.2614e+21
1126,-1.2616e+21
2409,-1.2645e+21
1127,-1.2652e+21
5027,-1.2657e+21
1128,-1.2673e+21
1129,-1.2677e+21
1130,-1.2684e+21
2303,-1.2697e+21
1131,-1.2703e+21
1132,-1.2723e+21
1133,-1.2732e+21
1134,-1.2735e+21
3297,-1.2735e+21
5110,-1.2747e+21
4981,-1.2752e+21
5496,-1.2768e+21
2402,-1.2776e+21
2476,-1.2793e+21
1135,-1.2797e+21
1136,-1.2799e+21
1137,-1.2801e+21
1138,-1.2803e+21
5006,-1.2804e+21
2683,-1.2841e+21
2882,-1.2843e+21
1139,-1.2845e+21
3161,-1.2856e+21
4928,-1.2892e+21
1140,-1.2893e+21
3675,-1.2898e+21
2262,-1.2898e+21
1141,-1.2935e+21
1142,-1.2935e+21
1143,-1.2939e+21
1144,-1.2943e+21
4426,-1.2948e+21
1145,-1.2954e+21
1146,-1.2964e+21
1147,-1.2966e+21
1148,-1.2966e+21
5440,-1.2978e+21
1149,-1.2998e+21
1150,-1.2999e+21
1151,-1.3011e+21
2918,-1.3023e+21
4505,-1.3024e+21
1152,-1.3027e+21
4341,-1.3032e+21
3158,-1.3046e+21
1153,-1.3047e+21
1154,-1.3074e+21
1155,-1.3077e+21
1156,-1.3081e+21
3029,-1.3086e+21
3442,-1.3112e+21
1157,-1.3116e+21
5572,-1.3118e+21
4013,-1.3119e+21
3795,-1.3121e+21
1158,-1.3123e+21
1159,-1.3123e+21
1160,-1.3129e+21
1161,-1.3137e+21
3143,-1.3153e+21
1162,-1.3153e+21
1163,-1.3162e+21
3998,-1.3165e+21
1164,-1.3166e+21
1165,-1.3181e+21
1166,-1.3182e+21
1167,-1.3194e+21
2686,-1.32e+21
1168,-1.32e+21
1169,-1.3246e+21
3000,-1.3255e+21
1170,-1.3257e+21
3425,-1.3281e+21
3417,-1.3289e+21
1171,-1.3315e+21
1172,-1.3319e+21
1173,-1.3336e+21
1174,-1.3341e+21
1175,-1.3344e+21
2251,-1.3347e+21
4886,-1.3352e+21
3436,-1.3353e+21
1176,-1.3378e+21
1177,-1.3379e+21
2966,-1.3386e+21
1178,-1.3398e+21
3798,-1.3403e+21
3398,-1.3417e+21
3969,-1.3425e+21
1179,-1.3438e+21
1180,-1.3441e+21
4207,-1.3461e+21
4276,-1.3468e+21
2682,-1.3472e+21
4259,-1.3479e+21
1181,-1.3488e+21
1182,-1.349e+21
3917,-1.3516e+21
5315,-1.3516e+21
5235,-1.3521e+21
1183,-1.3523e+21
1184,-1.3528e+21
4045,-1.3534e+21
1185,-1.3536e+21
1186,-1.3544e+21
4519,-1.3554e+21
4541,-1.3566e+21
2256,-1.3569e+21
4622,-1.3575e+21
1187,-1.3576e+21
1188,-1.3579e+21
3209,-1.36e+21
1189,-1.3601e+21
1190,-1.3601e+21
1191,-1.363e+21
1192,-1.363e+21
4639,-1.364e+21
1193,-1.3651e+21
1194,-1.3667e+21
1195,-1.3671e+21
2784,-1.368e+21
1196,-1.3687e+21
2245,-1.3695e+21
3152,-1.3695e+21
1197,-1.3701e+21
5068,-1.3702e+21
2398,-1.372e+21
3261,-1.3726e+21
4390,-1.3728e+21
1198,-1.3731e+21
1199,-1.3742e+21
2294,-1.3761e+21
1200,-1.3765e+21
1201,-1.3775e+21
1202,-1.3776e+21
5034,-1.3777e+21
4490,-1.3791e+21
1203,-1.3802e+21
1204,-1.3805e+21
1205,-1.3808e+21
1206,-1.3809e+21
2900,-1.3812e+21
4828,-1.3814e+21
4943,-1.3844e+21
1207,-1.3868e+21
1208,-1.3869e+21
2844,-1.3871e+21
4691,-1.3878e+21
5470,-1.3886e+21
1209,-1.3895e+21
1210,-1.3904e+21
1211,-1.3915e+21
1212,-1.3918e+21
3355,-1.3926e+21
1213,-1.3931e+21
1214,-1.3935e+21
1215,-1.3936e+21
4058,-1.3937e+21
1216,-1.394e+21
3757,-1.3942e+21
1217,-1.3946e+21
3192,-1.3947e+21
4607,-1.3956e+21
3792,-1.3982e+21
1218,-1.3989e+21
3530,-1.3995e+21
1219,-1.4019e+21
4585,-1.4023e+21
2394,-1.4026e+21
1220,-1.4039e+21
3182,-1.4064e+21
1221,-1.4073e+21
3955,-1.4084e+21
5263,-1.4085e+21
1222,-1.4093e+21
3681,-1.4094e+21
1223,-1.4103e+21
2725,-1.4105e+21
1224,-1.4106e+21
4617,-1.4111e+21
1225,-1.4113e+21
1226,-1.4114e+21
1227,-1.4116e+21
3403,-1.4123e+21
1228,-1.4127e+21
3565,-1.4129e+21
2594,-1.4151e+21
1229,-1.4166e+21
1230,-1.4173e+21
1231,-1.4184e+21
1232,-1.4186e+21
1233,-1.4186e+21
2442,-1.4203e+21
1234,-1.4215e+21
4321,-1.422e+21
5282,-1.4224e+21
1235,-1.4243e+21
3304,-1.4252e+21
1236,-1.4252e+21
1237,-1.4282e+21
5395,-1.4287e+21
1238,-1.4305e+21
3620,-1.431e+21
3215,-1.4323e+21
2310,-1.4324e+21
1239,-1.4331e+21
1240,-1.4332e+21
1241,-1.4335e+21
2709,-1.4361e+21
4003,-1.4364e+21
1242,-1.4371e+21
2305,-1.4381e+21
3346,-1.4393e+21
1243,-1.4396e+21
1244,-1.4399e+21
3094,-1.4406e+21
1245,-1.4408e+21
1246,-1.4421e+21
4671,-1.4434e+21
1247,-1.4439e+21
1248,-1.4457e+21
1249,-1.4458e+21
1250,-1.4466e+21
5141,-1.4467e+21
1251,-1.4486e+21
1252,-1.4499e+21
1253,-1.4501e+21
1254,-1.4504e+21
4444,-1.4519e+21
3329,-1.4535e+21
1255,-1.4544e+21
3156,-1.4551e+21
4645,-1.4558e+21
1256,-1.4565e+21
1257,-1.4574e+21
1258,-1.4585e+21
4241,-1.4586e+21
2937,-1.4589e+21
3865,-1.4589e+21
4149,-1.4604e+21
1259,-1.4613e+21
1260,-1.464e+21
1261,-1.4647e+21
2842,-1.4661e+21
4464,-1.4662e+21
1262,-1.4674e+21
1263,-1.4674e+21
1264,-1.4679e+21
1265,-1.4681e+21
3551,-1.4682e+21
2533,-1.4689e+21
2741,-1.4701e+21
1266,-1.4735e+21
1267,-1.4741e+21
3267,-1.4742e+21
1268,-1.4748e+21
5148,-1.4751e+21
3582,-1.4756e+21
4849,-1.4762e+21
1269,-1.4769e+21
1270,-1.4774e+21
1271,-1.4779e+21
1272,-1.4787e+21
1273,-1.4798e+21
1274,-1.4851e+21
1275,-1.4864e+21
1276,-1.4883e+21
1277,-1.4897e+21
1278,-1.4901e+21
1279,-1.491e+21
1280,-1.4917e+21
5248,-1.4923e+21
1281,-1.4933e+21
1282,-1.4937e+21
4493,-1.4941e+21
1283,-1.4941e+21
4696,-1.4941e+21
3082,-1.4948e+21
1284,-1.4952e+21
1285,-1.4965e+21
3595,-1.4967e+21
3905,-1.4972e+21
1286,-1.4976e+21
2762,-1.4993e+21
1287,-1.4999e+21
1288,-1.5002e+21
1289,-1.5003e+21
5330,-1.501e+21
1290,-1.5021e+21
1291,-1.5024e+21
4461,-1.5024e+21
4810,-1.5034e+21
2952,-1.5043e+21
4454,-1.5044e+21
1292,-1.5051e+21
3863,-1.5063e+21
1293,-1.5066e+21
2568,-1.5077e+21
1294,-1.5078e+21
4666,-1.508e+21
1295,-1.508e+21
1296,-1.5085e+21
1297,-1.511e+21
1298,-1.5131e+21
4402,-1.5132e+21
2367,-1.5146e+21
4581,-1.5149e+21
1299,-1.5151e+21
1300,-1.5157e+21
1301,-1.5163e+21
2257,-1.5169e+21
1302,-1.518e+21
1303,-1.5183e+21
1304,-1.521e+21
1305,-1.5211e+21
4252,-1.5218e+21
1306,-1.5226e+21
1307,-1.5234e+21
3882,-1.5235e+21
1308,-1.5251e+21
1309,-1.5253e+21
1310,-1.5277e+21
1311,-1.528e+21
1312,-1.5282e+21
1313,-1.5293e+21
1314,-1.5311e+21
4509,-1.5315e+21
5212,-1.5319e+21
4056,-1.5324e+21
1315,-1.5329e+21
2924,-1.5329e+21
4898,-1.5333e+21
1316,-1.5336e+21
1317,-1.5344e+21
5392,-1.5352e+21
1318,-1.5352e+21
5328,-1.5353e+21
5583,-1.5355e+21
4438,-1.538e+21
1319,-1.5396e+21
1320,-1.5399e+21
1321,-1.54e+21
1322,-1.5402e+21
1323,-1.5406e+21
3237,-1.5409e+21
1324,-1.5413e+21
2668,-1.542e+21
1325,-1.5428e+21
1326,-1.5429e+21
3095,-1.5441e+21
4017,-1.5448e+21
1327,-1.5461e+21
1328,-1.5483e+21
1329,-1.5484e+21
1330,-1.5487e+21
3039,-1.5499e+21
4142,-1.5509e+21
5384,-1.5513e+21
2980,-1.5521e+21
2624,-1.5536e+21
3772,-1.5545e+21
1331,-1.555e+21
4352,-1.5554e+21
1332,-1.5557e+21
4200,-1.5557e+21
1333,-1.5569e+21
5173,-1.5575e+21
1334,-1.5613e+21
1335,-1.5624e+21
1336,-1.5637e+21
1337,-1.565e+21
1338,-1.5662e+21
1339,-1.5667e+21
4453,-1.5667e+21
5274,-1.5673e+21
1340,-1.5674e+21
4730,-1.568e+21
1341,-1.5688e+21
1342,-1.569e+21
3737,-1.5695e+21
1343,-1.5696e+21
1344,-1.5714e+21
1345,-1.5721e+21
2995,-1.5727e+21
5343,-1.573e+21
5211,-1.5739e+21
1346,-1.5743e+21
1347,-1.5751e+21
5432,-1.5753e+21
5527,-1.5761e+21
1348,-1.5762e+21
2249,-1.5767e+21
1349,-1.5767e+21
1350,-1.5779e+21
2586,-1.5806e+21
2617,-1.5808e+21
5137,-1.5826e+21
4154,-1.5827e+21
1351,-1.5837e+21
1352,-1.5837e+21
1353,-1.5841e+21
3416,-1.5843e+21
1354,-1.5848e+21
1355,-1.585e+21
2621,-1.5852e+21
3440,-1.5886e+21
1356,-1.5893e+21
1357,-1.5897e+21
1358,-1.5908e+21
4727,-1.591e+21
1359,-1.591e+21
4004,-1.5911e+21
4767,-1.5912e+21
2837,-1.5918e+21
2352,-1.5938e+21
1360,-1.5951e+21
1361,-1.5971e+21
1362,-1.5982e+21
5600,-1.5984e+21
1363,-1.5985e+21
1364,-1.5988e+21
3899,-1.5999e+21
4020,-1.6002e+21
1365,-1.601e+21
5419,-1.6015e+21
1366,-1.6027e+21
4068,-1.6038e+21
1367,-1.6038e+21
1368,-1.6039e+21
5548,-1.6051e+21
1369,-1.6051e+21
1370,-1.6074e+21
5471,-1.6075e+21
1371,-1.608e+21
4919,-1.6095e+21
1372,-1.61e+21
3564,-1.6107e+21
1373,-1.6111e+21
5009,-1.6129e+21
1374,-1.6142e+21
4467,-1.6145e+21
1375,-1.615e+21
1376,-1.6166e+21
3626,-1.6178e+21
1377,-1.6194e+21
5261,-1.6197e+21
1378,-1.62e+21
1379,-1.6205e+21
1380,-1.6215e+21
4411,-1.6223e+21
1381,-1.6233e+21
1382,-1.6237e+21
5597,-1.6243e+21
4181,-1.6254e+21
1383,-1.6261e+21
3734,-1.627e+21
3978,-1.6272e+21
1384,-1.6275e+21
5257,-1.6279e+21
1385,-1.6289e+21
2757,-1.6291e+21
3644,-1.6295e+21
1386,-1.6308e+21
2881,-1.634e+21
4210,-1.6341e+21
1387,-1.6343e+21
1388,-1.6346e+21
5188,-1.6359e+21
3990,-1.6361e+21
1389,-1.6363e+21
1390,-1.6363e+21
3588,-1.6367e+21
1391,-1.637e+21
1392,-1.638e+21
1393,-1.6383e+21
4304,-1.6399e+21
1394,-1.6403e+21
4323,-1.6405e+21
1395,-1.6412e+21
1396,-1.6413e+21
1397,-1.6417e+21
1398,-1.6421e+21
4788,-1.6431e+21
2429,-1.6437e+21
2405,-1.6448e+21
1399,-1.6455e+21
1400,-1.6459e+21
1401,-1.646e+21
4470,-1.6464e+21
5349,-1.6469e+21
1402,-1.6474e+21
5374,-1.6488e+21
4985,-1.6509e+21
4260,-1.6533e+21
1403,-1.6534e+21
1404,-1.6546e+21
1405,-1.6546e+21
1406,-1.6548e+21
2889,-1.655e+21
1407,-1.6578e+21
1408,-1.6581e+21
1409,-1.6593e+21
3431,-1.6594e+21
1410,-1.66e+21
1411,-1.66e+21
1412,-1.6623e+21
4614,-1.663e+21
1413,-1.663e+21
1414,-1.6634e+21
1415,-1.6646e+21
3846,-1.6655e+21
1416,-1.6661e+21
5152,-1.6671e+21
1417,-1.6695e+21
3272,-1.6712e+21
1418,-1.6718e+21
1419,-1.6726e+21
5519,-1.6726e+21
1420,-1.6732e+21
5186,-1.6736e+21
1421,-1.6739e+21
3622,-1.6742e+21
4747,-1.6744e+21
1422,-1.6746e+21
4201,-1.6747e+21
1423,-1.6762e+21
1424,-1.6763e+21
2705,-1.6781e+21
3138,-1.6787e+21
2597,-1.6791e+21
2554,-1.6794e+21
1425,-1.6797e+21
3273,-1.6799e+21
1426,-1.6804e+21
1427,-1.6807e+21
3187,-1.6812e+21
3723,-1.6813e+21
1428,-1.6813e+21
1429,-1.6819e+21
5090,-1.6825e+21
1430,-1.6838e+21
4641,-1.684e+21
1431,-1.6847e+21
1432,-1.6856e+21
1433,-1.6867e+21
1434,-1.6868e+21
1435,-1.687e+21
1436,-1.6904e+21
3026,-1.6907e+21
2791,-1.6923e+21
3802,-1.6938e+21
1437,-1.6968e+21
3607,-1.697e+21
4404,-1.6978e+21
1438,-1.698e+21
3832,-1.7014e+21
1439,-1.7021e+21
2885,-1.7037e+21
1440,-1.704e+21
5516,-1.7041e+21
4803,-1.7046e+21
1441,-1.7046e+21
1442,-1.7057e+21
2614,-1.7058e+21
1443,-1.707e+21
5065,-1.7073e+21
3785,-1.7076e+21
3597,-1.7083e+21
2395,-1.709e+21
3198,-1.7094e+21
5098,-1.7094e+21
1444,-1.7095e+21
5088,-1.7121e+21
4829,-1.7129e+21
1445,-1.7138e+21
1446,-1.7149e+21
5307,-1.7173e+21
5072,-1.7174e+21
1447,-1.7183e+21
4989,-1.7187e+21
1448,-1.7198e+21
4279,-1.7202e+21
3987,-1.7204e+21
4405,-1.7211e+21
1449,-1.7214e+21
1450,-1.7218e+21
1451,-1.7223e+21
1452,-1.7224e+21
5446,-1.7228e+21
1453,-1.724e+21
2772,-1.7244e+21
3810,-1.7257e+21
5025,-1.726e+21
4990,-1.7262e+21
4340,-1.7263e+21
4535,-1.7263e+21
1454,-1.7268e+21
1455,-1.7275e+21
4025,-1.7277e+21
1456,-1.7283e+21
5485,-1.7285e+21
3147,-1.7291e+21
2457,-1.7291e+21
1457,-1.7293e+21
1458,-1.7319e+21
3438,-1.7323e+21
1459,-1.7331e+21
4510,-1.7341e+21
1460,-1.7343e+21
1461,-1.7347e+21
1462,-1.7352e+21
2418,-1.7374e+21
4554,-1.7386e+21
2414,-1.7388e+21
1463,-1.7388e+21
4064,-1.7388e+21
1464,-1.7392e+21
1465,-1.7398e+21
1466,-1.7399e+21
2997,-1.7409e+21
1467,-1.7421e+21
5161,-1.7422e+21
1468,-1.7441e+21
5515,-1.7441e+21
4736,-1.7447e+21
1469,-1.7452e+21
1470,-1.7459e+21
2605,-1.7467e+21
1471,-1.7471e+21
3229,-1.7475e+21
1472,-1.7484e+21
1473,-1.75e+21
3043,-1.7503e+21
1474,-1.7516e+21
1475,-1.7519e+21
1476,-1.753e+21
3569,-1.7537e+21
1477,-1.7538e+21
3474,-1.7551e+21
2646,-1.7559e+21
3097,-1.7566e+21
3541,-1.7567e+21
1478,-1.7571e+21
1479,-1.7573e+21
4156,-1.7574e+21
4097,-1.759e+21
4746,-1.7593e+21
1480,-1.7601e+21
3342,-1.7606e+21
1481,-1.7607e+21
5599,-1.7612e+21
5158,-1.7619e+21
1482,-1.7623e+21
1483,-1.7631e+21
1484,-1.7631e+21
1485,-1.7638e+21
4575,-1.7639e+21
4687,-1.7646e+21
1486,-1.7647e+21
5405,-1.7649e+21
1487,-1.765e+21
1488,-1.7653e+21
1489,-1.7657e+21
4328,-1.7671e+21
5164,-1.7684e+21
1490,-1.7684e+21
1491,-1.7688e+21
1492,-1.7696e+21
1493,-1.7705e+21
1494,-1.771e+21
1495,-1.7726e+21
1496,-1.7727e+21
2569,-1.7737e+21
1497,-1.7738e+21
1498,-1.7747e+21
1499,-1.7751e+21
1500,-1.7751e+21
1501,-1.7759e+21
2379,-1.7772e+21
3671,-1.7772e+21
3843,-1.7782e+21
2441,-1.7787e+21
5199,-1.7787e+21
1502,-1.7794e+21
1503,-1.7818e+21
3079,-1.782e+21
1504,-1.7828e+21
1505,-1.7834e+21
2530,-1.7835e+21
2849,-1.7837e+21
2961,-1.7839e+21
1506,-1.7843e+21
4414,-1.7847e+21
1507,-1.785e+21
1508,-1.7857e+21
3102,-1.7861e+21
3912,-1.7862e+21
1509,-1.7864e+21
3742,-1.7865e+21
4701,-1.7865e+21
1510,-1.7871e+21
1511,-1.7876e+21
1512,-1.788e+21
2666,-1.7886e+21
5041,-1.789e+21
1513,-1.7896e+21
1514,-1.7897e+21
1515,-1.7899e+21
5383,-1.79e+21
4436,-1.7902e+21
4827,-1.7925e+21
1516,-1.7925e+21
1517,-1.7925e+21
1518,-1.7926e+21
3301,-1.793e+21
1519,-1.7937e+21
4627,-1.7952e+21
2871,-1.7953e+21
1520,-1.7954e+21
1521,-1.7961e+21
1522,-1.7968e+21
1523,-1.7985e+21
1524,-1.7997e+21
5547,-1.8e+21
1525,-1.8006e+21
5056,-1.8019e+21
1526,-1.8023e+21
4308,-1.8028e+21
1527,-1.8044e+21
1528,-1.8068e+21
1529,-1.8075e+21
1530,-1.8081e+21
2427,-1.8088e+21
5401,-1.8091e+21
1531,-1.8093e+21
1532,-1.8097e+21
3194,-1.8116e+21
2854,-1.8117e+21
1533,-1.8125e+21
1534,-1.8128e+21
1535,-1.813e+21
1536,-1.8133e+21
3166,-1.8137e+21
4337,-1.814e+21
1537,-1.8147e+21
2828,-1.8148e+21
1538,-1.816e+21
1539,-1.8164e+21
3382,-1.8168e+21
1540,-1.817e+21
1541,-1.8171e+21
2730,-1.8177e+21
3017,-1.8182e+21
1542,-1.8186e+21
1543,-1.8186e+21
1544,-1.819e+21
4186,-1.8197e+21
3171,-1.82e+21
4122,-1.8202e+21
5086,-1.8214e+21
2385,-1.8223e+21
3461,-1.8228e+21
1545,-1.8233e+21
1546,-1.8238e+21
1547,-1.8238e+21
4631,-1.8242e+21
1548,-1.8245e+21
5487,-1.8248e+21
2627,-1.8256e+21
2415,-1.8257e+21
1549,-1.8267e+21
1550,-1.8269e+21
5284,-1.8272e+21
1551,-1.8279e+21
1552,-1.8286e+21
1553,-1.8298e+21
1554,-1.8301e+21
1555,-1.8307e+21
4667,-1.831e+21
2410,-1.8322e+21
3704,-1.8326e+21
1556,-1.8332e+21
1557,-1.8336e+21
4334,-1.8336e+21
1558,-1.8337e+21
1559,-1.8345e+21
4048,-1.8348e+21
4126,-1.8354e+21
1560,-1.8366e+21
3492,-1.8388e+21
1561,-1.8389e+21
5574,-1.8395e+21
1562,-1.8405e+21
1563,-1.8407e+21
1564,-1.8408e+21
1565,-1.8416e+21
3555,-1.842e+21
1566,-1.8426e+21
4204,-1.8427e+21
3974,-1.843e+21
5319,-1.8433e+21
2651,-1.8438e+21
1567,-1.844e+21
3927,-1.846e+21
5474,-1.8461e+21
1568,-1.8468e+21
1569,-1.8483e+21
1570,-1.8484e+21
1571,-1.8507e+21
1572,-1.8511e+21
1573,-1.8517e+21
1574,-1.8522e+21
1575,-1.8522e+21
1576,-1.8544e+21
2752,-1.8545e+21
5108,-1.8548e+21
1577,-1.8578e+21
1578,-1.8583e+21
5502,-1.8589e+21
5021,-1.8601e+21
1579,-1.8601e+21
1580,-1.8604e+21
1581,-1.8616e+21
1582,-1.8616e+21
5302,-1.8616e+21
1583,-1.8623e+21
2349,-1.8627e+21
1584,-1.8648e+21
1585,-1.8654e+21
2613,-1.8657e+21
4809,-1.8663e+21
1586,-1.8667e+21
4933,-1.8673e+21
3046,-1.8678e+21
1587,-1.8678e+21
2529,-1.8681e+21
1588,-1.8687e+21
1589,-1.8703e+21
4516,-1.8711e+21
1590,-1.8713e+21
4604,-1.8714e+21
1591,-1.8716e+21
4620,-1.8718e+21
1592,-1.8718e+21
1593,-1.8719e+21
3647,-1.8723e+21
1594,-1.873e+21
1595,-1.873e+21
4348,-1.8732e+21
1596,-1.8736e+21
4465,-1.8738e+21
4536,-1.8738e+21
5179,-1.8744e+21
5557,-1.8744e+21
1597,-1.8756e+21
1598,-1.8776e+21
1599,-1.8779e+21
1600,-1.8781e+21
4225,-1.8784e+21
1601,-1.8786e+21
1602,-1.8801e+21
3911,-1.8802e+21
5175,-1.8809e+21
1603,-1.8813e+21
3448,-1.8819e+21
1604,-1.8821e+21
1605,-1.8832e+21
1606,-1.8833e+21
1607,-1.884e+21
1608,-1.8843e+21
5309,-1.8844e+21
4418,-1.8847e+21
1609,-1.8849e+21
4244,-1.885e+21
5012,-1.8857e+21
2363,-1.886e+21
1610,-1.8864e+21
5523,-1.8868e+21
1611,-1.8869e+21
3971,-1.887e+21
1612,-1.8871e+21
2266,-1.8871e+21
1613,-1.8872e+21
1614,-1.8875e+21
1615,-1.8885e+21
2314,-1.8887e+21
4317,-1.8888e+21
1616,-1.8896e+21
4806,-1.8903e+21
4884,-1.8906e+21
2308,-1.8914e+21
4737,-1.8924e+21
3109,-1.8928e+21
1617,-1.8929e+21
2735,-1.8931e+21
5306,-1.8954e+21
1618,-1.8966e+21
4984,-1.8973e+21
4908,-1.8977e+21
1619,-1.8988e+21
1620,-1.9005e+21
4594,-1.9013e+21
4845,-1.9017e+21
1621,-1.9022e+21
1622,-1.9031e+21
1623,-1.9037e+21
4787,-1.905e+21
3544,-1.9051e+21
5579,-1.9055e+21
3596,-1.9058e+21
5054,-1.9067e+21
1624,-1.9074e+21
1625,-1.908e+21
4434,-1.9083e+21
1626,-1.9088e+21
1627,-1.9092e+21
1628,-1.9098e+21
1629,-1.9104e+21
3654,-1.9111e+21
3537,-1.9114e+21
3834,-1.9128e+21
1630,-1.9129e+21
1631,-1.9143e+21
5427,-1.9144e+21
4955,-1.915e+21
2509,-1.9157e+21
2323,-1.9162e+21
2318,-1.9162e+21
3253,-1.9163e+21
4419,-1.9165e+21
1632,-1.9181e+21
1633,-1.9182e+21
1634,-1.9193e+21
2489,-1.9207e+21
2565,-1.921e+21
2259,-1.9214e+21
1635,-1.9227e+21
2522,-1.923e+21
3850,-1.924e+21
1636,-1.9245e+21
1637,-1.9248e+21
3015,-1.9251e+21
5226,-1.9253e+21
4972,-1.9258e+21
1638,-1.9261e+21
5290,-1.927e+21
2963,-1.928e+21
1639,-1.928e+21
2908,-1.9294e+21
5117,-1.9294e+21
2428,-1.9295e+21
1640,-1.9297e+21
4750,-1.9301e+21
4619,-1.9304e+21
1641,-1.9307e+21
3869,-1.931e+21
3495,-1.9315e+21
1642,-1.9318e+21
2486,-1.9325e+21
1643,-1.9328e+21
1644,-1.9329e+21
1645,-1.9329e+21
1646,-1.9329e+21
1647,-1.9331e+21
1648,-1.9335e+21
1649,-1.9336e+21
1650,-1.9338e+21
1651,-1.9342e+21
3014,-1.935e+21
5570,-1.9362e+21
2553,-1.9365e+21
5365,-1.9373e+21
1652,-1.9376e+21
1653,-1.938e+21
1654,-1.9388e+21
1655,-1.9393e+21
1656,-1.9396e+21
1657,-1.9396e+21
1658,-1.9417e+21
4975,-1.9418e+21
3146,-1.9421e+21
3350,-1.9423e+21
4031,-1.9429e+21
1659,-1.9431e+21
4169,-1.9436e+21
5026,-1.9447e+21
3956,-1.9459e+21
2506,-1.9483e+21
1660,-1.9485e+21
1661,-1.949e+21
5297,-1.9492e+21
4166,-1.9494e+21
4759,-1.9501e+21
2870,-1.9502e+21
3609,-1.9518e+21
1662,-1.9526e+21
1663,-1.9535e+21
1664,-1.9539e+21
1665,-1.954e+21
1666,-1.9544e+21
3126,-1.955e+21
1667,-1.955e+21
4719,-1.9554e+21
2276,-1.9563e+21
5197,-1.9563e+21
4491,-1.9571e+21
4807,-1.9571e+21
5118,-1.9572e+21
3359,-1.9576e+21
1668,-1.9579e+21
1669,-1.9582e+21
4872,-1.9583e+21
1670,-1.9589e+21
5228,-1.9593e+21
1671,-1.9598e+21
1672,-1.9598e+21
4978,-1.962e+21
5238,-1.962e+21
1673,-1.9625e+21
1674,-1.9639e+21
3745,-1.9653e+21
1675,-1.9654e+21
1676,-1.9659e+21
3053,-1.9662e+21
1677,-1.9663e+21
3972,-1.9664e+21
2830,-1.9666e+21
3434,-1.967e+21
1678,-1.9671e+21
1679,-1.9673e+21
3181,-1.9677e+21
1680,-1.9678e+21
1681,-1.9679e+21
5099,-1.9682e+21
1682,-1.9691e+21
2271,-1.9691e+21
1683,-1.97e+21
1684,-1.97e+21
2671,-1.9703e+21
4665,-1.9706e+21
1685,-1.9717e+21
1686,-1.9722e+21
1687,-1.9722e+21
1688,-1.9726e+21
2691,-1.9728e+21
4765,-1.9735e+21
4912,-1.9738e+21
5150,-1.9743e+21
2539,-1.9747e+21
5091,-1.9772e+21
1689,-1.9773e+21
3732,-1.978e+21
1690,-1.9781e+21
1691,-1.9791e+21
4938,-1.9792e+21
3159,-1.9793e+21
5134,-1.9794e+21
2629,-1.9795e+21
2448,-1.9796e+21
2326,-1.9806e+21
2603,-1.9807e+21
1692,-1.9811e+21
1693,-1.9811e+21
2622,-1.9824e+21
3225,-1.9827e+21
4458,-1.983e+21
2358,-1.983e+21
4722,-1.9833e+21
1694,-1.9839e+21
1695,-1.9843e+21
1696,-1.985e+21
1697,-1.9859e+21
3412,-1.986e+21
2339,-1.9862e+21
4329,-1.9863e+21
1698,-1.9863e+21
1699,-1.9865e+21
3305,-1.9865e+21
1700,-1.9876e+21
2284,-1.9881e+21
3308,-1.9882e+21
5563,-1.9886e+21
3423,-1.9894e+21
1701,-1.9895e+21
1702,-1.9897e+21
1703,-1.9898e+21
3947,-1.99e+21
1704,-1.9907e+21
1705,-1.9909e+21
2665,-1.9909e+21
2707,-1.9909e+21
2834,-1.991e+21
1706,-1.9913e+21
1707,-1.9935e+21
4294,-1.9946e+21
2898,-1.9948e+21
5236,-1.995e+21
4188,-1.995e+21
4192,-1.9956e+21
5035,-1.9957e+21
1708,-1.9958e+21
2474,-1.9962e+21
5020,-1.9963e+21
2721,-1.9964e+21
4036,-1.9977e+21
5363,-1.9978e+21
1709,-1.9978e+21
4062,-1.9979e+21
5289,-1.9979e+21
1710,-1.9986e+21
1711,-1.9989e+21
3709,-1.999e+21
1712,-1.999e+21
1713,-1.9991e+21
4651,-1.9994e+21
1714,-1.9995e+21
1715,-1.9997e+21
4137,-2.0005e+21
3316,-2.0006e+21
1716,-2.0009e+21
2546,-2.001e+21
1717,-2.0018e+21
2895,-2.0021e+21
1718,-2.0023e+21
5588,-2.0025e+21
1719,-2.0028e+21
1720,-2.0032e+21
1721,-2.0035e+21
1722,-2.0044e+21
4947,-2.0049e+21
3047,-2.0057e+21
2866,-2.0058e+21
1723,-2.0058e+21
3963,-2.006e+21
2788,-2.0062e+21
3062,-2.0068e+21
1724,-2.0068e+21
1725,-2.0074e+21
1726,-2.0078e+21
3676,-2.0084e+21
5389,-2.0089e+21
3696,-2.009e+21
3178,-2.0092e+21
4222,-2.0106e+21
1727,-2.0115e+21
1728,-2.0116e+21
1729,-2.0123e+21
1730,-2.0132e+21
3133,-2.0138e+21
2873,-2.014e+21
5288,-2.0143e+21
2992,-2.0151e+21
5296,-2.0155e+21
1731,-2.0156e+21
1732,-2.0158e+21
4442,-2.0159e+21
1733,-2.0162e+21
2483,-2.0164e+21
3808,-2.0167e+21
1734,-2.0175e+21
1735,-2.0179e+21
1736,-2.0179e+21
5217,-2.0181e+21
1737,-2.0185e+21
4835,-2.0186e+21
1738,-2.0191e+21
4745,-2.0196e+21
4905,-2.0208e+21
1739,-2.0209e+21
3655,-2.021e+21
2496,-2.0212e+21
3812,-2.0212e+21
1740,-2.022e+21
1741,-2.0221e+21
4965,-2.0221e+21
1742,-2.0224e+21
3232,-2.0225e+21
5549,-2.0232e+21
1743,-2.0237e+21
4253,-2.0247e+21
1744,-2.0249e+21
1745,-2.025e+21
2606,-2.0256e+21
1746,-2.0272e+21
1747,-2.0278e+21
1748,-2.0282e+21
1749,-2.0287e+21
1750,-2.0288e+21
3031,-2.029e+21
4588,-2.0293e+21
1751,-2.0293e+21
1752,-2.0293e+21
5420,-2.0295e+21
3824,-2.0296e+21
3613,-2.0301e+21
3274,-2.0304e+21
1753,-2.031e+21
2348,-2.0314e+21
3752,-2.0322e+21
4506,-2.0329e+21
1754,-2.033e+21
4790,-2.0332e+21
1755,-2.0335e+21
1756,-2.0336e+21
4851,-2.0337e+21
1757,-2.0341e+21
3118,-2.0341e+21
1758,-2.0347e+21
1759,-2.0347e+21
2566,-2.0369e+21
5142,-2.0373e+21
1760,-2.0385e+21
1761,-2.0408e+21
1762,-2.0419e+21
1763,-2.0426e+21
5553,-2.0427e+21
1764,-2.0432e+21
1765,-2.0432e+21
3874,-2.0445e+21
2366,-2.0452e+21
2487,-2.0461e+21
1766,-2.0475e+21
1767,-2.0478e+21
1768,-2.0483e+21
5454,-2.0488e+21
2678,-2.0507e+21
1769,-2.0525e+21
3952,-2.0554e+21
5272,-2.0563e+21
1770,-2.0568e+21
4179,-2.057e+21
1771,-2.0577e+21
1772,-2.058e+21
1773,-2.0586e+21
1774,-2.0592e+21
2241,-2.0595e+21
5225,-2.0599e+21
1775,-2.0604e+21
1776,-2.0604e+21
4514,-2.062e+21
3275,-2.0621e+21
3665,-2.0626e+21
4312,-2.063e+21
1777,-2.0632e+21
4903,-2.0636e+21
4432,-2.0642e+21
4602,-2.0649e+21
1778,-2.0654e+21
1779,-2.0657e+21
1780,-2.066e+21
1781,-2.0678e+21
1782,-2.0679e+21
4797,-2.0685e+21
5146,-2.0689e+21
1783,-2.0691e+21
1784,-2.0699e+21
4327,-2.07e+21
1785,-2.0703e+21
2408,-2.0713e+21
1786,-2.0721e+21
3981,-2.0725e+21
1787,-2.0729e+21
3336,-2.0729e+21
3926,-2.0735e+21
3554,-2.0735e+21
1788,-2.0748e+21
1789,-2.0749e+21
4437,-2.0759e+21
1790,-2.0766e+21
1791,-2.0771e+21
1792,-2.0778e+21
1793,-2.0782e+21
1794,-2.0785e+21
2490,-2.0787e+21
1795,-2.0793e+21
2329,-2.0794e+21
1796,-2.0803e+21
4422,-2.081e+21
1797,-2.0814e+21
1798,-2.0816e+21
1799,-2.0824e+21
1800,-2.0825e+21
1801,-2.0835e+21
1802,-2.0835e+21
5576,-2.0836e+21
1803,-2.0849e+21
5488,-2.0856e+21
1804,-2.0862e+21
2497,-2.0875e+21
1805,-2.0898e+21
3071,-2.0908e+21
1806,-2.0913e+21
2268,-2.0915e+21
1807,-2.0924e+21
2777,-2.0927e+21
5486,-2.0929e+21
1808,-2.0932e+21
4301,-2.0943e+21
1809,-2.0945e+21
1810,-2.0946e+21
1811,-2.0949e+21
4949,-2.095e+21
4144,-2.095e+21
1812,-2.0956e+21
1813,-2.0974e+21
1814,-2.0995e+21
3384,-2.1008e+21
1815,-2.1031e+21
5139,-2.1043e+21
1816,-2.1049e+21
1817,-2.1061e+21
1818,-2.1062e+21
1819,-2.1063e+21
1820,-2.1067e+21
4233,-2.107e+21
1821,-2.1104e+21
3011,-2.1106e+21
4728,-2.1108e+21
1822,-2.1113e+21
3881,-2.114e+21
1823,-2.1141e+21
1824,-2.1178e+21
1825,-2.1187e+21
5469,-2.1212e+21
3961,-2.1231e+21
1826,-2.1254e+21
1827,-2.1283e+21
1828,-2.1284e+21
4315,-2.1287e+21
1829,-2.1289e+21
1830,-2.1319e+21
5360,-2.1337e+21
1831,-2.1363e+21
1832,-2.14e+21
1833,-2.1457e+21
1834,-2.1515e+21
1835,-2.1561e+21
2302,-2.157e+21
5332,-2.1583e+21
1836,-2.1584e+21
1837,-2.1622e+21
1838,-2.166e+21
1839,-2.1706e+21
1840,-2.1709e+21
1841,-2.174e+21
1842,-2.176e+21
1843,-2.1764e+21
1844,-2.1779e+21
1845,-2.1792e+21
1846,-2.1816e+21
3705,-2.1835e+21
1847,-2.1842e+21
1848,-2.1917e+21
1849,-2.1929e+21
2717,-2.1942e+21
5085,-2.1947e+21
5403,-2.1961e+21
1850,-2.2007e+21
1851,-2.2104e+21
1852,-2.2124e+21
4937,-2.2143e+21
2696,-2.2174e+21
1853,-2.2182e+21
2907,-2.2244e+21
5531,-2.2279e+21
1854,-2.2281e+21
1855,-2.2308e+21
5478,-2.233e+21
4993,-2.2331e+21
4956,-2.2344e+21
1856,-2.2354e+21
1857,-2.2366e+21
1858,-2.2399e+21
1859,-2.2436e+21
1860,-2.2471e+21
1861,-2.2521e+21
2964,-2.254e+21
1862,-2.2546e+21
3766,-2.2606e+21
1863,-2.2609e+21
2446,-2.2618e+21
3093,-2.2689e+21
1864,-2.2702e+21
4830,-2.2734e+21
1865,-2.2816e+21
2319,-2.2829e+21
1866,-2.2837e+21
1867,-2.2861e+21
4880,-2.2896e+21
3252,-2.2907e+21
5393,-2.2931e+21
5491,-2.2931e+21
3615,-2.2942e+21
2808,-2.2953e+21
5008,-2.2965e+21
5459,-2.3052e+21
2304,-2.3057e+21
1868,-2.3107e+21
1869,-2.3108e+21
1870,-2.3138e+21
4023,-2.3148e+21
1871,-2.3154e+21
1872,-2.3183e+21
4430,-2.3188e+21
1873,-2.3196e+21
1874,-2.325e+21
1875,-2.3276e+21
1876,-2.3312e+21
1877,-2.3316e+21
4316,-2.3322e+21
3739,-2.3352e+21
5190,-2.3473e+21
3021,-2.3478e+21
4823,-2.3538e+21
3379,-2.3578e+21
1878,-2.3623e+21
1879,-2.3663e+21
4703,-2.3668e+21
1880,-2.3709e+21
1881,-2.371e+21
4160,-2.3785e+21
1882,-2.3805e+21
1883,-2.385e+21
4533,-2.3856e+21
2745,-2.3881e+21
1884,-2.404e+21
2814,-2.4058e+21
1885,-2.4063e+21
4395,-2.4118e+21
1886,-2.4133e+21
1887,-2.4182e+21
1888,-2.4189e+21
4230,-2.4259e+21
1889,-2.4277e+21
1890,-2.4346e+21
1891,-2.4361e+21
3936,-2.4368e+21
4267,-2.4385e+21
1892,-2.4426e+21
1893,-2.4431e+21
3844,-2.4463e+21
1894,-2.4531e+21
1895,-2.4557e+21
2732,-2.4563e+21
1896,-2.4568e+21
1897,-2.4572e+21
1898,-2.458e+21
1899,-2.4598e+21
3392,-2.4623e+21
1900,-2.4665e+21
1901,-2.4782e+21
1902,-2.4794e+21
4831,-2.4836e+21
1903,-2.4916e+21
3327,-2.4923e+21
2989,-2.4931e+21
1904,-2.496e+21
1905,-2.5028e+21
3150,-2.5047e+21
4923,-2.5055e+21
1906,-2.5154e+21
1907,-2.5184e+21
3960,-2.5188e+21
2912,-2.5256e+21
3376,-2.5265e+21
1908,-2.5351e+21
1909,-2.539e+21
1910,-2.5396e+21
1911,-2.5408e+21
1912,-2.5439e+21
1913,-2.5449e+21
4002,-2.5449e+21
1914,-2.5463e+21
2479,-2.5469e+21
5565,-2.5485e+21
1915,-2.5502e+21
1916,-2.5522e+21
1917,-2.5537e+21
4157,-2.5588e+21
1918,-2.5613e+21
5107,-2.5697e+21
1919,-2.5748e+21
1920,-2.5865e+21
1921,-2.5908e+21
1922,-2.6045e+21
1923,-2.6071e+21
1924,-2.6081e+21
1925,-2.6091e+21
2774,-2.613e+21
1926,-2.6139e+21
4988,-2.6151e+21
3984,-2.6152e+21
3780,-2.6162e+21
1927,-2.622e+21
1928,-2.6253e+21
1929,-2.6272e+21
1930,-2.6288e+21
3851,-2.6314e+21
1931,-2.6325e+21
1932,-2.6343e+21
2571,-2.6361e+21
5592,-2.6378e+21
2286,-2.6386e+21
1933,-2.6417e+21
1934,-2.645e+21
1935,-2.6451e+21
3075,-2.6463e+21
4605,-2.6478e+21
1936,-2.6479e+21
1937,-2.6496e+21
2939,-2.6522e+21
3081,-2.6523e+21
1938,-2.6557e+21
1939,-2.6558e+21
5359,-2.66e+21
1940,-2.6624e+21
1941,-2.6627e+21
4565,-2.6635e+21
1942,-2.6656e+21
1943,-2.6682e+21
1944,-2.6683e+21
4577,-2.6748e+21
1945,-2.685e+21
1946,-2.6891e+21
1947,-2.6902e+21
1948,-2.7068e+21
1949,-2.7091e+21
4443,-2.7093e+21
1950,-2.7196e+21
1951,-2.7201e+21
2667,-2.7208e+21
1952,-2.7225e+21
1953,-2.73e+21
2831,-2.7312e+21
4417,-2.7324e+21
1954,-2.7344e+21
1955,-2.7352e+21
1956,-2.7412e+21
3335,-2.7425e+21
1957,-2.7437e+21
1958,-2.746e+21
1959,-2.7521e+21
5095,-2.753e+21
5028,-2.7549e+21
5560,-2.7567e+21
1960,-2.7591e+21
1961,-2.7666e+21
1962,-2.7673e+21
1963,-2.7713e+21
3536,-2.7737e+21
1964,-2.7748e+21
1965,-2.775e+21
1966,-2.7776e+21
1967,-2.778e+21
1968,-2.7833e+21
5458,-2.785e+21
1969,-2.7868e+21
1970,-2.7898e+21
4833,-2.7977e+21
1971,-2.8028e+21
1972,-2.807e+21
1973,-2.8097e+21
3784,-2.8121e+21
1974,-2.8122e+21
5379,-2.8162e+21
1975,-2.8167e+21
1976,-2.8214e+21
1977,-2.8216e+21
3649,-2.823e+21
4288,-2.8279e+21
1978,-2.8389e+21
1979,-2.8451e+21
5559,-2.8531e+21
1980,-2.8532e+21
1981,-2.8536e+21
1982,-2.8612e+21
1983,-2.8637e+21
1984,-2.8644e+21
1985,-2.8707e+21
1986,-2.8746e+21
1987,-2.8746e+21
3542,-2.8796e+21
1988,-2.8838e+21
1989,-2.8894e+21
3317,-2.8915e+21
1990,-2.8931e+21
4512,-2.8985e+21
2360,-2.8998e+21
1991,-2.9026e+21
2587,-2.906e+21
4008,-2.9076e+21
4791,-2.9082e+21
5498,-2.9196e+21
3332,-2.9258e+21
2359,-2.9323e+21
1992,-2.9416e+21
3746,-2.9489e+21
1993,-2.9504e+21
5380,-2.9558e+21
1994,-2.9604e+21
1995,-2.9616e+21
5270,-2.963e+21
1996,-2.9646e+21
1997,-2.9652e+21
1998,-2.9796e+21
4460,-2.9847e+21
3409,-2.9855e+21
4463,-2.9918e+21
4238,-2.9943e+21
1999,-3.0015e+21
2399,-3.003e+21
4642,-3.0088e+21
2000,-3.0096e+21
2001,-3.0144e+21
4769,-3.0149e+21
3422,-3.0181e+21
2002,-3.0208e+21
2003,-3.0221e+21
2004,-3.0262e+21
5202,-3.0268e+21
4707,-3.0285e+21
3678,-3.0298e+21
2311,-3.0342e+21
2005,-3.0354e+21
4763,-3.0385e+21
2006,-3.0432e+21
2007,-3.0499e+21
4595,-3.0511e+21
3388,-3.0524e+21
2008,-3.0531e+21
2009,-3.0551e+21
2010,-3.0562e+21
2011,-3.0605e+21
4822,-3.0647e+21
2012,-3.0676e+21
4795,-3.0703e+21
2013,-3.0704e+21
2014,-3.0717e+21
3690,-3.0752e+21
2015,-3.0761e+21
2793,-3.0801e+21
4507,-3.0833e+21
3524,-3.0835e+21
4121,-3.0876e+21
2016,-3.0878e+21
2017,-3.0966e+21
4868,-3.0979e+21
2519,-3.1007e+21
3925,-3.1062e+21
4113,-3.1082e+21
2018,-3.1102e+21
2019,-3.112e+21
4904,-3.1129e+21
2581,-3.1137e+21
2020,-3.1286e+21
2021,-3.1317e+21
2022,-3.1356e+21
2023,-3.1391e+21
2024,-3.1475e+21
2025,-3.1506e+21
2026,-3.1516e+21
2027,-3.1542e+21
3575,-3.1554e+21
2028,-3.1632e+21
2029,-3.1709e+21
5450,-3.1772e+21
2030,-3.1813e+21
2031,-3.1826e+21
2032,-3.183e+21
2033,-3.1891e+21
2034,-3.1928e+21
2035,-3.1972e+21
2036,-3.198e+21
2037,-3.1992e+21
2038,-3.2058e+21
3395,-3.2079e+21
2915,-3.2176e+21
2039,-3.2211e+21
2040,-3.2211e+21
2041,-3.2348e+21
5495,-3.2353e+21
2042,-3.236e+21
2043,-3.2385e+21
2044,-3.246e+21
2045,-3.2468e+21
2046,-3.2468e+21
2047,-3.2484e+21
5077,-3.2506e+21
2048,-3.2527e+21
2049,-3.2669e+21
2050,-3.2673e+21
2051,-3.271e+21
3137,-3.2741e+21
3277,-3.2754e+21
2052,-3.2832e+21
5203,-3.2868e+21
5083,-3.2919e+21
5010,-3.2927e+21
2053,-3.2965e+21
4812,-3.3076e+21
2054,-3.3089e+21
2055,-3.3097e+21
2056,-3.3122e+21
2057,-3.3133e+21
3857,-3.3214e+21
2058,-3.3219e+21
2059,-3.3238e+21
2060,-3.3336e+21
3441,-3.3354e+21
2061,-3.3362e+21
4376,-3.3366e+21
2062,-3.3398e+21
4363,-3.3416e+21
2063,-3.3577e+21
4475,-3.3594e+21
2064,-3.3636e+21
2065,-3.3655e+21
3587,-3.3729e+21
2066,-3.3739e+21
2067,-3.3836e+21
2068,-3.3856e+21
4597,-3.3876e+21
2069,-3.3911e+21
2070,-3.3935e+21
2773,-3.3983e+21
2071,-3.3986e+21
2848,-3.3995e+21
2072,-3.4015e+21
2073,-3.4075e+21
4681,-3.4097e+21
2074,-3.4135e+21
5078,-3.4177e+21
2075,-3.4195e+21
2076,-3.4212e+21
2077,-3.4252e+21
2078,-3.4282e+21
2079,-3.4354e+21
2883,-3.4416e+21
4610,-3.4462e+21
2080,-3.4505e+21
5483,-3.4514e+21
2081,-3.4515e+21
2082,-3.4534e+21
5214,-3.4581e+21
3214,-3.462e+21
2083,-3.469e+21
4051,-3.4741e+21
2084,-3.4788e+21
2085,-3.4825e+21
2596,-3.4869e+21
2086,-3.4926e+21
5558,-3.5054e+21
2087,-3.511e+21
2088,-3.5231e+21
2089,-3.5245e+21
2090,-3.5249e+21
2091,-3.5266e+21
2092,-3.5267e+21
4710,-3.5274e+21
5338,-3.5337e+21
2093,-3.5353e+21
2094,-3.5378e+21
2869,-3.5388e+21
2095,-3.5393e+21
2096,-3.54e+21
2097,-3.5417e+21
4116,-3.5471e+21
2098,-3.5478e+21
5262,-3.5479e+21
2099,-3.549e+21
2100,-3.5521e+21
2101,-3.5595e+21
2102,-3.5632e+21
3514,-3.5667e+21
3875,-3.5671e+21
3040,-3.5747e+21
4038,-3.5749e+21
2103,-3.576e+21
3648,-3.5783e+21
2810,-3.5867e+21
2104,-3.5873e+21
4580,-3.5906e+21
2330,-3.6002e+21
2105,-3.602e+21
2106,-3.6065e+21
4295,-3.61e+21
2107,-3.6122e+21
2108,-3.6182e+21
2109,-3.6199e+21
2110,-3.6284e+21
2111,-3.6305e+21
2112,-3.633e+21
5126,-3.6475e+21
2113,-3.6494e+21
2114,-3.6538e+21
3411,-3.6544e+21
2115,-3.6551e+21
2116,-3.6581e+21
4601,-3.6597e+21
2117,-3.6648e+21
2118,-3.667e+21
3896,-3.6675e+21
2769,-3.6695e+21
5024,-3.6739e+21
2472,-3.6741e+21
3722,-3.6752e+21
3210,-3.68e+21
2119,-3.6826e+21
2120,-3.683e+21
2121,-3.6882e+21
3975,-3.6939e+21
3348,-3.6947e+21
3866,-3.6971e+21
4040,-3.7189e+21
3870,-3.7324e+21
2122,-3.7351e+21
2123,-3.7372e+21
4692,-3.7453e+21
2124,-3.7457e+21
3420,-3.7478e+21
5468,-3.7486e+21
2125,-3.7496e+21
2126,-3.7516e+21
5529,-3.7537e+21
4351,-3.7577e+21
4735,-3.7593e+21
2127,-3.7696e+21
5451,-3.7706e+21
2128,-3.7714e+21
2129,-3.7786e+21
2130,-3.7904e+21
5387,-3.7923e+21
4302,-3.7953e+21
2131,-3.8055e+21
4474,-3.807e+21
2132,-3.8078e+21
5585,-3.8116e+21
2133,-3.8127e+21
2134,-3.8162e+21
2135,-3.8207e+21
2136,-3.8257e+21
4503,-3.8257e+21
2137,-3.8287e+21
2578,-3.8307e+21
2138,-3.8322e+21
2139,-3.8336e+21
2140,-3.834e+21
3879,-3.8438e+21
4760,-3.8463e+21
3888,-3.8552e+21
3051,-3.8609e+21
2141,-3.8627e+21
2142,-3.8649e+21
2143,-3.8666e+21
2144,-3.8721e+21
4499,-3.8733e+21
5552,-3.8744e+21
2145,-3.8759e+21
2146,-3.8796e+21
3205,-3.8832e+21
4921,-3.8834e+21
2147,-3.8844e+21
2846,-3.8857e+21
5250,-3.8886e+21
2148,-3.8943e+21
2149,-3.8988e+21
2150,-3.8996e+21
2151,-3.8998e+21
2152,-3.9045e+21
2153,-3.9046e+21
2154,-3.9051e+21
2155,-3.9062e+21
3578,-3.9165e+21
3022,-3.9191e+21
2799,-3.9199e+21
5207,-3.9279e+21
4184,-3.9415e+21
2156,-3.9417e+21
2672,-3.9434e+21
2157,-3.9446e+21
2158,-3.9449e+21
2159,-3.947e+21
2160,-3.9492e+21
2161,-3.953e+21
2162,-3.9637e+21
3556,-3.9666e+21
5573,-3.9671e+21
4907,-3.9719e+21
2163,-3.9741e+21
4153,-3.9745e+21
3940,-3.9762e+21
3111,-3.9793e+21
2164,-3.9835e+21
2327,-3.9848e+21
3645,-3.9855e+21
4398,-3.987e+21
2165,-3.9889e+21
5191,-3.9891e+21
2166,-3.9922e+21
3605,-4.0052e+21
2167,-4.0128e+21
3822,-4.0134e+21
2168,-4.017e+21
2495,-4.0263e+21
3136,-4.033e+21
2169,-4.0397e+21
2170,-4.0449e+21
2171,-4.0527e+21
2172,-4.054e+21
4361,-4.0569e+21
3730,-4.0574e+21
2173,-4.0577e+21
2174,-4.0622e+21
2542,-4.0628e+21
3018,-4.0671e+21
2175,-4.0698e+21
2176,-4.0789e+21
2177,-4.0823e+21
2178,-4.0863e+21
2179,-4.0877e+21
3295,-4.088e+21
5042,-4.0998e+21
2180,-4.1042e+21
3084,-4.1092e+21
3351,-4.1096e+21
2181,-4.1099e+21
2182,-4.117e+21
2183,-4.1188e+21
2184,-4.1283e+21
3270,-4.1287e+21
2185,-4.1299e+21
2186,-4.1305e+21
2736,-4.1333e+21
4958,-4.1341e+21
2187,-4.1347e+21
3841,-4.1384e+21
3525,-4.1406e+21
2437,-4.1421e+21
2188,-4.1484e+21
3006,-4.1494e+21
4190,-4.1512e+21
2189,-4.152e+21
2190,-4.1537e+21
5136,-4.1566e+21
4655,-4.1571e+21
2191,-4.1623e+21
2192,-4.1673e+21
4673,-4.1688e+21
3558,-4.1709e+21
2193,-4.1723e+21
4926,-4.1757e+21
2194,-4.1858e+21
2195,-4.1864e+21
4561,-4.1918e+21
2196,-4.1959e+21
5220,-4.199e+21
2345,-4.2012e+21
3099,-4.2047e+21
2365,-4.2055e+21
2197,-4.206e+21
2914,-4.2065e+21
2458,-4.2174e+21
4486,-4.2283e+21
3656,-4.2353e+21
2198,-4.2387e+21
2199,-4.2451e+21
2200,-4.2477e+21
2505,-4.2577e+21
2201,-4.2583e+21
2653,-4.2584e+21
2202,-4.2615e+21
2443,-4.2633e+21
3219,-4.2642e+21
2203,-4.2676e+21
3677,-4.2681e+21
3807,-4.2698e+21
4129,-4.2698e+21
2204,-4.2701e+21
4964,-4.273e+21
2205,-4.2745e+21
2206,-4.2762e+21
4018,-4.287e+21
2551,-4.2928e+21
2207,-4.3126e+21
2208,-4.3145e+21
2209,-4.3206e+21
2210,-4.3216e+21
5385,-4.3257e+21
2211,-4.331e+21
2212,-4.3338e+21
5340,-4.3345e+21
2213,-4.3348e+21
2214,-4.3354e+21
2215,-4.3396e+21
5439,-4.3439e+21
2216,-4.3441e+21
2217,-4.3443e+21
3920,-4.3481e+21
2218,-4.349e+21
4099,-4.3577e+21
2219,-4.361e+21
2220,-4.3613e+21
5113,-4.3623e+21
2221,-4.3635e+21
2222,-4.3694e+21
5475,-4.3701e+21
2223,-4.3723e+21
2224,-4.3737e+21
2272,-4.3769e+21
2225,-4.379e+21
2536,-4.3874e+21
5127,-4.3955e+21
2226,-4.3956e+21
2227,-4.4024e+21
2228,-4.4108e+21
2229,-4.4139e+21
2230,-4.4153e+21
2231,-4.4159e+21
2920,-4.4208e+21
4168,-4.4229e+21
2544,-4.4255e+21
3855,-4.4258e+21
4869,-4.4261e+21
2232,-4.4266e+21
2233,-4.427e+21
3999,-4.4294e+21
2234,-4.4307e+21
2434,-4.4404e+21
3973,-4.4404e+21
2235,-4.447e+21
2236,-4.4471e+21
2237,-4.4478e+21
2238,-4.4494e+21
2239,-4.452e+21
2240,-4.4645e+21
2750,-4.4696e+21
5587,-4.4755e+21
3056,-4.4789e+21
3041,-4.4805e+21
5112,-4.5003e+21
4816,-4.5055e+21
3809,-4.5238e+21
3604,-4.5279e+21
4218,-4.5367e+21
4517,-4.5418e+21
5005,-4.5458e+21
3074,-4.5664e+21
3110,-4.5686e+21
2500,-4.5712e+21
4584,-4.5729e+21
4073,-4.5752e+21
4632,-4.5832e+21
5381,-4.5951e+21
5598,-4.5983e+21
3281,-4.6153e+21
3827,-4.6158e+21
5172,-4.6182e+21
4661,-4.6226e+21
5111,-4.631e+21
5247,-4.6399e+21
3027,-4.6456e+21
4234,-4.6498e+21
4547,-4.6516e+21
4752,-4.6594e+21
4731,-4.6689e+21
3805,-4.6992e+21
3627,-4.722e+21
2759,-4.7287e+21
2718,-4.7312e+21
3057,-4.7319e+21
5277,-4.7331e+21
4250,-4.7367e+21
3538,-4.7515e+21
4203,-4.754e+21
2480,-4.7664e+21
3294,-4.7691e+21
3106,-4.7743e+21
5045,-4.82e+21
2947,-4.8222e+21
5259,-4.8278e+21
4029,-4.86e+21
4527,-4.8643e+21
2570,-4.8819e+21
2336,-4.8825e+21
3995,-4.886e+21
2535,-4.8902e+21
2806,-4.8906e+21
2751,-4.8937e+21
2969,-4.9078e+21
2545,-4.9187e+21
3941,-4.9259e+21
5153,-4.9292e+21
5435,-4.9516e+21
2481,-4.9683e+21
3854,-4.9741e+21
2508,-4.9794e+21
4158,-5.0024e+21
4170,-5.0073e+21
4088,-5.0241e+21
5079,-5.0292e+21
5462,-5.0454e+21
5029,-5.0456e+21
3883,-5.0633e+21
3707,-5.0634e+21
4212,-5.0703e+21
4656,-5.0742e+21
2825,-5.0869e+21
3163,-5.0916e+21
2598,-5.1133e+21
2255,-5.1136e+21
4555,-5.1167e+21
5554,-5.1315e+21
2689,-5.1417e+21
3060,-5.143e+21
3195,-5.1484e+21
5246,-5.159e+21
5425,-5.1592e+21
4948,-5.184e+21
4216,-5.1863e+21
4508,-5.1921e+21
4571,-5.1929e+21
4771,-5.2007e+21
3389,-5.2064e+21
4439,-5.2158e+21
4697,-5.2297e+21
2778,-5.232e+21
4960,-5.2471e+21
3427,-5.2544e+21
5196,-5.2609e+21
3266,-5.2866e+21
4544,-5.2909e+21
5520,-5.297e+21
3105,-5.3042e+21
4837,-5.3046e+21
5001,-5.3068e+21
3257,-5.3145e+21
4783,-5.3197e+21
5049,-5.326e+21
2390,-5.3647e+21
4377,-5.3751e+21
2338,-5.3851e+21
2652,-5.3981e+21
2906,-5.4016e+21
2988,-5.4074e+21
3065,-5.4233e+21
4206,-5.4297e+21
2454,-5.434e+21
4428,-5.4457e+21
2540,-5.4526e+21
5216,-5.485e+21
5352,-5.5174e+21
3155,-5.5401e+21
2386,-5.5413e+21
3437,-5.5419e+21
2633,-5.5442e+21
3153,-5.5451e+21
2737,-5.5634e+21
4742,-5.5656e+21
5044,-5.5698e+21
3873,-5.5751e+21
4254,-5.5762e+21
3711,-5.601e+21
3915,-5.6023e+21
4859,-5.6421e+21
5093,-5.653e+21
3816,-5.654e+21
4889,-5.6543e+21
4521,-5.6677e+21
3452,-5.6726e+21
3829,-5.6783e+21
2888,-5.6812e+21
3858,-5.6976e+21
5351,-5.6996e+21
5300,-5.7015e+21
2422,-5.7102e+21
3255,-5.7407e+21
2413,-5.7442e+21
5187,-5.7463e+21
5182,-5.7537e+21
2274,-5.7616e+21
2517,-5.7959e+21
3572,-5.804e+21
5271,-5.8207e+21
4915,-5.8216e+21
4778,-5.8253e+21
4007,-5.8265e+21
2867,-5.829e+21
2809,-5.8304e+21
4929,-5.865e+21
4042,-5.8744e+21
3594,-5.8785e+21
4789,-5.8905e+21
4844,-5.8988e+21
4626,-5.9002e+21
4076,-5.9148e+21
2282,-5.9541e+21
4466,-5.9667e+21
4717,-5.9689e+21
5089,-5.9752e+21
3815,-5.9813e+21
3887,-6.0049e+21
2878,-6.0167e+21
4400,-6.0283e+21
2296,-6.0451e+21
3302,-6.0453e+21
4322,-6.0822e+21
3838,-6.0868e+21
5125,-6.1001e+21
3628,-6.1001e+21
3946,-6.112e+21
2971,-6.1194e+21
5303,-6.1286e+21
5329,-6.1455e+21
3774,-6.1787e+21
4518,-6.1918e+21
4391,-6.1927e+21
2700,-6.2021e+21
4674,-6.2102e+21
4215,-6.2168e+21
3908,-6.2176e+21
3520,-6.2455e+21
4785,-6.2468e+21
5092,-6.2613e+21
3059,-6.2882e+21
3567,-6.2995e+21
3540,-6.3004e+21
5255,-6.3184e+21
5157,-6.3814e+21
3641,-6.4307e+21
4280,-6.4498e+21
5106,-6.455e+21
4966,-6.4635e+21
4808,-6.4781e+21
2656,-6.4816e+21
2559,-6.4952e+21
3415,-6.5002e+21
4800,-6.5032e+21
2797,-6.524e+21
5388,-6.5262e+21
5016,-6.5301e+21
3313,-6.535e+21
4660,-6.5444e+21
2430,-6.5462e+21
4954,-6.5462e+21
3291,-6.548e+21
5561,-6.561e+21
5596,-6.5826e+21
4135,-6.5919e+21
2391,-6.6122e+21
3519,-6.6178e+21
3760,-6.6263e+21
4080,-6.6263e+21
5231,-6.6376e+21
2343,-6.6481e+21
4185,-6.6543e+21
2521,-6.665e+21
2833,-6.6844e+21
4842,-6.706e+21
5003,-6.7107e+21
2865,-6.7344e+21
4415,-6.7434e+21
3167,-6.7576e+21
3413,-6.7688e+21
4781,-6.7833e+21
4885,-6.7854e+21
3405,-6.7897e+21
4537,-6.7957e+21
3315,-6.8089e+21
2819,-6.8138e+21
3894,-6.8316e+21
2955,-6.8545e+21
2273,-6.8856e+21
2631,-6.9058e+21
3066,-6.9133e+21
2794,-6.9213e+21
5258,-6.9261e+21
5176,-6.9378e+21
3666,-6.9626e+21
3458,-6.9786e+21
4344,-6.9899e+21
4782,-6.9991e+21
2764,-7.0054e+21
3104,-7.0137e+21
5362,-7.0234e+21
3918,-7.0378e+21
4114,-7.042e+21
4630,-7.0517e+21
2758,-7.0552e+21
4022,-7.0607e+21
5344,-7.0916e+21
2514,-7.0954e+21
2538,-7.1008e+21
4093,-7.1081e+21
3418,-7.1357e+21
4338,-7.1361e+21
5391,-7.1595e+21
3938,-7.166e+21
4935,-7.1918e+21
4646,-7.1946e+21
4232,-7.1965e+21
4920,-7.1969e+21
3284,-7.214e+21
3234,-7.2198e+21
5321,-7.2239e+21
3650,-7.2391e+21
5511,-7.2487e+21
4077,-7.272e+21
2556,-7.2776e+21
3228,-7.3109e+21
3945,-7.3126e+21
2291,-7.3206e+21
2368,-7.3437e+21
5331,-7.3439e+21
2728,-7.3461e+21
3789,-7.39e+21
2315,-7.4751e+21
2704,-7.4757e+21
3791,-7.4856e+21
3288,-7.4974e+21
3740,-7.4976e+21
5356,-7.4995e+21
4897,-7.5317e+21
4050,-7.5388e+21
4553,-7.5472e+21
4637,-7.5576e+21
5011,-7.575e+21
4384,-7.6328e+21
2647,-7.6335e+21
4410,-7.639e+21
4840,-7.6417e+21
3373,-7.6498e+21
3268,-7.6542e+21
5312,-7.6549e+21
4044,-7.6583e+21
5417,-7.6626e+21
5073,-7.6651e+21
4287,-7.6678e+21
2373,-7.6706e+21
5545,-7.6746e+21
3260,-7.6859e+21
2942,-7.6942e+21
4138,-7.6957e+21
2660,-7.73e+21
5047,-7.7362e+21
3642,-7.7403e+21
3312,-7.7499e+21
4689,-7.7613e+21
4526,-7.7639e+21
2447,-7.7652e+21
5373,-7.7699e+21
2572,-7.7746e+21
3491,-7.78e+21
2859,-7.7902e+21
2765,-7.7984e+21
3629,-7.8014e+21
5463,-7.8025e+21
3553,-7.8113e+21
3279,-7.8164e+21
2886,-7.818e+21
3886,-7.8194e+21
5317,-7.8239e+21
3895,-7.8249e+21
2283,-7.8483e+21
2990,-7.8728e+21
4100,-7.8747e+21
3477,-7.8774e+21
4945,-7.8806e+21
3385,-7.9118e+21
5595,-7.92e+21
5298,-7.9251e+21
4096,-7.9371e+21
4012,-7.9422e+21
4944,-7.9773e+21
5436,-8.0058e+21
3836,-8.0108e+21
4650,-8.0327e+21
4593,-8.0346e+21
4176,-8.0802e+21
2928,-8.083e+21
3160,-8.0839e+21
5301,-8.0892e+21
3012,-8.1009e+21
5477,-8.1105e+21
3521,-8.1216e+21
3276,-8.1256e+21
3481,-8.1312e+21
2351,-8.1367e+21
4946,-8.139e+21
4545,-8.1687e+21
3713,-8.1692e+21
2452,-8.1714e+21
4378,-8.1723e+21
5058,-8.1771e+21
3140,-8.1802e+21
3574,-8.1805e+21
3488,-8.1815e+21
4380,-8.1912e+21
4478,-8.1924e+21
5484,-8.1964e+21
3584,-8.212e+21
4525,-8.2129e+21
3139,-8.2216e+21
3468,-8.225e+21
5075,-8.2458e+21
4354,-8.2464e+21
5135,-8.2472e+21
5154,-8.2689e+21
2416,-8.2831e+21
5386,-8.2861e+21
2916,-8.2928e+21
4167,-8.3144e+21
4586,-8.3196e+21
4621,-8.3362e+21
4952,-8.3434e+21
3958,-8.3656e+21
4124,-8.3657e+21
3299,-8.3892e+21
4061,-8.4e+21
2583,-8.4075e+21
3479,-8.4093e+21
2295,-8.4187e+21
3249,-8.4237e+21
3112,-8.4321e+21
4370,-8.4344e+21
3130,-8.4556e+21
4320,-8.4683e+21
2935,-8.4753e+21
2991,-8.4757e+21
5192,-8.4941e+21
3076,-8.4981e+21
4217,-8.5075e+21
3042,-8.5316e+21
3447,-8.5494e+21
3853,-8.5525e+21
2911,-8.5801e+21
4732,-8.5901e+21
3433,-8.6073e+21
4917,-8.6117e+21
4900,-8.6119e+21
5004,-8.6166e+21
5590,-8.6224e+21
5180,-8.6556e+21
4582,-8.6619e+21
4263,-8.7052e+21
3890,-8.716e+21
5064,-8.7183e+21
2470,-8.7445e+21
5526,-8.766e+21
4355,-8.7881e+21
3964,-8.8039e+21
2381,-8.8072e+21
3787,-8.8329e+21
4227,-8.8491e+21
4346,-8.8654e+21
3775,-8.8693e+21
4131,-8.8849e+21
2270,-8.8852e+21
5535,-8.894e+21
2612,-8.9031e+21
4520,-8.9365e+21
4991,-8.9375e+21
4324,-8.9496e+21
4603,-8.9523e+21
3507,-8.9578e+21
2960,-8.96e+21
3090,-8.9609e+21
4450,-8.9652e+21
4612,-8.9666e+21
4623,-8.9865e+21
4037,-8.9926e+21
5015,-9.007e+21
5254,-9.0113e+21
2987,-9.0125e+21
2890,-9.0174e+21
3897,-9.0242e+21
4208,-9.0261e+21
3206,-9.0423e+21
2694,-9.0447e+21
4049,-9.0493e+21
5292,-9.0519e+21
4801,-9.0702e+21
3994,-9.0767e+21
3298,-9.0792e+21
3518,-9.1096e+21
3982,-9.1152e+21
5221,-9.1187e+21
2287,-9.132e+21
3819,-9.1423e+21
4033,-9.1495e+21
2469,-9.1724e+21
4652,-9.1962e+21
4459,-9.2053e+21
3164,-9.2099e+21
4756,-9.2192e+21
4606,-9.2541e+21
4618,-9.2676e+21
5036,-9.2712e+21
4292,-9.2738e+21
4494,-9.2924e+21
3790,-9.3175e+21
3293,-9.3244e+21
4980,-9.3694e+21
5149,-9.3826e+21
3633,-9.3969e+21
5018,-9.4002e+21
4556,-9.423e+21
4780,-9.4289e+21
4875,-9.4384e+21
3794,-9.4419e+21
5304,-9.4427e+21
5542,-9.4452e+21
3238,-9.4469e+21
4053,-9.4706e+21
3269,-9.4886e+21
3632,-9.5001e+21
5402,-9.5193e+21
2263,-9.5337e+21
4720,-9.5403e+21
2993,-9.5465e+21
2449,-9.548e+21
5055,-9.5514e+21
2247,-9.5525e+21
2492,-9.5593e+21
3856,-9.5697e+21
4187,-9.5752e+21
3218,-9.5778e+21
2388,-9.5873e+21
3128,-9.5906e+21
5364,-9.6233e+21
2896,-9.6259e+21
3576,-9.6321e+21
4407,-9.6399e+21
3344,-9.6482e+21
5120,-9.6589e+21
4070,-9.6646e+21
3756,-9.699e+21
3699,-9.7028e+21
3038,-9.7138e+21
5066,-9.7161e+21
4562,-9.7189e+21
2463,-9.7256e+21
5586,-9.7361e+21
3122,-9.7363e+21
5492,-9.7615e+21
5465,-9.8101e+21
3817,-9.8531e+21
4668,-9.8787e+21
4624,-9.8867e+21
4310,-9.9008e+21
4387,-9.9325e+21
2659,-9.9432e+21
3223,-9.9468e+21
3902,-9.9721e+21
4128,-9.9806e+21
2638,-9.9856e+21
5145,-9.9874e+21
2923,-9.9896e+21
4235,-1.0038e+22
3328,-1.0051e+22
5143,-1.0075e+22
4982,-1.0112e+22
2688,-1.0117e+22
5159,-1.0147e+22
3375,-1.0157e+22
3546,-1.016e+22
3098,-1.0167e+22
3258,-1.0167e+22
3646,-1.0176e+22
5517,-1.0182e+22
3954,-1.0197e+22
3120,-1.0203e+22
3318,-1.0223e+22
4870,-1.0263e+22
5067,-1.0267e+22
4714,-1.0303e+22
5456,-1.0307e+22
2525,-1.0309e+22
3400,-1.0311e+22
2743,-1.0325e+22
2299,-1.0335e+22
5023,-1.0341e+22
2787,-1.0343e+22
4162,-1.0353e+22
3778,-1.0373e+22
5490,-1.0373e+22
4054,-1.0421e+22
2242,-1.0435e+22
4283,-1.0453e+22
4248,-1.0459e+22
2795,-1.0473e+22
3783,-1.0478e+22
3710,-1.0497e+22
2953,-1.0498e+22
3103,-1.0523e+22
4174,-1.0544e+22
5396,-1.0547e+22
3343,-1.0571e+22
4932,-1.0611e+22
3444,-1.0626e+22
2940,-1.0631e+22
2615,-1.0636e+22
3023,-1.0667e+22
2593,-1.0683e+22
4412,-1.0691e+22
3717,-1.0709e+22
3217,-1.072e+22
3891,-1.0721e+22
5019,-1.0729e+22
5193,-1.0743e+22
3429,-1.0749e+22
3935,-1.0756e+22
3203,-1.0786e+22
4856,-1.0794e+22
2420,-1.0806e+22
5322,-1.0838e+22
5245,-1.084e+22
3532,-1.0841e+22
3589,-1.085e+22
4221,-1.0856e+22
4150,-1.0859e+22
4744,-1.0868e+22
5189,-1.0875e+22
5050,-1.0904e+22
4406,-1.0931e+22
2771,-1.0956e+22
3668,-1.0979e+22
5062,-1.1003e+22
5200,-1.1004e+22
4817,-1.1013e+22
3992,-1.1019e+22
3368,-1.1023e+22
4046,-1.1025e+22
3547,-1.1051e+22
3697,-1.1056e+22
3101,-1.1071e+22
3643,-1.1084e+22
3063,-1.1088e+22
4446,-1.1089e+22
4574,-1.1092e+22
3928,-1.1115e+22
3463,-1.1132e+22
3788,-1.1146e+22
2357,-1.1146e+22
2650,-1.1168e+22
4865,-1.1183e+22
4313,-1.1195e+22
3545,-1.1197e+22
5097,-1.12e+22
3592,-1.1213e+22
2714,-1.122e+22
2836,-1.1245e+22
2851,-1.1268e+22
3213,-1.1285e+22
5438,-1.1303e+22
3557,-1.1304e+22
3005,-1.1306e+22
3831,-1.131e+22
5327,-1.1311e+22
2300,-1.1321e+22
4821,-1.1342e+22
3585,-1.1367e+22
3119,-1.1386e+22
4970,-1.1399e+22
5266,-1.1421e+22
3803,-1.1422e+22
3598,-1.1427e+22
4182,-1.1434e+22
4028,-1.144e+22
5355,-1.1442e+22
2372,-1.1446e+22
4183,-1.145e+22
4967,-1.1454e+22
4420,-1.1454e+22
4403,-1.1461e+22
3380,-1.1462e+22
3806,-1.1468e+22
4678,-1.147e+22
2894,-1.147e+22
4039,-1.1494e+22
3513,-1.1507e+22
5453,-1.1551e+22
3224,-1.1552e+22
3251,-1.1574e+22
3937,-1.1579e+22
4820,-1.1597e+22
4504,-1.1628e+22
3469,-1.163e+22
3050,-1.1639e+22
4852,-1.1645e+22
4896,-1.1673e+22
5265,-1.1686e+22
2931,-1.1701e+22
4589,-1.1702e+22
5581,-1.1707e+22
4095,-1.171e+22
4776,-1.1713e+22
4134,-1.1716e+22
2484,-1.1727e+22
2994,-1.1738e+22
4296,-1.1749e+22
4599,-1.176e+22
4101,-1.1794e+22
4127,-1.1802e+22
5165,-1.1804e+22
2970,-1.1831e+22
2465,-1.1834e+22
5114,-1.1869e+22
4531,-1.187e+22
3922,-1.1874e+22
2466,-1.1893e+22
2776,-1.1987e+22
5584,-1.199e+22
2979,-1.1996e+22
4273,-1.2014e+22
4766,-1.2028e+22
3399,-1.2083e+22
3892,-1.2098e+22
3624,-1.2108e+22
3396,-1.2113e+22
4881,-1.2122e+22
4609,-1.2128e+22
4374,-1.219e+22
2321,-1.2197e+22
3876,-1.221e+22
5416,-1.2239e+22
4239,-1.2269e+22
2884,-1.2291e+22
2439,-1.2291e+22
2663,-1.23e+22
4300,-1.23e+22
3534,-1.2307e+22
3116,-1.2367e+22
4264,-1.2372e+22
4757,-1.242e+22
5285,-1.2439e+22
5460,-1.2439e+22
2775,-1.2448e+22
5591,-1.246e+22
4873,-1.246e+22
3871,-1.2464e+22
2461,-1.2467e+22
3280,-1.248e+22
2317,-1.2497e+22
4864,-1.2515e+22
3354,-1.2515e+22
3718,-1.253e+22
4784,-1.2535e+22
3454,-1.2574e+22
4006,-1.262e+22
2337,-1.2622e+22
2281,-1.2626e+22
4572,-1.2657e+22
4009,-1.2662e+22
2531,-1.2664e+22
4372,-1.2666e+22
4498,-1.27e+22
4111,-1.2703e+22
3489,-1.2705e+22
3306,-1.2727e+22
2685,-1.2743e+22
3693,-1.2753e+22
4644,-1.2768e+22
3475,-1.2793e+22
2891,-1.2808e+22
3692,-1.281e+22
3186,-1.2812e+22
2874,-1.2826e+22
5101,-1.2835e+22
2610,-1.2841e+22
4448,-1.2849e+22
2843,-1.2857e+22
4165,-1.2861e+22
2541,-1.287e+22
4257,-1.2872e+22
2675,-1.2886e+22
3835,-1.2901e+22
4306,-1.2911e+22
4060,-1.2938e+22
3617,-1.295e+22
2800,-1.2979e+22
2996,-1.3e+22
5426,-1.3037e+22
2254,-1.3119e+22
4016,-1.3148e+22
5409,-1.3159e+22
3307,-1.316e+22
4540,-1.3176e+22
3502,-1.3199e+22
2468,-1.3208e+22
3786,-1.3275e+22
5397,-1.3299e+22
4826,-1.335e+22
3516,-1.3365e+22
5030,-1.3385e+22
4495,-1.339e+22
2494,-1.3397e+22
2313,-1.3404e+22
3893,-1.3432e+22
2845,-1.3448e+22
3727,-1.3449e+22
5461,-1.3451e+22
4360,-1.348e+22
5497,-1.3484e+22
2658,-1.3484e+22
5555,-1.3492e+22
5550,-1.3516e+22
2576,-1.3519e+22
2482,-1.352e+22
3114,-1.3529e+22
4290,-1.3531e+22
4319,-1.3549e+22
5434,-1.355e+22
4293,-1.3554e+22
5116,-1.3562e+22
3885,-1.3562e+22
3616,-1.3563e+22
5242,-1.3599e+22
2932,-1.3605e+22
4824,-1.3611e+22
4813,-1.3615e+22
5448,-1.3618e+22
5014,-1.3619e+22
3503,-1.3653e+22
3747,-1.3691e+22
2325,-1.3692e+22
3603,-1.3693e+22
3010,-1.3703e+22
2493,-1.3726e+22
3466,-1.3767e+22
4758,-1.3792e+22
2376,-1.3795e+22
5334,-1.3796e+22
2301,-1.3807e+22
5503,-1.3816e+22
3230,-1.3817e+22
5213,-1.3834e+22
2557,-1.3854e+22
3770,-1.388e+22
4940,-1.3882e+22
3953,-1.3883e+22
5323,-1.3891e+22
4090,-1.3916e+22
3729,-1.3925e+22
3453,-1.3939e+22
3330,-1.3941e+22
3634,-1.3951e+22
4705,-1.3978e+22
4484,-1.3979e+22
3748,-1.3997e+22
5505,-1.4004e+22
2269,-1.4005e+22
2460,-1.4007e+22
4271,-1.403e+22
4285,-1.4038e+22
2393,-1.4048e+22
2423,-1.4053e+22
5424,-1.4053e+22
2674,-1.4068e+22
5333,-1.4091e+22
3170,-1.4095e+22
3286,-1.4134e+22
3262,-1.4148e+22
2925,-1.4149e+22
2684,-1.417e+22
3549,-1.4177e+22
4613,-1.4178e+22
4657,-1.4186e+22
3338,-1.4189e+22
4629,-1.4209e+22
2823,-1.422e+22
4950,-1.4224e+22
5105,-1.4246e+22
3132,-1.4251e+22
3782,-1.4257e+22
2548,-1.4261e+22
3494,-1.4275e+22
4867,-1.4291e+22
4659,-1.4326e+22
3860,-1.4347e+22
5184,-1.4348e+22
4693,-1.4398e+22
3319,-1.4401e+22
2573,-1.4428e+22
2747,-1.4479e+22
4468,-1.4485e+22
3088,-1.4488e+22
5447,-1.4554e+22
3250,-1.4555e+22
3360,-1.4573e+22
3092,-1.4575e+22
4579,-1.4604e+22
4773,-1.4613e+22
2607,-1.4614e+22
5094,-1.4649e+22
2403,-1.4665e+22
3583,-1.4689e+22
3924,-1.4727e+22
4839,-1.4745e+22
4219,-1.4803e+22
4934,-1.4833e+22
4916,-1.4833e+22
2693,-1.4842e+22
4067,-1.4844e+22
4669,-1.4848e+22
2786,-1.4866e+22
4133,-1.4897e+22
4125,-1.4901e+22
4724,-1.4906e+22
2340,-1.4924e+22
5082,-1.4927e+22
4086,-1.4932e+22
4764,-1.4946e+22
2590,-1.4965e+22
2604,-1.5005e+22
2719,-1.5032e+22
2306,-1.5038e+22
2382,-1.5038e+22
5566,-1.504e+22
3067,-1.5062e+22
4385,-1.5069e+22
3473,-1.5072e+22
4457,-1.5073e+22
2312,-1.5081e+22
4910,-1.5092e+22
5104,-1.5097e+22
5443,-1.5131e+22
4524,-1.5145e+22
4994,-1.5153e+22
4909,-1.5161e+22
3522,-1.5173e+22
3636,-1.5225e+22
4314,-1.5258e+22
3661,-1.5276e+22
4706,-1.5286e+22
2716,-1.5312e+22
5452,-1.5312e+22
2999,-1.5336e+22
4796,-1.5363e+22
4078,-1.537e+22
3365,-1.5398e+22
3204,-1.5398e+22
3659,-1.5401e+22
4711,-1.541e+22
2560,-1.5449e+22
2537,-1.5464e+22
3702,-1.5483e+22
5415,-1.5507e+22
2781,-1.5518e+22
3393,-1.5529e+22
5481,-1.5532e+22
4143,-1.5534e+22
2456,-1.5535e+22
4075,-1.5536e+22
3686,-1.5544e+22
3942,-1.5575e+22
4055,-1.5589e+22
4065,-1.5592e+22
2929,-1.5609e+22
2637,-1.5619e+22
2608,-1.566e+22
3965,-1.5674e+22
3560,-1.568e+22
4237,-1.5714e+22
4140,-1.5714e+22
5295,-1.5735e+22
4365,-1.5741e+22
3030,-1.575e+22
5528,-1.5754e+22
2815,-1.5755e+22
4677,-1.5769e+22
3652,-1.5774e+22
3374,-1.5778e+22
3054,-1.578e+22
4841,-1.578e+22
3176,-1.5786e+22
4931,-1.5788e+22
3055,-1.5789e+22
5123,-1.584e+22
4774,-1.5842e+22
4726,-1.5882e+22
5346,-1.5919e+22
3151,-1.5925e+22
3543,-1.593e+22
3283,-1.5933e+22
2690,-1.5934e+22
3684,-1.5939e+22
2362,-1.594e+22
4894,-1.5957e+22
2710,-1.5973e+22
3531,-1.5977e+22
3449,-1.598e+22
4942,-1.598e+22
2588,-1.5991e+22
4480,-1.5993e+22
4567,-1.6013e+22
2662,-1.6019e+22
2579,-1.6028e+22
2445,-1.6039e+22
4112,-1.6043e+22
2582,-1.6054e+22
3631,-1.6064e+22
4015,-1.6075e+22
5268,-1.6077e+22
2804,-1.6086e+22
2820,-1.6089e+22
3506,-1.6113e+22
4761,-1.6121e+22
3614,-1.6123e+22
3048,-1.617e+22
5532,-1.6192e+22
4021,-1.6205e+22
2917,-1.6223e+22
4353,-1.6259e+22
3460,-1.6269e+22
3670,-1.627e+22
2801,-1.6278e+22
3464,-1.6281e+22
5100,-1.6293e+22
3579,-1.6299e+22
5155,-1.6312e+22
5489,-1.6321e+22
3800,-1.6327e+22
3621,-1.6358e+22
5357,-1.6377e+22
5096,-1.6379e+22
2679,-1.6394e+22
4515,-1.6419e+22
2462,-1.6431e+22
3244,-1.6433e+22
3847,-1.6468e+22
4152,-1.649e+22
4082,-1.6505e+22
3263,-1.651e+22
2450,-1.6516e+22
3839,-1.6534e+22
2290,-1.6567e+22
4953,-1.6578e+22
5283,-1.6622e+22
2641,-1.6626e+22
2802,-1.6629e+22
4863,-1.6643e+22
4435,-1.6647e+22
2355,-1.6651e+22
4983,-1.6656e+22
5578,-1.6697e+22
2562,-1.6699e+22
3020,-1.677e+22
2292,-1.6773e+22
4178,-1.6775e+22
3141,-1.6786e+22
4032,-1.6799e+22
3801,-1.6806e+22
3623,-1.6821e+22
4596,-1.6828e+22
4336,-1.6834e+22
3493,-1.6888e+22
4663,-1.689e+22
4890,-1.6899e+22
5543,-1.6944e+22
3701,-1.6959e+22
3769,-1.6979e+22
3310,-1.6985e+22
3352,-1.6998e+22
2623,-1.7002e+22
2877,-1.7017e+22
5589,-1.7021e+22
4487,-1.7064e+22
4768,-1.7072e+22
2954,-1.7077e+22
4205,-1.7083e+22
3914,-1.7096e+22
5233,-1.7115e+22
4643,-1.7121e+22
2755,-1.7132e+22
4568,-1.7133e+22
4838,-1.7156e+22
3750,-1.7164e+22
5280,-1.7169e+22
4282,-1.717e+22
3407,-1.7185e+22
3970,-1.7209e+22
4715,-1.7209e+22
4357,-1.7217e+22
4364,-1.7225e+22
2361,-1.7227e+22
2252,-1.7228e+22
4309,-1.7302e+22
3394,-1.7326e+22
2616,-1.7333e+22
2816,-1.7362e+22
3878,-1.7379e+22
3550,-1.7413e+22
4214,-1.7443e+22
3639,-1.7472e+22
4145,-1.7473e+22
5418,-1.7498e+22
3889,-1.7517e+22
3923,-1.7562e+22
5219,-1.757e+22
3357,-1.7572e+22
3932,-1.7583e+22
3511,-1.7597e+22
5156,-1.76e+22
4563,-1.7622e+22
3019,-1.7639e+22
3246,-1.7645e+22
2860,-1.766e+22
3539,-1.7687e+22
4749,-1.7701e+22
3591,-1.7707e+22
5133,-1.7726e+22
4119,-1.7727e+22
5361,-1.7729e+22
3070,-1.775e+22
4469,-1.7765e+22
2580,-1.7766e+22
4359,-1.7793e+22
3842,-1.7797e+22
4530,-1.7828e+22
5345,-1.7829e+22
4389,-1.7835e+22
2948,-1.7848e+22
5119,-1.7862e+22
2334,-1.7872e+22
3459,-1.7872e+22
4815,-1.7894e+22
3600,-1.7902e+22
2892,-1.7904e+22
2328,-1.7961e+22
4858,-1.7965e+22
5314,-1.7983e+22
3776,-1.8009e+22
5428,-1.8014e+22
4936,-1.8027e+22
3366,-1.8044e+22
4347,-1.8067e+22
4733,-1.8072e+22
5413,-1.808e+22
2392,-1.8091e+22
3799,-1.811e+22
5294,-1.8137e+22
3852,-1.8148e+22
2841,-1.8194e+22
3358,-1.8195e+22
3512,-1.8207e+22
3003,-1.8209e+22
5524,-1.8231e+22
4548,-1.8237e+22
2944,-1.8285e+22
4330,-1.8287e+22
4488,-1.8291e+22
4814,-1.8304e+22
4318,-1.8315e+22
3849,-1.8318e+22
4570,-1.832e+22
3035,-1.8332e+22
4741,-1.8343e+22
3527,-1.8355e+22
3287,-1.8408e+22
3535,-1.8535e+22
3700,-1.8581e+22
2812,-1.8582e+22
2792,-1.8631e+22
2309,-1.8637e+22
5109,-1.8666e+22
4485,-1.8707e+22
3848,-1.8723e+22
2922,-1.8723e+22
4528,-1.873e+22
4529,-1.8733e+22
4775,-1.8742e+22
4779,-1.8755e+22
4211,-1.8766e+22
3845,-1.8797e+22
2767,-1.8826e+22
2826,-1.8852e+22
2511,-1.8854e+22
5032,-1.8864e+22
2424,-1.8875e+22
4117,-1.8891e+22
4798,-1.8915e+22
5170,-1.892e+22
2780,-1.893e+22
4155,-1.8945e+22
4261,-1.8949e+22
2371,-1.8968e+22
5210,-1.9029e+22
4071,-1.9033e+22
4298,-1.9046e+22
5437,-1.9071e+22
5473,-1.9101e+22
2919,-1.9103e+22
4305,-1.9107e+22
2288,-1.9119e+22
3980,-1.9145e+22
4386,-1.9152e+22
5433,-1.9165e+22
4511,-1.918e+22
4743,-1.9225e+22
2838,-1.9258e+22
3528,-1.9259e+22
5567,-1.9275e+22
2512,-1.9296e+22
3009,-1.9313e+22
4375,-1.9317e+22
5562,-1.9317e+22
5568,-1.9321e+22
3943,-1.9325e+22
4019,-1.9354e+22
4925,-1.9364e+22
4118,-1.9364e+22
4366,-1.9379e+22
5069,-1.9394e+22
5276,-1.9399e+22
3397,-1.9411e+22
4739,-1.9412e+22
2949,-1.9413e+22
3123,-1.9439e+22
4680,-1.9445e+22
4425,-1.9458e+22
3880,-1.9489e+22
5569,-1.951e+22
2938,-1.9531e+22
5429,-1.9541e+22
4502,-1.9581e+22
2435,-1.9587e+22
5241,-1.9599e+22
4431,-1.9606e+22
5500,-1.9612e+22
5183,-1.9616e+22
2669,-1.9618e+22
5577,-1.962e+22
3189,-1.9627e+22
4335,-1.9633e+22
5017,-1.9705e+22
4883,-1.9705e+22
4762,-1.9707e+22
3586,-1.9708e+22
3222,-1.9732e+22
4193,-1.9748e+22
2701,-1.9781e+22
2702,-1.9799e+22
5002,-1.9805e+22
3840,-1.9815e+22
3638,-1.9874e+22
5414,-1.9931e+22
3037,-1.9938e+22
2592,-1.9972e+22
3916,-1.9979e+22
3526,-1.9983e+22
5308,-2.0002e+22
2697,-2.0013e+22
5168,-2.0029e+22
3907,-2.0059e+22
2807,-2.0062e+22
2574,-2.0075e+22
4685,-2.009e+22
3451,-2.0091e+22
2698,-2.0148e+22
4551,-2.0224e+22
3162,-2.0236e+22
4855,-2.0243e+22
3563,-2.0276e+22
5464,-2.0279e+22
2981,-2.0322e+22
3719,-2.0341e+22
5201,-2.0346e+22
3320,-2.0352e+22
5048,-2.0358e+22
4005,-2.0362e+22
2632,-2.0384e+22
2711,-2.0401e+22
3590,-2.0433e+22
3072,-2.0434e+22
3625,-2.0443e+22
4862,-2.0447e+22
5251,-2.0481e+22
5406,-2.0483e+22
2943,-2.0494e+22
4973,-2.0628e+22
2354,-2.0659e+22
3471,-2.0662e+22
5325,-2.0669e+22
5404,-2.0671e+22
2657,-2.071e+22
5369,-2.0725e+22
2595,-2.0743e+22
2602,-2.0806e+22
4146,-2.0857e+22
3884,-2.0877e+22
2250,-2.088e+22
4740,-2.088e+22
4694,-2.0886e+22
3208,-2.0923e+22
2411,-2.0952e+22
4647,-2.0953e+22
2785,-2.0956e+22
4899,-2.0977e+22
3738,-2.0988e+22
5084,-2.1016e+22
4251,-2.1042e+22
4534,-2.1066e+22
2421,-2.1069e+22
3191,-2.1108e+22
3239,-2.1113e+22
4161,-2.1117e+22
4307,-2.113e+22
3002,-2.1192e+22
3764,-2.1195e+22
4911,-2.1197e+22
2766,-2.1205e+22
4497,-2.1222e+22
4658,-2.1231e+22
4805,-2.1255e+22
3635,-2.1266e+22
3322,-2.1306e+22
2433,-2.1339e+22
4471,-2.1381e+22
2723,-2.1428e+22
3823,-2.146e+22
3435,-2.1465e+22
3968,-2.1469e+22
2625,-2.147e+22
2585,-2.1472e+22
4175,-2.1479e+22
5455,-2.1481e+22
5160,-2.1514e+22
3904,-2.1528e+22
4123,-2.1543e+22
3439,-2.1597e+22
4676,-2.1616e+22
2444,-2.1628e+22
4423,-2.1654e+22
4429,-2.1674e+22
4690,-2.1682e+22
3362,-2.1692e+22
3086,-2.1715e+22
2264,-2.1808e+22
3148,-2.1843e+22
4542,-2.1843e+22
3349,-2.1863e+22
4262,-2.187e+22
2601,-2.194e+22
4755,-2.1957e+22
3986,-2.1984e+22
3034,-2.1998e+22
3728,-2.2047e+22
2664,-2.2065e+22
4664,-2.223e+22
2861,-2.2254e+22
2389,-2.2265e+22
2852,-2.2265e+22
4281,-2.2269e+22
2246,-2.2298e+22
3573,-2.2341e+22
4654,-2.2342e+22
3619,-2.2361e+22
2695,-2.2415e+22
2713,-2.2463e+22
3483,-2.2544e+22
2642,-2.2571e+22
3450,-2.2587e+22
4713,-2.2602e+22
3381,-2.2613e+22
3311,-2.2632e+22
3032,-2.264e+22
3190,-2.2673e+22
3510,-2.2707e+22
4440,-2.2712e+22
4634,-2.2734e+22
3983,-2.2796e+22
5445,-2.2809e+22
4608,-2.2812e+22
5466,-2.2866e+22
5353,-2.289e+22
4716,-2.2903e+22
3339,-2.2921e+22
3497,-2.2992e+22
4339,-2.2999e+22
2670,-2.3007e+22
3725,-2.3058e+22
2850,-2.3131e+22
5376,-2.315e+22
4163,-2.3167e+22
4702,-2.319e+22
5229,-2.3203e+22
3581,-2.3208e+22
2903,-2.3251e+22
3618,-2.3262e+22
3721,-2.333e+22
4242,-2.3346e+22
3345,-2.3371e+22
4538,-2.3386e+22
3033,-2.3427e+22
2335,-2.3445e+22
4102,-2.3516e+22
5358,-2.3522e+22
4243,-2.3522e+22
5408,-2.3523e+22
3688,-2.3593e+22
2957,-2.3703e+22
3236,-2.3704e+22
3386,-2.3711e+22
3016,-2.3716e+22
4270,-2.376e+22
2827,-2.3775e+22
2783,-2.3795e+22
4358,-2.3799e+22
2626,-2.3847e+22
3465,-2.3848e+22
4047,-2.3863e+22
3211,-2.3866e+22
4729,-2.3912e+22
3811,-2.398e+22
2982,-2.3981e+22
5287,-2.409e+22
5399,-2.4121e+22
2803,-2.4229e+22
4441,-2.4244e+22
2978,-2.4255e+22
5194,-2.4267e+22
2563,-2.4297e+22
3660,-2.4302e+22
2630,-2.4344e+22
3419,-2.4348e+22
4987,-2.4418e+22
4891,-2.442e+22
3872,-2.4428e+22
4679,-2.4442e+22
4818,-2.4446e+22
2549,-2.448e+22
3231,-2.4516e+22
3733,-2.4638e+22
2634,-2.4691e+22
3172,-2.4807e+22
3124,-2.482e+22
5071,-2.4865e+22
4299,-2.4883e+22
3765,-2.4886e+22
3754,-2.4904e+22
3744,-2.4928e+22
5198,-2.4941e+22
5326,-2.4968e+22
3282,-2.4977e+22
4836,-2.4987e+22
5074,-2.4989e+22
5514,-2.499e+22
4670,-2.5011e+22
2768,-2.5018e+22
4882,-2.5052e+22
2813,-2.5065e+22
3069,-2.5078e+22
3369,-2.5128e+22
5311,-2.5161e+22
2673,-2.52e+22
3501,-2.5249e+22
4496,-2.526e+22
4850,-2.5264e+22
3640,-2.5288e+22
3743,-2.5374e+22
5209,-2.5455e+22
4275,-2.5494e+22
3254,-2.553e+22
4591,-2.5555e+22
3197,-2.5604e+22
2331,-2.5646e+22
4277,-2.5708e+22
3289,-2.5742e+22
2934,-2.5752e+22
4951,-2.5803e+22
4974,-2.5873e+22
2958,-2.5898e+22
2941,-2.598e+22
3672,-2.5992e+22
2438,-2.6066e+22
5185,-2.6103e+22
3698,-2.6144e+22
4723,-2.6175e+22
4961,-2.6211e+22
3762,-2.6237e+22
2965,-2.6286e+22
5530,-2.6319e+22
2589,-2.6328e+22
5539,-2.6395e+22
3482,-2.6458e+22
4564,-2.6477e+22
5256,-2.6556e+22
2821,-2.6597e+22
3061,-2.6667e+22
2453,-2.6704e+22
2956,-2.6765e+22
4998,-2.6832e+22
2901,-2.6873e+22
4445,-2.6879e+22
4255,-2.706e+22
4573,-2.709e+22
3861,-2.7156e+22
2369,-2.7301e+22
4451,-2.7321e+22
3390,-2.7442e+22
3771,-2.7534e+22
3271,-2.7544e+22
3951,-2.7561e+22
3637,-2.7601e+22
4011,-2.764e+22
3321,-2.7781e+22
4550,-2.7782e+22
5441,-2.7845e+22
3898,-2.7885e+22
4401,-2.7911e+22
2378,-2.7946e+22
3135,-2.8006e+22
5335,-2.8008e+22
4130,-2.8129e+22
3862,-2.813e+22
5594,-2.8194e+22
5232,-2.8293e+22
3606,-2.8333e+22
4164,-2.8375e+22
3523,-2.8443e+22
2796,-2.8628e+22
5507,-2.866e+22
4704,-2.8704e+22
2950,-2.8794e+22
4957,-2.8916e+22
5013,-2.8977e+22
5140,-2.9074e+22
4997,-2.9246e+22
2526,-2.9284e+22
4136,-2.9466e+22
3486,-2.9517e+22
5509,-2.96e+22
4569,-2.9639e+22
4381,-2.982e+22
2275,-2.9843e+22
4576,-2.9848e+22
3334,-3.0035e+22
3078,-3.0094e+22
2879,-3.0114e+22
5551,-3.0315e+22
2347,-3.036e+22
3714,-3.0453e+22
4675,-3.0585e+22
5537,-3.0745e+22
2926,-3.1332e+22
4539,-3.1522e+22
4479,-3.1741e+22
