1068,-5.5306e+19
5374,-6.9558e+19
271,-7.0587e+19
2366,-7.1857e+19
230,-7.7249e+19
135,-8.3706e+19
3403,-8.393e+19
5331,-8.4315e+19
5134,-8.5697e+19
2209,-8.6442e+19
4101,-8.6851e+19
3518,-8.6929e+19
3483,-8.8495e+19
3336,-8.9618e+19
2868,-8.9643e+19
4175,-9.0835e+19
5369,-9.0986e+19
424,-9.135e+19
3767,-9.1486e+19
1179,-9.1609e+19
4745,-9.219e+19
1320,-9.2374e+19
410,-9.2469e+19
1750,-9.3056e+19
3042,-9.3821e+19
623,-9.4555e+19
1971,-9.559e+19
3842,-9.5994e+19
4790,-9.656e+19
3103,-9.8071e+19
4460,-9.8762e+19
5487,-9.9067e+19
2261,-9.9078e+19
3030,-9.9314e+19
1343,-9.9548e+19
4348,-1.0118e+20
3046,-1.0129e+20
4517,-1.0149e+20
3269,-1.0155e+20
3605,-1.0168e+20
91,-1.0189e+20
4690,-1.0357e+20
4435,-1.0394e+20
2208,-1.0406e+20
2872,-1.0414e+20
2267,-1.0416e+20
4632,-1.0486e+20
901,-1.0512e+20
2633,-1.0539e+20
1465,-1.0584e+20
2562,-1.0608e+20
1821,-1.065e+20
2679,-1.068e+20
3785,-1.0712e+20
4703,-1.0764e+20
5297,-1.0791e+20
4729,-1.0823e+20
956,-1.0827e+20
2690,-1.0935e+20
1273,-1.0969e+20
4350,-1.1128e+20
916,-1.1152e+20
2980,-1.1156e+20
5540,-1.1163e+20
3572,-1.1167e+20
2166,-1.1185e+20
2228,-1.1298e+20
4377,-1.1369e+20
125,-1.1397e+20
1797,-1.1428e+20
2017,-1.1516e+20
2236,-1.1604e+20
770,-1.1643e+20
2907,-1.1656e+20
4029,-1.1666e+20
2848,-1.1685e+20
174,-1.1728e+20
4179,-1.1768e+20
501,-1.1771e+20
4008,-1.1783e+20
2381,-1.1863e+20
2685,-1.1882e+20
5188,-1.1891e+20
1170,-1.2049e+20
5206,-1.2074e+20
1837,-1.2134e+20
4721,-1.2139e+20
1610,-1.2161e+20
4601,-1.2168e+20
1909,-1.2234e+20
1132,-1.2292e+20
2914,-1.2306e+20
4202,-1.2321e+20
2989,-1.2321e+20
1612,-1.2348e+20
4424,-1.2428e+20
62,-1.2503e+20
3522,-1.2513e+20
4304,-1.2581e+20
5430,-1.2765e+20
4206,-1.2808e+20
2937,-1.2847e+20
4014,-1.2981e+20
140,-1.2999e+20
2963,-1.3009e+20
1381,-1.3013e+20
2709,-1.3014e+20
1791,-1.3047e+20
2026,-1.3053e+20
1549,-1.306e+20
2887,-1.3139e+20
685,-1.3169e+20
5378,-1.3189e+20
231,-1.3193e+20
3096,-1.3224e+20
5600,-1.3237e+20
4846,-1.3244e+20
4524,-1.3254e+20
1438,-1.3291e+20
511,-1.3342e+20
2841,-1.337e+20
2559,-1.3391e+20
485,-1.3428e+20
3948,-1.3436e+20
1831,-1.3447e+20
4738,-1.3509e+20
3032,-1.3589e+20
1795,-1.3666e+20
573,-1.389e+20
1156,-1.3933e+20
386,-1.3991e+20
2558,-1.4039e+20
2718,-1.4053e+20
1490,-1.4055e+20
2975,-1.4061e+20
740,-1.4097e+20
1503,-1.4155e+20
4549,-1.4192e+20
4560,-1.4273e+20
3175,-1.4283e+20
3500,-1.4288e+20
637,-1.4307e+20
2987,-1.4307e+20
2199,-1.4386e+20
1471,-1.4396e+20
622,-1.4408e+20
3770,-1.4525e+20
473,-1.4527e+20
3818,-1.4637e+20
4157,-1.468e+20
4483,-1.468e+20
5505,-1.4684e+20
2602,-1.4687e+20
4613,-1.4739e+20
2665,-1.4826e+20
767,-1.4933e+20
1674,-1.4942e+20
3349,-1.4962e+20
2706,-1.5015e+20
3903,-1.5018e+20
5177,-1.5038e+20
5191,-1.5059e+20
5195,-1.5089e+20
2303,-1.5154e+20
2258,-1.5249e+20
2129,-1.5291e+20
3101,-1.5326e+20
556,-1.5378e+20
3286,-1.5417e+20
1261,-1.5462e+20
414,-1.5481e+20
2933,-1.5536e+20
1094,-1.5553e+20
4468,-1.572e+20
5405,-1.5861e+20
1130,-1.5867e+20
2585,-1.5877e+20
4272,-1.593e+20
4048,-1.5951e+20
3384,-1.599e+20
4100,-1.6082e+20
1480,-1.6136e+20
3590,-1.6192e+20
3645,-1.6258e+20
1675,-1.6285e+20
3480,-1.6304e+20
281,-1.6337e+20
4906,-1.6339e+20
1558,-1.6374e+20
5593,-1.642e+20
2459,-1.6484e+20
1188,-1.6504e+20
1619,-1.6507e+20
4815,-1.6516e+20
5150,-1.6547e+20
1793,-1.6567e+20
1959,-1.6568e+20
911,-1.6583e+20
1526,-1.6601e+20
207,-1.6628e+20
751,-1.6667e+20
3642,-1.6681e+20
1194,-1.6693e+20
3357,-1.6757e+20
5360,-1.6757e+20
1654,-1.6852e+20
5377,-1.6862e+20
279,-1.6871e+20
1545,-1.6918e+20
879,-1.6925e+20
2876,-1.7017e+20
3828,-1.7081e+20
1657,-1.714e+20
4699,-1.7146e+20
3221,-1.7146e+20
3879,-1.7179e+20
4727,-1.7357e+20
944,-1.7398e+20
418,-1.7414e+20
1374,-1.742e+20
3996,-1.7438e+20
4434,-1.7482e+20
3816,-1.7529e+20
836,-1.7539e+20
492,-1.7599e+20
698,-1.765e+20
3520,-1.7701e+20
3307,-1.7722e+20
2314,-1.7793e+20
2244,-1.7841e+20
4527,-1.7876e+20
4307,-1.7906e+20
4650,-1.7942e+20
3085,-1.7976e+20
4806,-1.7994e+20
3102,-1.8058e+20
1727,-1.8091e+20
5220,-1.8101e+20
5215,-1.8101e+20
3617,-1.8163e+20
4779,-1.8219e+20
4859,-1.8254e+20
4335,-1.831e+20
4000,-1.8312e+20
980,-1.8315e+20
2317,-1.8423e+20
3537,-1.8509e+20
3139,-1.8549e+20
4792,-1.8629e+20
5273,-1.8644e+20
2654,-1.8648e+20
2965,-1.8654e+20
3235,-1.8697e+20
4252,-1.8713e+20
2018,-1.8798e+20
2945,-1.8945e+20
2546,-1.8984e+20
5072,-1.8993e+20
1644,-1.9037e+20
2913,-1.9069e+20
4794,-1.9094e+20
4899,-1.9135e+20
5277,-1.9232e+20
841,-1.9258e+20
2595,-1.9266e+20
5034,-1.9276e+20
5295,-1.9284e+20
5196,-1.9368e+20
341,-1.9383e+20
1162,-1.9552e+20
5213,-1.9593e+20
247,-1.9686e+20
398,-1.9722e+20
2846,-1.9746e+20
3614,-1.9758e+20
468,-1.9813e+20
1478,-1.9831e+20
1098,-1.9906e+20
5160,-1.9928e+20
188,-1.9952e+20
4734,-1.9956e+20
697,-1.9998e+20
4276,-2.0034e+20
144,-2.0041e+20
2250,-2.0042e+20
4312,-2.0046e+20
1284,-2.0209e+20
2835,-2.0224e+20
1371,-2.033e+20
999,-2.0345e+20
3800,-2.036e+20
3334,-2.0365e+20
51,-2.0381e+20
3669,-2.04e+20
639,-2.0534e+20
4497,-2.0577e+20
4433,-2.0679e+20
253,-2.0728e+20
3902,-2.0752e+20
970,-2.0755e+20
1163,-2.0802e+20
1387,-2.0842e+20
4041,-2.0972e+20
3764,-2.1034e+20
1953,-2.1064e+20
4726,-2.1083e+20
4639,-2.1135e+20
1274,-2.1315e+20
677,-2.1353e+20
5529,-2.1455e+20
1810,-2.1468e+20
1020,-2.1513e+20
388,-2.1575e+20
4649,-2.1651e+20
1175,-2.1658e+20
4456,-2.1697e+20
4253,-2.1709e+20
4809,-2.175e+20
684,-2.1758e+20
5265,-2.18e+20
1307,-2.1829e+20
4185,-2.1914e+20
3802,-2.1914e+20
1397,-2.194e+20
1781,-2.1944e+20
3701,-2.2061e+20
3742,-2.213e+20
3297,-2.2149e+20
190,-2.235e+20
288,-2.2362e+20
452,-2.2374e+20
1015,-2.2427e+20
5237,-2.251e+20
1948,-2.2531e+20
1092,-2.2681e+20
1981,-2.2706e+20
4148,-2.2724e+20
731,-2.2796e+20
2185,-2.2854e+20
289,-2.286e+20
3217,-2.2888e+20
5005,-2.2927e+20
490,-2.3039e+20
2901,-2.308e+20
3302,-2.3204e+20
2198,-2.3249e+20
5458,-2.3415e+20
5212,-2.3416e+20
1952,-2.3594e+20
3053,-2.3603e+20
2489,-2.3687e+20
2828,-2.3733e+20
2544,-2.3761e+20
978,-2.3774e+20
5572,-2.3832e+20
3371,-2.3976e+20
2159,-2.3982e+20
1543,-2.4001e+20
5090,-2.4138e+20
4058,-2.4421e+20
1080,-2.4624e+20
4091,-2.4689e+20
3602,-2.4708e+20
3804,-2.4714e+20
2318,-2.4782e+20
5116,-2.4902e+20
5565,-2.4911e+20
5530,-2.4947e+20
3227,-2.5161e+20
640,-2.5169e+20
3616,-2.5181e+20
940,-2.5267e+20
2403,-2.529e+20
2054,-2.5343e+20
5038,-2.5435e+20
2102,-2.5506e+20
3944,-2.5518e+20
5418,-2.5523e+20
4390,-2.5568e+20
3177,-2.5599e+20
4137,-2.5624e+20
5338,-2.5696e+20
4784,-2.5714e+20
1847,-2.5715e+20
3698,-2.5736e+20
2576,-2.5774e+20
67,-2.5779e+20
3795,-2.5874e+20
3338,-2.5918e+20
4338,-2.5945e+20
2704,-2.6005e+20
3505,-2.6143e+20
2930,-2.6195e+20
625,-2.6372e+20
291,-2.6566e+20
2500,-2.6587e+20
3740,-2.6603e+20
5294,-2.6639e+20
3435,-2.6644e+20
3071,-2.6674e+20
1757,-2.6724e+20
2296,-2.6759e+20
4357,-2.6762e+20
1339,-2.6763e+20
2568,-2.6798e+20
755,-2.6826e+20
2952,-2.6929e+20
4360,-2.6937e+20
2547,-2.7362e+20
5161,-2.7363e+20
2091,-2.7555e+20
1452,-2.7645e+20
5132,-2.7697e+20
4254,-2.7845e+20
3768,-2.7865e+20
912,-2.7961e+20
1811,-2.7999e+20
5204,-2.8048e+20
663,-2.8054e+20
4330,-2.8093e+20
5166,-2.8126e+20
5383,-2.8172e+20
1590,-2.8217e+20
4782,-2.829e+20
3199,-2.8335e+20
3852,-2.8391e+20
5076,-2.8438e+20
4939,-2.8542e+20
5019,-2.86e+20
870,-2.8642e+20
2912,-2.8662e+20
2588,-2.8721e+20
5209,-2.8726e+20
593,-2.8751e+20
1752,-2.8859e+20
1032,-2.9019e+20
1224,-2.9025e+20
3557,-2.9053e+20
2812,-2.9215e+20
3292,-2.9231e+20
2229,-2.9233e+20
2360,-2.9538e+20
4353,-2.9588e+20
4938,-2.9645e+20
3971,-2.9708e+20
3997,-2.9767e+20
2838,-2.977e+20
1521,-2.9801e+20
1127,-2.9814e+20
3939,-3.005e+20
2574,-3.0102e+20
3082,-3.012e+20
4981,-3.0126e+20
3595,-3.0135e+20
3091,-3.0188e+20
3068,-3.0297e+20
3213,-3.0302e+20
5341,-3.0359e+20
4561,-3.0377e+20
656,-3.0395e+20
68,-3.0402e+20
3168,-3.0557e+20
222,-3.0565e+20
5575,-3.0655e+20
3127,-3.0659e+20
1198,-3.0709e+20
2925,-3.0766e+20
269,-3.0771e+20
4804,-3.0822e+20
3875,-3.0864e+20
507,-3.0915e+20
116,-3.1036e+20
2768,-3.1133e+20
2511,-3.1164e+20
1181,-3.1204e+20
4697,-3.1228e+20
4687,-3.1233e+20
48,-3.135e+20
938,-3.1497e+20
2755,-3.1613e+20
5065,-3.1623e+20
4523,-3.1713e+20
508,-3.1802e+20
1003,-3.1865e+20
1512,-3.1907e+20
5417,-3.2152e+20
4309,-3.2329e+20
2051,-3.2439e+20
557,-3.2452e+20
3471,-3.2635e+20
3615,-3.2651e+20
4480,-3.2669e+20
4228,-3.2731e+20
3191,-3.2801e+20
3247,-3.3008e+20
3225,-3.3056e+20
3255,-3.3057e+20
3893,-3.3076e+20
3936,-3.3136e+20
2326,-3.3136e+20
2127,-3.3207e+20
4319,-3.3656e+20
175,-3.3782e+20
2305,-3.3937e+20
2663,-3.4006e+20
5133,-3.4027e+20
2516,-3.4056e+20
518,-3.4152e+20
2112,-3.4298e+20
2503,-3.4419e+20
391,-3.4508e+20
690,-3.4599e+20
4007,-3.463e+20
4879,-3.4733e+20
5451,-3.4839e+20
1894,-3.4844e+20
1056,-3.4905e+20
3502,-3.4926e+20
2282,-3.5e+20
1618,-3.5005e+20
1713,-3.5027e+20
3252,-3.5122e+20
236,-3.5131e+20
4786,-3.518e+20
2177,-3.5248e+20
4333,-3.5343e+20
4141,-3.5357e+20
1883,-3.5394e+20
3538,-3.5397e+20
3756,-3.5457e+20
2647,-3.552e+20
2000,-3.5612e+20
5096,-3.5635e+20
3287,-3.5878e+20
192,-3.5883e+20
3451,-3.5885e+20
2766,-3.5993e+20
1078,-3.6094e+20
3755,-3.6101e+20
4044,-3.6133e+20
3954,-3.6484e+20
2053,-3.6624e+20
2408,-3.6736e+20
3399,-3.6737e+20
3774,-3.6872e+20
2725,-3.6915e+20
1890,-3.7048e+20
3752,-3.7297e+20
431,-3.7305e+20
1108,-3.741e+20
2584,-3.748e+20
2579,-3.7667e+20
4996,-3.7715e+20
2134,-3.773e+20
4904,-3.7855e+20
3524,-3.7899e+20
3087,-3.7958e+20
3109,-3.7961e+20
5423,-3.7992e+20
745,-3.8212e+20
4570,-3.8213e+20
3288,-3.8224e+20
5157,-3.823e+20
14,-3.8335e+20
554,-3.8388e+20
3553,-3.874e+20
1079,-3.8888e+20
3857,-3.8943e+20
63,-3.8962e+20
3546,-3.9017e+20
675,-3.913e+20
4321,-3.9141e+20
4443,-3.9182e+20
1155,-3.9209e+20
259,-3.9219e+20
3405,-3.9378e+20
2386,-3.9396e+20
3826,-3.9417e+20
1749,-3.9702e+20
712,-3.9779e+20
5298,-3.9913e+20
1693,-3.9927e+20
4448,-4.0005e+20
4059,-4.0172e+20
3260,-4.0302e+20
4819,-4.036e+20
331,-4.0379e+20
1251,-4.0632e+20
4836,-4.0637e+20
3489,-4.0698e+20
842,-4.0944e+20
1180,-4.0956e+20
3429,-4.0977e+20
931,-4.1045e+20
443,-4.1054e+20
2566,-4.1132e+20
793,-4.1182e+20
1542,-4.1203e+20
3824,-4.1228e+20
5544,-4.1408e+20
706,-4.1462e+20
322,-4.1548e+20
2767,-4.1695e+20
5094,-4.1724e+20
3298,-4.1757e+20
3584,-4.1791e+20
667,-4.1964e+20
4927,-4.2054e+20
3612,-4.2094e+20
5011,-4.2129e+20
359,-4.2312e+20
5375,-4.2312e+20
902,-4.2544e+20
1680,-4.2544e+20
2096,-4.2816e+20
2536,-4.2824e+20
4238,-4.2853e+20
4903,-4.2855e+20
2367,-4.3114e+20
2506,-4.3241e+20
4520,-4.3306e+20
1588,-4.3402e+20
4823,-4.3564e+20
3629,-4.376e+20
514,-4.386e+20
2599,-4.3875e+20
1985,-4.3884e+20
3372,-4.3968e+20
3604,-4.3979e+20
3541,-4.41e+20
2480,-4.4343e+20
5499,-4.4353e+20
5080,-4.4357e+20
4427,-4.436e+20
2564,-4.4503e+20
4354,-4.4525e+20
5407,-4.4526e+20
4180,-4.4561e+20
3758,-4.4615e+20
5199,-4.4778e+20
4120,-4.4909e+20
2484,-4.4972e+20
3301,-4.5147e+20
5597,-4.5362e+20
5559,-4.6013e+20
851,-4.6118e+20
328,-4.6229e+20
1124,-4.6248e+20
816,-4.6465e+20
168,-4.6542e+20
538,-4.6551e+20
1525,-4.6599e+20
4418,-4.6654e+20
4248,-4.6704e+20
1289,-4.684e+20
5539,-4.6956e+20
4056,-4.7246e+20
5507,-4.7369e+20
3360,-4.7459e+20
3465,-4.7706e+20
199,-4.7722e+20
2040,-4.776e+20
4974,-4.7953e+20
3976,-4.8002e+20
5081,-4.8026e+20
3271,-4.8333e+20
3964,-4.8467e+20
3905,-4.8529e+20
1870,-4.8559e+20
1527,-4.897e+20
3019,-4.905e+20
2796,-4.9218e+20
2374,-4.9342e+20
3432,-4.9394e+20
3043,-4.9413e+20
2453,-4.9584e+20
3251,-4.9954e+20
4634,-4.9985e+20
951,-5.0007e+20
1726,-5.0087e+20
4500,-5.0322e+20
782,-5.0325e+20
3984,-5.0605e+20
3481,-5.0652e+20
2642,-5.0765e+20
3265,-5.0935e+20
3932,-5.1057e+20
5455,-5.1168e+20
5591,-5.1231e+20
2597,-5.1398e+20
3120,-5.1417e+20
3694,-5.1556e+20
5349,-5.159e+20
3952,-5.1725e+20
3904,-5.2194e+20
4088,-5.2321e+20
1555,-5.2329e+20
4005,-5.2364e+20
2041,-5.2417e+20
1995,-5.2638e+20
852,-5.2719e+20
1881,-5.2739e+20
2131,-5.2835e+20
3112,-5.3012e+20
2759,-5.3022e+20
5323,-5.3061e+20
2455,-5.3178e+20
3817,-5.3277e+20
2252,-5.3389e+20
4121,-5.3441e+20
2968,-5.3532e+20
3230,-5.369e+20
3542,-5.371e+20
546,-5.3834e+20
3069,-5.388e+20
2815,-5.3962e+20
1425,-5.3969e+20
2077,-5.3981e+20
3066,-5.4031e+20
4396,-5.4047e+20
3915,-5.4366e+20
3473,-5.44e+20
3162,-5.4462e+20
2701,-5.4521e+20
1290,-5.4642e+20
5123,-5.5114e+20
419,-5.5147e+20
1801,-5.5176e+20
820,-5.5237e+20
5545,-5.5321e+20
1304,-5.5657e+20
2746,-5.569e+20
3011,-5.5703e+20
669,-5.5854e+20
1523,-5.6055e+20
2140,-5.615e+20
4503,-5.6277e+20
1844,-5.6502e+20
2749,-5.7003e+20
2141,-5.7044e+20
4571,-5.707e+20
1954,-5.715e+20
239,-5.772e+20
2956,-5.7742e+20
4658,-5.7881e+20
5239,-5.7922e+20
2481,-5.8036e+20
2364,-5.8045e+20
2477,-5.8343e+20
4279,-5.8374e+20
3408,-5.8713e+20
3148,-5.8846e+20
4851,-5.8847e+20
3266,-5.888e+20
4554,-5.8918e+20
2065,-5.8983e+20
1687,-5.9002e+20
963,-5.9186e+20
4669,-5.9199e+20
3426,-5.9278e+20
926,-5.9315e+20
1597,-5.9536e+20
1475,-5.9611e+20
1613,-5.971e+20
2174,-5.9714e+20
1903,-5.9923e+20
1125,-6.0006e+20
5002,-6.0274e+20
2827,-6.0362e+20
2019,-6.0381e+20
1012,-6.0385e+20
4666,-6.0586e+20
3834,-6.0632e+20
4367,-6.085e+20
3530,-6.0888e+20
4578,-6.1153e+20
4393,-6.1272e+20
4667,-6.1415e+20
5503,-6.1432e+20
3126,-6.1733e+20
4006,-6.1775e+20
1283,-6.1898e+20
4308,-6.193e+20
1532,-6.1978e+20
2293,-6.2052e+20
880,-6.2127e+20
349,-6.2279e+20
5290,-6.2932e+20
1651,-6.3001e+20
2734,-6.3193e+20
2122,-6.3313e+20
4318,-6.3388e+20
4882,-6.3502e+20
2610,-6.3547e+20
2550,-6.3722e+20
3575,-6.3729e+20
1219,-6.3821e+20
5590,-6.3854e+20
549,-6.4327e+20
262,-6.4428e+20
1096,-6.4609e+20
2666,-6.4674e+20
5259,-6.4912e+20
3693,-6.4934e+20
47,-6.501e+20
40,-6.5073e+20
3141,-6.5076e+20
3008,-6.5226e+20
2162,-6.528e+20
34,-6.5473e+20
2354,-6.5684e+20
4887,-6.5723e+20
127,-6.5923e+20
2328,-6.5947e+20
4681,-6.5959e+20
3691,-6.6221e+20
4475,-6.6245e+20
2720,-6.6551e+20
3072,-6.6877e+20
2539,-6.7036e+20
2619,-6.7149e+20
3174,-6.7559e+20
923,-6.8168e+20
5078,-6.8292e+20
4224,-6.8355e+20
1257,-6.8472e+20
4832,-6.855e+20
705,-6.8613e+20
5553,-6.8695e+20
888,-6.8899e+20
1763,-6.9107e+20
2313,-6.9155e+20
3630,-6.9172e+20
1888,-6.9322e+20
4461,-6.9429e+20
302,-6.9436e+20
3958,-6.9762e+20
2611,-6.9776e+20
1788,-6.9885e+20
5253,-6.9975e+20
3861,-7.0006e+20
4925,-7.0211e+20
2578,-7.0459e+20
1468,-7.082e+20
4953,-7.0994e+20
4651,-7.1312e+20
59,-7.1532e+20
4537,-7.1683e+20
488,-7.1684e+20
3988,-7.1691e+20
1389,-7.1912e+20
470,-7.1964e+20
2359,-7.2377e+20
232,-7.2404e+20
4611,-7.2805e+20
3843,-7.2982e+20
159,-7.3239e+20
3135,-7.3361e+20
2855,-7.3793e+20
3487,-7.3817e+20
4657,-7.4218e+20
99,-7.4321e+20
4094,-7.4487e+20
3125,-7.4507e+20
3513,-7.4629e+20
1427,-7.4787e+20
5214,-7.4933e+20
2061,-7.5227e+20
1221,-7.5406e+20
5258,-7.5527e+20
1237,-7.5581e+20
758,-7.5627e+20
1435,-7.5771e+20
2066,-7.581e+20
330,-7.5888e+20
4401,-7.6054e+20
4453,-7.6165e+20
5356,-7.6269e+20
2146,-7.6463e+20
2439,-7.6643e+20
4051,-7.6812e+20
3639,-7.6856e+20
2803,-7.7517e+20
3475,-7.7541e+20
4087,-7.7587e+20
4630,-7.7625e+20
2376,-7.7687e+20
5278,-7.7791e+20
2002,-7.7995e+20
3874,-7.8009e+20
4747,-7.82e+20
2879,-7.8303e+20
2430,-7.8466e+20
2522,-7.8473e+20
3987,-7.8552e+20
3241,-7.8641e+20
2783,-7.8749e+20
260,-7.9148e+20
3020,-7.9176e+20
2195,-7.9239e+20
2878,-7.9306e+20
2097,-7.9344e+20
4407,-7.9574e+20
4198,-7.9621e+20
5115,-7.9727e+20
2175,-7.9846e+20
5363,-7.9903e+20
1107,-8.0179e+20
2983,-8.0288e+20
4392,-8.0664e+20
5252,-8.0762e+20
5548,-8.0906e+20
1041,-8.106e+20
3866,-8.1359e+20
5226,-8.1619e+20
2802,-8.1666e+20
5510,-8.1707e+20
1530,-8.1707e+20
2786,-8.1725e+20
2357,-8.1802e+20
4290,-8.188e+20
3732,-8.1899e+20
357,-8.1926e+20
4208,-8.2095e+20
1927,-8.2098e+20
2966,-8.2123e+20
1005,-8.2295e+20
249,-8.2377e+20
53,-8.2404e+20
4623,-8.2575e+20
2646,-8.2596e+20
4602,-8.2803e+20
4730,-8.2832e+20
3276,-8.2868e+20
266,-8.2959e+20
2896,-8.2999e+20
4277,-8.3144e+20
2341,-8.3241e+20
3510,-8.3392e+20
3894,-8.3651e+20
2668,-8.3923e+20
2631,-8.3938e+20
2548,-8.3946e+20
4344,-8.3947e+20
9,-8.4128e+20
5240,-8.4186e+20
574,-8.4191e+20
2044,-8.4219e+20
2388,-8.4237e+20
3362,-8.4398e+20
1010,-8.442e+20
3077,-8.478e+20
4582,-8.5026e+20
2116,-8.5198e+20
5538,-8.5225e+20
4053,-8.5347e+20
1149,-8.5845e+20
2630,-8.5917e+20
50,-8.5961e+20
4770,-8.6038e+20
1234,-8.6255e+20
1745,-8.6477e+20
1007,-8.65e+20
1138,-8.6686e+20
2025,-8.6879e+20
1632,-8.7086e+20
5486,-8.7106e+20
3144,-8.7115e+20
64,-8.7126e+20
1904,-8.7172e+20
1423,-8.7386e+20
2888,-8.7704e+20
519,-8.797e+20
1678,-8.8092e+20
4462,-8.8273e+20
3637,-8.8396e+20
3662,-8.8426e+20
773,-8.8724e+20
3527,-8.8886e+20
5303,-8.8899e+20
2191,-8.9104e+20
5171,-8.9298e+20
228,-8.9325e+20
1516,-8.9682e+20
5095,-8.9825e+20
3018,-9.0108e+20
2379,-9.0163e+20
5075,-9.0266e+20
1500,-9.0355e+20
4685,-9.0673e+20
364,-9.0726e+20
3685,-9.0804e+20
203,-9.0953e+20
339,-9.1044e+20
2046,-9.1045e+20
1999,-9.1333e+20
5210,-9.1372e+20
733,-9.1386e+20
1672,-9.1548e+20
1656,-9.1655e+20
1358,-9.1683e+20
5029,-9.2027e+20
4018,-9.2171e+20
812,-9.2246e+20
2327,-9.228e+20
276,-9.2372e+20
2411,-9.2379e+20
3441,-9.2499e+20
3886,-9.2585e+20
2005,-9.3132e+20
3119,-9.3413e+20
1709,-9.3573e+20
1206,-9.3639e+20
4816,-9.3762e+20
2895,-9.3844e+20
270,-9.4245e+20
1211,-9.4262e+20
5479,-9.4631e+20
4112,-9.4714e+20
4154,-9.4861e+20
2891,-9.4947e+20
1161,-9.4977e+20
3625,-9.5027e+20
3667,-9.5067e+20
3318,-9.5328e+20
1193,-9.5806e+20
3361,-9.5856e+20
724,-9.5856e+20
5193,-9.5931e+20
5296,-9.5975e+20
5208,-9.6203e+20
4363,-9.6239e+20
1601,-9.6306e+20
2970,-9.6328e+20
1113,-9.6355e+20
3655,-9.6402e+20
5185,-9.6497e+20
1240,-9.6777e+20
5020,-9.6896e+20
43,-9.6919e+20
5518,-9.6992e+20
1104,-9.7083e+20
1790,-9.7105e+20
4693,-9.7266e+20
4351,-9.7373e+20
1001,-9.7642e+20
3124,-9.7675e+20
5336,-9.7788e+20
107,-9.7847e+20
1011,-9.8049e+20
409,-9.8156e+20
521,-9.8346e+20
1416,-9.8363e+20
3094,-9.8501e+20
2347,-9.8506e+20
3158,-9.8669e+20
441,-9.8728e+20
5476,-9.8869e+20
456,-9.9011e+20
2223,-9.9022e+20
4626,-9.9096e+20
1569,-9.9412e+20
1806,-9.9495e+20
355,-9.9523e+20
327,-9.9761e+20
2197,-9.9871e+20
382,-9.9886e+20
4749,-1.0002e+21
4695,-1.0009e+21
3353,-1.0017e+21
831,-1.0036e+21
4347,-1.0067e+21
5010,-1.0074e+21
1046,-1.0077e+21
952,-1.0084e+21
5,-1.0094e+21
2307,-1.0131e+21
78,-1.0139e+21
3725,-1.0146e+21
4848,-1.0146e+21
2707,-1.0155e+21
994,-1.016e+21
5162,-1.0191e+21
3872,-1.0207e+21
1710,-1.021e+21
5468,-1.0256e+21
2368,-1.0286e+21
2625,-1.0296e+21
5457,-1.0306e+21
2528,-1.0314e+21
5466,-1.0338e+21
415,-1.0353e+21
2953,-1.0366e+21
3917,-1.038e+21
1009,-1.0382e+21
1649,-1.0384e+21
575,-1.0385e+21
294,-1.0402e+21
4915,-1.0402e+21
1965,-1.0407e+21
2479,-1.0408e+21
2397,-1.0412e+21
1368,-1.0421e+21
401,-1.0423e+21
413,-1.0423e+21
3581,-1.0446e+21
100,-1.0446e+21
2894,-1.0452e+21
996,-1.0468e+21
3369,-1.0486e+21
3277,-1.0491e+21
1305,-1.0493e+21
4740,-1.051e+21
2349,-1.0572e+21
1441,-1.0588e+21
3078,-1.063e+21
2206,-1.0638e+21
2466,-1.0639e+21
3320,-1.0659e+21
3394,-1.068e+21
5460,-1.0715e+21
4159,-1.0717e+21
285,-1.0729e+21
1519,-1.0746e+21
5359,-1.0766e+21
3422,-1.0788e+21
5143,-1.08e+21
3854,-1.0802e+21
2461,-1.0813e+21
529,-1.0828e+21
3423,-1.0828e+21
4038,-1.0863e+21
1665,-1.0882e+21
2391,-1.089e+21
3791,-1.0913e+21
2015,-1.0915e+21
3474,-1.0933e+21
1581,-1.0937e+21
3561,-1.0979e+21
4905,-1.0979e+21
781,-1.1012e+21
4640,-1.1017e+21
164,-1.1017e+21
2182,-1.1031e+21
2716,-1.1046e+21
1720,-1.1058e+21
2917,-1.1061e+21
4391,-1.1074e+21
3709,-1.1079e+21
3421,-1.1082e+21
4472,-1.1095e+21
2754,-1.1113e+21
4024,-1.1204e+21
4210,-1.1215e+21
5269,-1.1227e+21
1617,-1.1231e+21
2661,-1.1232e+21
158,-1.1234e+21
5509,-1.1245e+21
5228,-1.1248e+21
3911,-1.1261e+21
436,-1.1263e+21
4184,-1.1264e+21
4975,-1.1266e+21
3849,-1.1277e+21
909,-1.1281e+21
433,-1.129e+21
423,-1.13e+21
4478,-1.131e+21
2750,-1.1316e+21
2310,-1.1318e+21
725,-1.132e+21
506,-1.132e+21
152,-1.1327e+21
1398,-1.1333e+21
903,-1.1342e+21
4670,-1.1343e+21
3648,-1.1351e+21
1154,-1.1353e+21
5102,-1.1372e+21
2057,-1.1379e+21
3587,-1.1401e+21
2538,-1.1421e+21
3994,-1.1431e+21
1499,-1.1433e+21
2094,-1.1448e+21
1442,-1.1459e+21
336,-1.1494e+21
713,-1.1509e+21
2840,-1.1515e+21
2470,-1.1517e+21
1923,-1.1546e+21
5172,-1.156e+21
2095,-1.1569e+21
84,-1.1604e+21
4710,-1.1637e+21
1775,-1.1638e+21
4994,-1.1644e+21
2216,-1.1645e+21
904,-1.1653e+21
545,-1.1684e+21
1626,-1.1704e+21
1827,-1.1715e+21
3608,-1.1735e+21
5184,-1.1737e+21
2190,-1.174e+21
356,-1.1753e+21
4705,-1.1771e+21
2788,-1.1776e+21
5050,-1.1779e+21
710,-1.1786e+21
1252,-1.1831e+21
1436,-1.185e+21
2660,-1.1852e+21
1456,-1.1882e+21
5552,-1.192e+21
3215,-1.1935e+21
3016,-1.1941e+21
2345,-1.1949e+21
54,-1.1954e+21
4266,-1.1961e+21
5291,-1.1968e+21
2501,-1.1978e+21
1509,-1.1999e+21
3059,-1.2005e+21
5528,-1.2006e+21
5380,-1.2027e+21
4444,-1.2051e+21
895,-1.2071e+21
4692,-1.2079e+21
2249,-1.2086e+21
5262,-1.2106e+21
1828,-1.2108e+21
4712,-1.2109e+21
2955,-1.2118e+21
1057,-1.212e+21
448,-1.2132e+21
858,-1.2138e+21
103,-1.2149e+21
4052,-1.2161e+21
432,-1.2162e+21
2348,-1.2171e+21
3272,-1.2181e+21
3778,-1.219e+21
4107,-1.2227e+21
4346,-1.2239e+21
4911,-1.2314e+21
5198,-1.2325e+21
3955,-1.2339e+21
2052,-1.2346e+21
2424,-1.2347e+21
959,-1.2358e+21
4065,-1.2373e+21
3263,-1.2374e+21
4928,-1.2392e+21
1541,-1.2393e+21
1171,-1.2394e+21
2996,-1.2399e+21
422,-1.2404e+21
1447,-1.2416e+21
2898,-1.2418e+21
2991,-1.2428e+21
2811,-1.2431e+21
1054,-1.2432e+21
4425,-1.2491e+21
4568,-1.2491e+21
3558,-1.2501e+21
987,-1.2544e+21
2037,-1.2555e+21
4993,-1.2556e+21
2239,-1.2591e+21
4388,-1.2593e+21
1520,-1.2623e+21
1394,-1.265e+21
3309,-1.2666e+21
921,-1.2683e+21
3073,-1.2714e+21
3233,-1.2721e+21
5533,-1.2737e+21
4709,-1.274e+21
2889,-1.2764e+21
4199,-1.2773e+21
3326,-1.2794e+21
3418,-1.2808e+21
3341,-1.2812e+21
720,-1.2828e+21
3551,-1.2832e+21
1087,-1.2833e+21
1476,-1.2898e+21
3063,-1.2904e+21
3835,-1.2912e+21
2657,-1.292e+21
4315,-1.2928e+21
1851,-1.2928e+21
3495,-1.2952e+21
2795,-1.2971e+21
1390,-1.2988e+21
3793,-1.2993e+21
4839,-1.2994e+21
4758,-1.3019e+21
683,-1.3025e+21
2517,-1.3025e+21
3166,-1.3027e+21
2233,-1.3035e+21
5031,-1.3051e+21
2615,-1.3064e+21
5279,-1.3082e+21
2752,-1.3083e+21
350,-1.3085e+21
3839,-1.3094e+21
954,-1.3102e+21
543,-1.3107e+21
4031,-1.3132e+21
3089,-1.3139e+21
2777,-1.314e+21
2446,-1.3172e+21
95,-1.3183e+21
542,-1.3192e+21
1367,-1.3202e+21
3440,-1.3207e+21
3856,-1.3212e+21
3152,-1.324e+21
342,-1.3265e+21
986,-1.3269e+21
3627,-1.3283e+21
1528,-1.3287e+21
1159,-1.3294e+21
5073,-1.3333e+21
2421,-1.3376e+21
1877,-1.3389e+21
4220,-1.3393e+21
2128,-1.34e+21
3545,-1.3422e+21
1689,-1.3428e+21
4389,-1.3447e+21
1266,-1.346e+21
3851,-1.3462e+21
4397,-1.3463e+21
5491,-1.3471e+21
898,-1.3476e+21
5246,-1.3492e+21
1659,-1.3494e+21
3022,-1.3494e+21
5561,-1.3499e+21
397,-1.3537e+21
2231,-1.3542e+21
566,-1.3581e+21
287,-1.3603e+21
4833,-1.3613e+21
5511,-1.3623e+21
4070,-1.3624e+21
2172,-1.3637e+21
451,-1.3647e+21
5285,-1.3663e+21
2992,-1.3664e+21
1748,-1.3666e+21
3666,-1.3674e+21
4049,-1.368e+21
1771,-1.3703e+21
2315,-1.3728e+21
2227,-1.3732e+21
4515,-1.3756e+21
5592,-1.3767e+21
3897,-1.3777e+21
2343,-1.3797e+21
3345,-1.3801e+21
2858,-1.3814e+21
4778,-1.3832e+21
4552,-1.3847e+21
664,-1.3848e+21
263,-1.3857e+21
3485,-1.3884e+21
4796,-1.3894e+21
1739,-1.3915e+21
2676,-1.392e+21
505,-1.3921e+21
4288,-1.3932e+21
1324,-1.3952e+21
3959,-1.3956e+21
988,-1.3957e+21
4169,-1.3958e+21
1432,-1.3958e+21
2820,-1.3962e+21
5217,-1.3969e+21
1862,-1.397e+21
2176,-1.4001e+21
607,-1.4015e+21
2533,-1.4032e+21
1352,-1.4037e+21
4118,-1.4043e+21
2405,-1.4061e+21
2921,-1.4075e+21
3376,-1.4092e+21
5454,-1.4122e+21
3419,-1.4127e+21
244,-1.414e+21
5421,-1.4145e+21
2099,-1.4155e+21
3676,-1.4168e+21
5512,-1.4184e+21
3036,-1.4188e+21
457,-1.4213e+21
829,-1.4213e+21
2125,-1.4223e+21
1896,-1.4224e+21
3951,-1.4243e+21
129,-1.4263e+21
547,-1.4294e+21
2554,-1.4294e+21
5578,-1.4304e+21
2485,-1.4321e+21
1708,-1.4322e+21
3962,-1.4325e+21
3812,-1.4333e+21
2943,-1.4338e+21
179,-1.4346e+21
2452,-1.4346e+21
668,-1.4378e+21
4755,-1.4409e+21
1936,-1.4445e+21
3450,-1.4454e+21
4033,-1.4456e+21
4629,-1.4462e+21
2392,-1.447e+21
5395,-1.4495e+21
2396,-1.4505e+21
5389,-1.4519e+21
5063,-1.4521e+21
5040,-1.4527e+21
1650,-1.4528e+21
83,-1.453e+21
1695,-1.4543e+21
5178,-1.4549e+21
2727,-1.4558e+21
2419,-1.4561e+21
169,-1.4582e+21
571,-1.4596e+21
2722,-1.4603e+21
3178,-1.4612e+21
33,-1.462e+21
3993,-1.4628e+21
4600,-1.4628e+21
4919,-1.4632e+21
621,-1.4641e+21
955,-1.4646e+21
3398,-1.4646e+21
4896,-1.4651e+21
5281,-1.4657e+21
2475,-1.4658e+21
4079,-1.4664e+21
4194,-1.4666e+21
4612,-1.4667e+21
3198,-1.4677e+21
2445,-1.468e+21
2946,-1.4682e+21
4356,-1.4686e+21
3259,-1.4689e+21
2902,-1.4705e+21
1580,-1.4706e+21
2219,-1.4714e+21
2644,-1.4722e+21
3482,-1.4728e+21
3232,-1.4735e+21
4267,-1.474e+21
3570,-1.4743e+21
3503,-1.4757e+21
3331,-1.4767e+21
1264,-1.4769e+21
5367,-1.477e+21
1351,-1.4792e+21
693,-1.4803e+21
4003,-1.481e+21
4245,-1.482e+21
2947,-1.4827e+21
4411,-1.4828e+21
948,-1.4834e+21
5099,-1.4849e+21
5016,-1.4857e+21
4793,-1.4857e+21
2677,-1.4868e+21
329,-1.4871e+21
2807,-1.4872e+21
2262,-1.4876e+21
3600,-1.4886e+21
5155,-1.4921e+21
2865,-1.4922e+21
4751,-1.4922e+21
832,-1.494e+21
1858,-1.4954e+21
5108,-1.497e+21
77,-1.497e+21
3895,-1.5004e+21
5175,-1.5026e+21
2495,-1.5035e+21
1984,-1.5044e+21
3801,-1.506e+21
824,-1.5068e+21
1764,-1.5092e+21
4055,-1.5102e+21
4876,-1.5116e+21
162,-1.5118e+21
686,-1.5145e+21
853,-1.5163e+21
5219,-1.5188e+21
3972,-1.5188e+21
882,-1.5189e+21
4711,-1.5198e+21
2426,-1.523e+21
1450,-1.5238e+21
5439,-1.5256e+21
4463,-1.5262e+21
4894,-1.53e+21
2705,-1.53e+21
2529,-1.5309e+21
5243,-1.5314e+21
5035,-1.5333e+21
3704,-1.5368e+21
3759,-1.5372e+21
2535,-1.5374e+21
2365,-1.5396e+21
1705,-1.5438e+21
4021,-1.545e+21
4349,-1.5469e+21
4715,-1.5478e+21
114,-1.5495e+21
5469,-1.5495e+21
1533,-1.5514e+21
3832,-1.5516e+21
5412,-1.5534e+21
4972,-1.5549e+21
3869,-1.5571e+21
1285,-1.5575e+21
2086,-1.5582e+21
5222,-1.5589e+21
4125,-1.5594e+21
4086,-1.5605e+21
4385,-1.5614e+21
1906,-1.5646e+21
5121,-1.5657e+21
474,-1.5665e+21
3695,-1.5666e+21
3690,-1.5677e+21
1021,-1.5711e+21
1766,-1.5729e+21
3710,-1.5745e+21
4012,-1.5753e+21
1492,-1.5759e+21
2266,-1.5771e+21
4419,-1.58e+21
4162,-1.5802e+21
2931,-1.582e+21
910,-1.5826e+21
4045,-1.5837e+21
1508,-1.5845e+21
3104,-1.5849e+21
171,-1.5866e+21
5496,-1.5868e+21
4797,-1.5884e+21
1666,-1.5894e+21
3730,-1.5922e+21
2024,-1.5949e+21
4078,-1.5967e+21
3717,-1.5969e+21
1411,-1.6002e+21
2136,-1.6016e+21
1522,-1.6024e+21
917,-1.6027e+21
1630,-1.6045e+21
191,-1.6069e+21
661,-1.6097e+21
5289,-1.6098e+21
131,-1.6098e+21
156,-1.6105e+21
4071,-1.6115e+21
3377,-1.6117e+21
30,-1.6118e+21
4567,-1.6121e+21
860,-1.6127e+21
4406,-1.6128e+21
1893,-1.6137e+21
703,-1.6139e+21
1044,-1.615e+21
5122,-1.616e+21
4636,-1.6231e+21
967,-1.6262e+21
3681,-1.6262e+21
1721,-1.6262e+21
176,-1.6289e+21
2935,-1.6294e+21
3825,-1.6301e+21
1772,-1.6315e+21
3149,-1.633e+21
363,-1.6349e+21
4464,-1.6364e+21
1839,-1.6377e+21
2652,-1.6386e+21
3833,-1.6397e+21
839,-1.6408e+21
4916,-1.6422e+21
4988,-1.6434e+21
306,-1.6435e+21
806,-1.6493e+21
1648,-1.6506e+21
5450,-1.6513e+21
2309,-1.6514e+21
692,-1.6529e+21
4113,-1.6539e+21
5241,-1.6539e+21
4030,-1.6548e+21
2211,-1.6585e+21
2333,-1.6597e+21
2073,-1.6608e+21
761,-1.6611e+21
1407,-1.6613e+21
1707,-1.6622e+21
1301,-1.663e+21
5447,-1.6636e+21
4662,-1.6663e+21
1242,-1.6665e+21
1280,-1.6665e+21
3424,-1.6668e+21
2428,-1.6702e+21
2027,-1.6741e+21
299,-1.675e+21
3559,-1.6757e+21
3438,-1.6763e+21
80,-1.6775e+21
3822,-1.6782e+21
4374,-1.6783e+21
5542,-1.6787e+21
2407,-1.6799e+21
3809,-1.6802e+21
4559,-1.681e+21
60,-1.6823e+21
1335,-1.6826e+21
5415,-1.6836e+21
3013,-1.6847e+21
5275,-1.6847e+21
562,-1.6848e+21
4020,-1.6855e+21
4490,-1.6856e+21
3363,-1.6857e+21
1717,-1.6862e+21
319,-1.6865e+21
5060,-1.6866e+21
5420,-1.6868e+21
264,-1.6873e+21
5526,-1.6874e+21
2434,-1.6903e+21
4369,-1.6928e+21
1256,-1.6937e+21
5053,-1.6949e+21
1347,-1.6952e+21
389,-1.6964e+21
3244,-1.6968e+21
42,-1.697e+21
3624,-1.6977e+21
3892,-1.6988e+21
4432,-1.6992e+21
1241,-1.7011e+21
1293,-1.7022e+21
2093,-1.7027e+21
119,-1.7031e+21
4874,-1.7034e+21
1879,-1.7044e+21
280,-1.7051e+21
1431,-1.7053e+21
4647,-1.7065e+21
1562,-1.7066e+21
801,-1.7067e+21
1846,-1.7071e+21
1897,-1.7072e+21
1330,-1.7083e+21
3978,-1.7093e+21
5197,-1.7096e+21
3185,-1.712e+21
2672,-1.7126e+21
2414,-1.7128e+21
1016,-1.714e+21
3738,-1.7152e+21
2773,-1.716e+21
5022,-1.7175e+21
3028,-1.7177e+21
5508,-1.7183e+21
4597,-1.7206e+21
2007,-1.7211e+21
2035,-1.7224e+21
2245,-1.7225e+21
4165,-1.723e+21
5382,-1.7253e+21
237,-1.7258e+21
2851,-1.7259e+21
1270,-1.7262e+21
3497,-1.727e+21
1331,-1.7271e+21
4945,-1.7273e+21
2696,-1.7275e+21
2849,-1.7276e+21
1852,-1.7277e+21
4558,-1.7278e+21
1282,-1.7287e+21
3890,-1.7301e+21
1118,-1.7304e+21
315,-1.7305e+21
2616,-1.7315e+21
3806,-1.7321e+21
4987,-1.7325e+21
1572,-1.7331e+21
224,-1.7355e+21
825,-1.7384e+21
5077,-1.7406e+21
1207,-1.7469e+21
5579,-1.7476e+21
5089,-1.7481e+21
44,-1.7499e+21
4530,-1.7503e+21
1501,-1.7509e+21
5582,-1.7534e+21
2769,-1.7536e+21
3823,-1.7539e+21
590,-1.7556e+21
4961,-1.7581e+21
2818,-1.7589e+21
5594,-1.7614e+21
4960,-1.7615e+21
1267,-1.7633e+21
567,-1.7634e+21
1900,-1.7643e+21
1986,-1.7671e+21
1430,-1.7673e+21
4339,-1.7711e+21
3065,-1.7718e+21
3658,-1.7735e+21
1486,-1.7737e+21
3748,-1.7737e+21
936,-1.7752e+21
1874,-1.7759e+21
4416,-1.7762e+21
1151,-1.7768e+21
4171,-1.7789e+21
5068,-1.7791e+21
5235,-1.7792e+21
4098,-1.7802e+21
1872,-1.7811e+21
3512,-1.7816e+21
3165,-1.7816e+21
5009,-1.782e+21
3151,-1.7824e+21
4826,-1.7826e+21
2745,-1.7843e+21
1119,-1.7845e+21
2234,-1.7845e+21
5351,-1.7846e+21
1109,-1.7852e+21
2031,-1.7856e+21
1762,-1.7861e+21
1123,-1.7866e+21
4103,-1.787e+21
5408,-1.7874e+21
4274,-1.7877e+21
373,-1.788e+21
2744,-1.7883e+21
21,-1.791e+21
3687,-1.7922e+21
4991,-1.7937e+21
1393,-1.7939e+21
5306,-1.7955e+21
513,-1.7965e+21
1582,-1.7992e+21
4970,-1.7998e+21
2791,-1.8e+21
435,-1.8019e+21
5432,-1.8033e+21
4204,-1.8047e+21
425,-1.8048e+21
1616,-1.8048e+21
3599,-1.8068e+21
1724,-1.8101e+21
3002,-1.8114e+21
4788,-1.8123e+21
5446,-1.8132e+21
3171,-1.8143e+21
4386,-1.8147e+21
2469,-1.815e+21
2242,-1.8158e+21
5459,-1.8164e+21
3037,-1.8169e+21
1816,-1.8191e+21
3339,-1.8195e+21
4956,-1.8195e+21
323,-1.8207e+21
1454,-1.8208e+21
2590,-1.8212e+21
5003,-1.8214e+21
1317,-1.8218e+21
2431,-1.8221e+21
1848,-1.8221e+21
5353,-1.8234e+21
5066,-1.8239e+21
1004,-1.8252e+21
752,-1.8265e+21
5497,-1.8268e+21
4131,-1.8272e+21
4237,-1.8278e+21
2130,-1.8295e+21
1784,-1.83e+21
1875,-1.8307e+21
3586,-1.832e+21
210,-1.8348e+21
3871,-1.8349e+21
634,-1.8354e+21
1716,-1.8357e+21
2384,-1.8362e+21
139,-1.8363e+21
2629,-1.8378e+21
4280,-1.8391e+21
4336,-1.8402e+21
2747,-1.8403e+21
5255,-1.8404e+21
789,-1.8407e+21
5124,-1.841e+21
1117,-1.8414e+21
863,-1.8416e+21
975,-1.842e+21
3743,-1.8424e+21
1537,-1.8425e+21
3136,-1.8439e+21
1090,-1.845e+21
3965,-1.8451e+21
2601,-1.8453e+21
1524,-1.8457e+21
4499,-1.8462e+21
5299,-1.8472e+21
964,-1.8482e+21
4002,-1.8485e+21
3303,-1.8487e+21
251,-1.8495e+21
393,-1.8501e+21
3047,-1.8526e+21
2385,-1.8537e+21
1817,-1.854e+21
5201,-1.8543e+21
4181,-1.8555e+21
5433,-1.8561e+21
894,-1.8564e+21
5051,-1.8596e+21
632,-1.8599e+21
790,-1.86e+21
1786,-1.8603e+21
194,-1.862e+21
4123,-1.8623e+21
483,-1.8633e+21
714,-1.8636e+21
3850,-1.8646e+21
3446,-1.8664e+21
4034,-1.8665e+21
3820,-1.8675e+21
1081,-1.8675e+21
4838,-1.8679e+21
947,-1.8682e+21
1980,-1.8689e+21
4795,-1.8692e+21
1101,-1.8694e+21
1840,-1.8698e+21
1957,-1.8708e+21
4036,-1.8719e+21
2692,-1.872e+21
87,-1.8726e+21
939,-1.8737e+21
98,-1.8749e+21
477,-1.8759e+21
5504,-1.8761e+21
3829,-1.8786e+21
4592,-1.8786e+21
1539,-1.8801e+21
5052,-1.8804e+21
1191,-1.8804e+21
146,-1.8844e+21
3926,-1.8884e+21
3074,-1.8901e+21
2949,-1.8908e+21
3088,-1.8915e+21
1824,-1.8916e+21
915,-1.8921e+21
4646,-1.8924e+21
5039,-1.8932e+21
4663,-1.8944e+21
3593,-1.8949e+21
3052,-1.8977e+21
4423,-1.898e+21
1725,-1.8985e+21
3029,-1.8997e+21
301,-1.9014e+21
4405,-1.902e+21
3249,-1.9025e+21
1173,-1.9026e+21
779,-1.9026e+21
618,-1.9039e+21
4763,-1.9042e+21
225,-1.9042e+21
5543,-1.9044e+21
4909,-1.9053e+21
275,-1.9055e+21
128,-1.9055e+21
3268,-1.9064e+21
2545,-1.9072e+21
3940,-1.9088e+21
476,-1.9089e+21
1292,-1.9091e+21
4488,-1.9092e+21
945,-1.9094e+21
5334,-1.9094e+21
82,-1.9098e+21
2885,-1.9102e+21
2012,-1.9103e+21
1886,-1.9113e+21
4376,-1.9127e+21
502,-1.9128e+21
1825,-1.9128e+21
2571,-1.9135e+21
3504,-1.9136e+21
3076,-1.9141e+21
1945,-1.9142e+21
2700,-1.9145e+21
4585,-1.9157e+21
428,-1.9157e+21
56,-1.918e+21
1498,-1.9182e+21
2781,-1.9182e+21
402,-1.9187e+21
4256,-1.9188e+21
374,-1.9188e+21
3179,-1.9192e+21
2169,-1.9212e+21
2115,-1.9217e+21
3769,-1.9219e+21
4081,-1.9225e+21
4965,-1.9227e+21
4971,-1.9228e+21
4494,-1.9228e+21
1147,-1.9228e+21
614,-1.9232e+21
4188,-1.9234e+21
5368,-1.9235e+21
3167,-1.9255e+21
3023,-1.926e+21
5573,-1.9261e+21
2763,-1.9273e+21
2156,-1.9276e+21
46,-1.9277e+21
454,-1.9288e+21
211,-1.9293e+21
4653,-1.93e+21
102,-1.9318e+21
4259,-1.9318e+21
1319,-1.932e+21
5176,-1.9324e+21
4082,-1.9328e+21
1845,-1.9329e+21
147,-1.9333e+21
5142,-1.9343e+21
2100,-1.9351e+21
4704,-1.9353e+21
3222,-1.9354e+21
4457,-1.9355e+21
5140,-1.9358e+21
5103,-1.9363e+21
1599,-1.9374e+21
69,-1.9392e+21
4989,-1.9395e+21
1084,-1.9406e+21
2626,-1.941e+21
4844,-1.9423e+21
81,-1.9432e+21
2334,-1.9444e+21
4980,-1.9456e+21
2852,-1.9459e+21
3573,-1.9466e+21
93,-1.9473e+21
1259,-1.9496e+21
3724,-1.9496e+21
929,-1.9503e+21
3387,-1.951e+21
3766,-1.9514e+21
5045,-1.9521e+21
1228,-1.9534e+21
3420,-1.9537e+21
1737,-1.9549e+21
368,-1.9556e+21
4395,-1.9562e+21
1690,-1.957e+21
762,-1.957e+21
4124,-1.9572e+21
1706,-1.9581e+21
3712,-1.9588e+21
5536,-1.959e+21
1866,-1.9599e+21
1583,-1.9602e+21
2154,-1.9606e+21
4525,-1.9614e+21
376,-1.9617e+21
3122,-1.9633e+21
1202,-1.9641e+21
5118,-1.9643e+21
5470,-1.9667e+21
4303,-1.9689e+21
1925,-1.9691e+21
5514,-1.9708e+21
4428,-1.971e+21
4027,-1.9719e+21
3680,-1.972e+21
1246,-1.9724e+21
3427,-1.9729e+21
5581,-1.974e+21
728,-1.9758e+21
2874,-1.9761e+21
803,-1.9764e+21
5502,-1.9766e+21
5168,-1.9769e+21
5566,-1.977e+21
2742,-1.9771e+21
3035,-1.9781e+21
1474,-1.9782e+21
4812,-1.9803e+21
28,-1.981e+21
1269,-1.9819e+21
5328,-1.9833e+21
2311,-1.9835e+21
673,-1.9841e+21
1614,-1.9848e+21
866,-1.9852e+21
1484,-1.9858e+21
3048,-1.9858e+21
3300,-1.9866e+21
4789,-1.9868e+21
798,-1.9873e+21
5429,-1.9881e+21
3597,-1.9884e+21
2950,-1.9896e+21
4322,-1.9898e+21
5541,-1.9899e+21
5516,-1.9901e+21
3638,-1.9932e+21
1279,-1.9933e+21
450,-1.9934e+21
5391,-1.9936e+21
223,-1.9937e+21
2087,-1.9939e+21
2929,-1.9945e+21
1467,-1.9953e+21
3644,-1.9959e+21
3920,-1.9964e+21
4750,-1.9968e+21
2635,-1.9974e+21
4957,-1.9979e+21
2106,-1.9982e+21
3079,-1.9983e+21
3145,-1.9993e+21
1990,-1.9995e+21
4799,-2.0007e+21
2962,-2.0013e+21
3291,-2.0028e+21
3651,-2.0034e+21
447,-2.0036e+21
1386,-2.0049e+21
5485,-2.0061e+21
771,-2.0068e+21
3461,-2.0068e+21
2717,-2.0073e+21
577,-2.008e+21
5562,-2.0097e+21
3731,-2.011e+21
3591,-2.0113e+21
3803,-2.0122e+21
2604,-2.0124e+21
610,-2.0127e+21
2822,-2.0131e+21
509,-2.0132e+21
984,-2.0136e+21
219,-2.014e+21
5119,-2.0144e+21
4287,-2.0144e+21
5325,-2.0145e+21
4122,-2.0147e+21
399,-2.0157e+21
458,-2.0159e+21
4713,-2.0168e+21
3611,-2.0175e+21
3650,-2.0177e+21
3930,-2.0177e+21
4269,-2.0185e+21
3975,-2.0191e+21
1316,-2.0192e+21
4010,-2.0193e+21
759,-2.0193e+21
1608,-2.0201e+21
3001,-2.0212e+21
2440,-2.0215e+21
1800,-2.0215e+21
1798,-2.022e+21
3906,-2.0231e+21
108,-2.026e+21
4404,-2.0277e+21
4134,-2.0281e+21
13,-2.0288e+21
1340,-2.0292e+21
18,-2.0298e+21
5318,-2.0305e+21
1244,-2.0306e+21
75,-2.0307e+21
3924,-2.0309e+21
1002,-2.031e+21
2543,-2.0323e+21
4731,-2.0324e+21
4781,-2.0331e+21
1540,-2.0334e+21
2157,-2.0344e+21
2890,-2.036e+21
1591,-2.036e+21
1195,-2.0363e+21
5261,-2.0364e+21
2178,-2.0369e+21
1842,-2.0369e+21
1089,-2.037e+21
3354,-2.037e+21
5131,-2.0371e+21
2268,-2.0373e+21
5032,-2.0373e+21
3509,-2.0374e+21
2497,-2.0388e+21
2993,-2.0392e+21
3116,-2.0394e+21
1822,-2.0401e+21
1218,-2.0405e+21
768,-2.0406e+21
137,-2.041e+21
1039,-2.0412e+21
4260,-2.0428e+21
3370,-2.0444e+21
5517,-2.0449e+21
596,-2.0449e+21
134,-2.0465e+21
1455,-2.0469e+21
3157,-2.0479e+21
3189,-2.0495e+21
4068,-2.05e+21
1857,-2.0502e+21
1071,-2.0504e+21
1694,-2.0507e+21
1461,-2.0509e+21
1058,-2.0521e+21
4878,-2.0536e+21
1754,-2.0545e+21
592,-2.0547e+21
1510,-2.0549e+21
5008,-2.0549e+21
1914,-2.0562e+21
5111,-2.057e+21
2927,-2.0579e+21
4364,-2.0587e+21
1059,-2.0587e+21
4943,-2.0591e+21
4802,-2.06e+21
1935,-2.0602e+21
2833,-2.0603e+21
1544,-2.0605e+21
4236,-2.0606e+21
3896,-2.0608e+21
3134,-2.061e+21
4422,-2.0615e+21
4686,-2.0619e+21
2152,-2.0625e+21
3067,-2.0632e+21
1988,-2.0632e+21
4001,-2.0636e+21
5595,-2.0637e+21
3841,-2.0645e+21
138,-2.0649e+21
696,-2.065e+21
2393,-2.0656e+21
4652,-2.0657e+21
2378,-2.0682e+21
4532,-2.0688e+21
4151,-2.0692e+21
278,-2.0696e+21
1546,-2.071e+21
3343,-2.0718e+21
3447,-2.0733e+21
4130,-2.0734e+21
525,-2.0752e+21
1357,-2.0752e+21
589,-2.0766e+21
3953,-2.0773e+21
2770,-2.078e+21
524,-2.0784e+21
620,-2.079e+21
1807,-2.079e+21
3511,-2.0793e+21
1247,-2.0805e+21
3747,-2.0806e+21
250,-2.0813e+21
1220,-2.0814e+21
65,-2.0815e+21
290,-2.0817e+21
3115,-2.082e+21
1201,-2.0836e+21
2010,-2.0838e+21
2210,-2.0838e+21
1470,-2.0845e+21
2553,-2.0848e+21
1902,-2.0852e+21
344,-2.0856e+21
3467,-2.0862e+21
3702,-2.0864e+21
3765,-2.0875e+21
333,-2.0875e+21
4739,-2.088e+21
4440,-2.0883e+21
5424,-2.0885e+21
352,-2.0885e+21
4775,-2.0902e+21
4273,-2.0908e+21
1963,-2.0929e+21
5018,-2.094e+21
1683,-2.0941e+21
5187,-2.096e+21
4822,-2.0969e+21
943,-2.0975e+21
2398,-2.0979e+21
4588,-2.0997e+21
2055,-2.1006e+21
5346,-2.1008e+21
272,-2.1009e+21
730,-2.1013e+21
4291,-2.1021e+21
1377,-2.1024e+21
3726,-2.1029e+21
5494,-2.1029e+21
1091,-2.1055e+21
1820,-2.1061e+21
2241,-2.1067e+21
3270,-2.1083e+21
2186,-2.1094e+21
1236,-2.11e+21
4580,-2.1104e+21
1664,-2.1145e+21
2515,-2.115e+21
4590,-2.1152e+21
2070,-2.1154e+21
1898,-2.1166e+21
4177,-2.1202e+21
4664,-2.122e+21
4902,-2.1239e+21
971,-2.1321e+21
4009,-2.1373e+21
2069,-2.1402e+21
3092,-2.144e+21
4410,-2.1485e+21
3968,-2.1573e+21
3898,-2.1586e+21
5056,-2.1654e+21
5563,-2.1711e+21
579,-2.1713e+21
2836,-2.1764e+21
4505,-2.179e+21
3061,-2.1795e+21
638,-2.1804e+21
1735,-2.185e+21
4193,-2.1883e+21
1738,-2.1883e+21
2862,-2.1909e+21
4057,-2.2025e+21
1506,-2.2033e+21
4222,-2.2051e+21
850,-2.2079e+21
4341,-2.2188e+21
2813,-2.2287e+21
265,-2.2474e+21
3810,-2.2565e+21
3547,-2.2595e+21
1606,-2.2628e+21
1336,-2.2674e+21
4095,-2.2886e+21
5302,-2.2959e+21
5250,-2.3164e+21
2390,-2.3176e+21
180,-2.327e+21
924,-2.3343e+21
941,-2.3359e+21
1230,-2.3368e+21
1595,-2.3408e+21
2560,-2.3428e+21
4519,-2.3452e+21
604,-2.3625e+21
4153,-2.3853e+21
642,-2.3922e+21
3460,-2.3957e+21
5519,-2.3968e+21
198,-2.3975e+21
2,-2.4024e+21
4769,-2.4069e+21
3918,-2.4105e+21
2915,-2.4137e+21
3479,-2.4157e+21
2473,-2.4175e+21
1105,-2.4202e+21
5117,-2.4227e+21
3784,-2.4339e+21
316,-2.4357e+21
1587,-2.4374e+21
1573,-2.4409e+21
1564,-2.4425e+21
3478,-2.4461e+21
3150,-2.4557e+21
3719,-2.4671e+21
421,-2.4747e+21
1060,-2.4783e+21
2643,-2.4809e+21
2684,-2.4811e+21
4326,-2.4839e+21
1774,-2.5048e+21
3707,-2.5088e+21
775,-2.5107e+21
2067,-2.5126e+21
1014,-2.5142e+21
1134,-2.52e+21
5337,-2.5215e+21
1176,-2.5219e+21
5086,-2.5301e+21
5589,-2.5307e+21
4884,-2.5367e+21
2974,-2.5493e+21
4381,-2.5511e+21
4176,-2.5589e+21
1698,-2.5754e+21
4529,-2.5787e+21
4262,-2.5793e+21
2036,-2.582e+21
4477,-2.5877e+21
2785,-2.5884e+21
3143,-2.59e+21
680,-2.5939e+21
766,-2.5949e+21
805,-2.6025e+21
3017,-2.6073e+21
977,-2.6081e+21
3264,-2.6191e+21
1929,-2.6209e+21
217,-2.6367e+21
4724,-2.6386e+21
1418,-2.6496e+21
4495,-2.6508e+21
1783,-2.6593e+21
4455,-2.6605e+21
292,-2.6623e+21
4342,-2.671e+21
4174,-2.6752e+21
4281,-2.6773e+21
2797,-2.6932e+21
3937,-2.7002e+21
2409,-2.7009e+21
218,-2.7105e+21
2090,-2.7117e+21
1424,-2.7166e+21
2686,-2.7243e+21
3714,-2.7338e+21
4714,-2.7354e+21
2287,-2.7407e+21
4298,-2.7416e+21
2920,-2.749e+21
4366,-2.7495e+21
3194,-2.7514e+21
5598,-2.7517e+21
4967,-2.7586e+21
2072,-2.7588e+21
2834,-2.7618e+21
4742,-2.766e+21
2670,-2.7772e+21
1382,-2.7775e+21
4581,-2.7803e+21
4285,-2.7931e+21
3689,-2.7995e+21
4233,-2.8026e+21
241,-2.8037e+21
4111,-2.8144e+21
5046,-2.828e+21
4507,-2.8283e+21
1560,-2.8307e+21
4089,-2.8311e+21
1578,-2.8354e+21
1964,-2.8531e+21
2698,-2.8543e+21
4998,-2.8628e+21
3508,-2.871e+21
2999,-2.8789e+21
2831,-2.8806e+21
884,-2.8813e+21
3977,-2.8815e+21
4191,-2.8837e+21
2008,-2.8888e+21
4949,-2.8902e+21
2243,-2.8918e+21
1884,-2.8944e+21
899,-2.895e+21
3794,-2.8971e+21
1933,-2.901e+21
4168,-2.9018e+21
552,-2.9104e+21
4373,-2.9105e+21
383,-2.912e+21
1668,-2.9156e+21
1803,-2.9173e+21
4615,-2.9285e+21
2259,-2.9347e+21
1243,-2.9631e+21
4866,-2.987e+21
1022,-2.9909e+21
3927,-3.0077e+21
2808,-3.014e+21
727,-3.0146e+21
5055,-3.0149e+21
3267,-3.0172e+21
709,-3.0231e+21
1140,-3.0301e+21
4728,-3.0333e+21
3374,-3.0376e+21
150,-3.039e+21
4114,-3.0523e+21
2363,-3.0616e+21
1655,-3.066e+21
3635,-3.0662e+21
1761,-3.0666e+21
1574,-3.0678e+21
220,-3.0707e+21
576,-3.0715e+21
2756,-3.0748e+21
4083,-3.0818e+21
4214,-3.085e+21
3532,-3.0958e+21
1809,-3.1001e+21
16,-3.1022e+21
4431,-3.114e+21
4297,-3.1494e+21
4217,-3.1627e+21
5556,-3.1652e+21
3867,-3.1692e+21
4547,-3.1943e+21
5033,-3.2e+21
2468,-3.2024e+21
3796,-3.2077e+21
3455,-3.2141e+21
3862,-3.2255e+21
161,-3.2685e+21
3807,-3.2782e+21
1741,-3.279e+21
5013,-3.2791e+21
1055,-3.2805e+21
3699,-3.2877e+21
4952,-3.295e+21
1548,-3.2957e+21
3836,-3.298e+21
5419,-3.3039e+21
2071,-3.3166e+21
2587,-3.3229e+21
1819,-3.3254e+21
4156,-3.3259e+21
3554,-3.3293e+21
5024,-3.3318e+21
1370,-3.3333e+21
1485,-3.3353e+21
405,-3.3498e+21
1451,-3.3526e+21
5043,-3.3575e+21
2606,-3.3684e+21
297,-3.3711e+21
2910,-3.3724e+21
3837,-3.3829e+21
3228,-3.3916e+21
3295,-3.4015e+21
2613,-3.4024e+21
2973,-3.4061e+21
4518,-3.419e+21
4959,-3.4254e+21
719,-3.4321e+21
1770,-3.4326e+21
173,-3.441e+21
4046,-3.4565e+21
5434,-3.4583e+21
2883,-3.4584e+21
2450,-3.4633e+21
1701,-3.4713e+21
4152,-3.479e+21
612,-3.4837e+21
3677,-3.4877e+21
1313,-3.4932e+21
4043,-3.515e+21
5534,-3.5186e+21
1254,-3.5262e+21
4484,-3.5268e+21
2741,-3.5292e+21
3031,-3.5312e+21
4511,-3.5463e+21
5379,-3.5497e+21
4140,-3.5524e+21
3734,-3.5698e+21
1288,-3.5832e+21
2083,-3.5833e+21
2853,-3.5875e+21
4402,-3.5929e+21
1329,-3.5948e+21
182,-3.5965e+21
449,-3.5966e+21
560,-3.5994e+21
4638,-3.6015e+21
1570,-3.6031e+21
869,-3.6147e+21
2001,-3.6178e+21
5023,-3.6257e+21
4824,-3.6328e+21
2338,-3.6337e+21
5547,-3.6366e+21
1253,-3.6381e+21
4320,-3.6412e+21
1974,-3.6446e+21
1360,-3.6485e+21
1018,-3.6524e+21
2492,-3.6561e+21
522,-3.658e+21
5522,-3.6599e+21
2683,-3.6737e+21
1153,-3.6769e+21
5242,-3.6834e+21
3870,-3.6853e+21
1982,-3.6945e+21
5085,-3.702e+21
4060,-3.716e+21
460,-3.7206e+21
1621,-3.7241e+21
1768,-3.7259e+21
643,-3.7401e+21
4334,-3.7431e+21
118,-3.7535e+21
4295,-3.7588e+21
2486,-3.7608e+21
4489,-3.7625e+21
2285,-3.7661e+21
4759,-3.7697e+21
3201,-3.7748e+21
2022,-3.7923e+21
2721,-3.7928e+21
2180,-3.7993e+21
489,-3.7999e+21
2420,-3.8013e+21
4910,-3.8061e+21
548,-3.8192e+21
4725,-3.8204e+21
246,-3.823e+21
1215,-3.826e+21
5558,-3.8282e+21
1593,-3.8354e+21
110,-3.8474e+21
1496,-3.8486e+21
1871,-3.8543e+21
3038,-3.8671e+21
321,-3.8733e+21
1685,-3.8763e+21
4707,-3.8764e+21
1321,-3.8887e+21
2830,-3.8896e+21
3613,-3.8898e+21
4682,-3.8921e+21
4421,-3.8966e+21
1623,-3.9141e+21
5288,-3.925e+21
2062,-3.9338e+21
3411,-3.9347e+21
366,-3.9397e+21
5352,-3.94e+21
1729,-3.9453e+21
466,-3.9615e+21
4930,-3.9657e+21
5493,-3.973e+21
5130,-3.9754e+21
1607,-3.9759e+21
3931,-4.0267e+21
833,-4.0432e+21
4633,-4.0566e+21
744,-4.0644e+21
3963,-4.0685e+21
2847,-4.0874e+21
3683,-4.0952e+21
3753,-4.1084e+21
5007,-4.1099e+21
3365,-4.1209e+21
886,-4.1215e+21
2689,-4.1223e+21
5361,-4.1322e+21
2113,-4.1416e+21
2332,-4.1445e+21
1859,-4.1453e+21
934,-4.1473e+21
5231,-4.1518e+21
2371,-4.1801e+21
4399,-4.1808e+21
4780,-4.1998e+21
707,-4.2011e+21
821,-4.2066e+21
5100,-4.2152e+21
1258,-4.2154e+21
3231,-4.2173e+21
1978,-4.2369e+21
537,-4.238e+21
2524,-4.2483e+21
4566,-4.2533e+21
3675,-4.2626e+21
2580,-4.2643e+21
813,-4.2726e+21
4343,-4.2835e+21
1911,-4.2855e+21
3090,-4.2925e+21
2905,-4.2986e+21
3396,-4.3213e+21
1962,-4.3233e+21
2916,-4.3245e+21
4417,-4.3266e+21
1406,-4.3306e+21
688,-4.3313e+21
1327,-4.3555e+21
5555,-4.3657e+21
2926,-4.3747e+21
1169,-4.3762e+21
2118,-4.3799e+21
1235,-4.3823e+21
2603,-4.4119e+21
3197,-4.4249e+21
4314,-4.4289e+21
3147,-4.4319e+21
671,-4.4334e+21
5366,-4.4335e+21
2995,-4.4361e+21
1185,-4.4629e+21
3696,-4.4811e+21
2395,-4.4859e+21
1278,-4.4912e+21
1940,-4.4936e+21
3388,-4.4945e+21
3121,-4.4998e+21
3672,-4.5044e+21
1445,-4.5181e+21
3737,-4.522e+21
132,-4.5269e+21
5406,-4.5409e+21
2977,-4.5431e+21
517,-4.5478e+21
2954,-4.5545e+21
4774,-4.5577e+21
4096,-4.5642e+21
2164,-4.5655e+21
2798,-4.5665e+21
258,-4.5713e+21
1970,-4.5727e+21
2507,-4.585e+21
3391,-4.5946e+21
4553,-4.5947e+21
238,-4.6178e+21
1758,-4.6259e+21
326,-4.6301e+21
896,-4.6447e+21
4835,-4.6488e+21
3156,-4.6595e+21
3636,-4.6692e+21
1353,-4.6727e+21
365,-4.6769e+21
1702,-4.6868e+21
5061,-4.7029e+21
1303,-4.7086e+21
4047,-4.7143e+21
3588,-4.737e+21
3943,-4.7408e+21
3754,-4.7484e+21
3128,-4.7489e+21
602,-4.7527e+21
4139,-4.765e+21
4762,-4.7779e+21
4032,-4.7807e+21
3711,-4.7876e+21
1554,-4.7915e+21
1944,-4.8091e+21
2160,-4.8178e+21
2753,-4.825e+21
3985,-4.8326e+21
4173,-4.8401e+21
4801,-4.8437e+21
170,-4.8443e+21
818,-4.847e+21
1216,-4.8506e+21
2290,-4.8571e+21
1355,-4.8602e+21
3208,-4.8822e+21
4429,-4.8877e+21
4190,-4.8902e+21
4720,-4.898e+21
3170,-4.9066e+21
3815,-4.9136e+21
3534,-4.922e+21
2776,-4.9356e+21
5138,-4.9359e+21
58,-4.938e+21
3555,-4.9395e+21
3332,-4.944e+21
136,-4.9486e+21
681,-4.9577e+21
4294,-4.9586e+21
3161,-4.9612e+21
5532,-4.9614e+21
3550,-4.9654e+21
3708,-4.9694e+21
2694,-4.9747e+21
5136,-4.9791e+21
2715,-4.9965e+21
3146,-4.9982e+21
3299,-5.0126e+21
1260,-5.0208e+21
1863,-5.0236e+21
4090,-5.0313e+21
2132,-5.0335e+21
3596,-5.0452e+21
1996,-5.0503e+21
2465,-5.0519e+21
1182,-5.0645e+21
4398,-5.0682e+21
2464,-5.0771e+21
122,-5.0836e+21
5489,-5.091e+21
611,-5.0955e+21
3417,-5.0982e+21
534,-5.0989e+21
2324,-5.1026e+21
3649,-5.1031e+21
5093,-5.1047e+21
802,-5.1158e+21
1556,-5.1199e+21
3192,-5.1217e+21
1669,-5.1244e+21
5145,-5.1296e+21
5354,-5.1329e+21
2871,-5.1419e+21
1277,-5.1441e+21
4808,-5.1445e+21
843,-5.1474e+21
5190,-5.1514e+21
8,-5.1521e+21
1641,-5.1571e+21
4394,-5.1593e+21
2505,-5.1649e+21
1287,-5.186e+21
3367,-5.1915e+21
1753,-5.1916e+21
2577,-5.1935e+21
5271,-5.1987e+21
4439,-5.2012e+21
828,-5.2032e+21
3838,-5.2083e+21
4415,-5.2087e+21
2620,-5.2128e+21
2235,-5.2541e+21
1547,-5.2545e+21
4450,-5.2551e+21
3296,-5.2655e+21
2120,-5.2738e+21
4271,-5.2744e+21
2042,-5.2925e+21
4105,-5.2952e+21
3064,-5.299e+21
2302,-5.3036e+21
1829,-5.3248e+21
379,-5.3256e+21
79,-5.3269e+21
2441,-5.3292e+21
1736,-5.3325e+21
2422,-5.3403e+21
3113,-5.3449e+21
4929,-5.3511e+21
2608,-5.3642e+21
2427,-5.3786e+21
3606,-5.3788e+21
2866,-5.3945e+21
5403,-5.3985e+21
641,-5.4054e+21
1121,-5.4061e+21
4110,-5.4106e+21
2724,-5.4159e+21
4064,-5.4193e+21
396,-5.4253e+21
3311,-5.4362e+21
5025,-5.4387e+21
1796,-5.4455e+21
5560,-5.4584e+21
1910,-5.4591e+21
5452,-5.4665e+21
4099,-5.4708e+21
4935,-5.4723e+21
167,-5.4757e+21
3750,-5.4807e+21
2844,-5.4839e+21
2928,-5.4973e+21
141,-5.5019e+21
2436,-5.5094e+21
2047,-5.5096e+21
3258,-5.5123e+21
776,-5.5154e+21
1992,-5.5174e+21
5149,-5.5414e+21
1967,-5.55e+21
3598,-5.5506e+21
4471,-5.5662e+21
785,-5.5712e+21
1222,-5.5743e+21
3397,-5.5801e+21
2712,-5.5825e+21
3501,-5.5871e+21
5179,-5.5871e+21
1250,-5.6093e+21
753,-5.6229e+21
3531,-5.6308e+21
3960,-5.6382e+21
4870,-5.64e+21
2809,-5.6458e+21
4856,-5.6622e+21
1836,-5.6648e+21
5028,-5.6779e+21
1380,-5.6797e+21
495,-5.6877e+21
155,-5.6933e+21
3811,-5.7019e+21
1885,-5.7117e+21
2632,-5.7132e+21
800,-5.714e+21
729,-5.7227e+21
1200,-5.7236e+21
1063,-5.728e+21
3344,-5.7331e+21
1939,-5.7383e+21
5229,-5.7441e+21
2934,-5.7742e+21
3123,-5.7743e+21
1642,-5.7769e+21
4603,-5.8069e+21
3443,-5.8089e+21
742,-5.8145e+21
3536,-5.8178e+21
4861,-5.8218e+21
4625,-5.8222e+21
2884,-5.8363e+21
1344,-5.8367e+21
3436,-5.8419e+21
2850,-5.8508e+21
2638,-5.8514e+21
4546,-5.8528e+21
3111,-5.8633e+21
2729,-5.8662e+21
626,-5.8692e+21
496,-5.8716e+21
2984,-5.8721e+21
743,-5.8905e+21
1566,-5.8919e+21
3379,-5.8966e+21
2799,-5.9036e+21
550,-5.9052e+21
1917,-5.9113e+21
2594,-5.9271e+21
2144,-5.9303e+21
4127,-5.9339e+21
3404,-5.9465e+21
5515,-5.9822e+21
4871,-5.9862e+21
3798,-6.0051e+21
4885,-6.0309e+21
3193,-6.0439e+21
3757,-6.0481e+21
1460,-6.0557e+21
4677,-6.0583e+21
5431,-6.0618e+21
5574,-6.0713e+21
1832,-6.0753e+21
2460,-6.1015e+21
2760,-6.1034e+21
2530,-6.1084e+21
308,-6.111e+21
3294,-6.1117e+21
4543,-6.1247e+21
2523,-6.1263e+21
2624,-6.1442e+21
2009,-6.1507e+21
4536,-6.1685e+21
234,-6.1723e+21
1396,-6.1854e+21
799,-6.2074e+21
757,-6.2217e+21
2924,-6.2247e+21
2702,-6.2373e+21
41,-6.2381e+21
453,-6.2447e+21
3540,-6.2585e+21
3025,-6.263e+21
3983,-6.2655e+21
1409,-6.272e+21
360,-6.281e+21
2247,-6.2828e+21
1165,-6.2864e+21
1931,-6.2938e+21
3224,-6.2964e+21
2748,-6.3044e+21
5326,-6.3081e+21
3204,-6.3114e+21
5097,-6.3194e+21
627,-6.337e+21
2981,-6.3519e+21
3749,-6.3623e+21
4265,-6.3884e+21
726,-6.389e+21
3459,-6.4008e+21
2201,-6.4214e+21
1378,-6.4267e+21
4964,-6.4327e+21
2765,-6.4333e+21
3720,-6.4373e+21
658,-6.4553e+21
4372,-6.4593e+21
5537,-6.48e+21
372,-6.4869e+21
635,-6.4961e+21
5425,-6.4973e+21
3486,-6.5009e+21
2043,-6.5039e+21
1248,-6.509e+21
1177,-6.5097e+21
5314,-6.5107e+21
4102,-6.5139e+21
252,-6.5223e+21
2352,-6.5322e+21
794,-6.5502e+21
2076,-6.5519e+21
1760,-6.5521e+21
2279,-6.5526e+21
990,-6.5526e+21
2355,-6.554e+21
4384,-6.5567e+21
4768,-6.5605e+21
4922,-6.5638e+21
2861,-6.5674e+21
2703,-6.5685e+21
1231,-6.5722e+21
516,-6.5741e+21
3989,-6.5807e+21
2909,-6.5866e+21
624,-6.5917e+21
1938,-6.5975e+21
5339,-6.5979e+21
400,-6.6045e+21
2004,-6.6053e+21
2068,-6.6082e+21
4533,-6.6242e+21
3006,-6.6315e+21
166,-6.6446e+21
4436,-6.6642e+21
4327,-6.679e+21
2814,-6.6947e+21
2634,-6.6963e+21
395,-6.7066e+21
1323,-6.7101e+21
2382,-6.7225e+21
1919,-6.7233e+21
3566,-6.7243e+21
3543,-6.7246e+21
5260,-6.732e+21
209,-6.7376e+21
3285,-6.7392e+21
74,-6.7465e+21
3416,-6.7566e+21
1483,-6.7723e+21
491,-6.7764e+21
3751,-6.786e+21
891,-6.7881e+21
1661,-6.7902e+21
510,-6.8052e+21
88,-6.8175e+21
1782,-6.8189e+21
2003,-6.8218e+21
4594,-6.8433e+21
2193,-6.8452e+21
4509,-6.8459e+21
2011,-6.8537e+21
535,-6.8537e+21
2649,-6.8593e+21
1074,-6.8657e+21
3176,-6.8689e+21
3187,-6.8694e+21
4187,-6.8881e+21
5321,-6.9003e+21
2435,-6.902e+21
2329,-6.9047e+21
5218,-6.9185e+21
1120,-6.9353e+21
305,-6.9419e+21
2340,-6.9524e+21
2225,-6.965e+21
5523,-6.9658e+21
3140,-6.9717e+21
2220,-6.984e+21
1308,-6.9874e+21
151,-6.993e+21
469,-6.9955e+21
4066,-7.0278e+21
4278,-7.036e+21
3413,-7.043e+21
4069,-7.0458e+21
3908,-7.0459e+21
1209,-7.0566e+21
4144,-7.0648e+21
5392,-7.0689e+21
3412,-7.0711e+21
4624,-7.0734e+21
3442,-7.0898e+21
1325,-7.0936e+21
4598,-7.0991e+21
3466,-7.1025e+21
1951,-7.1316e+21
3348,-7.1396e+21
1184,-7.1426e+21
2671,-7.145e+21
2509,-7.1505e+21
5513,-7.1613e+21
5158,-7.1621e+21
5030,-7.1659e+21
3703,-7.175e+21
3830,-7.1859e+21
4459,-7.1873e+21
2775,-7.2215e+21
900,-7.2325e+21
5174,-7.2375e+21
1934,-7.2376e+21
1834,-7.2381e+21
747,-7.2425e+21
3305,-7.2485e+21
1388,-7.2603e+21
1326,-7.2622e+21
2353,-7.2791e+21
3385,-7.2906e+21
2289,-7.2959e+21
1488,-7.3176e+21
4240,-7.3231e+21
3916,-7.3254e+21
4817,-7.3405e+21
1133,-7.3441e+21
70,-7.3555e+21
2323,-7.3654e+21
26,-7.3721e+21
1268,-7.3755e+21
5416,-7.3778e+21
3254,-7.4014e+21
937,-7.4037e+21
3248,-7.4083e+21
3452,-7.4181e+21
5521,-7.4194e+21
3335,-7.4368e+21
2273,-7.45e+21
3383,-7.4523e+21
3356,-7.4537e+21
5480,-7.455e+21
5381,-7.4577e+21
4361,-7.4581e+21
4039,-7.461e+21
2863,-7.466e+21
3934,-7.4764e+21
678,-7.4815e+21
3057,-7.4923e+21
1024,-7.5313e+21
94,-7.5363e+21
4211,-7.5372e+21
2682,-7.5478e+21
2532,-7.5581e+21
5000,-7.5735e+21
2936,-7.5748e+21
4628,-7.5814e+21
5194,-7.6019e+21
4438,-7.6042e+21
1294,-7.6087e+21
5401,-7.6109e+21
4671,-7.6149e+21
2880,-7.6296e+21
4317,-7.6361e+21
3646,-7.651e+21
1095,-7.6656e+21
3239,-7.669e+21
3315,-7.6783e+21
4534,-7.6953e+21
2964,-7.6963e+21
2183,-7.6994e+21
4313,-7.7007e+21
3110,-7.7065e+21
2681,-7.7138e+21
4178,-7.7167e+21
3172,-7.7197e+21
347,-7.7238e+21
17,-7.7255e+21
361,-7.7302e+21
1295,-7.7485e+21
254,-7.763e+21
3986,-7.7649e+21
4310,-7.7895e+21
3129,-7.8025e+21
5165,-7.8031e+21
5390,-7.8108e+21
922,-7.8348e+21
5264,-7.8351e+21
4205,-7.8474e+21
2344,-7.8479e+21
4744,-7.8482e+21
2153,-7.849e+21
846,-7.8556e+21
1732,-7.86e+21
3763,-7.8613e+21
4413,-7.8817e+21
3245,-7.8851e+21
1515,-7.8863e+21
565,-7.8875e+21
1991,-7.9001e+21
1106,-7.9087e+21
674,-7.9176e+21
2967,-7.9224e+21
3844,-7.9275e+21
440,-7.9303e+21
1518,-7.9339e+21
2224,-7.9435e+21
4748,-7.9578e+21
3721,-7.9748e+21
1462,-7.9828e+21
3310,-7.9962e+21
5284,-7.9968e+21
3889,-7.9973e+21
3439,-7.9994e+21
3821,-8.0046e+21
4072,-8.0089e+21
3517,-8.0117e+21
3900,-8.0133e+21
4607,-8.0147e+21
4831,-8.025e+21
4810,-8.0299e+21
3914,-8.0305e+21
2361,-8.0541e+21
3433,-8.0559e+21
24,-8.0646e+21
5207,-8.0649e+21
881,-8.0783e+21
4841,-8.0791e+21
2695,-8.0825e+21
2214,-8.0911e+21
4716,-8.0945e+21
5428,-8.096e+21
3327,-8.1139e+21
1100,-8.1154e+21
5205,-8.1202e+21
4129,-8.1332e+21
892,-8.1339e+21
2032,-8.1403e+21
3246,-8.1407e+21
3652,-8.1413e+21
2230,-8.1488e+21
4408,-8.1546e+21
3014,-8.1575e+21
4675,-8.1577e+21
5393,-8.1619e+21
4545,-8.185e+21
2826,-8.1872e+21
3458,-8.1883e+21
4678,-8.2194e+21
3673,-8.2224e+21
1688,-8.2444e+21
1038,-8.2485e+21
4163,-8.2612e+21
5409,-8.2693e+21
5586,-8.275e+21
3728,-8.2877e+21
619,-8.2992e+21
649,-8.3036e+21
2525,-8.3072e+21
2873,-8.3095e+21
5342,-8.3173e+21
4246,-8.323e+21
4316,-8.3293e+21
3621,-8.3358e+21
5274,-8.3362e+21
2510,-8.3466e+21
3133,-8.3593e+21
5388,-8.3616e+21
4840,-8.364e+21
5396,-8.3667e+21
3946,-8.3795e+21
2782,-8.3873e+21
3492,-8.3881e+21
4201,-8.3908e+21
3163,-8.3956e+21
1535,-8.3986e+21
2960,-8.4107e+21
1489,-8.411e+21
756,-8.4111e+21
3864,-8.4128e+21
659,-8.4257e+21
2170,-8.4288e+21
1861,-8.4344e+21
5304,-8.4431e+21
5329,-8.4491e+21
834,-8.4508e+21
732,-8.4579e+21
2667,-8.4604e+21
735,-8.4655e+21
2443,-8.4811e+21
4355,-8.4993e+21
257,-8.5058e+21
1789,-8.5093e+21
4645,-8.5112e+21
935,-8.512e+21
242,-8.5145e+21
2184,-8.5156e+21
1505,-8.5158e+21
2918,-8.5181e+21
1085,-8.5226e+21
1671,-8.5249e+21
487,-8.5303e+21
957,-8.5336e+21
2269,-8.5438e+21
351,-8.5595e+21
1141,-8.574e+21
1160,-8.5753e+21
1714,-8.5783e+21
4195,-8.6053e+21
1585,-8.6104e+21
1605,-8.621e+21
5091,-8.6261e+21
4250,-8.6431e+21
1112,-8.6652e+21
2778,-8.6745e+21
286,-8.6757e+21
5041,-8.6838e+21
385,-8.6883e+21
4522,-8.6959e+21
4133,-8.7019e+21
3881,-8.7104e+21
5244,-8.7274e+21
830,-8.7297e+21
1291,-8.7334e+21
1979,-8.735e+21
5224,-8.7575e+21
3491,-8.7619e+21
1691,-8.7661e+21
965,-8.7728e+21
1596,-8.7746e+21
655,-8.7808e+21
504,-8.7826e+21
2135,-8.8009e+21
4146,-8.8013e+21
3921,-8.8134e+21
4196,-8.8164e+21
1692,-8.8224e+21
2941,-8.83e+21
555,-8.8328e+21
527,-8.8362e+21
1225,-8.8366e+21
3041,-8.8434e+21
5387,-8.8793e+21
2272,-8.8796e+21
1818,-8.8806e+21
1968,-8.886e+21
4593,-8.8864e+21
1987,-8.8899e+21
1047,-8.893e+21
442,-8.9089e+21
2829,-8.9132e+21
1403,-8.9242e+21
5484,-8.9299e+21
106,-8.937e+21
2612,-8.9502e+21
335,-8.9619e+21
4973,-8.9701e+21
5402,-8.9835e+21
2028,-9.0001e+21
5564,-9.0006e+21
1311,-9.0104e+21
4741,-9.0197e+21
1604,-9.026e+21
3498,-9.0266e+21
340,-9.033e+21
3887,-9.0536e+21
786,-9.054e+21
1823,-9.0575e+21
4557,-9.0761e+21
3033,-9.0905e+21
5588,-9.1003e+21
715,-9.1189e+21
689,-9.1202e+21
2137,-9.1254e+21
1064,-9.1404e+21
2810,-9.1473e+21
1513,-9.1485e+21
3607,-9.1489e+21
1028,-9.1729e+21
5283,-9.173e+21
3882,-9.1737e+21
1856,-9.1784e+21
4986,-9.2014e+21
750,-9.2057e+21
3967,-9.213e+21
2774,-9.2174e+21
5347,-9.2194e+21
10,-9.2271e+21
3454,-9.2279e+21
2617,-9.2353e+21
3155,-9.2409e+21
5333,-9.2574e+21
4454,-9.264e+21
2942,-9.3e+21
2108,-9.3096e+21
2104,-9.3115e+21
4966,-9.3128e+21
2039,-9.3232e+21
3262,-9.329e+21
3762,-9.3336e+21
2711,-9.3346e+21
1913,-9.3437e+21
1051,-9.3527e+21
1391,-9.3545e+21
865,-9.3576e+21
4814,-9.3642e+21
3973,-9.3871e+21
4026,-9.3891e+21
2779,-9.395e+21
4708,-9.4008e+21
920,-9.408e+21
1551,-9.4118e+21
4229,-9.4192e+21
5472,-9.4232e+21
4642,-9.426e+21
4145,-9.4407e+21
1013,-9.4451e+21
295,-9.4563e+21
2892,-9.4592e+21
1563,-9.4657e+21
1312,-9.4669e+21
337,-9.4688e+21
4785,-9.4884e+21
5147,-9.4989e+21
3444,-9.5206e+21
3674,-9.5234e+21
1921,-9.5268e+21
3671,-9.5279e+21
1073,-9.5352e+21
2400,-9.5472e+21
4596,-9.5473e+21
791,-9.5496e+21
2109,-9.5638e+21
2736,-9.5655e+21
2165,-9.5679e+21
5154,-9.5741e+21
1146,-9.5784e+21
3556,-9.5893e+21
2101,-9.5985e+21
481,-9.6013e+21
104,-9.6031e+21
5163,-9.6095e+21
2504,-9.6177e+21
5071,-9.628e+21
5551,-9.6292e+21
4702,-9.65e+21
3051,-9.6625e+21
5557,-9.6629e+21
3786,-9.6722e+21
1889,-9.6728e+21
3999,-9.6744e+21
2284,-9.6764e+21
1048,-9.6765e+21
4631,-9.6789e+21
1711,-9.6867e+21
5437,-9.6894e+21
3950,-9.7065e+21
1747,-9.7134e+21
406,-9.72e+21
2919,-9.7503e+21
3777,-9.7531e+21
5576,-9.7532e+21
4493,-9.7555e+21
3477,-9.7564e+21
5320,-9.7604e+21
1924,-9.7741e+21
5492,-9.778e+21
1776,-9.7791e+21
437,-9.7851e+21
4890,-9.7881e+21
2150,-9.7955e+21
2607,-9.798e+21
394,-9.8062e+21
3744,-9.8269e+21
2478,-9.827e+21
4688,-9.8464e+21
3814,-9.871e+21
1699,-9.8733e+21
5358,-9.8977e+21
3516,-9.9013e+21
5365,-9.9064e+21
1805,-9.9119e+21
3108,-9.917e+21
3706,-9.9303e+21
3827,-9.9321e+21
371,-9.9332e+21
2512,-9.9466e+21
3565,-9.9528e+21
2387,-9.9635e+21
2202,-9.9644e+21
3328,-9.9829e+21
3846,-9.9942e+21
3382,-9.9946e+21
1332,-1.0001e+22
748,-1.0002e+22
3632,-1.0018e+22
4452,-1.0022e+22
145,-1.0038e+22
4886,-1.0044e+22
1214,-1.0057e+22
3567,-1.006e+22
765,-1.0075e+22
5113,-1.0083e+22
1552,-1.0085e+22
4466,-1.0095e+22
3789,-1.0105e+22
4551,-1.0128e+22
1408,-1.0135e+22
3718,-1.0138e+22
1036,-1.0141e+22
4955,-1.0148e+22
1785,-1.0166e+22
3657,-1.0189e+22
4979,-1.0197e+22
2383,-1.0206e+22
1976,-1.0215e+22
5585,-1.0215e+22
189,-1.0219e+22
796,-1.022e+22
1369,-1.0224e+22
3745,-1.0225e+22
4077,-1.0225e+22
1865,-1.0226e+22
4897,-1.0229e+22
4920,-1.023e+22
4923,-1.0234e+22
5319,-1.024e+22
2764,-1.0243e+22
2139,-1.0243e+22
1635,-1.0272e+22
1443,-1.0283e+22
1412,-1.0289e+22
1627,-1.0321e+22
4282,-1.0322e+22
989,-1.033e+22
3631,-1.0346e+22
1787,-1.0357e+22
1,-1.036e+22
66,-1.0364e+22
3969,-1.037e+22
4473,-1.037e+22
722,-1.0386e+22
25,-1.0387e+22
2843,-1.0411e+22
2215,-1.0419e+22
320,-1.0439e+22
1915,-1.0441e+22
2513,-1.0459e+22
5445,-1.0463e+22
3863,-1.048e+22
3913,-1.0488e+22
273,-1.0501e+22
3009,-1.0505e+22
3236,-1.0505e+22
5498,-1.0511e+22
4765,-1.0519e+22
919,-1.0526e+22
3229,-1.0536e+22
4584,-1.0543e+22
1361,-1.0545e+22
2301,-1.0547e+22
3400,-1.0565e+22
4458,-1.0565e+22
1131,-1.0568e+22
1625,-1.0582e+22
553,-1.0583e+22
5230,-1.061e+22
226,-1.0611e+22
2346,-1.0618e+22
5307,-1.0633e+22
2518,-1.0637e+22
4117,-1.0642e+22
4182,-1.0657e+22
907,-1.066e+22
5047,-1.0662e+22
5156,-1.0665e+22
3901,-1.0665e+22
3055,-1.0675e+22
4430,-1.0677e+22
2972,-1.0696e+22
3256,-1.07e+22
5062,-1.0702e+22
1414,-1.0702e+22
3003,-1.0706e+22
1437,-1.0709e+22
1314,-1.0724e+22
2373,-1.0731e+22
1704,-1.0737e+22
4901,-1.0738e+22
3686,-1.0741e+22
3569,-1.075e+22
2482,-1.0752e+22
4286,-1.0754e+22
497,-1.0759e+22
2221,-1.0763e+22
4825,-1.0764e+22
5266,-1.077e+22
2733,-1.077e+22
5125,-1.0771e+22
631,-1.0775e+22
998,-1.0784e+22
5312,-1.0788e+22
2804,-1.0804e+22
4073,-1.0805e+22
792,-1.0809e+22
981,-1.0823e+22
2404,-1.0828e+22
584,-1.0832e+22
1700,-1.0839e+22
2824,-1.0848e+22
417,-1.0848e+22
4850,-1.0864e+22
2337,-1.087e+22
2472,-1.0874e+22
1434,-1.0884e+22
1577,-1.0895e+22
4827,-1.0931e+22
4933,-1.0933e+22
4263,-1.0935e+22
1114,-1.0944e+22
117,-1.0948e+22
2570,-1.0969e+22
4042,-1.097e+22
5014,-1.0986e+22
5438,-1.0988e+22
2006,-1.0995e+22
2288,-1.1e+22
4011,-1.1004e+22
979,-1.1016e+22
3212,-1.1022e+22
3330,-1.1038e+22
4936,-1.1046e+22
1272,-1.1063e+22
2664,-1.1069e+22
2674,-1.107e+22
36,-1.1075e+22
3409,-1.1077e+22
5042,-1.108e+22
2563,-1.1081e+22
1077,-1.1085e+22
1620,-1.1086e+22
35,-1.1096e+22
5069,-1.1097e+22
4722,-1.1107e+22
1907,-1.1112e+22
3548,-1.1115e+22
2565,-1.1118e+22
4502,-1.1125e+22
4672,-1.1126e+22
480,-1.1135e+22
2088,-1.1137e+22
2092,-1.114e+22
4119,-1.1147e+22
4465,-1.1152e+22
1203,-1.1173e+22
5398,-1.1181e+22
962,-1.1191e+22
1682,-1.1222e+22
4268,-1.1227e+22
1955,-1.1235e+22
4212,-1.1235e+22
39,-1.1235e+22
5064,-1.1246e+22
1855,-1.1263e+22
312,-1.1271e+22
4591,-1.1274e+22
4700,-1.1279e+22
5345,-1.1281e+22
2549,-1.1282e+22
2298,-1.1291e+22
200,-1.1293e+22
1072,-1.1295e+22
154,-1.1302e+22
165,-1.1337e+22
4860,-1.1346e+22
1901,-1.1352e+22
1082,-1.1368e+22
3406,-1.1372e+22
2270,-1.139e+22
5203,-1.1392e+22
3663,-1.1393e+22
3499,-1.1401e+22
4962,-1.1402e+22
3772,-1.1406e+22
4380,-1.1422e+22
3160,-1.1422e+22
1493,-1.1425e+22
2145,-1.1443e+22
5248,-1.1444e+22
5059,-1.1444e+22
1946,-1.1453e+22
1567,-1.1466e+22
3761,-1.1466e+22
4937,-1.148e+22
2189,-1.1481e+22
5054,-1.1483e+22
3095,-1.1493e+22
3515,-1.1494e+22
2049,-1.1498e+22
4771,-1.1503e+22
4085,-1.1504e+22
1042,-1.1515e+22
318,-1.1546e+22
5192,-1.1547e+22
4610,-1.1549e+22
71,-1.1555e+22
520,-1.1564e+22
564,-1.1568e+22
1061,-1.1581e+22
2330,-1.1581e+22
1479,-1.1581e+22
4757,-1.1583e+22
4200,-1.1598e+22
3938,-1.1601e+22
4583,-1.1603e+22
4365,-1.1625e+22
3947,-1.1628e+22
1728,-1.1628e+22
3350,-1.1642e+22
2922,-1.1648e+22
1640,-1.1664e+22
3840,-1.1665e+22
2173,-1.1669e+22
1135,-1.1673e+22
4325,-1.1675e+22
1334,-1.1686e+22
5313,-1.1698e+22
4723,-1.171e+22
532,-1.172e+22
1402,-1.1723e+22
5148,-1.1731e+22
662,-1.1732e+22
1172,-1.1751e+22
4446,-1.1769e+22
1023,-1.1778e+22
4609,-1.1797e+22
1679,-1.1803e+22
3062,-1.1815e+22
3207,-1.1816e+22
3868,-1.1817e+22
1609,-1.182e+22
2586,-1.1828e+22
362,-1.1837e+22
5286,-1.1838e+22
4665,-1.1839e+22
4255,-1.1853e+22
1794,-1.1857e+22
4694,-1.1857e+22
784,-1.1866e+22
73,-1.1872e+22
1755,-1.1872e+22
1359,-1.1874e+22
7,-1.1894e+22
4311,-1.1899e+22
1932,-1.191e+22
202,-1.1916e+22
991,-1.1928e+22
2105,-1.193e+22
3317,-1.1932e+22
4947,-1.1941e+22
1639,-1.1952e+22
2107,-1.1964e+22
568,-1.1968e+22
325,-1.1971e+22
885,-1.198e+22
1531,-1.198e+22
1536,-1.1981e+22
3741,-1.1982e+22
5483,-1.1996e+22
1144,-1.2008e+22
1419,-1.2008e+22
544,-1.2012e+22
1697,-1.2016e+22
2358,-1.2026e+22
5399,-1.2044e+22
467,-1.2046e+22
484,-1.2053e+22
5501,-1.2057e+22
2688,-1.207e+22
5376,-1.2089e+22
2784,-1.209e+22
3992,-1.2101e+22
1192,-1.2108e+22
4698,-1.2113e+22
4862,-1.2114e+22
837,-1.2117e+22
1297,-1.2125e+22
804,-1.2125e+22
4813,-1.2129e+22
2149,-1.2134e+22
1103,-1.2136e+22
1989,-1.2138e+22
1008,-1.2139e+22
953,-1.2156e+22
3618,-1.2168e+22
1960,-1.2203e+22
5200,-1.2204e+22
23,-1.2213e+22
847,-1.2218e+22
1421,-1.2219e+22
874,-1.2219e+22
1730,-1.2228e+22
4608,-1.2229e+22
1302,-1.223e+22
1350,-1.225e+22
5256,-1.2253e+22
5151,-1.2254e+22
1696,-1.2254e+22
1723,-1.2256e+22
338,-1.2261e+22
1229,-1.2272e+22
788,-1.2278e+22
2982,-1.2288e+22
1557,-1.2293e+22
4474,-1.2293e+22
682,-1.2302e+22
4172,-1.2302e+22
1223,-1.2303e+22
112,-1.2311e+22
3858,-1.2318e+22
4301,-1.2319e+22
960,-1.2322e+22
1143,-1.2336e+22
3468,-1.2338e+22
3083,-1.2338e+22
3457,-1.2349e+22
4223,-1.2379e+22
872,-1.2388e+22
2278,-1.2406e+22
4067,-1.2435e+22
817,-1.2437e+22
4241,-1.244e+22
3782,-1.244e+22
1494,-1.2442e+22
5249,-1.2446e+22
2457,-1.2448e+22
2119,-1.245e+22
434,-1.2454e+22
2448,-1.2465e+22
721,-1.2476e+22
2304,-1.248e+22
3226,-1.2494e+22
5276,-1.2501e+22
3329,-1.2507e+22
647,-1.2516e+22
3688,-1.2529e+22
1037,-1.2534e+22
2433,-1.2555e+22
311,-1.2555e+22
2257,-1.2564e+22
704,-1.2569e+22
4958,-1.2582e+22
4289,-1.2608e+22
1035,-1.2623e+22
1647,-1.2625e+22
530,-1.2634e+22
2710,-1.2645e+22
4469,-1.2645e+22
1534,-1.2651e+22
1598,-1.2656e+22
1926,-1.2658e+22
2793,-1.2663e+22
3519,-1.2678e+22
4946,-1.268e+22
3293,-1.2683e+22
5216,-1.2692e+22
3182,-1.2693e+22
426,-1.2694e+22
2499,-1.2699e+22
2322,-1.2723e+22
1400,-1.2728e+22
5247,-1.2731e+22
1568,-1.2747e+22
5236,-1.2748e+22
4573,-1.2749e+22
4329,-1.2761e+22
3313,-1.2762e+22
3431,-1.277e+22
1404,-1.2772e+22
4767,-1.2777e+22
282,-1.2783e+22
3980,-1.2784e+22
5233,-1.2784e+22
526,-1.2784e+22
4565,-1.28e+22
2399,-1.2811e+22
5554,-1.2812e+22
298,-1.2812e+22
1497,-1.2812e+22
4368,-1.2817e+22
2600,-1.2827e+22
3130,-1.283e+22
2299,-1.2832e+22
1399,-1.2836e+22
734,-1.2844e+22
1310,-1.2846e+22
5227,-1.2862e+22
2275,-1.2862e+22
4332,-1.2863e+22
2541,-1.2866e+22
1053,-1.2872e+22
4857,-1.2875e+22
4772,-1.2879e+22
1286,-1.2895e+22
2181,-1.2903e+22
2218,-1.2923e+22
72,-1.2935e+22
787,-1.2942e+22
2641,-1.2958e+22
4442,-1.296e+22
4579,-1.2962e+22
4387,-1.2962e+22
588,-1.2999e+22
1949,-1.3e+22
645,-1.3006e+22
408,-1.3006e+22
3024,-1.3012e+22
4164,-1.3012e+22
2050,-1.3016e+22
2651,-1.3021e+22
1550,-1.3022e+22
2998,-1.3047e+22
4293,-1.3052e+22
3956,-1.3053e+22
4900,-1.3061e+22
303,-1.3065e+22
2640,-1.3069e+22
4990,-1.3099e+22
1205,-1.3099e+22
3787,-1.3104e+22
2080,-1.3106e+22
3381,-1.3119e+22
3883,-1.3121e+22
5058,-1.3133e+22
5292,-1.3141e+22
3049,-1.3142e+22
5287,-1.3146e+22
5221,-1.3158e+22
2339,-1.32e+22
4299,-1.322e+22
1853,-1.3227e+22
3668,-1.3232e+22
741,-1.3245e+22
3425,-1.3268e+22
3389,-1.3269e+22
3044,-1.3283e+22
5411,-1.3285e+22
749,-1.3298e+22
1937,-1.3298e+22
1226,-1.3306e+22
444,-1.3313e+22
857,-1.3313e+22
3306,-1.3337e+22
4798,-1.334e+22
4753,-1.3343e+22
2589,-1.3344e+22
1686,-1.3344e+22
1942,-1.3345e+22
1712,-1.3346e+22
3099,-1.335e+22
878,-1.335e+22
3679,-1.3353e+22
1365,-1.3354e+22
1065,-1.3369e+22
353,-1.3371e+22
4306,-1.3429e+22
3909,-1.3431e+22
578,-1.3432e+22
3117,-1.3442e+22
528,-1.3447e+22
2171,-1.3449e+22
309,-1.3455e+22
2033,-1.3461e+22
2471,-1.3469e+22
3476,-1.3472e+22
1362,-1.3475e+22
1204,-1.3484e+22
4575,-1.3497e+22
4,-1.3503e+22
2886,-1.3513e+22
4015,-1.3519e+22
4526,-1.3527e+22
4950,-1.3527e+22
1947,-1.3543e+22
2656,-1.3543e+22
2728,-1.3548e+22
5167,-1.3559e+22
1337,-1.3566e+22
1232,-1.3579e+22
666,-1.3585e+22
4207,-1.3593e+22
354,-1.3594e+22
5580,-1.3597e+22
324,-1.36e+22
2237,-1.3605e+22
3060,-1.3615e+22
1245,-1.3631e+22
3928,-1.3641e+22
652,-1.3644e+22
185,-1.3651e+22
5127,-1.3655e+22
5272,-1.3656e+22
4161,-1.3665e+22
676,-1.3686e+22
1255,-1.369e+22
205,-1.37e+22
1238,-1.3702e+22
2911,-1.3715e+22
4921,-1.3725e+22
4951,-1.3726e+22
3523,-1.374e+22
1099,-1.376e+22
500,-1.3771e+22
551,-1.3773e+22
3453,-1.3777e+22
3692,-1.3784e+22
4104,-1.3785e+22
2413,-1.3797e+22
679,-1.38e+22
4004,-1.3803e+22
4305,-1.3824e+22
976,-1.3833e+22
105,-1.3838e+22
1864,-1.3843e+22
2969,-1.3878e+22
2825,-1.3885e+22
3100,-1.3886e+22
3723,-1.3893e+22
811,-1.3905e+22
3713,-1.3934e+22
4080,-1.3937e+22
3974,-1.3954e+22
1815,-1.3957e+22
5385,-1.3968e+22
591,-1.397e+22
1384,-1.397e+22
3004,-1.3971e+22
4264,-1.3972e+22
1318,-1.3979e+22
4084,-1.3991e+22
2899,-1.4001e+22
5531,-1.4012e+22
2699,-1.4015e+22
2369,-1.4022e+22
2556,-1.4028e+22
4426,-1.4049e+22
4482,-1.4051e+22
3026,-1.4059e+22
2449,-1.4064e+22
644,-1.4082e+22
4508,-1.4095e+22
603,-1.41e+22
3506,-1.4101e+22
4371,-1.4103e+22
3386,-1.4118e+22
2016,-1.4122e+22
4028,-1.4134e+22
475,-1.4135e+22
608,-1.4138e+22
5126,-1.4141e+22
670,-1.4142e+22
1464,-1.4159e+22
3196,-1.4162e+22
4948,-1.4172e+22
4691,-1.4173e+22
1439,-1.4173e+22
582,-1.418e+22
4242,-1.4182e+22
2867,-1.4194e+22
3609,-1.4197e+22
4226,-1.4199e+22
381,-1.42e+22
1553,-1.4214e+22
2217,-1.4218e+22
5012,-1.4219e+22
1017,-1.4221e+22
2976,-1.4227e+22
2592,-1.4227e+22
2893,-1.4246e+22
3107,-1.4256e+22
1956,-1.4276e+22
1139,-1.4278e+22
4777,-1.4278e+22
2743,-1.428e+22
827,-1.4288e+22
946,-1.4289e+22
2295,-1.4289e+22
233,-1.4296e+22
914,-1.4305e+22
2678,-1.431e+22
2432,-1.4323e+22
1538,-1.4324e+22
3393,-1.434e+22
2082,-1.4351e+22
3290,-1.4352e+22
1473,-1.4369e+22
61,-1.4386e+22
5344,-1.4388e+22
3776,-1.4394e+22
3805,-1.442e+22
5596,-1.4424e+22
2456,-1.4427e+22
3578,-1.4429e+22
1227,-1.443e+22
248,-1.4437e+22
130,-1.4442e+22
1466,-1.4456e+22
3653,-1.4459e+22
3623,-1.4468e+22
1589,-1.447e+22
5330,-1.447e+22
1667,-1.4471e+22
930,-1.4476e+22
4674,-1.4481e+22
5015,-1.4492e+22
3395,-1.4492e+22
2988,-1.4499e+22
4115,-1.4508e+22
3054,-1.4521e+22
1715,-1.4535e+22
4449,-1.4536e+22
3186,-1.4545e+22
3164,-1.4547e+22
3819,-1.4547e+22
5101,-1.4549e+22
2596,-1.4585e+22
4403,-1.4587e+22
4895,-1.4602e+22
536,-1.4604e+22
3925,-1.4607e+22
2713,-1.4616e+22
3998,-1.4625e+22
3660,-1.4626e+22
4881,-1.4639e+22
1033,-1.4644e+22
4616,-1.465e+22
2860,-1.4652e+22
1514,-1.4664e+22
4999,-1.467e+22
1300,-1.4691e+22
4701,-1.4692e+22
1271,-1.4694e+22
3788,-1.4697e+22
1062,-1.4707e+22
3243,-1.4716e+22
4025,-1.472e+22
4451,-1.473e+22
854,-1.4735e+22
4889,-1.4737e+22
4576,-1.4741e+22
3039,-1.4742e+22
3716,-1.4743e+22
918,-1.4754e+22
3333,-1.4769e+22
404,-1.4778e+22
2877,-1.4798e+22
949,-1.4818e+22
3859,-1.482e+22
3848,-1.4824e+22
4776,-1.4828e+22
1217,-1.4829e+22
3154,-1.4836e+22
4485,-1.4839e+22
3775,-1.485e+22
3583,-1.485e+22
1511,-1.4852e+22
2283,-1.487e+22
4362,-1.4892e+22
3961,-1.4905e+22
928,-1.4908e+22
4997,-1.4913e+22
1703,-1.4919e+22
2014,-1.4938e+22
2758,-1.4944e+22
630,-1.4944e+22
4270,-1.4949e+22
1196,-1.4956e+22
2029,-1.4966e+22
2757,-1.498e+22
4382,-1.4987e+22
229,-1.4988e+22
927,-1.4993e+22
1603,-1.4996e+22
2494,-1.4997e+22
5348,-1.5e+22
1075,-1.5006e+22
3034,-1.5013e+22
2084,-1.5019e+22
5467,-1.5032e+22
845,-1.5032e+22
5245,-1.5034e+22
3571,-1.5035e+22
2780,-1.5045e+22
3488,-1.5057e+22
856,-1.5076e+22
4143,-1.5086e+22
533,-1.5088e+22
4883,-1.5102e+22
3601,-1.5114e+22
2735,-1.5118e+22
3337,-1.5119e+22
5153,-1.5133e+22
2133,-1.5135e+22
783,-1.5139e+22
2300,-1.514e+22
3700,-1.5143e+22
897,-1.5144e+22
4963,-1.5149e+22
216,-1.5155e+22
4197,-1.5155e+22
4940,-1.5171e+22
4942,-1.5182e+22
4843,-1.5184e+22
3746,-1.52e+22
3340,-1.5203e+22
187,-1.5204e+22
2336,-1.5206e+22
3284,-1.5211e+22
4984,-1.5212e+22
5587,-1.5223e+22
4074,-1.5234e+22
2669,-1.5275e+22
375,-1.5278e+22
4668,-1.528e+22
4213,-1.5286e+22
3878,-1.5299e+22
1998,-1.5305e+22
3831,-1.5311e+22
3261,-1.5318e+22
581,-1.5324e+22
3945,-1.5327e+22
2260,-1.5327e+22
1746,-1.5334e+22
2240,-1.5342e+22
606,-1.535e+22
1622,-1.5359e+22
2034,-1.5397e+22
5225,-1.5405e+22
2870,-1.5409e+22
3180,-1.5412e+22
972,-1.542e+22
1628,-1.5424e+22
1645,-1.5434e+22
5462,-1.5454e+22
4696,-1.5458e+22
4050,-1.5466e+22
4147,-1.547e+22
2772,-1.5503e+22
4209,-1.5506e+22
5570,-1.5515e+22
1733,-1.5525e+22
1019,-1.5528e+22
769,-1.5534e+22
2320,-1.5536e+22
4587,-1.5543e+22
3045,-1.5549e+22
3641,-1.5556e+22
3410,-1.5556e+22
3448,-1.5563e+22
5037,-1.5565e+22
5270,-1.5567e+22
390,-1.5572e+22
3799,-1.5574e+22
407,-1.5585e+22
1183,-1.5586e+22
3560,-1.5587e+22
3346,-1.5588e+22
2064,-1.5615e+22
4531,-1.5621e+22
5004,-1.5623e+22
5164,-1.5624e+22
1469,-1.5639e+22
3220,-1.5645e+22
738,-1.5653e+22
5173,-1.5654e+22
2462,-1.5664e+22
5308,-1.5674e+22
1631,-1.5682e+22
2591,-1.5688e+22
19,-1.5694e+22
2204,-1.5712e+22
3628,-1.5713e+22
310,-1.5721e+22
1873,-1.5731e+22
4606,-1.5749e+22
3080,-1.577e+22
2496,-1.5781e+22
871,-1.5787e+22
2939,-1.5788e+22
4167,-1.5798e+22
563,-1.5805e+22
2467,-1.5808e+22
1734,-1.5809e+22
4467,-1.581e+22
3633,-1.5837e+22
3494,-1.5858e+22
438,-1.5861e+22
540,-1.5874e+22
2377,-1.5875e+22
1186,-1.5883e+22
4924,-1.5897e+22
4136,-1.5906e+22
245,-1.5909e+22
1958,-1.5911e+22
4562,-1.5913e+22
3991,-1.5935e+22
4302,-1.5948e+22
3093,-1.5952e+22
5473,-1.5969e+22
461,-1.5977e+22
3845,-1.5979e+22
968,-1.6003e+22
3847,-1.6006e+22
3364,-1.601e+22
5001,-1.6016e+22
1306,-1.6036e+22
3576,-1.6036e+22
586,-1.6047e+22
5463,-1.6053e+22
4186,-1.6061e+22
4542,-1.6061e+22
3098,-1.6103e+22
1126,-1.6111e+22
633,-1.6113e+22
3659,-1.6119e+22
2787,-1.6121e+22
5257,-1.6124e+22
646,-1.6139e+22
2961,-1.6142e+22
1088,-1.6159e+22
3205,-1.6164e+22
1899,-1.6171e+22
4251,-1.6187e+22
4501,-1.6194e+22
2582,-1.6197e+22
4891,-1.6208e+22
4917,-1.622e+22
1813,-1.6227e+22
2789,-1.6229e+22
3484,-1.6233e+22
5426,-1.6242e+22
2751,-1.6247e+22
4563,-1.6263e+22
148,-1.6265e+22
4340,-1.6274e+22
4093,-1.6274e+22
2312,-1.6278e+22
1199,-1.6281e+22
3390,-1.6282e+22
2142,-1.6289e+22
2693,-1.6305e+22
838,-1.6305e+22
3813,-1.631e+22
1918,-1.6323e+22
445,-1.6325e+22
5442,-1.6338e+22
1670,-1.6342e+22
2342,-1.6356e+22
3880,-1.6368e+22
2790,-1.6371e+22
2997,-1.6378e+22
4572,-1.638e+22
2196,-1.6397e+22
4761,-1.6415e+22
3058,-1.642e+22
4040,-1.6421e+22
4218,-1.6448e+22
482,-1.6455e+22
1401,-1.6457e+22
1517,-1.6461e+22
464,-1.6467e+22
2691,-1.6468e+22
594,-1.6477e+22
1571,-1.6482e+22
1233,-1.6484e+22
4680,-1.6487e+22
4150,-1.6491e+22
3352,-1.6497e+22
4108,-1.6501e+22
4818,-1.653e+22
3568,-1.653e+22
2801,-1.6564e+22
958,-1.6565e+22
2502,-1.6583e+22
1356,-1.6601e+22
1157,-1.6608e+22
3188,-1.6612e+22
4760,-1.6616e+22
1892,-1.6617e+22
2526,-1.6619e+22
3012,-1.6651e+22
465,-1.6655e+22
5478,-1.6655e+22
3507,-1.6674e+22
4983,-1.6685e+22
2372,-1.6686e+22
3797,-1.6689e+22
4754,-1.6695e+22
2714,-1.6697e+22
1093,-1.6707e+22
5105,-1.6708e+22
5186,-1.6717e+22
4445,-1.6731e+22
1637,-1.6743e+22
3373,-1.6748e+22
4735,-1.6756e+22
2417,-1.6759e+22
2238,-1.6759e+22
1487,-1.6761e+22
569,-1.678e+22
4627,-1.6782e+22
774,-1.6789e+22
5324,-1.6797e+22
193,-1.6801e+22
346,-1.6808e+22
4941,-1.6819e+22
3544,-1.6832e+22
2222,-1.6837e+22
1773,-1.6844e+22
2761,-1.685e+22
665,-1.6862e+22
702,-1.6869e+22
2103,-1.6876e+22
5357,-1.689e+22
3437,-1.6893e+22
961,-1.6897e+22
3279,-1.6898e+22
439,-1.6905e+22
3626,-1.6919e+22
499,-1.692e+22
5456,-1.6929e+22
3240,-1.6941e+22
4097,-1.6942e+22
2192,-1.6944e+22
3781,-1.6952e+22
3563,-1.6961e+22
3577,-1.6965e+22
213,-1.6967e+22
2205,-1.6969e+22
1102,-1.6981e+22
1128,-1.6991e+22
4075,-1.6997e+22
2402,-1.7e+22
4837,-1.7037e+22
5427,-1.7039e+22
5414,-1.7054e+22
739,-1.7057e+22
3549,-1.7058e+22
370,-1.7058e+22
462,-1.7061e+22
2264,-1.7062e+22
531,-1.7067e+22
5048,-1.7086e+22
4746,-1.709e+22
809,-1.7096e+22
4880,-1.7106e+22
5335,-1.7107e+22
2572,-1.7156e+22
974,-1.7158e+22
4684,-1.7164e+22
2951,-1.7165e+22
2168,-1.7168e+22
2498,-1.7169e+22
343,-1.7182e+22
3449,-1.7192e+22
572,-1.7224e+22
2121,-1.723e+22
3070,-1.7238e+22
3195,-1.7253e+22
38,-1.7259e+22
1751,-1.7259e+22
780,-1.7287e+22
2520,-1.7292e+22
4244,-1.7305e+22
494,-1.7306e+22
2406,-1.7306e+22
1838,-1.7321e+22
3907,-1.7321e+22
3159,-1.7322e+22
1994,-1.7324e+22
4968,-1.7325e+22
1422,-1.733e+22
4800,-1.7354e+22
5371,-1.7354e+22
5027,-1.736e+22
4128,-1.7361e+22
3592,-1.7364e+22
5449,-1.7377e+22
1928,-1.7377e+22
2555,-1.7381e+22
2487,-1.7388e+22
1961,-1.7397e+22
3647,-1.7398e+22
5152,-1.7409e+22
893,-1.741e+22
149,-1.7423e+22
1740,-1.7436e+22
3142,-1.7448e+22
2583,-1.745e+22
4873,-1.7452e+22
1142,-1.7452e+22
3324,-1.7454e+22
3619,-1.7455e+22
5067,-1.7455e+22
1602,-1.7468e+22
5443,-1.7489e+22
1164,-1.75e+22
3643,-1.7506e+22
1083,-1.7511e+22
983,-1.7519e+22
420,-1.7527e+22
4867,-1.7549e+22
4437,-1.7554e+22
3884,-1.7564e+22
4132,-1.7568e+22
4654,-1.7572e+22
3106,-1.7587e+22
5211,-1.7601e+22
1977,-1.7614e+22
2362,-1.7622e+22
2179,-1.7626e+22
1166,-1.7639e+22
2023,-1.7639e+22
5049,-1.7641e+22
889,-1.766e+22
3490,-1.7666e+22
1759,-1.7672e+22
890,-1.7678e+22
2020,-1.7692e+22
2476,-1.7698e+22
1346,-1.7699e+22
212,-1.7702e+22
2356,-1.7716e+22
2737,-1.7716e+22
617,-1.7727e+22
4538,-1.7735e+22
4022,-1.7738e+22
2857,-1.7741e+22
3181,-1.7746e+22
204,-1.7749e+22
876,-1.7753e+22
3620,-1.7775e+22
5461,-1.7784e+22
5527,-1.7786e+22
3040,-1.7787e+22
1212,-1.7798e+22
3203,-1.7818e+22
966,-1.7824e+22
4257,-1.7829e+22
4807,-1.7834e+22
1136,-1.7841e+22
2552,-1.7845e+22
29,-1.7858e+22
973,-1.7863e+22
2078,-1.7866e+22
2410,-1.7886e+22
2573,-1.7895e+22
1972,-1.7901e+22
559,-1.7907e+22
1742,-1.7918e+22
4660,-1.792e+22
877,-1.792e+22
2226,-1.7925e+22
512,-1.7946e+22
2271,-1.7949e+22
2085,-1.7956e+22
5355,-1.7962e+22
4619,-1.7966e+22
2438,-1.7969e+22
1115,-1.797e+22
143,-1.8007e+22
1636,-1.801e+22
3585,-1.8014e+22
5159,-1.8044e+22
412,-1.8044e+22
795,-1.806e+22
2938,-1.807e+22
178,-1.8074e+22
4116,-1.8084e+22
4820,-1.8126e+22
300,-1.8129e+22
2605,-1.8138e+22
1718,-1.8141e+22
3579,-1.8148e+22
2256,-1.8152e+22
268,-1.8154e+22
4013,-1.816e+22
277,-1.8164e+22
85,-1.8178e+22
2940,-1.818e+22
3736,-1.8182e+22
4689,-1.8185e+22
3434,-1.82e+22
3912,-1.8205e+22
1000,-1.8214e+22
1122,-1.8217e+22
1031,-1.8274e+22
1448,-1.8275e+22
1349,-1.8278e+22
1167,-1.8278e+22
908,-1.8279e+22
3634,-1.8289e+22
814,-1.8298e+22
2636,-1.8304e+22
4535,-1.831e+22
3210,-1.8324e+22
708,-1.8324e+22
3347,-1.8332e+22
3321,-1.8332e+22
3304,-1.834e+22
15,-1.8342e+22
3242,-1.8352e+22
3729,-1.8358e+22
1459,-1.8358e+22
523,-1.838e+22
1997,-1.8405e+22
113,-1.8425e+22
5465,-1.8442e+22
5413,-1.8444e+22
2114,-1.8451e+22
3211,-1.8453e+22
5282,-1.8454e+22
5107,-1.8459e+22
2537,-1.8466e+22
1263,-1.847e+22
22,-1.8504e+22
1878,-1.8505e+22
4142,-1.8506e+22
1653,-1.8528e+22
1395,-1.853e+22
4888,-1.8534e+22
5370,-1.8535e+22
1882,-1.8542e+22
89,-1.8542e+22
4842,-1.8545e+22
4109,-1.8555e+22
3773,-1.8569e+22
4732,-1.8583e+22
1364,-1.8586e+22
1025,-1.8589e+22
3202,-1.8591e+22
2819,-1.8631e+22
3873,-1.8641e+22
515,-1.8642e+22
3760,-1.8662e+22
1440,-1.8666e+22
2207,-1.8676e+22
2540,-1.8678e+22
4054,-1.8683e+22
2994,-1.8684e+22
4821,-1.8704e+22
822,-1.8705e+22
5568,-1.8706e+22
1413,-1.8707e+22
3910,-1.8717e+22
206,-1.8734e+22
2627,-1.8754e+22
3562,-1.8756e+22
3005,-1.8756e+22
3325,-1.8765e+22
5293,-1.877e+22
5309,-1.8794e+22
2816,-1.8795e+22
11,-1.8801e+22
4035,-1.881e+22
4912,-1.8819e+22
459,-1.8819e+22
4506,-1.8827e+22
5397,-1.8862e+22
4811,-1.8869e+22
3979,-1.8872e+22
4931,-1.8875e+22
1529,-1.8878e+22
2986,-1.8881e+22
1930,-1.8882e+22
5084,-1.8884e+22
3319,-1.889e+22
123,-1.8896e+22
3234,-1.89e+22
3919,-1.89e+22
4323,-1.8919e+22
4379,-1.893e+22
4420,-1.8935e+22
2680,-1.8944e+22
1646,-1.8945e+22
4918,-1.8953e+22
4719,-1.8953e+22
605,-1.8961e+22
1676,-1.8975e+22
1561,-1.8981e+22
2792,-1.8987e+22
2447,-1.8989e+22
2375,-1.9005e+22
4893,-1.9006e+22
4982,-1.9035e+22
1920,-1.9036e+22
4292,-1.9038e+22
2842,-1.9048e+22
1446,-1.905e+22
4805,-1.9052e+22
2111,-1.9055e+22
2488,-1.906e+22
3238,-1.9062e+22
2906,-1.9088e+22
1129,-1.9089e+22
950,-1.9102e+22
807,-1.9126e+22
1197,-1.9127e+22
3552,-1.913e+22
243,-1.9145e+22
2723,-1.9149e+22
5340,-1.915e+22
4617,-1.9156e+22
2508,-1.916e+22
648,-1.9166e+22
1168,-1.9175e+22
3727,-1.9175e+22
5141,-1.9178e+22
133,-1.9188e+22
3582,-1.919e+22
3289,-1.9193e+22
1835,-1.9193e+22
2882,-1.92e+22
1850,-1.92e+22
1908,-1.9201e+22
1190,-1.9207e+22
4479,-1.9208e+22
2900,-1.9209e+22
1178,-1.921e+22
2521,-1.9211e+22
157,-1.9221e+22
1969,-1.9225e+22
4221,-1.9235e+22
3169,-1.9237e+22
463,-1.9244e+22
4512,-1.9255e+22
4300,-1.9263e+22
2416,-1.9265e+22
3430,-1.9292e+22
2263,-1.9296e+22
5079,-1.9316e+22
844,-1.9318e+22
716,-1.932e+22
4648,-1.9344e+22
5129,-1.9355e+22
995,-1.9357e+22
772,-1.9358e+22
2658,-1.9362e+22
2618,-1.9364e+22
1150,-1.9365e+22
3929,-1.9379e+22
599,-1.9379e+22
3223,-1.938e+22
4370,-1.9384e+22
1719,-1.9387e+22
737,-1.9387e+22
1744,-1.9395e+22
358,-1.9397e+22
1993,-1.9401e+22
3209,-1.9405e+22
1376,-1.9409e+22
5083,-1.9441e+22
1767,-1.9446e+22
4492,-1.9452e+22
3183,-1.9463e+22
5550,-1.9474e+22
3469,-1.9476e+22
2161,-1.9476e+22
5128,-1.9478e+22
5137,-1.9484e+22
1322,-1.9492e+22
4486,-1.9504e+22
2598,-1.9507e+22
868,-1.9527e+22
49,-1.9535e+22
4635,-1.9538e+22
1765,-1.9549e+22
1239,-1.955e+22
2463,-1.9556e+22
4604,-1.9558e+22
1643,-1.956e+22
906,-1.9567e+22
2126,-1.9572e+22
2794,-1.9575e+22
815,-1.9575e+22
2276,-1.9581e+22
3722,-1.9586e+22
3539,-1.9588e+22
3132,-1.9597e+22
2474,-1.9612e+22
274,-1.9612e+22
3253,-1.9619e+22
4736,-1.9623e+22
861,-1.9649e+22
5181,-1.9654e+22
4541,-1.9661e+22
5267,-1.9664e+22
4907,-1.9698e+22
4718,-1.9704e+22
848,-1.9725e+22
221,-1.9729e+22
4644,-1.9738e+22
3640,-1.974e+22
5112,-1.9744e+22
2442,-1.9751e+22
3525,-1.9759e+22
4845,-1.9759e+22
4548,-1.9762e+22
808,-1.9776e+22
3990,-1.9777e+22
583,-1.9779e+22
4528,-1.979e+22
1050,-1.9799e+22
4673,-1.9819e+22
1507,-1.9833e+22
1973,-1.9838e+22
2319,-1.9845e+22
2075,-1.9848e+22
5343,-1.9851e+22
427,-1.9863e+22
4641,-1.9866e+22
541,-1.9867e+22
3941,-1.9874e+22
2060,-1.9875e+22
4092,-1.9877e+22
2697,-1.9887e+22
2274,-1.9893e+22
2291,-1.9896e+22
5092,-1.9905e+22
4328,-1.9906e+22
2639,-1.9909e+22
3007,-1.9926e+22
4261,-1.9937e+22
1504,-1.9942e+22
2079,-1.9942e+22
1495,-1.9946e+22
3656,-1.9952e+22
4864,-1.9955e+22
1876,-1.9955e+22
2350,-1.9959e+22
3933,-1.9966e+22
1354,-1.997e+22
701,-2.0005e+22
5583,-2.0006e+22
2045,-2.0015e+22
613,-2.0023e+22
90,-2.0042e+22
1262,-2.0048e+22
2856,-2.006e+22
717,-2.0066e+22
1912,-2.0072e+22
163,-2.0072e+22
2837,-2.0078e+22
1276,-2.0079e+22
3456,-2.0093e+22
651,-2.0107e+22
5322,-2.011e+22
1658,-2.0112e+22
5070,-2.0123e+22
4203,-2.0127e+22
4830,-2.013e+22
1966,-2.0135e+22
1449,-2.0142e+22
1905,-2.0167e+22
1594,-2.0177e+22
5098,-2.0201e+22
304,-2.0206e+22
430,-2.021e+22
4514,-2.0233e+22
4872,-2.0237e+22
3050,-2.0251e+22
2297,-2.0251e+22
3282,-2.0253e+22
5104,-2.0259e+22
4828,-2.0264e+22
601,-2.0271e+22
4155,-2.0275e+22
5481,-2.0285e+22
2948,-2.0288e+22
4521,-2.0289e+22
96,-2.0314e+22
5254,-2.0318e+22
1110,-2.0332e+22
4496,-2.0333e+22
5135,-2.0333e+22
597,-2.0344e+22
2423,-2.0345e+22
2418,-2.035e+22
2089,-2.0375e+22
2957,-2.038e+22
2839,-2.039e+22
2123,-2.0401e+22
1743,-2.0402e+22
4540,-2.0405e+22
4577,-2.0411e+22
1066,-2.0416e+22
3853,-2.0421e+22
1941,-2.0422e+22
5074,-2.0433e+22
1916,-2.0457e+22
2253,-2.046e+22
6,-2.0468e+22
3654,-2.0469e+22
2248,-2.0476e+22
3528,-2.048e+22
1673,-2.048e+22
746,-2.0506e+22
5373,-2.0508e+22
2437,-2.0517e+22
2415,-2.0518e+22
1111,-2.0522e+22
5482,-2.0527e+22
55,-2.054e+22
3697,-2.0542e+22
3375,-2.0545e+22
380,-2.0548e+22
3275,-2.0551e+22
5524,-2.0587e+22
1660,-2.0588e+22
5364,-2.0615e+22
2805,-2.0619e+22
2628,-2.0635e+22
718,-2.0651e+22
2944,-2.0654e+22
4296,-2.0655e+22
2148,-2.0659e+22
3949,-2.069e+22
4934,-2.0705e+22
5332,-2.0722e+22
235,-2.0724e+22
201,-2.0726e+22
4595,-2.0747e+22
1372,-2.0748e+22
5114,-2.075e+22
4189,-2.0755e+22
2645,-2.0767e+22
1477,-2.0769e+22
835,-2.0776e+22
672,-2.0785e+22
5315,-2.0788e+22
2985,-2.0791e+22
5569,-2.0799e+22
1208,-2.0801e+22
1799,-2.0805e+22
1006,-2.0809e+22
5044,-2.0809e+22
2971,-2.081e+22
1463,-2.0835e+22
5435,-2.0843e+22
3316,-2.0866e+22
2561,-2.0881e+22
723,-2.0882e+22
2491,-2.0894e+22
4219,-2.0904e+22
5464,-2.0912e+22
4498,-2.0951e+22
503,-2.0958e+22
3470,-2.0959e+22
2188,-2.0978e+22
215,-2.0992e+22
2730,-2.1024e+22
3682,-2.1045e+22
598,-2.1053e+22
4487,-2.1071e+22
580,-2.1074e+22
1559,-2.1097e+22
600,-2.1104e+22
334,-2.1111e+22
4743,-2.1118e+22
31,-2.1131e+22
4926,-2.1134e+22
3533,-2.1144e+22
1265,-2.1146e+22
3589,-2.1149e+22
3715,-2.1152e+22
2429,-2.1161e+22
3855,-2.1183e+22
2451,-2.1193e+22
587,-2.1197e+22
214,-2.1198e+22
4337,-2.1204e+22
4023,-2.1208e+22
5110,-2.121e+22
5189,-2.1216e+22
5223,-2.1218e+22
3885,-2.122e+22
5525,-2.1233e+22
378,-2.1251e+22
2325,-2.1261e+22
1373,-2.1275e+22
3274,-2.1276e+22
32,-2.1277e+22
5477,-2.1279e+22
4976,-2.129e+22
486,-2.129e+22
1385,-2.1291e+22
2147,-2.1296e+22
2281,-2.1297e+22
4358,-2.1297e+22
345,-2.1306e+22
5183,-2.1313e+22
3131,-2.1315e+22
5310,-2.132e+22
498,-2.1328e+22
2719,-2.1338e+22
5520,-2.1342e+22
2490,-2.1362e+22
2117,-2.1362e+22
3323,-2.1367e+22
2614,-2.137e+22
3514,-2.1377e+22
4352,-2.1384e+22
4706,-2.1385e+22
5546,-2.1392e+22
5170,-2.1402e+22
609,-2.1408e+22
5350,-2.1412e+22
754,-2.1413e+22
3733,-2.1415e+22
5169,-2.1424e+22
5327,-2.1434e+22
1868,-2.1457e+22
3200,-2.1457e+22
819,-2.1457e+22
4863,-2.1476e+22
4106,-2.1479e+22
2623,-2.148e+22
3472,-2.1487e+22
4126,-2.1515e+22
2321,-2.1516e+22
1652,-2.157e+22
5490,-2.1597e+22
3392,-2.1599e+22
4063,-2.1599e+22
2673,-2.1603e+22
2265,-2.1607e+22
332,-2.1623e+22
2213,-2.1639e+22
4138,-2.1644e+22
3359,-2.165e+22
255,-2.1669e+22
5087,-2.168e+22
3216,-2.1695e+22
3445,-2.17e+22
5500,-2.1709e+22
905,-2.172e+22
387,-2.1727e+22
4247,-2.173e+22
1040,-2.1739e+22
1375,-2.1744e+22
3957,-2.1747e+22
3995,-2.1748e+22
2593,-2.1758e+22
493,-2.1769e+22
2056,-2.177e+22
1830,-2.181e+22
4618,-2.1833e+22
2823,-2.1843e+22
2979,-2.1844e+22
3865,-2.1857e+22
2653,-2.1868e+22
3138,-2.1871e+22
2483,-2.1872e+22
2534,-2.188e+22
3526,-2.1892e+22
1296,-2.1893e+22
2875,-2.1905e+22
3214,-2.1911e+22
4954,-2.1911e+22
1943,-2.1917e+22
1684,-2.1917e+22
4283,-2.1939e+22
261,-2.1941e+22
4803,-2.1942e+22
763,-2.1946e+22
993,-2.1967e+22
1722,-2.1986e+22
913,-2.1987e+22
5577,-2.1994e+22
4275,-2.2001e+22
864,-2.2005e+22
3322,-2.201e+22
4550,-2.2033e+22
177,-2.2046e+22
3610,-2.2048e+22
4564,-2.2059e+22
777,-2.208e+22
4977,-2.2089e+22
2335,-2.2102e+22
4869,-2.2107e+22
4858,-2.2117e+22
3378,-2.2117e+22
1210,-2.2127e+22
657,-2.2131e+22
5372,-2.2138e+22
1027,-2.2147e+22
826,-2.2148e+22
2978,-2.2155e+22
1275,-2.2159e+22
5362,-2.2176e+22
1458,-2.2191e+22
1341,-2.2198e+22
3056,-2.2201e+22
1584,-2.2217e+22
3771,-2.2225e+22
561,-2.2234e+22
5057,-2.2245e+22
5280,-2.2272e+22
1975,-2.228e+22
4659,-2.2281e+22
942,-2.2291e+22
2158,-2.2303e+22
4637,-2.2323e+22
3401,-2.2323e+22
1756,-2.2335e+22
4375,-2.2345e+22
616,-2.2346e+22
5036,-2.2354e+22
3219,-2.2362e+22
5384,-2.2373e+22
4733,-2.2384e+22
2251,-2.2405e+22
4847,-2.2434e+22
57,-2.247e+22
5146,-2.2488e+22
1802,-2.2504e+22
317,-2.2539e+22
1586,-2.2543e+22
4829,-2.2549e+22
2659,-2.2583e+22
4539,-2.2583e+22
3496,-2.2589e+22
1638,-2.26e+22
2277,-2.2603e+22
1052,-2.2606e+22
875,-2.2641e+22
2200,-2.2645e+22
256,-2.2682e+22
4995,-2.2685e+22
2732,-2.2693e+22
1565,-2.2698e+22
5251,-2.2724e+22
3355,-2.2726e+22
1383,-2.2737e+22
653,-2.2744e+22
2771,-2.2754e+22
5599,-2.2761e+22
2869,-2.2764e+22
1491,-2.2771e+22
4359,-2.2775e+22
5305,-2.2776e+22
2401,-2.2801e+22
4908,-2.2815e+22
2458,-2.2836e+22
3779,-2.2848e+22
660,-2.2869e+22
142,-2.287e+22
1366,-2.2888e+22
208,-2.2908e+22
2286,-2.2924e+22
1076,-2.2926e+22
4892,-2.2939e+22
2622,-2.2948e+22
2151,-2.2952e+22
3521,-2.2969e+22
694,-2.2985e+22
859,-2.2989e+22
5488,-2.3002e+22
1833,-2.3026e+22
2394,-2.304e+22
120,-2.3051e+22
3358,-2.3053e+22
3283,-2.3065e+22
1415,-2.3068e+22
1299,-2.3069e+22
2370,-2.3077e+22
4679,-2.3084e+22
1026,-2.3095e+22
195,-2.3103e+22
1633,-2.3139e+22
5471,-2.3156e+22
1453,-2.3162e+22
4985,-2.317e+22
2454,-2.3171e+22
615,-2.3182e+22
2163,-2.3187e+22
764,-2.3191e+22
1922,-2.3196e+22
840,-2.3198e+22
1615,-2.3213e+22
5202,-2.3225e+22
2143,-2.3243e+22
2155,-2.3256e+22
2110,-2.3257e+22
2821,-2.3274e+22
1731,-2.3274e+22
699,-2.3294e+22
1086,-2.3302e+22
2306,-2.3331e+22
2569,-2.3333e+22
2514,-2.3352e+22
1575,-2.3355e+22
3922,-2.3361e+22
2557,-2.3363e+22
2058,-2.3384e+22
2923,-2.3402e+22
5567,-2.3404e+22
4877,-2.3405e+22
4016,-2.3414e+22
3312,-2.3416e+22
3705,-2.3417e+22
3428,-2.3428e+22
2731,-2.3435e+22
478,-2.3436e+22
1769,-2.3451e+22
4969,-2.3473e+22
558,-2.3475e+22
153,-2.3476e+22
3899,-2.3482e+22
4061,-2.3502e+22
3966,-2.3509e+22
227,-2.352e+22
5571,-2.3521e+22
4383,-2.3548e+22
3876,-2.3553e+22
5444,-2.3568e+22
1502,-2.3577e+22
4216,-2.3579e+22
4476,-2.3603e+22
3877,-2.361e+22
2246,-2.3652e+22
1328,-2.3664e+22
2806,-2.3671e+22
160,-2.3671e+22
3661,-2.3702e+22
367,-2.3718e+22
3342,-2.3729e+22
1895,-2.3737e+22
446,-2.3738e+22
2903,-2.3757e+22
3535,-2.3761e+22
186,-2.3784e+22
2990,-2.3793e+22
5410,-2.3794e+22
1867,-2.3805e+22
636,-2.3809e+22
3000,-2.3817e+22
3097,-2.3831e+22
2412,-2.3834e+22
4232,-2.3859e+22
4183,-2.3859e+22
377,-2.3875e+22
867,-2.3904e+22
284,-2.3919e+22
20,-2.3928e+22
862,-2.3929e+22
2030,-2.3933e+22
2048,-2.3943e+22
3891,-2.3957e+22
5317,-2.396e+22
4737,-2.398e+22
4865,-2.3983e+22
4661,-2.3986e+22
3665,-2.3987e+22
3105,-2.4001e+22
873,-2.402e+22
3574,-2.4033e+22
760,-2.4052e+22
1145,-2.4052e+22
3308,-2.4059e+22
3678,-2.408e+22
76,-2.4083e+22
1804,-2.4095e+22
1444,-2.4096e+22
4076,-2.4096e+22
933,-2.4129e+22
4854,-2.4136e+22
5301,-2.4137e+22
1148,-2.4143e+22
2648,-2.4147e+22
1309,-2.4165e+22
5300,-2.4166e+22
2581,-2.4186e+22
5436,-2.4204e+22
183,-2.4221e+22
4683,-2.4231e+22
1043,-2.4242e+22
3670,-2.4246e+22
3735,-2.4248e+22
4605,-2.4256e+22
5006,-2.4268e+22
3314,-2.427e+22
2542,-2.427e+22
4166,-2.4291e+22
3808,-2.4295e+22
2527,-2.4312e+22
4160,-2.4314e+22
2063,-2.4323e+22
1779,-2.4329e+22
3250,-2.4339e+22
5088,-2.4342e+22
1849,-2.436e+22
1281,-2.4367e+22
700,-2.4369e+22
27,-2.4388e+22
1869,-2.4397e+22
2655,-2.4399e+22
314,-2.4423e+22
1049,-2.4437e+22
2292,-2.4446e+22
109,-2.4461e+22
4409,-2.4465e+22
4017,-2.4469e+22
2637,-2.4472e+22
4913,-2.4482e+22
3664,-2.4485e+22
2021,-2.4522e+22
1392,-2.4523e+22
240,-2.4543e+22
3407,-2.4575e+22
5316,-2.4577e+22
1187,-2.46e+22
2519,-2.46e+22
883,-2.4604e+22
3462,-2.4604e+22
5453,-2.4653e+22
4284,-2.4657e+22
3414,-2.467e+22
4149,-2.4679e+22
3184,-2.4693e+22
2832,-2.4705e+22
969,-2.4725e+22
3084,-2.4736e+22
5535,-2.4739e+22
4556,-2.4762e+22
3783,-2.4768e+22
1426,-2.4774e+22
1472,-2.4775e+22
1808,-2.4779e+22
1249,-2.4791e+22
5506,-2.4791e+22
97,-2.4792e+22
472,-2.4822e+22
5263,-2.4826e+22
1030,-2.4854e+22
810,-2.4856e+22
2551,-2.4886e+22
4783,-2.4891e+22
1629,-2.4893e+22
12,-2.4911e+22
1457,-2.4921e+22
5021,-2.4931e+22
2575,-2.4934e+22
4234,-2.4938e+22
4992,-2.4938e+22
283,-2.4957e+22
3,-2.4967e+22
37,-2.4969e+22
1826,-2.499e+22
1029,-2.5006e+22
4756,-2.5012e+22
416,-2.5021e+22
1405,-2.5022e+22
3792,-2.5036e+22
3739,-2.5047e+22
1174,-2.507e+22
2444,-2.5074e+22
1579,-2.5106e+22
369,-2.5113e+22
2255,-2.5145e+22
392,-2.5154e+22
296,-2.5169e+22
92,-2.5183e+22
2567,-2.5192e+22
1814,-2.5206e+22
52,-2.5211e+22
5584,-2.5223e+22
4791,-2.5242e+22
4586,-2.5255e+22
4414,-2.5263e+22
5400,-2.5264e+22
307,-2.5269e+22
925,-2.5277e+22
2854,-2.5283e+22
2308,-2.5298e+22
4569,-2.5304e+22
2932,-2.5305e+22
4868,-2.5313e+22
3942,-2.5332e+22
1298,-2.5341e+22
4412,-2.5354e+22
1213,-2.5356e+22
5441,-2.5357e+22
1860,-2.5362e+22
628,-2.5365e+22
887,-2.5397e+22
4614,-2.5427e+22
3081,-2.5431e+22
5082,-2.5433e+22
2859,-2.5433e+22
2316,-2.5441e+22
629,-2.5473e+22
1600,-2.5476e+22
5106,-2.549e+22
3280,-2.5515e+22
1045,-2.5522e+22
4158,-2.5525e+22
1481,-2.5528e+22
982,-2.5544e+22
2380,-2.5549e+22
1624,-2.5557e+22
3493,-2.5574e+22
4555,-2.5583e+22
5180,-2.5594e+22
479,-2.5594e+22
4589,-2.5652e+22
4239,-2.5671e+22
3366,-2.5671e+22
778,-2.5678e+22
2038,-2.5712e+22
5422,-2.5715e+22
1097,-2.5716e+22
5495,-2.5733e+22
855,-2.5766e+22
1812,-2.5773e+22
3237,-2.5806e+22
3118,-2.5811e+22
1663,-2.5821e+22
1792,-2.5833e+22
124,-2.5842e+22
384,-2.5858e+22
4853,-2.5869e+22
1417,-2.5876e+22
3603,-2.5881e+22
1070,-2.5902e+22
4441,-2.5904e+22
4513,-2.5912e+22
2650,-2.594e+22
2609,-2.5951e+22
3368,-2.5952e+22
2294,-2.5958e+22
4170,-2.5963e+22
3580,-2.5967e+22
4574,-2.5976e+22
126,-2.5997e+22
823,-2.6002e+22
5311,-2.6039e+22
4470,-2.6048e+22
2959,-2.6095e+22
4544,-2.6107e+22
4135,-2.6108e+22
4766,-2.6115e+22
1338,-2.612e+22
4834,-2.614e+22
695,-2.6155e+22
3415,-2.6166e+22
3015,-2.6178e+22
3273,-2.6217e+22
3622,-2.6219e+22
4235,-2.6227e+22
4230,-2.623e+22
411,-2.624e+22
4447,-2.6242e+22
3278,-2.6268e+22
2212,-2.6299e+22
3153,-2.6324e+22
3463,-2.6328e+22
2958,-2.6328e+22
1315,-2.6343e+22
2138,-2.6349e+22
3923,-2.635e+22
172,-2.6375e+22
585,-2.6395e+22
115,-2.6415e+22
4345,-2.6422e+22
5474,-2.6439e+22
2908,-2.6441e+22
2621,-2.6447e+22
293,-2.6452e+22
2013,-2.6462e+22
4062,-2.6489e+22
184,-2.6512e+22
45,-2.652e+22
4227,-2.6535e+22
1880,-2.6536e+22
4516,-2.6553e+22
2800,-2.6559e+22
4932,-2.6616e+22
932,-2.6629e+22
3564,-2.6639e+22
121,-2.6646e+22
2351,-2.6649e+22
5268,-2.6657e+22
3075,-2.6678e+22
5109,-2.6688e+22
1189,-2.6706e+22
4620,-2.6712e+22
3860,-2.6713e+22
2897,-2.672e+22
5238,-2.674e+22
539,-2.6762e+22
1363,-2.6776e+22
1429,-2.6815e+22
2531,-2.6819e+22
1137,-2.6819e+22
1342,-2.6825e+22
2124,-2.6831e+22
4875,-2.6837e+22
3173,-2.685e+22
2389,-2.6852e+22
3218,-2.6863e+22
2845,-2.6867e+22
3137,-2.6908e+22
4599,-2.6917e+22
3114,-2.6932e+22
2331,-2.6963e+22
5232,-2.7045e+22
1891,-2.7054e+22
4978,-2.7057e+22
1348,-2.7105e+22
2687,-2.712e+22
2817,-2.712e+22
4621,-2.7133e+22
4656,-2.7143e+22
4655,-2.7146e+22
1777,-2.7148e+22
1428,-2.7175e+22
2098,-2.7191e+22
3790,-2.7202e+22
985,-2.7219e+22
4215,-2.7226e+22
3190,-2.7244e+22
2254,-2.7261e+22
1333,-2.7271e+22
4249,-2.7295e+22
1420,-2.7309e+22
1681,-2.7318e+22
992,-2.7363e+22
1983,-2.7377e+22
2059,-2.7383e+22
3257,-2.7392e+22
101,-2.7433e+22
3594,-2.7483e+22
5404,-2.7496e+22
455,-2.7525e+22
4481,-2.7527e+22
4019,-2.7534e+22
2081,-2.7553e+22
4944,-2.7569e+22
4764,-2.7588e+22
691,-2.763e+22
849,-2.7642e+22
4643,-2.7664e+22
570,-2.7669e+22
997,-2.7691e+22
4852,-2.7715e+22
1069,-2.7725e+22
3010,-2.7726e+22
3351,-2.773e+22
267,-2.7762e+22
3380,-2.7776e+22
3021,-2.7831e+22
4037,-2.7866e+22
1116,-2.7866e+22
5120,-2.7882e+22
1854,-2.7884e+22
3402,-2.7906e+22
4717,-2.7981e+22
5394,-2.7985e+22
2762,-2.7989e+22
2074,-2.8013e+22
4676,-2.8021e+22
736,-2.803e+22
3086,-2.8054e+22
1576,-2.8071e+22
5017,-2.8091e+22
4192,-2.8095e+22
1067,-2.8109e+22
1780,-2.8119e+22
403,-2.8154e+22
2167,-2.8206e+22
595,-2.8226e+22
5440,-2.8291e+22
1158,-2.8341e+22
5386,-2.8368e+22
2738,-2.8378e+22
4491,-2.8416e+22
797,-2.8439e+22
4510,-2.845e+22
2280,-2.8508e+22
1345,-2.8529e+22
4622,-2.8542e+22
3281,-2.8557e+22
5475,-2.8572e+22
4378,-2.858e+22
3970,-2.8628e+22
1841,-2.8642e+22
4258,-2.8644e+22
3529,-2.8668e+22
1611,-2.8678e+22
2203,-2.8696e+22
5234,-2.8699e+22
1152,-2.871e+22
2740,-2.8722e+22
3027,-2.8722e+22
2232,-2.8731e+22
5026,-2.8772e+22
2864,-2.879e+22
5139,-2.8805e+22
4898,-2.8828e+22
1662,-2.885e+22
2662,-2.8855e+22
86,-2.8908e+22
3888,-2.8913e+22
3935,-2.8917e+22
650,-2.8929e+22
4231,-2.8959e+22
2881,-2.8965e+22
4787,-2.8966e+22
4504,-2.898e+22
1634,-2.8988e+22
4225,-2.9013e+22
4752,-2.9026e+22
1410,-2.9073e+22
4773,-2.9078e+22
5182,-2.9111e+22
4243,-2.9124e+22
5448,-2.9136e+22
3684,-2.915e+22
3464,-2.9192e+22
181,-2.9239e+22
1379,-2.9244e+22
4914,-2.9247e+22
313,-2.9255e+22
3981,-2.9257e+22
2726,-2.9263e+22
1778,-2.9305e+22
1482,-2.9337e+22
5549,-2.9442e+22
2904,-2.9468e+22
3982,-2.9469e+22
4400,-2.9524e+22
1433,-2.9645e+22
4331,-2.9784e+22
2493,-2.9887e+22
196,-2.9889e+22
4855,-2.9948e+22
1843,-2.9953e+22
654,-2.9962e+22
3206,-2.9985e+22
1887,-3.0002e+22
4849,-3.003e+22
4324,-3.0032e+22
111,-3.0053e+22
1950,-3.0057e+22
197,-3.0066e+22
1677,-3.0108e+22
5144,-3.0127e+22
1592,-3.0206e+22
348,-3.0244e+22
2675,-3.027e+22
471,-3.0523e+22
3780,-3.0533e+22
2708,-3.0546e+22
2739,-3.0585e+22
711,-3.0851e+22
2425,-3.0921e+22
1034,-3.1055e+22
687,-3.1641e+22
2187,-3.1683e+22
429,-3.1775e+22
2194,-3.2359e+22
