1,-5.786e+19
2,-6.2201e+19
3,-6.2441e+19
4,-6.3137e+19
5,-6.4903e+19
6,-6.6742e+19
7,-6.6897e+19
8,-6.7142e+19
9,-6.7624e+19
10,-6.8325e+19
11,-6.8545e+19
12,-6.8617e+19
13,-6.9253e+19
2782,-6.9637e+19
14,-7.0298e+19
15,-7.0876e+19
2800,-7.1169e+19
16,-7.1761e+19
17,-7.1943e+19
18,-7.2142e+19
19,-7.2332e+19
20,-7.2823e+19
21,-7.3225e+19
22,-7.3269e+19
23,-7.3733e+19
3385,-7.3823e+19
24,-7.449e+19
25,-7.4828e+19
26,-7.5258e+19
27,-7.5642e+19
28,-7.5776e+19
29,-7.593e+19
2776,-7.659e+19
30,-7.6666e+19
5472,-7.689e+19
31,-7.691e+19
32,-7.7109e+19
5415,-7.8153e+19
33,-7.8245e+19
34,-7.844e+19
35,-7.8532e+19
36,-7.8977e+19
37,-7.9274e+19
38,-7.9389e+19
5488,-7.9411e+19
39,-7.9575e+19
40,-7.9656e+19
41,-8.0255e+19
4883,-8.038e+19
42,-8.0396e+19
43,-8.0509e+19
4114,-8.0614e+19
44,-8.0653e+19
45,-8.066e+19
46,-8.0799e+19
47,-8.1157e+19
48,-8.1201e+19
49,-8.1389e+19
50,-8.1503e+19
51,-8.1547e+19
52,-8.1678e+19
53,-8.2428e+19
54,-8.2432e+19
2388,-8.2569e+19
55,-8.2583e+19
56,-8.2596e+19
57,-8.2701e+19
58,-8.3126e+19
59,-8.3129e+19
60,-8.3334e+19
61,-8.3368e+19
62,-8.3477e+19
63,-8.4054e+19
64,-8.4241e+19
65,-8.4365e+19
66,-8.4527e+19
67,-8.4537e+19
68,-8.4664e+19
69,-8.4941e+19
70,-8.499e+19
71,-8.5121e+19
72,-8.5798e+19
73,-8.5802e+19
74,-8.5877e+19
75,-8.5989e+19
76,-8.6037e+19
77,-8.6294e+19
78,-8.6473e+19
79,-8.6536e+19
80,-8.6564e+19
81,-8.6702e+19
5433,-8.6938e+19
3092,-8.7432e+19
82,-8.7753e+19
83,-8.7765e+19
3462,-8.8022e+19
84,-8.8092e+19
85,-8.8176e+19
86,-8.8426e+19
87,-8.8566e+19
88,-8.889e+19
89,-8.9165e+19
90,-8.939e+19
91,-8.9403e+19
92,-8.9569e+19
5019,-8.9654e+19
93,-8.9659e+19
4952,-8.9665e+19
3080,-8.9767e+19
4408,-8.9812e+19
94,-9.0192e+19
95,-9.0379e+19
96,-9.0397e+19
3244,-9.0425e+19
5196,-9.047e+19
97,-9.0734e+19
98,-9.1029e+19
99,-9.1301e+19
100,-9.144e+19
101,-9.1803e+19
102,-9.1961e+19
5587,-9.2077e+19
103,-9.2179e+19
104,-9.2292e+19
105,-9.2297e+19
106,-9.2297e+19
107,-9.2371e+19
108,-9.2481e+19
109,-9.2736e+19
2954,-9.2737e+19
110,-9.2789e+19
111,-9.279e+19
112,-9.2863e+19
113,-9.3087e+19
4908,-9.353e+19
114,-9.3582e+19
115,-9.3598e+19
116,-9.3635e+19
117,-9.3678e+19
118,-9.3756e+19
4996,-9.3963e+19
119,-9.4021e+19
120,-9.4105e+19
3545,-9.4118e+19
121,-9.4141e+19
2598,-9.4162e+19
122,-9.4217e+19
5306,-9.4412e+19
123,-9.4496e+19
124,-9.454e+19
125,-9.4571e+19
126,-9.4689e+19
127,-9.4892e+19
128,-9.4893e+19
129,-9.4924e+19
130,-9.4961e+19
131,-9.507e+19
132,-9.5181e+19
133,-9.5598e+19
2744,-9.5599e+19
134,-9.5752e+19
135,-9.5771e+19
136,-9.5832e+19
3651,-9.5951e+19
137,-9.6031e+19
138,-9.6223e+19
5403,-9.6234e+19
139,-9.6369e+19
140,-9.6405e+19
141,-9.6747e+19
142,-9.7044e+19
143,-9.7216e+19
144,-9.7261e+19
145,-9.7266e+19
146,-9.7419e+19
147,-9.7692e+19
148,-9.7844e+19
149,-9.7889e+19
150,-9.7892e+19
151,-9.7919e+19
3920,-9.7937e+19
152,-9.8048e+19
153,-9.8185e+19
154,-9.8222e+19
155,-9.8232e+19
2317,-9.8247e+19
156,-9.8341e+19
5339,-9.8417e+19
4467,-9.8435e+19
157,-9.863e+19
158,-9.8631e+19
159,-9.8745e+19
5538,-9.8762e+19
5389,-9.8974e+19
160,-9.9101e+19
2834,-9.9108e+19
161,-9.9125e+19
162,-9.9138e+19
163,-9.9171e+19
164,-9.9231e+19
3104,-9.936e+19
165,-9.9376e+19
3224,-9.9614e+19
166,-9.9704e+19
167,-9.9949e+19
4336,-1.0006e+20
4773,-1.0024e+20
168,-1.0038e+20
169,-1.0043e+20
3631,-1.0044e+20
170,-1.0046e+20
171,-1.0062e+20
172,-1.0064e+20
4860,-1.007e+20
5463,-1.0075e+20
173,-1.0093e+20
174,-1.0104e+20
175,-1.0108e+20
176,-1.0144e+20
2878,-1.0183e+20
177,-1.0187e+20
178,-1.0193e+20
5536,-1.0205e+20
179,-1.0213e+20
180,-1.0222e+20
181,-1.0222e+20
182,-1.0222e+20
183,-1.0222e+20
5230,-1.0223e+20
184,-1.0226e+20
185,-1.0227e+20
186,-1.0241e+20
3606,-1.0247e+20
187,-1.0253e+20
3415,-1.0266e+20
188,-1.027e+20
3990,-1.0296e+20
189,-1.0297e+20
190,-1.032e+20
191,-1.0327e+20
192,-1.0336e+20
193,-1.0337e+20
194,-1.0338e+20
195,-1.0339e+20
2324,-1.0352e+20
196,-1.0354e+20
197,-1.0393e+20
198,-1.0401e+20
199,-1.0408e+20
200,-1.0415e+20
2331,-1.0422e+20
201,-1.0449e+20
202,-1.0463e+20
203,-1.0474e+20
204,-1.0487e+20
205,-1.0499e+20
3992,-1.0501e+20
206,-1.0506e+20
4403,-1.0526e+20
207,-1.0533e+20
3834,-1.0547e+20
3717,-1.055e+20
208,-1.0562e+20
209,-1.0565e+20
210,-1.0565e+20
211,-1.0567e+20
5500,-1.0567e+20
3436,-1.0569e+20
212,-1.0583e+20
213,-1.0593e+20
214,-1.0594e+20
215,-1.0605e+20
216,-1.0607e+20
217,-1.0609e+20
218,-1.061e+20
219,-1.0615e+20
220,-1.0635e+20
221,-1.0636e+20
222,-1.0638e+20
223,-1.0647e+20
224,-1.0665e+20
225,-1.0665e+20
226,-1.0666e+20
4358,-1.0671e+20
227,-1.0677e+20
228,-1.0678e+20
3559,-1.0681e+20
229,-1.0684e+20
230,-1.0693e+20
231,-1.0694e+20
4059,-1.0694e+20
2908,-1.0695e+20
232,-1.0711e+20
233,-1.0711e+20
234,-1.0715e+20
2543,-1.0721e+20
235,-1.0729e+20
236,-1.0733e+20
237,-1.0734e+20
238,-1.0749e+20
239,-1.076e+20
2831,-1.076e+20
3596,-1.0767e+20
240,-1.077e+20
241,-1.0771e+20
242,-1.0773e+20
243,-1.0774e+20
3723,-1.0783e+20
244,-1.0787e+20
245,-1.0788e+20
4758,-1.0794e+20
246,-1.0795e+20
247,-1.0796e+20
248,-1.0803e+20
249,-1.0805e+20
4226,-1.0832e+20
3212,-1.0855e+20
250,-1.0857e+20
251,-1.0863e+20
252,-1.0878e+20
253,-1.0905e+20
254,-1.0906e+20
3393,-1.0907e+20
255,-1.0934e+20
256,-1.0935e+20
257,-1.0936e+20
258,-1.0936e+20
259,-1.0937e+20
260,-1.094e+20
261,-1.0941e+20
262,-1.0947e+20
263,-1.0951e+20
264,-1.0958e+20
265,-1.0965e+20
5530,-1.0969e+20
266,-1.0977e+20
267,-1.0987e+20
268,-1.1008e+20
269,-1.1014e+20
270,-1.1015e+20
271,-1.1017e+20
4298,-1.1025e+20
272,-1.1028e+20
273,-1.1033e+20
274,-1.1034e+20
5078,-1.1059e+20
275,-1.106e+20
276,-1.1068e+20
277,-1.1068e+20
278,-1.1079e+20
279,-1.1081e+20
280,-1.1082e+20
281,-1.1083e+20
282,-1.1085e+20
283,-1.1102e+20
284,-1.1102e+20
285,-1.1109e+20
286,-1.1115e+20
4614,-1.1118e+20
287,-1.1127e+20
288,-1.1137e+20
289,-1.114e+20
290,-1.1141e+20
2340,-1.1142e+20
4494,-1.1145e+20
3046,-1.1146e+20
291,-1.1154e+20
3987,-1.1155e+20
292,-1.1156e+20
293,-1.116e+20
294,-1.1168e+20
295,-1.117e+20
2511,-1.1172e+20
296,-1.118e+20
297,-1.1183e+20
298,-1.119e+20
299,-1.1198e+20
300,-1.1199e+20
301,-1.12e+20
302,-1.1203e+20
303,-1.1205e+20
304,-1.1211e+20
305,-1.1218e+20
3966,-1.1222e+20
306,-1.1226e+20
4937,-1.1235e+20
307,-1.1237e+20
308,-1.1249e+20
309,-1.1265e+20
310,-1.1272e+20
311,-1.1274e+20
312,-1.1284e+20
2983,-1.1284e+20
313,-1.1316e+20
314,-1.1334e+20
315,-1.1339e+20
316,-1.1351e+20
317,-1.1356e+20
318,-1.1362e+20
2267,-1.1364e+20
319,-1.1379e+20
320,-1.1389e+20
321,-1.139e+20
322,-1.1392e+20
323,-1.1392e+20
324,-1.1394e+20
325,-1.1395e+20
326,-1.1416e+20
327,-1.142e+20
328,-1.1431e+20
329,-1.1432e+20
330,-1.1435e+20
5274,-1.1448e+20
331,-1.145e+20
332,-1.1462e+20
333,-1.1464e+20
334,-1.1473e+20
3247,-1.1478e+20
3488,-1.1481e+20
335,-1.149e+20
336,-1.1492e+20
337,-1.1505e+20
338,-1.151e+20
2302,-1.1514e+20
339,-1.1529e+20
340,-1.1532e+20
341,-1.1537e+20
342,-1.1539e+20
343,-1.1549e+20
4251,-1.1564e+20
344,-1.1568e+20
345,-1.1572e+20
346,-1.1582e+20
347,-1.1583e+20
348,-1.1586e+20
349,-1.1592e+20
350,-1.1603e+20
351,-1.1605e+20
2304,-1.1605e+20
352,-1.1607e+20
353,-1.1615e+20
354,-1.1619e+20
355,-1.1623e+20
356,-1.1662e+20
357,-1.1664e+20
358,-1.1665e+20
359,-1.1666e+20
360,-1.1674e+20
361,-1.1685e+20
362,-1.1688e+20
363,-1.1691e+20
364,-1.1737e+20
365,-1.1742e+20
366,-1.1742e+20
367,-1.1742e+20
5461,-1.1749e+20
368,-1.1755e+20
369,-1.178e+20
370,-1.1786e+20
371,-1.1789e+20
3370,-1.1789e+20
372,-1.1794e+20
373,-1.1798e+20
374,-1.1801e+20
375,-1.1802e+20
376,-1.1808e+20
377,-1.1811e+20
378,-1.1817e+20
379,-1.1831e+20
5512,-1.1834e+20
4865,-1.1836e+20
380,-1.1837e+20
381,-1.1837e+20
382,-1.1874e+20
383,-1.1875e+20
384,-1.1876e+20
385,-1.1879e+20
386,-1.1885e+20
387,-1.1887e+20
388,-1.1898e+20
389,-1.19e+20
5494,-1.191e+20
390,-1.1929e+20
391,-1.1945e+20
392,-1.1947e+20
393,-1.1957e+20
394,-1.1957e+20
395,-1.1959e+20
396,-1.1964e+20
397,-1.1982e+20
398,-1.1985e+20
399,-1.1987e+20
3565,-1.1999e+20
400,-1.2003e+20
401,-1.2007e+20
402,-1.2008e+20
403,-1.2011e+20
3348,-1.2012e+20
404,-1.2019e+20
3468,-1.2021e+20
2656,-1.2024e+20
405,-1.203e+20
406,-1.2037e+20
407,-1.206e+20
408,-1.2073e+20
409,-1.2076e+20
410,-1.2077e+20
411,-1.2087e+20
412,-1.2103e+20
413,-1.2114e+20
414,-1.2121e+20
415,-1.2134e+20
416,-1.214e+20
4331,-1.2143e+20
417,-1.2168e+20
418,-1.2181e+20
419,-1.2184e+20
420,-1.2185e+20
3249,-1.2186e+20
2264,-1.2187e+20
421,-1.2197e+20
4666,-1.2203e+20
422,-1.2211e+20
423,-1.2213e+20
424,-1.222e+20
425,-1.2233e+20
426,-1.2247e+20
427,-1.2255e+20
428,-1.226e+20
429,-1.2262e+20
430,-1.2272e+20
4552,-1.2278e+20
431,-1.2281e+20
3569,-1.229e+20
432,-1.2293e+20
433,-1.2295e+20
434,-1.2297e+20
435,-1.2301e+20
436,-1.2311e+20
437,-1.2311e+20
3269,-1.2316e+20
438,-1.2335e+20
439,-1.2344e+20
440,-1.2358e+20
441,-1.236e+20
442,-1.2363e+20
443,-1.2365e+20
444,-1.2368e+20
445,-1.2369e+20
446,-1.2403e+20
447,-1.2411e+20
448,-1.2418e+20
449,-1.2429e+20
4070,-1.2441e+20
450,-1.2442e+20
451,-1.2449e+20
452,-1.245e+20
453,-1.2454e+20
454,-1.2462e+20
455,-1.2477e+20
456,-1.248e+20
457,-1.2483e+20
458,-1.2488e+20
459,-1.249e+20
460,-1.2496e+20
461,-1.2502e+20
462,-1.2522e+20
463,-1.2522e+20
464,-1.2525e+20
465,-1.2527e+20
466,-1.2544e+20
467,-1.2547e+20
2735,-1.2564e+20
468,-1.2573e+20
469,-1.2579e+20
470,-1.258e+20
471,-1.2603e+20
5212,-1.2608e+20
472,-1.2611e+20
5123,-1.2614e+20
473,-1.2626e+20
474,-1.2629e+20
3405,-1.2633e+20
475,-1.2652e+20
476,-1.2654e+20
477,-1.2663e+20
478,-1.2674e+20
479,-1.2678e+20
5011,-1.2682e+20
480,-1.2685e+20
481,-1.2685e+20
4889,-1.2687e+20
482,-1.2692e+20
483,-1.2698e+20
3103,-1.2707e+20
484,-1.2726e+20
485,-1.273e+20
2635,-1.2745e+20
486,-1.2748e+20
487,-1.2758e+20
488,-1.2758e+20
2474,-1.2767e+20
489,-1.2771e+20
490,-1.2772e+20
2910,-1.2791e+20
5304,-1.2796e+20
491,-1.2807e+20
492,-1.2808e+20
4280,-1.2823e+20
493,-1.2831e+20
494,-1.2833e+20
495,-1.2848e+20
496,-1.2855e+20
497,-1.2855e+20
498,-1.2856e+20
499,-1.2875e+20
500,-1.288e+20
501,-1.2882e+20
4066,-1.2887e+20
4400,-1.2888e+20
4694,-1.2888e+20
502,-1.2889e+20
503,-1.289e+20
2640,-1.289e+20
504,-1.2892e+20
505,-1.2895e+20
506,-1.2901e+20
507,-1.2902e+20
508,-1.2906e+20
509,-1.2911e+20
510,-1.2912e+20
511,-1.2913e+20
512,-1.2917e+20
513,-1.2918e+20
514,-1.2928e+20
515,-1.2938e+20
3068,-1.294e+20
516,-1.2942e+20
517,-1.2946e+20
518,-1.2953e+20
519,-1.2967e+20
520,-1.2968e+20
521,-1.2974e+20
3971,-1.2988e+20
522,-1.3004e+20
523,-1.3009e+20
524,-1.3029e+20
525,-1.3037e+20
5525,-1.3074e+20
3182,-1.308e+20
526,-1.3103e+20
527,-1.3108e+20
528,-1.312e+20
529,-1.3126e+20
530,-1.3144e+20
531,-1.3152e+20
532,-1.317e+20
533,-1.3171e+20
2826,-1.3172e+20
534,-1.3185e+20
535,-1.3185e+20
536,-1.3191e+20
537,-1.3194e+20
538,-1.3195e+20
539,-1.3195e+20
540,-1.3196e+20
4439,-1.32e+20
3184,-1.3202e+20
541,-1.3204e+20
542,-1.3207e+20
543,-1.3209e+20
544,-1.3213e+20
545,-1.3217e+20
546,-1.3218e+20
547,-1.3219e+20
548,-1.3228e+20
549,-1.3231e+20
550,-1.3232e+20
551,-1.3234e+20
552,-1.3238e+20
553,-1.3238e+20
554,-1.3242e+20
555,-1.3271e+20
556,-1.3274e+20
557,-1.328e+20
3630,-1.3287e+20
558,-1.3302e+20
559,-1.3326e+20
560,-1.3334e+20
561,-1.3336e+20
562,-1.3337e+20
563,-1.3339e+20
3785,-1.3344e+20
564,-1.3349e+20
565,-1.3354e+20
566,-1.3355e+20
567,-1.3359e+20
568,-1.336e+20
569,-1.3365e+20
570,-1.3366e+20
571,-1.3377e+20
572,-1.3378e+20
573,-1.3379e+20
574,-1.3387e+20
575,-1.3389e+20
576,-1.3402e+20
577,-1.3411e+20
578,-1.3414e+20
5599,-1.3448e+20
579,-1.346e+20
580,-1.3474e+20
581,-1.349e+20
582,-1.3507e+20
583,-1.3515e+20
3696,-1.3516e+20
584,-1.353e+20
5436,-1.3534e+20
585,-1.3537e+20
586,-1.3537e+20
587,-1.3547e+20
588,-1.3547e+20
589,-1.356e+20
590,-1.3568e+20
591,-1.3569e+20
592,-1.3581e+20
2400,-1.3591e+20
593,-1.3598e+20
594,-1.36e+20
595,-1.3612e+20
596,-1.3614e+20
597,-1.3642e+20
598,-1.3643e+20
599,-1.3647e+20
600,-1.3658e+20
601,-1.3659e+20
602,-1.367e+20
603,-1.3671e+20
604,-1.3673e+20
3796,-1.3684e+20
605,-1.369e+20
5063,-1.3691e+20
606,-1.3705e+20
607,-1.3718e+20
608,-1.373e+20
609,-1.3734e+20
610,-1.3736e+20
4017,-1.3762e+20
611,-1.3773e+20
612,-1.3777e+20
613,-1.3782e+20
614,-1.3792e+20
615,-1.3798e+20
616,-1.3809e+20
617,-1.3816e+20
618,-1.3845e+20
619,-1.3857e+20
620,-1.3861e+20
621,-1.3866e+20
622,-1.3869e+20
3139,-1.3878e+20
623,-1.3888e+20
624,-1.3909e+20
625,-1.3914e+20
626,-1.392e+20
627,-1.3924e+20
628,-1.393e+20
629,-1.3931e+20
3703,-1.3937e+20
630,-1.3966e+20
631,-1.3968e+20
632,-1.3972e+20
2352,-1.4005e+20
3954,-1.401e+20
633,-1.4013e+20
634,-1.4019e+20
635,-1.4022e+20
636,-1.4035e+20
637,-1.4051e+20
638,-1.4067e+20
639,-1.4069e+20
640,-1.4071e+20
641,-1.4074e+20
642,-1.4082e+20
643,-1.4082e+20
644,-1.4092e+20
645,-1.4096e+20
646,-1.4098e+20
647,-1.4129e+20
648,-1.413e+20
649,-1.4133e+20
650,-1.4134e+20
5424,-1.4138e+20
651,-1.4149e+20
652,-1.4156e+20
653,-1.4163e+20
654,-1.4167e+20
655,-1.4169e+20
656,-1.4182e+20
657,-1.4199e+20
658,-1.42e+20
659,-1.4207e+20
660,-1.4238e+20
2722,-1.4242e+20
4595,-1.4249e+20
661,-1.4255e+20
662,-1.4263e+20
4874,-1.4275e+20
663,-1.4284e+20
664,-1.4289e+20
665,-1.4291e+20
666,-1.4294e+20
667,-1.4299e+20
5476,-1.43e+20
668,-1.4301e+20
669,-1.4303e+20
2554,-1.4305e+20
670,-1.4306e+20
671,-1.4307e+20
2861,-1.4325e+20
672,-1.433e+20
673,-1.4334e+20
674,-1.4338e+20
675,-1.4344e+20
676,-1.4351e+20
677,-1.4364e+20
678,-1.4376e+20
679,-1.4379e+20
680,-1.4387e+20
681,-1.439e+20
682,-1.4394e+20
683,-1.4411e+20
4127,-1.4412e+20
684,-1.4417e+20
2871,-1.4418e+20
5169,-1.444e+20
685,-1.4444e+20
3233,-1.4454e+20
686,-1.4456e+20
687,-1.447e+20
688,-1.4484e+20
689,-1.4485e+20
2753,-1.4488e+20
690,-1.4508e+20
691,-1.4511e+20
692,-1.4523e+20
3770,-1.4528e+20
2465,-1.4531e+20
693,-1.4534e+20
3170,-1.4539e+20
694,-1.4544e+20
695,-1.4548e+20
2763,-1.4551e+20
3744,-1.4562e+20
696,-1.4564e+20
697,-1.4572e+20
698,-1.4578e+20
699,-1.4581e+20
700,-1.4608e+20
701,-1.4612e+20
702,-1.4619e+20
2883,-1.4624e+20
703,-1.4625e+20
704,-1.464e+20
2248,-1.4641e+20
705,-1.4641e+20
706,-1.4649e+20
707,-1.4652e+20
708,-1.4658e+20
2990,-1.4675e+20
709,-1.4681e+20
710,-1.4707e+20
711,-1.4709e+20
712,-1.472e+20
713,-1.4723e+20
714,-1.4729e+20
715,-1.4729e+20
716,-1.4734e+20
717,-1.4737e+20
718,-1.4741e+20
719,-1.4743e+20
720,-1.4747e+20
721,-1.4748e+20
722,-1.4752e+20
723,-1.4757e+20
724,-1.4759e+20
4518,-1.4771e+20
725,-1.4781e+20
4517,-1.4824e+20
726,-1.4825e+20
727,-1.4828e+20
728,-1.4828e+20
2284,-1.483e+20
729,-1.4839e+20
730,-1.4858e+20
731,-1.4865e+20
732,-1.487e+20
733,-1.4873e+20
734,-1.4883e+20
735,-1.4893e+20
5594,-1.4894e+20
736,-1.4896e+20
737,-1.4899e+20
738,-1.4905e+20
739,-1.4906e+20
740,-1.4908e+20
741,-1.4914e+20
742,-1.4919e+20
2693,-1.4924e+20
743,-1.4929e+20
744,-1.4946e+20
745,-1.4949e+20
746,-1.4949e+20
747,-1.495e+20
748,-1.4959e+20
749,-1.4971e+20
750,-1.4977e+20
751,-1.4979e+20
752,-1.4979e+20
753,-1.4981e+20
754,-1.5003e+20
755,-1.5006e+20
756,-1.5008e+20
757,-1.5011e+20
758,-1.502e+20
759,-1.5021e+20
760,-1.5024e+20
761,-1.5041e+20
762,-1.5047e+20
763,-1.5075e+20
5185,-1.5084e+20
764,-1.5085e+20
765,-1.5086e+20
766,-1.5086e+20
767,-1.5102e+20
768,-1.5105e+20
769,-1.5118e+20
770,-1.5122e+20
771,-1.513e+20
772,-1.5137e+20
2587,-1.5158e+20
2706,-1.5183e+20
773,-1.5196e+20
774,-1.5196e+20
4367,-1.5211e+20
5442,-1.5243e+20
775,-1.5243e+20
776,-1.5249e+20
777,-1.5255e+20
778,-1.5282e+20
2533,-1.529e+20
779,-1.5292e+20
780,-1.5294e+20
781,-1.5302e+20
3764,-1.531e+20
782,-1.5325e+20
3214,-1.5326e+20
783,-1.5338e+20
3550,-1.5342e+20
784,-1.5343e+20
785,-1.5347e+20
786,-1.5348e+20
787,-1.5355e+20
788,-1.5358e+20
3105,-1.536e+20
2278,-1.5376e+20
789,-1.5377e+20
790,-1.5383e+20
791,-1.5383e+20
3616,-1.5384e+20
792,-1.5385e+20
3902,-1.5386e+20
793,-1.5387e+20
794,-1.5389e+20
795,-1.5414e+20
796,-1.5433e+20
797,-1.5444e+20
798,-1.5449e+20
799,-1.5454e+20
5504,-1.5465e+20
800,-1.547e+20
2897,-1.5472e+20
801,-1.5472e+20
802,-1.5482e+20
5552,-1.5484e+20
803,-1.5485e+20
804,-1.5485e+20
805,-1.5494e+20
806,-1.5495e+20
807,-1.5503e+20
808,-1.5506e+20
809,-1.5507e+20
810,-1.5527e+20
811,-1.5533e+20
812,-1.5543e+20
813,-1.5545e+20
814,-1.5546e+20
815,-1.5558e+20
816,-1.5569e+20
817,-1.5573e+20
3439,-1.5578e+20
3751,-1.559e+20
818,-1.5596e+20
819,-1.5617e+20
820,-1.5619e+20
821,-1.5621e+20
822,-1.5632e+20
823,-1.564e+20
824,-1.5655e+20
825,-1.5655e+20
826,-1.5686e+20
827,-1.5691e+20
828,-1.5691e+20
829,-1.5693e+20
830,-1.5698e+20
831,-1.5701e+20
832,-1.5705e+20
833,-1.5706e+20
834,-1.5713e+20
2618,-1.5718e+20
835,-1.572e+20
836,-1.5721e+20
837,-1.5722e+20
2463,-1.5724e+20
838,-1.5726e+20
839,-1.5728e+20
840,-1.573e+20
841,-1.573e+20
842,-1.5734e+20
843,-1.5739e+20
844,-1.5743e+20
845,-1.5745e+20
2920,-1.5755e+20
846,-1.5756e+20
847,-1.5772e+20
848,-1.5784e+20
849,-1.5786e+20
850,-1.5788e+20
851,-1.5789e+20
852,-1.5789e+20
853,-1.5795e+20
854,-1.5805e+20
855,-1.5805e+20
856,-1.5807e+20
857,-1.5815e+20
858,-1.5818e+20
859,-1.5819e+20
5437,-1.5824e+20
860,-1.5825e+20
861,-1.5826e+20
2822,-1.5833e+20
862,-1.586e+20
3779,-1.5861e+20
3353,-1.587e+20
863,-1.5873e+20
864,-1.5875e+20
865,-1.5888e+20
866,-1.5888e+20
867,-1.589e+20
3931,-1.589e+20
868,-1.5904e+20
869,-1.5904e+20
870,-1.5911e+20
871,-1.5911e+20
872,-1.5938e+20
873,-1.5939e+20
874,-1.5952e+20
875,-1.5953e+20
876,-1.5955e+20
877,-1.5955e+20
878,-1.5962e+20
3628,-1.5979e+20
879,-1.598e+20
880,-1.5982e+20
881,-1.6005e+20
882,-1.6006e+20
883,-1.6007e+20
884,-1.6018e+20
885,-1.6021e+20
886,-1.603e+20
887,-1.604e+20
888,-1.6056e+20
889,-1.6059e+20
890,-1.6064e+20
891,-1.6064e+20
892,-1.6066e+20
893,-1.6068e+20
894,-1.6072e+20
895,-1.6074e+20
896,-1.6074e+20
897,-1.608e+20
898,-1.6083e+20
899,-1.6088e+20
900,-1.6089e+20
901,-1.6092e+20
902,-1.611e+20
903,-1.6148e+20
904,-1.6154e+20
905,-1.6155e+20
906,-1.6157e+20
907,-1.6164e+20
908,-1.618e+20
3555,-1.6188e+20
909,-1.619e+20
4299,-1.6193e+20
910,-1.6201e+20
911,-1.623e+20
912,-1.6233e+20
913,-1.6234e+20
914,-1.6241e+20
2740,-1.6245e+20
5191,-1.6256e+20
915,-1.6261e+20
916,-1.6271e+20
917,-1.6276e+20
918,-1.6278e+20
2518,-1.628e+20
919,-1.6291e+20
3549,-1.6307e+20
920,-1.6307e+20
921,-1.6319e+20
922,-1.6332e+20
923,-1.6334e+20
924,-1.6337e+20
2383,-1.6345e+20
4497,-1.6361e+20
925,-1.6369e+20
926,-1.6379e+20
927,-1.6393e+20
928,-1.6394e+20
929,-1.6396e+20
930,-1.6408e+20
931,-1.6411e+20
5183,-1.6417e+20
932,-1.6418e+20
933,-1.6426e+20
934,-1.6427e+20
935,-1.6434e+20
5003,-1.6455e+20
3821,-1.6458e+20
936,-1.6463e+20
937,-1.6466e+20
938,-1.6471e+20
939,-1.6483e+20
940,-1.6492e+20
941,-1.6504e+20
2249,-1.6505e+20
942,-1.6511e+20
943,-1.6513e+20
944,-1.6515e+20
945,-1.6531e+20
946,-1.6531e+20
947,-1.6531e+20
948,-1.6533e+20
4371,-1.6536e+20
949,-1.6554e+20
950,-1.6557e+20
2560,-1.6567e+20
5084,-1.6568e+20
951,-1.6593e+20
952,-1.6605e+20
2372,-1.6608e+20
953,-1.6639e+20
2347,-1.6642e+20
954,-1.6645e+20
955,-1.6655e+20
956,-1.6658e+20
957,-1.6661e+20
958,-1.6663e+20
959,-1.6665e+20
3427,-1.667e+20
960,-1.6673e+20
961,-1.6676e+20
962,-1.6678e+20
963,-1.6699e+20
964,-1.6701e+20
965,-1.6705e+20
966,-1.6715e+20
967,-1.6733e+20
968,-1.6735e+20
969,-1.6736e+20
970,-1.674e+20
971,-1.6742e+20
972,-1.6746e+20
973,-1.6748e+20
974,-1.6749e+20
975,-1.6752e+20
976,-1.6768e+20
977,-1.6786e+20
978,-1.6801e+20
979,-1.6804e+20
3824,-1.6811e+20
980,-1.682e+20
981,-1.6821e+20
3127,-1.6821e+20
3873,-1.6822e+20
4003,-1.6825e+20
982,-1.6833e+20
983,-1.6834e+20
984,-1.6835e+20
985,-1.684e+20
986,-1.6842e+20
987,-1.6863e+20
988,-1.6865e+20
2879,-1.6869e+20
989,-1.687e+20
3807,-1.6875e+20
2351,-1.688e+20
4050,-1.6883e+20
4997,-1.6912e+20
990,-1.6913e+20
4323,-1.6915e+20
991,-1.6917e+20
992,-1.6927e+20
993,-1.6927e+20
994,-1.6927e+20
995,-1.693e+20
996,-1.6959e+20
997,-1.696e+20
998,-1.6963e+20
999,-1.6973e+20
2559,-1.6986e+20
1000,-1.6995e+20
1001,-1.7007e+20
1002,-1.7015e+20
1003,-1.7019e+20
1004,-1.7028e+20
1005,-1.7054e+20
1006,-1.7056e+20
1007,-1.7058e+20
1008,-1.7068e+20
1009,-1.7092e+20
1010,-1.7106e+20
1011,-1.7111e+20
1012,-1.7129e+20
2252,-1.713e+20
1013,-1.7136e+20
1014,-1.7144e+20
1015,-1.7151e+20
4530,-1.7155e+20
1016,-1.7156e+20
1017,-1.7161e+20
1018,-1.7162e+20
1019,-1.7164e+20
1020,-1.7168e+20
1021,-1.717e+20
1022,-1.7173e+20
4392,-1.7206e+20
1023,-1.7224e+20
1024,-1.7233e+20
1025,-1.7238e+20
1026,-1.724e+20
3800,-1.7241e+20
1027,-1.7242e+20
1028,-1.7258e+20
1029,-1.7263e+20
1030,-1.7264e+20
1031,-1.7268e+20
4278,-1.7272e+20
2649,-1.7274e+20
3538,-1.7275e+20
1032,-1.7276e+20
1033,-1.7277e+20
4939,-1.7279e+20
4214,-1.7283e+20
1034,-1.7285e+20
1035,-1.7287e+20
4155,-1.7296e+20
1036,-1.7309e+20
1037,-1.732e+20
1038,-1.7322e+20
1039,-1.7324e+20
2804,-1.7328e+20
1040,-1.734e+20
1041,-1.734e+20
3451,-1.7344e+20
1042,-1.7345e+20
1043,-1.7351e+20
1044,-1.7351e+20
1045,-1.7356e+20
1046,-1.7362e+20
1047,-1.7368e+20
1048,-1.7374e+20
1049,-1.7381e+20
1050,-1.7385e+20
1051,-1.7399e+20
5386,-1.74e+20
1052,-1.7407e+20
1053,-1.7412e+20
1054,-1.7419e+20
1055,-1.7427e+20
1056,-1.7439e+20
1057,-1.7442e+20
4809,-1.7446e+20
1058,-1.7458e+20
4453,-1.7468e+20
2526,-1.7472e+20
1059,-1.7474e+20
1060,-1.7474e+20
5222,-1.7488e+20
5404,-1.7503e+20
1061,-1.751e+20
1062,-1.7512e+20
1063,-1.7517e+20
1064,-1.753e+20
2374,-1.7563e+20
1065,-1.7571e+20
5505,-1.7576e+20
3360,-1.7577e+20
1066,-1.758e+20
1067,-1.7617e+20
1068,-1.7622e+20
1069,-1.7624e+20
1070,-1.7636e+20
2561,-1.7636e+20
1071,-1.7653e+20
1072,-1.766e+20
1073,-1.7666e+20
1074,-1.7667e+20
1075,-1.7681e+20
1076,-1.7682e+20
1077,-1.7705e+20
1078,-1.7706e+20
1079,-1.7713e+20
1080,-1.7717e+20
1081,-1.7721e+20
1082,-1.7724e+20
1083,-1.7736e+20
1084,-1.7742e+20
1085,-1.7748e+20
2441,-1.7759e+20
1086,-1.776e+20
1087,-1.7775e+20
1088,-1.7775e+20
1089,-1.7778e+20
1090,-1.7783e+20
1091,-1.7784e+20
1092,-1.7793e+20
1093,-1.7794e+20
4359,-1.7799e+20
1094,-1.7805e+20
1095,-1.781e+20
5174,-1.7813e+20
1096,-1.7825e+20
1097,-1.7836e+20
5588,-1.7837e+20
4335,-1.7851e+20
1098,-1.7851e+20
1099,-1.7856e+20
1100,-1.7867e+20
2695,-1.7871e+20
5210,-1.7873e+20
1101,-1.7893e+20
1102,-1.7901e+20
1103,-1.7908e+20
1104,-1.791e+20
1105,-1.7925e+20
1106,-1.7945e+20
1107,-1.7946e+20
4019,-1.7971e+20
1108,-1.7987e+20
2997,-1.7994e+20
1109,-1.8e+20
1110,-1.8012e+20
1111,-1.8017e+20
1112,-1.8033e+20
1113,-1.8042e+20
4542,-1.8069e+20
1114,-1.8069e+20
1115,-1.8071e+20
1116,-1.8075e+20
1117,-1.8105e+20
1118,-1.812e+20
1119,-1.8124e+20
1120,-1.813e+20
1121,-1.8138e+20
1122,-1.8143e+20
1123,-1.8148e+20
1124,-1.8155e+20
1125,-1.8198e+20
1126,-1.8199e+20
1127,-1.82e+20
1128,-1.8209e+20
1129,-1.8221e+20
1130,-1.823e+20
1131,-1.8234e+20
1132,-1.8235e+20
1133,-1.824e+20
1134,-1.8243e+20
1135,-1.8246e+20
5242,-1.8251e+20
1136,-1.8256e+20
1137,-1.8263e+20
1138,-1.8286e+20
1139,-1.8298e+20
1140,-1.83e+20
1141,-1.8322e+20
1142,-1.8332e+20
1143,-1.8339e+20
1144,-1.8347e+20
1145,-1.8349e+20
1146,-1.8351e+20
1147,-1.8358e+20
1148,-1.8371e+20
1149,-1.8393e+20
1150,-1.84e+20
1151,-1.84e+20
1152,-1.84e+20
1153,-1.8407e+20
3693,-1.8409e+20
1154,-1.841e+20
1155,-1.8427e+20
1156,-1.8429e+20
1157,-1.8442e+20
1158,-1.8449e+20
1159,-1.845e+20
1160,-1.8454e+20
1161,-1.8461e+20
1162,-1.8465e+20
1163,-1.847e+20
5075,-1.8477e+20
1164,-1.8496e+20
4577,-1.8501e+20
1165,-1.8516e+20
1166,-1.8523e+20
1167,-1.8525e+20
1168,-1.853e+20
1169,-1.8538e+20
3574,-1.8545e+20
2620,-1.8575e+20
1170,-1.8587e+20
1171,-1.8601e+20
1172,-1.8604e+20
1173,-1.8615e+20
1174,-1.8622e+20
1175,-1.8628e+20
1176,-1.863e+20
1177,-1.8665e+20
1178,-1.8665e+20
1179,-1.8679e+20
1180,-1.8695e+20
1181,-1.8708e+20
1182,-1.8711e+20
1183,-1.8722e+20
1184,-1.8725e+20
1185,-1.8726e+20
1186,-1.8731e+20
1187,-1.8751e+20
1188,-1.8764e+20
1189,-1.8767e+20
1190,-1.8782e+20
5344,-1.8785e+20
1191,-1.8791e+20
1192,-1.8791e+20
1193,-1.8795e+20
1194,-1.8796e+20
1195,-1.8802e+20
1196,-1.881e+20
1197,-1.882e+20
1198,-1.8839e+20
1199,-1.8848e+20
1200,-1.885e+20
1201,-1.8852e+20
1202,-1.8858e+20
4631,-1.8874e+20
1203,-1.8879e+20
1204,-1.8886e+20
4218,-1.8893e+20
1205,-1.8894e+20
1206,-1.8922e+20
3171,-1.8929e+20
1207,-1.8932e+20
1208,-1.896e+20
2513,-1.8964e+20
1209,-1.8973e+20
1210,-1.8981e+20
1211,-1.8982e+20
1212,-1.8994e+20
1213,-1.9012e+20
1214,-1.9016e+20
1215,-1.902e+20
1216,-1.9023e+20
1217,-1.906e+20
1218,-1.9064e+20
1219,-1.907e+20
1220,-1.9081e+20
1221,-1.9096e+20
1222,-1.91e+20
1223,-1.9114e+20
1224,-1.9117e+20
1225,-1.9118e+20
1226,-1.9139e+20
1227,-1.9145e+20
1228,-1.9152e+20
1229,-1.9157e+20
1230,-1.9161e+20
1231,-1.9169e+20
1232,-1.9191e+20
1233,-1.9192e+20
1234,-1.9203e+20
1235,-1.9204e+20
1236,-1.9207e+20
2556,-1.9208e+20
1237,-1.9209e+20
1238,-1.9216e+20
1239,-1.9219e+20
1240,-1.9219e+20
1241,-1.9236e+20
1242,-1.9238e+20
1243,-1.928e+20
1244,-1.9283e+20
1245,-1.9287e+20
1246,-1.9291e+20
1247,-1.9308e+20
1248,-1.9309e+20
1249,-1.9314e+20
1250,-1.9323e+20
1251,-1.9325e+20
1252,-1.9332e+20
1253,-1.934e+20
1254,-1.9342e+20
1255,-1.9342e+20
1256,-1.9348e+20
5516,-1.9349e+20
1257,-1.9355e+20
1258,-1.9357e+20
2745,-1.9364e+20
1259,-1.9365e+20
1260,-1.937e+20
1261,-1.9373e+20
1262,-1.9393e+20
4726,-1.9395e+20
1263,-1.9398e+20
1264,-1.9402e+20
1265,-1.9402e+20
1266,-1.9404e+20
1267,-1.9417e+20
1268,-1.942e+20
3509,-1.9427e+20
1269,-1.9431e+20
1270,-1.9443e+20
1271,-1.9451e+20
1272,-1.9481e+20
1273,-1.9485e+20
1274,-1.949e+20
1275,-1.95e+20
1276,-1.953e+20
1277,-1.955e+20
2962,-1.958e+20
1278,-1.9587e+20
3093,-1.9591e+20
1279,-1.9593e+20
1280,-1.9601e+20
1281,-1.9601e+20
1282,-1.9602e+20
1283,-1.9603e+20
4935,-1.9603e+20
1284,-1.9609e+20
1285,-1.9611e+20
1286,-1.963e+20
1287,-1.9632e+20
1288,-1.9633e+20
1289,-1.9645e+20
1290,-1.9656e+20
1291,-1.9657e+20
1292,-1.9659e+20
1293,-1.9665e+20
1294,-1.968e+20
1295,-1.9688e+20
1296,-1.9695e+20
1297,-1.9698e+20
1298,-1.9701e+20
1299,-1.9702e+20
1300,-1.9719e+20
1301,-1.972e+20
2377,-1.9723e+20
1302,-1.9732e+20
1303,-1.9738e+20
1304,-1.9739e+20
1305,-1.9745e+20
1306,-1.9766e+20
1307,-1.9769e+20
1308,-1.9783e+20
1309,-1.9805e+20
1310,-1.9808e+20
1311,-1.982e+20
1312,-1.9826e+20
1313,-1.9826e+20
1314,-1.9833e+20
1315,-1.9846e+20
1316,-1.985e+20
1317,-1.9856e+20
1318,-1.9868e+20
1319,-1.9872e+20
1320,-1.9874e+20
1321,-1.9888e+20
1322,-1.9894e+20
1323,-1.9928e+20
1324,-1.9942e+20
1325,-1.9944e+20
1326,-1.9957e+20
1327,-1.9966e+20
1328,-1.9978e+20
1329,-1.9982e+20
1330,-1.9988e+20
1331,-1.999e+20
1332,-1.9993e+20
1333,-2.0013e+20
1334,-2.0049e+20
1335,-2.0067e+20
2417,-2.0081e+20
1336,-2.0129e+20
1337,-2.0133e+20
4884,-2.0151e+20
1338,-2.0154e+20
3210,-2.0157e+20
1339,-2.0166e+20
1340,-2.0174e+20
1341,-2.0183e+20
1342,-2.0189e+20
5044,-2.0195e+20
1343,-2.0197e+20
1344,-2.0207e+20
1345,-2.0208e+20
1346,-2.0217e+20
1347,-2.0224e+20
1348,-2.0231e+20
1349,-2.0233e+20
4389,-2.0237e+20
1350,-2.0241e+20
1351,-2.0257e+20
1352,-2.0257e+20
1353,-2.0282e+20
1354,-2.0296e+20
1355,-2.0307e+20
1356,-2.031e+20
1357,-2.031e+20
1358,-2.033e+20
1359,-2.0332e+20
1360,-2.034e+20
1361,-2.0362e+20
1362,-2.0376e+20
1363,-2.0378e+20
1364,-2.0387e+20
1365,-2.039e+20
1366,-2.0391e+20
1367,-2.0398e+20
1368,-2.04e+20
5171,-2.043e+20
1369,-2.043e+20
1370,-2.0432e+20
1371,-2.0437e+20
1372,-2.0437e+20
4460,-2.0445e+20
1373,-2.0446e+20
1374,-2.0448e+20
1375,-2.0454e+20
3963,-2.0462e+20
1376,-2.0472e+20
1377,-2.0473e+20
1378,-2.0477e+20
1379,-2.0482e+20
1380,-2.0487e+20
1381,-2.0504e+20
4352,-2.0504e+20
3330,-2.0508e+20
1382,-2.0509e+20
1383,-2.052e+20
1384,-2.0524e+20
1385,-2.0534e+20
2567,-2.0545e+20
1386,-2.055e+20
1387,-2.0559e+20
1388,-2.0562e+20
1389,-2.0565e+20
1390,-2.0573e+20
1391,-2.0601e+20
1392,-2.0607e+20
1393,-2.0609e+20
1394,-2.0626e+20
1395,-2.0681e+20
1396,-2.0684e+20
5563,-2.069e+20
1397,-2.0695e+20
1398,-2.0699e+20
1399,-2.07e+20
1400,-2.0709e+20
1401,-2.0712e+20
1402,-2.0713e+20
1403,-2.0713e+20
1404,-2.0714e+20
1405,-2.0715e+20
1406,-2.0727e+20
1407,-2.0761e+20
1408,-2.077e+20
1409,-2.0772e+20
1410,-2.0794e+20
1411,-2.0811e+20
1412,-2.082e+20
1413,-2.0828e+20
1414,-2.0832e+20
1415,-2.0836e+20
1416,-2.0843e+20
1417,-2.0844e+20
1418,-2.0866e+20
1419,-2.0866e+20
1420,-2.0869e+20
1421,-2.0884e+20
1422,-2.0884e+20
1423,-2.0893e+20
1424,-2.0897e+20
1425,-2.0923e+20
1426,-2.0923e+20
1427,-2.0924e+20
1428,-2.0928e+20
5069,-2.094e+20
1429,-2.0945e+20
1430,-2.095e+20
1431,-2.0952e+20
1432,-2.0963e+20
1433,-2.0964e+20
1434,-2.0971e+20
1435,-2.0973e+20
1436,-2.0978e+20
4294,-2.098e+20
3858,-2.0981e+20
1437,-2.0988e+20
3694,-2.1015e+20
1438,-2.1018e+20
1439,-2.1024e+20
1440,-2.1027e+20
5050,-2.103e+20
1441,-2.1047e+20
1442,-2.1053e+20
1443,-2.1066e+20
1444,-2.1074e+20
1445,-2.1083e+20
1446,-2.1112e+20
1447,-2.1113e+20
1448,-2.1121e+20
1449,-2.1121e+20
1450,-2.1122e+20
1451,-2.1137e+20
1452,-2.1141e+20
1453,-2.1148e+20
1454,-2.1159e+20
1455,-2.1164e+20
4944,-2.1166e+20
2542,-2.117e+20
1456,-2.1179e+20
1457,-2.1184e+20
1458,-2.1195e+20
1459,-2.1235e+20
1460,-2.1244e+20
5145,-2.126e+20
4138,-2.1269e+20
3982,-2.1292e+20
1461,-2.1293e+20
1462,-2.1296e+20
1463,-2.1303e+20
3381,-2.1309e+20
2676,-2.1315e+20
1464,-2.1321e+20
1465,-2.1323e+20
1466,-2.1336e+20
1467,-2.1355e+20
1468,-2.1365e+20
1469,-2.1368e+20
1470,-2.1369e+20
2282,-2.1372e+20
1471,-2.1373e+20
1472,-2.1379e+20
1473,-2.1389e+20
3993,-2.1392e+20
1474,-2.1394e+20
1475,-2.1401e+20
1476,-2.1407e+20
1477,-2.1423e+20
1478,-2.1456e+20
1479,-2.1486e+20
1480,-2.1488e+20
1481,-2.1489e+20
1482,-2.149e+20
2535,-2.1508e+20
1483,-2.1516e+20
1484,-2.1524e+20
1485,-2.1539e+20
3444,-2.1543e+20
1486,-2.1545e+20
4647,-2.1545e+20
1487,-2.1558e+20
1488,-2.1561e+20
1489,-2.1592e+20
2585,-2.1604e+20
1490,-2.1628e+20
1491,-2.1636e+20
1492,-2.1638e+20
1493,-2.1642e+20
1494,-2.1648e+20
1495,-2.1661e+20
1496,-2.1662e+20
1497,-2.1677e+20
1498,-2.1684e+20
1499,-2.1685e+20
1500,-2.169e+20
1501,-2.17e+20
1502,-2.17e+20
1503,-2.1718e+20
5484,-2.1719e+20
1504,-2.1735e+20
1505,-2.1735e+20
1506,-2.1738e+20
2980,-2.1739e+20
1507,-2.1741e+20
1508,-2.1752e+20
1509,-2.1787e+20
4646,-2.181e+20
5326,-2.1813e+20
1510,-2.1815e+20
1511,-2.1819e+20
1512,-2.1821e+20
1513,-2.1825e+20
1514,-2.1826e+20
1515,-2.1835e+20
1516,-2.1839e+20
1517,-2.1841e+20
1518,-2.1846e+20
1519,-2.1847e+20
1520,-2.1872e+20
1521,-2.1875e+20
1522,-2.1893e+20
1523,-2.1896e+20
1524,-2.1896e+20
1525,-2.1901e+20
4385,-2.1908e+20
1526,-2.1911e+20
1527,-2.1933e+20
1528,-2.1957e+20
1529,-2.1966e+20
1530,-2.1975e+20
1531,-2.1982e+20
1532,-2.1989e+20
1533,-2.1995e+20
1534,-2.1997e+20
1535,-2.2014e+20
3245,-2.2015e+20
1536,-2.203e+20
1537,-2.2048e+20
5199,-2.2085e+20
1538,-2.21e+20
1539,-2.2101e+20
1540,-2.2129e+20
1541,-2.2134e+20
1542,-2.2139e+20
1543,-2.2152e+20
1544,-2.2157e+20
1545,-2.2158e+20
1546,-2.2167e+20
1547,-2.2186e+20
3022,-2.2192e+20
1548,-2.2194e+20
1549,-2.2196e+20
5489,-2.2197e+20
1550,-2.2198e+20
1551,-2.2203e+20
1552,-2.2204e+20
1553,-2.2206e+20
1554,-2.2207e+20
3270,-2.2222e+20
1555,-2.2223e+20
1556,-2.2228e+20
2777,-2.2232e+20
1557,-2.2242e+20
1558,-2.2248e+20
1559,-2.2254e+20
1560,-2.2255e+20
1561,-2.2257e+20
1562,-2.228e+20
1563,-2.2281e+20
1564,-2.2288e+20
1565,-2.2293e+20
1566,-2.233e+20
1567,-2.2354e+20
1568,-2.2362e+20
1569,-2.2377e+20
1570,-2.2388e+20
1571,-2.2405e+20
1572,-2.2417e+20
1573,-2.2423e+20
1574,-2.2431e+20
1575,-2.2432e+20
1576,-2.2443e+20
3290,-2.2445e+20
1577,-2.2456e+20
2375,-2.2463e+20
1578,-2.2463e+20
1579,-2.2465e+20
1580,-2.2473e+20
1581,-2.2488e+20
1582,-2.25e+20
1583,-2.2511e+20
1584,-2.252e+20
4873,-2.2551e+20
1585,-2.2558e+20
1586,-2.2566e+20
1587,-2.2575e+20
1588,-2.2589e+20
1589,-2.2596e+20
1590,-2.2597e+20
1591,-2.2604e+20
1592,-2.2612e+20
1593,-2.2617e+20
1594,-2.2635e+20
1595,-2.2659e+20
3551,-2.266e+20
4599,-2.2719e+20
1596,-2.2729e+20
1597,-2.2733e+20
1598,-2.275e+20
1599,-2.2752e+20
1600,-2.2755e+20
1601,-2.2763e+20
1602,-2.2772e+20
1603,-2.2801e+20
1604,-2.2811e+20
1605,-2.2823e+20
1606,-2.2829e+20
2527,-2.2844e+20
1607,-2.2851e+20
1608,-2.2863e+20
4295,-2.2876e+20
1609,-2.2888e+20
2726,-2.2895e+20
1610,-2.2897e+20
1611,-2.291e+20
1612,-2.2918e+20
1613,-2.2945e+20
1614,-2.2954e+20
1615,-2.2972e+20
1616,-2.2998e+20
1617,-2.3002e+20
1618,-2.3006e+20
2384,-2.3007e+20
1619,-2.301e+20
1620,-2.3011e+20
1621,-2.3015e+20
1622,-2.3019e+20
1623,-2.306e+20
1624,-2.3078e+20
1625,-2.3092e+20
1626,-2.3098e+20
1627,-2.3104e+20
4043,-2.311e+20
1628,-2.3124e+20
1629,-2.3125e+20
1630,-2.3172e+20
3197,-2.3177e+20
1631,-2.3203e+20
1632,-2.3205e+20
1633,-2.3224e+20
1634,-2.3256e+20
1635,-2.3265e+20
1636,-2.3288e+20
1637,-2.3294e+20
1638,-2.3307e+20
1639,-2.3338e+20
2925,-2.3344e+20
1640,-2.3358e+20
1641,-2.3367e+20
1642,-2.3373e+20
1643,-2.34e+20
1644,-2.3414e+20
1645,-2.3419e+20
1646,-2.3424e+20
1647,-2.343e+20
1648,-2.3441e+20
1649,-2.3442e+20
1650,-2.3471e+20
1651,-2.3483e+20
1652,-2.3495e+20
1653,-2.3498e+20
1654,-2.3519e+20
1655,-2.3551e+20
1656,-2.3553e+20
1657,-2.3567e+20
1658,-2.3573e+20
1659,-2.3583e+20
1660,-2.3587e+20
1661,-2.3588e+20
1662,-2.3607e+20
1663,-2.3632e+20
1664,-2.3634e+20
1665,-2.3681e+20
1666,-2.3682e+20
1667,-2.3706e+20
1668,-2.3712e+20
1669,-2.3714e+20
1670,-2.3729e+20
1671,-2.3741e+20
1672,-2.3743e+20
1673,-2.3769e+20
1674,-2.3783e+20
1675,-2.3793e+20
3737,-2.3811e+20
1676,-2.3834e+20
2999,-2.3836e+20
1677,-2.3851e+20
4569,-2.3866e+20
1678,-2.3874e+20
1679,-2.3882e+20
1680,-2.3899e+20
5429,-2.3914e+20
1681,-2.3934e+20
1682,-2.3941e+20
4150,-2.3978e+20
1683,-2.3988e+20
1684,-2.3991e+20
1685,-2.4005e+20
1686,-2.4035e+20
1687,-2.4036e+20
1688,-2.4038e+20
1689,-2.4045e+20
1690,-2.4053e+20
1691,-2.4053e+20
4363,-2.4081e+20
1692,-2.4095e+20
1693,-2.4095e+20
5353,-2.41e+20
1694,-2.4112e+20
1695,-2.4138e+20
1696,-2.4161e+20
1697,-2.4164e+20
1698,-2.4202e+20
1699,-2.4206e+20
1700,-2.4216e+20
1701,-2.4218e+20
3027,-2.4224e+20
1702,-2.4229e+20
1703,-2.4244e+20
1704,-2.4253e+20
1705,-2.426e+20
1706,-2.4292e+20
1707,-2.4306e+20
1708,-2.4313e+20
1709,-2.4315e+20
1710,-2.4329e+20
1711,-2.4354e+20
4526,-2.4373e+20
1712,-2.4386e+20
1713,-2.4392e+20
2805,-2.4405e+20
1714,-2.4411e+20
1715,-2.4426e+20
1716,-2.4436e+20
1717,-2.4445e+20
1718,-2.4477e+20
2853,-2.4481e+20
1719,-2.4488e+20
1720,-2.4492e+20
1721,-2.4493e+20
1722,-2.45e+20
1723,-2.4503e+20
1724,-2.4508e+20
1725,-2.452e+20
1726,-2.4533e+20
1727,-2.454e+20
3705,-2.4542e+20
1728,-2.4555e+20
1729,-2.4558e+20
1730,-2.4558e+20
1731,-2.4559e+20
1732,-2.4573e+20
1733,-2.4597e+20
1734,-2.4603e+20
1735,-2.4607e+20
1736,-2.4615e+20
1737,-2.4623e+20
1738,-2.4642e+20
1739,-2.4665e+20
4104,-2.4665e+20
1740,-2.4667e+20
1741,-2.4668e+20
1742,-2.4672e+20
1743,-2.469e+20
1744,-2.4691e+20
4432,-2.4697e+20
1745,-2.4698e+20
1746,-2.4729e+20
1747,-2.4762e+20
1748,-2.4762e+20
1749,-2.4763e+20
1750,-2.4779e+20
1751,-2.4779e+20
1752,-2.4798e+20
1753,-2.4801e+20
1754,-2.4803e+20
1755,-2.4805e+20
1756,-2.481e+20
1757,-2.4818e+20
1758,-2.4824e+20
1759,-2.4836e+20
1760,-2.4838e+20
1761,-2.4848e+20
1762,-2.4876e+20
1763,-2.4878e+20
1764,-2.4909e+20
1765,-2.4914e+20
1766,-2.4937e+20
2312,-2.4959e+20
1767,-2.496e+20
4640,-2.4962e+20
1768,-2.4963e+20
1769,-2.4975e+20
1770,-2.498e+20
1771,-2.4992e+20
1772,-2.501e+20
1773,-2.5014e+20
1774,-2.5023e+20
1775,-2.5025e+20
1776,-2.5048e+20
1777,-2.5086e+20
1778,-2.51e+20
1779,-2.5133e+20
1780,-2.5142e+20
1781,-2.5152e+20
1782,-2.5155e+20
1783,-2.5157e+20
1784,-2.5159e+20
1785,-2.5169e+20
1786,-2.5187e+20
1787,-2.5195e+20
1788,-2.5202e+20
1789,-2.5207e+20
1790,-2.5243e+20
1791,-2.5243e+20
3623,-2.5245e+20
1792,-2.5249e+20
1793,-2.5295e+20
1794,-2.5308e+20
1795,-2.5309e+20
1796,-2.5326e+20
1797,-2.5335e+20
1798,-2.5367e+20
1799,-2.5368e+20
1800,-2.5388e+20
1801,-2.5398e+20
1802,-2.5407e+20
2280,-2.5411e+20
1803,-2.5483e+20
1804,-2.5496e+20
1805,-2.5499e+20
1806,-2.5512e+20
1807,-2.5517e+20
1808,-2.5518e+20
1809,-2.553e+20
2659,-2.5567e+20
1810,-2.5568e+20
1811,-2.5581e+20
1812,-2.5583e+20
1813,-2.5586e+20
3478,-2.5589e+20
1814,-2.5598e+20
1815,-2.5601e+20
1816,-2.5609e+20
1817,-2.561e+20
1818,-2.5624e+20
4160,-2.5625e+20
1819,-2.5625e+20
1820,-2.5626e+20
1821,-2.5631e+20
1822,-2.5638e+20
1823,-2.5645e+20
1824,-2.5656e+20
1825,-2.5662e+20
1826,-2.5688e+20
1827,-2.5709e+20
1828,-2.5731e+20
1829,-2.5736e+20
1830,-2.5757e+20
1831,-2.576e+20
1832,-2.5787e+20
3793,-2.5811e+20
1833,-2.5819e+20
4186,-2.5826e+20
1834,-2.5831e+20
1835,-2.5835e+20
1836,-2.5851e+20
1837,-2.586e+20
1838,-2.586e+20
1839,-2.5866e+20
1840,-2.5869e+20
1841,-2.5871e+20
1842,-2.5875e+20
5375,-2.5877e+20
3437,-2.5883e+20
1843,-2.5899e+20
1844,-2.5909e+20
1845,-2.5912e+20
1846,-2.592e+20
1847,-2.5928e+20
1848,-2.5944e+20
1849,-2.5969e+20
1850,-2.5979e+20
1851,-2.5996e+20
1852,-2.6005e+20
1853,-2.601e+20
1854,-2.6017e+20
1855,-2.6019e+20
1856,-2.6021e+20
1857,-2.6056e+20
1858,-2.6058e+20
1859,-2.6068e+20
1860,-2.6076e+20
1861,-2.6089e+20
1862,-2.6142e+20
1863,-2.6154e+20
1864,-2.6157e+20
1865,-2.6158e+20
1866,-2.6171e+20
5362,-2.6191e+20
1867,-2.62e+20
1868,-2.6225e+20
3895,-2.6255e+20
1869,-2.6259e+20
1870,-2.6265e+20
1871,-2.627e+20
1872,-2.6274e+20
1873,-2.6285e+20
1874,-2.6301e+20
1875,-2.6306e+20
1876,-2.6319e+20
1877,-2.632e+20
1878,-2.6326e+20
1879,-2.6337e+20
1880,-2.6343e+20
1881,-2.6343e+20
1882,-2.6349e+20
4201,-2.6358e+20
1883,-2.6365e+20
1884,-2.6388e+20
4033,-2.6401e+20
1885,-2.6427e+20
1886,-2.6433e+20
5193,-2.6433e+20
1887,-2.6443e+20
1888,-2.6464e+20
1889,-2.6471e+20
1890,-2.6473e+20
1891,-2.6487e+20
5355,-2.6488e+20
1892,-2.6499e+20
1893,-2.6516e+20
1894,-2.6518e+20
1895,-2.6527e+20
3378,-2.6545e+20
1896,-2.6559e+20
1897,-2.6576e+20
1898,-2.6612e+20
2412,-2.6624e+20
1899,-2.6633e+20
1900,-2.6666e+20
5243,-2.6713e+20
1901,-2.6734e+20
1902,-2.6744e+20
1903,-2.6761e+20
1904,-2.6769e+20
1905,-2.6773e+20
1906,-2.6791e+20
1907,-2.6803e+20
1908,-2.6806e+20
1909,-2.6812e+20
1910,-2.6827e+20
1911,-2.6828e+20
1912,-2.6843e+20
3952,-2.6845e+20
1913,-2.6859e+20
1914,-2.6864e+20
1915,-2.6873e+20
1916,-2.6882e+20
5509,-2.6894e+20
1917,-2.6899e+20
1918,-2.6906e+20
1919,-2.6923e+20
1920,-2.6932e+20
1921,-2.6963e+20
1922,-2.6978e+20
1923,-2.6985e+20
1924,-2.6985e+20
1925,-2.6986e+20
1926,-2.699e+20
1927,-2.6991e+20
1928,-2.6994e+20
2851,-2.6996e+20
1929,-2.7007e+20
1930,-2.7026e+20
1931,-2.7045e+20
1932,-2.7048e+20
1933,-2.7056e+20
1934,-2.7056e+20
1935,-2.7061e+20
1936,-2.7064e+20
1937,-2.7066e+20
1938,-2.7096e+20
1939,-2.7098e+20
1940,-2.7101e+20
1941,-2.7102e+20
2923,-2.7116e+20
4536,-2.7127e+20
1942,-2.7134e+20
1943,-2.7141e+20
1944,-2.7149e+20
1945,-2.7159e+20
2551,-2.7163e+20
1946,-2.7167e+20
1947,-2.7186e+20
1948,-2.7193e+20
1949,-2.72e+20
1950,-2.7222e+20
1951,-2.7223e+20
1952,-2.7224e+20
4727,-2.7225e+20
1953,-2.7264e+20
1954,-2.7269e+20
1955,-2.7293e+20
3806,-2.7311e+20
1956,-2.7312e+20
1957,-2.7317e+20
1958,-2.7333e+20
3900,-2.7347e+20
1959,-2.7366e+20
1960,-2.737e+20
1961,-2.7379e+20
1962,-2.7395e+20
5053,-2.7403e+20
1963,-2.7404e+20
5286,-2.7416e+20
1964,-2.7421e+20
4016,-2.7425e+20
3745,-2.7429e+20
1965,-2.7452e+20
1966,-2.7456e+20
1967,-2.7464e+20
1968,-2.7472e+20
2612,-2.7494e+20
1969,-2.7495e+20
1970,-2.752e+20
1971,-2.7538e+20
1972,-2.7588e+20
1973,-2.7588e+20
1974,-2.7593e+20
1975,-2.7593e+20
1976,-2.7596e+20
1977,-2.7608e+20
3666,-2.7619e+20
1978,-2.7628e+20
1979,-2.7645e+20
1980,-2.766e+20
1981,-2.7667e+20
1982,-2.7671e+20
5567,-2.7691e+20
1983,-2.7712e+20
1984,-2.7714e+20
3077,-2.7714e+20
4420,-2.7737e+20
1985,-2.7757e+20
1986,-2.7761e+20
1987,-2.7766e+20
1988,-2.7769e+20
1989,-2.7769e+20
1990,-2.7772e+20
1991,-2.7777e+20
1992,-2.7794e+20
1993,-2.7797e+20
1994,-2.7799e+20
4387,-2.7804e+20
4418,-2.7825e+20
1995,-2.7832e+20
1996,-2.7847e+20
1997,-2.7852e+20
3039,-2.7857e+20
1998,-2.7878e+20
1999,-2.7896e+20
2000,-2.79e+20
2001,-2.79e+20
2760,-2.7943e+20
2002,-2.7944e+20
2003,-2.7951e+20
3690,-2.7968e+20
2004,-2.7983e+20
3567,-2.7996e+20
2005,-2.8006e+20
2006,-2.8017e+20
2007,-2.8024e+20
2008,-2.803e+20
3088,-2.8042e+20
2009,-2.8065e+20
2974,-2.807e+20
2010,-2.8082e+20
2011,-2.8089e+20
2012,-2.8091e+20
2013,-2.8103e+20
2014,-2.8134e+20
5219,-2.8135e+20
2015,-2.8143e+20
2016,-2.8178e+20
2017,-2.8196e+20
2018,-2.8213e+20
2019,-2.8229e+20
2020,-2.8235e+20
2021,-2.8245e+20
2022,-2.8257e+20
2023,-2.8274e+20
2024,-2.8276e+20
2025,-2.8276e+20
2026,-2.8282e+20
2027,-2.8292e+20
2028,-2.8295e+20
2029,-2.8301e+20
2030,-2.8307e+20
2399,-2.833e+20
2031,-2.8347e+20
2032,-2.8361e+20
2033,-2.8377e+20
2034,-2.8384e+20
3633,-2.8388e+20
2035,-2.8405e+20
2036,-2.8408e+20
3530,-2.841e+20
2037,-2.8412e+20
2038,-2.843e+20
2039,-2.8433e+20
2040,-2.8443e+20
2041,-2.8463e+20
2042,-2.8467e+20
2043,-2.8469e+20
2044,-2.8478e+20
3305,-2.8487e+20
2045,-2.8496e+20
2046,-2.8529e+20
2047,-2.855e+20
2048,-2.8556e+20
2049,-2.8559e+20
2050,-2.856e+20
2051,-2.8579e+20
2052,-2.8587e+20
2053,-2.8597e+20
2054,-2.8601e+20
3804,-2.8606e+20
2055,-2.8612e+20
2056,-2.8668e+20
2057,-2.867e+20
2058,-2.8671e+20
3009,-2.8676e+20
2059,-2.8686e+20
2060,-2.8697e+20
2061,-2.8703e+20
2062,-2.8712e+20
2063,-2.8737e+20
2064,-2.875e+20
2065,-2.8776e+20
2066,-2.8779e+20
2067,-2.8789e+20
4680,-2.8797e+20
2068,-2.8802e+20
2069,-2.8808e+20
2070,-2.8831e+20
2071,-2.8843e+20
2072,-2.8862e+20
2073,-2.8932e+20
2074,-2.8943e+20
2075,-2.8945e+20
2076,-2.8949e+20
2077,-2.8954e+20
2078,-2.8964e+20
2079,-2.898e+20
2080,-2.8983e+20
5099,-2.8984e+20
3317,-2.8988e+20
2081,-2.8995e+20
2082,-2.9006e+20
2083,-2.9008e+20
2084,-2.9024e+20
2964,-2.9054e+20
2085,-2.9057e+20
2086,-2.9064e+20
2087,-2.9082e+20
2088,-2.9084e+20
2089,-2.9089e+20
2090,-2.9096e+20
2091,-2.9101e+20
2092,-2.9103e+20
2093,-2.9134e+20
2094,-2.9135e+20
3161,-2.9151e+20
2095,-2.9178e+20
2096,-2.9196e+20
2097,-2.9205e+20
2098,-2.9264e+20
2099,-2.9272e+20
4258,-2.9307e+20
2100,-2.9309e+20
2101,-2.9333e+20
2102,-2.9364e+20
2103,-2.9367e+20
2104,-2.937e+20
2105,-2.9373e+20
2106,-2.9375e+20
2107,-2.9406e+20
2108,-2.9411e+20
3072,-2.942e+20
2109,-2.9479e+20
2110,-2.949e+20
2111,-2.9493e+20
2112,-2.9498e+20
3489,-2.9503e+20
2113,-2.9506e+20
2114,-2.9517e+20
2115,-2.9542e+20
2116,-2.9551e+20
2117,-2.9555e+20
2118,-2.9562e+20
2119,-2.9585e+20
2120,-2.9586e+20
2121,-2.9589e+20
2122,-2.9595e+20
2123,-2.9596e+20
2124,-2.96e+20
2125,-2.96e+20
2126,-2.9622e+20
2127,-2.9633e+20
2128,-2.9655e+20
3897,-2.9665e+20
2129,-2.9666e+20
2130,-2.9671e+20
2637,-2.9672e+20
2131,-2.9679e+20
2132,-2.9684e+20
2133,-2.9686e+20
2134,-2.9687e+20
2135,-2.9706e+20
2136,-2.9743e+20
2137,-2.9751e+20
2138,-2.9762e+20
2139,-2.9765e+20
2140,-2.9768e+20
2141,-2.9773e+20
3642,-2.9787e+20
3817,-2.9802e+20
2142,-2.9808e+20
2143,-2.9827e+20
2144,-2.9864e+20
2145,-2.9876e+20
2146,-2.9895e+20
2147,-2.9914e+20
2148,-2.9925e+20
2149,-2.9935e+20
2150,-2.9972e+20
2151,-2.9974e+20
2152,-2.9977e+20
2153,-2.9977e+20
2154,-2.999e+20
2155,-2.999e+20
2156,-2.9996e+20
2157,-3.0012e+20
2158,-3.0013e+20
2159,-3.0055e+20
2160,-3.0057e+20
2161,-3.007e+20
2162,-3.0075e+20
2163,-3.0076e+20
5096,-3.0131e+20
2164,-3.0153e+20
2165,-3.0156e+20
3464,-3.0159e+20
2166,-3.0176e+20
2858,-3.0198e+20
2167,-3.0217e+20
2168,-3.0222e+20
2169,-3.0226e+20
2170,-3.0272e+20
2171,-3.0307e+20
2172,-3.0336e+20
2173,-3.0394e+20
2174,-3.0426e+20
2175,-3.0433e+20
3716,-3.0439e+20
2176,-3.0441e+20
5333,-3.045e+20
2177,-3.0465e+20
2178,-3.0476e+20
2179,-3.048e+20
2180,-3.048e+20
2181,-3.051e+20
2182,-3.0511e+20
2183,-3.0519e+20
2184,-3.0529e+20
2185,-3.0546e+20
2186,-3.0549e+20
2187,-3.0558e+20
2188,-3.0576e+20
2189,-3.0579e+20
2190,-3.0581e+20
2191,-3.0608e+20
2192,-3.0616e+20
2193,-3.0626e+20
2194,-3.0629e+20
2195,-3.0647e+20
2196,-3.0658e+20
2197,-3.0675e+20
2198,-3.0691e+20
2199,-3.0694e+20
2200,-3.0703e+20
2201,-3.0734e+20
2202,-3.0743e+20
2203,-3.0745e+20
2204,-3.0747e+20
2205,-3.0749e+20
2206,-3.0755e+20
2207,-3.0757e+20
2208,-3.0764e+20
2209,-3.0766e+20
2210,-3.0799e+20
3335,-3.08e+20
2211,-3.0821e+20
2212,-3.0824e+20
3625,-3.084e+20
2647,-3.0858e+20
2213,-3.0871e+20
2214,-3.0882e+20
2215,-3.0898e+20
2216,-3.0913e+20
2217,-3.0926e+20
2218,-3.0931e+20
2219,-3.0958e+20
2220,-3.0974e+20
2221,-3.0995e+20
4876,-3.1014e+20
2222,-3.1022e+20
2223,-3.1036e+20
2224,-3.1037e+20
2225,-3.1047e+20
2226,-3.1061e+20
2227,-3.1069e+20
2228,-3.1087e+20
2229,-3.1097e+20
2230,-3.11e+20
2231,-3.1101e+20
2232,-3.1106e+20
2233,-3.1125e+20
2234,-3.1135e+20
2235,-3.1136e+20
2236,-3.1143e+20
2237,-3.1199e+20
2238,-3.1224e+20
2239,-3.1225e+20
4051,-3.1228e+20
2240,-3.1232e+20
4580,-3.1281e+20
3298,-3.1306e+20
3274,-3.1336e+20
5454,-3.1363e+20
4541,-3.1407e+20
5251,-3.1768e+20
4958,-3.1869e+20
5216,-3.1934e+20
2258,-3.2021e+20
5443,-3.213e+20
2409,-3.221e+20
5477,-3.2251e+20
3603,-3.2293e+20
3389,-3.2326e+20
2357,-3.234e+20
3293,-3.2426e+20
4284,-3.2559e+20
5046,-3.2565e+20
3748,-3.2601e+20
4373,-3.2843e+20
5117,-3.3083e+20
3131,-3.3101e+20
4655,-3.3278e+20
4713,-3.3299e+20
3076,-3.3475e+20
5022,-3.3621e+20
2898,-3.3872e+20
2717,-3.4054e+20
3833,-3.4132e+20
3334,-3.4278e+20
2985,-3.4373e+20
4412,-3.4418e+20
2545,-3.4441e+20
5412,-3.4543e+20
4139,-3.4648e+20
4047,-3.4649e+20
3148,-3.4707e+20
2794,-3.4787e+20
4426,-3.4865e+20
2849,-3.4879e+20
2815,-3.5069e+20
4216,-3.5239e+20
4077,-3.5353e+20
4068,-3.5537e+20
4285,-3.5595e+20
2253,-3.5886e+20
3099,-3.6245e+20
2588,-3.6355e+20
5513,-3.6366e+20
4568,-3.6661e+20
2917,-3.7037e+20
4369,-3.7083e+20
3835,-3.7143e+20
3523,-3.7151e+20
4820,-3.7203e+20
4072,-3.7564e+20
3091,-3.7876e+20
4094,-3.8119e+20
3286,-3.8428e+20
3470,-3.8458e+20
4668,-3.8631e+20
2708,-3.8632e+20
2756,-3.8637e+20
2996,-3.864e+20
2751,-3.9011e+20
2643,-3.9034e+20
4459,-3.9078e+20
4085,-3.9127e+20
4830,-3.9189e+20
5257,-3.9221e+20
5452,-3.9305e+20
4246,-3.9337e+20
2466,-3.9393e+20
5499,-3.9417e+20
4165,-3.9466e+20
5570,-3.9534e+20
5478,-3.9538e+20
3886,-3.9545e+20
3968,-3.9571e+20
5352,-3.9878e+20
2778,-3.9889e+20
3989,-3.9911e+20
3768,-4.0429e+20
3788,-4.0586e+20
5348,-4.0669e+20
5221,-4.0677e+20
4315,-4.1058e+20
4195,-4.1058e+20
2941,-4.1238e+20
4810,-4.1274e+20
3790,-4.1429e+20
3957,-4.1836e+20
3853,-4.1859e+20
5314,-4.2034e+20
5026,-4.2232e+20
3665,-4.2361e+20
5255,-4.2393e+20
3044,-4.2696e+20
4263,-4.27e+20
3521,-4.2803e+20
5521,-4.2888e+20
4853,-4.3089e+20
2358,-4.3223e+20
4176,-4.3361e+20
4626,-4.3455e+20
2281,-4.3629e+20
3747,-4.3684e+20
5160,-4.3703e+20
4752,-4.3763e+20
5119,-4.3838e+20
3699,-4.3999e+20
4143,-4.4006e+20
3583,-4.402e+20
2666,-4.4077e+20
3672,-4.4319e+20
4376,-4.4519e+20
2553,-4.4532e+20
5017,-4.4544e+20
2748,-4.4608e+20
5467,-4.4635e+20
4322,-4.4751e+20
5384,-4.4919e+20
4436,-4.499e+20
5164,-4.5244e+20
4804,-4.5282e+20
5225,-4.5291e+20
2818,-4.535e+20
5425,-4.5384e+20
5438,-4.5454e+20
5213,-4.5512e+20
3972,-4.5532e+20
2670,-4.5545e+20
5144,-4.5585e+20
2329,-4.5738e+20
5131,-4.5783e+20
3458,-4.5817e+20
4181,-4.5858e+20
4304,-4.5978e+20
5440,-4.6123e+20
4317,-4.6316e+20
3918,-4.6334e+20
4261,-4.6388e+20
5155,-4.6388e+20
2912,-4.6478e+20
2771,-4.6707e+20
2592,-4.6793e+20
4133,-4.7075e+20
4493,-4.7112e+20
4462,-4.7135e+20
2321,-4.7273e+20
5522,-4.7298e+20
5518,-4.7338e+20
3463,-4.7427e+20
3508,-4.7451e+20
4581,-4.7458e+20
4252,-4.7599e+20
4915,-4.7628e+20
2848,-4.7712e+20
5040,-4.7765e+20
5207,-4.8035e+20
5275,-4.8143e+20
3025,-4.8158e+20
3637,-4.8169e+20
2565,-4.8301e+20
2736,-4.8438e+20
2691,-4.852e+20
2742,-4.8612e+20
3493,-4.8631e+20
4035,-4.8887e+20
4575,-4.8939e+20
3003,-4.8954e+20
4168,-4.9301e+20
4277,-4.9483e+20
4325,-4.986e+20
3342,-4.9951e+20
4089,-4.9954e+20
4210,-4.9988e+20
3309,-5.0127e+20
3339,-5.0169e+20
4173,-5.0171e+20
3689,-5.0256e+20
4998,-5.0268e+20
5033,-5.03e+20
5049,-5.0716e+20
5388,-5.0793e+20
5104,-5.0839e+20
3261,-5.1349e+20
4055,-5.1399e+20
5151,-5.1636e+20
4981,-5.168e+20
3776,-5.2229e+20
2705,-5.2481e+20
2875,-5.2535e+20
2837,-5.286e+20
2704,-5.2864e+20
4546,-5.3046e+20
3881,-5.3118e+20
3061,-5.3204e+20
4018,-5.3311e+20
2665,-5.3451e+20
2395,-5.3477e+20
3715,-5.3515e+20
2683,-5.4101e+20
2710,-5.4517e+20
4942,-5.4546e+20
3600,-5.4731e+20
4000,-5.4782e+20
3593,-5.4962e+20
5065,-5.5075e+20
4353,-5.5075e+20
2747,-5.5088e+20
4048,-5.5202e+20
4479,-5.5246e+20
3985,-5.5582e+20
5322,-5.5877e+20
2502,-5.6226e+20
4162,-5.6367e+20
3482,-5.6461e+20
3056,-5.6621e+20
3722,-5.677e+20
4815,-5.6895e+20
3742,-5.6921e+20
5571,-5.6991e+20
5120,-5.6994e+20
3826,-5.7132e+20
3743,-5.72e+20
2597,-5.7508e+20
2459,-5.7606e+20
4772,-5.7781e+20
3919,-5.7969e+20
2328,-5.8107e+20
2515,-5.832e+20
5305,-5.8456e+20
3646,-5.8476e+20
4808,-5.8886e+20
5146,-5.8968e+20
2523,-5.9406e+20
5302,-5.945e+20
5431,-5.9451e+20
4063,-5.9528e+20
4751,-5.9653e+20
2978,-5.9682e+20
3446,-5.9812e+20
3969,-6.0054e+20
2255,-6.0446e+20
3434,-6.0541e+20
3278,-6.061e+20
2402,-6.1048e+20
4088,-6.1106e+20
3679,-6.1372e+20
3866,-6.1431e+20
2819,-6.1558e+20
3601,-6.1773e+20
5180,-6.1812e+20
4260,-6.187e+20
5028,-6.2031e+20
4406,-6.2139e+20
4743,-6.223e+20
4499,-6.224e+20
3263,-6.2442e+20
4374,-6.2459e+20
4281,-6.2552e+20
3058,-6.2614e+20
5539,-6.266e+20
2698,-6.2669e+20
4909,-6.2684e+20
2938,-6.2822e+20
2868,-6.3046e+20
4368,-6.3146e+20
3168,-6.3192e+20
5293,-6.3598e+20
3532,-6.372e+20
3314,-6.3849e+20
4042,-6.398e+20
3431,-6.4058e+20
3685,-6.4069e+20
3855,-6.4108e+20
5479,-6.4161e+20
4814,-6.4273e+20
3198,-6.45e+20
3517,-6.476e+20
4062,-6.491e+20
2663,-6.531e+20
5307,-6.5311e+20
3541,-6.5417e+20
4664,-6.5437e+20
4208,-6.5462e+20
4652,-6.5476e+20
3129,-6.5492e+20
3854,-6.5546e+20
3034,-6.5588e+20
5527,-6.6054e+20
5451,-6.6055e+20
4896,-6.6147e+20
5560,-6.6155e+20
3289,-6.6155e+20
4676,-6.6368e+20
5161,-6.6847e+20
2697,-6.701e+20
4597,-6.7058e+20
2294,-6.7344e+20
3720,-6.7731e+20
4194,-6.8091e+20
2856,-6.8106e+20
3041,-6.8574e+20
3033,-6.8636e+20
3260,-6.8896e+20
4238,-6.8906e+20
3922,-6.9392e+20
4625,-6.9687e+20
5203,-6.972e+20
4083,-6.9878e+20
4161,-6.9975e+20
3597,-7.0022e+20
3595,-7.0332e+20
3851,-7.0334e+20
4989,-7.0531e+20
2408,-7.0577e+20
3090,-7.0754e+20
3388,-7.0759e+20
2259,-7.0841e+20
5534,-7.0951e+20
2289,-7.1016e+20
3304,-7.1221e+20
2339,-7.1395e+20
4243,-7.1431e+20
5081,-7.1568e+20
2271,-7.1753e+20
2682,-7.2142e+20
5165,-7.2204e+20
2827,-7.2461e+20
5367,-7.2581e+20
3258,-7.2605e+20
4427,-7.2673e+20
3939,-7.2753e+20
3524,-7.2769e+20
4457,-7.2787e+20
4990,-7.2807e+20
3724,-7.2994e+20
2839,-7.3033e+20
3120,-7.3227e+20
2786,-7.3743e+20
4578,-7.3879e+20
4606,-7.3945e+20
4562,-7.4267e+20
2275,-7.4493e+20
2888,-7.4825e+20
5029,-7.5027e+20
4300,-7.5502e+20
5085,-7.5799e+20
2829,-7.5896e+20
4739,-7.5932e+20
5149,-7.6263e+20
3944,-7.641e+20
2836,-7.6545e+20
5393,-7.6627e+20
5074,-7.6665e+20
4984,-7.7067e+20
3520,-7.7086e+20
4722,-7.7437e+20
2546,-7.7664e+20
5192,-7.7677e+20
3124,-7.8077e+20
3867,-7.8195e+20
4192,-7.8598e+20
4274,-7.8741e+20
4170,-7.8867e+20
2982,-7.8875e+20
5315,-7.9179e+20
4525,-7.9187e+20
3073,-7.9244e+20
2757,-7.9439e+20
3782,-8.0111e+20
5313,-8.0254e+20
2887,-8.0597e+20
3909,-8.0618e+20
3424,-8.0683e+20
3620,-8.1283e+20
4757,-8.1485e+20
4330,-8.1524e+20
2296,-8.1622e+20
5515,-8.1741e+20
5470,-8.1903e+20
4621,-8.1949e+20
3453,-8.2512e+20
2552,-8.2764e+20
3803,-8.3821e+20
4441,-8.4167e+20
4021,-8.4365e+20
3499,-8.4381e+20
3758,-8.453e+20
4744,-8.4719e+20
3181,-8.4727e+20
5249,-8.4856e+20
2354,-8.4906e+20
3872,-8.5192e+20
3769,-8.549e+20
5178,-8.5495e+20
5298,-8.5626e+20
4916,-8.5698e+20
2325,-8.5912e+20
3292,-8.6227e+20
4927,-8.6299e+20
3554,-8.6378e+20
2901,-8.6552e+20
3162,-8.6608e+20
4913,-8.6616e+20
2703,-8.6716e+20
3008,-8.6862e+20
2721,-8.695e+20
2674,-8.7089e+20
2392,-8.712e+20
4347,-8.7329e+20
2538,-8.7659e+20
4030,-8.7923e+20
3151,-8.7941e+20
4166,-8.8042e+20
2928,-8.8268e+20
2484,-8.8415e+20
2532,-8.849e+20
2733,-8.8567e+20
3570,-8.8898e+20
2256,-8.9025e+20
3725,-8.9052e+20
4134,-8.9209e+20
2589,-8.9271e+20
4126,-8.928e+20
2992,-8.932e+20
4992,-8.9343e+20
5027,-8.9345e+20
2449,-8.9496e+20
3906,-8.9698e+20
4169,-9.0106e+20
3029,-9.0231e+20
5284,-9.0437e+20
5000,-9.0821e+20
4096,-9.0959e+20
3996,-9.0975e+20
2475,-9.1409e+20
4867,-9.1477e+20
4947,-9.1556e+20
3110,-9.1816e+20
3930,-9.1903e+20
3147,-9.2e+20
3473,-9.2063e+20
4461,-9.2072e+20
4688,-9.214e+20
2318,-9.2208e+20
4954,-9.2297e+20
4095,-9.2437e+20
3373,-9.2833e+20
3272,-9.2955e+20
4968,-9.3329e+20
4755,-9.3466e+20
2519,-9.3789e+20
4811,-9.3868e+20
5005,-9.3968e+20
4490,-9.4019e+20
4537,-9.428e+20
5016,-9.4408e+20
2455,-9.4664e+20
3928,-9.4773e+20
2661,-9.5028e+20
2650,-9.543e+20
5421,-9.5751e+20
3137,-9.5844e+20
3731,-9.5878e+20
4549,-9.5983e+20
4419,-9.6058e+20
5596,-9.6079e+20
4960,-9.6228e+20
3165,-9.6339e+20
2979,-9.6372e+20
4233,-9.6502e+20
2434,-9.6709e+20
4386,-9.6876e+20
5407,-9.6925e+20
3624,-9.6963e+20
2648,-9.6978e+20
3710,-9.7061e+20
2263,-9.7277e+20
3708,-9.7449e+20
3363,-9.7506e+20
3116,-9.7605e+20
2494,-9.7719e+20
4825,-9.8332e+20
2473,-9.8344e+20
4384,-9.8384e+20
4759,-9.8537e+20
4286,-9.8614e+20
4844,-9.8747e+20
2866,-9.8793e+20
4081,-9.8912e+20
4440,-9.8917e+20
3193,-9.8971e+20
3783,-9.902e+20
4305,-9.9069e+20
2386,-9.9138e+20
3734,-9.987e+20
2469,-1.001e+21
2251,-1.001e+21
5490,-1.0078e+21
5576,-1.0083e+21
3237,-1.0084e+21
5224,-1.0107e+21
3159,-1.0123e+21
5357,-1.0126e+21
3981,-1.0132e+21
4993,-1.0148e+21
2490,-1.0177e+21
4341,-1.0188e+21
3048,-1.0206e+21
3194,-1.0208e+21
5182,-1.0211e+21
3575,-1.0212e+21
5288,-1.0219e+21
3107,-1.0229e+21
4768,-1.0268e+21
3377,-1.0282e+21
3146,-1.0326e+21
2536,-1.0337e+21
3813,-1.0356e+21
2984,-1.0363e+21
3060,-1.0366e+21
2594,-1.0416e+21
2727,-1.0437e+21
4953,-1.0459e+21
4054,-1.0478e+21
3912,-1.0501e+21
2603,-1.051e+21
4098,-1.0539e+21
5064,-1.0565e+21
5077,-1.0579e+21
3811,-1.0591e+21
3277,-1.0601e+21
3913,-1.063e+21
3721,-1.0635e+21
2692,-1.0658e+21
2720,-1.0698e+21
4792,-1.0715e+21
3650,-1.073e+21
5139,-1.0755e+21
3556,-1.0765e+21
4087,-1.0775e+21
2628,-1.0779e+21
4346,-1.0819e+21
3311,-1.0835e+21
5217,-1.0839e+21
4766,-1.0854e+21
5232,-1.0868e+21
2583,-1.0877e+21
2508,-1.0879e+21
4540,-1.0906e+21
3542,-1.0919e+21
2630,-1.0924e+21
5497,-1.0939e+21
4683,-1.0954e+21
2272,-1.0962e+21
4852,-1.0967e+21
5401,-1.0991e+21
2754,-1.1012e+21
4520,-1.1031e+21
4638,-1.1042e+21
5471,-1.1047e+21
4662,-1.1049e+21
3907,-1.1052e+21
2353,-1.1052e+21
4904,-1.1085e+21
3732,-1.1089e+21
3225,-1.112e+21
3143,-1.1123e+21
2306,-1.1133e+21
3498,-1.1136e+21
3904,-1.1139e+21
3976,-1.115e+21
3819,-1.1152e+21
4822,-1.116e+21
3115,-1.1167e+21
4282,-1.1168e+21
4728,-1.12e+21
2379,-1.1206e+21
3917,-1.1211e+21
4609,-1.1223e+21
2509,-1.1225e+21
4862,-1.1235e+21
3594,-1.1236e+21
4289,-1.131e+21
3669,-1.1324e+21
5568,-1.134e+21
5090,-1.1375e+21
5187,-1.1385e+21
5071,-1.1395e+21
3836,-1.1401e+21
2557,-1.1428e+21
5399,-1.145e+21
5528,-1.1486e+21
4447,-1.1499e+21
2456,-1.1535e+21
4267,-1.1575e+21
3544,-1.1616e+21
4870,-1.1646e+21
5073,-1.165e+21
2343,-1.1661e+21
3709,-1.1672e+21
2619,-1.1677e+21
4464,-1.1747e+21
5480,-1.1774e+21
3218,-1.1778e+21
4351,-1.1784e+21
5279,-1.1828e+21
3649,-1.183e+21
5483,-1.1831e+21
5060,-1.189e+21
2503,-1.1906e+21
2919,-1.1934e+21
5598,-1.1979e+21
3157,-1.1983e+21
3349,-1.1997e+21
2390,-1.2e+21
2739,-1.2031e+21
4991,-1.2033e+21
3021,-1.2036e+21
3536,-1.2039e+21
2419,-1.2041e+21
3771,-1.2054e+21
4670,-1.2059e+21
5316,-1.2071e+21
5004,-1.2073e+21
4576,-1.2079e+21
4225,-1.2102e+21
4223,-1.2141e+21
2421,-1.2165e+21
4370,-1.2169e+21
2828,-1.2192e+21
2654,-1.2236e+21
3456,-1.2249e+21
2755,-1.2262e+21
2952,-1.2272e+21
3174,-1.2304e+21
3658,-1.2305e+21
4747,-1.2324e+21
4964,-1.2326e+21
2973,-1.2338e+21
3411,-1.2339e+21
3973,-1.2355e+21
4290,-1.2372e+21
4547,-1.2374e+21
3688,-1.2381e+21
4249,-1.2381e+21
4027,-1.2383e+21
2835,-1.2402e+21
3024,-1.2407e+21
4065,-1.2412e+21
4234,-1.2431e+21
4061,-1.2478e+21
3403,-1.2479e+21
5343,-1.248e+21
5223,-1.2483e+21
5067,-1.2493e+21
3351,-1.2495e+21
5369,-1.2501e+21
3480,-1.2566e+21
3964,-1.2605e+21
4742,-1.2608e+21
2899,-1.2617e+21
5134,-1.2636e+21
2298,-1.2642e+21
5395,-1.2644e+21
3287,-1.2677e+21
4345,-1.2687e+21
2993,-1.2692e+21
4430,-1.2752e+21
3167,-1.2792e+21
4147,-1.2794e+21
5014,-1.2798e+21
2579,-1.2814e+21
2262,-1.2817e+21
4698,-1.2831e+21
5048,-1.2833e+21
5361,-1.2837e+21
5062,-1.2865e+21
4583,-1.2874e+21
5448,-1.2886e+21
5311,-1.2898e+21
4448,-1.2917e+21
4795,-1.2984e+21
3496,-1.2998e+21
5309,-1.3029e+21
4449,-1.3047e+21
2904,-1.3049e+21
4362,-1.3049e+21
3416,-1.3054e+21
4470,-1.3058e+21
3320,-1.3092e+21
4357,-1.3095e+21
5474,-1.311e+21
4349,-1.3116e+21
4969,-1.3117e+21
3180,-1.3171e+21
4843,-1.3174e+21
3081,-1.3176e+21
5122,-1.3191e+21
3950,-1.3216e+21
2629,-1.3217e+21
2440,-1.3239e+21
4498,-1.3244e+21
3004,-1.3271e+21
2429,-1.3285e+21
2841,-1.3305e+21
4702,-1.3381e+21
5360,-1.3401e+21
4222,-1.3402e+21
5600,-1.3419e+21
4672,-1.3425e+21
5259,-1.3428e+21
2956,-1.3446e+21
3767,-1.347e+21
3045,-1.3471e+21
2534,-1.3475e+21
4841,-1.3481e+21
2798,-1.3485e+21
2303,-1.3496e+21
4781,-1.3517e+21
5043,-1.3583e+21
4149,-1.3616e+21
3749,-1.3656e+21
3546,-1.3694e+21
5391,-1.3695e+21
2445,-1.3724e+21
4821,-1.373e+21
3882,-1.3734e+21
4136,-1.3742e+21
4053,-1.3745e+21
5351,-1.3745e+21
4686,-1.3758e+21
3013,-1.3781e+21
4851,-1.3781e+21
3707,-1.3802e+21
2247,-1.3818e+21
5100,-1.3818e+21
2784,-1.386e+21
4113,-1.391e+21
3203,-1.3914e+21
4945,-1.3917e+21
2407,-1.3924e+21
5036,-1.3926e+21
3727,-1.3969e+21
2541,-1.3982e+21
5426,-1.3996e+21
3810,-1.4009e+21
2425,-1.4037e+21
3589,-1.4048e+21
5345,-1.411e+21
4974,-1.4114e+21
3316,-1.4119e+21
4859,-1.4131e+21
4414,-1.4146e+21
4164,-1.4148e+21
5285,-1.4164e+21
5220,-1.4182e+21
4663,-1.423e+21
4411,-1.4232e+21
3961,-1.4246e+21
2863,-1.4254e+21
3862,-1.426e+21
2316,-1.4266e+21
5204,-1.4277e+21
3450,-1.4288e+21
3362,-1.4295e+21
2422,-1.4308e+21
2768,-1.4318e+21
2767,-1.4329e+21
3610,-1.433e+21
5137,-1.4342e+21
2877,-1.4364e+21
5188,-1.4369e+21
2872,-1.4372e+21
4245,-1.4379e+21
2486,-1.44e+21
5195,-1.4422e+21
2277,-1.4424e+21
3587,-1.4431e+21
4318,-1.4435e+21
2802,-1.4457e+21
4231,-1.4473e+21
5332,-1.4511e+21
4898,-1.4525e+21
4329,-1.454e+21
4262,-1.4571e+21
5354,-1.4577e+21
5124,-1.4593e+21
4442,-1.4597e+21
2582,-1.4604e+21
2840,-1.4605e+21
4951,-1.4606e+21
3219,-1.4623e+21
3382,-1.4631e+21
2615,-1.4637e+21
2396,-1.4677e+21
3429,-1.4678e+21
4202,-1.468e+21
2930,-1.4681e+21
5239,-1.4724e+21
2478,-1.4738e+21
2363,-1.4749e+21
3426,-1.4753e+21
5276,-1.4776e+21
2520,-1.4797e+21
4306,-1.4838e+21
5093,-1.4848e+21
3865,-1.4866e+21
2667,-1.4871e+21
3527,-1.4909e+21
2295,-1.4922e+21
4034,-1.4945e+21
4119,-1.4954e+21
4339,-1.496e+21
4584,-1.4976e+21
4132,-1.4989e+21
3673,-1.4998e+21
2846,-1.5002e+21
3911,-1.5024e+21
4539,-1.5051e+21
4319,-1.5054e+21
2593,-1.5082e+21
4031,-1.5112e+21
5291,-1.5115e+21
5059,-1.5132e+21
2420,-1.5151e+21
3929,-1.5158e+21
4131,-1.5166e+21
3049,-1.5175e+21
5015,-1.5218e+21
2749,-1.5236e+21
2741,-1.5243e+21
4012,-1.5246e+21
4831,-1.526e+21
3562,-1.5282e+21
5559,-1.534e+21
5280,-1.536e+21
3614,-1.537e+21
5496,-1.5383e+21
3467,-1.539e+21
5575,-1.5396e+21
2725,-1.5417e+21
3626,-1.5423e+21
4642,-1.5445e+21
4565,-1.5461e+21
4887,-1.5468e+21
5569,-1.5503e+21
4239,-1.5525e+21
5520,-1.553e+21
3916,-1.5532e+21
2573,-1.554e+21
5591,-1.5549e+21
2344,-1.5581e+21
3896,-1.5597e+21
4488,-1.563e+21
2662,-1.5637e+21
2991,-1.5643e+21
4673,-1.5652e+21
3155,-1.568e+21
4313,-1.5685e+21
2709,-1.5686e+21
4409,-1.5703e+21
4976,-1.5735e+21
4586,-1.5742e+21
2382,-1.5764e+21
4793,-1.5775e+21
4649,-1.5791e+21
4764,-1.5791e+21
5526,-1.5798e+21
5541,-1.582e+21
3297,-1.5821e+21
3094,-1.5828e+21
3890,-1.5836e+21
3031,-1.5848e+21
5300,-1.5852e+21
3055,-1.5874e+21
3773,-1.5892e+21
3053,-1.5921e+21
4871,-1.5925e+21
4528,-1.5942e+21
3428,-1.5948e+21
4523,-1.5961e+21
3459,-1.5973e+21
4891,-1.5977e+21
5390,-1.598e+21
4513,-1.6052e+21
4075,-1.6053e+21
4074,-1.6065e+21
4616,-1.6145e+21
4450,-1.6187e+21
2873,-1.6189e+21
3125,-1.6274e+21
3839,-1.6283e+21
4182,-1.6285e+21
4364,-1.6289e+21
4875,-1.6304e+21
4058,-1.6315e+21
2423,-1.6325e+21
2998,-1.635e+21
2564,-1.6373e+21
3047,-1.6376e+21
3860,-1.6384e+21
2948,-1.6398e+21
5447,-1.6418e+21
2689,-1.6449e+21
4545,-1.6474e+21
2489,-1.649e+21
4032,-1.6495e+21
2969,-1.653e+21
3522,-1.6547e+21
3560,-1.6549e+21
5517,-1.6551e+21
5233,-1.659e+21
3656,-1.66e+21
4650,-1.662e+21
3825,-1.6621e+21
3502,-1.6623e+21
4413,-1.6628e+21
5175,-1.6629e+21
2611,-1.6655e+21
2738,-1.6657e+21
5082,-1.6683e+21
5013,-1.6687e+21
4443,-1.6703e+21
3898,-1.6718e+21
3189,-1.6719e+21
2570,-1.6769e+21
4046,-1.6774e+21
2854,-1.6788e+21
3036,-1.6799e+21
3023,-1.6809e+21
3798,-1.6819e+21
3112,-1.6831e+21
2845,-1.6838e+21
3207,-1.6845e+21
2788,-1.6864e+21
4276,-1.6866e+21
2268,-1.688e+21
2809,-1.6885e+21
3279,-1.6892e+21
2488,-1.6905e+21
5061,-1.691e+21
3684,-1.6913e+21
3069,-1.6921e+21
3283,-1.6941e+21
4790,-1.6988e+21
3106,-1.7004e+21
5301,-1.7015e+21
2645,-1.7019e+21
2495,-1.7019e+21
2364,-1.703e+21
3117,-1.7076e+21
3425,-1.7077e+21
2785,-1.7086e+21
5510,-1.7142e+21
3230,-1.7178e+21
3820,-1.718e+21
5320,-1.7215e+21
4229,-1.7221e+21
4407,-1.7249e+21
2680,-1.7262e+21
5265,-1.7262e+21
4912,-1.7266e+21
2909,-1.7292e+21
4901,-1.7315e+21
5143,-1.7317e+21
5252,-1.7326e+21
4185,-1.7326e+21
3951,-1.7332e+21
4846,-1.7343e+21
2966,-1.7351e+21
2905,-1.7363e+21
2269,-1.7375e+21
2624,-1.7387e+21
3484,-1.7389e+21
3234,-1.739e+21
5547,-1.7408e+21
2810,-1.7418e+21
2516,-1.742e+21
2257,-1.7427e+21
2334,-1.7441e+21
4729,-1.7452e+21
3443,-1.7477e+21
3647,-1.7505e+21
2672,-1.7518e+21
2734,-1.7531e+21
2369,-1.7535e+21
2623,-1.7586e+21
4200,-1.7621e+21
2431,-1.7623e+21
4378,-1.7653e+21
2885,-1.7654e+21
2842,-1.7691e+21
3070,-1.7695e+21
3350,-1.7733e+21
4836,-1.7751e+21
3884,-1.7753e+21
4028,-1.776e+21
2657,-1.786e+21
2844,-1.7887e+21
4390,-1.7893e+21
4128,-1.7926e+21
4355,-1.794e+21
4659,-1.7941e+21
3455,-1.7957e+21
4736,-1.7962e+21
4057,-1.7968e+21
4221,-1.7976e+21
4819,-1.8e+21
5317,-1.8011e+21
2937,-1.8027e+21
5087,-1.8042e+21
3752,-1.8043e+21
4333,-1.805e+21
3692,-1.8079e+21
3266,-1.808e+21
4011,-1.8087e+21
3756,-1.8091e+21
2336,-1.8095e+21
5202,-1.8098e+21
4446,-1.81e+21
3579,-1.8103e+21
2468,-1.8114e+21
2464,-1.8121e+21
4923,-1.8127e+21
4906,-1.8153e+21
3188,-1.8155e+21
2385,-1.8162e+21
4235,-1.8164e+21
3169,-1.8199e+21
4228,-1.8208e+21
5507,-1.8222e+21
2669,-1.8223e+21
2716,-1.8223e+21
4656,-1.8238e+21
3634,-1.8261e+21
4217,-1.8268e+21
4648,-1.8285e+21
4324,-1.8291e+21
4009,-1.8318e+21
5350,-1.8319e+21
5121,-1.832e+21
2799,-1.8322e+21
4946,-1.8324e+21
3540,-1.8346e+21
5371,-1.8365e+21
3447,-1.8366e+21
3644,-1.8384e+21
2426,-1.8391e+21
4839,-1.8417e+21
5372,-1.8423e+21
3215,-1.8426e+21
3433,-1.8434e+21
3410,-1.8441e+21
4121,-1.845e+21
2307,-1.8451e+21
3221,-1.8461e+21
3849,-1.8467e+21
2869,-1.8469e+21
3109,-1.8493e+21
3440,-1.8521e+21
3733,-1.854e+21
5070,-1.8545e+21
2320,-1.8576e+21
3759,-1.8591e+21
4372,-1.8599e+21
4687,-1.8613e+21
5282,-1.862e+21
2918,-1.8625e+21
4710,-1.8637e+21
4410,-1.8647e+21
5557,-1.8667e+21
4654,-1.8712e+21
4391,-1.8722e+21
3936,-1.8727e+21
2943,-1.873e+21
2389,-1.8751e+21
3223,-1.8761e+21
4006,-1.8761e+21
2913,-1.8774e+21
4715,-1.8775e+21
3654,-1.8785e+21
5109,-1.8791e+21
2770,-1.8794e+21
4248,-1.8795e+21
5537,-1.8816e+21
4316,-1.8817e+21
2951,-1.8876e+21
5277,-1.8892e+21
3933,-1.8898e+21
4918,-1.8901e+21
3074,-1.8905e+21
4327,-1.8915e+21
3991,-1.8916e+21
5018,-1.8921e+21
5340,-1.8923e+21
4753,-1.8948e+21
5159,-1.8949e+21
4511,-1.8967e+21
4615,-1.8969e+21
5455,-1.8972e+21
4720,-1.8974e+21
3883,-1.8976e+21
5237,-1.9e+21
2599,-1.9023e+21
5112,-1.9035e+21
5132,-1.904e+21
2529,-1.9044e+21
4076,-1.9048e+21
5256,-1.9052e+21
4311,-1.9078e+21
5271,-1.9124e+21
4527,-1.9151e+21
4704,-1.9167e+21
4899,-1.9173e+21
2371,-1.9191e+21
5446,-1.9206e+21
3609,-1.9211e+21
4020,-1.9216e+21
5238,-1.9218e+21
3078,-1.9237e+21
3333,-1.9344e+21
4111,-1.9349e+21
4774,-1.9351e+21
2821,-1.9355e+21
4551,-1.9376e+21
3687,-1.9377e+21
3584,-1.9387e+21
4205,-1.9388e+21
3190,-1.9392e+21
4206,-1.9394e+21
5585,-1.9409e+21
3519,-1.9411e+21
5236,-1.9415e+21
4605,-1.9426e+21
5045,-1.9448e+21
5108,-1.9451e+21
2394,-1.9457e+21
5349,-1.9465e+21
4762,-1.9489e+21
4495,-1.9491e+21
2313,-1.9492e+21
4914,-1.9504e+21
3856,-1.955e+21
3640,-1.9564e+21
2435,-1.9581e+21
4354,-1.9604e+21
2496,-1.9606e+21
2342,-1.9617e+21
5052,-1.9636e+21
5287,-1.9644e+21
3797,-1.9658e+21
3511,-1.9671e+21
5008,-1.9675e+21
2759,-1.9701e+21
2345,-1.9701e+21
4827,-1.9704e+21
4767,-1.9715e+21
2314,-1.9724e+21
2462,-1.9738e+21
3255,-1.9742e+21
4187,-1.9753e+21
3015,-1.9801e+21
2832,-1.9807e+21
4886,-1.984e+21
3924,-1.9843e+21
2241,-1.9869e+21
3960,-1.9876e+21
4592,-1.9899e+21
3581,-1.9907e+21
4799,-1.9926e+21
2439,-1.9927e+21
5370,-1.9932e+21
5458,-1.9943e+21
4961,-1.9989e+21
3504,-2.0012e+21
5296,-2.0013e+21
3927,-2.0016e+21
5554,-2.0037e+21
2644,-2.0042e+21
2403,-2.0089e+21
2900,-2.0092e+21
2497,-2.0101e+21
4122,-2.0123e+21
2968,-2.0176e+21
4590,-2.0186e+21
5335,-2.019e+21
5113,-2.0196e+21
2531,-2.0204e+21
3331,-2.0237e+21
2874,-2.0238e+21
2522,-2.0278e+21
3379,-2.0285e+21
5181,-2.0291e+21
5092,-2.0293e+21
2811,-2.0309e+21
3133,-2.0317e+21
2881,-2.0324e+21
2290,-2.0434e+21
4894,-2.0443e+21
4900,-2.0446e+21
3465,-2.0459e+21
3657,-2.048e+21
4622,-2.0551e+21
2696,-2.0609e+21
3809,-2.0651e+21
4191,-2.0697e+21
4151,-2.073e+21
4505,-2.0769e+21
3618,-2.0801e+21
2882,-2.0935e+21
4693,-2.0935e+21
2945,-2.0957e+21
3195,-2.0962e+21
5555,-2.0969e+21
5482,-2.1128e+21
3892,-2.1177e+21
4641,-2.1219e+21
2963,-2.124e+21
4154,-2.1261e+21
5110,-2.1311e+21
4588,-2.1311e+21
5383,-2.1359e+21
5411,-2.1385e+21
4476,-2.141e+21
4987,-2.1423e+21
4888,-2.143e+21
4657,-2.1538e+21
2633,-2.1592e+21
5156,-2.1707e+21
3466,-2.1779e+21
3485,-2.1844e+21
5387,-2.1915e+21
2338,-2.2059e+21
4478,-2.2072e+21
2808,-2.2121e+21
2922,-2.2124e+21
4718,-2.2179e+21
3572,-2.2417e+21
3893,-2.242e+21
3414,-2.2501e+21
2501,-2.2552e+21
3926,-2.2552e+21
2678,-2.2576e+21
2432,-2.2652e+21
4472,-2.267e+21
3518,-2.2758e+21
4696,-2.2835e+21
2326,-2.2868e+21
3823,-2.2919e+21
3757,-2.3193e+21
5457,-2.3227e+21
5405,-2.3345e+21
5294,-2.3479e+21
2607,-2.3537e+21
4211,-2.3549e+21
3671,-2.364e+21
5235,-2.3653e+21
4500,-2.3682e+21
2935,-2.38e+21
2671,-2.3821e+21
3423,-2.3989e+21
4275,-2.399e+21
4383,-2.4003e+21
4521,-2.4039e+21
2609,-2.4052e+21
2737,-2.409e+21
4116,-2.4177e+21
2485,-2.4296e+21
5422,-2.4408e+21
2387,-2.4417e+21
2870,-2.4604e+21
2625,-2.4666e+21
3142,-2.4696e+21
4026,-2.4838e+21
2729,-2.4859e+21
4706,-2.4911e+21
5086,-2.4997e+21
3059,-2.5008e+21
4254,-2.502e+21
4635,-2.5036e+21
5373,-2.5232e+21
3652,-2.5275e+21
4124,-2.5321e+21
4183,-2.5377e+21
2957,-2.5381e+21
3387,-2.5418e+21
5148,-2.5711e+21
4366,-2.5767e+21
4826,-2.5797e+21
4013,-2.5843e+21
3402,-2.5932e+21
4193,-2.6139e+21
2986,-2.6177e+21
2574,-2.6192e+21
2762,-2.6238e+21
4292,-2.6279e+21
2772,-2.6361e+21
4934,-2.6452e+21
5258,-2.6464e+21
2865,-2.6599e+21
2728,-2.6703e+21
2265,-2.6726e+21
5197,-2.6819e+21
5501,-2.6861e+21
4579,-2.6889e+21
4469,-2.6929e+21
4144,-2.7249e+21
4393,-2.7336e+21
2285,-2.7353e+21
3682,-2.739e+21
5577,-2.7441e+21
4036,-2.7547e+21
3267,-2.7758e+21
4929,-2.7854e+21
4690,-2.7959e+21
4560,-2.8071e+21
4179,-2.8087e+21
2781,-2.8131e+21
3619,-2.8136e+21
2424,-2.8424e+21
3043,-2.8439e+21
2447,-2.8442e+21
2765,-2.8491e+21
3535,-2.8744e+21
3354,-2.8772e+21
2967,-2.8807e+21
4079,-2.8915e+21
3327,-2.8922e+21
5544,-2.9043e+21
3848,-2.9123e+21
4516,-2.9162e+21
2731,-2.9301e+21
2791,-2.9323e+21
2404,-2.9369e+21
3870,-2.9417e+21
4980,-2.9436e+21
2510,-2.9575e+21
2723,-2.958e+21
3325,-2.9631e+21
5533,-2.9738e+21
5365,-2.9766e+21
3016,-2.9822e+21
4630,-2.9926e+21
5198,-2.9937e+21
2376,-2.9982e+21
2413,-2.9984e+21
5141,-3.0093e+21
2965,-3.0102e+21
4167,-3.012e+21
3448,-3.0151e+21
4982,-3.021e+21
4515,-3.029e+21
2539,-3.035e+21
4835,-3.0401e+21
2743,-3.0583e+21
3495,-3.0596e+21
4326,-3.0655e+21
3037,-3.075e+21
2276,-3.0847e+21
5400,-3.0872e+21
2673,-3.0964e+21
2613,-3.1066e+21
2301,-3.108e+21
4812,-3.1092e+21
3149,-3.1154e+21
5379,-3.1233e+21
4829,-3.1306e+21
3956,-3.1338e+21
5502,-3.1394e+21
3629,-3.1395e+21
3676,-3.1422e+21
4060,-3.1443e+21
4854,-3.1444e+21
3479,-3.1508e+21
3222,-3.1786e+21
4519,-3.1881e+21
2614,-3.1941e+21
5030,-3.2168e+21
2631,-3.217e+21
3861,-3.2298e+21
3268,-3.2375e+21
4190,-3.2392e+21
5095,-3.2529e+21
2349,-3.2537e+21
5583,-3.2671e+21
4555,-3.2753e+21
3371,-3.2883e+21
2365,-3.2953e+21
4244,-3.2986e+21
4967,-3.3034e+21
4828,-3.3067e+21
3942,-3.3433e+21
4890,-3.3441e+21
5246,-3.3474e+21
4416,-3.3479e+21
2547,-3.3529e+21
4780,-3.3572e+21
5066,-3.3606e+21
4803,-3.3698e+21
4717,-3.3776e+21
3014,-3.4063e+21
2944,-3.41e+21
4375,-3.4176e+21
3196,-3.424e+21
3211,-3.4423e+21
4197,-3.4503e+21
3259,-3.4505e+21
5231,-3.4554e+21
5580,-3.4561e+21
2987,-3.461e+21
4213,-3.4697e+21
4667,-3.4756e+21
2525,-3.4786e+21
4684,-3.4895e+21
4861,-3.4915e+21
5136,-3.4958e+21
5068,-3.497e+21
3002,-3.5009e+21
2414,-3.5337e+21
3406,-3.5345e+21
3507,-3.5384e+21
4920,-3.5502e+21
3984,-3.5719e+21
5337,-3.5854e+21
2575,-3.5961e+21
3401,-3.6289e+21
4845,-3.6436e+21
2886,-3.644e+21
4484,-3.6464e+21
2769,-3.6706e+21
3958,-3.6811e+21
5039,-3.6819e+21
4207,-3.6826e+21
3257,-3.6947e+21
3315,-3.7119e+21
3754,-3.7191e+21
4005,-3.7206e+21
2892,-3.721e+21
4451,-3.7346e+21
5432,-3.7385e+21
4924,-3.7498e+21
3355,-3.7508e+21
3683,-3.7623e+21
4069,-3.7647e+21
2605,-3.7766e+21
3220,-3.7899e+21
3231,-3.8037e+21
3172,-3.8092e+21
4798,-3.8183e+21
5047,-3.8186e+21
2610,-3.8218e+21
3276,-3.8251e+21
3400,-3.844e+21
2291,-3.8448e+21
2730,-3.8488e+21
4975,-3.863e+21
3845,-3.886e+21
4763,-3.894e+21
2401,-3.9e+21
5435,-3.9047e+21
5024,-3.9068e+21
3613,-3.9079e+21
2876,-3.9173e+21
2750,-3.9194e+21
2939,-3.932e+21
4618,-3.9333e+21
3611,-3.9517e+21
2308,-3.9554e+21
5378,-3.9618e+21
4572,-3.9725e+21
3275,-3.9929e+21
2517,-4.011e+21
5465,-4.0424e+21
5503,-4.0588e+21
2752,-4.0628e+21
3122,-4.0714e+21
4504,-4.073e+21
2327,-4.0905e+21
4256,-4.0954e+21
3713,-4.1e+21
5055,-4.1095e+21
3390,-4.1263e+21
2457,-4.1309e+21
3740,-4.1533e+21
3850,-4.154e+21
3154,-4.1591e+21
5128,-4.1675e+21
3506,-4.1703e+21
2626,-4.1708e+21
4272,-4.181e+21
4356,-4.1898e+21
5408,-4.2031e+21
2406,-4.2147e+21
3728,-4.219e+21
4628,-4.2204e+21
4594,-4.2354e+21
5459,-4.2368e+21
5363,-4.2379e+21
2906,-4.2455e+21
3591,-4.2469e+21
4711,-4.2565e+21
4754,-4.2628e+21
4716,-4.279e+21
2855,-4.288e+21
4858,-4.2898e+21
2504,-4.2922e+21
5439,-4.3109e+21
3141,-4.3151e+21
3977,-4.3214e+21
3864,-4.3216e+21
3932,-4.3319e+21
5209,-4.3363e+21
3925,-4.3385e+21
2356,-4.3519e+21
3789,-4.352e+21
4287,-4.36e+21
5035,-4.3684e+21
5194,-4.3865e+21
3166,-4.3915e+21
2433,-4.403e+21
5581,-4.4105e+21
3323,-4.4114e+21
2586,-4.4191e+21
2660,-4.4254e+21
3096,-4.4295e+21
5565,-4.4315e+21
4496,-4.4586e+21
5228,-4.4655e+21
5419,-4.4681e+21
5374,-4.475e+21
2348,-4.4782e+21
3412,-4.5032e+21
5218,-4.516e+21
4817,-4.523e+21
4157,-4.5362e+21
3741,-4.5394e+21
4007,-4.5731e+21
2243,-4.5753e+21
4320,-4.5783e+21
5545,-4.5886e+21
2936,-4.5936e+21
3265,-4.6197e+21
5380,-4.6201e+21
2702,-4.6242e+21
2415,-4.637e+21
4483,-4.6477e+21
3576,-4.6527e+21
4750,-4.6704e+21
5032,-4.6849e+21
4078,-4.7017e+21
4293,-4.7149e+21
3840,-4.7279e+21
3160,-4.7326e+21
2803,-4.7336e+21
5115,-4.7445e+21
2766,-4.7539e+21
3894,-4.7613e+21
2988,-4.7747e+21
4402,-4.796e+21
4196,-4.7982e+21
3050,-4.8052e+21
3294,-4.8059e+21
3397,-4.8281e+21
2911,-4.8298e+21
3812,-4.8508e+21
4949,-4.857e+21
3857,-4.8635e+21
5281,-4.8809e+21
4314,-4.8862e+21
3136,-4.8948e+21
4199,-4.895e+21
4895,-4.9074e+21
3460,-4.9108e+21
5241,-4.9134e+21
3503,-4.9135e+21
4919,-4.9175e+21
5261,-4.9401e+21
5579,-4.9501e+21
2337,-4.9533e+21
2651,-4.969e+21
4422,-4.9805e+21
4556,-4.9817e+21
4977,-4.9896e+21
5247,-4.9919e+21
3376,-4.9954e+21
3941,-5.0053e+21
5166,-5.0149e+21
3319,-5.0168e+21
3675,-5.0185e+21
4721,-5.0321e+21
5573,-5.0361e+21
3801,-5.061e+21
4533,-5.0717e+21
4872,-5.0968e+21
2719,-5.1166e+21
5038,-5.1185e+21
4994,-5.1197e+21
2286,-5.1322e+21
2940,-5.1735e+21
5548,-5.2069e+21
3859,-5.2093e+21
3702,-5.2181e+21
4823,-5.2209e+21
3880,-5.2515e+21
2397,-5.2527e+21
3691,-5.2555e+21
3588,-5.2617e+21
3114,-5.2664e+21
4564,-5.2681e+21
4931,-5.286e+21
4424,-5.2967e+21
4091,-5.3041e+21
2584,-5.3387e+21
5495,-5.34e+21
4695,-5.3569e+21
5551,-5.3571e+21
3326,-5.3607e+21
2668,-5.3628e+21
4404,-5.3628e+21
3118,-5.3822e+21
2555,-5.3856e+21
4714,-5.3917e+21
4733,-5.3942e+21
4789,-5.3978e+21
5453,-5.4131e+21
3359,-5.4248e+21
4049,-5.4255e+21
3341,-5.4359e+21
4558,-5.4401e+21
2972,-5.4429e+21
3558,-5.4674e+21
4863,-5.4722e+21
2398,-5.4744e+21
5102,-5.4859e+21
5468,-5.4953e+21
4535,-5.5175e+21
5385,-5.5339e+21
3962,-5.539e+21
4401,-5.5391e+21
4395,-5.5534e+21
4593,-5.558e+21
2299,-5.5692e+21
2942,-5.5755e+21
3175,-5.5821e+21
3144,-5.5869e+21
3239,-5.595e+21
3738,-5.6078e+21
3670,-5.6206e+21
5498,-5.6398e+21
3668,-5.6467e+21
3135,-5.6574e+21
2595,-5.6633e+21
4563,-5.6702e+21
3739,-5.6764e+21
5564,-5.6806e+21
4481,-5.6923e+21
2444,-5.6986e+21
3663,-5.7154e+21
5324,-5.73e+21
4806,-5.7368e+21
3729,-5.7388e+21
2779,-5.7496e+21
3847,-5.7553e+21
3364,-5.7601e+21
5427,-5.7711e+21
3291,-5.7748e+21
4787,-5.778e+21
2480,-5.7783e+21
3566,-5.7889e+21
3943,-5.7905e+21
5514,-5.7913e+21
4107,-5.7926e+21
4608,-5.7981e+21
4480,-5.802e+21
4607,-5.8033e+21
3368,-5.8087e+21
3533,-5.8111e+21
4342,-5.814e+21
3113,-5.8283e+21
5023,-5.829e+21
3794,-5.8292e+21
3607,-5.8498e+21
5553,-5.8515e+21
2361,-5.8661e+21
5253,-5.8763e+21
4220,-5.8789e+21
4956,-5.8815e+21
3017,-5.9182e+21
3937,-5.9262e+21
4247,-5.9296e+21
4719,-5.9331e+21
3553,-5.9352e+21
3888,-5.9386e+21
3686,-5.9516e+21
5430,-5.9592e+21
4917,-5.9603e+21
4146,-5.962e+21
3306,-5.9686e+21
2893,-6.0345e+21
4396,-6.0924e+21
3299,-6.0995e+21
3346,-6.1026e+21
2600,-6.1083e+21
3612,-6.1291e+21
3986,-6.1374e+21
4040,-6.1541e+21
4703,-6.1582e+21
3777,-6.1618e+21
3539,-6.166e+21
5002,-6.1743e+21
4674,-6.1863e+21
4475,-6.1963e+21
3514,-6.2104e+21
2512,-6.2141e+21
3700,-6.2229e+21
5511,-6.2244e+21
4948,-6.2343e+21
3814,-6.2458e+21
4734,-6.2464e+21
5418,-6.2597e+21
5336,-6.2868e+21
2323,-6.3042e+21
3006,-6.309e+21
3226,-6.3242e+21
3383,-6.3299e+21
3386,-6.3307e+21
3085,-6.3346e+21
4434,-6.3357e+21
3653,-6.3401e+21
5152,-6.3454e+21
5211,-6.3604e+21
5226,-6.3874e+21
4224,-6.3949e+21
3121,-6.3985e+21
5272,-6.4273e+21
5173,-6.4275e+21
3475,-6.4307e+21
2970,-6.4451e+21
5493,-6.4469e+21
2646,-6.4526e+21
2746,-6.4709e+21
5434,-6.4722e+21
2572,-6.4854e+21
4175,-6.4957e+21
3408,-6.5096e+21
3846,-6.5178e+21
4644,-6.5249e+21
4004,-6.5267e+21
3635,-6.5305e+21
4571,-6.5429e+21
5098,-6.5438e+21
3829,-6.5481e+21
4377,-6.5531e+21
3102,-6.5588e+21
4737,-6.5735e+21
3177,-6.5798e+21
2411,-6.5887e+21
4120,-6.6054e+21
3832,-6.6063e+21
3086,-6.6171e+21
2270,-6.6236e+21
4425,-6.6274e+21
3236,-6.6413e+21
4067,-6.6595e+21
3602,-6.6605e+21
3674,-6.662e+21
3975,-6.6733e+21
4489,-6.6831e+21
3802,-6.6857e+21
3201,-6.6942e+21
3805,-6.7156e+21
5114,-6.7312e+21
3822,-6.7471e+21
3064,-6.7493e+21
5089,-6.7583e+21
5130,-6.7599e+21
3164,-6.7857e+21
3413,-6.7929e+21
4746,-6.7954e+21
5593,-6.8e+21
2332,-6.8003e+21
3418,-6.8075e+21
4381,-6.8097e+21
4959,-6.8211e+21
3537,-6.8376e+21
4106,-6.8433e+21
3438,-6.8586e+21
5416,-6.8738e+21
4097,-6.8743e+21
4084,-6.8834e+21
5485,-6.8886e+21
3552,-6.8935e+21
4985,-6.9105e+21
3561,-6.9121e+21
4700,-6.923e+21
3337,-6.9257e+21
4482,-6.9644e+21
4679,-6.9688e+21
3582,-6.9777e+21
3153,-6.99e+21
2699,-7.0013e+21
4707,-7.0272e+21
3457,-7.0293e+21
2246,-7.0333e+21
3134,-7.0334e+21
4879,-7.0351e+21
5051,-7.0549e+21
4582,-7.0568e+21
2245,-7.0633e+21
3395,-7.0699e+21
2820,-7.0734e+21
4337,-7.0737e+21
2476,-7.0767e+21
3529,-7.0846e+21
2544,-7.0894e+21
3095,-7.0903e+21
4435,-7.1104e+21
5170,-7.1412e+21
2507,-7.1428e+21
3761,-7.1666e+21
5037,-7.1952e+21
4962,-7.2447e+21
5381,-7.25e+21
4740,-7.2557e+21
3844,-7.2682e+21
4253,-7.2748e+21
4142,-7.2987e+21
3183,-7.3126e+21
3885,-7.3376e+21
4612,-7.3582e+21
4008,-7.3604e+21
3178,-7.3647e+21
5473,-7.3834e+21
4423,-7.384e+21
4869,-7.3857e+21
5449,-7.3972e+21
3365,-7.4002e+21
3648,-7.4295e+21
5341,-7.44e+21
4301,-7.4428e+21
5168,-7.46e+21
4361,-7.4636e+21
3795,-7.464e+21
4227,-7.4699e+21
3476,-7.4723e+21
3340,-7.4745e+21
3664,-7.4928e+21
5402,-7.5023e+21
2677,-7.5124e+21
4840,-7.5183e+21
4379,-7.5184e+21
4731,-7.5235e+21
2792,-7.5357e+21
2483,-7.5472e+21
3075,-7.5561e+21
2907,-7.5799e+21
5184,-7.5959e+21
4988,-7.6087e+21
3980,-7.6342e+21
3328,-7.6349e+21
3585,-7.6438e+21
3947,-7.6629e+21
3300,-7.6634e+21
3012,-7.6664e+21
2960,-7.6884e+21
4902,-7.6977e+21
2622,-7.7017e+21
3772,-7.7279e+21
3808,-7.7738e+21
2437,-7.7857e+21
3605,-7.7931e+21
5327,-7.7958e+21
4534,-7.7996e+21
3512,-7.803e+21
3792,-7.8032e+21
2891,-7.8186e+21
3430,-7.8189e+21
3187,-7.8308e+21
3827,-7.8387e+21
2530,-7.8523e+21
2707,-7.8589e+21
5153,-7.8782e+21
3598,-7.881e+21
4302,-7.9178e+21
3876,-7.9224e+21
2675,-7.9306e+21
5012,-7.9323e+21
2274,-7.9451e+21
3818,-7.9684e+21
2578,-7.983e+21
5492,-7.9878e+21
2889,-8.0256e+21
2428,-8.0338e+21
4880,-8.0387e+21
3032,-8.0712e+21
3483,-8.0837e+21
3322,-8.1059e+21
4653,-8.1076e+21
5227,-8.1148e+21
2959,-8.1237e+21
5529,-8.1303e+21
4103,-8.1361e+21
2847,-8.144e+21
2681,-8.164e+21
2711,-8.1957e+21
4926,-8.2411e+21
3662,-8.2489e+21
3590,-8.257e+21
5531,-8.2658e+21
3229,-8.2701e+21
2764,-8.3029e+21
3528,-8.3079e+21
4438,-8.308e+21
2685,-8.3371e+21
4052,-8.349e+21
4978,-8.3639e+21
2393,-8.3657e+21
3953,-8.4113e+21
5578,-8.43e+21
3392,-8.4637e+21
5079,-8.4689e+21
4818,-8.4921e+21
4613,-8.4928e+21
4738,-8.4942e+21
5020,-8.5017e+21
3313,-8.5116e+21
5519,-8.5297e+21
4709,-8.5315e+21
4137,-8.5565e+21
3284,-8.6157e+21
3332,-8.6231e+21
4553,-8.6377e+21
2366,-8.6437e+21
2346,-8.6438e+21
3421,-8.6488e+21
3051,-8.6719e+21
3285,-8.682e+21
4800,-8.6839e+21
3318,-8.6999e+21
4685,-8.7166e+21
4468,-8.7219e+21
3787,-8.7299e+21
4303,-8.7313e+21
4328,-8.7772e+21
5111,-8.7791e+21
5308,-8.816e+21
3384,-8.8209e+21
4108,-8.8287e+21
3101,-8.8421e+21
3001,-8.8642e+21
3232,-8.8691e+21
3186,-8.8706e+21
5254,-8.8978e+21
3206,-8.9383e+21
4574,-8.9464e+21
5129,-8.956e+21
3879,-8.9615e+21
5001,-8.9751e+21
3273,-8.9847e+21
5214,-9.0146e+21
3250,-9.0216e+21
3831,-9.0318e+21
4344,-9.0396e+21
3641,-9.0847e+21
3774,-9.0927e+21
5007,-9.1096e+21
5334,-9.1636e+21
3409,-9.1712e+21
5450,-9.1722e+21
2311,-9.1886e+21
3935,-9.202e+21
5269,-9.2028e+21
3084,-9.2268e+21
2850,-9.2358e+21
3005,-9.24e+21
3343,-9.2459e+21
3677,-9.2723e+21
4882,-9.2774e+21
2880,-9.2777e+21
3352,-9.2961e+21
4624,-9.3348e+21
5010,-9.3366e+21
3915,-9.3612e+21
2315,-9.3807e+21
4661,-9.3923e+21
3366,-9.431e+21
3240,-9.4368e+21
4557,-9.4584e+21
4735,-9.4592e+21
3035,-9.4635e+21
2242,-9.4686e+21
4705,-9.493e+21
5292,-9.5172e+21
4145,-9.5173e+21
3271,-9.5547e+21
4748,-9.578e+21
5444,-9.5994e+21
4334,-9.6013e+21
2796,-9.6089e+21
3983,-9.628e+21
4598,-9.6616e+21
4782,-9.6716e+21
4001,-9.7132e+21
4796,-9.7165e+21
4660,-9.717e+21
5572,-9.7279e+21
4090,-9.7617e+21
3965,-9.7656e+21
2506,-9.7674e+21
3645,-9.7776e+21
2341,-9.7876e+21
4777,-9.8409e+21
2813,-9.8636e+21
4671,-9.8718e+21
4965,-9.8782e+21
3998,-9.8904e+21
5135,-9.8906e+21
3643,-9.897e+21
4532,-9.9048e+21
3176,-9.9074e+21
2971,-9.9105e+21
4922,-9.9132e+21
4776,-9.9185e+21
5542,-9.9251e+21
4100,-9.9306e+21
4627,-9.9398e+21
4044,-9.9518e+21
2701,-9.9711e+21
2471,-9.9729e+21
2418,-9.9919e+21
3978,-1.0011e+22
3253,-1.0017e+22
4343,-1.0029e+22
3145,-1.0031e+22
3815,-1.0038e+22
4477,-1.0047e+22
3238,-1.009e+22
5540,-1.0094e+22
2641,-1.0107e+22
2460,-1.0109e+22
4148,-1.0127e+22
3042,-1.0136e+22
4156,-1.0159e+22
2653,-1.0164e+22
4749,-1.0172e+22
4123,-1.0174e+22
4658,-1.02e+22
3312,-1.0208e+22
2310,-1.0213e+22
5263,-1.0254e+22
2360,-1.0269e+22
3235,-1.0272e+22
5409,-1.0273e+22
2793,-1.028e+22
2451,-1.0299e+22
2288,-1.0303e+22
5417,-1.0311e+22
3490,-1.0315e+22
3515,-1.0332e+22
5264,-1.0343e+22
2562,-1.0345e+22
3999,-1.0361e+22
2330,-1.0364e+22
4878,-1.0365e+22
4783,-1.037e+22
4610,-1.037e+22
4232,-1.0376e+22
3868,-1.0387e+22
3564,-1.0401e+22
4905,-1.0434e+22
4636,-1.0436e+22
3441,-1.0465e+22
4940,-1.0466e+22
5441,-1.0491e+22
5582,-1.0491e+22
3970,-1.051e+22
4452,-1.052e+22
2825,-1.0529e+22
3874,-1.0533e+22
4585,-1.0538e+22
3905,-1.0542e+22
3714,-1.0555e+22
4689,-1.0572e+22
4639,-1.0589e+22
2292,-1.059e+22
4105,-1.0596e+22
4634,-1.0609e+22
3310,-1.0617e+22
3432,-1.0619e+22
2714,-1.0637e+22
2931,-1.0642e+22
4930,-1.0656e+22
5358,-1.0657e+22
3945,-1.0658e+22
3461,-1.0698e+22
2903,-1.071e+22
5106,-1.074e+22
5057,-1.0762e+22
4604,-1.0792e+22
3062,-1.0819e+22
4643,-1.0827e+22
4257,-1.083e+22
2958,-1.0831e+22
4037,-1.084e+22
4093,-1.0848e+22
4813,-1.0851e+22
3791,-1.0852e+22
4203,-1.0894e+22
3038,-1.0897e+22
4570,-1.0911e+22
2824,-1.0912e+22
2521,-1.093e+22
4897,-1.0933e+22
3914,-1.0944e+22
5466,-1.0954e+22
4421,-1.0962e+22
4910,-1.097e+22
3205,-1.0973e+22
4971,-1.1004e+22
3841,-1.1013e+22
5240,-1.1018e+22
4596,-1.1018e+22
4691,-1.1019e+22
3557,-1.1044e+22
3698,-1.1044e+22
3338,-1.1045e+22
2774,-1.1045e+22
4241,-1.1051e+22
5206,-1.1057e+22
4611,-1.1076e+22
2929,-1.1078e+22
5377,-1.1079e+22
5406,-1.1088e+22
2568,-1.1103e+22
3701,-1.1107e+22
2540,-1.1113e+22
4283,-1.1125e+22
2514,-1.1173e+22
4038,-1.1198e+22
4623,-1.1199e+22
2577,-1.1199e+22
4212,-1.121e+22
4135,-1.1213e+22
4941,-1.1219e+22
3889,-1.122e+22
4296,-1.1223e+22
3995,-1.1228e+22
3695,-1.124e+22
3959,-1.1242e+22
4171,-1.1278e+22
2812,-1.1281e+22
3877,-1.1286e+22
4350,-1.1287e+22
3638,-1.1289e+22
5080,-1.1295e+22
2814,-1.131e+22
5208,-1.1356e+22
2927,-1.1368e+22
5595,-1.1383e+22
5397,-1.1386e+22
2590,-1.139e+22
3356,-1.1394e+22
2368,-1.1394e+22
3636,-1.1419e+22
2602,-1.1424e+22
2505,-1.1439e+22
2492,-1.1472e+22
4911,-1.1493e+22
2975,-1.1504e+22
4064,-1.1509e+22
2690,-1.153e+22
5158,-1.1565e+22
4723,-1.1569e+22
3199,-1.1571e+22
4708,-1.1581e+22
5107,-1.1641e+22
4474,-1.1646e+22
4932,-1.1656e+22
3057,-1.1657e+22
4847,-1.1679e+22
3130,-1.1696e+22
3704,-1.1696e+22
3010,-1.1703e+22
4591,-1.1718e+22
4118,-1.1721e+22
5268,-1.1723e+22
3780,-1.1727e+22
2636,-1.1766e+22
3513,-1.1782e+22
4970,-1.1788e+22
4230,-1.1789e+22
5566,-1.1796e+22
5508,-1.1798e+22
5150,-1.1811e+22
2380,-1.1823e+22
2994,-1.1826e+22
4394,-1.1837e+22
5076,-1.185e+22
4730,-1.1861e+22
2797,-1.1863e+22
5491,-1.1878e+22
2410,-1.1885e+22
4502,-1.1893e+22
4273,-1.1896e+22
4514,-1.1926e+22
4907,-1.1929e+22
4697,-1.1934e+22
5359,-1.1942e+22
4999,-1.1958e+22
2266,-1.1962e+22
4265,-1.1977e+22
4073,-1.1978e+22
3111,-1.1999e+22
5083,-1.2009e+22
3140,-1.2037e+22
2817,-1.205e+22
3784,-1.206e+22
4866,-1.2065e+22
2305,-1.2067e+22
4041,-1.209e+22
4174,-1.2091e+22
2947,-1.2103e+22
2430,-1.2121e+22
2950,-1.216e+22
4458,-1.2182e+22
4365,-1.2185e+22
4925,-1.219e+22
3469,-1.2206e+22
4266,-1.222e+22
3974,-1.2226e+22
5590,-1.2227e+22
3871,-1.2242e+22
4503,-1.2255e+22
2953,-1.2296e+22
3242,-1.2299e+22
2833,-1.2303e+22
2591,-1.2319e+22
2933,-1.2361e+22
2862,-1.2388e+22
4784,-1.2395e+22
5364,-1.2402e+22
2319,-1.2411e+22
3128,-1.2424e+22
4802,-1.2474e+22
5321,-1.2492e+22
3655,-1.2496e+22
2479,-1.2497e+22
4833,-1.2509e+22
5006,-1.2509e+22
2261,-1.2514e+22
3108,-1.2552e+22
2482,-1.2555e+22
4444,-1.2581e+22
3185,-1.2603e+22
2789,-1.261e+22
3028,-1.2624e+22
3661,-1.2632e+22
4756,-1.2641e+22
3843,-1.2656e+22
4903,-1.2658e+22
3246,-1.2667e+22
3837,-1.272e+22
4665,-1.2723e+22
4259,-1.2728e+22
5103,-1.2769e+22
3288,-1.277e+22
5116,-1.277e+22
4117,-1.2771e+22
3735,-1.2791e+22
3374,-1.2792e+22
2254,-1.2793e+22
2787,-1.2811e+22
3357,-1.2812e+22
3449,-1.2816e+22
3192,-1.2841e+22
4522,-1.2845e+22
2642,-1.2866e+22
3396,-1.2881e+22
3098,-1.2907e+22
2500,-1.2912e+22
4023,-1.2914e+22
3586,-1.2921e+22
3899,-1.2956e+22
5205,-1.2963e+22
4824,-1.297e+22
3256,-1.2974e+22
5289,-1.3e+22
4271,-1.3013e+22
5445,-1.3015e+22
4465,-1.3023e+22
3000,-1.3037e+22
4348,-1.3049e+22
3391,-1.3065e+22
4163,-1.3075e+22
4651,-1.3087e+22
2359,-1.3111e+22
3718,-1.3123e+22
3302,-1.3148e+22
3132,-1.3152e+22
3307,-1.316e+22
4153,-1.3185e+22
4892,-1.3216e+22
4288,-1.3225e+22
4360,-1.3225e+22
2860,-1.3226e+22
5597,-1.3231e+22
5034,-1.3236e+22
3534,-1.3243e+22
4936,-1.3247e+22
3887,-1.3254e+22
4995,-1.3284e+22
3477,-1.3296e+22
3838,-1.3312e+22
5297,-1.3312e+22
4507,-1.3324e+22
3604,-1.3333e+22
3227,-1.335e+22
2576,-1.3372e+22
4039,-1.3382e+22
4180,-1.3388e+22
4848,-1.3402e+22
5190,-1.3406e+22
4269,-1.341e+22
3065,-1.3427e+22
3548,-1.3435e+22
3282,-1.3458e+22
4159,-1.3472e+22
5041,-1.3474e+22
4957,-1.349e+22
2687,-1.349e+22
4388,-1.3518e+22
2287,-1.3525e+22
3213,-1.3527e+22
3934,-1.3528e+22
4125,-1.3534e+22
4429,-1.3542e+22
3018,-1.3549e+22
5056,-1.3549e+22
3627,-1.3554e+22
5506,-1.3559e+22
2580,-1.3599e+22
4433,-1.3605e+22
5200,-1.3611e+22
5273,-1.3614e+22
5330,-1.3647e+22
4338,-1.3648e+22
5021,-1.3677e+22
2350,-1.3708e+22
2843,-1.3745e+22
2260,-1.3767e+22
5366,-1.3781e+22
4645,-1.3785e+22
3452,-1.3788e+22
5031,-1.3796e+22
4617,-1.3802e+22
3007,-1.3816e+22
4312,-1.3837e+22
2639,-1.3841e+22
5347,-1.3845e+22
2443,-1.3846e+22
3248,-1.3848e+22
4485,-1.3867e+22
2795,-1.3887e+22
3026,-1.3892e+22
3863,-1.3906e+22
4332,-1.3908e+22
3765,-1.3983e+22
2436,-1.4023e+22
3621,-1.4039e+22
5179,-1.404e+22
5091,-1.4044e+22
4399,-1.4101e+22
2300,-1.4115e+22
4950,-1.4117e+22
3617,-1.4133e+22
4015,-1.4155e+22
4086,-1.4172e+22
5250,-1.4177e+22
5125,-1.4188e+22
2896,-1.4209e+22
5329,-1.4228e+22
2563,-1.4263e+22
2864,-1.4272e+22
5546,-1.4272e+22
2694,-1.4274e+22
4538,-1.4292e+22
4188,-1.4296e+22
3071,-1.4313e+22
3471,-1.4334e+22
3321,-1.4355e+22
4129,-1.4395e+22
5189,-1.4401e+22
3510,-1.4413e+22
3891,-1.4451e+22
4745,-1.4451e+22
2621,-1.4464e+22
3531,-1.45e+22
2806,-1.4517e+22
4431,-1.4527e+22
3525,-1.4532e+22
3419,-1.455e+22
2427,-1.4552e+22
2955,-1.457e+22
5163,-1.4578e+22
3543,-1.458e+22
5561,-1.4608e+22
3608,-1.4621e+22
4834,-1.4622e+22
5558,-1.4627e+22
2322,-1.4637e+22
3442,-1.4639e+22
2452,-1.4654e+22
4291,-1.4682e+22
2458,-1.4695e+22
4778,-1.4696e+22
2335,-1.4751e+22
2454,-1.4752e+22
3711,-1.4764e+22
4807,-1.4767e+22
3726,-1.4782e+22
4531,-1.4835e+22
2373,-1.484e+22
3082,-1.4851e+22
3948,-1.4894e+22
3678,-1.4902e+22
3908,-1.4906e+22
3067,-1.4906e+22
3123,-1.4917e+22
2761,-1.4995e+22
4024,-1.5013e+22
4550,-1.502e+22
3454,-1.5036e+22
3173,-1.5037e+22
4109,-1.5056e+22
4309,-1.5059e+22
5299,-1.5155e+22
5486,-1.5158e+22
2976,-1.5185e+22
4308,-1.519e+22
5586,-1.5232e+22
3066,-1.5248e+22
3799,-1.5271e+22
4943,-1.5277e+22
5142,-1.5289e+22
5260,-1.5294e+22
3264,-1.5311e+22
3568,-1.5337e+22
4115,-1.5359e+22
4602,-1.5438e+22
2370,-1.547e+22
2244,-1.5474e+22
3100,-1.5518e+22
3394,-1.5543e+22
2895,-1.5551e+22
3097,-1.5571e+22
3407,-1.5577e+22
4701,-1.56e+22
4838,-1.563e+22
4099,-1.5665e+22
4559,-1.5698e+22
4979,-1.572e+22
5392,-1.574e+22
4633,-1.5757e+22
2550,-1.5758e+22
4184,-1.5772e+22
4692,-1.5798e+22
3967,-1.5834e+22
5550,-1.5885e+22
2524,-1.5886e+22
3191,-1.5903e+22
3938,-1.5904e+22
4554,-1.5914e+22
3497,-1.5939e+22
3150,-1.5944e+22
2416,-1.5944e+22
5312,-1.5945e+22
2688,-1.5961e+22
4140,-1.5983e+22
4837,-1.5985e+22
5157,-1.599e+22
3445,-1.6e+22
3083,-1.6013e+22
5420,-1.6036e+22
3422,-1.6066e+22
2470,-1.6067e+22
5398,-1.6069e+22
3079,-1.6117e+22
2528,-1.6158e+22
4637,-1.6196e+22
4850,-1.6214e+22
3280,-1.6215e+22
5396,-1.622e+22
4791,-1.622e+22
3979,-1.6234e+22
2823,-1.6331e+22
5201,-1.634e+22
5318,-1.6358e+22
2362,-1.6358e+22
4725,-1.6368e+22
4473,-1.6381e+22
4215,-1.6384e+22
2926,-1.6387e+22
3487,-1.6404e+22
3089,-1.6423e+22
3158,-1.6479e+22
2852,-1.6488e+22
3011,-1.6537e+22
4456,-1.6553e+22
4724,-1.6597e+22
5346,-1.6635e+22
2250,-1.6661e+22
3500,-1.6668e+22
4310,-1.6704e+22
4056,-1.6714e+22
2293,-1.6714e+22
3494,-1.6751e+22
3217,-1.6783e+22
2775,-1.6807e+22
5462,-1.6822e+22
3216,-1.6839e+22
3736,-1.6872e+22
3599,-1.6873e+22
4938,-1.6876e+22
5328,-1.6883e+22
3781,-1.6892e+22
4045,-1.6892e+22
3760,-1.6903e+22
4629,-1.6908e+22
5248,-1.6908e+22
3578,-1.6914e+22
4255,-1.6916e+22
4966,-1.6922e+22
3766,-1.6926e+22
5266,-1.6953e+22
2558,-1.7008e+22
3875,-1.7035e+22
3571,-1.7043e+22
3200,-1.7056e+22
3632,-1.7058e+22
2569,-1.7059e+22
5186,-1.7061e+22
5176,-1.7065e+22
5325,-1.7073e+22
5290,-1.7085e+22
2700,-1.7102e+22
4512,-1.7105e+22
4236,-1.712e+22
4933,-1.7128e+22
3308,-1.7144e+22
5456,-1.7166e+22
4603,-1.7183e+22
4198,-1.7188e+22
3087,-1.7193e+22
2890,-1.7217e+22
4566,-1.7254e+22
4158,-1.7257e+22
4881,-1.7281e+22
3241,-1.7285e+22
5356,-1.729e+22
4567,-1.7292e+22
3577,-1.7314e+22
4682,-1.7324e+22
5574,-1.7345e+22
4779,-1.7347e+22
2487,-1.7348e+22
3755,-1.7364e+22
4130,-1.7369e+22
2566,-1.7375e+22
4508,-1.7459e+22
5310,-1.7535e+22
4268,-1.7537e+22
4102,-1.7552e+22
4543,-1.7553e+22
2652,-1.7597e+22
2712,-1.7599e+22
4177,-1.7605e+22
4786,-1.7624e+22
4022,-1.7625e+22
2924,-1.7665e+22
5469,-1.7693e+22
5303,-1.7754e+22
2446,-1.7776e+22
4398,-1.7783e+22
2333,-1.78e+22
5584,-1.7842e+22
4669,-1.7878e+22
4877,-1.7903e+22
3329,-1.7921e+22
2549,-1.7934e+22
4172,-1.7935e+22
4678,-1.7954e+22
4415,-1.7954e+22
2914,-1.7985e+22
2453,-1.8006e+22
3324,-1.8025e+22
4921,-1.8026e+22
2790,-1.807e+22
4428,-1.8077e+22
2381,-1.8094e+22
4601,-1.8112e+22
3712,-1.8118e+22
5460,-1.8123e+22
4857,-1.8167e+22
4928,-1.8176e+22
4014,-1.8191e+22
5382,-1.8202e+22
2894,-1.8207e+22
3615,-1.8211e+22
4437,-1.8223e+22
4466,-1.8257e+22
2838,-1.8259e+22
4110,-1.8267e+22
2448,-1.8285e+22
4082,-1.8286e+22
4600,-1.8297e+22
3706,-1.8307e+22
2715,-1.8326e+22
3361,-1.8347e+22
3152,-1.836e+22
3786,-1.8367e+22
5278,-1.8371e+22
2724,-1.8373e+22
3336,-1.8388e+22
2916,-1.8415e+22
4760,-1.8421e+22
4486,-1.8436e+22
4885,-1.8439e+22
3775,-1.8481e+22
2664,-1.8518e+22
4471,-1.8525e+22
2915,-1.8535e+22
3946,-1.8595e+22
3955,-1.8608e+22
2686,-1.8613e+22
4382,-1.8615e+22
4307,-1.8631e+22
2491,-1.8636e+22
3251,-1.8662e+22
4405,-1.8667e+22
2857,-1.867e+22
3659,-1.867e+22
4492,-1.8678e+22
3778,-1.8777e+22
4986,-1.8787e+22
5118,-1.8806e+22
2391,-1.8851e+22
5229,-1.8853e+22
4524,-1.886e+22
5319,-1.8883e+22
4297,-1.8902e+22
4491,-1.8903e+22
4506,-1.8961e+22
3179,-1.9042e+22
2481,-1.9048e+22
3344,-1.9048e+22
2949,-1.9055e+22
3762,-1.9099e+22
4675,-1.9107e+22
3054,-1.9145e+22
3281,-1.918e+22
5283,-1.9211e+22
2297,-1.9236e+22
4321,-1.9258e+22
3580,-1.9265e+22
4340,-1.9288e+22
3019,-1.9347e+22
4242,-1.9355e+22
5413,-1.9357e+22
5487,-1.9369e+22
5058,-1.9373e+22
3204,-1.9374e+22
2616,-1.9378e+22
5589,-1.9388e+22
2758,-1.9422e+22
5101,-1.9433e+22
3228,-1.9438e+22
5270,-1.9473e+22
3828,-1.9492e+22
4544,-1.9501e+22
5138,-1.9504e+22
3491,-1.9547e+22
4983,-1.9565e+22
2977,-1.9577e+22
2995,-1.9578e+22
2405,-1.96e+22
4548,-1.9602e+22
3040,-1.9621e+22
4270,-1.9659e+22
2279,-1.9693e+22
5042,-1.9752e+22
3375,-1.9822e+22
4769,-1.983e+22
3126,-1.9841e+22
3380,-1.9843e+22
3156,-1.9857e+22
3417,-1.9866e+22
3910,-1.9871e+22
5464,-1.9885e+22
5423,-1.9933e+22
4454,-1.995e+22
5054,-1.9958e+22
3988,-1.9971e+22
4955,-2.0009e+22
2632,-2.0015e+22
5105,-2.008e+22
5133,-2.0112e+22
2571,-2.0148e+22
4204,-2.0188e+22
2638,-2.027e+22
3681,-2.0281e+22
3949,-2.0308e+22
5009,-2.0338e+22
4741,-2.0349e+22
3516,-2.0358e+22
5428,-2.0372e+22
5368,-2.0374e+22
4240,-2.0381e+22
2273,-2.0388e+22
4501,-2.0392e+22
2773,-2.0399e+22
5342,-2.0437e+22
3903,-2.0497e+22
5592,-2.0537e+22
4152,-2.0563e+22
5295,-2.057e+22
3901,-2.0594e+22
4589,-2.0599e+22
4279,-2.0617e+22
5244,-2.0699e+22
3526,-2.0704e+22
2902,-2.0722e+22
2801,-2.0728e+22
4785,-2.0736e+22
2921,-2.0741e+22
3030,-2.0794e+22
3697,-2.0813e+22
3501,-2.0817e+22
4801,-2.0865e+22
5394,-2.0964e+22
3303,-2.1038e+22
4771,-2.1075e+22
2309,-2.1091e+22
2859,-2.1105e+22
2493,-2.1109e+22
5097,-2.111e+22
3435,-2.1152e+22
3398,-2.1154e+22
3680,-2.1157e+22
5267,-2.1161e+22
3399,-2.1216e+22
2438,-2.1241e+22
5410,-2.1301e+22
3209,-2.1363e+22
4855,-2.1367e+22
2498,-2.1416e+22
2934,-2.145e+22
4178,-2.1467e+22
3358,-2.1469e+22
5147,-2.1469e+22
3420,-2.15e+22
5126,-2.1515e+22
4209,-2.1583e+22
3252,-2.16e+22
5532,-2.166e+22
3816,-2.167e+22
4797,-2.1674e+22
4002,-2.1675e+22
3486,-2.1693e+22
3163,-2.1788e+22
4529,-2.1812e+22
2867,-2.1867e+22
3753,-2.1875e+22
2981,-2.1877e+22
5177,-2.188e+22
2378,-2.1921e+22
4775,-2.1966e+22
3372,-2.1995e+22
2989,-2.1997e+22
4868,-2.2018e+22
4619,-2.2019e+22
5172,-2.2019e+22
4573,-2.206e+22
2946,-2.2079e+22
3639,-2.2116e+22
3119,-2.2159e+22
2537,-2.2171e+22
3763,-2.2177e+22
2367,-2.2214e+22
3869,-2.2232e+22
4788,-2.2256e+22
2604,-2.2275e+22
4732,-2.2291e+22
3369,-2.2297e+22
3842,-2.2421e+22
2442,-2.2432e+22
4972,-2.2514e+22
4770,-2.2572e+22
5025,-2.2582e+22
5523,-2.2746e+22
3852,-2.2769e+22
3347,-2.2797e+22
4681,-2.2867e+22
3505,-2.2885e+22
5245,-2.2918e+22
3063,-2.2942e+22
5262,-2.2954e+22
4509,-2.2971e+22
4071,-2.2975e+22
5088,-2.2988e+22
4864,-2.3015e+22
2467,-2.311e+22
4849,-2.3122e+22
3573,-2.318e+22
2617,-2.3191e+22
4794,-2.3223e+22
5549,-2.327e+22
4112,-2.328e+22
2932,-2.3322e+22
2634,-2.3419e+22
3492,-2.3434e+22
5414,-2.3434e+22
3295,-2.3451e+22
3472,-2.3527e+22
4080,-2.3545e+22
3667,-2.3548e+22
3404,-2.3572e+22
2499,-2.3578e+22
2601,-2.3603e+22
2718,-2.364e+22
3622,-2.3662e+22
3367,-2.3758e+22
4092,-2.3821e+22
4487,-2.3856e+22
2627,-2.3865e+22
5338,-2.3894e+22
3208,-2.3918e+22
4973,-2.3947e+22
4029,-2.3955e+22
5167,-2.4009e+22
4189,-2.4047e+22
2355,-2.4047e+22
3202,-2.4048e+22
3296,-2.4055e+22
5475,-2.4215e+22
3750,-2.4289e+22
3923,-2.4326e+22
4832,-2.4336e+22
4141,-2.4341e+22
4805,-2.4452e+22
5543,-2.447e+22
2783,-2.4528e+22
2655,-2.4535e+22
5127,-2.4539e+22
5331,-2.455e+22
3730,-2.4573e+22
3563,-2.4574e+22
3660,-2.4595e+22
2608,-2.4597e+22
2713,-2.4606e+22
3243,-2.4615e+22
4816,-2.4636e+22
3997,-2.466e+22
2283,-2.47e+22
4856,-2.4731e+22
4699,-2.477e+22
4455,-2.4814e+22
5481,-2.4866e+22
4380,-2.4914e+22
3052,-2.4989e+22
2581,-2.5053e+22
2679,-2.5204e+22
3474,-2.5227e+22
2884,-2.5227e+22
4010,-2.5317e+22
4264,-2.5383e+22
3719,-2.5402e+22
4677,-2.5415e+22
3592,-2.5467e+22
4219,-2.5482e+22
4397,-2.5484e+22
2477,-2.5519e+22
4101,-2.5527e+22
2548,-2.5558e+22
2450,-2.5757e+22
5215,-2.577e+22
2807,-2.5808e+22
3547,-2.5844e+22
3921,-2.5862e+22
2606,-2.5864e+22
3301,-2.589e+22
4237,-2.597e+22
4842,-2.5984e+22
5234,-2.6073e+22
2658,-2.619e+22
3878,-2.6204e+22
4893,-2.6208e+22
5323,-2.6268e+22
3940,-2.6269e+22
5535,-2.6394e+22
2830,-2.6611e+22
3994,-2.6693e+22
4025,-2.6727e+22
5376,-2.6744e+22
4765,-2.6754e+22
5562,-2.6843e+22
4761,-2.6854e+22
4561,-2.697e+22
3746,-2.6982e+22
4963,-2.7019e+22
4712,-2.7025e+22
5524,-2.7104e+22
2780,-2.7125e+22
2596,-2.7231e+22
2961,-2.727e+22
5140,-2.7381e+22
4510,-2.7505e+22
5162,-2.7779e+22
3345,-2.7835e+22
5072,-2.7861e+22
4587,-2.7918e+22
4632,-2.802e+22
5154,-2.8134e+22
3830,-2.8222e+22
3254,-2.8349e+22
4463,-2.8357e+22
4620,-2.8434e+22
4417,-2.859e+22
3262,-2.8741e+22
4445,-2.875e+22
2816,-2.8759e+22
3138,-2.8863e+22
2461,-2.905e+22
4250,-2.938e+22
5556,-2.9494e+22
2684,-2.9721e+22
2472,-3.0031e+22
2732,-3.0083e+22
3020,-3.0427e+22
5094,-3.0644e+22
3481,-3.1573e+22
