1,-5.8698e+19
2,-5.9301e+19
3724,-6.2707e+19
2771,-6.3905e+19
3,-6.667e+19
4,-6.8321e+19
2264,-6.9317e+19
5,-6.9342e+19
6,-6.9669e+19
7,-6.9735e+19
8,-7.0256e+19
9,-7.0613e+19
10,-7.0843e+19
11,-7.1261e+19
12,-7.195e+19
13,-7.2335e+19
14,-7.2748e+19
15,-7.3068e+19
16,-7.3082e+19
3380,-7.3591e+19
17,-7.4142e+19
18,-7.4176e+19
19,-7.4544e+19
20,-7.4687e+19
21,-7.5145e+19
22,-7.5871e+19
23,-7.5948e+19
24,-7.6048e+19
25,-7.6266e+19
26,-7.6611e+19
27,-7.7637e+19
3779,-7.7728e+19
28,-7.8132e+19
29,-7.8807e+19
3689,-7.8934e+19
30,-7.9039e+19
31,-7.9173e+19
32,-7.9369e+19
33,-7.9534e+19
34,-8.0118e+19
35,-8.0185e+19
36,-8.0414e+19
37,-8.093e+19
38,-8.0933e+19
39,-8.0948e+19
40,-8.1159e+19
41,-8.1337e+19
3725,-8.1369e+19
42,-8.1484e+19
43,-8.1543e+19
44,-8.155e+19
5397,-8.1644e+19
45,-8.1794e+19
46,-8.1826e+19
47,-8.2049e+19
48,-8.2475e+19
49,-8.27e+19
50,-8.3607e+19
51,-8.3612e+19
3164,-8.3888e+19
4241,-8.3899e+19
52,-8.3982e+19
53,-8.4162e+19
54,-8.4229e+19
55,-8.4255e+19
56,-8.4676e+19
57,-8.4684e+19
58,-8.4725e+19
59,-8.4933e+19
60,-8.516e+19
61,-8.5186e+19
62,-8.5343e+19
63,-8.536e+19
64,-8.5382e+19
65,-8.5383e+19
66,-8.5421e+19
67,-8.5453e+19
68,-8.5526e+19
69,-8.575e+19
70,-8.5801e+19
71,-8.5819e+19
72,-8.6077e+19
73,-8.6425e+19
74,-8.6748e+19
75,-8.6818e+19
76,-8.6841e+19
77,-8.69e+19
78,-8.6936e+19
79,-8.7038e+19
80,-8.7348e+19
81,-8.7469e+19
82,-8.7557e+19
83,-8.801e+19
2277,-8.8034e+19
84,-8.8152e+19
4931,-8.834e+19
3292,-8.8416e+19
85,-8.853e+19
86,-8.8615e+19
87,-8.8617e+19
88,-8.8864e+19
3330,-8.8907e+19
89,-8.9266e+19
3295,-8.9337e+19
90,-8.9521e+19
91,-8.9524e+19
92,-8.9651e+19
4424,-8.9668e+19
3254,-8.9795e+19
93,-9.0201e+19
5165,-9.0456e+19
4649,-9.0557e+19
94,-9.0574e+19
95,-9.0675e+19
96,-9.0858e+19
97,-9.0889e+19
98,-9.1072e+19
2251,-9.1325e+19
99,-9.1509e+19
100,-9.1762e+19
101,-9.2045e+19
3955,-9.2142e+19
102,-9.2214e+19
103,-9.225e+19
104,-9.2307e+19
105,-9.2347e+19
106,-9.2372e+19
107,-9.2461e+19
108,-9.2543e+19
109,-9.26e+19
110,-9.2799e+19
111,-9.3057e+19
112,-9.3095e+19
113,-9.3144e+19
114,-9.3219e+19
5512,-9.327e+19
115,-9.3367e+19
116,-9.3433e+19
117,-9.385e+19
118,-9.3859e+19
119,-9.4004e+19
5007,-9.4136e+19
120,-9.4179e+19
121,-9.4208e+19
122,-9.4242e+19
5536,-9.4424e+19
123,-9.4589e+19
124,-9.459e+19
125,-9.4818e+19
126,-9.4881e+19
127,-9.4934e+19
128,-9.4997e+19
129,-9.5108e+19
130,-9.512e+19
131,-9.5384e+19
4769,-9.5407e+19
132,-9.5441e+19
133,-9.5491e+19
134,-9.5548e+19
135,-9.5553e+19
136,-9.5574e+19
137,-9.5808e+19
138,-9.5872e+19
139,-9.5923e+19
140,-9.6126e+19
3965,-9.6127e+19
141,-9.6182e+19
4565,-9.6234e+19
142,-9.6822e+19
5496,-9.6939e+19
143,-9.6984e+19
144,-9.7189e+19
145,-9.7278e+19
146,-9.7359e+19
147,-9.741e+19
3443,-9.7482e+19
148,-9.7686e+19
149,-9.7696e+19
150,-9.7722e+19
151,-9.7751e+19
2329,-9.784e+19
152,-9.7919e+19
153,-9.7923e+19
154,-9.8145e+19
155,-9.8261e+19
156,-9.8425e+19
157,-9.8493e+19
158,-9.8502e+19
159,-9.8645e+19
2886,-9.8697e+19
160,-9.8792e+19
161,-9.891e+19
162,-9.8923e+19
163,-9.8991e+19
164,-9.8991e+19
3645,-9.9017e+19
165,-9.9022e+19
166,-9.9083e+19
167,-9.9118e+19
168,-9.9209e+19
169,-9.9291e+19
170,-9.9522e+19
171,-9.9681e+19
172,-9.9788e+19
173,-9.9822e+19
174,-9.9905e+19
175,-9.991e+19
176,-9.9925e+19
177,-1.0003e+20
178,-1.0014e+20
179,-1.007e+20
180,-1.0071e+20
181,-1.008e+20
182,-1.0081e+20
183,-1.0099e+20
184,-1.0108e+20
3012,-1.0111e+20
185,-1.0153e+20
3180,-1.0156e+20
186,-1.0157e+20
187,-1.0158e+20
188,-1.016e+20
189,-1.0164e+20
190,-1.0178e+20
191,-1.0194e+20
2432,-1.0196e+20
192,-1.0206e+20
193,-1.0222e+20
194,-1.0228e+20
195,-1.0233e+20
196,-1.0238e+20
197,-1.024e+20
198,-1.0248e+20
199,-1.0251e+20
200,-1.0255e+20
2471,-1.027e+20
201,-1.0273e+20
202,-1.0284e+20
203,-1.0285e+20
204,-1.0285e+20
205,-1.0286e+20
206,-1.0292e+20
207,-1.0297e+20
208,-1.0297e+20
5462,-1.0297e+20
209,-1.0305e+20
2675,-1.031e+20
210,-1.0312e+20
211,-1.0314e+20
212,-1.0327e+20
213,-1.0339e+20
214,-1.0362e+20
215,-1.0377e+20
4805,-1.0379e+20
216,-1.0381e+20
217,-1.0382e+20
218,-1.0388e+20
219,-1.0389e+20
4983,-1.0394e+20
220,-1.0394e+20
221,-1.0397e+20
222,-1.0402e+20
223,-1.0412e+20
224,-1.0421e+20
225,-1.0431e+20
226,-1.0436e+20
3669,-1.0451e+20
227,-1.0458e+20
228,-1.0473e+20
229,-1.0485e+20
5494,-1.0495e+20
230,-1.0499e+20
4039,-1.0515e+20
231,-1.0524e+20
232,-1.0528e+20
233,-1.0547e+20
234,-1.0553e+20
235,-1.0555e+20
236,-1.0566e+20
237,-1.0581e+20
238,-1.0595e+20
239,-1.0615e+20
240,-1.0621e+20
2698,-1.0622e+20
241,-1.0644e+20
242,-1.0647e+20
4168,-1.0673e+20
243,-1.0673e+20
5024,-1.0674e+20
4053,-1.0674e+20
3390,-1.0677e+20
244,-1.069e+20
245,-1.069e+20
246,-1.0694e+20
2890,-1.0694e+20
2461,-1.0697e+20
247,-1.07e+20
248,-1.0712e+20
5308,-1.0716e+20
249,-1.072e+20
250,-1.0733e+20
251,-1.0764e+20
252,-1.0768e+20
253,-1.0773e+20
254,-1.0776e+20
255,-1.0776e+20
256,-1.0778e+20
257,-1.0782e+20
258,-1.0783e+20
259,-1.0794e+20
260,-1.0796e+20
261,-1.08e+20
262,-1.0806e+20
263,-1.0808e+20
264,-1.081e+20
265,-1.0811e+20
266,-1.0818e+20
267,-1.0821e+20
268,-1.0824e+20
269,-1.0833e+20
270,-1.0836e+20
271,-1.0839e+20
272,-1.0846e+20
273,-1.0858e+20
274,-1.087e+20
4978,-1.0873e+20
275,-1.0892e+20
276,-1.0899e+20
277,-1.0906e+20
278,-1.0912e+20
279,-1.0918e+20
2571,-1.0922e+20
280,-1.0925e+20
281,-1.093e+20
282,-1.0933e+20
283,-1.0952e+20
284,-1.096e+20
285,-1.0965e+20
4469,-1.0966e+20
286,-1.098e+20
287,-1.0988e+20
288,-1.0995e+20
289,-1.1005e+20
290,-1.1006e+20
291,-1.1006e+20
292,-1.1012e+20
293,-1.1013e+20
3810,-1.1037e+20
4453,-1.1051e+20
294,-1.1069e+20
295,-1.109e+20
3587,-1.1093e+20
296,-1.1105e+20
297,-1.1105e+20
4013,-1.114e+20
4670,-1.1146e+20
298,-1.1153e+20
299,-1.1156e+20
5552,-1.1163e+20
300,-1.1173e+20
301,-1.1174e+20
302,-1.1184e+20
303,-1.1187e+20
304,-1.1187e+20
305,-1.12e+20
306,-1.1205e+20
307,-1.1205e+20
4582,-1.1206e+20
308,-1.1207e+20
309,-1.1214e+20
310,-1.1214e+20
3547,-1.1219e+20
311,-1.1219e+20
312,-1.1233e+20
313,-1.1234e+20
314,-1.1235e+20
315,-1.1237e+20
316,-1.1244e+20
317,-1.1255e+20
2297,-1.1276e+20
318,-1.1279e+20
319,-1.1284e+20
320,-1.1286e+20
321,-1.1288e+20
322,-1.1301e+20
323,-1.1303e+20
324,-1.1304e+20
325,-1.1318e+20
326,-1.1324e+20
327,-1.1351e+20
328,-1.1364e+20
3025,-1.1374e+20
329,-1.1375e+20
330,-1.1385e+20
331,-1.1386e+20
332,-1.1388e+20
333,-1.1392e+20
334,-1.141e+20
335,-1.141e+20
336,-1.1411e+20
337,-1.1425e+20
338,-1.1432e+20
339,-1.1433e+20
340,-1.1437e+20
341,-1.147e+20
342,-1.1475e+20
343,-1.1483e+20
344,-1.1484e+20
345,-1.1488e+20
346,-1.1494e+20
347,-1.1499e+20
4833,-1.15e+20
2365,-1.1517e+20
348,-1.1519e+20
349,-1.1527e+20
350,-1.1527e+20
351,-1.1535e+20
352,-1.154e+20
353,-1.1545e+20
354,-1.1549e+20
355,-1.1578e+20
356,-1.158e+20
357,-1.1582e+20
4202,-1.1587e+20
3359,-1.1587e+20
358,-1.1589e+20
359,-1.1598e+20
4797,-1.1602e+20
360,-1.1609e+20
361,-1.161e+20
362,-1.161e+20
363,-1.1618e+20
364,-1.1628e+20
365,-1.1632e+20
366,-1.1637e+20
367,-1.1644e+20
368,-1.1669e+20
369,-1.167e+20
370,-1.1676e+20
371,-1.1696e+20
372,-1.1696e+20
373,-1.1698e+20
3840,-1.172e+20
374,-1.1724e+20
375,-1.1737e+20
376,-1.1738e+20
3000,-1.174e+20
377,-1.1741e+20
378,-1.1742e+20
379,-1.1754e+20
380,-1.1761e+20
381,-1.1765e+20
3508,-1.1773e+20
382,-1.1777e+20
383,-1.1785e+20
384,-1.1791e+20
385,-1.1793e+20
386,-1.1799e+20
387,-1.1802e+20
388,-1.1809e+20
389,-1.1811e+20
390,-1.1827e+20
391,-1.1829e+20
392,-1.1842e+20
393,-1.1862e+20
394,-1.1881e+20
395,-1.1889e+20
396,-1.1898e+20
397,-1.19e+20
398,-1.1908e+20
399,-1.1915e+20
400,-1.1916e+20
401,-1.1919e+20
402,-1.1926e+20
5513,-1.1932e+20
403,-1.1935e+20
404,-1.195e+20
405,-1.1953e+20
406,-1.1955e+20
407,-1.1956e+20
408,-1.1962e+20
409,-1.1981e+20
410,-1.1987e+20
411,-1.1988e+20
412,-1.1997e+20
413,-1.2006e+20
414,-1.2008e+20
415,-1.201e+20
416,-1.2016e+20
417,-1.2019e+20
4446,-1.2041e+20
418,-1.2049e+20
419,-1.2077e+20
420,-1.2079e+20
421,-1.2085e+20
2306,-1.209e+20
422,-1.2095e+20
423,-1.2098e+20
424,-1.2105e+20
4590,-1.2106e+20
425,-1.2106e+20
426,-1.2108e+20
427,-1.2138e+20
428,-1.2141e+20
429,-1.2142e+20
430,-1.2151e+20
431,-1.2152e+20
4080,-1.2156e+20
432,-1.2156e+20
433,-1.2158e+20
434,-1.2163e+20
5091,-1.2165e+20
435,-1.2197e+20
436,-1.2201e+20
5001,-1.2202e+20
437,-1.2205e+20
438,-1.2219e+20
439,-1.222e+20
440,-1.2228e+20
441,-1.2242e+20
4875,-1.2247e+20
442,-1.2251e+20
443,-1.2254e+20
444,-1.2259e+20
445,-1.2264e+20
446,-1.2265e+20
447,-1.2267e+20
3392,-1.2279e+20
448,-1.2289e+20
449,-1.2292e+20
5377,-1.2293e+20
450,-1.2303e+20
3865,-1.2307e+20
451,-1.2311e+20
5023,-1.2312e+20
452,-1.232e+20
453,-1.2341e+20
454,-1.2342e+20
4969,-1.2351e+20
5052,-1.2367e+20
455,-1.2369e+20
3092,-1.2378e+20
456,-1.2385e+20
457,-1.24e+20
4750,-1.2416e+20
458,-1.2416e+20
459,-1.2417e+20
460,-1.2423e+20
461,-1.2425e+20
462,-1.2426e+20
4014,-1.2444e+20
463,-1.2446e+20
464,-1.2455e+20
465,-1.2457e+20
5173,-1.2463e+20
466,-1.2467e+20
467,-1.2471e+20
468,-1.2479e+20
5261,-1.2482e+20
4989,-1.2484e+20
469,-1.2489e+20
5178,-1.2491e+20
470,-1.2507e+20
471,-1.2513e+20
472,-1.2513e+20
473,-1.2513e+20
4381,-1.2515e+20
474,-1.2518e+20
475,-1.2525e+20
476,-1.2525e+20
477,-1.2533e+20
478,-1.2533e+20
479,-1.2535e+20
480,-1.2539e+20
481,-1.2547e+20
482,-1.2548e+20
483,-1.2557e+20
484,-1.2557e+20
485,-1.2558e+20
5417,-1.2559e+20
486,-1.256e+20
487,-1.2561e+20
3141,-1.2565e+20
488,-1.2587e+20
489,-1.2592e+20
490,-1.2593e+20
491,-1.2599e+20
4442,-1.2605e+20
492,-1.2606e+20
493,-1.2623e+20
494,-1.2637e+20
2667,-1.2654e+20
495,-1.2656e+20
496,-1.2669e+20
497,-1.2669e+20
3857,-1.2671e+20
3788,-1.2674e+20
498,-1.2675e+20
499,-1.2675e+20
500,-1.2677e+20
501,-1.2693e+20
4668,-1.2713e+20
502,-1.2713e+20
503,-1.2713e+20
4912,-1.2721e+20
504,-1.2726e+20
505,-1.2729e+20
506,-1.2729e+20
507,-1.2735e+20
508,-1.2746e+20
509,-1.2747e+20
510,-1.2748e+20
511,-1.2749e+20
512,-1.2759e+20
513,-1.2763e+20
514,-1.2768e+20
515,-1.2768e+20
516,-1.2771e+20
517,-1.2781e+20
518,-1.2783e+20
519,-1.2784e+20
520,-1.2796e+20
521,-1.2809e+20
522,-1.2811e+20
523,-1.2813e+20
3789,-1.2813e+20
524,-1.2819e+20
525,-1.2821e+20
526,-1.2826e+20
527,-1.2834e+20
528,-1.2839e+20
529,-1.284e+20
4735,-1.2841e+20
530,-1.2845e+20
531,-1.2848e+20
532,-1.2851e+20
533,-1.2852e+20
534,-1.2865e+20
535,-1.287e+20
2755,-1.2874e+20
536,-1.2899e+20
537,-1.2899e+20
538,-1.2901e+20
539,-1.2901e+20
540,-1.2907e+20
3412,-1.2911e+20
541,-1.2918e+20
2315,-1.2922e+20
5546,-1.2926e+20
3386,-1.2928e+20
542,-1.293e+20
543,-1.2936e+20
544,-1.2942e+20
545,-1.2973e+20
546,-1.298e+20
547,-1.2998e+20
548,-1.3005e+20
549,-1.3021e+20
550,-1.3027e+20
551,-1.3034e+20
552,-1.3034e+20
4328,-1.3048e+20
553,-1.3052e+20
554,-1.3059e+20
555,-1.3074e+20
2285,-1.3098e+20
556,-1.3099e+20
557,-1.3103e+20
558,-1.3104e+20
2271,-1.3108e+20
5502,-1.3123e+20
559,-1.3124e+20
560,-1.3127e+20
561,-1.3138e+20
562,-1.3144e+20
563,-1.3144e+20
564,-1.3157e+20
565,-1.3158e+20
566,-1.3161e+20
567,-1.3171e+20
568,-1.3176e+20
569,-1.3188e+20
570,-1.3192e+20
571,-1.3194e+20
572,-1.3222e+20
573,-1.3232e+20
574,-1.325e+20
575,-1.327e+20
5143,-1.3271e+20
4031,-1.3273e+20
4272,-1.3279e+20
576,-1.3287e+20
577,-1.3299e+20
578,-1.3304e+20
579,-1.331e+20
580,-1.3316e+20
581,-1.3325e+20
582,-1.3327e+20
583,-1.3367e+20
584,-1.3368e+20
585,-1.3371e+20
586,-1.3378e+20
587,-1.3378e+20
588,-1.338e+20
589,-1.3383e+20
590,-1.3392e+20
591,-1.3404e+20
5186,-1.3422e+20
592,-1.3424e+20
593,-1.3424e+20
2589,-1.3426e+20
594,-1.3441e+20
595,-1.3457e+20
4190,-1.3463e+20
596,-1.3465e+20
597,-1.3475e+20
3978,-1.3475e+20
598,-1.3477e+20
599,-1.3497e+20
600,-1.3504e+20
601,-1.3509e+20
602,-1.3522e+20
2304,-1.3526e+20
5060,-1.3535e+20
603,-1.3536e+20
3327,-1.3542e+20
604,-1.355e+20
605,-1.3576e+20
606,-1.3581e+20
607,-1.359e+20
608,-1.3597e+20
609,-1.3612e+20
4069,-1.3613e+20
4613,-1.3623e+20
610,-1.3628e+20
4456,-1.3632e+20
611,-1.3633e+20
612,-1.3641e+20
613,-1.3642e+20
614,-1.3646e+20
615,-1.3651e+20
616,-1.3652e+20
617,-1.3657e+20
618,-1.3681e+20
619,-1.3687e+20
620,-1.3687e+20
621,-1.3687e+20
622,-1.3689e+20
623,-1.3696e+20
624,-1.372e+20
625,-1.3727e+20
4624,-1.373e+20
626,-1.3741e+20
627,-1.3746e+20
4252,-1.3762e+20
628,-1.3774e+20
629,-1.3787e+20
630,-1.379e+20
4828,-1.3793e+20
631,-1.3795e+20
632,-1.3808e+20
633,-1.381e+20
634,-1.3819e+20
635,-1.382e+20
636,-1.3823e+20
637,-1.3831e+20
638,-1.3835e+20
639,-1.384e+20
640,-1.3852e+20
641,-1.3863e+20
642,-1.3868e+20
643,-1.3871e+20
644,-1.3871e+20
645,-1.3873e+20
646,-1.3878e+20
647,-1.3884e+20
648,-1.3886e+20
649,-1.3889e+20
650,-1.3912e+20
651,-1.3933e+20
652,-1.3945e+20
653,-1.3945e+20
3716,-1.3945e+20
654,-1.3946e+20
3431,-1.3949e+20
655,-1.3961e+20
656,-1.3962e+20
657,-1.3974e+20
658,-1.3975e+20
659,-1.3978e+20
660,-1.3979e+20
661,-1.3983e+20
662,-1.3985e+20
663,-1.3988e+20
664,-1.4003e+20
665,-1.4003e+20
666,-1.4011e+20
667,-1.4012e+20
668,-1.4016e+20
669,-1.4017e+20
2554,-1.4033e+20
670,-1.4034e+20
671,-1.4046e+20
672,-1.405e+20
4143,-1.4058e+20
673,-1.4059e+20
674,-1.4064e+20
675,-1.407e+20
676,-1.4078e+20
5598,-1.4081e+20
677,-1.4087e+20
678,-1.4108e+20
679,-1.4111e+20
2971,-1.4115e+20
680,-1.4129e+20
681,-1.4137e+20
682,-1.4142e+20
683,-1.415e+20
684,-1.4152e+20
685,-1.4174e+20
686,-1.4178e+20
687,-1.4179e+20
688,-1.4186e+20
689,-1.4199e+20
690,-1.42e+20
3634,-1.4204e+20
691,-1.423e+20
692,-1.423e+20
693,-1.4233e+20
694,-1.4241e+20
4342,-1.4243e+20
3151,-1.4252e+20
695,-1.4255e+20
696,-1.4287e+20
4786,-1.4314e+20
697,-1.4319e+20
698,-1.4321e+20
699,-1.4332e+20
700,-1.4335e+20
3458,-1.4335e+20
701,-1.4342e+20
5369,-1.4349e+20
702,-1.4357e+20
703,-1.4367e+20
704,-1.4367e+20
705,-1.4367e+20
706,-1.437e+20
707,-1.4376e+20
708,-1.4378e+20
709,-1.4379e+20
3130,-1.4387e+20
710,-1.4397e+20
711,-1.4403e+20
712,-1.4407e+20
4644,-1.4411e+20
3622,-1.4424e+20
713,-1.4427e+20
714,-1.4439e+20
715,-1.4445e+20
716,-1.4466e+20
717,-1.4476e+20
4156,-1.4487e+20
718,-1.4488e+20
719,-1.4495e+20
720,-1.45e+20
721,-1.451e+20
722,-1.4516e+20
723,-1.4517e+20
724,-1.4518e+20
725,-1.4523e+20
5146,-1.4539e+20
726,-1.4542e+20
727,-1.4544e+20
728,-1.4547e+20
729,-1.4549e+20
5036,-1.4554e+20
730,-1.4555e+20
4563,-1.4555e+20
731,-1.4563e+20
732,-1.4572e+20
733,-1.458e+20
734,-1.458e+20
735,-1.4583e+20
4312,-1.4587e+20
736,-1.4598e+20
737,-1.4606e+20
738,-1.4612e+20
739,-1.4621e+20
740,-1.4623e+20
741,-1.4624e+20
742,-1.4631e+20
743,-1.4652e+20
744,-1.4653e+20
745,-1.4659e+20
3867,-1.466e+20
746,-1.4662e+20
747,-1.4666e+20
748,-1.4671e+20
749,-1.4672e+20
750,-1.4674e+20
751,-1.4682e+20
752,-1.4686e+20
753,-1.4689e+20
754,-1.469e+20
755,-1.4692e+20
756,-1.4699e+20
757,-1.47e+20
758,-1.4706e+20
759,-1.4711e+20
760,-1.4728e+20
761,-1.4755e+20
762,-1.4767e+20
763,-1.4777e+20
764,-1.4787e+20
765,-1.4799e+20
766,-1.4806e+20
4357,-1.481e+20
767,-1.4834e+20
768,-1.4837e+20
769,-1.4841e+20
770,-1.4844e+20
771,-1.4844e+20
772,-1.4851e+20
3873,-1.4852e+20
2988,-1.4853e+20
773,-1.4868e+20
4800,-1.4878e+20
774,-1.4878e+20
775,-1.4882e+20
5461,-1.4895e+20
776,-1.4902e+20
777,-1.4908e+20
4006,-1.4921e+20
778,-1.4924e+20
779,-1.4925e+20
780,-1.4928e+20
781,-1.4957e+20
782,-1.4957e+20
783,-1.4967e+20
5042,-1.4968e+20
784,-1.497e+20
785,-1.4972e+20
786,-1.4977e+20
787,-1.4978e+20
788,-1.4983e+20
789,-1.4991e+20
790,-1.4992e+20
791,-1.5e+20
792,-1.5004e+20
793,-1.5006e+20
794,-1.501e+20
795,-1.5017e+20
796,-1.5022e+20
797,-1.5025e+20
798,-1.5031e+20
799,-1.5034e+20
800,-1.5047e+20
801,-1.5061e+20
802,-1.5078e+20
803,-1.5086e+20
804,-1.5095e+20
3467,-1.51e+20
805,-1.5106e+20
806,-1.5112e+20
5260,-1.5113e+20
807,-1.5154e+20
808,-1.5156e+20
809,-1.5158e+20
810,-1.5169e+20
811,-1.5174e+20
812,-1.5182e+20
813,-1.5183e+20
4305,-1.5184e+20
814,-1.5188e+20
815,-1.5192e+20
816,-1.5203e+20
817,-1.5204e+20
818,-1.5204e+20
819,-1.5223e+20
820,-1.5226e+20
821,-1.5229e+20
822,-1.5231e+20
823,-1.5234e+20
824,-1.5239e+20
825,-1.5243e+20
826,-1.5243e+20
827,-1.5245e+20
828,-1.5248e+20
4430,-1.5249e+20
829,-1.5267e+20
830,-1.5282e+20
831,-1.529e+20
832,-1.5296e+20
833,-1.5296e+20
834,-1.5304e+20
835,-1.5316e+20
836,-1.5321e+20
837,-1.5322e+20
838,-1.5328e+20
839,-1.5374e+20
840,-1.5375e+20
841,-1.5378e+20
842,-1.5379e+20
3095,-1.5381e+20
843,-1.5388e+20
844,-1.5402e+20
845,-1.5404e+20
2553,-1.5407e+20
846,-1.5408e+20
847,-1.5409e+20
3866,-1.5409e+20
848,-1.5419e+20
849,-1.5438e+20
850,-1.5465e+20
851,-1.5467e+20
852,-1.5468e+20
853,-1.5469e+20
854,-1.5469e+20
855,-1.547e+20
856,-1.5477e+20
4166,-1.5478e+20
857,-1.5486e+20
858,-1.5492e+20
859,-1.5497e+20
860,-1.5506e+20
861,-1.551e+20
862,-1.5512e+20
863,-1.552e+20
864,-1.5524e+20
865,-1.553e+20
866,-1.5534e+20
867,-1.5535e+20
868,-1.5552e+20
869,-1.5578e+20
870,-1.5581e+20
871,-1.5591e+20
872,-1.5593e+20
4027,-1.5596e+20
873,-1.5616e+20
874,-1.562e+20
875,-1.5623e+20
876,-1.5626e+20
877,-1.5631e+20
878,-1.5632e+20
879,-1.5633e+20
880,-1.5635e+20
881,-1.5639e+20
882,-1.5644e+20
883,-1.5645e+20
884,-1.5647e+20
885,-1.5656e+20
4071,-1.5666e+20
886,-1.5674e+20
4822,-1.5675e+20
887,-1.5676e+20
4121,-1.5677e+20
888,-1.5681e+20
889,-1.5691e+20
890,-1.5692e+20
891,-1.5699e+20
892,-1.57e+20
893,-1.5706e+20
894,-1.5714e+20
895,-1.5717e+20
896,-1.5719e+20
897,-1.5739e+20
898,-1.5743e+20
899,-1.5744e+20
900,-1.5761e+20
5241,-1.5762e+20
901,-1.5772e+20
902,-1.5786e+20
903,-1.5792e+20
904,-1.5795e+20
905,-1.5799e+20
906,-1.5801e+20
907,-1.581e+20
908,-1.5816e+20
909,-1.5827e+20
910,-1.5831e+20
911,-1.5833e+20
912,-1.5834e+20
913,-1.5837e+20
914,-1.5844e+20
915,-1.5845e+20
916,-1.5845e+20
917,-1.587e+20
918,-1.5876e+20
2721,-1.5904e+20
919,-1.5915e+20
3950,-1.5922e+20
2908,-1.5937e+20
920,-1.5945e+20
921,-1.5953e+20
922,-1.5966e+20
923,-1.5966e+20
924,-1.597e+20
2979,-1.5977e+20
925,-1.5978e+20
926,-1.5999e+20
927,-1.5999e+20
928,-1.6001e+20
929,-1.6006e+20
930,-1.6014e+20
931,-1.6032e+20
932,-1.6032e+20
933,-1.6042e+20
934,-1.6043e+20
4133,-1.6048e+20
935,-1.6052e+20
936,-1.6072e+20
937,-1.6076e+20
938,-1.6079e+20
939,-1.608e+20
940,-1.6093e+20
941,-1.6097e+20
942,-1.6098e+20
943,-1.6099e+20
944,-1.6108e+20
2459,-1.6123e+20
945,-1.6124e+20
946,-1.6129e+20
947,-1.6147e+20
948,-1.6151e+20
949,-1.6154e+20
950,-1.6156e+20
3068,-1.6169e+20
5207,-1.6183e+20
951,-1.6185e+20
2425,-1.6185e+20
952,-1.6193e+20
953,-1.6211e+20
4284,-1.6213e+20
954,-1.6217e+20
955,-1.6223e+20
956,-1.6225e+20
957,-1.6242e+20
958,-1.6247e+20
959,-1.6251e+20
960,-1.6255e+20
4107,-1.6258e+20
961,-1.6262e+20
962,-1.6271e+20
963,-1.628e+20
964,-1.6288e+20
965,-1.6288e+20
966,-1.6299e+20
967,-1.6305e+20
968,-1.6307e+20
969,-1.6314e+20
970,-1.6317e+20
971,-1.6317e+20
972,-1.6326e+20
973,-1.633e+20
974,-1.6331e+20
975,-1.6339e+20
976,-1.6348e+20
977,-1.6356e+20
978,-1.6358e+20
979,-1.6363e+20
980,-1.6374e+20
981,-1.638e+20
5551,-1.6388e+20
982,-1.6398e+20
983,-1.6399e+20
984,-1.6406e+20
985,-1.6424e+20
986,-1.6429e+20
987,-1.6444e+20
988,-1.6445e+20
989,-1.645e+20
990,-1.6451e+20
991,-1.646e+20
992,-1.6487e+20
2872,-1.6505e+20
993,-1.6516e+20
994,-1.6529e+20
995,-1.6553e+20
996,-1.6569e+20
997,-1.6579e+20
998,-1.6583e+20
999,-1.6592e+20
1000,-1.6595e+20
1001,-1.6598e+20
1002,-1.6607e+20
1003,-1.6608e+20
1004,-1.6611e+20
1005,-1.6612e+20
5179,-1.6623e+20
1006,-1.6638e+20
1007,-1.6654e+20
1008,-1.6664e+20
1009,-1.6675e+20
2339,-1.6684e+20
1010,-1.6701e+20
4238,-1.6708e+20
2445,-1.6716e+20
1011,-1.673e+20
5406,-1.6736e+20
1012,-1.6737e+20
3360,-1.6745e+20
1013,-1.6755e+20
4406,-1.6759e+20
1014,-1.6763e+20
1015,-1.6765e+20
1016,-1.6769e+20
1017,-1.6781e+20
1018,-1.6782e+20
1019,-1.6789e+20
4201,-1.6799e+20
1020,-1.6807e+20
1021,-1.6812e+20
1022,-1.6821e+20
1023,-1.6822e+20
1024,-1.6841e+20
1025,-1.6845e+20
5211,-1.685e+20
1026,-1.685e+20
1027,-1.6857e+20
3148,-1.6863e+20
1028,-1.6878e+20
1029,-1.6886e+20
1030,-1.6906e+20
1031,-1.6908e+20
2254,-1.6911e+20
1032,-1.6927e+20
1033,-1.6936e+20
1034,-1.6946e+20
1035,-1.6952e+20
1036,-1.6962e+20
1037,-1.6979e+20
1038,-1.6983e+20
3114,-1.6985e+20
1039,-1.7003e+20
1040,-1.7003e+20
1041,-1.7005e+20
1042,-1.7016e+20
1043,-1.7021e+20
1044,-1.7022e+20
1045,-1.7037e+20
1046,-1.7045e+20
1047,-1.7047e+20
1048,-1.7059e+20
1049,-1.7069e+20
1050,-1.7096e+20
3944,-1.7105e+20
1051,-1.7109e+20
1052,-1.7112e+20
1053,-1.7112e+20
1054,-1.7123e+20
1055,-1.7126e+20
1056,-1.7136e+20
2393,-1.714e+20
1057,-1.7146e+20
1058,-1.7151e+20
1059,-1.7154e+20
1060,-1.7156e+20
2442,-1.7162e+20
1061,-1.717e+20
1062,-1.7173e+20
1063,-1.7175e+20
1064,-1.718e+20
1065,-1.7183e+20
1066,-1.7202e+20
1067,-1.7214e+20
1068,-1.7227e+20
1069,-1.7233e+20
1070,-1.7252e+20
2323,-1.7256e+20
1071,-1.7258e+20
1072,-1.7261e+20
4368,-1.728e+20
2852,-1.7286e+20
1073,-1.7296e+20
1074,-1.7297e+20
4085,-1.73e+20
3017,-1.7314e+20
1075,-1.7319e+20
3260,-1.732e+20
1076,-1.7329e+20
4346,-1.734e+20
1077,-1.7354e+20
3504,-1.7362e+20
1078,-1.7388e+20
4316,-1.739e+20
1079,-1.7392e+20
5231,-1.7397e+20
1080,-1.7417e+20
1081,-1.743e+20
1082,-1.7437e+20
1083,-1.7448e+20
1084,-1.7452e+20
1085,-1.7452e+20
1086,-1.746e+20
1087,-1.7479e+20
1088,-1.7499e+20
1089,-1.7504e+20
1090,-1.7519e+20
1091,-1.7522e+20
1092,-1.7525e+20
1093,-1.754e+20
1094,-1.7543e+20
1095,-1.7547e+20
1096,-1.7549e+20
1097,-1.7553e+20
1098,-1.7553e+20
1099,-1.7554e+20
2662,-1.7556e+20
1100,-1.7559e+20
1101,-1.7563e+20
1102,-1.7566e+20
1103,-1.7584e+20
1104,-1.7598e+20
4028,-1.76e+20
1105,-1.76e+20
1106,-1.76e+20
1107,-1.7605e+20
1108,-1.7619e+20
1109,-1.7626e+20
1110,-1.7629e+20
4247,-1.7633e+20
1111,-1.7633e+20
1112,-1.7641e+20
1113,-1.7642e+20
4626,-1.7657e+20
1114,-1.7667e+20
1115,-1.7673e+20
1116,-1.7676e+20
1117,-1.7697e+20
1118,-1.7698e+20
1119,-1.7702e+20
3843,-1.7712e+20
5428,-1.7717e+20
1120,-1.7719e+20
1121,-1.7738e+20
1122,-1.7749e+20
1123,-1.7768e+20
1124,-1.7769e+20
1125,-1.7772e+20
1126,-1.7772e+20
1127,-1.7774e+20
1128,-1.7788e+20
1129,-1.7802e+20
1130,-1.7805e+20
1131,-1.7822e+20
1132,-1.783e+20
1133,-1.7838e+20
1134,-1.7841e+20
3247,-1.7861e+20
1135,-1.789e+20
1136,-1.7898e+20
1137,-1.7909e+20
1138,-1.7914e+20
1139,-1.7915e+20
1140,-1.7925e+20
1141,-1.793e+20
1142,-1.7932e+20
1143,-1.7944e+20
1144,-1.7947e+20
4433,-1.7954e+20
1145,-1.7956e+20
1146,-1.7963e+20
1147,-1.797e+20
1148,-1.7977e+20
1149,-1.7981e+20
1150,-1.7985e+20
1151,-1.7985e+20
1152,-1.7986e+20
1153,-1.7998e+20
1154,-1.8017e+20
1155,-1.8021e+20
3963,-1.8033e+20
1156,-1.8034e+20
1157,-1.8042e+20
1158,-1.8054e+20
1159,-1.8077e+20
2528,-1.8083e+20
3020,-1.8094e+20
1160,-1.8105e+20
1161,-1.8111e+20
1162,-1.8126e+20
1163,-1.8126e+20
1164,-1.8137e+20
1165,-1.814e+20
1166,-1.8151e+20
1167,-1.8157e+20
5058,-1.8158e+20
1168,-1.8176e+20
1169,-1.8194e+20
2793,-1.82e+20
1170,-1.8203e+20
1171,-1.8206e+20
3593,-1.8213e+20
4494,-1.8215e+20
1172,-1.8218e+20
5279,-1.8228e+20
1173,-1.8244e+20
1174,-1.8244e+20
1175,-1.8257e+20
1176,-1.8258e+20
4432,-1.826e+20
3316,-1.826e+20
2379,-1.8275e+20
1177,-1.8282e+20
1178,-1.8292e+20
1179,-1.8306e+20
1180,-1.8311e+20
4500,-1.8313e+20
1181,-1.8314e+20
1182,-1.832e+20
1183,-1.8331e+20
1184,-1.8332e+20
5348,-1.8334e+20
3753,-1.8342e+20
3193,-1.8355e+20
1185,-1.8358e+20
1186,-1.8359e+20
1187,-1.8365e+20
1188,-1.8366e+20
1189,-1.837e+20
1190,-1.8397e+20
1191,-1.8408e+20
1192,-1.841e+20
1193,-1.8425e+20
3266,-1.8433e+20
1194,-1.8444e+20
1195,-1.8474e+20
1196,-1.8474e+20
5464,-1.8475e+20
1197,-1.8476e+20
1198,-1.8479e+20
1199,-1.8487e+20
1200,-1.85e+20
1201,-1.8502e+20
1202,-1.8505e+20
1203,-1.8505e+20
1204,-1.8506e+20
1205,-1.8509e+20
1206,-1.8512e+20
1207,-1.8517e+20
1208,-1.8517e+20
5066,-1.852e+20
1209,-1.8535e+20
1210,-1.856e+20
1211,-1.8562e+20
1212,-1.8584e+20
4251,-1.8585e+20
1213,-1.8585e+20
1214,-1.8593e+20
2428,-1.8614e+20
3461,-1.8619e+20
1215,-1.8624e+20
1216,-1.8627e+20
1217,-1.863e+20
1218,-1.8636e+20
1219,-1.8662e+20
4872,-1.8671e+20
1220,-1.8683e+20
1221,-1.8716e+20
1222,-1.8736e+20
5137,-1.8741e+20
1223,-1.8742e+20
1224,-1.8757e+20
1225,-1.8759e+20
1226,-1.8763e+20
1227,-1.8768e+20
1228,-1.8782e+20
1229,-1.8783e+20
1230,-1.8787e+20
1231,-1.8797e+20
1232,-1.8806e+20
3487,-1.8807e+20
1233,-1.8817e+20
1234,-1.8817e+20
1235,-1.8817e+20
1236,-1.8821e+20
1237,-1.8824e+20
1238,-1.8831e+20
1239,-1.8836e+20
1240,-1.8865e+20
4765,-1.8866e+20
1241,-1.8868e+20
2497,-1.8868e+20
1242,-1.888e+20
4364,-1.888e+20
1243,-1.8883e+20
1244,-1.8884e+20
1245,-1.89e+20
1246,-1.8903e+20
1247,-1.8908e+20
1248,-1.8914e+20
1249,-1.8917e+20
1250,-1.8927e+20
5535,-1.8932e+20
1251,-1.8932e+20
1252,-1.8936e+20
1253,-1.8944e+20
1254,-1.8946e+20
1255,-1.8946e+20
2622,-1.8947e+20
1256,-1.8958e+20
1257,-1.8965e+20
1258,-1.8975e+20
1259,-1.8978e+20
1260,-1.8984e+20
1261,-1.8991e+20
3981,-1.9e+20
1262,-1.9027e+20
1263,-1.9032e+20
1264,-1.9036e+20
1265,-1.9037e+20
4742,-1.9052e+20
1266,-1.9052e+20
1267,-1.9059e+20
1268,-1.9062e+20
5000,-1.9083e+20
1269,-1.9094e+20
1270,-1.9101e+20
1271,-1.9127e+20
1272,-1.9131e+20
5031,-1.9159e+20
1273,-1.9167e+20
1274,-1.9168e+20
1275,-1.9177e+20
1276,-1.9185e+20
1277,-1.9205e+20
1278,-1.921e+20
1279,-1.923e+20
1280,-1.9233e+20
1281,-1.9238e+20
1282,-1.9249e+20
1283,-1.925e+20
1284,-1.9261e+20
1285,-1.9262e+20
1286,-1.9265e+20
1287,-1.9287e+20
1288,-1.9287e+20
1289,-1.9292e+20
1290,-1.9297e+20
1291,-1.931e+20
1292,-1.931e+20
1293,-1.9316e+20
1294,-1.9324e+20
1295,-1.9332e+20
1296,-1.9333e+20
1297,-1.9334e+20
1298,-1.9352e+20
1299,-1.9358e+20
1300,-1.9363e+20
1301,-1.9366e+20
1302,-1.9366e+20
1303,-1.9367e+20
1304,-1.9372e+20
1305,-1.9387e+20
1306,-1.9402e+20
3599,-1.9406e+20
3898,-1.9411e+20
3896,-1.942e+20
1307,-1.9433e+20
1308,-1.9434e+20
1309,-1.9435e+20
5510,-1.9443e+20
1310,-1.9453e+20
1311,-1.9454e+20
1312,-1.9461e+20
5337,-1.9464e+20
1313,-1.9467e+20
4371,-1.947e+20
1314,-1.9519e+20
1315,-1.9523e+20
1316,-1.9554e+20
1317,-1.9564e+20
1318,-1.9567e+20
3528,-1.9568e+20
1319,-1.9568e+20
1320,-1.9574e+20
1321,-1.9589e+20
1322,-1.9603e+20
3125,-1.9611e+20
1323,-1.9627e+20
5141,-1.9628e+20
1324,-1.9639e+20
1325,-1.9659e+20
1326,-1.9663e+20
1327,-1.9672e+20
1328,-1.9673e+20
1329,-1.9675e+20
1330,-1.9691e+20
5074,-1.9697e+20
1331,-1.9697e+20
1332,-1.9706e+20
5332,-1.9713e+20
1333,-1.9725e+20
1334,-1.9739e+20
1335,-1.9744e+20
3158,-1.9748e+20
1336,-1.9765e+20
1337,-1.9774e+20
1338,-1.9783e+20
1339,-1.9784e+20
1340,-1.9784e+20
1341,-1.9789e+20
1342,-1.979e+20
1343,-1.9821e+20
1344,-1.9829e+20
1345,-1.9832e+20
1346,-1.9838e+20
1347,-1.9847e+20
1348,-1.9867e+20
1349,-1.9867e+20
1350,-1.9874e+20
1351,-1.9878e+20
1352,-1.9879e+20
1353,-1.9894e+20
1354,-1.9904e+20
4710,-1.9908e+20
1355,-1.9916e+20
4647,-1.9921e+20
1356,-1.9932e+20
5149,-1.9933e+20
1357,-1.9939e+20
1358,-1.9946e+20
4854,-1.9948e+20
1359,-1.9961e+20
1360,-1.9975e+20
1361,-1.999e+20
1362,-1.9996e+20
3322,-1.9999e+20
1363,-2.0065e+20
3912,-2.0065e+20
1364,-2.0076e+20
1365,-2.0097e+20
1366,-2.0103e+20
1367,-2.0104e+20
1368,-2.0112e+20
1369,-2.0119e+20
1370,-2.0146e+20
1371,-2.0161e+20
4763,-2.0177e+20
1372,-2.0183e+20
1373,-2.0183e+20
1374,-2.0196e+20
1375,-2.021e+20
3567,-2.0222e+20
1376,-2.0233e+20
4057,-2.0235e+20
2567,-2.0241e+20
4177,-2.0254e+20
1377,-2.0266e+20
1378,-2.028e+20
1379,-2.0289e+20
1380,-2.0297e+20
1381,-2.0311e+20
1382,-2.0328e+20
1383,-2.0337e+20
1384,-2.0343e+20
1385,-2.0358e+20
1386,-2.0367e+20
1387,-2.0368e+20
1388,-2.0397e+20
1389,-2.0401e+20
2943,-2.0425e+20
1390,-2.0429e+20
1391,-2.0432e+20
1392,-2.0441e+20
1393,-2.0446e+20
1394,-2.0464e+20
1395,-2.0465e+20
1396,-2.0471e+20
1397,-2.0473e+20
1398,-2.0474e+20
1399,-2.0499e+20
1400,-2.0518e+20
1401,-2.052e+20
4547,-2.0526e+20
1402,-2.054e+20
1403,-2.0572e+20
1404,-2.0599e+20
1405,-2.0609e+20
1406,-2.0617e+20
1407,-2.0628e+20
2435,-2.0629e+20
1408,-2.0633e+20
1409,-2.0661e+20
1410,-2.0691e+20
5182,-2.07e+20
1411,-2.0701e+20
1412,-2.0715e+20
1413,-2.0721e+20
1414,-2.0725e+20
1415,-2.073e+20
1416,-2.0737e+20
1417,-2.0744e+20
1418,-2.0776e+20
1419,-2.0776e+20
1420,-2.0793e+20
4942,-2.0794e+20
5587,-2.0805e+20
1421,-2.0814e+20
1422,-2.0818e+20
4306,-2.0824e+20
1423,-2.083e+20
5032,-2.0846e+20
1424,-2.0864e+20
1425,-2.0896e+20
1426,-2.0901e+20
1427,-2.0901e+20
1428,-2.092e+20
3712,-2.0946e+20
1429,-2.0962e+20
1430,-2.0965e+20
1431,-2.0965e+20
1432,-2.1009e+20
1433,-2.101e+20
1434,-2.1028e+20
1435,-2.1077e+20
1436,-2.1079e+20
1437,-2.1085e+20
1438,-2.1094e+20
1439,-2.1117e+20
1440,-2.1124e+20
1441,-2.1142e+20
3522,-2.1152e+20
1442,-2.1187e+20
1443,-2.1187e+20
1444,-2.1192e+20
1445,-2.1197e+20
1446,-2.1217e+20
1447,-2.1239e+20
1448,-2.1244e+20
1449,-2.1249e+20
1450,-2.1253e+20
1451,-2.1259e+20
3307,-2.1286e+20
3442,-2.1292e+20
1452,-2.1297e+20
1453,-2.1304e+20
5382,-2.1313e+20
1454,-2.1321e+20
1455,-2.1329e+20
1456,-2.1332e+20
1457,-2.1345e+20
1458,-2.1364e+20
1459,-2.1368e+20
1460,-2.1374e+20
1461,-2.1417e+20
1462,-2.1424e+20
1463,-2.144e+20
3561,-2.1461e+20
1464,-2.1476e+20
1465,-2.149e+20
1466,-2.1494e+20
1467,-2.1497e+20
1468,-2.1519e+20
1469,-2.152e+20
1470,-2.1533e+20
1471,-2.1542e+20
1472,-2.1549e+20
1473,-2.1549e+20
5314,-2.1559e+20
5078,-2.1561e+20
3545,-2.1563e+20
1474,-2.1569e+20
1475,-2.1569e+20
1476,-2.1585e+20
1477,-2.1585e+20
1478,-2.1616e+20
1479,-2.1664e+20
1480,-2.1675e+20
1481,-2.1686e+20
1482,-2.1714e+20
3795,-2.172e+20
4184,-2.1727e+20
1483,-2.1735e+20
1484,-2.1761e+20
1485,-2.1763e+20
1486,-2.177e+20
1487,-2.1805e+20
1488,-2.1819e+20
1489,-2.1834e+20
1490,-2.185e+20
2354,-2.1863e+20
3183,-2.1866e+20
1491,-2.1866e+20
1492,-2.1867e+20
3562,-2.1887e+20
4204,-2.1896e+20
1493,-2.191e+20
1494,-2.1941e+20
1495,-2.1941e+20
1496,-2.196e+20
1497,-2.1964e+20
1498,-2.1989e+20
1499,-2.1994e+20
1500,-2.1996e+20
1501,-2.2e+20
2404,-2.201e+20
1502,-2.2012e+20
1503,-2.2035e+20
1504,-2.2046e+20
1505,-2.206e+20
1506,-2.2066e+20
1507,-2.2071e+20
4751,-2.2089e+20
1508,-2.2093e+20
1509,-2.2096e+20
1510,-2.2122e+20
1511,-2.2124e+20
1512,-2.2125e+20
2672,-2.2137e+20
3112,-2.2142e+20
1513,-2.2156e+20
1514,-2.2159e+20
1515,-2.2163e+20
1516,-2.2167e+20
3063,-2.2168e+20
1517,-2.2201e+20
1518,-2.2209e+20
1519,-2.2215e+20
1520,-2.222e+20
1521,-2.2221e+20
1522,-2.2231e+20
1523,-2.2232e+20
1524,-2.2235e+20
1525,-2.2235e+20
1526,-2.2243e+20
1527,-2.2259e+20
1528,-2.2264e+20
5588,-2.227e+20
1529,-2.2274e+20
2777,-2.229e+20
1530,-2.2317e+20
1531,-2.2322e+20
1532,-2.2324e+20
1533,-2.2349e+20
1534,-2.2372e+20
1535,-2.2373e+20
3611,-2.2374e+20
5215,-2.243e+20
1536,-2.2436e+20
1537,-2.2462e+20
1538,-2.2468e+20
4908,-2.2479e+20
1539,-2.2485e+20
1540,-2.2489e+20
1541,-2.2493e+20
1542,-2.2494e+20
1543,-2.2502e+20
1544,-2.2508e+20
1545,-2.2516e+20
1546,-2.2526e+20
1547,-2.2535e+20
1548,-2.2567e+20
1549,-2.2571e+20
1550,-2.2581e+20
1551,-2.2583e+20
1552,-2.2603e+20
1553,-2.2606e+20
1554,-2.261e+20
1555,-2.2612e+20
1556,-2.2614e+20
1557,-2.2627e+20
1558,-2.2634e+20
1559,-2.2644e+20
1560,-2.2646e+20
1561,-2.2672e+20
1562,-2.2674e+20
1563,-2.2688e+20
1564,-2.2689e+20
1565,-2.2712e+20
1566,-2.2731e+20
1567,-2.2732e+20
1568,-2.2733e+20
2654,-2.2757e+20
1569,-2.2758e+20
1570,-2.2769e+20
1571,-2.2776e+20
1572,-2.2784e+20
1573,-2.2784e+20
1574,-2.282e+20
1575,-2.2823e+20
1576,-2.2838e+20
4733,-2.2853e+20
1577,-2.2862e+20
1578,-2.2887e+20
2382,-2.2889e+20
1579,-2.2891e+20
4345,-2.291e+20
1580,-2.2926e+20
2611,-2.2943e+20
1581,-2.2946e+20
1582,-2.2949e+20
1583,-2.2982e+20
1584,-2.2986e+20
1585,-2.2993e+20
1586,-2.3003e+20
1587,-2.3014e+20
1588,-2.307e+20
1589,-2.3085e+20
1590,-2.3094e+20
1591,-2.31e+20
1592,-2.3111e+20
4599,-2.3114e+20
1593,-2.312e+20
1594,-2.3121e+20
1595,-2.3145e+20
1596,-2.3152e+20
1597,-2.3159e+20
1598,-2.3161e+20
1599,-2.3162e+20
1600,-2.3163e+20
1601,-2.3164e+20
1602,-2.3165e+20
1603,-2.3181e+20
1604,-2.3183e+20
1605,-2.3189e+20
1606,-2.3192e+20
1607,-2.3194e+20
1608,-2.3197e+20
1609,-2.3211e+20
1610,-2.3256e+20
3283,-2.3267e+20
1611,-2.328e+20
1612,-2.3281e+20
1613,-2.3293e+20
1614,-2.3305e+20
1615,-2.3346e+20
1616,-2.3355e+20
1617,-2.3358e+20
1618,-2.336e+20
1619,-2.3362e+20
1620,-2.3363e+20
1621,-2.3366e+20
1622,-2.3373e+20
1623,-2.3388e+20
1624,-2.3432e+20
3974,-2.345e+20
1625,-2.3457e+20
2707,-2.3466e+20
1626,-2.3489e+20
1627,-2.3516e+20
1628,-2.3518e+20
1629,-2.354e+20
1630,-2.3541e+20
1631,-2.3542e+20
1632,-2.3543e+20
1633,-2.3543e+20
3935,-2.3544e+20
1634,-2.3545e+20
1635,-2.3552e+20
3625,-2.3556e+20
1636,-2.3564e+20
1637,-2.3568e+20
1638,-2.3579e+20
1639,-2.3597e+20
1640,-2.3599e+20
1641,-2.3612e+20
1642,-2.3651e+20
1643,-2.3654e+20
2311,-2.3716e+20
1644,-2.3724e+20
1645,-2.3733e+20
1646,-2.3742e+20
1647,-2.3753e+20
1648,-2.377e+20
1649,-2.3782e+20
1650,-2.3798e+20
1651,-2.3812e+20
1652,-2.3815e+20
4258,-2.3839e+20
1653,-2.3847e+20
1654,-2.3859e+20
1655,-2.3872e+20
1656,-2.3899e+20
1657,-2.3903e+20
1658,-2.3907e+20
1659,-2.3911e+20
1660,-2.3919e+20
3734,-2.3921e+20
3132,-2.3953e+20
1661,-2.3988e+20
1662,-2.3989e+20
1663,-2.3996e+20
1664,-2.4002e+20
1665,-2.4012e+20
1666,-2.4019e+20
1667,-2.4058e+20
1668,-2.4066e+20
1669,-2.4084e+20
3253,-2.4089e+20
1670,-2.4094e+20
2868,-2.4107e+20
4373,-2.4116e+20
1671,-2.414e+20
1672,-2.4143e+20
1673,-2.4148e+20
1674,-2.415e+20
1675,-2.4171e+20
1676,-2.4172e+20
1677,-2.4181e+20
1678,-2.4194e+20
1679,-2.4256e+20
1680,-2.4263e+20
4542,-2.4265e+20
1681,-2.4266e+20
1682,-2.4296e+20
3664,-2.4298e+20
1683,-2.4316e+20
1684,-2.4324e+20
1685,-2.4334e+20
1686,-2.4355e+20
1687,-2.4368e+20
1688,-2.4376e+20
1689,-2.4395e+20
1690,-2.4395e+20
1691,-2.4411e+20
1692,-2.4411e+20
1693,-2.4417e+20
3845,-2.4421e+20
1694,-2.4446e+20
1695,-2.4452e+20
1696,-2.4456e+20
1697,-2.4473e+20
1698,-2.4491e+20
1699,-2.4501e+20
2720,-2.4506e+20
1700,-2.451e+20
3763,-2.4533e+20
1701,-2.456e+20
1702,-2.4562e+20
4353,-2.4563e+20
1703,-2.4583e+20
1704,-2.4598e+20
1705,-2.4613e+20
1706,-2.4626e+20
1707,-2.4628e+20
1708,-2.4637e+20
1709,-2.466e+20
1710,-2.4675e+20
1711,-2.4692e+20
1712,-2.4734e+20
1713,-2.4736e+20
1714,-2.4741e+20
4873,-2.4742e+20
1715,-2.4783e+20
1716,-2.4785e+20
1717,-2.4838e+20
2485,-2.4841e+20
1718,-2.4848e+20
1719,-2.4853e+20
1720,-2.4867e+20
1721,-2.487e+20
2732,-2.4876e+20
1722,-2.4878e+20
1723,-2.4882e+20
1724,-2.4899e+20
1725,-2.4901e+20
1726,-2.4901e+20
1727,-2.4905e+20
1728,-2.4914e+20
1729,-2.4923e+20
1730,-2.4928e+20
1731,-2.4943e+20
1732,-2.496e+20
3383,-2.4988e+20
1733,-2.499e+20
1734,-2.4993e+20
1735,-2.5e+20
1736,-2.5033e+20
5012,-2.5033e+20
1737,-2.5035e+20
1738,-2.5037e+20
1739,-2.5064e+20
4188,-2.5065e+20
1740,-2.5077e+20
1741,-2.5087e+20
1742,-2.5101e+20
1743,-2.511e+20
1744,-2.5134e+20
1745,-2.5147e+20
1746,-2.5162e+20
1747,-2.5172e+20
1748,-2.5196e+20
1749,-2.5216e+20
1750,-2.5221e+20
1751,-2.5239e+20
1752,-2.5246e+20
1753,-2.5264e+20
1754,-2.5274e+20
1755,-2.5285e+20
2969,-2.5293e+20
1756,-2.5306e+20
1757,-2.5354e+20
1758,-2.5367e+20
1759,-2.5377e+20
1760,-2.5381e+20
1761,-2.5384e+20
1762,-2.539e+20
1763,-2.544e+20
3534,-2.547e+20
1764,-2.5474e+20
1765,-2.5484e+20
4568,-2.5488e+20
1766,-2.5506e+20
1767,-2.5523e+20
2957,-2.5529e+20
1768,-2.555e+20
2494,-2.5555e+20
1769,-2.5562e+20
1770,-2.5568e+20
1771,-2.5574e+20
1772,-2.56e+20
1773,-2.5609e+20
5305,-2.5612e+20
1774,-2.5639e+20
1775,-2.5651e+20
1776,-2.5652e+20
1777,-2.5664e+20
4936,-2.5666e+20
1778,-2.5674e+20
1779,-2.5674e+20
1780,-2.5697e+20
1781,-2.5703e+20
1782,-2.5726e+20
1783,-2.5738e+20
1784,-2.574e+20
1785,-2.5741e+20
1786,-2.5744e+20
1787,-2.5759e+20
4682,-2.5762e+20
5131,-2.5769e+20
1788,-2.5777e+20
1789,-2.5791e+20
1790,-2.5799e+20
3366,-2.5802e+20
1791,-2.5803e+20
1792,-2.5855e+20
2338,-2.5859e+20
2413,-2.589e+20
1793,-2.5899e+20
1794,-2.5905e+20
1795,-2.5955e+20
1796,-2.5963e+20
1797,-2.5971e+20
1798,-2.5989e+20
1799,-2.5993e+20
1800,-2.5998e+20
1801,-2.601e+20
1802,-2.6041e+20
1803,-2.6042e+20
1804,-2.6057e+20
2737,-2.6059e+20
1805,-2.6087e+20
2948,-2.6104e+20
1806,-2.611e+20
1807,-2.6111e+20
1808,-2.6152e+20
1809,-2.6193e+20
1810,-2.6204e+20
3607,-2.6217e+20
1811,-2.6244e+20
1812,-2.6266e+20
1813,-2.6284e+20
1814,-2.63e+20
1815,-2.6337e+20
1816,-2.6341e+20
1817,-2.6357e+20
1818,-2.6361e+20
1819,-2.6389e+20
1820,-2.6393e+20
1821,-2.6401e+20
1822,-2.6408e+20
1823,-2.6423e+20
1824,-2.6428e+20
1825,-2.6449e+20
1826,-2.6469e+20
1827,-2.647e+20
1828,-2.6508e+20
1829,-2.651e+20
1830,-2.6514e+20
1831,-2.6543e+20
2638,-2.6567e+20
1832,-2.6578e+20
1833,-2.6593e+20
3556,-2.6624e+20
1834,-2.6627e+20
5044,-2.6639e+20
3887,-2.6647e+20
1835,-2.6656e+20
1836,-2.6697e+20
1837,-2.671e+20
3497,-2.6728e+20
1838,-2.6802e+20
1839,-2.6828e+20
1840,-2.6853e+20
1841,-2.6937e+20
1842,-2.695e+20
1843,-2.6998e+20
1844,-2.7021e+20
1845,-2.7029e+20
1846,-2.7039e+20
1847,-2.7055e+20
3154,-2.7063e+20
1848,-2.7073e+20
1849,-2.7084e+20
1850,-2.7085e+20
1851,-2.7091e+20
1852,-2.7096e+20
1853,-2.7131e+20
1854,-2.7134e+20
1855,-2.7161e+20
1856,-2.718e+20
1857,-2.7182e+20
3449,-2.7186e+20
1858,-2.7213e+20
1859,-2.7213e+20
4271,-2.7222e+20
1860,-2.7249e+20
1861,-2.7252e+20
1862,-2.726e+20
1863,-2.7276e+20
1864,-2.7281e+20
1865,-2.7282e+20
2587,-2.7289e+20
1866,-2.729e+20
1867,-2.7303e+20
1868,-2.731e+20
1869,-2.731e+20
1870,-2.7349e+20
1871,-2.735e+20
1872,-2.7357e+20
1873,-2.7361e+20
1874,-2.7381e+20
1875,-2.7393e+20
1876,-2.7396e+20
1877,-2.7412e+20
1878,-2.7417e+20
1879,-2.7417e+20
1880,-2.744e+20
1881,-2.7482e+20
1882,-2.7487e+20
5156,-2.7487e+20
1883,-2.7488e+20
1884,-2.7528e+20
1885,-2.7544e+20
1886,-2.7572e+20
1887,-2.7573e+20
1888,-2.7593e+20
1889,-2.7669e+20
1890,-2.7675e+20
1891,-2.7677e+20
1892,-2.7681e+20
1893,-2.7683e+20
1894,-2.7714e+20
1895,-2.7736e+20
1896,-2.7743e+20
4541,-2.7801e+20
2613,-2.7806e+20
1897,-2.7808e+20
1898,-2.7837e+20
1899,-2.7845e+20
1900,-2.7854e+20
5404,-2.7868e+20
1901,-2.79e+20
1902,-2.7901e+20
4127,-2.792e+20
1903,-2.7938e+20
1904,-2.7944e+20
1905,-2.7954e+20
1906,-2.7969e+20
3893,-2.7975e+20
1907,-2.7977e+20
3208,-2.7981e+20
3879,-2.7999e+20
1908,-2.8005e+20
1909,-2.8011e+20
2775,-2.8016e+20
4737,-2.8033e+20
1910,-2.8038e+20
1911,-2.8048e+20
1912,-2.8055e+20
1913,-2.8094e+20
1914,-2.8101e+20
1915,-2.8105e+20
1916,-2.8113e+20
1917,-2.814e+20
2588,-2.8142e+20
4418,-2.8145e+20
1918,-2.8161e+20
1919,-2.8174e+20
1920,-2.8178e+20
1921,-2.8232e+20
1922,-2.8235e+20
1923,-2.8243e+20
1924,-2.8312e+20
1925,-2.8323e+20
1926,-2.8328e+20
1927,-2.8332e+20
4296,-2.8338e+20
1928,-2.834e+20
1929,-2.8352e+20
1930,-2.8353e+20
5302,-2.8364e+20
1931,-2.8379e+20
1932,-2.8384e+20
1933,-2.8393e+20
1934,-2.8393e+20
1935,-2.8409e+20
1936,-2.8417e+20
1937,-2.8428e+20
1938,-2.8442e+20
1939,-2.8489e+20
1940,-2.8511e+20
1941,-2.8511e+20
1942,-2.8528e+20
1943,-2.8533e+20
1944,-2.8548e+20
1945,-2.8554e+20
1946,-2.8608e+20
1947,-2.8613e+20
1948,-2.8614e+20
1949,-2.8629e+20
1950,-2.8654e+20
1951,-2.8654e+20
1952,-2.8684e+20
1953,-2.8689e+20
1954,-2.8691e+20
1955,-2.8693e+20
1956,-2.8694e+20
1957,-2.8697e+20
1958,-2.8706e+20
1959,-2.8707e+20
1960,-2.8716e+20
1961,-2.8723e+20
1962,-2.8729e+20
1963,-2.876e+20
1964,-2.8769e+20
1965,-2.878e+20
1966,-2.8796e+20
4302,-2.8805e+20
1967,-2.8812e+20
2748,-2.8841e+20
1968,-2.8869e+20
1969,-2.8871e+20
3396,-2.8875e+20
1970,-2.8875e+20
1971,-2.8882e+20
1972,-2.8906e+20
1973,-2.8908e+20
4240,-2.8918e+20
4968,-2.8945e+20
3702,-2.8956e+20
1974,-2.8965e+20
1975,-2.8976e+20
1976,-2.8997e+20
1977,-2.9011e+20
1978,-2.9019e+20
1979,-2.9023e+20
1980,-2.9029e+20
1981,-2.9042e+20
1982,-2.9086e+20
4019,-2.9099e+20
1983,-2.9106e+20
1984,-2.9116e+20
1985,-2.9121e+20
5465,-2.9139e+20
1986,-2.9147e+20
1987,-2.9155e+20
1988,-2.9167e+20
1989,-2.9175e+20
1990,-2.9213e+20
1991,-2.9216e+20
1992,-2.9254e+20
1993,-2.9266e+20
4374,-2.9285e+20
1994,-2.9287e+20
1995,-2.9294e+20
1996,-2.9305e+20
1997,-2.9334e+20
1998,-2.9347e+20
1999,-2.9409e+20
2000,-2.9459e+20
3298,-2.9477e+20
2001,-2.9506e+20
2002,-2.9518e+20
2003,-2.9532e+20
2004,-2.9535e+20
2005,-2.9537e+20
2006,-2.9546e+20
2007,-2.9551e+20
2008,-2.9557e+20
2009,-2.9565e+20
2010,-2.9575e+20
2011,-2.96e+20
2668,-2.9604e+20
2012,-2.9629e+20
2013,-2.9631e+20
2014,-2.9639e+20
2015,-2.9641e+20
2016,-2.9656e+20
2017,-2.9698e+20
2018,-2.9723e+20
2019,-2.973e+20
2020,-2.9756e+20
2021,-2.9756e+20
4118,-2.9761e+20
2022,-2.9763e+20
2023,-2.9775e+20
2024,-2.9786e+20
2025,-2.9808e+20
4116,-2.9837e+20
3078,-2.9851e+20
2026,-2.9851e+20
2027,-2.9876e+20
2028,-2.9888e+20
2029,-2.9891e+20
2030,-2.9895e+20
2031,-2.9943e+20
2032,-2.9946e+20
2033,-2.9954e+20
2034,-2.9978e+20
2035,-2.9981e+20
2036,-2.9984e+20
2037,-2.9988e+20
2038,-2.9991e+20
2039,-2.9993e+20
4997,-3.0004e+20
4389,-3.0008e+20
2040,-3.0017e+20
2041,-3.0032e+20
2042,-3.0033e+20
2043,-3.0049e+20
2044,-3.0056e+20
2045,-3.0079e+20
4990,-3.0088e+20
2046,-3.011e+20
2047,-3.0137e+20
2048,-3.014e+20
2049,-3.0144e+20
2050,-3.0151e+20
2051,-3.0203e+20
4187,-3.0207e+20
2052,-3.0211e+20
2053,-3.0243e+20
2054,-3.0252e+20
2055,-3.0264e+20
2056,-3.0265e+20
2057,-3.027e+20
2058,-3.027e+20
2059,-3.0282e+20
2060,-3.0288e+20
2061,-3.0304e+20
2062,-3.0343e+20
2063,-3.0343e+20
2792,-3.035e+20
2064,-3.0355e+20
2065,-3.0365e+20
2066,-3.0381e+20
2067,-3.0386e+20
2068,-3.0414e+20
2069,-3.0453e+20
2070,-3.0462e+20
2071,-3.0499e+20
2072,-3.0524e+20
2073,-3.0554e+20
4883,-3.0557e+20
2074,-3.0569e+20
2075,-3.0593e+20
2076,-3.0624e+20
2077,-3.0641e+20
2078,-3.0694e+20
2079,-3.0698e+20
2080,-3.0718e+20
2081,-3.0724e+20
2082,-3.073e+20
2083,-3.0736e+20
3234,-3.0772e+20
2084,-3.0785e+20
2085,-3.0826e+20
2912,-3.083e+20
2086,-3.0841e+20
2087,-3.0848e+20
2088,-3.0872e+20
3457,-3.0876e+20
2089,-3.0906e+20
2090,-3.0934e+20
2091,-3.0936e+20
2092,-3.0949e+20
2093,-3.0988e+20
5354,-3.0989e+20
4091,-3.1004e+20
3891,-3.1006e+20
2094,-3.1006e+20
4638,-3.1018e+20
2095,-3.1021e+20
2096,-3.1027e+20
2097,-3.1045e+20
2098,-3.1046e+20
2099,-3.1067e+20
4871,-3.1074e+20
2440,-3.1107e+20
3780,-3.1113e+20
2100,-3.1135e+20
2101,-3.1135e+20
2102,-3.1145e+20
2103,-3.1152e+20
2536,-3.1161e+20
2104,-3.1186e+20
2105,-3.1192e+20
2106,-3.1211e+20
2107,-3.1217e+20
2108,-3.1226e+20
2109,-3.1234e+20
5071,-3.126e+20
2110,-3.1263e+20
2111,-3.1319e+20
5561,-3.1321e+20
2112,-3.1339e+20
2113,-3.1352e+20
4482,-3.1364e+20
2114,-3.1373e+20
2115,-3.1374e+20
5486,-3.1396e+20
2116,-3.1397e+20
2117,-3.1436e+20
2118,-3.1437e+20
2119,-3.1462e+20
2120,-3.1464e+20
2121,-3.1485e+20
2122,-3.1544e+20
2123,-3.1561e+20
2124,-3.1563e+20
2125,-3.1569e+20
4245,-3.1575e+20
2126,-3.1584e+20
2127,-3.1603e+20
2128,-3.1625e+20
2129,-3.1635e+20
2130,-3.1637e+20
2131,-3.1638e+20
2132,-3.1649e+20
3862,-3.1657e+20
2133,-3.1664e+20
2134,-3.169e+20
2135,-3.1692e+20
2136,-3.1719e+20
2137,-3.1755e+20
2138,-3.1764e+20
2139,-3.1775e+20
5402,-3.18e+20
3223,-3.1802e+20
2140,-3.1808e+20
2141,-3.1838e+20
2142,-3.1841e+20
4385,-3.1855e+20
2143,-3.1877e+20
4369,-3.1898e+20
2144,-3.1898e+20
2145,-3.1909e+20
2146,-3.1927e+20
2147,-3.1928e+20
2148,-3.1932e+20
2149,-3.1967e+20
2150,-3.1968e+20
2151,-3.198e+20
2152,-3.2022e+20
5458,-3.2054e+20
2153,-3.2062e+20
2154,-3.2072e+20
2155,-3.2084e+20
2156,-3.211e+20
2157,-3.211e+20
2158,-3.2119e+20
2159,-3.2121e+20
2160,-3.2163e+20
2161,-3.2184e+20
2162,-3.2194e+20
2163,-3.2194e+20
2164,-3.222e+20
2165,-3.2237e+20
2991,-3.2254e+20
2166,-3.2289e+20
2167,-3.2338e+20
2168,-3.236e+20
2871,-3.2373e+20
2169,-3.2393e+20
2170,-3.2398e+20
5597,-3.2416e+20
2171,-3.2421e+20
2172,-3.2424e+20
2173,-3.2427e+20
2174,-3.2431e+20
2175,-3.2431e+20
2176,-3.2438e+20
2177,-3.2447e+20
2178,-3.2456e+20
3269,-3.2468e+20
2179,-3.2475e+20
2180,-3.2476e+20
2181,-3.2479e+20
2182,-3.2485e+20
2183,-3.2515e+20
2184,-3.2518e+20
2185,-3.252e+20
2186,-3.2529e+20
2187,-3.2538e+20
2188,-3.2541e+20
2189,-3.2567e+20
2190,-3.2591e+20
5423,-3.2592e+20
2191,-3.2594e+20
2192,-3.2606e+20
2193,-3.2622e+20
2194,-3.2627e+20
2195,-3.2662e+20
2196,-3.2664e+20
2197,-3.2665e+20
2449,-3.2699e+20
2198,-3.2725e+20
2199,-3.2729e+20
2200,-3.2736e+20
2201,-3.2742e+20
2202,-3.2774e+20
5255,-3.2798e+20
2203,-3.2816e+20
2204,-3.2853e+20
2205,-3.287e+20
2206,-3.2878e+20
5447,-3.2922e+20
4390,-3.2932e+20
2207,-3.294e+20
2208,-3.2959e+20
4074,-3.2996e+20
2209,-3.2997e+20
2210,-3.3008e+20
2211,-3.3014e+20
2212,-3.3027e+20
2213,-3.3064e+20
2214,-3.3099e+20
2215,-3.3129e+20
2216,-3.3158e+20
2217,-3.3165e+20
2218,-3.3166e+20
2219,-3.3171e+20
2220,-3.3177e+20
3643,-3.3177e+20
2221,-3.3192e+20
2222,-3.3208e+20
2223,-3.3214e+20
2224,-3.3223e+20
2225,-3.3243e+20
2226,-3.3246e+20
4124,-3.3252e+20
2227,-3.3258e+20
2228,-3.3267e+20
2229,-3.3267e+20
2230,-3.3305e+20
2231,-3.3311e+20
2232,-3.3318e+20
2233,-3.332e+20
2234,-3.3321e+20
2235,-3.3323e+20
2236,-3.3342e+20
2237,-3.3354e+20
2238,-3.3382e+20
2278,-3.3385e+20
2239,-3.3386e+20
2240,-3.3386e+20
4508,-3.3441e+20
5457,-3.3494e+20
3422,-3.359e+20
5237,-3.3616e+20
3111,-3.3667e+20
2670,-3.3741e+20
3464,-3.378e+20
5187,-3.3805e+20
5301,-3.3969e+20
4798,-3.4066e+20
2982,-3.4093e+20
5589,-3.4094e+20
4702,-3.4127e+20
4217,-3.4254e+20
3658,-3.4392e+20
3168,-3.4451e+20
4058,-3.4545e+20
4586,-3.4585e+20
4864,-3.4586e+20
2407,-3.4602e+20
4199,-3.4627e+20
4704,-3.4639e+20
3854,-3.4938e+20
3560,-3.5094e+20
4718,-3.5262e+20
2709,-3.5323e+20
2330,-3.5372e+20
3692,-3.5421e+20
3937,-3.5533e+20
2437,-3.5593e+20
3889,-3.561e+20
2856,-3.577e+20
2878,-3.5909e+20
3047,-3.5939e+20
4842,-3.6043e+20
4543,-3.6065e+20
4514,-3.6505e+20
2484,-3.6664e+20
2325,-3.6735e+20
4945,-3.6765e+20
3410,-3.6891e+20
4052,-3.6897e+20
4445,-3.6985e+20
3681,-3.7302e+20
2583,-3.7393e+20
5471,-3.742e+20
3523,-3.7536e+20
4826,-3.7822e+20
3863,-3.7987e+20
5443,-3.8027e+20
3075,-3.8181e+20
5350,-3.8247e+20
4905,-3.8247e+20
2346,-3.8373e+20
5112,-3.8375e+20
3505,-3.8449e+20
4326,-3.8503e+20
5079,-3.8555e+20
5303,-3.8718e+20
2817,-3.8959e+20
4035,-3.9002e+20
4173,-3.9247e+20
4941,-3.9271e+20
2766,-3.9449e+20
4150,-3.9609e+20
4515,-3.9653e+20
4865,-3.9667e+20
3429,-3.9679e+20
3129,-3.9733e+20
2865,-3.977e+20
4984,-3.9778e+20
5203,-3.9795e+20
3480,-3.9877e+20
4539,-3.988e+20
5270,-3.9927e+20
3178,-4.011e+20
4645,-4.0418e+20
5076,-4.0438e+20
4294,-4.0471e+20
5540,-4.0517e+20
3575,-4.0615e+20
4402,-4.0699e+20
4611,-4.0857e+20
5409,-4.1053e+20
5119,-4.1062e+20
3456,-4.1223e+20
5355,-4.1317e+20
5170,-4.1486e+20
3189,-4.1677e+20
2847,-4.1819e+20
3021,-4.1874e+20
3354,-4.2004e+20
4025,-4.207e+20
5499,-4.2305e+20
4220,-4.2468e+20
5553,-4.2491e+20
3841,-4.267e+20
5271,-4.2695e+20
4135,-4.2712e+20
2582,-4.2864e+20
4631,-4.2925e+20
2248,-4.3071e+20
3507,-4.31e+20
2745,-4.321e+20
4832,-4.3269e+20
2516,-4.3274e+20
2907,-4.3689e+20
3721,-4.3713e+20
3452,-4.3759e+20
4478,-4.3795e+20
2712,-4.3822e+20
3794,-4.4024e+20
5085,-4.4189e+20
3733,-4.4215e+20
3123,-4.4291e+20
5450,-4.4313e+20
5174,-4.4444e+20
3054,-4.4702e+20
3548,-4.4805e+20
3023,-4.5106e+20
3671,-4.5348e+20
5213,-4.5447e+20
3453,-4.5475e+20
2781,-4.5841e+20
4095,-4.5879e+20
4267,-4.6247e+20
4809,-4.6249e+20
4394,-4.6366e+20
2314,-4.6433e+20
2915,-4.6631e+20
3677,-4.6668e+20
3051,-4.6724e+20
3987,-4.6727e+20
5175,-4.6753e+20
3518,-4.6892e+20
4869,-4.6955e+20
4497,-4.6978e+20
3394,-4.7067e+20
3305,-4.7122e+20
2819,-4.7153e+20
3796,-4.7623e+20
3256,-4.7715e+20
3387,-4.7755e+20
2247,-4.7812e+20
4313,-4.8623e+20
5114,-4.8707e+20
3488,-4.8709e+20
3869,-4.8803e+20
4690,-4.8848e+20
2924,-4.8967e+20
5368,-4.9011e+20
2818,-4.902e+20
4926,-4.9078e+20
2761,-4.9097e+20
3684,-4.921e+20
3055,-4.9261e+20
2743,-4.9316e+20
3886,-4.9428e+20
4050,-4.9478e+20
3933,-4.9597e+20
3720,-4.981e+20
4486,-4.9813e+20
3293,-5.0138e+20
2877,-5.0277e+20
4392,-5.0321e+20
5040,-5.0834e+20
3696,-5.0954e+20
3308,-5.1043e+20
5525,-5.1059e+20
4262,-5.1312e+20
2697,-5.1417e+20
3674,-5.1446e+20
5482,-5.1451e+20
5010,-5.1584e+20
3823,-5.1874e+20
4044,-5.1876e+20
3155,-5.1899e+20
3755,-5.1924e+20
5590,-5.1992e+20
3299,-5.2024e+20
3444,-5.2144e+20
4157,-5.2164e+20
4862,-5.2282e+20
3441,-5.2332e+20
4526,-5.2678e+20
3435,-5.2691e+20
2433,-5.2873e+20
4293,-5.3046e+20
5005,-5.3331e+20
2312,-5.3394e+20
3401,-5.3412e+20
4329,-5.3441e+20
3367,-5.3515e+20
4660,-5.3594e+20
4880,-5.3675e+20
3091,-5.3736e+20
4403,-5.3941e+20
3406,-5.4006e+20
3538,-5.4452e+20
4496,-5.4506e+20
3678,-5.4641e+20
5077,-5.4893e+20
4681,-5.4944e+20
4707,-5.5148e+20
3824,-5.5179e+20
2473,-5.5277e+20
2983,-5.5295e+20
2870,-5.5342e+20
3956,-5.5441e+20
2644,-5.5629e+20
2722,-5.5703e+20
3813,-5.6428e+20
4757,-5.6449e+20
5210,-5.645e+20
3140,-5.6463e+20
3474,-5.6831e+20
5454,-5.6973e+20
2772,-5.7353e+20
2522,-5.7472e+20
5466,-5.7565e+20
5236,-5.7653e+20
4401,-5.7697e+20
3741,-5.8113e+20
5205,-5.812e+20
4174,-5.819e+20
3186,-5.8241e+20
5569,-5.8505e+20
4477,-5.8727e+20
4748,-5.8741e+20
2815,-5.8793e+20
3629,-5.8929e+20
5534,-5.9015e+20
2505,-5.9196e+20
3656,-5.9443e+20
3979,-5.965e+20
2941,-5.9771e+20
4331,-5.9994e+20
5456,-6.0188e+20
3182,-6.0234e+20
4286,-6.032e+20
4213,-6.0323e+20
4669,-6.0528e+20
4438,-6.0587e+20
4492,-6.0621e+20
3650,-6.1433e+20
4523,-6.1676e+20
2356,-6.1728e+20
4444,-6.174e+20
2682,-6.1873e+20
5064,-6.2094e+20
2958,-6.2374e+20
3931,-6.2482e+20
2960,-6.2876e+20
2565,-6.2905e+20
3583,-6.3176e+20
5413,-6.3413e+20
3346,-6.3502e+20
3975,-6.3655e+20
4595,-6.3711e+20
5243,-6.3915e+20
4532,-6.3968e+20
2691,-6.3985e+20
3080,-6.3992e+20
3759,-6.4045e+20
5407,-6.4094e+20
4324,-6.4552e+20
4951,-6.4554e+20
3363,-6.4589e+20
5096,-6.4935e+20
4148,-6.4966e+20
3007,-6.5041e+20
2858,-6.5094e+20
3552,-6.552e+20
5110,-6.6151e+20
2617,-6.6211e+20
3740,-6.6219e+20
4094,-6.6357e+20
4008,-6.6406e+20
4583,-6.6449e+20
5519,-6.6487e+20
5080,-6.6628e+20
5419,-6.6963e+20
5082,-6.7075e+20
3134,-6.7248e+20
2961,-6.7512e+20
3848,-6.7565e+20
5585,-6.7683e+20
3261,-6.7702e+20
4110,-6.7745e+20
3892,-6.7992e+20
2603,-6.8157e+20
2348,-6.8189e+20
2634,-6.8547e+20
4991,-6.8721e+20
4054,-6.8961e+20
4953,-6.9054e+20
3555,-6.9216e+20
3668,-6.9303e+20
4623,-6.947e+20
3430,-6.9776e+20
3391,-6.9793e+20
3377,-6.9878e+20
4949,-7.018e+20
4585,-7.0196e+20
4483,-7.0267e+20
2828,-7.0355e+20
4562,-7.0399e+20
3685,-7.0421e+20
4277,-7.0607e+20
3714,-7.1087e+20
2763,-7.1146e+20
4120,-7.1324e+20
5564,-7.1357e+20
3107,-7.143e+20
3708,-7.1745e+20
4359,-7.1766e+20
2422,-7.1907e+20
5248,-7.2001e+20
3743,-7.2022e+20
2532,-7.2173e+20
4154,-7.2258e+20
3827,-7.2338e+20
5025,-7.2536e+20
2701,-7.2551e+20
3536,-7.2685e+20
3768,-7.2822e+20
3554,-7.3024e+20
4940,-7.3058e+20
4588,-7.3088e+20
2615,-7.3195e+20
2272,-7.3245e+20
2577,-7.3634e+20
3800,-7.3688e+20
2563,-7.3828e+20
3220,-7.3871e+20
3315,-7.3966e+20
3179,-7.4025e+20
5304,-7.4131e+20
2751,-7.4237e+20
5298,-7.4284e+20
2746,-7.4478e+20
4717,-7.4548e+20
2993,-7.4564e+20
4732,-7.4576e+20
4790,-7.4706e+20
3317,-7.4938e+20
4249,-7.5039e+20
2607,-7.5389e+20
2660,-7.5396e+20
4621,-7.5905e+20
3328,-7.5913e+20
3568,-7.5923e+20
5183,-7.5982e+20
5483,-7.6025e+20
2977,-7.6224e+20
5107,-7.6557e+20
5278,-7.6589e+20
4170,-7.6676e+20
3089,-7.6765e+20
4325,-7.6986e+20
4520,-7.7106e+20
2483,-7.7544e+20
5479,-7.7601e+20
3544,-7.7639e+20
2759,-7.7647e+20
4012,-7.7733e+20
2524,-7.8098e+20
3967,-7.8283e+20
2661,-7.8365e+20
4248,-7.8448e+20
2637,-7.8525e+20
4581,-7.859e+20
4356,-7.8607e+20
4129,-7.8772e+20
5511,-7.8904e+20
3351,-7.8908e+20
3942,-7.9031e+20
2345,-7.9546e+20
2537,-7.9648e+20
4749,-7.9655e+20
3087,-7.9663e+20
3192,-7.9722e+20
4753,-7.9962e+20
3071,-7.9963e+20
3050,-7.9986e+20
5292,-8.0103e+20
4777,-8.0106e+20
4870,-8.0127e+20
5262,-8.0215e+20
4455,-8.0293e+20
4720,-8.0744e+20
3445,-8.0887e+20
3605,-8.1133e+20
3036,-8.1155e+20
3382,-8.1462e+20
4051,-8.1531e+20
4279,-8.1961e+20
3287,-8.2202e+20
4160,-8.2235e+20
3214,-8.2318e+20
4146,-8.2429e+20
2586,-8.3111e+20
5154,-8.3162e+20
2486,-8.3202e+20
5209,-8.3516e+20
5291,-8.3613e+20
4281,-8.39e+20
5293,-8.3958e+20
3274,-8.4043e+20
4206,-8.4193e+20
4000,-8.4265e+20
5542,-8.4433e+20
3006,-8.4473e+20
2962,-8.4488e+20
3503,-8.4519e+20
3228,-8.4598e+20
3492,-8.4901e+20
3856,-8.4941e+20
3352,-8.4941e+20
3814,-8.498e+20
5220,-8.5278e+20
2372,-8.5347e+20
4860,-8.569e+20
4370,-8.6114e+20
5495,-8.6289e+20
3278,-8.6306e+20
5333,-8.6628e+20
5063,-8.6841e+20
2643,-8.6846e+20
2718,-8.687e+20
4360,-8.7174e+20
4820,-8.7361e+20
4257,-8.7401e+20
5309,-8.748e+20
2299,-8.7599e+20
4839,-8.7649e+20
4639,-8.7745e+20
2735,-8.7996e+20
2653,-8.8004e+20
4055,-8.8203e+20
2939,-8.823e+20
3495,-8.8242e+20
3210,-8.8271e+20
4672,-8.8378e+20
5436,-8.8698e+20
3163,-8.872e+20
4745,-8.8967e+20
3932,-8.8976e+20
4612,-8.9851e+20
5226,-8.9912e+20
4782,-9.0036e+20
5367,-9.0156e+20
4844,-9.0323e+20
4065,-9.039e+20
4064,-9.0604e+20
2616,-9.0652e+20
2495,-9.0809e+20
4176,-9.1012e+20
4747,-9.1018e+20
3162,-9.1246e+20
3601,-9.1311e+20
4916,-9.1464e+20
5515,-9.1777e+20
2366,-9.1888e+20
4029,-9.2033e+20
4600,-9.2223e+20
3350,-9.237e+20
4560,-9.2375e+20
4813,-9.2488e+20
5307,-9.2522e+20
3540,-9.2775e+20
2600,-9.2797e+20
5191,-9.3078e+20
2521,-9.3223e+20
2656,-9.3246e+20
2752,-9.335e+20
4007,-9.3401e+20
3938,-9.3544e+20
3592,-9.3687e+20
4059,-9.4379e+20
4882,-9.4692e+20
3230,-9.5005e+20
4689,-9.507e+20
5162,-9.539e+20
3408,-9.5745e+20
2280,-9.5795e+20
4264,-9.6058e+20
3881,-9.6097e+20
2383,-9.616e+20
3462,-9.6342e+20
4274,-9.6704e+20
2851,-9.6849e+20
4876,-9.6862e+20
2996,-9.7105e+20
3199,-9.7252e+20
2992,-9.7293e+20
2599,-9.7506e+20
4937,-9.7969e+20
2699,-9.8464e+20
4577,-9.9003e+20
4879,-9.9285e+20
3249,-9.9338e+20
3559,-9.9397e+20
4087,-9.9486e+20
4506,-9.9689e+20
4149,-9.9749e+20
3035,-9.9888e+20
4950,-1.0028e+21
3358,-1.0038e+21
3906,-1.014e+21
4083,-1.0149e+21
3438,-1.0157e+21
4837,-1.0202e+21
2523,-1.0207e+21
3946,-1.0208e+21
3628,-1.0248e+21
4789,-1.0274e+21
2370,-1.03e+21
5003,-1.0325e+21
5480,-1.0327e+21
3690,-1.0328e+21
4194,-1.034e+21
4648,-1.0366e+21
2574,-1.0376e+21
2568,-1.0416e+21
2630,-1.0454e+21
2410,-1.0471e+21
3924,-1.0478e+21
4634,-1.048e+21
4622,-1.05e+21
5099,-1.0525e+21
4291,-1.0531e+21
4617,-1.0545e+21
5578,-1.0554e+21
3284,-1.0557e+21
3446,-1.0581e+21
5339,-1.0593e+21
5016,-1.0622e+21
3202,-1.0632e+21
4967,-1.066e+21
3085,-1.0668e+21
4063,-1.0675e+21
4167,-1.068e+21
3551,-1.0735e+21
4340,-1.0771e+21
4637,-1.0779e+21
5190,-1.0809e+21
2846,-1.0813e+21
3541,-1.0885e+21
3852,-1.0892e+21
2888,-1.0911e+21
5438,-1.0921e+21
4414,-1.0928e+21
3409,-1.093e+21
2430,-1.0939e+21
4358,-1.0945e+21
4540,-1.101e+21
3173,-1.103e+21
5287,-1.1077e+21
3413,-1.1104e+21
5526,-1.1114e+21
4884,-1.1137e+21
4730,-1.1143e+21
4495,-1.1147e+21
3304,-1.1151e+21
3985,-1.1192e+21
3700,-1.1217e+21
5072,-1.1226e+21
4570,-1.1226e+21
2684,-1.128e+21
2730,-1.1329e+21
3550,-1.1334e+21
3746,-1.1334e+21
4762,-1.136e+21
5599,-1.1366e+21
3535,-1.138e+21
2990,-1.1382e+21
4161,-1.1399e+21
2569,-1.1462e+21
3959,-1.1464e+21
4674,-1.1479e+21
4534,-1.1559e+21
3101,-1.1569e+21
2626,-1.1574e+21
4100,-1.1591e+21
2909,-1.1619e+21
4102,-1.163e+21
4488,-1.1645e+21
4845,-1.1651e+21
4618,-1.1652e+21
2764,-1.1696e+21
4700,-1.1743e+21
3582,-1.1748e+21
2447,-1.1787e+21
3739,-1.179e+21
5330,-1.1819e+21
2503,-1.1836e+21
4579,-1.1838e+21
3799,-1.1851e+21
3597,-1.1857e+21
3166,-1.1888e+21
2674,-1.1914e+21
2648,-1.1938e+21
3872,-1.1955e+21
3782,-1.1981e+21
3882,-1.202e+21
2399,-1.2106e+21
4048,-1.2129e+21
4851,-1.2163e+21
5532,-1.2164e+21
3694,-1.2179e+21
4502,-1.2193e+21
2794,-1.22e+21
3334,-1.2232e+21
4625,-1.2239e+21
3604,-1.2282e+21
2726,-1.2303e+21
3296,-1.2336e+21
5316,-1.2344e+21
5152,-1.2368e+21
4723,-1.249e+21
3031,-1.2495e+21
4004,-1.2498e+21
5485,-1.2501e+21
3801,-1.2539e+21
3289,-1.2561e+21
4134,-1.2566e+21
5083,-1.2582e+21
3437,-1.2596e+21
5506,-1.2613e+21
4971,-1.2626e+21
2396,-1.2658e+21
2303,-1.2665e+21
3860,-1.2684e+21
3144,-1.2713e+21
5393,-1.2836e+21
4658,-1.284e+21
3754,-1.2876e+21
3093,-1.2884e+21
4222,-1.2889e+21
5415,-1.2889e+21
5370,-1.2903e+21
3265,-1.2908e+21
4840,-1.2909e+21
2954,-1.2914e+21
2367,-1.2921e+21
3423,-1.2929e+21
3043,-1.295e+21
4959,-1.2964e+21
2349,-1.2981e+21
4976,-1.3e+21
4521,-1.3003e+21
2598,-1.3019e+21
3432,-1.3031e+21
3110,-1.3061e+21
4276,-1.3073e+21
3135,-1.3079e+21
2480,-1.3087e+21
5193,-1.3106e+21
4045,-1.3159e+21
4349,-1.3176e+21
4332,-1.3183e+21
3917,-1.3204e+21
4998,-1.3211e+21
3926,-1.3244e+21
3851,-1.325e+21
5595,-1.3274e+21
2531,-1.3277e+21
4367,-1.328e+21
4814,-1.3289e+21
4901,-1.3296e+21
5166,-1.33e+21
4986,-1.3315e+21
4557,-1.3321e+21
5034,-1.3326e+21
5037,-1.3333e+21
4400,-1.3341e+21
2606,-1.3385e+21
4571,-1.3425e+21
2621,-1.3428e+21
3962,-1.3431e+21
3952,-1.3435e+21
2362,-1.3436e+21
3207,-1.3463e+21
2289,-1.3469e+21
5176,-1.3512e+21
3928,-1.352e+21
5444,-1.3529e+21
2556,-1.3572e+21
3381,-1.3595e+21
4232,-1.3655e+21
3871,-1.3684e+21
2695,-1.37e+21
3319,-1.3735e+21
4965,-1.3777e+21
2244,-1.3793e+21
5455,-1.3827e+21
3663,-1.3844e+21
2526,-1.3851e+21
3808,-1.3856e+21
3211,-1.3865e+21
3376,-1.3871e+21
5086,-1.388e+21
2879,-1.3885e+21
2455,-1.389e+21
2412,-1.3907e+21
5600,-1.3918e+21
4738,-1.3918e+21
5128,-1.3938e+21
4130,-1.3943e+21
2875,-1.3973e+21
3989,-1.4001e+21
3348,-1.4032e+21
2885,-1.4096e+21
5115,-1.4097e+21
3652,-1.4098e+21
5134,-1.4132e+21
2900,-1.4133e+21
3415,-1.4139e+21
4591,-1.414e+21
3566,-1.4173e+21
2326,-1.4175e+21
3806,-1.4176e+21
4915,-1.4221e+21
3121,-1.4222e+21
5562,-1.426e+21
3925,-1.426e+21
5047,-1.4264e+21
2753,-1.4272e+21
3888,-1.4279e+21
5418,-1.431e+21
5583,-1.431e+21
2534,-1.4321e+21
5530,-1.4338e+21
4422,-1.4356e+21
2510,-1.4367e+21
5132,-1.4374e+21
3252,-1.4374e+21
4131,-1.4392e+21
4525,-1.4398e+21
3113,-1.4404e+21
4529,-1.4418e+21
4203,-1.4421e+21
3691,-1.444e+21
2976,-1.4467e+21
5524,-1.447e+21
3368,-1.4484e+21
5142,-1.4493e+21
2438,-1.4493e+21
5484,-1.4522e+21
5422,-1.4541e+21
5140,-1.4575e+21
2448,-1.4591e+21
5383,-1.4603e+21
3090,-1.4609e+21
2538,-1.4629e+21
2940,-1.4634e+21
3310,-1.4658e+21
4696,-1.4682e+21
2276,-1.4685e+21
4505,-1.4686e+21
3325,-1.4697e+21
5315,-1.4709e+21
3922,-1.4747e+21
4886,-1.4789e+21
5139,-1.4832e+21
3498,-1.4836e+21
3876,-1.4837e+21
5341,-1.4849e+21
4661,-1.487e+21
4943,-1.4994e+21
5290,-1.502e+21
4350,-1.5025e+21
2269,-1.5036e+21
2274,-1.5101e+21
4615,-1.5105e+21
5249,-1.5138e+21
5089,-1.5151e+21
3920,-1.5171e+21
3238,-1.5196e+21
4726,-1.5216e+21
2578,-1.522e+21
2646,-1.5232e+21
2529,-1.5233e+21
4771,-1.5262e+21
2899,-1.5264e+21
3217,-1.5391e+21
3026,-1.5399e+21
2557,-1.5399e+21
4944,-1.54e+21
2321,-1.5417e+21
4311,-1.5429e+21
5009,-1.5442e+21
4629,-1.5465e+21
5523,-1.5469e+21
4694,-1.5474e+21
5543,-1.548e+21
4499,-1.5482e+21
2848,-1.55e+21
3850,-1.5513e+21
3184,-1.5528e+21
4030,-1.555e+21
4078,-1.5558e+21
4641,-1.5568e+21
3303,-1.5578e+21
3428,-1.5578e+21
4671,-1.5586e+21
4858,-1.5588e+21
4046,-1.5598e+21
2267,-1.5619e+21
4409,-1.5631e+21
5539,-1.5639e+21
4646,-1.5695e+21
5336,-1.5703e+21
4932,-1.5723e+21
3983,-1.5724e+21
3948,-1.5724e+21
4734,-1.5729e+21
2881,-1.5733e+21
2635,-1.5745e+21
2970,-1.5768e+21
3434,-1.577e+21
4657,-1.5777e+21
4426,-1.5788e+21
4650,-1.582e+21
3627,-1.5846e+21
2955,-1.5885e+21
2539,-1.5911e+21
2301,-1.5916e+21
3069,-1.592e+21
3061,-1.6039e+21
4382,-1.607e+21
2736,-1.6072e+21
3016,-1.6105e+21
5445,-1.6111e+21
2525,-1.6119e+21
3976,-1.6125e+21
2368,-1.6133e+21
4666,-1.6143e+21
5366,-1.6159e+21
2762,-1.6162e+21
5144,-1.6207e+21
3364,-1.6216e+21
2911,-1.6233e+21
2241,-1.6234e+21
2669,-1.627e+21
3849,-1.6322e+21
4338,-1.6331e+21
4692,-1.6339e+21
4764,-1.6347e+21
2708,-1.6369e+21
4042,-1.6373e+21
4503,-1.6453e+21
5008,-1.6483e+21
4999,-1.6485e+21
3657,-1.6486e+21
5412,-1.6517e+21
2307,-1.6557e+21
5090,-1.6557e+21
5029,-1.6561e+21
3972,-1.6568e+21
3003,-1.6573e+21
4210,-1.659e+21
4112,-1.659e+21
4846,-1.6617e+21
5068,-1.662e+21
3499,-1.6624e+21
2417,-1.663e+21
5283,-1.6652e+21
5017,-1.6654e+21
4300,-1.6659e+21
3792,-1.6668e+21
5160,-1.6674e+21
3581,-1.6706e+21
3139,-1.6715e+21
3915,-1.6718e+21
4447,-1.6763e+21
5122,-1.6771e+21
4113,-1.6776e+21
4299,-1.6783e+21
5388,-1.6793e+21
5381,-1.6795e+21
5529,-1.6823e+21
3455,-1.6828e+21
2334,-1.6868e+21
4664,-1.6869e+21
4775,-1.6894e+21
4980,-1.6895e+21
3670,-1.6896e+21
5509,-1.6903e+21
2602,-1.6904e+21
2897,-1.696e+21
2504,-1.6993e+21
4992,-1.6998e+21
5446,-1.6999e+21
5084,-1.701e+21
4017,-1.7011e+21
3250,-1.7013e+21
3309,-1.7031e+21
2677,-1.7032e+21
4484,-1.7036e+21
3715,-1.7042e+21
4089,-1.7057e+21
2658,-1.707e+21
3425,-1.7082e+21
2332,-1.7089e+21
2245,-1.7091e+21
4655,-1.7144e+21
4939,-1.7178e+21
5158,-1.7187e+21
3064,-1.7213e+21
4214,-1.7214e+21
4610,-1.7226e+21
4966,-1.7234e+21
4537,-1.7235e+21
5224,-1.725e+21
4246,-1.7255e+21
3420,-1.7257e+21
2910,-1.7259e+21
3226,-1.7288e+21
3484,-1.7288e+21
5201,-1.729e+21
3961,-1.7329e+21
2386,-1.7337e+21
5127,-1.7346e+21
5229,-1.7366e+21
5425,-1.7385e+21
5275,-1.7399e+21
2937,-1.741e+21
5180,-1.742e+21
4680,-1.7422e+21
4047,-1.7428e+21
5582,-1.7433e+21
4724,-1.7436e+21
3440,-1.7472e+21
2803,-1.7481e+21
3936,-1.7481e+21
4144,-1.7488e+21
2317,-1.7488e+21
3707,-1.7509e+21
2887,-1.7511e+21
2293,-1.7532e+21
3630,-1.7535e+21
3803,-1.7537e+21
4533,-1.7545e+21
2419,-1.7585e+21
3819,-1.7598e+21
3921,-1.7605e+21
4212,-1.7614e+21
3010,-1.7627e+21
2769,-1.765e+21
4263,-1.7671e+21
4996,-1.7708e+21
3436,-1.772e+21
4393,-1.7749e+21
4056,-1.7759e+21
2385,-1.776e+21
4137,-1.776e+21
4975,-1.7767e+21
5272,-1.7812e+21
4193,-1.782e+21
3081,-1.782e+21
3900,-1.7837e+21
4377,-1.7839e+21
4208,-1.784e+21
5168,-1.7855e+21
3288,-1.7877e+21
4614,-1.7882e+21
4181,-1.789e+21
3356,-1.7905e+21
5520,-1.7915e+21
4431,-1.7919e+21
3613,-1.7929e+21
4076,-1.794e+21
3731,-1.7961e+21
3273,-1.7969e+21
4354,-1.7971e+21
2580,-1.7998e+21
5467,-1.8011e+21
3301,-1.8036e+21
4126,-1.8037e+21
3953,-1.8065e+21
4487,-1.8065e+21
3263,-1.8069e+21
3029,-1.8069e+21
4957,-1.8079e+21
4960,-1.8103e+21
4683,-1.8125e+21
4303,-1.8131e+21
3105,-1.8139e+21
5062,-1.8139e+21
4033,-1.8166e+21
2985,-1.817e+21
2651,-1.8178e+21
3152,-1.8199e+21
4791,-1.8206e+21
2530,-1.8209e+21
5153,-1.8214e+21
3722,-1.8222e+21
3506,-1.8261e+21
3760,-1.8265e+21
2981,-1.8266e+21
5376,-1.8272e+21
4982,-1.8309e+21
5385,-1.8312e+21
4475,-1.8334e+21
5235,-1.8336e+21
4667,-1.8353e+21
4397,-1.8365e+21
2704,-1.8379e+21
5335,-1.8382e+21
3369,-1.8385e+21
2782,-1.8388e+21
4010,-1.8407e+21
3236,-1.8427e+21
4609,-1.8432e+21
2806,-1.844e+21
4179,-1.8463e+21
2857,-1.8464e+21
4111,-1.8464e+21
3923,-1.8471e+21
5259,-1.849e+21
3527,-1.8502e+21
5401,-1.8526e+21
3171,-1.8536e+21
4244,-1.8555e+21
3235,-1.8556e+21
2884,-1.856e+21
3853,-1.857e+21
4175,-1.8597e+21
5323,-1.86e+21
2258,-1.8601e+21
3493,-1.8604e+21
2760,-1.862e+21
2749,-1.8641e+21
4436,-1.8655e+21
5033,-1.872e+21
3201,-1.8733e+21
2738,-1.874e+21
4804,-1.8774e+21
4889,-1.8782e+21
3404,-1.8787e+21
3520,-1.8796e+21
2921,-1.8798e+21
3557,-1.8827e+21
2340,-1.8845e+21
3001,-1.8898e+21
4334,-1.8924e+21
3890,-1.8975e+21
5048,-1.9014e+21
5199,-1.9035e+21
3646,-1.9037e+21
2809,-1.9038e+21
4151,-1.904e+21
3344,-1.9044e+21
3859,-1.9065e+21
3617,-1.9067e+21
5264,-1.9069e+21
5576,-1.909e+21
2547,-1.9103e+21
5460,-1.912e+21
5095,-1.9138e+21
4904,-1.9166e+21
5492,-1.9174e+21
2951,-1.9184e+21
2342,-1.9189e+21
4180,-1.9196e+21
4513,-1.9201e+21
3472,-1.9202e+21
4256,-1.9217e+21
4489,-1.9223e+21
3475,-1.9226e+21
3767,-1.9281e+21
3126,-1.9289e+21
5104,-1.9298e+21
4698,-1.9307e+21
3389,-1.935e+21
3595,-1.9368e+21
4109,-1.939e+21
4114,-1.9392e+21
3564,-1.9393e+21
4688,-1.9396e+21
4005,-1.9425e+21
3598,-1.9432e+21
5373,-1.9434e+21
4962,-1.9458e+21
4159,-1.9459e+21
2840,-1.946e+21
4819,-1.9478e+21
2260,-1.9504e+21
2316,-1.9516e+21
4894,-1.9523e+21
2284,-1.9533e+21
2768,-1.9548e+21
4825,-1.9567e+21
4207,-1.9577e+21
4067,-1.9588e+21
4225,-1.9589e+21
3901,-1.9598e+21
2650,-1.9604e+21
4099,-1.9627e+21
4890,-1.965e+21
4934,-1.9663e+21
4918,-1.9669e+21
4098,-1.9687e+21
4104,-1.9692e+21
4597,-1.9695e+21
4266,-1.9699e+21
3736,-1.9761e+21
2623,-1.9776e+21
3680,-1.9782e+21
5429,-1.9789e+21
4572,-1.9801e+21
2855,-1.9821e+21
2426,-1.9824e+21
3988,-1.9825e+21
3870,-1.9831e+21
3145,-1.9858e+21
2363,-1.9868e+21
3533,-1.9886e+21
5282,-1.9891e+21
4929,-1.9916e+21
3042,-1.992e+21
4171,-1.9933e+21
2834,-1.9941e+21
2904,-1.9957e+21
5065,-1.9986e+21
3784,-1.9988e+21
3844,-2.0004e+21
3732,-2.001e+21
5150,-2.0035e+21
2409,-2.0063e+21
3276,-2.0086e+21
4221,-2.0089e+21
5171,-2.0097e+21
4162,-2.0103e+21
2319,-2.0125e+21
4405,-2.0162e+21
5267,-2.0185e+21
3648,-2.021e+21
2421,-2.0215e+21
3416,-2.0219e+21
2441,-2.0219e+21
4138,-2.0234e+21
4224,-2.0241e+21
3103,-2.0246e+21
3149,-2.0275e+21
4746,-2.0296e+21
5242,-2.0306e+21
4685,-2.031e+21
4874,-2.0311e+21
5069,-2.0316e+21
3482,-2.0423e+21
2436,-2.0438e+21
3943,-2.0445e+21
2343,-2.0459e+21
2575,-2.0463e+21
4002,-2.0506e+21
4119,-2.0517e+21
3096,-2.0533e+21
3586,-2.0559e+21
3829,-2.0596e+21
4921,-2.0599e+21
3899,-2.0601e+21
4866,-2.0623e+21
5252,-2.0703e+21
2966,-2.0772e+21
4474,-2.0786e+21
2263,-2.0833e+21
2750,-2.0889e+21
4601,-2.0907e+21
4404,-2.0941e+21
2631,-2.0946e+21
5126,-2.0996e+21
5394,-2.1005e+21
4231,-2.1033e+21
4145,-2.1061e+21
5225,-2.1062e+21
4233,-2.1094e+21
3511,-2.1228e+21
2302,-2.1236e+21
4479,-2.1245e+21
2535,-2.1295e+21
4476,-2.1403e+21
5563,-2.1428e+21
5022,-2.1453e+21
4830,-2.15e+21
5159,-2.1504e+21
3471,-2.153e+21
3751,-2.1579e+21
2375,-2.1612e+21
4627,-2.1661e+21
3673,-2.1721e+21
5424,-2.1726e+21
2914,-2.1756e+21
5028,-2.1845e+21
4518,-2.1955e+21
4038,-2.1958e+21
5285,-2.2188e+21
5449,-2.2213e+21
5254,-2.2218e+21
2520,-2.2223e+21
4003,-2.2272e+21
2444,-2.2302e+21
5544,-2.2444e+21
3816,-2.2542e+21
4242,-2.2569e+21
4443,-2.2591e+21
4365,-2.2628e+21
3615,-2.2705e+21
2742,-2.2757e+21
3516,-2.2757e+21
5289,-2.2828e+21
5384,-2.2934e+21
3654,-2.3111e+21
2778,-2.3144e+21
2548,-2.3157e+21
2351,-2.3281e+21
3302,-2.3317e+21
2427,-2.3323e+21
4490,-2.3475e+21
3119,-2.3513e+21
3558,-2.3525e+21
4946,-2.3735e+21
2838,-2.3815e+21
3489,-2.3919e+21
3998,-2.3945e+21
5118,-2.4017e+21
2702,-2.4095e+21
5579,-2.411e+21
3248,-2.4157e+21
3949,-2.4166e+21
5284,-2.4223e+21
3059,-2.4249e+21
2883,-2.4276e+21
5331,-2.4277e+21
4391,-2.4298e+21
5013,-2.43e+21
5442,-2.4331e+21
2305,-2.4494e+21
5400,-2.4544e+21
3762,-2.4569e+21
4106,-2.4607e+21
4362,-2.4679e+21
3826,-2.4688e+21
2555,-2.4694e+21
5167,-2.4816e+21
4806,-2.4942e+21
2491,-2.5004e+21
4472,-2.5014e+21
3884,-2.5042e+21
5280,-2.5217e+21
4504,-2.5231e+21
5288,-2.535e+21
3537,-2.5351e+21
3175,-2.5459e+21
3831,-2.5634e+21
3838,-2.5682e+21
3610,-2.569e+21
2754,-2.5752e+21
4105,-2.5926e+21
5092,-2.601e+21
3362,-2.6014e+21
5474,-2.6133e+21
3665,-2.6148e+21
3243,-2.6204e+21
2678,-2.6364e+21
4219,-2.638e+21
2673,-2.6415e+21
4335,-2.6443e+21
5395,-2.6446e+21
4816,-2.6455e+21
4684,-2.6503e+21
3218,-2.6721e+21
4988,-2.6731e+21
2645,-2.6767e+21
3623,-2.6809e+21
2286,-2.6853e+21
3418,-2.6854e+21
4516,-2.6928e+21
3918,-2.6993e+21
3239,-2.7049e+21
3815,-2.7232e+21
2861,-2.7249e+21
4709,-2.736e+21
3496,-2.7435e+21
4811,-2.7525e+21
3403,-2.7568e+21
4715,-2.7627e+21
4524,-2.7649e+21
5501,-2.7803e+21
3167,-2.7815e+21
2813,-2.7908e+21
4411,-2.8113e+21
2331,-2.8182e+21
5155,-2.8194e+21
3331,-2.8226e+21
5026,-2.8252e+21
2415,-2.8472e+21
4973,-2.8674e+21
3337,-2.8732e+21
3804,-2.8816e+21
2402,-2.8833e+21
2935,-2.8895e+21
3098,-2.9088e+21
3143,-2.9127e+21
2352,-2.9253e+21
4779,-2.9257e+21
5320,-2.9423e+21
2392,-2.9454e+21
2464,-2.9501e+21
2324,-2.9761e+21
5239,-2.9806e+21
4196,-3.019e+21
5453,-3.0265e+21
4938,-3.0336e+21
5130,-3.0379e+21
4604,-3.0416e+21
2336,-3.0479e+21
4289,-3.0481e+21
5125,-3.054e+21
3984,-3.0549e+21
4593,-3.0615e+21
2741,-3.063e+21
2839,-3.0768e+21
2944,-3.0854e+21
3157,-3.0904e+21
3995,-3.0971e+21
4897,-3.0981e+21
4716,-3.1032e+21
3521,-3.1054e+21
2243,-3.1153e+21
3290,-3.118e+21
3836,-3.1234e+21
4719,-3.1285e+21
4461,-3.1335e+21
4123,-3.1338e+21
2913,-3.1348e+21
2729,-3.136e+21
3204,-3.1485e+21
3997,-3.1691e+21
4081,-3.1721e+21
2270,-3.1728e+21
2715,-3.1835e+21
5206,-3.2051e+21
4812,-3.2053e+21
5374,-3.2055e+21
4847,-3.2206e+21
2757,-3.2209e+21
3108,-3.2304e+21
2800,-3.2366e+21
2490,-3.2388e+21
2388,-3.2443e+21
4691,-3.2467e+21
2787,-3.2485e+21
4072,-3.2537e+21
4020,-3.2584e+21
5349,-3.2708e+21
3855,-3.2739e+21
2295,-3.2933e+21
2836,-3.2999e+21
4449,-3.3063e+21
4679,-3.3099e+21
2566,-3.315e+21
3491,-3.3156e+21
4269,-3.3177e+21
4009,-3.3234e+21
5375,-3.3249e+21
5522,-3.3555e+21
2831,-3.3556e+21
3883,-3.3701e+21
4740,-3.3721e+21
2369,-3.3743e+21
5300,-3.3891e+21
3748,-3.3902e+21
2384,-3.4087e+21
3224,-3.4172e+21
4265,-3.4241e+21
5103,-3.4311e+21
4818,-3.4383e+21
3206,-3.4464e+21
2734,-3.4471e+21
3651,-3.4575e+21
3834,-3.458e+21
3426,-3.4584e+21
3698,-3.4671e+21
5318,-3.4686e+21
2628,-3.4732e+21
3642,-3.4759e+21
3448,-3.4878e+21
3726,-3.4884e+21
3102,-3.489e+21
2423,-3.4978e+21
2829,-3.5044e+21
2559,-3.5113e+21
5109,-3.5138e+21
3619,-3.5202e+21
4178,-3.53e+21
4379,-3.5335e+21
2609,-3.5399e+21
2807,-3.5401e+21
2397,-3.5405e+21
4510,-3.5458e+21
3661,-3.5484e+21
3907,-3.5528e+21
3639,-3.554e+21
3470,-3.5626e+21
3588,-3.5659e+21
4103,-3.5717e+21
3048,-3.5808e+21
2353,-3.5889e+21
5053,-3.5949e+21
5528,-3.596e+21
5054,-3.5961e+21
3257,-3.6031e+21
2785,-3.6042e+21
2252,-3.6096e+21
4659,-3.6136e+21
3785,-3.614e+21
2773,-3.6156e+21
2265,-3.624e+21
4417,-3.6254e+21
3807,-3.6256e+21
4261,-3.6331e+21
3402,-3.6529e+21
2959,-3.6553e+21
5177,-3.6614e+21
5295,-3.6646e+21
4493,-3.6666e+21
4856,-3.6686e+21
2591,-3.6799e+21
2665,-3.6826e+21
3024,-3.6835e+21
2618,-3.6852e+21
4636,-3.6894e+21
5169,-3.7362e+21
4970,-3.7485e+21
2496,-3.7496e+21
4132,-3.7589e+21
3620,-3.7607e+21
2784,-3.7854e+21
2361,-3.7928e+21
2703,-3.7993e+21
3335,-3.8068e+21
3644,-3.8125e+21
2987,-3.8145e+21
5106,-3.8326e+21
4216,-3.8624e+21
4239,-3.8639e+21
3486,-3.8688e+21
3701,-3.8738e+21
3565,-3.8765e+21
5391,-3.8805e+21
2633,-3.8941e+21
4584,-3.8954e+21
2932,-3.9127e+21
3529,-3.9178e+21
4415,-3.9199e+21
3971,-3.9205e+21
5554,-3.9223e+21
3405,-3.9239e+21
4948,-3.9341e+21
5021,-3.9387e+21
3614,-3.9527e+21
5218,-3.9536e+21
2989,-3.9608e+21
2805,-3.961e+21
3710,-3.9679e+21
2927,-3.9704e+21
4336,-3.9712e+21
4301,-3.9754e+21
5364,-3.9847e+21
4197,-4.0155e+21
5057,-4.0246e+21
2724,-4.0246e+21
3318,-4.0275e+21
2313,-4.0371e+21
2371,-4.0416e+21
5067,-4.0435e+21
3747,-4.0442e+21
3594,-4.0512e+21
3033,-4.0521e+21
2850,-4.0662e+21
2502,-4.0721e+21
3147,-4.0739e+21
4927,-4.0773e+21
5269,-4.0822e+21
3116,-4.0833e+21
3631,-4.105e+21
3756,-4.1065e+21
4254,-4.1509e+21
3531,-4.1602e+21
3082,-4.1633e+21
2680,-4.1643e+21
2509,-4.1683e+21
5548,-4.1707e+21
4643,-4.173e+21
5108,-4.1735e+21
2358,-4.1756e+21
3745,-4.1799e+21
5081,-4.1906e+21
4077,-4.1943e+21
3861,-4.1993e+21
5440,-4.2027e+21
4923,-4.2133e+21
3485,-4.2195e+21
3019,-4.2201e+21
4413,-4.2227e+21
4711,-4.2236e+21
3117,-4.2255e+21
3914,-4.2287e+21
3124,-4.2388e+21
4795,-4.2433e+21
3057,-4.2482e+21
3039,-4.2538e+21
2933,-4.2567e+21
3913,-4.2582e+21
4843,-4.2598e+21
3197,-4.2644e+21
5094,-4.2702e+21
3589,-4.2708e+21
3969,-4.2822e+21
2780,-4.2905e+21
4061,-4.291e+21
3858,-4.3009e+21
2462,-4.3059e+21
4773,-4.316e+21
4859,-4.3217e+21
2689,-4.3283e+21
5059,-4.3335e+21
3847,-4.3351e+21
4169,-4.3413e+21
2257,-4.3474e+21
3929,-4.3556e+21
5111,-4.3805e+21
3104,-4.3808e+21
5138,-4.3859e+21
3188,-4.3868e+21
3153,-4.3868e+21
2395,-4.3898e+21
4084,-4.3957e+21
4142,-4.3995e+21
2723,-4.4015e+21
2594,-4.4066e+21
2986,-4.4072e+21
2928,-4.4355e+21
2550,-4.4383e+21
5020,-4.4404e+21
2489,-4.4508e+21
3775,-4.4639e+21
3699,-4.4863e+21
3703,-4.4872e+21
3590,-4.5108e+21
3384,-4.5126e+21
5556,-4.5171e+21
3687,-4.52e+21
4147,-4.5312e+21
4386,-4.5319e+21
4922,-4.5322e+21
5011,-4.5337e+21
3185,-4.5423e+21
2934,-4.549e+21
3526,-4.5555e+21
4307,-4.5567e+21
2973,-4.558e+21
3609,-4.5661e+21
2610,-4.581e+21
5281,-4.5826e+21
4662,-4.5833e+21
3766,-4.5865e+21
4853,-4.5982e+21
2268,-4.5993e+21
5380,-4.6053e+21
4535,-4.6067e+21
4450,-4.6235e+21
3757,-4.6267e+21
3812,-4.6368e+21
4633,-4.64e+21
4713,-4.6511e+21
5390,-4.6681e+21
4018,-4.6683e+21
4594,-4.6683e+21
2564,-4.6874e+21
3465,-4.6933e+21
4440,-4.7057e+21
2824,-4.7444e+21
5470,-4.7516e+21
2517,-4.7689e+21
3729,-4.7786e+21
5245,-4.7816e+21
4471,-4.7933e+21
4546,-4.7992e+21
2590,-4.8009e+21
2499,-4.8061e+21
3212,-4.8177e+21
5327,-4.8193e+21
5246,-4.8219e+21
5567,-4.8275e+21
2896,-4.8455e+21
3578,-4.851e+21
4227,-4.8541e+21
4125,-4.8605e+21
3494,-4.8928e+21
4097,-4.9011e+21
4308,-4.9175e+21
5473,-4.9205e+21
3501,-4.9276e+21
3894,-4.9303e+21
5273,-4.9425e+21
4548,-4.9599e+21
2917,-4.9616e+21
2837,-4.9688e+21
3777,-4.9688e+21
3062,-5.0047e+21
5504,-5.0229e+21
3584,-5.0327e+21
2570,-5.0521e+21
3970,-5.0707e+21
4714,-5.0772e+21
3951,-5.0814e+21
3371,-5.0828e+21
4596,-5.0831e+21
5294,-5.0851e+21
3773,-5.089e+21
3606,-5.0893e+21
5256,-5.0952e+21
3640,-5.1e+21
3957,-5.101e+21
5061,-5.1024e+21
4887,-5.1024e+21
4774,-5.1128e+21
3477,-5.1272e+21
5268,-5.1306e+21
3517,-5.1309e+21
4910,-5.1359e+21
5575,-5.1521e+21
5421,-5.1722e+21
2431,-5.1733e+21
4165,-5.1867e+21
3828,-5.19e+21
4321,-5.1931e+21
3219,-5.2148e+21
2717,-5.2169e+21
3100,-5.2208e+21
2545,-5.2256e+21
2974,-5.236e+21
3447,-5.2419e+21
4185,-5.2462e+21
3407,-5.2492e+21
5463,-5.2653e+21
4708,-5.2681e+21
4911,-5.2716e+21
5056,-5.2738e+21
4676,-5.2827e+21
4283,-5.3016e+21
5498,-5.306e+21
4788,-5.3241e+21
3798,-5.3244e+21
3940,-5.3275e+21
2918,-5.328e+21
3655,-5.344e+21
2869,-5.3771e+21
2328,-5.3863e+21
3340,-5.3959e+21
5426,-5.3994e+21
4153,-5.4026e+21
4452,-5.4139e+21
5531,-5.4185e+21
3414,-5.4438e+21
2482,-5.4674e+21
3990,-5.4747e+21
2681,-5.4819e+21
4780,-5.4821e+21
4427,-5.4886e+21
2767,-5.4901e+21
3053,-5.4967e+21
2475,-5.5088e+21
4066,-5.5195e+21
4607,-5.5335e+21
2789,-5.5401e+21
5257,-5.5411e+21
3478,-5.5523e+21
3476,-5.553e+21
4275,-5.5535e+21
3603,-5.5547e+21
3635,-5.5725e+21
4237,-5.5909e+21
2561,-5.5938e+21
2799,-5.6153e+21
3666,-5.6197e+21
4023,-5.6596e+21
4282,-5.6788e+21
5392,-5.6828e+21
5577,-5.6963e+21
4642,-5.7023e+21
5326,-5.7051e+21
3809,-5.7057e+21
2995,-5.7128e+21
3585,-5.7258e+21
5258,-5.7274e+21
4235,-5.7366e+21
3311,-5.7801e+21
5489,-5.7823e+21
5437,-5.7866e+21
2411,-5.7906e+21
4551,-5.8027e+21
3846,-5.8034e+21
4378,-5.8111e+21
2327,-5.8282e+21
2446,-5.8426e+21
2259,-5.8472e+21
4987,-5.8612e+21
3046,-5.862e+21
4384,-5.8627e+21
4556,-5.8652e+21
4501,-5.872e+21
4211,-5.8754e+21
4706,-5.8778e+21
3911,-5.89e+21
5045,-5.8975e+21
3723,-5.9072e+21
3880,-5.912e+21
2595,-5.9139e+21
4317,-5.9144e+21
2895,-5.9357e+21
4831,-5.939e+21
4893,-5.9505e+21
2350,-5.9529e+21
4760,-5.9631e+21
3014,-5.9643e+21
4783,-5.9658e+21
4295,-5.9749e+21
4663,-5.9832e+21
5216,-6.0168e+21
3637,-6.0267e+21
3512,-6.0383e+21
4598,-6.0758e+21
4994,-6.0799e+21
2401,-6.0883e+21
4429,-6.0926e+21
3999,-6.1097e+21
2546,-6.1107e+21
2309,-6.1165e+21
4034,-6.1297e+21
2756,-6.1341e+21
5343,-6.1371e+21
5352,-6.1411e+21
4785,-6.1457e+21
4628,-6.1709e+21
4068,-6.1731e+21
2625,-6.176e+21
3704,-6.1812e+21
4712,-6.1885e+21
2542,-6.1912e+21
5214,-6.2081e+21
5398,-6.2097e+21
3005,-6.2117e+21
4090,-6.2329e+21
5439,-6.2332e+21
2377,-6.2403e+21
3954,-6.2452e+21
4561,-6.2453e+21
2514,-6.2637e+21
3542,-6.2849e+21
4451,-6.2875e+21
2978,-6.2935e+21
4955,-6.2983e+21
5123,-6.2992e+21
4459,-6.3011e+21
4972,-6.3033e+21
2318,-6.3065e+21
3172,-6.3166e+21
3225,-6.3182e+21
2972,-6.3325e+21
2758,-6.3335e+21
2727,-6.3386e+21
3450,-6.3395e+21
4218,-6.35e+21
3719,-6.358e+21
2666,-6.366e+21
5321,-6.3776e+21
4339,-6.405e+21
2527,-6.4108e+21
3797,-6.4139e+21
2694,-6.4463e+21
3280,-6.4478e+21
3992,-6.4804e+21
3150,-6.504e+21
5361,-6.5065e+21
5517,-6.5133e+21
2320,-6.5178e+21
2508,-6.5184e+21
4653,-6.5209e+21
4327,-6.5339e+21
5379,-6.5419e+21
4963,-6.5425e+21
4924,-6.5492e+21
3128,-6.5692e+21
3233,-6.5716e+21
3676,-6.5743e+21
5580,-6.5825e+21
2614,-6.5892e+21
4824,-6.5913e+21
3232,-6.5937e+21
3156,-6.6073e+21
2711,-6.6246e+21
4423,-6.6335e+21
4250,-6.6446e+21
2965,-6.6535e+21
2255,-6.6607e+21
4920,-6.6706e+21
5387,-6.6751e+21
3600,-6.6838e+21
2487,-6.6861e+21
4226,-6.69e+21
3986,-6.6969e+21
5448,-6.6979e+21
2783,-6.7274e+21
4954,-6.729e+21
5557,-6.7301e+21
3877,-6.7322e+21
2808,-6.7351e+21
3324,-6.7653e+21
5296,-6.7731e+21
3805,-6.7736e+21
2687,-6.7933e+21
4192,-6.8019e+21
5572,-6.8081e+21
2929,-6.8153e+21
2322,-6.8204e+21
4122,-6.825e+21
3864,-6.8265e+21
2901,-6.8288e+21
4439,-6.8321e+21
5198,-6.847e+21
3279,-6.8486e+21
4902,-6.8587e+21
4512,-6.859e+21
2608,-6.8613e+21
4815,-6.8692e+21
4895,-6.8774e+21
2791,-6.9e+21
4412,-6.9012e+21
4366,-6.9061e+21
2456,-6.9109e+21
3326,-6.9296e+21
4101,-6.9314e+21
5555,-6.933e+21
5192,-6.9645e+21
2562,-6.9659e+21
3120,-6.966e+21
3927,-6.984e+21
2765,-6.9899e+21
2956,-6.9902e+21
2919,-7.0121e+21
4555,-7.0126e+21
2287,-7.0199e+21
3612,-7.0347e+21
2540,-7.0403e+21
2394,-7.0606e+21
3761,-7.0714e+21
2477,-7.0746e+21
3229,-7.08e+21
5299,-7.0842e+21
2391,-7.1081e+21
3231,-7.115e+21
3378,-7.131e+21
5129,-7.1445e+21
3222,-7.1566e+21
5325,-7.1799e+21
4925,-7.2142e+21
2849,-7.2242e+21
4465,-7.2259e+21
4587,-7.2289e+21
4351,-7.2303e+21
2518,-7.2322e+21
2451,-7.2401e+21
3903,-7.2664e+21
3264,-7.2789e+21
4935,-7.2895e+21
3297,-7.3146e+21
4993,-7.3161e+21
3079,-7.3194e+21
2798,-7.3301e+21
2612,-7.3397e+21
2968,-7.3495e+21
2814,-7.3554e+21
2406,-7.3651e+21
2560,-7.3687e+21
5386,-7.3705e+21
4320,-7.3856e+21
3258,-7.3925e+21
3417,-7.4213e+21
2288,-7.4404e+21
2671,-7.4527e+21
2747,-7.4538e+21
4319,-7.4615e+21
2581,-7.4698e+21
2249,-7.4814e+21
5560,-7.4978e+21
5147,-7.5169e+21
3240,-7.5171e+21
2469,-7.5255e+21
5319,-7.5268e+21
4898,-7.5278e+21
3945,-7.5328e+21
4801,-7.5395e+21
5253,-7.5421e+21
3170,-7.5619e+21
2786,-7.5621e+21
2355,-7.565e+21
5571,-7.5651e+21
2903,-7.5677e+21
3509,-7.5783e+21
4491,-7.5841e+21
3966,-7.5895e+21
5093,-7.6009e+21
2796,-7.6258e+21
3941,-7.6282e+21
2357,-7.6426e+21
4195,-7.6553e+21
3221,-7.6654e+21
3393,-7.6972e+21
5221,-7.7021e+21
2663,-7.7028e+21
4848,-7.7044e+21
5124,-7.732e+21
4796,-7.7321e+21
4654,-7.7557e+21
5217,-7.7661e+21
5481,-7.7729e+21
3711,-7.7955e+21
3374,-7.7989e+21
2688,-7.7997e+21
4768,-7.8041e+21
4021,-7.8283e+21
5360,-7.8412e+21
3571,-7.8479e+21
3333,-7.8548e+21
3106,-7.8635e+21
2416,-7.869e+21
4827,-7.873e+21
2501,-7.8816e+21
4337,-7.8851e+21
4096,-7.8962e+21
4620,-7.9024e+21
2488,-7.9091e+21
5581,-7.9528e+21
4863,-7.9815e+21
5359,-7.9971e+21
3500,-8.0072e+21
3339,-8.0144e+21
4736,-8.0198e+21
3215,-8.045e+21
5075,-8.0567e+21
3514,-8.0601e+21
3196,-8.061e+21
5087,-8.0634e+21
5346,-8.0722e+21
2866,-8.0886e+21
5565,-8.0893e+21
3686,-8.0996e+21
3524,-8.1078e+21
5549,-8.1123e+21
5357,-8.1208e+21
2364,-8.1392e+21
3008,-8.1438e+21
3227,-8.1482e+21
2845,-8.1535e+21
2874,-8.1548e+21
4387,-8.1648e+21
2882,-8.204e+21
2952,-8.2131e+21
5363,-8.2155e+21
4808,-8.2196e+21
3778,-8.2224e+21
2585,-8.2242e+21
3781,-8.234e+21
5476,-8.2413e+21
3727,-8.2534e+21
2341,-8.263e+21
3067,-8.2913e+21
3345,-8.2954e+21
4756,-8.3052e+21
3329,-8.3089e+21
3688,-8.3358e+21
3758,-8.3594e+21
2640,-8.3752e+21
3878,-8.4099e+21
4728,-8.4366e+21
4857,-8.4528e+21
4198,-8.4842e+21
5250,-8.4893e+21
3735,-8.4942e+21
2652,-8.5065e+21
4285,-8.5082e+21
2549,-8.5135e+21
5488,-8.517e+21
4799,-8.5285e+21
4675,-8.5302e+21
5208,-8.5455e+21
3919,-8.5463e+21
3267,-8.5548e+21
3502,-8.567e+21
4652,-8.5718e+21
2779,-8.5915e+21
4817,-8.593e+21
5433,-8.5974e+21
4310,-8.6023e+21
4517,-8.6077e+21
4772,-8.6126e+21
3776,-8.6145e+21
5204,-8.6401e+21
5329,-8.6456e+21
4420,-8.6519e+21
4687,-8.6624e+21
5491,-8.6652e+21
4605,-8.6695e+21
5027,-8.6755e+21
3525,-8.6761e+21
4454,-8.6823e+21
4776,-8.6843e+21
3958,-8.6848e+21
5345,-8.6881e+21
2876,-8.69e+21
2714,-8.7016e+21
4635,-8.7194e+21
2454,-8.72e+21
4117,-8.7255e+21
3591,-8.7281e+21
3142,-8.7734e+21
2629,-8.7811e+21
5188,-8.7835e+21
3916,-8.8049e+21
2916,-8.8064e+21
3765,-8.8215e+21
3908,-8.8321e+21
5469,-8.8557e+21
5161,-8.8663e+21
4372,-8.8813e+21
2418,-8.883e+21
3602,-8.8918e+21
2275,-8.9139e+21
3013,-8.9355e+21
2826,-8.9356e+21
2605,-8.9398e+21
5006,-8.9418e+21
4022,-8.9593e+21
3058,-8.9702e+21
2770,-8.9976e+21
3764,-9.0032e+21
5102,-9.0059e+21
5200,-9.0084e+21
4183,-9.0125e+21
3200,-9.022e+21
5232,-9.0247e+21
3842,-9.0282e+21
2740,-9.0394e+21
3084,-9.0453e+21
4330,-9.0587e+21
4606,-9.0618e+21
3433,-9.0642e+21
3718,-9.0731e+21
5593,-9.0801e+21
3624,-9.1072e+21
3379,-9.1152e+21
2825,-9.1183e+21
2283,-9.1309e+21
4766,-9.1377e+21
4395,-9.1543e+21
2945,-9.1594e+21
2296,-9.1846e+21
4899,-9.2097e+21
2576,-9.2113e+21
5073,-9.2138e+21
3341,-9.2193e+21
3400,-9.2218e+21
4792,-9.2229e+21
2492,-9.2393e+21
5434,-9.2403e+21
2619,-9.2433e+21
4784,-9.2684e+21
5230,-9.2817e+21
3479,-9.2819e+21
4485,-9.2858e+21
3312,-9.2987e+21
5222,-9.3018e+21
2298,-9.304e+21
2639,-9.341e+21
5451,-9.3741e+21
3353,-9.382e+21
4573,-9.3859e+21
3195,-9.3879e+21
3277,-9.3999e+21
3549,-9.4081e+21
4838,-9.4106e+21
4155,-9.426e+21
4344,-9.4291e+21
2584,-9.4376e+21
3934,-9.4383e+21
3160,-9.4523e+21
2844,-9.4579e+21
4861,-9.4916e+21
4580,-9.5176e+21
3361,-9.5626e+21
2774,-9.5726e+21
5358,-9.5842e+21
3073,-9.6049e+21
2949,-9.6086e+21
2465,-9.6116e+21
5570,-9.6229e+21
2374,-9.6353e+21
4032,-9.6459e+21
3411,-9.668e+21
3313,-9.6828e+21
4770,-9.7009e+21
4318,-9.7146e+21
2863,-9.7266e+21
4881,-9.7276e+21
3830,-9.7495e+21
5559,-9.75e+21
3027,-9.755e+21
3982,-9.7658e+21
4536,-9.7687e+21
5004,-9.7824e+21
4729,-9.7875e+21
2739,-9.7986e+21
3137,-9.8034e+21
5416,-9.8086e+21
3473,-9.8571e+21
4754,-9.8577e+21
5371,-9.8776e+21
3040,-9.8906e+21
4322,-9.896e+21
5234,-9.901e+21
5362,-9.9324e+21
4115,-9.9635e+21
5181,-9.9769e+21
3314,-9.9848e+21
3439,-9.9853e+21
4913,-9.9996e+21
3790,-1.0006e+22
2642,-1.0015e+22
2381,-1.0033e+22
4891,-1.006e+22
3138,-1.0084e+22
4850,-1.0114e+22
2822,-1.0124e+22
2842,-1.0124e+22
4481,-1.0133e+22
3539,-1.0141e+22
5120,-1.0143e+22
3994,-1.0156e+22
2405,-1.018e+22
4725,-1.02e+22
4896,-1.0203e+22
2266,-1.0208e+22
5311,-1.0232e+22
5584,-1.0236e+22
2544,-1.0251e+22
3579,-1.0255e+22
5121,-1.0289e+22
5195,-1.0311e+22
3682,-1.0329e+22
3198,-1.0329e+22
5541,-1.0332e+22
4778,-1.0347e+22
5223,-1.0359e+22
2250,-1.0391e+22
3771,-1.0433e+22
3709,-1.0441e+22
3490,-1.0444e+22
2242,-1.0446e+22
2310,-1.045e+22
5098,-1.0451e+22
4140,-1.0477e+22
3398,-1.049e+22
3161,-1.0537e+22
5070,-1.0544e+22
5163,-1.0564e+22
2953,-1.0565e+22
3647,-1.0586e+22
2558,-1.0604e+22
3833,-1.061e+22
4152,-1.0611e+22
2337,-1.0624e+22
3191,-1.0635e+22
4616,-1.0637e+22
4189,-1.064e+22
2281,-1.064e+22
4677,-1.0651e+22
2820,-1.0714e+22
3909,-1.0715e+22
2474,-1.0718e+22
3515,-1.0718e+22
3902,-1.0724e+22
3996,-1.0737e+22
5113,-1.0741e+22
3964,-1.0755e+22
2515,-1.078e+22
3802,-1.0788e+22
2841,-1.0789e+22
4522,-1.0793e+22
4917,-1.0793e+22
4024,-1.0795e+22
3002,-1.0805e+22
4703,-1.0806e+22
5185,-1.0813e+22
5516,-1.0819e+22
4396,-1.0819e+22
4036,-1.082e+22
4803,-1.0838e+22
5591,-1.0872e+22
3011,-1.0873e+22
2657,-1.0894e+22
2696,-1.0896e+22
5328,-1.0898e+22
3728,-1.0906e+22
5035,-1.0913e+22
4549,-1.093e+22
3282,-1.0933e+22
3460,-1.0961e+22
5596,-1.0964e+22
5396,-1.0984e+22
5538,-1.0994e+22
5263,-1.1e+22
4467,-1.1002e+22
2290,-1.1012e+22
2705,-1.1014e+22
4230,-1.1018e+22
3009,-1.1023e+22
4793,-1.1026e+22
3370,-1.1054e+22
2282,-1.11e+22
3774,-1.1106e+22
5135,-1.1122e+22
2387,-1.1127e+22
4016,-1.1133e+22
4352,-1.1171e+22
3543,-1.1193e+22
4041,-1.1199e+22
5500,-1.1214e+22
3653,-1.1217e+22
3744,-1.1222e+22
3262,-1.125e+22
4575,-1.1254e+22
2999,-1.1254e+22
4552,-1.1259e+22
5043,-1.1315e+22
3070,-1.134e+22
3203,-1.1372e+22
4701,-1.138e+22
3136,-1.1455e+22
5100,-1.1456e+22
2827,-1.1499e+22
4158,-1.154e+22
4361,-1.155e+22
3165,-1.1559e+22
4878,-1.1561e+22
4794,-1.1565e+22
4448,-1.1583e+22
2292,-1.1601e+22
2596,-1.1605e+22
2833,-1.1623e+22
2690,-1.1661e+22
4823,-1.1662e+22
4082,-1.17e+22
4458,-1.1702e+22
2946,-1.1704e+22
2458,-1.1708e+22
2823,-1.1721e+22
4215,-1.1731e+22
2802,-1.1738e+22
2460,-1.1767e+22
3300,-1.1771e+22
3481,-1.1789e+22
4559,-1.1801e+22
4408,-1.1802e+22
5389,-1.1829e+22
3820,-1.1835e+22
4229,-1.1835e+22
3004,-1.1838e+22
4678,-1.1851e+22
3365,-1.1869e+22
5196,-1.1873e+22
3636,-1.1891e+22
4930,-1.19e+22
2812,-1.1904e+22
2980,-1.1937e+22
4985,-1.1959e+22
4903,-1.1961e+22
5452,-1.198e+22
4868,-1.1981e+22
5018,-1.1981e+22
4578,-1.1998e+22
5459,-1.2003e+22
3667,-1.202e+22
5219,-1.2024e+22
4739,-1.2033e+22
4407,-1.204e+22
2429,-1.2051e+22
5478,-1.207e+22
3910,-1.2092e+22
3032,-1.2094e+22
2925,-1.2123e+22
5347,-1.2136e+22
2997,-1.214e+22
3693,-1.2152e+22
5184,-1.2194e+22
2843,-1.2198e+22
4810,-1.22e+22
4693,-1.2218e+22
4952,-1.2224e+22
3466,-1.2229e+22
4892,-1.2243e+22
2479,-1.226e+22
3321,-1.229e+22
3122,-1.2294e+22
2294,-1.232e+22
4574,-1.2336e+22
2308,-1.2355e+22
4376,-1.2363e+22
5133,-1.2383e+22
2636,-1.239e+22
2420,-1.2448e+22
5172,-1.2451e+22
2466,-1.2452e+22
5322,-1.2454e+22
5550,-1.2464e+22
3176,-1.2464e+22
5342,-1.2467e+22
2620,-1.2494e+22
4015,-1.2496e+22
4852,-1.2521e+22
4437,-1.2562e+22
2676,-1.2566e+22
3675,-1.2574e+22
3271,-1.2576e+22
4752,-1.259e+22
3246,-1.2595e+22
5030,-1.261e+22
3037,-1.2616e+22
4011,-1.2647e+22
2552,-1.2649e+22
4163,-1.2665e+22
3608,-1.2692e+22
3030,-1.2714e+22
4278,-1.2717e+22
2649,-1.2734e+22
4855,-1.2754e+22
5408,-1.2759e+22
5002,-1.2762e+22
3662,-1.2773e+22
4509,-1.2782e+22
3169,-1.2782e+22
2998,-1.2785e+22
4841,-1.2805e+22
2481,-1.2812e+22
3679,-1.2816e+22
4139,-1.2819e+22
4186,-1.2829e+22
2920,-1.2841e+22
5046,-1.2913e+22
4619,-1.293e+22
5317,-1.2941e+22
2894,-1.2953e+22
4630,-1.2958e+22
5411,-1.2959e+22
4961,-1.2987e+22
2541,-1.2998e+22
2984,-1.3026e+22
4270,-1.3027e+22
2511,-1.3045e+22
3216,-1.3046e+22
4589,-1.3071e+22
4314,-1.3094e+22
4836,-1.3094e+22
5503,-1.3106e+22
3419,-1.3141e+22
3697,-1.3179e+22
2408,-1.3188e+22
5136,-1.3209e+22
2686,-1.3244e+22
4507,-1.3254e+22
5505,-1.3262e+22
3839,-1.3269e+22
2463,-1.3279e+22
5049,-1.3322e+22
4722,-1.3323e+22
5286,-1.3326e+22
2889,-1.3329e+22
5157,-1.3371e+22
2710,-1.338e+22
4043,-1.3391e+22
3904,-1.3446e+22
3563,-1.345e+22
2593,-1.347e+22
2692,-1.3473e+22
5521,-1.3505e+22
2860,-1.3508e+22
5164,-1.3522e+22
4699,-1.3539e+22
4297,-1.3544e+22
5097,-1.3588e+22
5475,-1.3599e+22
4697,-1.3607e+22
3660,-1.3608e+22
3056,-1.366e+22
4592,-1.3689e+22
2414,-1.3694e+22
4416,-1.3733e+22
3323,-1.3755e+22
2360,-1.3755e+22
3835,-1.3778e+22
2942,-1.3795e+22
3791,-1.3796e+22
5266,-1.3802e+22
4727,-1.3803e+22
2788,-1.3823e+22
2398,-1.3825e+22
2467,-1.384e+22
3580,-1.3846e+22
3209,-1.3853e+22
2797,-1.3855e+22
4787,-1.3864e+22
5306,-1.3871e+22
3968,-1.3885e+22
2706,-1.3888e+22
3574,-1.389e+22
3052,-1.3906e+22
2892,-1.3932e+22
4528,-1.395e+22
3049,-1.3981e+22
2601,-1.4001e+22
3088,-1.4002e+22
3672,-1.4014e+22
5592,-1.4042e+22
2498,-1.4083e+22
4425,-1.4116e+22
4531,-1.4128e+22
2344,-1.4239e+22
2389,-1.4239e+22
4498,-1.4242e+22
3066,-1.4247e+22
3483,-1.4253e+22
4457,-1.427e+22
3737,-1.4284e+22
2573,-1.4295e+22
3752,-1.4306e+22
4191,-1.4318e+22
3086,-1.4324e+22
3837,-1.4334e+22
4292,-1.435e+22
5014,-1.4371e+22
4743,-1.4394e+22
2832,-1.44e+22
4979,-1.4404e+22
2930,-1.4438e+22
3772,-1.4455e+22
4608,-1.4461e+22
2450,-1.4469e+22
2434,-1.4491e+22
5340,-1.4502e+22
5101,-1.4513e+22
5435,-1.4515e+22
5212,-1.454e+22
4933,-1.4563e+22
2246,-1.4589e+22
3083,-1.4596e+22
4092,-1.4632e+22
2893,-1.4644e+22
5015,-1.4664e+22
3109,-1.4665e+22
4341,-1.4665e+22
4060,-1.4673e+22
3713,-1.4692e+22
4470,-1.4698e+22
3375,-1.4714e+22
4462,-1.4751e+22
4473,-1.4759e+22
5493,-1.4765e+22
2253,-1.4782e+22
4234,-1.4786e+22
2627,-1.4792e+22
4566,-1.4799e+22
4673,-1.4808e+22
3596,-1.4827e+22
2926,-1.4833e+22
5353,-1.4849e+22
5547,-1.488e+22
3519,-1.4887e+22
3038,-1.4904e+22
5477,-1.4914e+22
3372,-1.4918e+22
4419,-1.493e+22
2403,-1.4934e+22
3115,-1.4958e+22
4867,-1.4969e+22
4888,-1.5e+22
4755,-1.5018e+22
2659,-1.5028e+22
2905,-1.5049e+22
4545,-1.506e+22
4640,-1.507e+22
2947,-1.5078e+22
5277,-1.5084e+22
4834,-1.5086e+22
2261,-1.5087e+22
2938,-1.5089e+22
4463,-1.5092e+22
2551,-1.5103e+22
3270,-1.5118e+22
3242,-1.5149e+22
4569,-1.5222e+22
4686,-1.5241e+22
3097,-1.5289e+22
2641,-1.529e+22
3706,-1.5296e+22
3717,-1.5342e+22
4802,-1.5389e+22
4228,-1.5407e+22
3255,-1.5409e+22
3272,-1.5418e+22
3174,-1.5422e+22
4914,-1.5423e+22
2453,-1.5431e+22
3259,-1.5456e+22
2543,-1.5495e+22
3749,-1.5501e+22
5297,-1.5524e+22
4288,-1.5526e+22
3388,-1.5549e+22
2679,-1.5574e+22
4108,-1.5592e+22
3513,-1.5604e+22
2821,-1.561e+22
5197,-1.5618e+22
3683,-1.5638e+22
3463,-1.5646e+22
2862,-1.5669e+22
2500,-1.5692e+22
3993,-1.5711e+22
4441,-1.574e+22
2716,-1.5754e+22
5405,-1.5761e+22
5088,-1.5773e+22
4835,-1.5778e+22
3205,-1.5789e+22
4807,-1.5789e+22
4037,-1.5792e+22
3385,-1.5796e+22
3930,-1.5811e+22
3320,-1.5849e+22
2700,-1.5887e+22
5145,-1.5889e+22
3421,-1.5895e+22
3336,-1.5896e+22
4182,-1.592e+22
4909,-1.5938e+22
5189,-1.5939e+22
2604,-1.5946e+22
3576,-1.5964e+22
2592,-1.5969e+22
4200,-1.5972e+22
2902,-1.5979e+22
4877,-1.603e+22
3427,-1.6042e+22
3510,-1.6075e+22
4511,-1.6075e+22
2810,-1.6081e+22
3569,-1.6096e+22
3786,-1.6116e+22
3817,-1.6119e+22
2963,-1.6139e+22
3570,-1.6161e+22
3468,-1.6166e+22
4656,-1.6173e+22
5050,-1.6192e+22
3769,-1.6213e+22
5430,-1.6241e+22
4062,-1.6267e+22
2835,-1.6274e+22
5427,-1.6299e+22
5351,-1.6313e+22
3015,-1.6357e+22
4721,-1.6368e+22
4309,-1.6398e+22
2519,-1.6425e+22
3347,-1.6429e+22
4956,-1.6434e+22
2439,-1.6445e+22
3980,-1.6451e+22
4761,-1.648e+22
3738,-1.649e+22
3874,-1.6495e+22
4260,-1.653e+22
2376,-1.6531e+22
4821,-1.6548e+22
3633,-1.6562e+22
3399,-1.657e+22
3825,-1.6579e+22
5431,-1.6586e+22
5265,-1.6615e+22
2572,-1.6618e+22
4602,-1.6623e+22
3641,-1.6623e+22
3532,-1.665e+22
2853,-1.6665e+22
2975,-1.6677e+22
5227,-1.6691e+22
2335,-1.6703e+22
2964,-1.6724e+22
3355,-1.6736e+22
4576,-1.6757e+22
5356,-1.6764e+22
2880,-1.6767e+22
2873,-1.6786e+22
4304,-1.6788e+22
2476,-1.6798e+22
3127,-1.6813e+22
3530,-1.6814e+22
5441,-1.6814e+22
4480,-1.6831e+22
4209,-1.6866e+22
3268,-1.6927e+22
2693,-1.693e+22
2647,-1.6943e+22
2731,-1.695e+22
3621,-1.6953e+22
4603,-1.696e+22
4205,-1.6961e+22
3573,-1.6961e+22
3616,-1.6995e+22
4363,-1.6996e+22
5244,-1.7005e+22
2816,-1.704e+22
3286,-1.7082e+22
3275,-1.7089e+22
4383,-1.7122e+22
4333,-1.7129e+22
3045,-1.7146e+22
3244,-1.7182e+22
2931,-1.7207e+22
3194,-1.7211e+22
2733,-1.7238e+22
4527,-1.726e+22
5594,-1.7301e+22
3783,-1.7332e+22
4093,-1.7352e+22
5533,-1.736e+22
3947,-1.7386e+22
4355,-1.7393e+22
3821,-1.7403e+22
5568,-1.7412e+22
3332,-1.7437e+22
2400,-1.7481e+22
2378,-1.7498e+22
4758,-1.7512e+22
3044,-1.7524e+22
5372,-1.7528e+22
5537,-1.7617e+22
5344,-1.7633e+22
3546,-1.7634e+22
5472,-1.7683e+22
4554,-1.7718e+22
3041,-1.7725e+22
4001,-1.773e+22
3094,-1.7763e+22
5251,-1.7784e+22
3245,-1.7787e+22
3294,-1.7791e+22
5038,-1.7827e+22
4223,-1.7835e+22
3659,-1.7888e+22
3338,-1.7899e+22
5338,-1.794e+22
2811,-1.7961e+22
5410,-1.7963e+22
3451,-1.7964e+22
4538,-1.7974e+22
3065,-1.7979e+22
2936,-1.7989e+22
4290,-1.7994e+22
2291,-1.8099e+22
3991,-1.8114e+22
2859,-1.8155e+22
5324,-1.8201e+22
2424,-1.8228e+22
4136,-1.8241e+22
4829,-1.8282e+22
3832,-1.8309e+22
4073,-1.8438e+22
4075,-1.8447e+22
3770,-1.845e+22
4632,-1.8453e+22
5276,-1.8458e+22
2830,-1.8487e+22
3291,-1.8489e+22
3626,-1.849e+22
5117,-1.8491e+22
4906,-1.8545e+22
5313,-1.8565e+22
4651,-1.8569e+22
2776,-1.8571e+22
4741,-1.8599e+22
3695,-1.8608e+22
4907,-1.8654e+22
4255,-1.8659e+22
4268,-1.8717e+22
3822,-1.873e+22
4849,-1.8741e+22
2256,-1.875e+22
3022,-1.8763e+22
3469,-1.8766e+22
3705,-1.8771e+22
4323,-1.8829e+22
2470,-1.8831e+22
3895,-1.8862e+22
3868,-1.887e+22
2795,-1.8906e+22
2597,-1.9017e+22
5527,-1.9023e+22
3577,-1.906e+22
2790,-1.909e+22
3190,-1.9097e+22
3131,-1.9113e+22
3060,-1.9114e+22
3357,-1.9138e+22
2923,-1.9144e+22
3237,-1.92e+22
4550,-1.9221e+22
3397,-1.9223e+22
3787,-1.9227e+22
2273,-1.9262e+22
4348,-1.928e+22
5194,-1.9309e+22
4977,-1.9332e+22
4410,-1.9355e+22
2390,-1.9356e+22
2804,-1.936e+22
5414,-1.9388e+22
4343,-1.9424e+22
3632,-1.9427e+22
5507,-1.9443e+22
3034,-1.9445e+22
5019,-1.9453e+22
2744,-1.9506e+22
3553,-1.9515e+22
4287,-1.9527e+22
5586,-1.9556e+22
3213,-1.9597e+22
3159,-1.9605e+22
2512,-1.9644e+22
2493,-1.9649e+22
5039,-1.9656e+22
2478,-1.9667e+22
3072,-1.9673e+22
4380,-1.9696e+22
4759,-1.9727e+22
2359,-1.9741e+22
5312,-1.9745e+22
3076,-1.9777e+22
3454,-1.9785e+22
5247,-1.9802e+22
4049,-1.9807e+22
2624,-1.9808e+22
4460,-1.9812e+22
4705,-1.9867e+22
3343,-1.99e+22
3875,-1.9913e+22
5041,-1.9944e+22
5378,-1.9967e+22
3251,-1.9997e+22
2906,-2.0018e+22
4695,-2.003e+22
3187,-2.0055e+22
5403,-2.0077e+22
2728,-2.0084e+22
4388,-2.0103e+22
4553,-2.013e+22
5202,-2.0135e+22
3818,-2.0149e+22
4273,-2.0195e+22
3018,-2.0197e+22
5051,-2.0207e+22
3742,-2.0213e+22
4781,-2.0281e+22
4243,-2.0282e+22
3750,-2.0356e+22
2683,-2.0371e+22
2513,-2.0386e+22
5365,-2.0388e+22
5055,-2.0396e+22
4665,-2.0427e+22
4964,-2.0438e+22
4885,-2.0476e+22
3074,-2.0507e+22
5497,-2.052e+22
4026,-2.0531e+22
4315,-2.0539e+22
3811,-2.0611e+22
5432,-2.064e+22
2655,-2.0674e+22
3793,-2.069e+22
2457,-2.0707e+22
4900,-2.0719e+22
2333,-2.0724e+22
2468,-2.0732e+22
4280,-2.0763e+22
4421,-2.0772e+22
5518,-2.0781e+22
5399,-2.0835e+22
2950,-2.0838e+22
2854,-2.0871e+22
3133,-2.093e+22
4731,-2.098e+22
4919,-2.0986e+22
2452,-2.0998e+22
4298,-2.103e+22
4958,-2.1065e+22
5116,-2.1068e+22
2967,-2.1086e+22
3730,-2.1104e+22
4466,-2.1158e+22
3349,-2.1201e+22
5468,-2.1286e+22
2533,-2.1296e+22
4567,-2.1302e+22
2506,-2.1313e+22
2300,-2.1434e+22
4744,-2.148e+22
3897,-2.1483e+22
5238,-2.1515e+22
5148,-2.1542e+22
4928,-2.1553e+22
4088,-2.1554e+22
3638,-2.1568e+22
5566,-2.1588e+22
3281,-2.1622e+22
2713,-2.1649e+22
3342,-2.1714e+22
3939,-2.1806e+22
2380,-2.181e+22
5508,-2.1836e+22
5558,-2.1874e+22
4530,-2.1877e+22
4399,-2.1883e+22
2279,-2.1897e+22
3572,-2.2132e+22
4464,-2.215e+22
4544,-2.2166e+22
4253,-2.2176e+22
2864,-2.2306e+22
2922,-2.2536e+22
4141,-2.2547e+22
5420,-2.2656e+22
3977,-2.2666e+22
3118,-2.2704e+22
3973,-2.2737e+22
4435,-2.2738e+22
2347,-2.2741e+22
5573,-2.2742e+22
4079,-2.2853e+22
3241,-2.2862e+22
4434,-2.296e+22
2801,-2.3023e+22
5228,-2.3105e+22
4519,-2.3172e+22
3285,-2.3247e+22
2898,-2.3263e+22
3459,-2.3364e+22
5334,-2.3398e+22
4164,-2.35e+22
3028,-2.3657e+22
2725,-2.3683e+22
2867,-2.3785e+22
3649,-2.3792e+22
4259,-2.3822e+22
2443,-2.3903e+22
4128,-2.3924e+22
2373,-2.3942e+22
5240,-2.4124e+22
2719,-2.4167e+22
4375,-2.4201e+22
2507,-2.4202e+22
3905,-2.4245e+22
5105,-2.439e+22
2664,-2.4401e+22
4974,-2.4404e+22
4767,-2.4405e+22
5545,-2.4458e+22
2994,-2.4647e+22
2262,-2.4699e+22
3395,-2.4874e+22
4172,-2.4903e+22
5487,-2.5112e+22
4995,-2.5121e+22
4040,-2.5128e+22
3618,-2.5178e+22
3373,-2.5217e+22
3424,-2.523e+22
5490,-2.5254e+22
4070,-2.5299e+22
2579,-2.5371e+22
4398,-2.5446e+22
3960,-2.5447e+22
5151,-2.5475e+22
3077,-2.5522e+22
3306,-2.5578e+22
4947,-2.5632e+22
2632,-2.5667e+22
3181,-2.5669e+22
2891,-2.588e+22
5574,-2.5981e+22
3177,-2.6122e+22
4468,-2.6169e+22
2685,-2.625e+22
2472,-2.6294e+22
4236,-2.6363e+22
5274,-2.6381e+22
3099,-2.6446e+22
3146,-2.6472e+22
4086,-2.6579e+22
4428,-2.6653e+22
5233,-2.6902e+22
4558,-2.7152e+22
3885,-2.8032e+22
4564,-2.8123e+22
4981,-2.8192e+22
4347,-2.936e+22
5310,-2.9565e+22
5514,-3.0985e+22
