1,-5.5106e+19
4869,-5.6122e+19
4023,-6.1955e+19
3279,-6.2148e+19
2,-6.3079e+19
3,-6.4083e+19
4991,-6.4435e+19
4,-6.6233e+19
5,-6.7466e+19
6,-6.7691e+19
7,-6.933e+19
3547,-6.9967e+19
8,-7.0477e+19
9,-7.067e+19
4146,-7.1535e+19
10,-7.1933e+19
3134,-7.1948e+19
11,-7.1981e+19
12,-7.2929e+19
13,-7.3357e+19
2698,-7.3661e+19
14,-7.3897e+19
15,-7.4025e+19
16,-7.4166e+19
17,-7.4586e+19
18,-7.4964e+19
3304,-7.5218e+19
2570,-7.5494e+19
19,-7.5737e+19
20,-7.5996e+19
21,-7.6391e+19
4960,-7.6494e+19
22,-7.6519e+19
23,-7.6758e+19
24,-7.6787e+19
25,-7.6808e+19
26,-7.7001e+19
27,-7.7076e+19
3988,-7.7234e+19
28,-7.7475e+19
2769,-7.7504e+19
29,-7.7634e+19
30,-7.7809e+19
31,-7.7996e+19
32,-7.846e+19
33,-7.8594e+19
4930,-7.877e+19
34,-7.8934e+19
3000,-7.8978e+19
35,-7.934e+19
36,-7.9372e+19
3959,-7.9403e+19
3205,-7.9423e+19
2749,-7.9591e+19
37,-7.9953e+19
38,-8.0259e+19
39,-8.0529e+19
40,-8.0837e+19
41,-8.1168e+19
42,-8.1168e+19
43,-8.1243e+19
5450,-8.1351e+19
44,-8.1591e+19
45,-8.1629e+19
4660,-8.1946e+19
46,-8.2175e+19
47,-8.2236e+19
48,-8.245e+19
5007,-8.2587e+19
3350,-8.317e+19
49,-8.3342e+19
50,-8.3416e+19
2352,-8.4009e+19
51,-8.4277e+19
52,-8.4357e+19
2649,-8.4417e+19
53,-8.4809e+19
2693,-8.4959e+19
54,-8.5301e+19
55,-8.5481e+19
3346,-8.5492e+19
56,-8.5509e+19
2343,-8.5884e+19
57,-8.6014e+19
58,-8.607e+19
3227,-8.6402e+19
59,-8.6553e+19
60,-8.6665e+19
61,-8.6679e+19
62,-8.6727e+19
63,-8.6757e+19
64,-8.6873e+19
65,-8.6879e+19
66,-8.6988e+19
2529,-8.7151e+19
67,-8.723e+19
68,-8.7333e+19
69,-8.741e+19
70,-8.743e+19
71,-8.7461e+19
72,-8.7474e+19
73,-8.7629e+19
74,-8.7691e+19
75,-8.7763e+19
4228,-8.7803e+19
76,-8.8017e+19
77,-8.8281e+19
78,-8.8329e+19
79,-8.8731e+19
80,-8.8761e+19
81,-8.904e+19
82,-8.9202e+19
4095,-8.9629e+19
83,-8.9807e+19
84,-8.9922e+19
85,-9.0033e+19
5527,-9.0108e+19
3054,-9.0136e+19
86,-9.0507e+19
87,-9.0694e+19
88,-9.0726e+19
89,-9.0887e+19
90,-9.097e+19
91,-9.104e+19
92,-9.115e+19
93,-9.1279e+19
3855,-9.128e+19
4424,-9.1287e+19
94,-9.1322e+19
95,-9.1426e+19
96,-9.1474e+19
97,-9.149e+19
98,-9.1544e+19
99,-9.1893e+19
100,-9.2045e+19
101,-9.2152e+19
4628,-9.253e+19
102,-9.2831e+19
103,-9.293e+19
3523,-9.3134e+19
104,-9.3135e+19
105,-9.3153e+19
106,-9.3287e+19
107,-9.3528e+19
108,-9.3678e+19
109,-9.3848e+19
110,-9.3985e+19
111,-9.3986e+19
112,-9.3994e+19
113,-9.4009e+19
114,-9.4037e+19
115,-9.4105e+19
116,-9.4349e+19
117,-9.4865e+19
4291,-9.5078e+19
118,-9.5296e+19
119,-9.5311e+19
120,-9.5312e+19
121,-9.5357e+19
122,-9.539e+19
123,-9.54e+19
124,-9.5506e+19
125,-9.5646e+19
126,-9.5676e+19
127,-9.5742e+19
128,-9.5807e+19
4411,-9.6007e+19
129,-9.6276e+19
4132,-9.6358e+19
130,-9.6402e+19
131,-9.6425e+19
132,-9.6671e+19
133,-9.6758e+19
134,-9.6854e+19
135,-9.706e+19
4731,-9.7278e+19
136,-9.7462e+19
4541,-9.755e+19
137,-9.7784e+19
4973,-9.781e+19
138,-9.7897e+19
139,-9.793e+19
140,-9.834e+19
141,-9.8436e+19
142,-9.8451e+19
143,-9.8568e+19
144,-9.859e+19
145,-9.8618e+19
146,-9.8801e+19
147,-9.8853e+19
148,-9.8859e+19
4317,-9.9057e+19
149,-9.9104e+19
150,-9.9615e+19
151,-9.9635e+19
152,-9.9649e+19
153,-9.9754e+19
154,-9.9771e+19
155,-1.0007e+20
3688,-1.0009e+20
156,-1.0012e+20
5532,-1.0023e+20
157,-1.0034e+20
158,-1.0044e+20
159,-1.007e+20
160,-1.0073e+20
161,-1.0076e+20
162,-1.0084e+20
163,-1.0114e+20
3655,-1.0114e+20
164,-1.0116e+20
165,-1.0146e+20
4463,-1.0159e+20
2658,-1.0168e+20
166,-1.0172e+20
2368,-1.0174e+20
167,-1.0185e+20
168,-1.0198e+20
169,-1.0206e+20
170,-1.0216e+20
171,-1.0221e+20
172,-1.0221e+20
173,-1.0242e+20
174,-1.0265e+20
175,-1.0267e+20
176,-1.0278e+20
177,-1.0282e+20
178,-1.0285e+20
179,-1.0291e+20
5229,-1.0299e+20
180,-1.0312e+20
181,-1.0317e+20
182,-1.0321e+20
183,-1.0338e+20
184,-1.034e+20
185,-1.0362e+20
186,-1.0372e+20
187,-1.039e+20
188,-1.039e+20
189,-1.0395e+20
190,-1.0396e+20
191,-1.0413e+20
192,-1.0418e+20
193,-1.0447e+20
194,-1.0447e+20
5434,-1.0492e+20
195,-1.0496e+20
196,-1.0496e+20
5438,-1.0503e+20
197,-1.0529e+20
198,-1.0531e+20
199,-1.0533e+20
200,-1.057e+20
2418,-1.0573e+20
3144,-1.0584e+20
201,-1.0585e+20
4683,-1.0589e+20
202,-1.0596e+20
3088,-1.0599e+20
203,-1.061e+20
204,-1.0612e+20
205,-1.0621e+20
206,-1.0625e+20
207,-1.0649e+20
208,-1.0657e+20
209,-1.0659e+20
210,-1.0665e+20
211,-1.0666e+20
3692,-1.068e+20
212,-1.068e+20
213,-1.0712e+20
214,-1.0732e+20
215,-1.0745e+20
2904,-1.0755e+20
216,-1.0758e+20
217,-1.0773e+20
218,-1.0778e+20
219,-1.078e+20
220,-1.0793e+20
221,-1.0806e+20
222,-1.0821e+20
223,-1.0829e+20
224,-1.0849e+20
225,-1.085e+20
4013,-1.0866e+20
226,-1.0876e+20
3448,-1.0896e+20
227,-1.0898e+20
228,-1.0904e+20
5523,-1.0905e+20
3546,-1.0917e+20
229,-1.0929e+20
230,-1.0936e+20
4557,-1.0938e+20
231,-1.0942e+20
232,-1.0947e+20
233,-1.0957e+20
234,-1.0959e+20
235,-1.0971e+20
236,-1.0986e+20
237,-1.0995e+20
238,-1.1017e+20
5417,-1.1029e+20
239,-1.1032e+20
240,-1.1035e+20
2432,-1.1039e+20
241,-1.1057e+20
242,-1.1057e+20
2794,-1.1067e+20
243,-1.107e+20
244,-1.1082e+20
245,-1.1101e+20
246,-1.1111e+20
247,-1.1113e+20
248,-1.1119e+20
2946,-1.1138e+20
249,-1.1141e+20
250,-1.1154e+20
3009,-1.1157e+20
4260,-1.1158e+20
3058,-1.116e+20
251,-1.1163e+20
252,-1.1184e+20
253,-1.119e+20
3479,-1.1192e+20
254,-1.1213e+20
255,-1.1242e+20
256,-1.1242e+20
2690,-1.1253e+20
257,-1.1258e+20
258,-1.1261e+20
2911,-1.1262e+20
259,-1.1289e+20
260,-1.129e+20
4812,-1.1297e+20
261,-1.1302e+20
262,-1.1334e+20
263,-1.1347e+20
264,-1.1348e+20
3848,-1.1359e+20
2879,-1.1362e+20
265,-1.1362e+20
2426,-1.1364e+20
3074,-1.1383e+20
266,-1.1398e+20
267,-1.1405e+20
268,-1.1411e+20
269,-1.1418e+20
270,-1.1426e+20
271,-1.1433e+20
272,-1.1436e+20
273,-1.1442e+20
274,-1.1443e+20
275,-1.1443e+20
276,-1.1451e+20
277,-1.1476e+20
278,-1.1484e+20
279,-1.1487e+20
280,-1.149e+20
3541,-1.1492e+20
281,-1.1493e+20
282,-1.1501e+20
283,-1.1505e+20
284,-1.1521e+20
285,-1.1529e+20
286,-1.1547e+20
287,-1.1547e+20
4982,-1.157e+20
288,-1.1575e+20
289,-1.1575e+20
290,-1.1591e+20
3945,-1.1601e+20
291,-1.1621e+20
292,-1.1624e+20
293,-1.163e+20
294,-1.1631e+20
2507,-1.1632e+20
295,-1.1633e+20
296,-1.1636e+20
297,-1.1638e+20
298,-1.1639e+20
5504,-1.164e+20
299,-1.1645e+20
300,-1.1654e+20
4433,-1.1678e+20
301,-1.1684e+20
4528,-1.1685e+20
302,-1.169e+20
303,-1.1691e+20
3677,-1.1691e+20
304,-1.1698e+20
5010,-1.1701e+20
3263,-1.1704e+20
305,-1.1723e+20
306,-1.1727e+20
307,-1.1728e+20
308,-1.174e+20
3289,-1.1744e+20
309,-1.1757e+20
310,-1.176e+20
311,-1.1777e+20
2429,-1.1779e+20
312,-1.1781e+20
313,-1.1784e+20
314,-1.1801e+20
315,-1.1804e+20
316,-1.1814e+20
317,-1.1819e+20
5109,-1.1827e+20
318,-1.183e+20
319,-1.1836e+20
320,-1.1842e+20
4467,-1.1845e+20
321,-1.1851e+20
322,-1.1852e+20
323,-1.1862e+20
324,-1.1866e+20
5258,-1.1874e+20
325,-1.188e+20
3647,-1.1886e+20
326,-1.1887e+20
327,-1.1899e+20
328,-1.1905e+20
329,-1.1915e+20
3826,-1.1919e+20
330,-1.1923e+20
331,-1.1927e+20
332,-1.1944e+20
333,-1.1956e+20
334,-1.1957e+20
335,-1.196e+20
336,-1.1963e+20
337,-1.199e+20
338,-1.2001e+20
339,-1.2012e+20
340,-1.2044e+20
341,-1.2047e+20
342,-1.2052e+20
343,-1.2057e+20
344,-1.2068e+20
345,-1.2097e+20
346,-1.2113e+20
347,-1.2116e+20
348,-1.2119e+20
349,-1.2121e+20
350,-1.2126e+20
351,-1.2133e+20
352,-1.2138e+20
353,-1.2161e+20
354,-1.2172e+20
355,-1.2174e+20
356,-1.218e+20
357,-1.2191e+20
358,-1.2192e+20
359,-1.2197e+20
2668,-1.2198e+20
360,-1.2204e+20
361,-1.2208e+20
362,-1.2215e+20
363,-1.2224e+20
364,-1.2226e+20
365,-1.2239e+20
366,-1.2241e+20
367,-1.2245e+20
368,-1.2249e+20
369,-1.2265e+20
370,-1.2267e+20
371,-1.2286e+20
372,-1.2291e+20
373,-1.2291e+20
2915,-1.2293e+20
374,-1.2293e+20
375,-1.2296e+20
376,-1.2305e+20
377,-1.2313e+20
378,-1.2314e+20
3668,-1.2336e+20
379,-1.2348e+20
4956,-1.2349e+20
380,-1.2363e+20
4609,-1.2372e+20
381,-1.2382e+20
382,-1.2384e+20
383,-1.2388e+20
4779,-1.2395e+20
384,-1.2399e+20
4242,-1.2418e+20
385,-1.2438e+20
386,-1.2451e+20
387,-1.2475e+20
388,-1.2482e+20
389,-1.2486e+20
390,-1.2487e+20
391,-1.2487e+20
392,-1.249e+20
3861,-1.2498e+20
3372,-1.2502e+20
393,-1.2505e+20
394,-1.2505e+20
395,-1.2511e+20
396,-1.2512e+20
4326,-1.2523e+20
397,-1.2527e+20
398,-1.2535e+20
399,-1.2538e+20
4854,-1.2547e+20
4791,-1.2556e+20
400,-1.2557e+20
401,-1.256e+20
402,-1.2578e+20
403,-1.2584e+20
404,-1.2592e+20
405,-1.2597e+20
406,-1.26e+20
407,-1.2607e+20
408,-1.2669e+20
409,-1.2672e+20
410,-1.2675e+20
411,-1.2686e+20
412,-1.2688e+20
413,-1.269e+20
414,-1.2699e+20
4928,-1.2702e+20
415,-1.2715e+20
416,-1.2732e+20
417,-1.274e+20
418,-1.2742e+20
419,-1.2745e+20
420,-1.2753e+20
2692,-1.2754e+20
421,-1.2756e+20
422,-1.276e+20
423,-1.2763e+20
424,-1.2767e+20
425,-1.2776e+20
426,-1.2779e+20
3451,-1.2797e+20
427,-1.2798e+20
428,-1.28e+20
429,-1.2811e+20
430,-1.2827e+20
431,-1.2837e+20
432,-1.2841e+20
433,-1.2843e+20
434,-1.285e+20
435,-1.285e+20
436,-1.2856e+20
437,-1.2867e+20
438,-1.2883e+20
439,-1.2886e+20
440,-1.2887e+20
441,-1.289e+20
442,-1.2916e+20
443,-1.2919e+20
3017,-1.2922e+20
5112,-1.2931e+20
444,-1.2934e+20
445,-1.294e+20
446,-1.294e+20
447,-1.2941e+20
448,-1.2965e+20
5082,-1.2965e+20
449,-1.2966e+20
450,-1.2978e+20
2451,-1.2988e+20
451,-1.3012e+20
452,-1.3019e+20
453,-1.3039e+20
454,-1.3041e+20
455,-1.3044e+20
456,-1.3046e+20
4183,-1.3047e+20
457,-1.305e+20
458,-1.3051e+20
3219,-1.3061e+20
459,-1.3063e+20
460,-1.3069e+20
461,-1.307e+20
462,-1.3076e+20
463,-1.3085e+20
464,-1.3087e+20
3720,-1.3092e+20
465,-1.3096e+20
466,-1.3102e+20
5225,-1.3106e+20
467,-1.3111e+20
468,-1.312e+20
469,-1.3123e+20
470,-1.3124e+20
471,-1.3137e+20
472,-1.3145e+20
3145,-1.3158e+20
4523,-1.3166e+20
473,-1.3171e+20
474,-1.3181e+20
475,-1.3199e+20
4654,-1.3206e+20
476,-1.3219e+20
477,-1.3225e+20
478,-1.3227e+20
479,-1.3229e+20
480,-1.3229e+20
481,-1.3231e+20
4571,-1.3231e+20
482,-1.3234e+20
3201,-1.3236e+20
5116,-1.3237e+20
483,-1.325e+20
484,-1.3257e+20
3380,-1.3285e+20
485,-1.3286e+20
486,-1.3291e+20
487,-1.3297e+20
3293,-1.3302e+20
488,-1.332e+20
489,-1.3324e+20
490,-1.3325e+20
4756,-1.3333e+20
2872,-1.3333e+20
4551,-1.3338e+20
491,-1.3342e+20
492,-1.3343e+20
493,-1.3346e+20
494,-1.3362e+20
3419,-1.3362e+20
495,-1.3364e+20
496,-1.3367e+20
497,-1.3372e+20
498,-1.3376e+20
499,-1.3403e+20
500,-1.3405e+20
501,-1.3415e+20
502,-1.3417e+20
503,-1.3418e+20
504,-1.344e+20
3047,-1.3443e+20
505,-1.3458e+20
506,-1.3465e+20
3387,-1.3469e+20
507,-1.3472e+20
3090,-1.3472e+20
508,-1.3487e+20
509,-1.3494e+20
510,-1.3505e+20
511,-1.3507e+20
5128,-1.3507e+20
512,-1.3525e+20
5265,-1.3527e+20
513,-1.3533e+20
514,-1.3533e+20
515,-1.3535e+20
2438,-1.3542e+20
516,-1.3548e+20
517,-1.3551e+20
5440,-1.3562e+20
518,-1.3566e+20
4504,-1.357e+20
519,-1.3595e+20
520,-1.3608e+20
521,-1.3611e+20
522,-1.3614e+20
523,-1.3617e+20
524,-1.3618e+20
4071,-1.3621e+20
525,-1.3631e+20
526,-1.3649e+20
527,-1.3673e+20
528,-1.3695e+20
3019,-1.3705e+20
529,-1.3711e+20
530,-1.3717e+20
531,-1.3719e+20
532,-1.3721e+20
4917,-1.3729e+20
533,-1.373e+20
534,-1.3742e+20
535,-1.3751e+20
536,-1.3755e+20
537,-1.3764e+20
538,-1.3766e+20
539,-1.3772e+20
2351,-1.379e+20
540,-1.3791e+20
541,-1.3796e+20
542,-1.3801e+20
543,-1.3804e+20
3516,-1.3805e+20
544,-1.382e+20
4229,-1.3837e+20
545,-1.3843e+20
546,-1.3845e+20
547,-1.3852e+20
548,-1.3873e+20
549,-1.3873e+20
550,-1.3877e+20
551,-1.3878e+20
3753,-1.3888e+20
552,-1.3889e+20
553,-1.3891e+20
5584,-1.3893e+20
554,-1.3901e+20
555,-1.3909e+20
556,-1.3935e+20
557,-1.3945e+20
558,-1.3946e+20
559,-1.3951e+20
560,-1.3956e+20
561,-1.396e+20
562,-1.3974e+20
563,-1.3979e+20
564,-1.3993e+20
565,-1.3998e+20
566,-1.4004e+20
567,-1.4019e+20
568,-1.4021e+20
569,-1.4024e+20
2800,-1.4026e+20
570,-1.4033e+20
571,-1.4034e+20
572,-1.4035e+20
573,-1.4039e+20
574,-1.4051e+20
575,-1.406e+20
576,-1.4066e+20
577,-1.4066e+20
578,-1.4078e+20
579,-1.4079e+20
580,-1.4081e+20
581,-1.4083e+20
582,-1.4084e+20
583,-1.4098e+20
584,-1.4104e+20
585,-1.4109e+20
3246,-1.4124e+20
586,-1.4147e+20
587,-1.4169e+20
588,-1.4171e+20
589,-1.4177e+20
590,-1.4185e+20
591,-1.4187e+20
592,-1.4188e+20
593,-1.419e+20
594,-1.4192e+20
595,-1.4196e+20
5233,-1.4206e+20
4330,-1.4208e+20
596,-1.4216e+20
597,-1.4218e+20
598,-1.4229e+20
599,-1.4233e+20
600,-1.4233e+20
601,-1.4233e+20
602,-1.4244e+20
603,-1.4245e+20
2785,-1.4246e+20
604,-1.4264e+20
605,-1.4266e+20
606,-1.4267e+20
607,-1.4269e+20
608,-1.4271e+20
609,-1.4281e+20
610,-1.4298e+20
611,-1.4308e+20
612,-1.4325e+20
613,-1.4343e+20
614,-1.4347e+20
2730,-1.4351e+20
2497,-1.4356e+20
615,-1.4368e+20
5567,-1.4382e+20
2519,-1.4399e+20
616,-1.4406e+20
617,-1.4408e+20
2436,-1.441e+20
618,-1.4416e+20
619,-1.4419e+20
620,-1.442e+20
2458,-1.4432e+20
621,-1.4433e+20
622,-1.444e+20
623,-1.4468e+20
624,-1.4483e+20
625,-1.45e+20
626,-1.4501e+20
627,-1.4509e+20
628,-1.4517e+20
629,-1.452e+20
630,-1.4522e+20
631,-1.4528e+20
632,-1.4531e+20
633,-1.4569e+20
3858,-1.457e+20
634,-1.4573e+20
635,-1.4576e+20
636,-1.458e+20
637,-1.4582e+20
4149,-1.4584e+20
638,-1.459e+20
639,-1.4592e+20
640,-1.46e+20
641,-1.4606e+20
642,-1.4607e+20
643,-1.4613e+20
644,-1.4618e+20
3156,-1.4632e+20
645,-1.4635e+20
646,-1.4644e+20
647,-1.4647e+20
648,-1.465e+20
649,-1.4655e+20
650,-1.4657e+20
651,-1.4658e+20
652,-1.4665e+20
4750,-1.4666e+20
653,-1.467e+20
654,-1.468e+20
655,-1.4719e+20
656,-1.4736e+20
657,-1.4741e+20
658,-1.4753e+20
659,-1.4762e+20
660,-1.4763e+20
661,-1.4763e+20
5441,-1.4769e+20
662,-1.4776e+20
663,-1.4776e+20
664,-1.4778e+20
665,-1.4784e+20
666,-1.4785e+20
667,-1.4795e+20
668,-1.4809e+20
669,-1.4811e+20
670,-1.4817e+20
671,-1.4836e+20
672,-1.4837e+20
673,-1.4838e+20
674,-1.4842e+20
675,-1.4867e+20
3272,-1.4878e+20
676,-1.4891e+20
677,-1.4899e+20
678,-1.4903e+20
679,-1.4914e+20
680,-1.4918e+20
681,-1.4919e+20
682,-1.4919e+20
683,-1.4926e+20
684,-1.494e+20
685,-1.4954e+20
686,-1.4961e+20
687,-1.4973e+20
688,-1.4976e+20
689,-1.4983e+20
690,-1.4984e+20
691,-1.4988e+20
692,-1.4994e+20
693,-1.4995e+20
694,-1.4999e+20
695,-1.5013e+20
696,-1.5032e+20
697,-1.5038e+20
698,-1.5039e+20
699,-1.5044e+20
700,-1.505e+20
701,-1.5061e+20
702,-1.5069e+20
703,-1.5071e+20
704,-1.5091e+20
705,-1.5092e+20
4822,-1.5098e+20
706,-1.5103e+20
707,-1.5104e+20
708,-1.5106e+20
709,-1.5116e+20
710,-1.5121e+20
711,-1.5133e+20
712,-1.5136e+20
5348,-1.5139e+20
713,-1.5139e+20
714,-1.5154e+20
715,-1.5156e+20
716,-1.5158e+20
717,-1.5173e+20
718,-1.5176e+20
719,-1.5176e+20
720,-1.5177e+20
721,-1.5178e+20
722,-1.5179e+20
4969,-1.5182e+20
723,-1.5202e+20
724,-1.5209e+20
725,-1.5219e+20
726,-1.5231e+20
727,-1.5239e+20
728,-1.524e+20
729,-1.525e+20
730,-1.5271e+20
5239,-1.5272e+20
731,-1.5277e+20
732,-1.5294e+20
733,-1.5303e+20
734,-1.5304e+20
735,-1.5309e+20
736,-1.5312e+20
4972,-1.5314e+20
737,-1.5314e+20
5190,-1.5322e+20
738,-1.5329e+20
739,-1.533e+20
740,-1.5343e+20
741,-1.5367e+20
742,-1.5368e+20
743,-1.5368e+20
744,-1.5369e+20
2383,-1.537e+20
745,-1.5384e+20
746,-1.539e+20
747,-1.5397e+20
2285,-1.5412e+20
748,-1.5421e+20
749,-1.5421e+20
750,-1.5432e+20
4754,-1.5432e+20
751,-1.5433e+20
752,-1.5435e+20
753,-1.5452e+20
5489,-1.5462e+20
5103,-1.5482e+20
754,-1.5492e+20
3965,-1.5504e+20
755,-1.5521e+20
756,-1.5532e+20
757,-1.5534e+20
5535,-1.554e+20
758,-1.5546e+20
759,-1.5547e+20
760,-1.5556e+20
4319,-1.5557e+20
761,-1.5558e+20
762,-1.5569e+20
2632,-1.5572e+20
763,-1.5578e+20
764,-1.5587e+20
2595,-1.5591e+20
765,-1.5595e+20
766,-1.5601e+20
767,-1.5609e+20
5187,-1.561e+20
768,-1.5618e+20
769,-1.5621e+20
770,-1.563e+20
771,-1.5638e+20
772,-1.5643e+20
773,-1.5644e+20
774,-1.567e+20
775,-1.5679e+20
776,-1.5686e+20
4644,-1.5692e+20
2573,-1.5694e+20
777,-1.5697e+20
778,-1.5697e+20
779,-1.57e+20
780,-1.5702e+20
781,-1.5731e+20
782,-1.5737e+20
4197,-1.5748e+20
783,-1.5769e+20
3798,-1.5775e+20
784,-1.5806e+20
785,-1.581e+20
786,-1.5811e+20
787,-1.5823e+20
788,-1.5831e+20
789,-1.584e+20
790,-1.5841e+20
791,-1.5841e+20
792,-1.5845e+20
3852,-1.5854e+20
4887,-1.5859e+20
793,-1.586e+20
794,-1.5861e+20
795,-1.5864e+20
796,-1.5868e+20
5359,-1.587e+20
797,-1.5889e+20
4259,-1.5904e+20
798,-1.591e+20
799,-1.5911e+20
800,-1.5912e+20
801,-1.5917e+20
802,-1.5924e+20
803,-1.5924e+20
804,-1.5937e+20
805,-1.5943e+20
806,-1.5967e+20
807,-1.5971e+20
808,-1.5973e+20
809,-1.5976e+20
4324,-1.5979e+20
810,-1.5984e+20
811,-1.5986e+20
2401,-1.6001e+20
812,-1.6002e+20
4521,-1.601e+20
813,-1.6012e+20
814,-1.6022e+20
5036,-1.6038e+20
815,-1.6052e+20
816,-1.6062e+20
817,-1.6068e+20
818,-1.607e+20
819,-1.6072e+20
820,-1.6084e+20
821,-1.6085e+20
2703,-1.61e+20
822,-1.6102e+20
823,-1.6109e+20
824,-1.611e+20
825,-1.613e+20
826,-1.6138e+20
827,-1.6147e+20
828,-1.615e+20
829,-1.6167e+20
830,-1.6172e+20
5553,-1.6182e+20
831,-1.6187e+20
3465,-1.6192e+20
3400,-1.6192e+20
3223,-1.6204e+20
832,-1.6206e+20
833,-1.6211e+20
834,-1.6212e+20
835,-1.6215e+20
836,-1.6215e+20
837,-1.6216e+20
838,-1.6248e+20
2764,-1.6254e+20
839,-1.6255e+20
840,-1.6259e+20
841,-1.6268e+20
842,-1.6268e+20
843,-1.6269e+20
3235,-1.6292e+20
844,-1.6293e+20
845,-1.6316e+20
846,-1.6317e+20
847,-1.6319e+20
848,-1.6321e+20
849,-1.6324e+20
850,-1.6325e+20
851,-1.6332e+20
852,-1.6338e+20
853,-1.6339e+20
854,-1.634e+20
855,-1.6348e+20
5170,-1.6349e+20
856,-1.6352e+20
857,-1.6356e+20
858,-1.6371e+20
859,-1.6372e+20
860,-1.6374e+20
861,-1.6374e+20
862,-1.638e+20
863,-1.6384e+20
864,-1.6388e+20
865,-1.6394e+20
866,-1.6395e+20
867,-1.6397e+20
868,-1.6403e+20
869,-1.6408e+20
870,-1.6419e+20
871,-1.642e+20
872,-1.6424e+20
3064,-1.6428e+20
873,-1.6437e+20
874,-1.6443e+20
5509,-1.6445e+20
875,-1.6458e+20
876,-1.6473e+20
877,-1.6475e+20
878,-1.6482e+20
879,-1.6487e+20
880,-1.6488e+20
881,-1.6499e+20
882,-1.65e+20
883,-1.6503e+20
4752,-1.6504e+20
884,-1.651e+20
885,-1.6519e+20
886,-1.6521e+20
887,-1.6522e+20
888,-1.6527e+20
889,-1.6537e+20
890,-1.6542e+20
891,-1.6543e+20
892,-1.6554e+20
893,-1.6561e+20
894,-1.6566e+20
895,-1.6581e+20
896,-1.6591e+20
897,-1.6597e+20
898,-1.6598e+20
899,-1.6605e+20
900,-1.6607e+20
901,-1.6608e+20
902,-1.6614e+20
903,-1.6626e+20
904,-1.6635e+20
905,-1.664e+20
906,-1.665e+20
907,-1.6663e+20
908,-1.6667e+20
909,-1.6672e+20
910,-1.6681e+20
911,-1.6716e+20
912,-1.672e+20
913,-1.6723e+20
914,-1.6731e+20
915,-1.675e+20
916,-1.6754e+20
2612,-1.6764e+20
917,-1.6779e+20
3997,-1.6785e+20
918,-1.6793e+20
919,-1.6795e+20
3295,-1.68e+20
4058,-1.6803e+20
5075,-1.6806e+20
920,-1.6812e+20
921,-1.6815e+20
922,-1.6816e+20
923,-1.6844e+20
924,-1.6851e+20
925,-1.6851e+20
926,-1.6861e+20
927,-1.6866e+20
928,-1.6868e+20
929,-1.6874e+20
930,-1.6883e+20
931,-1.689e+20
932,-1.6895e+20
933,-1.6906e+20
2924,-1.6908e+20
934,-1.6911e+20
935,-1.6918e+20
936,-1.6926e+20
937,-1.6934e+20
938,-1.6936e+20
3403,-1.6958e+20
939,-1.6959e+20
940,-1.6973e+20
941,-1.6982e+20
942,-1.6991e+20
943,-1.7001e+20
944,-1.7001e+20
945,-1.7005e+20
5118,-1.7007e+20
946,-1.7008e+20
3065,-1.7017e+20
947,-1.702e+20
948,-1.7028e+20
949,-1.7036e+20
950,-1.7044e+20
951,-1.7046e+20
952,-1.706e+20
953,-1.7064e+20
954,-1.7065e+20
5559,-1.7073e+20
5089,-1.7094e+20
4368,-1.7095e+20
955,-1.7106e+20
956,-1.7107e+20
957,-1.7113e+20
958,-1.7116e+20
959,-1.7131e+20
960,-1.7135e+20
961,-1.7137e+20
962,-1.7147e+20
963,-1.7149e+20
964,-1.715e+20
965,-1.7158e+20
966,-1.7174e+20
967,-1.7178e+20
968,-1.7193e+20
4740,-1.72e+20
969,-1.7205e+20
970,-1.7215e+20
971,-1.7225e+20
4201,-1.7236e+20
3401,-1.7246e+20
972,-1.7264e+20
973,-1.7268e+20
974,-1.7273e+20
2551,-1.7273e+20
975,-1.7293e+20
976,-1.7293e+20
977,-1.734e+20
978,-1.7345e+20
979,-1.7361e+20
980,-1.7365e+20
981,-1.7373e+20
982,-1.7375e+20
983,-1.7377e+20
984,-1.7385e+20
985,-1.7391e+20
986,-1.7404e+20
2314,-1.7417e+20
987,-1.7428e+20
988,-1.7429e+20
989,-1.7429e+20
990,-1.7441e+20
991,-1.7462e+20
992,-1.7468e+20
993,-1.7476e+20
994,-1.7514e+20
995,-1.7525e+20
996,-1.7529e+20
997,-1.7537e+20
998,-1.7537e+20
3171,-1.7552e+20
4632,-1.7561e+20
999,-1.7581e+20
1000,-1.7584e+20
1001,-1.759e+20
3675,-1.7595e+20
1002,-1.7596e+20
1003,-1.7596e+20
1004,-1.7597e+20
5503,-1.7602e+20
2609,-1.7613e+20
1005,-1.7613e+20
1006,-1.7622e+20
1007,-1.7634e+20
3108,-1.7643e+20
1008,-1.7656e+20
1009,-1.7676e+20
1010,-1.7681e+20
1011,-1.7692e+20
1012,-1.7693e+20
1013,-1.7705e+20
1014,-1.7708e+20
1015,-1.771e+20
1016,-1.7715e+20
1017,-1.7729e+20
1018,-1.7734e+20
1019,-1.7742e+20
1020,-1.7742e+20
1021,-1.7753e+20
1022,-1.7753e+20
1023,-1.7757e+20
1024,-1.7767e+20
1025,-1.7774e+20
5376,-1.7786e+20
1026,-1.7788e+20
1027,-1.7794e+20
1028,-1.7804e+20
1029,-1.7828e+20
1030,-1.7842e+20
1031,-1.785e+20
1032,-1.7854e+20
1033,-1.7873e+20
1034,-1.7874e+20
1035,-1.7875e+20
1036,-1.7895e+20
1037,-1.7898e+20
1038,-1.7901e+20
1039,-1.7911e+20
1040,-1.7931e+20
1041,-1.7943e+20
1042,-1.7945e+20
1043,-1.7947e+20
1044,-1.7952e+20
1045,-1.7957e+20
1046,-1.796e+20
1047,-1.7978e+20
1048,-1.7982e+20
1049,-1.7996e+20
1050,-1.8012e+20
5241,-1.8018e+20
1051,-1.8032e+20
1052,-1.8035e+20
1053,-1.8051e+20
4543,-1.8072e+20
3652,-1.808e+20
1054,-1.8124e+20
1055,-1.8124e+20
2898,-1.8126e+20
1056,-1.813e+20
1057,-1.8133e+20
1058,-1.8135e+20
1059,-1.8139e+20
1060,-1.8139e+20
1061,-1.815e+20
1062,-1.8151e+20
4159,-1.8162e+20
1063,-1.8174e+20
1064,-1.8181e+20
1065,-1.8182e+20
1066,-1.8184e+20
1067,-1.8194e+20
1068,-1.8199e+20
1069,-1.8206e+20
2962,-1.8219e+20
1070,-1.8226e+20
1071,-1.8242e+20
4606,-1.8257e+20
1072,-1.826e+20
1073,-1.8263e+20
4564,-1.8269e+20
1074,-1.8275e+20
1075,-1.8275e+20
1076,-1.8294e+20
4402,-1.8297e+20
1077,-1.8317e+20
3882,-1.8318e+20
1078,-1.8327e+20
1079,-1.8327e+20
1080,-1.8363e+20
1081,-1.8364e+20
1082,-1.8375e+20
1083,-1.8375e+20
1084,-1.8381e+20
1085,-1.8401e+20
1086,-1.8403e+20
1087,-1.8405e+20
1088,-1.841e+20
1089,-1.8412e+20
1090,-1.8419e+20
1091,-1.8441e+20
1092,-1.8444e+20
1093,-1.8446e+20
1094,-1.8452e+20
1095,-1.8459e+20
1096,-1.8473e+20
1097,-1.8481e+20
1098,-1.8493e+20
5038,-1.8493e+20
1099,-1.8498e+20
1100,-1.8499e+20
1101,-1.8504e+20
4793,-1.8517e+20
1102,-1.8527e+20
1103,-1.8535e+20
1104,-1.8536e+20
1105,-1.8548e+20
1106,-1.8556e+20
1107,-1.8562e+20
1108,-1.8586e+20
5452,-1.8587e+20
2369,-1.8589e+20
1109,-1.8591e+20
1110,-1.8602e+20
1111,-1.8604e+20
2514,-1.8609e+20
1112,-1.8609e+20
1113,-1.8611e+20
1114,-1.8612e+20
1115,-1.8624e+20
1116,-1.8626e+20
1117,-1.866e+20
1118,-1.8663e+20
1119,-1.868e+20
1120,-1.868e+20
1121,-1.868e+20
1122,-1.8683e+20
1123,-1.8691e+20
1124,-1.8696e+20
1125,-1.8698e+20
4358,-1.8706e+20
1126,-1.8709e+20
1127,-1.8712e+20
1128,-1.872e+20
5522,-1.8728e+20
1129,-1.873e+20
1130,-1.8738e+20
4051,-1.8741e+20
1131,-1.8752e+20
1132,-1.876e+20
1133,-1.8762e+20
1134,-1.877e+20
1135,-1.8775e+20
1136,-1.8787e+20
1137,-1.8796e+20
1138,-1.8797e+20
5264,-1.8799e+20
1139,-1.8799e+20
1140,-1.8808e+20
2373,-1.8808e+20
3973,-1.8816e+20
1141,-1.8817e+20
5262,-1.884e+20
1142,-1.8841e+20
1143,-1.8841e+20
2664,-1.8843e+20
1144,-1.8855e+20
1145,-1.8878e+20
1146,-1.8893e+20
1147,-1.8901e+20
1148,-1.8909e+20
4522,-1.8912e+20
4287,-1.8914e+20
1149,-1.8944e+20
1150,-1.8954e+20
1151,-1.8959e+20
1152,-1.8961e+20
1153,-1.8966e+20
1154,-1.898e+20
1155,-1.8992e+20
1156,-1.9017e+20
1157,-1.9017e+20
1158,-1.9019e+20
1159,-1.903e+20
1160,-1.903e+20
5338,-1.903e+20
1161,-1.9041e+20
1162,-1.9041e+20
1163,-1.9057e+20
1164,-1.9072e+20
1165,-1.9078e+20
1166,-1.9095e+20
1167,-1.9096e+20
1168,-1.9105e+20
1169,-1.912e+20
1170,-1.9134e+20
1171,-1.9139e+20
1172,-1.9142e+20
1173,-1.9172e+20
4637,-1.9174e+20
1174,-1.9175e+20
1175,-1.9183e+20
1176,-1.9188e+20
3885,-1.9193e+20
1177,-1.9204e+20
1178,-1.9207e+20
1179,-1.9207e+20
1180,-1.921e+20
4426,-1.9211e+20
1181,-1.9216e+20
1182,-1.9224e+20
4003,-1.9234e+20
1183,-1.9253e+20
1184,-1.926e+20
1185,-1.926e+20
1186,-1.9271e+20
1187,-1.9286e+20
1188,-1.9289e+20
1189,-1.9294e+20
1190,-1.9306e+20
2247,-1.9307e+20
2318,-1.9322e+20
3371,-1.9333e+20
1191,-1.9339e+20
1192,-1.9347e+20
1193,-1.9374e+20
1194,-1.9378e+20
1195,-1.9381e+20
1196,-1.9395e+20
1197,-1.9402e+20
1198,-1.9405e+20
1199,-1.9411e+20
1200,-1.9411e+20
1201,-1.9426e+20
1202,-1.9432e+20
1203,-1.9446e+20
3566,-1.9454e+20
1204,-1.9461e+20
5422,-1.9463e+20
1205,-1.948e+20
3507,-1.9483e+20
3422,-1.9486e+20
1206,-1.9497e+20
1207,-1.9513e+20
1208,-1.952e+20
4067,-1.9522e+20
1209,-1.9526e+20
1210,-1.9541e+20
1211,-1.9543e+20
1212,-1.9546e+20
1213,-1.9552e+20
1214,-1.9552e+20
1215,-1.9556e+20
1216,-1.9574e+20
1217,-1.9574e+20
5521,-1.9577e+20
1218,-1.9585e+20
1219,-1.9594e+20
1220,-1.9607e+20
1221,-1.9616e+20
1222,-1.9623e+20
1223,-1.9624e+20
1224,-1.9644e+20
1225,-1.9644e+20
2454,-1.9656e+20
1226,-1.9686e+20
1227,-1.9696e+20
2308,-1.9701e+20
1228,-1.9707e+20
1229,-1.9714e+20
1230,-1.9719e+20
1231,-1.9722e+20
1232,-1.9726e+20
1233,-1.9733e+20
1234,-1.9742e+20
2770,-1.9759e+20
4138,-1.976e+20
4629,-1.9767e+20
1235,-1.9777e+20
1236,-1.9791e+20
1237,-1.9806e+20
1238,-1.981e+20
1239,-1.9825e+20
1240,-1.9828e+20
1241,-1.9831e+20
1242,-1.9832e+20
1243,-1.9836e+20
1244,-1.9844e+20
1245,-1.9866e+20
1246,-1.9871e+20
3522,-1.9885e+20
1247,-1.9901e+20
1248,-1.9905e+20
1249,-1.9926e+20
1250,-1.9934e+20
1251,-1.9937e+20
1252,-1.9937e+20
1253,-1.9951e+20
1254,-1.9965e+20
1255,-1.9993e+20
1256,-2.0008e+20
1257,-2.0016e+20
1258,-2.0017e+20
3790,-2.002e+20
1259,-2.0028e+20
1260,-2.0032e+20
1261,-2.0041e+20
5328,-2.0045e+20
1262,-2.0053e+20
1263,-2.0065e+20
1264,-2.0074e+20
1265,-2.0078e+20
5087,-2.0084e+20
1266,-2.0086e+20
1267,-2.0093e+20
1268,-2.01e+20
1269,-2.0103e+20
1270,-2.0108e+20
1271,-2.0113e+20
1272,-2.0114e+20
1273,-2.0147e+20
1274,-2.0152e+20
1275,-2.016e+20
1276,-2.0199e+20
1277,-2.0222e+20
1278,-2.0226e+20
3515,-2.024e+20
1279,-2.0242e+20
1280,-2.0268e+20
1281,-2.0271e+20
4657,-2.028e+20
1282,-2.0282e+20
1283,-2.0288e+20
1284,-2.0298e+20
1285,-2.0316e+20
1286,-2.0319e+20
1287,-2.0324e+20
1288,-2.0333e+20
5282,-2.0335e+20
1289,-2.0338e+20
1290,-2.0341e+20
1291,-2.0347e+20
1292,-2.0354e+20
1293,-2.0358e+20
3398,-2.0366e+20
1294,-2.0368e+20
2828,-2.0394e+20
1295,-2.0406e+20
1296,-2.0407e+20
1297,-2.0409e+20
1298,-2.042e+20
2708,-2.0423e+20
1299,-2.0429e+20
1300,-2.0432e+20
1301,-2.0451e+20
1302,-2.0451e+20
1303,-2.0456e+20
1304,-2.0456e+20
1305,-2.0466e+20
1306,-2.0475e+20
1307,-2.0484e+20
1308,-2.0485e+20
1309,-2.0488e+20
1310,-2.049e+20
1311,-2.0493e+20
1312,-2.0495e+20
1313,-2.0496e+20
1314,-2.0517e+20
1315,-2.0528e+20
1316,-2.0529e+20
3569,-2.0534e+20
1317,-2.0539e+20
1318,-2.0544e+20
1319,-2.0562e+20
1320,-2.0565e+20
2803,-2.0567e+20
1321,-2.057e+20
1322,-2.0601e+20
1323,-2.0602e+20
1324,-2.0617e+20
1325,-2.0632e+20
1326,-2.064e+20
5474,-2.065e+20
1327,-2.0655e+20
1328,-2.0663e+20
1329,-2.0679e+20
1330,-2.0681e+20
1331,-2.0691e+20
3175,-2.0692e+20
4527,-2.0712e+20
1332,-2.0714e+20
1333,-2.0723e+20
1334,-2.0731e+20
1335,-2.0745e+20
1336,-2.0761e+20
1337,-2.0768e+20
2648,-2.0783e+20
1338,-2.0796e+20
1339,-2.081e+20
1340,-2.0825e+20
1341,-2.0836e+20
1342,-2.0847e+20
1343,-2.0851e+20
1344,-2.0856e+20
1345,-2.0878e+20
3873,-2.0882e+20
1346,-2.09e+20
1347,-2.0901e+20
5469,-2.0917e+20
1348,-2.0922e+20
1349,-2.0933e+20
1350,-2.0933e+20
1351,-2.0939e+20
1352,-2.0948e+20
1353,-2.0958e+20
1354,-2.0988e+20
1355,-2.0995e+20
1356,-2.1012e+20
1357,-2.1014e+20
1358,-2.1021e+20
1359,-2.103e+20
1360,-2.104e+20
4300,-2.1051e+20
3960,-2.1065e+20
1361,-2.1074e+20
1362,-2.1085e+20
1363,-2.1089e+20
1364,-2.1102e+20
1365,-2.1103e+20
1366,-2.1107e+20
1367,-2.1114e+20
1368,-2.1126e+20
3176,-2.113e+20
1369,-2.114e+20
1370,-2.1168e+20
1371,-2.1175e+20
1372,-2.1185e+20
5245,-2.1186e+20
1373,-2.121e+20
1374,-2.1212e+20
1375,-2.1219e+20
1376,-2.1222e+20
1377,-2.123e+20
1378,-2.1245e+20
1379,-2.1259e+20
1380,-2.1279e+20
1381,-2.128e+20
1382,-2.1288e+20
1383,-2.1296e+20
1384,-2.1304e+20
1385,-2.1306e+20
2540,-2.1316e+20
1386,-2.1317e+20
1387,-2.1317e+20
1388,-2.1323e+20
1389,-2.1332e+20
1390,-2.1334e+20
1391,-2.134e+20
4788,-2.1348e+20
3746,-2.1351e+20
1392,-2.1357e+20
5209,-2.1358e+20
1393,-2.1435e+20
1394,-2.1436e+20
3466,-2.1456e+20
1395,-2.1462e+20
1396,-2.1462e+20
4499,-2.1495e+20
1397,-2.1498e+20
1398,-2.15e+20
1399,-2.1501e+20
2348,-2.1501e+20
1400,-2.1509e+20
1401,-2.1511e+20
3236,-2.1518e+20
2531,-2.1527e+20
3458,-2.1536e+20
1402,-2.154e+20
1403,-2.1541e+20
1404,-2.1548e+20
1405,-2.1549e+20
1406,-2.157e+20
1407,-2.157e+20
1408,-2.1597e+20
1409,-2.16e+20
1410,-2.1637e+20
1411,-2.1648e+20
1412,-2.1658e+20
1413,-2.1664e+20
1414,-2.1668e+20
1415,-2.1694e+20
1416,-2.17e+20
1417,-2.17e+20
5394,-2.1706e+20
1418,-2.1714e+20
1419,-2.1721e+20
1420,-2.1724e+20
1421,-2.1728e+20
1422,-2.1741e+20
1423,-2.1753e+20
1424,-2.1764e+20
1425,-2.1793e+20
1426,-2.1793e+20
3100,-2.1804e+20
1427,-2.1805e+20
4804,-2.182e+20
1428,-2.1822e+20
1429,-2.1827e+20
1430,-2.1856e+20
3579,-2.1875e+20
1431,-2.1877e+20
4530,-2.1886e+20
1432,-2.1895e+20
1433,-2.1906e+20
1434,-2.1921e+20
1435,-2.1938e+20
3068,-2.1939e+20
1436,-2.1942e+20
1437,-2.1963e+20
4766,-2.1981e+20
1438,-2.1984e+20
1439,-2.199e+20
1440,-2.2003e+20
1441,-2.2029e+20
1442,-2.2041e+20
1443,-2.2056e+20
1444,-2.2065e+20
1445,-2.2068e+20
3834,-2.2073e+20
1446,-2.2076e+20
1447,-2.2083e+20
1448,-2.2088e+20
1449,-2.2106e+20
1450,-2.2115e+20
5400,-2.2116e+20
1451,-2.2118e+20
1452,-2.2129e+20
1453,-2.2142e+20
2998,-2.2145e+20
3880,-2.2149e+20
5024,-2.2159e+20
1454,-2.216e+20
1455,-2.2167e+20
1456,-2.2183e+20
1457,-2.2207e+20
1458,-2.2209e+20
1459,-2.2214e+20
1460,-2.2231e+20
1461,-2.2239e+20
1462,-2.2248e+20
1463,-2.2266e+20
1464,-2.2275e+20
1465,-2.2277e+20
1466,-2.2279e+20
1467,-2.2283e+20
1468,-2.2291e+20
1469,-2.2302e+20
1470,-2.2302e+20
1471,-2.2303e+20
4843,-2.2316e+20
1472,-2.2342e+20
1473,-2.2355e+20
1474,-2.2356e+20
1475,-2.2371e+20
2414,-2.2377e+20
1476,-2.2384e+20
1477,-2.2388e+20
1478,-2.2396e+20
1479,-2.2403e+20
1480,-2.2424e+20
1481,-2.2424e+20
4672,-2.2427e+20
3958,-2.2451e+20
1482,-2.2462e+20
1483,-2.2465e+20
1484,-2.2477e+20
1485,-2.2494e+20
1486,-2.2502e+20
1487,-2.252e+20
5063,-2.2558e+20
1488,-2.2559e+20
1489,-2.2561e+20
1490,-2.2568e+20
1491,-2.2573e+20
1492,-2.258e+20
1493,-2.2583e+20
1494,-2.2589e+20
1495,-2.259e+20
2472,-2.2593e+20
1496,-2.2611e+20
1497,-2.2614e+20
1498,-2.2617e+20
1499,-2.2641e+20
1500,-2.2649e+20
1501,-2.2655e+20
1502,-2.2676e+20
1503,-2.2705e+20
1504,-2.2714e+20
1505,-2.2723e+20
1506,-2.2728e+20
1507,-2.2758e+20
1508,-2.2766e+20
1509,-2.2776e+20
1510,-2.278e+20
1511,-2.2785e+20
1512,-2.2793e+20
3578,-2.2816e+20
1513,-2.2821e+20
1514,-2.2824e+20
1515,-2.2845e+20
1516,-2.2857e+20
1517,-2.2865e+20
1518,-2.287e+20
1519,-2.2876e+20
1520,-2.2895e+20
1521,-2.2914e+20
1522,-2.2926e+20
1523,-2.2929e+20
1524,-2.294e+20
1525,-2.2954e+20
1526,-2.297e+20
1527,-2.2977e+20
1528,-2.2986e+20
3222,-2.3004e+20
1529,-2.3012e+20
1530,-2.3013e+20
1531,-2.3021e+20
1532,-2.3031e+20
1533,-2.3033e+20
1534,-2.3062e+20
4682,-2.3071e+20
1535,-2.3076e+20
1536,-2.3078e+20
1537,-2.3084e+20
1538,-2.3096e+20
1539,-2.3099e+20
1540,-2.31e+20
1541,-2.3101e+20
1542,-2.3104e+20
1543,-2.312e+20
1544,-2.3121e+20
1545,-2.3124e+20
1546,-2.3129e+20
1547,-2.316e+20
1548,-2.3166e+20
1549,-2.3179e+20
2645,-2.3184e+20
1550,-2.319e+20
1551,-2.3195e+20
1552,-2.3202e+20
1553,-2.3206e+20
1554,-2.3207e+20
1555,-2.3221e+20
1556,-2.3223e+20
1557,-2.3248e+20
1558,-2.3249e+20
1559,-2.3258e+20
1560,-2.3284e+20
1561,-2.3287e+20
1562,-2.3288e+20
1563,-2.3301e+20
1564,-2.3317e+20
1565,-2.3318e+20
1566,-2.3321e+20
1567,-2.3331e+20
1568,-2.3335e+20
1569,-2.3367e+20
1570,-2.3367e+20
3957,-2.3376e+20
1571,-2.3383e+20
1572,-2.3386e+20
1573,-2.3394e+20
1574,-2.34e+20
1575,-2.34e+20
1576,-2.3409e+20
1577,-2.3431e+20
1578,-2.3436e+20
4531,-2.3454e+20
1579,-2.3458e+20
1580,-2.3478e+20
1581,-2.3495e+20
4382,-2.3503e+20
1582,-2.3509e+20
1583,-2.3517e+20
1584,-2.3522e+20
1585,-2.3526e+20
3454,-2.353e+20
1586,-2.3541e+20
1587,-2.3543e+20
1588,-2.3543e+20
1589,-2.3554e+20
1590,-2.3571e+20
1591,-2.3575e+20
1592,-2.358e+20
1593,-2.3582e+20
3439,-2.3583e+20
1594,-2.3587e+20
1595,-2.3592e+20
1596,-2.3592e+20
1597,-2.3595e+20
1598,-2.3599e+20
3313,-2.3603e+20
1599,-2.3604e+20
1600,-2.3611e+20
1601,-2.3615e+20
1602,-2.3618e+20
1603,-2.3631e+20
1604,-2.3663e+20
3396,-2.368e+20
1605,-2.3682e+20
1606,-2.3697e+20
1607,-2.3697e+20
3307,-2.3702e+20
1608,-2.3709e+20
1609,-2.3709e+20
1610,-2.3718e+20
2593,-2.3728e+20
1611,-2.3736e+20
1612,-2.374e+20
3277,-2.3748e+20
1613,-2.3763e+20
1614,-2.3765e+20
1615,-2.3769e+20
5510,-2.377e+20
1616,-2.3781e+20
1617,-2.3827e+20
1618,-2.3835e+20
1619,-2.3848e+20
1620,-2.3848e+20
5032,-2.3851e+20
1621,-2.3862e+20
2699,-2.3863e+20
1622,-2.3866e+20
1623,-2.3873e+20
1624,-2.3882e+20
1625,-2.3887e+20
1626,-2.3905e+20
1627,-2.3907e+20
3898,-2.391e+20
1628,-2.3915e+20
1629,-2.3921e+20
1630,-2.3944e+20
1631,-2.3945e+20
1632,-2.3948e+20
1633,-2.3966e+20
1634,-2.3972e+20
1635,-2.399e+20
2596,-2.3992e+20
1636,-2.4001e+20
1637,-2.4005e+20
1638,-2.4007e+20
1639,-2.4007e+20
1640,-2.4014e+20
1641,-2.4026e+20
1642,-2.4038e+20
1643,-2.4044e+20
1644,-2.4044e+20
2891,-2.4062e+20
1645,-2.4065e+20
1646,-2.4101e+20
1647,-2.4102e+20
2694,-2.4116e+20
1648,-2.4123e+20
1649,-2.4127e+20
1650,-2.4129e+20
5151,-2.4131e+20
1651,-2.4132e+20
1652,-2.4136e+20
1653,-2.4141e+20
1654,-2.4182e+20
1655,-2.4198e+20
4021,-2.4207e+20
1656,-2.4208e+20
1657,-2.4209e+20
1658,-2.421e+20
4721,-2.4211e+20
1659,-2.4256e+20
1660,-2.4264e+20
1661,-2.4267e+20
1662,-2.4274e+20
1663,-2.4275e+20
1664,-2.4288e+20
1665,-2.4289e+20
1666,-2.429e+20
1667,-2.4291e+20
1668,-2.4292e+20
1669,-2.4301e+20
1670,-2.4315e+20
1671,-2.4335e+20
1672,-2.4368e+20
1673,-2.4398e+20
1674,-2.4399e+20
1675,-2.4399e+20
1676,-2.4412e+20
1677,-2.4424e+20
1678,-2.4427e+20
1679,-2.4439e+20
1680,-2.4449e+20
1681,-2.4454e+20
1682,-2.4472e+20
1683,-2.4493e+20
1684,-2.4494e+20
1685,-2.4503e+20
1686,-2.4504e+20
1687,-2.4507e+20
4989,-2.4533e+20
5021,-2.4536e+20
1688,-2.4549e+20
1689,-2.4551e+20
1690,-2.4559e+20
1691,-2.4567e+20
1692,-2.4568e+20
1693,-2.4576e+20
4030,-2.4598e+20
1694,-2.4608e+20
1695,-2.4628e+20
1696,-2.4632e+20
1697,-2.465e+20
1698,-2.4653e+20
1699,-2.4677e+20
1700,-2.4681e+20
1701,-2.4698e+20
1702,-2.4706e+20
1703,-2.4715e+20
1704,-2.4722e+20
1705,-2.4728e+20
1706,-2.4732e+20
2332,-2.4735e+20
4993,-2.4745e+20
5259,-2.4752e+20
5549,-2.4754e+20
1707,-2.4758e+20
1708,-2.4762e+20
1709,-2.4769e+20
1710,-2.4773e+20
1711,-2.4784e+20
1712,-2.4863e+20
1713,-2.4879e+20
1714,-2.4909e+20
2984,-2.4919e+20
1715,-2.4926e+20
1716,-2.4941e+20
1717,-2.4941e+20
1718,-2.4946e+20
1719,-2.4947e+20
2526,-2.4962e+20
1720,-2.4973e+20
1721,-2.4975e+20
1722,-2.4979e+20
1723,-2.4984e+20
1724,-2.5003e+20
1725,-2.5013e+20
1726,-2.5054e+20
1727,-2.5056e+20
3865,-2.5064e+20
2402,-2.5084e+20
1728,-2.5089e+20
1729,-2.5111e+20
1730,-2.5117e+20
1731,-2.5122e+20
1732,-2.5127e+20
1733,-2.5147e+20
4645,-2.5169e+20
1734,-2.5174e+20
1735,-2.5176e+20
1736,-2.5178e+20
3795,-2.52e+20
1737,-2.5207e+20
1738,-2.5221e+20
1739,-2.5222e+20
1740,-2.5226e+20
1741,-2.5227e+20
1742,-2.5228e+20
1743,-2.5229e+20
3527,-2.5262e+20
1744,-2.5278e+20
1745,-2.5281e+20
4913,-2.5282e+20
1746,-2.5289e+20
1747,-2.5291e+20
1748,-2.5298e+20
1749,-2.5313e+20
1750,-2.5316e+20
1751,-2.5318e+20
1752,-2.5319e+20
1753,-2.5358e+20
1754,-2.5372e+20
1755,-2.5378e+20
1756,-2.5401e+20
5481,-2.5413e+20
1757,-2.5419e+20
1758,-2.5436e+20
2775,-2.5446e+20
1759,-2.5454e+20
4859,-2.549e+20
1760,-2.5514e+20
5430,-2.5527e+20
1761,-2.5529e+20
1762,-2.5542e+20
1763,-2.5559e+20
1764,-2.5565e+20
5080,-2.5575e+20
1765,-2.5578e+20
1766,-2.5579e+20
2673,-2.5607e+20
1767,-2.5608e+20
1768,-2.5626e+20
1769,-2.5634e+20
1770,-2.565e+20
1771,-2.5658e+20
1772,-2.5661e+20
1773,-2.567e+20
1774,-2.5682e+20
1775,-2.5695e+20
1776,-2.5697e+20
1777,-2.5701e+20
1778,-2.5716e+20
1779,-2.5724e+20
1780,-2.5725e+20
1781,-2.5743e+20
1782,-2.5746e+20
1783,-2.5749e+20
1784,-2.5759e+20
1785,-2.5803e+20
1786,-2.584e+20
1787,-2.5848e+20
1788,-2.5848e+20
1789,-2.5851e+20
1790,-2.5877e+20
1791,-2.5908e+20
4294,-2.5913e+20
1792,-2.5916e+20
1793,-2.5929e+20
2362,-2.594e+20
3741,-2.5953e+20
1794,-2.5978e+20
1795,-2.5978e+20
1796,-2.5985e+20
5342,-2.5998e+20
1797,-2.6011e+20
1798,-2.6022e+20
1799,-2.6053e+20
3754,-2.6058e+20
1800,-2.606e+20
3423,-2.6065e+20
1801,-2.6066e+20
2771,-2.608e+20
1802,-2.6085e+20
1803,-2.6093e+20
1804,-2.6151e+20
1805,-2.6155e+20
1806,-2.6164e+20
1807,-2.6164e+20
1808,-2.6174e+20
1809,-2.6183e+20
1810,-2.6183e+20
1811,-2.6185e+20
1812,-2.6212e+20
1813,-2.6214e+20
1814,-2.6218e+20
1815,-2.6232e+20
1816,-2.6239e+20
1817,-2.629e+20
1818,-2.6293e+20
1819,-2.6301e+20
1820,-2.6316e+20
1821,-2.6319e+20
1822,-2.6342e+20
3745,-2.6355e+20
1823,-2.6394e+20
1824,-2.6397e+20
1825,-2.6417e+20
1826,-2.6448e+20
1827,-2.6466e+20
1828,-2.6469e+20
1829,-2.6504e+20
1830,-2.6505e+20
3680,-2.652e+20
1831,-2.6553e+20
1832,-2.6555e+20
1833,-2.6599e+20
1834,-2.6603e+20
1835,-2.6616e+20
1836,-2.6625e+20
1837,-2.6627e+20
1838,-2.6642e+20
4126,-2.6671e+20
1839,-2.6679e+20
1840,-2.6682e+20
1841,-2.6688e+20
5135,-2.6703e+20
1842,-2.6705e+20
1843,-2.6711e+20
4577,-2.6722e+20
1844,-2.6743e+20
1845,-2.675e+20
1846,-2.6769e+20
1847,-2.6778e+20
1848,-2.6785e+20
1849,-2.6793e+20
1850,-2.6799e+20
1851,-2.68e+20
1852,-2.6803e+20
1853,-2.6841e+20
1854,-2.6842e+20
1855,-2.6856e+20
1856,-2.6881e+20
1857,-2.6889e+20
1858,-2.69e+20
1859,-2.6908e+20
1860,-2.6939e+20
1861,-2.694e+20
2622,-2.6946e+20
1862,-2.698e+20
1863,-2.6994e+20
1864,-2.7006e+20
1865,-2.7009e+20
1866,-2.7016e+20
4495,-2.7046e+20
1867,-2.7059e+20
1868,-2.7076e+20
1869,-2.7081e+20
5387,-2.7082e+20
1870,-2.7096e+20
5041,-2.7102e+20
1871,-2.7119e+20
1872,-2.7127e+20
1873,-2.7143e+20
1874,-2.7145e+20
1875,-2.7188e+20
1876,-2.719e+20
1877,-2.7202e+20
1878,-2.721e+20
1879,-2.7215e+20
1880,-2.7238e+20
1881,-2.7281e+20
3229,-2.729e+20
1882,-2.7306e+20
1883,-2.7314e+20
1884,-2.7317e+20
1885,-2.7331e+20
1886,-2.7338e+20
5046,-2.7403e+20
1887,-2.7416e+20
4533,-2.742e+20
1888,-2.7449e+20
1889,-2.7464e+20
3846,-2.7475e+20
1890,-2.7485e+20
1891,-2.7487e+20
1892,-2.7512e+20
1893,-2.7543e+20
1894,-2.7549e+20
1895,-2.7571e+20
1896,-2.7583e+20
1897,-2.7606e+20
1898,-2.7608e+20
1899,-2.7615e+20
2625,-2.7621e+20
4191,-2.7631e+20
1900,-2.7657e+20
1901,-2.7684e+20
5016,-2.7705e+20
1902,-2.7712e+20
1903,-2.7717e+20
1904,-2.7721e+20
1905,-2.7727e+20
1906,-2.7738e+20
1907,-2.7745e+20
1908,-2.7746e+20
1909,-2.7751e+20
1910,-2.7752e+20
1911,-2.7767e+20
5425,-2.7783e+20
1912,-2.7789e+20
1913,-2.7803e+20
1914,-2.7814e+20
1915,-2.782e+20
1916,-2.7836e+20
1917,-2.7842e+20
1918,-2.7853e+20
1919,-2.7856e+20
4842,-2.7858e+20
1920,-2.7868e+20
1921,-2.7871e+20
1922,-2.7874e+20
1923,-2.7887e+20
1924,-2.7893e+20
1925,-2.7909e+20
1926,-2.7911e+20
1927,-2.7915e+20
4602,-2.7927e+20
2393,-2.7933e+20
5379,-2.7955e+20
5555,-2.799e+20
1928,-2.8e+20
1929,-2.8031e+20
1930,-2.8041e+20
1931,-2.8057e+20
1932,-2.8069e+20
1933,-2.8118e+20
4131,-2.8134e+20
1934,-2.8152e+20
1935,-2.8167e+20
5171,-2.8167e+20
1936,-2.8172e+20
1937,-2.8184e+20
1938,-2.8187e+20
1939,-2.8189e+20
1940,-2.8252e+20
1941,-2.8258e+20
1942,-2.8276e+20
1943,-2.8279e+20
1944,-2.8287e+20
1945,-2.8288e+20
1946,-2.8289e+20
1947,-2.8302e+20
2885,-2.8324e+20
4818,-2.8325e+20
1948,-2.8338e+20
1949,-2.8361e+20
1950,-2.8366e+20
1951,-2.8376e+20
1952,-2.8388e+20
1953,-2.8454e+20
1954,-2.846e+20
1955,-2.8491e+20
1956,-2.8517e+20
1957,-2.8523e+20
1958,-2.8545e+20
1959,-2.8551e+20
3199,-2.8563e+20
1960,-2.8572e+20
1961,-2.8572e+20
1962,-2.8586e+20
1963,-2.8598e+20
1964,-2.861e+20
1965,-2.8616e+20
1966,-2.8624e+20
1967,-2.8633e+20
1968,-2.8635e+20
1969,-2.8639e+20
3367,-2.8646e+20
1970,-2.8646e+20
1971,-2.8647e+20
1972,-2.8651e+20
1973,-2.8658e+20
1974,-2.8665e+20
1975,-2.8686e+20
2381,-2.8687e+20
1976,-2.8691e+20
1977,-2.871e+20
1978,-2.872e+20
1979,-2.8727e+20
1980,-2.8782e+20
1981,-2.8785e+20
1982,-2.8787e+20
1983,-2.8804e+20
1984,-2.8806e+20
1985,-2.8825e+20
1986,-2.8832e+20
1987,-2.8843e+20
3785,-2.8846e+20
1988,-2.886e+20
1989,-2.8891e+20
2513,-2.8912e+20
1990,-2.8933e+20
1991,-2.8944e+20
1992,-2.8947e+20
5202,-2.8988e+20
1993,-2.8989e+20
1994,-2.8991e+20
1995,-2.8992e+20
1996,-2.9007e+20
3168,-2.9024e+20
1997,-2.9034e+20
1998,-2.9053e+20
3618,-2.9061e+20
1999,-2.9067e+20
4104,-2.9097e+20
2000,-2.9128e+20
2001,-2.9136e+20
2002,-2.914e+20
2003,-2.9142e+20
3260,-2.9143e+20
5160,-2.9191e+20
2004,-2.9241e+20
2005,-2.9245e+20
2006,-2.9252e+20
4456,-2.9264e+20
2007,-2.9269e+20
2008,-2.9275e+20
2009,-2.928e+20
2010,-2.9288e+20
2248,-2.9294e+20
2011,-2.93e+20
2012,-2.9301e+20
2013,-2.9329e+20
2014,-2.9336e+20
2015,-2.9361e+20
2016,-2.9367e+20
2017,-2.9381e+20
4063,-2.9386e+20
2018,-2.939e+20
5463,-2.9397e+20
2019,-2.9398e+20
2020,-2.9436e+20
2021,-2.9442e+20
2022,-2.9469e+20
2023,-2.9473e+20
2728,-2.9475e+20
4066,-2.9479e+20
2024,-2.9486e+20
2025,-2.9536e+20
2026,-2.9549e+20
2027,-2.9562e+20
2727,-2.9563e+20
2028,-2.9591e+20
3342,-2.9646e+20
2029,-2.966e+20
2030,-2.9671e+20
2031,-2.9697e+20
2032,-2.9698e+20
3978,-2.9723e+20
2033,-2.9726e+20
2034,-2.9729e+20
2759,-2.9729e+20
2035,-2.9769e+20
2036,-2.9777e+20
2037,-2.9787e+20
2038,-2.9787e+20
5414,-2.9803e+20
2039,-2.9805e+20
2040,-2.9829e+20
2041,-2.9834e+20
2042,-2.9836e+20
5095,-2.9849e+20
2043,-2.9861e+20
2044,-2.9875e+20
2045,-2.9878e+20
2046,-2.9883e+20
2047,-2.9921e+20
2048,-2.9929e+20
2049,-2.993e+20
2050,-2.9945e+20
2051,-2.9948e+20
2052,-2.9977e+20
2053,-2.9978e+20
2054,-2.9981e+20
2055,-2.9984e+20
2056,-2.9984e+20
2525,-2.9994e+20
2057,-3.0001e+20
5356,-3.0014e+20
2058,-3.0017e+20
2059,-3.0025e+20
2685,-3.0027e+20
2060,-3.0028e+20
2061,-3.0029e+20
2062,-3.0041e+20
2063,-3.0047e+20
2064,-3.0072e+20
2065,-3.0075e+20
2066,-3.0079e+20
3215,-3.0082e+20
2067,-3.01e+20
4715,-3.0102e+20
2068,-3.011e+20
2069,-3.017e+20
2070,-3.0174e+20
4948,-3.0182e+20
2071,-3.0191e+20
2072,-3.0197e+20
5234,-3.0203e+20
3429,-3.0211e+20
4825,-3.0231e+20
2073,-3.0249e+20
3197,-3.0252e+20
2074,-3.0258e+20
2075,-3.0265e+20
2076,-3.0276e+20
2077,-3.0278e+20
2078,-3.0288e+20
2079,-3.0295e+20
2080,-3.0333e+20
2081,-3.0338e+20
2082,-3.0352e+20
2083,-3.0387e+20
2084,-3.0395e+20
2949,-3.0407e+20
2085,-3.0417e+20
2086,-3.0423e+20
2087,-3.0444e+20
2088,-3.0483e+20
2089,-3.0485e+20
2090,-3.0489e+20
2091,-3.0519e+20
2092,-3.0522e+20
2093,-3.0532e+20
2094,-3.0535e+20
2095,-3.0545e+20
5139,-3.0553e+20
2096,-3.0582e+20
2097,-3.0587e+20
2098,-3.0588e+20
2099,-3.06e+20
2100,-3.0605e+20
2101,-3.064e+20
2102,-3.0646e+20
2103,-3.065e+20
2104,-3.0672e+20
2105,-3.0676e+20
2106,-3.0691e+20
2107,-3.0706e+20
2108,-3.0722e+20
2109,-3.0732e+20
2110,-3.0733e+20
2111,-3.0749e+20
2112,-3.0757e+20
2113,-3.0791e+20
2114,-3.0792e+20
2115,-3.0794e+20
2116,-3.0804e+20
2117,-3.0818e+20
5281,-3.0827e+20
2118,-3.0861e+20
2119,-3.0863e+20
2120,-3.0864e+20
2121,-3.087e+20
2122,-3.087e+20
2123,-3.0876e+20
2124,-3.088e+20
2125,-3.0895e+20
2126,-3.0896e+20
2127,-3.0896e+20
2128,-3.0918e+20
2129,-3.0942e+20
2130,-3.0946e+20
2131,-3.0952e+20
2132,-3.0954e+20
2133,-3.0955e+20
2134,-3.096e+20
2135,-3.0968e+20
2136,-3.099e+20
2137,-3.0991e+20
2138,-3.1007e+20
2139,-3.1025e+20
2140,-3.1026e+20
2141,-3.1029e+20
2142,-3.1047e+20
2143,-3.1088e+20
2144,-3.109e+20
5436,-3.11e+20
2145,-3.1106e+20
2146,-3.1137e+20
2147,-3.1137e+20
4748,-3.1153e+20
2148,-3.1157e+20
2149,-3.1196e+20
2150,-3.1212e+20
5009,-3.1228e+20
4397,-3.1251e+20
2151,-3.1261e+20
2152,-3.1319e+20
2153,-3.1326e+20
2154,-3.1338e+20
2155,-3.1344e+20
3496,-3.1346e+20
2156,-3.1353e+20
2157,-3.1369e+20
2158,-3.1438e+20
2159,-3.1444e+20
3664,-3.1448e+20
2160,-3.1453e+20
2161,-3.1458e+20
2162,-3.146e+20
2163,-3.1462e+20
2164,-3.1462e+20
2165,-3.1488e+20
3392,-3.1525e+20
3044,-3.1537e+20
2166,-3.1568e+20
3888,-3.1586e+20
2167,-3.1589e+20
2168,-3.1607e+20
2169,-3.1613e+20
2170,-3.1615e+20
2171,-3.1617e+20
2172,-3.1622e+20
2173,-3.1643e+20
2174,-3.1694e+20
4123,-3.1695e+20
5047,-3.1702e+20
5130,-3.1703e+20
2175,-3.1707e+20
2176,-3.1724e+20
4093,-3.175e+20
2177,-3.1764e+20
2178,-3.1767e+20
2179,-3.1786e+20
2180,-3.1806e+20
2181,-3.1814e+20
2182,-3.1831e+20
2183,-3.1853e+20
4148,-3.1889e+20
5484,-3.1894e+20
2184,-3.1897e+20
2185,-3.1917e+20
2186,-3.1929e+20
2187,-3.1931e+20
2188,-3.1937e+20
2189,-3.1953e+20
2190,-3.1967e+20
2191,-3.1968e+20
2192,-3.2007e+20
2193,-3.2013e+20
2710,-3.202e+20
4493,-3.2026e+20
2194,-3.2031e+20
2195,-3.2031e+20
2196,-3.2043e+20
2197,-3.2046e+20
2198,-3.2055e+20
2199,-3.2097e+20
2200,-3.2169e+20
2201,-3.2191e+20
2202,-3.2198e+20
2203,-3.2208e+20
2204,-3.2216e+20
2205,-3.2223e+20
2206,-3.2225e+20
2991,-3.2226e+20
4256,-3.2245e+20
2207,-3.2258e+20
2208,-3.2268e+20
2209,-3.2268e+20
2210,-3.2283e+20
2211,-3.2301e+20
2212,-3.2303e+20
2213,-3.2323e+20
2214,-3.2343e+20
2215,-3.235e+20
2216,-3.2351e+20
2217,-3.2358e+20
2218,-3.237e+20
2219,-3.2375e+20
2220,-3.2381e+20
2221,-3.2405e+20
2222,-3.2407e+20
4540,-3.2419e+20
2223,-3.2421e+20
2224,-3.2437e+20
2869,-3.2444e+20
2225,-3.2479e+20
2226,-3.2511e+20
2227,-3.2526e+20
2228,-3.2528e+20
2229,-3.255e+20
2230,-3.2581e+20
3355,-3.2585e+20
2231,-3.2586e+20
2232,-3.2596e+20
2233,-3.2633e+20
2234,-3.2653e+20
2235,-3.2663e+20
2236,-3.2674e+20
2237,-3.2695e+20
2238,-3.2696e+20
2239,-3.2718e+20
2240,-3.2732e+20
4255,-3.279e+20
3264,-3.2876e+20
2615,-3.2887e+20
5071,-3.296e+20
4673,-3.2991e+20
2935,-3.3041e+20
5578,-3.321e+20
4757,-3.3394e+20
2737,-3.3563e+20
4795,-3.3694e+20
4419,-3.3726e+20
4077,-3.3772e+20
3524,-3.3906e+20
3504,-3.4019e+20
3714,-3.4108e+20
4060,-3.4123e+20
4856,-3.4198e+20
3251,-3.4283e+20
4181,-3.4482e+20
5296,-3.4496e+20
3909,-3.4608e+20
4105,-3.4615e+20
5461,-3.4743e+20
5595,-3.4871e+20
3514,-3.4876e+20
4248,-3.5011e+20
4062,-3.5236e+20
4877,-3.5274e+20
3048,-3.5344e+20
5044,-3.5352e+20
5299,-3.5384e+20
5111,-3.5498e+20
3211,-3.5539e+20
5256,-3.5612e+20
3377,-3.5669e+20
3801,-3.5769e+20
4465,-3.6259e+20
5514,-3.6274e+20
5238,-3.6333e+20
3057,-3.6372e+20
5060,-3.6609e+20
2392,-3.6652e+20
2477,-3.6811e+20
4847,-3.6844e+20
4171,-3.696e+20
5444,-3.7009e+20
4998,-3.7023e+20
5273,-3.7058e+20
3769,-3.7065e+20
5144,-3.7254e+20
3105,-3.741e+20
4995,-3.7533e+20
5104,-3.7849e+20
3828,-3.7858e+20
2707,-3.7916e+20
3576,-3.7942e+20
3360,-3.7977e+20
4680,-3.8226e+20
3552,-3.8305e+20
3209,-3.8397e+20
5163,-3.8476e+20
2629,-3.8514e+20
4284,-3.8646e+20
4224,-3.8652e+20
3635,-3.8714e+20
4695,-3.8724e+20
5497,-3.8796e+20
5198,-3.8808e+20
2543,-3.8894e+20
4598,-3.8981e+20
5407,-3.8999e+20
2568,-3.9108e+20
4498,-3.9324e+20
4719,-3.9393e+20
3626,-3.9404e+20
4967,-3.9425e+20
5167,-3.9607e+20
2584,-3.9637e+20
4087,-3.9692e+20
5244,-3.9788e+20
4946,-3.9859e+20
4742,-4.0177e+20
3917,-4.0206e+20
2902,-4.0215e+20
4569,-4.0248e+20
3648,-4.0315e+20
3961,-4.0363e+20
4089,-4.0545e+20
3282,-4.0584e+20
5499,-4.0677e+20
2895,-4.0825e+20
2243,-4.0888e+20
3329,-4.0913e+20
3879,-4.0917e+20
4345,-4.1108e+20
4850,-4.1326e+20
3500,-4.1402e+20
2574,-4.156e+20
3838,-4.1677e+20
2659,-4.1995e+20
2640,-4.2042e+20
4031,-4.2085e+20
4292,-4.2194e+20
5058,-4.2234e+20
2516,-4.2245e+20
4232,-4.2655e+20
4685,-4.2863e+20
2717,-4.289e+20
4642,-4.312e+20
3433,-4.3442e+20
3146,-4.3588e+20
3122,-4.3613e+20
4515,-4.3639e+20
3901,-4.3692e+20
3770,-4.3755e+20
3611,-4.3923e+20
3602,-4.3976e+20
4921,-4.4033e+20
5588,-4.4057e+20
2490,-4.4098e+20
2716,-4.4265e+20
4321,-4.4315e+20
4935,-4.4472e+20
5524,-4.4566e+20
3768,-4.4622e+20
5473,-4.4694e+20
3603,-4.5189e+20
4785,-4.5269e+20
5581,-4.5385e+20
2819,-4.5395e+20
2263,-4.5493e+20
4768,-4.5825e+20
3249,-4.614e+20
4546,-4.6198e+20
4931,-4.6331e+20
4868,-4.638e+20
4895,-4.6643e+20
5337,-4.6767e+20
3455,-4.6944e+20
2599,-4.6969e+20
3815,-4.7048e+20
4304,-4.7096e+20
4332,-4.7344e+20
5037,-4.7353e+20
4746,-4.7371e+20
5216,-4.7405e+20
3532,-4.742e+20
4594,-4.7502e+20
3253,-4.769e+20
3887,-4.7839e+20
5448,-4.7927e+20
3797,-4.8061e+20
4343,-4.8073e+20
4137,-4.8105e+20
3616,-4.816e+20
3678,-4.8445e+20
2304,-4.8556e+20
3707,-4.8821e+20
5129,-4.902e+20
5074,-4.9079e+20
5003,-4.919e+20
4404,-4.9364e+20
2677,-4.9483e+20
5596,-4.9519e+20
4102,-4.9529e+20
2934,-4.9626e+20
5545,-4.965e+20
3252,-5.0244e+20
4266,-5.0335e+20
2721,-5.0347e+20
3775,-5.04e+20
2618,-5.0459e+20
4690,-5.0494e+20
2465,-5.0579e+20
4165,-5.0584e+20
2821,-5.0716e+20
3415,-5.0783e+20
5097,-5.0787e+20
4212,-5.1097e+20
4118,-5.1283e+20
5318,-5.1316e+20
2270,-5.1417e+20
5506,-5.1436e+20
2839,-5.1461e+20
4802,-5.1516e+20
5309,-5.1579e+20
4728,-5.1658e+20
5466,-5.1675e+20
3702,-5.1962e+20
2831,-5.2043e+20
4576,-5.2343e+20
2613,-5.2553e+20
4447,-5.2638e+20
3601,-5.2665e+20
4188,-5.2914e+20
2628,-5.3071e+20
3683,-5.3097e+20
3326,-5.3417e+20
2736,-5.3586e+20
4764,-5.3773e+20
4022,-5.4087e+20
3399,-5.4129e+20
3080,-5.4268e+20
3079,-5.4742e+20
4415,-5.5144e+20
4044,-5.5624e+20
2554,-5.5652e+20
3883,-5.5762e+20
3545,-5.5837e+20
4534,-5.589e+20
2494,-5.5901e+20
4085,-5.5944e+20
5102,-5.633e+20
3243,-5.6429e+20
4182,-5.6579e+20
3240,-5.6613e+20
4776,-5.6615e+20
5006,-5.6656e+20
3867,-5.6662e+20
3643,-5.683e+20
2818,-5.7075e+20
3732,-5.729e+20
5416,-5.734e+20
3257,-5.7558e+20
4777,-5.7605e+20
3539,-5.7606e+20
4088,-5.7695e+20
4662,-5.7739e+20
5291,-5.7747e+20
3436,-5.7823e+20
2286,-5.8003e+20
4363,-5.8009e+20
4867,-5.8086e+20
4043,-5.8102e+20
3382,-5.8122e+20
5001,-5.8148e+20
4109,-5.8285e+20
3224,-5.8319e+20
3259,-5.8579e+20
5598,-5.8588e+20
2751,-5.8841e+20
2400,-5.8915e+20
2718,-5.9535e+20
4670,-5.9543e+20
4184,-5.9574e+20
5052,-5.9605e+20
2385,-5.9817e+20
2282,-5.9833e+20
4301,-5.9941e+20
5300,-5.9971e+20
5293,-6.0052e+20
2242,-6.0059e+20
5004,-6.0173e+20
5530,-6.0202e+20
4025,-6.0233e+20
2500,-6.0233e+20
2358,-6.0259e+20
4849,-6.0346e+20
2331,-6.0398e+20
4000,-6.0455e+20
3812,-6.048e+20
4839,-6.0512e+20
4081,-6.0582e+20
3771,-6.0657e+20
3570,-6.0806e+20
3823,-6.0829e+20
2576,-6.1068e+20
3625,-6.1105e+20
2626,-6.1116e+20
2620,-6.1253e+20
5329,-6.1271e+20
2419,-6.1443e+20
5353,-6.1454e+20
2536,-6.1613e+20
4194,-6.1889e+20
3370,-6.1959e+20
5343,-6.1963e+20
3810,-6.1982e+20
2797,-6.2281e+20
3161,-6.2876e+20
4275,-6.2908e+20
2524,-6.3113e+20
4823,-6.3209e+20
5124,-6.336e+20
4353,-6.3459e+20
2440,-6.351e+20
4320,-6.3588e+20
4398,-6.365e+20
4884,-6.372e+20
4430,-6.3948e+20
4698,-6.4557e+20
3705,-6.4602e+20
3641,-6.4621e+20
3381,-6.4651e+20
2581,-6.4682e+20
4408,-6.4919e+20
3013,-6.4982e+20
2938,-6.4989e+20
4979,-6.5113e+20
4396,-6.5141e+20
4010,-6.5271e+20
3328,-6.5536e+20
3896,-6.5568e+20
4942,-6.5749e+20
3335,-6.5944e+20
4778,-6.6042e+20
3254,-6.6094e+20
3933,-6.6257e+20
4355,-6.6406e+20
2474,-6.6503e+20
3634,-6.6633e+20
3486,-6.6796e+20
2294,-6.6797e+20
4107,-6.6804e+20
3718,-6.685e+20
4510,-6.7011e+20
5033,-6.7279e+20
4375,-6.7366e+20
2460,-6.7381e+20
3689,-6.7528e+20
3071,-6.7817e+20
2732,-6.8301e+20
3750,-6.8455e+20
4880,-6.8596e+20
3949,-6.8609e+20
3590,-6.8898e+20
5415,-6.8944e+20
3748,-6.9015e+20
4423,-6.909e+20
3402,-6.9139e+20
2375,-6.9216e+20
5223,-6.9267e+20
5143,-6.9444e+20
3938,-6.9656e+20
5173,-6.993e+20
2820,-7.0279e+20
2951,-7.0723e+20
3059,-7.0849e+20
3763,-7.0925e+20
2647,-7.116e+20
4298,-7.1188e+20
3011,-7.1294e+20
3408,-7.1317e+20
3684,-7.1398e+20
2420,-7.1451e+20
2871,-7.1602e+20
3640,-7.1616e+20
3303,-7.1723e+20
3166,-7.1752e+20
3138,-7.2227e+20
2428,-7.2228e+20
2868,-7.2491e+20
3622,-7.2533e+20
3014,-7.2624e+20
2783,-7.2894e+20
3613,-7.321e+20
5285,-7.331e+20
3241,-7.3467e+20
4817,-7.3556e+20
4666,-7.3686e+20
5421,-7.3695e+20
2541,-7.3851e+20
4981,-7.4096e+20
2860,-7.4176e+20
4366,-7.4281e+20
5078,-7.4705e+20
4837,-7.4708e+20
4412,-7.4814e+20
4119,-7.4859e+20
4026,-7.4867e+20
3456,-7.4878e+20
3704,-7.4975e+20
2470,-7.5396e+20
4179,-7.5492e+20
3610,-7.5748e+20
5508,-7.6033e+20
5085,-7.6462e+20
3627,-7.6629e+20
5550,-7.6769e+20
4896,-7.6872e+20
4460,-7.7223e+20
2471,-7.7298e+20
5070,-7.7354e+20
3695,-7.7559e+20
4196,-7.7594e+20
5127,-7.7807e+20
4073,-7.7985e+20
3502,-7.7997e+20
2958,-7.8002e+20
5366,-7.8034e+20
4348,-7.8234e+20
4799,-7.8292e+20
3427,-7.833e+20
4965,-7.855e+20
3833,-7.8727e+20
3327,-7.8812e+20
2802,-7.9079e+20
4082,-7.9114e+20
5043,-7.9147e+20
4094,-7.9223e+20
5428,-7.9321e+20
5147,-7.935e+20
2795,-7.9475e+20
4312,-7.9524e+20
5486,-7.9554e+20
4489,-7.9678e+20
3270,-7.9761e+20
2702,-8.0233e+20
3600,-8.026e+20
3609,-8.0298e+20
4674,-8.0334e+20
3006,-8.0814e+20
2553,-8.0847e+20
2403,-8.0853e+20
2624,-8.0855e+20
5583,-8.0992e+20
4136,-8.1076e+20
2846,-8.1115e+20
3121,-8.1296e+20
4700,-8.1471e+20
3722,-8.1518e+20
5014,-8.163e+20
2726,-8.1967e+20
5513,-8.2132e+20
3903,-8.2217e+20
4178,-8.2427e+20
4213,-8.2632e+20
2439,-8.2972e+20
3078,-8.3124e+20
3990,-8.3422e+20
4553,-8.3458e+20
3070,-8.3532e+20
4783,-8.3674e+20
4384,-8.3681e+20
2792,-8.3695e+20
3438,-8.3811e+20
3629,-8.4029e+20
4290,-8.4067e+20
3462,-8.4333e+20
4894,-8.4714e+20
3995,-8.5307e+20
4250,-8.539e+20
4567,-8.5515e+20
3038,-8.6074e+20
4045,-8.6084e+20
4915,-8.6389e+20
3180,-8.6636e+20
2561,-8.68e+20
5145,-8.6886e+20
5191,-8.7127e+20
4282,-8.7444e+20
5064,-8.7498e+20
5409,-8.753e+20
3948,-8.7886e+20
3582,-8.7942e+20
2394,-8.8077e+20
4961,-8.8176e+20
2253,-8.8195e+20
3531,-8.8239e+20
4903,-8.8361e+20
4702,-8.8626e+20
3086,-8.8711e+20
2808,-8.879e+20
3564,-8.8827e+20
4723,-8.8856e+20
5090,-8.896e+20
2535,-8.896e+20
4706,-8.9041e+20
5017,-8.9082e+20
2969,-8.9097e+20
4334,-8.9154e+20
4041,-8.9193e+20
5146,-8.9221e+20
3658,-8.9344e+20
4994,-8.9363e+20
3250,-8.9479e+20
3334,-8.9573e+20
4439,-9.0112e+20
2765,-9.0217e+20
4418,-9.0231e+20
5142,-9.0565e+20
5512,-9.0606e+20
4049,-9.0645e+20
4015,-9.0773e+20
2974,-9.0846e+20
2575,-9.088e+20
3404,-9.0917e+20
4889,-9.0932e+20
3934,-9.1134e+20
3632,-9.1632e+20
5201,-9.2014e+20
5197,-9.2051e+20
2322,-9.2385e+20
5577,-9.245e+20
2851,-9.2491e+20
2740,-9.2544e+20
3315,-9.2779e+20
3125,-9.2875e+20
5458,-9.2921e+20
5324,-9.3195e+20
3184,-9.3559e+20
3727,-9.3672e+20
2713,-9.3898e+20
3446,-9.4222e+20
3298,-9.4416e+20
4198,-9.4519e+20
3152,-9.4618e+20
2899,-9.4674e+20
3556,-9.4741e+20
5008,-9.4766e+20
2748,-9.4824e+20
3208,-9.5131e+20
4192,-9.5379e+20
5542,-9.5573e+20
2374,-9.5693e+20
2776,-9.5738e+20
5323,-9.6147e+20
2387,-9.6826e+20
4573,-9.6826e+20
3656,-9.7096e+20
2417,-9.7456e+20
2850,-9.7654e+20
5570,-9.7805e+20
4753,-9.7877e+20
4401,-9.7956e+20
3725,-9.8119e+20
3536,-9.843e+20
2434,-9.8614e+20
3954,-9.8642e+20
5113,-9.8757e+20
3107,-9.8773e+20
4741,-9.8819e+20
5039,-9.9073e+20
2539,-9.9229e+20
3784,-9.9306e+20
4435,-9.9535e+20
4445,-9.9723e+20
4775,-9.9729e+20
3388,-9.9808e+20
4090,-9.9854e+20
3703,-1.0003e+21
4174,-1.0009e+21
4492,-1.0023e+21
2268,-1.0032e+21
4004,-1.0036e+21
4075,-1.0079e+21
2577,-1.008e+21
3991,-1.0087e+21
3987,-1.009e+21
4707,-1.0102e+21
2712,-1.0122e+21
2367,-1.0124e+21
3511,-1.013e+21
4603,-1.0154e+21
2945,-1.0171e+21
2715,-1.0179e+21
4653,-1.018e+21
4325,-1.0189e+21
2492,-1.0207e+21
2876,-1.022e+21
3035,-1.0236e+21
3950,-1.0254e+21
3158,-1.0258e+21
2563,-1.0258e+21
5427,-1.0276e+21
4494,-1.0288e+21
3290,-1.0318e+21
4144,-1.0336e+21
2778,-1.0349e+21
5346,-1.0381e+21
4440,-1.0387e+21
3589,-1.0414e+21
4755,-1.0423e+21
4215,-1.046e+21
4990,-1.0471e+21
5543,-1.048e+21
4249,-1.0486e+21
4068,-1.0488e+21
2755,-1.0496e+21
2416,-1.0499e+21
3022,-1.0506e+21
4166,-1.0513e+21
3445,-1.053e+21
3628,-1.0535e+21
4438,-1.0543e+21
4185,-1.0552e+21
4649,-1.0552e+21
2928,-1.0607e+21
3442,-1.0613e+21
2464,-1.0635e+21
4050,-1.0654e+21
5181,-1.0655e+21
4142,-1.0667e+21
3506,-1.0674e+21
5304,-1.0679e+21
3102,-1.0679e+21
5213,-1.0706e+21
5215,-1.0726e+21
3758,-1.0727e+21
4155,-1.0738e+21
5546,-1.0748e+21
2865,-1.0751e+21
2523,-1.0752e+21
4578,-1.0753e+21
2656,-1.0761e+21
2354,-1.0827e+21
3255,-1.0845e+21
4487,-1.0847e+21
2905,-1.0851e+21
4038,-1.0856e+21
3424,-1.0864e+21
5378,-1.0876e+21
3947,-1.0877e+21
2978,-1.0882e+21
2273,-1.0883e+21
3646,-1.0903e+21
2341,-1.0904e+21
5030,-1.0921e+21
3128,-1.0976e+21
5274,-1.0999e+21
4933,-1.101e+21
4536,-1.1011e+21
2825,-1.1012e+21
4369,-1.1027e+21
4323,-1.1095e+21
4693,-1.1101e+21
5164,-1.1109e+21
4684,-1.1109e+21
5011,-1.1114e+21
2892,-1.1124e+21
5445,-1.1137e+21
3900,-1.1147e+21
4313,-1.1148e+21
4190,-1.1165e+21
4648,-1.1165e+21
2814,-1.12e+21
3002,-1.1204e+21
2276,-1.121e+21
3594,-1.1238e+21
3292,-1.124e+21
2336,-1.1251e+21
3612,-1.1261e+21
2701,-1.1262e+21
5432,-1.1266e+21
4675,-1.1321e+21
2275,-1.1331e+21
4773,-1.1332e+21
2965,-1.1339e+21
2502,-1.135e+21
4392,-1.1376e+21
3796,-1.1396e+21
3588,-1.1421e+21
4110,-1.1443e+21
2302,-1.1449e+21
4539,-1.145e+21
5219,-1.1452e+21
4661,-1.1494e+21
5059,-1.15e+21
4929,-1.1508e+21
2986,-1.1509e+21
5483,-1.1516e+21
4605,-1.1535e+21
2610,-1.1536e+21
4014,-1.1545e+21
4141,-1.1549e+21
4951,-1.1569e+21
3461,-1.1571e+21
4622,-1.1576e+21
4676,-1.1584e+21
5120,-1.1585e+21
2671,-1.1619e+21
2583,-1.1632e+21
4389,-1.1636e+21
3851,-1.1648e+21
4987,-1.1676e+21
3561,-1.1681e+21
3721,-1.169e+21
5317,-1.1719e+21
2399,-1.1721e+21
2686,-1.1734e+21
4939,-1.1739e+21
4870,-1.1767e+21
2893,-1.1767e+21
4170,-1.1785e+21
2704,-1.1807e+21
3273,-1.1813e+21
3733,-1.183e+21
3283,-1.1837e+21
3417,-1.1844e+21
4295,-1.1851e+21
5347,-1.1857e+21
3323,-1.1862e+21
2937,-1.1879e+21
3280,-1.188e+21
2456,-1.1882e+21
3567,-1.1885e+21
2762,-1.1946e+21
3309,-1.2036e+21
4226,-1.205e+21
4790,-1.2058e+21
3410,-1.2076e+21
3089,-1.2083e+21
3807,-1.2087e+21
4624,-1.2093e+21
3284,-1.2106e+21
4516,-1.2112e+21
4625,-1.2115e+21
3157,-1.2123e+21
3921,-1.2141e+21
5491,-1.2172e+21
4302,-1.2194e+21
5487,-1.2196e+21
2269,-1.223e+21
2900,-1.2252e+21
3870,-1.226e+21
4722,-1.2265e+21
2743,-1.2267e+21
4245,-1.2271e+21
4703,-1.2278e+21
2916,-1.2285e+21
4360,-1.2286e+21
3109,-1.2297e+21
5192,-1.2317e+21
3893,-1.2341e+21
4737,-1.2358e+21
5093,-1.2365e+21
4356,-1.2369e+21
5279,-1.2408e+21
3489,-1.242e+21
4716,-1.243e+21
2644,-1.243e+21
3351,-1.2441e+21
3319,-1.2454e+21
5150,-1.2464e+21
3358,-1.251e+21
3744,-1.2519e+21
5529,-1.2535e+21
4380,-1.2537e+21
4020,-1.2556e+21
5205,-1.2559e+21
5398,-1.2575e+21
2608,-1.2632e+21
5106,-1.2636e+21
4646,-1.2639e+21
2917,-1.2674e+21
4906,-1.2697e+21
4968,-1.271e+21
5237,-1.2713e+21
3093,-1.272e+21
2655,-1.2726e+21
5250,-1.2734e+21
2435,-1.2771e+21
4618,-1.2774e+21
5048,-1.2783e+21
3066,-1.2786e+21
3998,-1.2799e+21
4879,-1.28e+21
3690,-1.2806e+21
2722,-1.2809e+21
5482,-1.2817e+21
5028,-1.2829e+21
5412,-1.2884e+21
3752,-1.2931e+21
3052,-1.2942e+21
2621,-1.2951e+21
5255,-1.2952e+21
4084,-1.2971e+21
4431,-1.2974e+21
4428,-1.2992e+21
2887,-1.2993e+21
4575,-1.3008e+21
4114,-1.3024e+21
3984,-1.3027e+21
3271,-1.3027e+21
4671,-1.3034e+21
3550,-1.3046e+21
2847,-1.3109e+21
3526,-1.312e+21
3533,-1.3139e+21
4410,-1.3145e+21
4362,-1.3178e+21
5574,-1.3179e+21
4096,-1.3186e+21
2801,-1.3192e+21
2963,-1.3193e+21
3029,-1.3196e+21
3931,-1.3206e+21
4519,-1.3238e+21
3964,-1.3263e+21
3920,-1.3327e+21
5451,-1.3337e+21
3731,-1.3338e+21
4809,-1.3339e+21
4612,-1.3365e+21
5195,-1.3423e+21
2587,-1.3423e+21
3393,-1.3424e+21
2372,-1.343e+21
3559,-1.3445e+21
2906,-1.3446e+21
3025,-1.3452e+21
2499,-1.3467e+21
3095,-1.3506e+21
4772,-1.3533e+21
2931,-1.355e+21
3859,-1.3635e+21
3287,-1.3641e+21
4831,-1.3759e+21
4922,-1.3766e+21
2952,-1.3768e+21
2493,-1.3779e+21
4616,-1.3782e+21
4257,-1.3799e+21
4878,-1.3806e+21
4898,-1.3812e+21
5392,-1.3818e+21
2927,-1.3838e+21
3774,-1.3842e+21
5230,-1.3849e+21
3940,-1.3857e+21
3426,-1.3861e+21
3803,-1.3871e+21
5288,-1.3904e+21
2942,-1.3906e+21
4429,-1.3907e+21
2313,-1.3913e+21
5528,-1.392e+21
3345,-1.3921e+21
3681,-1.3924e+21
2330,-1.393e+21
2486,-1.3951e+21
3379,-1.3963e+21
3786,-1.397e+21
4705,-1.3983e+21
5594,-1.3998e+21
5467,-1.3999e+21
3192,-1.3999e+21
3092,-1.4016e+21
3723,-1.4018e+21
3193,-1.4047e+21
2601,-1.4054e+21
2338,-1.4056e+21
3929,-1.407e+21
4452,-1.4114e+21
5388,-1.4129e+21
3390,-1.4132e+21
3657,-1.4185e+21
4959,-1.4189e+21
4663,-1.419e+21
3120,-1.4218e+21
5446,-1.4225e+21
4738,-1.4225e+21
5002,-1.4231e+21
5373,-1.4233e+21
3196,-1.4235e+21
5054,-1.4259e+21
4743,-1.4278e+21
2815,-1.4281e+21
2790,-1.4331e+21
4745,-1.4336e+21
4918,-1.4337e+21
4538,-1.4349e+21
3310,-1.4354e+21
5443,-1.4355e+21
3825,-1.4356e+21
3971,-1.4365e+21
5035,-1.4368e+21
2970,-1.4388e+21
2914,-1.4397e+21
5084,-1.4403e+21
4056,-1.4429e+21
3147,-1.4447e+21
4770,-1.4468e+21
4729,-1.4483e+21
3835,-1.4488e+21
4134,-1.4494e+21
3919,-1.4497e+21
5321,-1.4504e+21
4980,-1.4509e+21
5162,-1.4514e+21
4209,-1.4533e+21
5502,-1.4553e+21
5040,-1.4556e+21
2565,-1.4564e+21
2241,-1.4568e+21
3792,-1.459e+21
3563,-1.4638e+21
4835,-1.4639e+21
2886,-1.4655e+21
3832,-1.4702e+21
5247,-1.471e+21
3766,-1.4714e+21
3084,-1.4728e+21
5470,-1.473e+21
5154,-1.4743e+21
4340,-1.4755e+21
3061,-1.4772e+21
5511,-1.4798e+21
3374,-1.4802e+21
2861,-1.4828e+21
5457,-1.4831e+21
2267,-1.4842e+21
4130,-1.4844e+21
3081,-1.4862e+21
4032,-1.4863e+21
4724,-1.4866e+21
4830,-1.4887e+21
3207,-1.4896e+21
4042,-1.4897e+21
4548,-1.495e+21
4427,-1.4968e+21
5330,-1.4978e+21
2386,-1.4979e+21
3876,-1.4979e+21
2627,-1.4983e+21
5076,-1.4988e+21
2840,-1.501e+21
3001,-1.5021e+21
4820,-1.5023e+21
2948,-1.5028e+21
4936,-1.5031e+21
5372,-1.5033e+21
2918,-1.5038e+21
4216,-1.5039e+21
4749,-1.5055e+21
4836,-1.5067e+21
4052,-1.5083e+21
2663,-1.5093e+21
2407,-1.5105e+21
4937,-1.5113e+21
5599,-1.5133e+21
5413,-1.5141e+21
3364,-1.5161e+21
4509,-1.5161e+21
4160,-1.5163e+21
2841,-1.5171e+21
3691,-1.5193e+21
3244,-1.5209e+21
3072,-1.5241e+21
4329,-1.5258e+21
2611,-1.5259e+21
2681,-1.5329e+21
4655,-1.5331e+21
2714,-1.5349e+21
3181,-1.5351e+21
4327,-1.5353e+21
4552,-1.5367e+21
5334,-1.5372e+21
3340,-1.5376e+21
4926,-1.5378e+21
3103,-1.5403e+21
3519,-1.5427e+21
3549,-1.5435e+21
3827,-1.5438e+21
5134,-1.5443e+21
3525,-1.5458e+21
4466,-1.5462e+21
4172,-1.5477e+21
3605,-1.5497e+21
4806,-1.5504e+21
3772,-1.5508e+21
4897,-1.5546e+21
3349,-1.5548e+21
3137,-1.5556e+21
3915,-1.5563e+21
3091,-1.5568e+21
2983,-1.5576e+21
3301,-1.5586e+21
4258,-1.5629e+21
4393,-1.5638e+21
3943,-1.5638e+21
4352,-1.5652e+21
3409,-1.5653e+21
4409,-1.5659e+21
5395,-1.5659e+21
3615,-1.5701e+21
3981,-1.5715e+21
5433,-1.5724e+21
2750,-1.5728e+21
5368,-1.5756e+21
5336,-1.5768e+21
2567,-1.5781e+21
3694,-1.5818e+21
2391,-1.5822e+21
3596,-1.5827e+21
4336,-1.5831e+21
5153,-1.5856e+21
2564,-1.5881e+21
4470,-1.5884e+21
5252,-1.5903e+21
4679,-1.5909e+21
3119,-1.5917e+21
3414,-1.5946e+21
2409,-1.5947e+21
2277,-1.5947e+21
2973,-1.5986e+21
4070,-1.599e+21
3666,-1.5992e+21
4732,-1.6001e+21
4454,-1.6007e+21
2272,-1.6014e+21
3571,-1.6014e+21
2389,-1.6023e+21
4065,-1.6038e+21
2264,-1.6047e+21
4502,-1.6049e+21
3214,-1.6053e+21
3281,-1.6064e+21
4863,-1.6068e+21
4555,-1.6069e+21
3452,-1.6075e+21
5488,-1.6088e+21
4151,-1.6093e+21
5096,-1.6117e+21
2761,-1.6127e+21
2989,-1.6144e+21
3101,-1.6155e+21
3154,-1.6169e+21
5115,-1.6176e+21
5351,-1.6195e+21
4187,-1.621e+21
3816,-1.6247e+21
4416,-1.6255e+21
4222,-1.6282e+21
4784,-1.6283e+21
5027,-1.6299e+21
4236,-1.6299e+21
4758,-1.6313e+21
4296,-1.6315e+21
5025,-1.6323e+21
2569,-1.6326e+21
3276,-1.6334e+21
3165,-1.6337e+21
4001,-1.634e+21
3982,-1.6363e+21
2559,-1.6363e+21
2835,-1.6377e+21
4154,-1.6381e+21
4747,-1.6382e+21
3075,-1.6385e+21
3676,-1.6387e+21
3005,-1.6433e+21
4604,-1.6443e+21
4488,-1.6455e+21
2990,-1.6456e+21
4024,-1.6457e+21
3150,-1.647e+21
3649,-1.6475e+21
5094,-1.6496e+21
5424,-1.6507e+21
5447,-1.651e+21
3226,-1.652e+21
5380,-1.6532e+21
4827,-1.6557e+21
3583,-1.6581e+21
3200,-1.6587e+21
4686,-1.6593e+21
3951,-1.66e+21
2463,-1.6609e+21
2411,-1.6629e+21
5556,-1.6644e+21
4511,-1.6678e+21
4244,-1.6713e+21
3528,-1.6716e+21
3162,-1.674e+21
3296,-1.6742e+21
5442,-1.676e+21
5286,-1.6768e+21
5568,-1.6769e+21
3004,-1.6773e+21
3740,-1.6796e+21
2687,-1.68e+21
2834,-1.6804e+21
4986,-1.681e+21
5315,-1.6811e+21
2552,-1.6818e+21
5119,-1.6822e+21
5536,-1.6834e+21
3916,-1.684e+21
4974,-1.6848e+21
2683,-1.6868e+21
4581,-1.6882e+21
3685,-1.6901e+21
3806,-1.6903e+21
5178,-1.6906e+21
2772,-1.6913e+21
3540,-1.6914e+21
2447,-1.6936e+21
4473,-1.6939e+21
2635,-1.695e+21
4193,-1.6952e+21
2255,-1.6965e+21
4124,-1.6972e+21
5354,-1.6988e+21
2349,-1.7002e+21
5122,-1.7002e+21
2813,-1.7005e+21
4420,-1.7019e+21
4570,-1.7027e+21
3819,-1.7034e+21
2981,-1.7052e+21
5183,-1.7064e+21
3789,-1.7084e+21
3275,-1.7089e+21
4388,-1.7101e+21
2666,-1.7126e+21
4233,-1.7132e+21
2665,-1.7134e+21
5055,-1.716e+21
3213,-1.7162e+21
3114,-1.7175e+21
4607,-1.7202e+21
4167,-1.7208e+21
3924,-1.7212e+21
2284,-1.722e+21
2462,-1.7245e+21
2833,-1.7263e+21
3872,-1.7274e+21
3651,-1.7312e+21
4888,-1.7327e+21
4169,-1.7339e+21
4145,-1.7343e+21
2430,-1.7358e+21
2495,-1.7409e+21
2957,-1.7414e+21
2870,-1.7417e+21
2653,-1.7425e+21
3847,-1.7433e+21
4497,-1.7446e+21
4500,-1.7447e+21
5132,-1.7453e+21
5468,-1.7458e+21
3670,-1.747e+21
3660,-1.7483e+21
3498,-1.7485e+21
3553,-1.7497e+21
4630,-1.7517e+21
4899,-1.7558e+21
3130,-1.7563e+21
5575,-1.7573e+21
5399,-1.7607e+21
4425,-1.7614e+21
2676,-1.7621e+21
2345,-1.7622e+21
3884,-1.7629e+21
2888,-1.763e+21
5015,-1.7632e+21
2579,-1.7635e+21
3892,-1.7637e+21
2588,-1.7642e+21
2594,-1.7686e+21
4945,-1.7716e+21
3082,-1.7755e+21
4599,-1.7756e+21
4860,-1.7756e+21
2382,-1.7764e+21
4223,-1.7772e+21
5429,-1.7772e+21
3724,-1.7778e+21
4920,-1.7778e+21
3049,-1.7783e+21
2592,-1.7788e+21
3464,-1.779e+21
5301,-1.7797e+21
2975,-1.7804e+21
4923,-1.7804e+21
5159,-1.782e+21
3041,-1.7831e+21
5107,-1.7834e+21
5525,-1.7836e+21
4053,-1.7844e+21
4441,-1.7865e+21
5340,-1.7873e+21
3575,-1.7878e+21
4480,-1.7889e+21
5125,-1.7896e+21
2290,-1.7899e+21
2939,-1.7912e+21
3836,-1.7918e+21
4710,-1.7923e+21
3132,-1.7928e+21
4143,-1.7938e+21
4200,-1.7947e+21
4815,-1.7991e+21
4601,-1.8002e+21
5158,-1.8004e+21
5278,-1.8007e+21
2545,-1.801e+21
5585,-1.8038e+21
3607,-1.8049e+21
2280,-1.8049e+21
2603,-1.805e+21
2652,-1.8054e+21
3113,-1.8068e+21
3711,-1.8071e+21
2303,-1.8083e+21
3085,-1.8095e+21
2530,-1.8096e+21
2806,-1.8096e+21
4696,-1.8107e+21
4468,-1.8107e+21
2697,-1.8124e+21
4371,-1.8132e+21
3384,-1.8148e+21
3759,-1.8158e+21
2642,-1.8175e+21
3096,-1.818e+21
4771,-1.8197e+21
2421,-1.8218e+21
3820,-1.8255e+21
2630,-1.8275e+21
4080,-1.8295e+21
4357,-1.8318e+21
4386,-1.8323e+21
5539,-1.8329e+21
4760,-1.8338e+21
4477,-1.8341e+21
2305,-1.8348e+21
2880,-1.8367e+21
3866,-1.8369e+21
3739,-1.8414e+21
5572,-1.8437e+21
4486,-1.8445e+21
4844,-1.8456e+21
2522,-1.8464e+21
4585,-1.8497e+21
5295,-1.8512e+21
3471,-1.8513e+21
2566,-1.8516e+21
2725,-1.8519e+21
5565,-1.853e+21
3715,-1.8567e+21
2930,-1.857e+21
3008,-1.8578e+21
2257,-1.8584e+21
4943,-1.8595e+21
3521,-1.8626e+21
4713,-1.8641e+21
2556,-1.8662e+21
5563,-1.8662e+21
5275,-1.8674e+21
3517,-1.8677e+21
4273,-1.8705e+21
5560,-1.8706e+21
2281,-1.8722e+21
2883,-1.8736e+21
4047,-1.8736e+21
3557,-1.876e+21
5105,-1.8778e+21
2688,-1.8796e+21
3890,-1.8813e+21
4459,-1.8828e+21
2884,-1.8845e+21
2359,-1.8852e+21
2444,-1.8872e+21
4650,-1.8872e+21
4520,-1.8893e+21
5260,-1.8907e+21
2854,-1.891e+21
5012,-1.8913e+21
2940,-1.8917e+21
2672,-1.8936e+21
2319,-1.8939e+21
4910,-1.8968e+21
4549,-1.8985e+21
3922,-1.9045e+21
3977,-1.905e+21
5110,-1.9054e+21
5548,-1.9093e+21
5439,-1.9096e+21
4667,-1.9098e+21
2425,-1.9108e+21
3928,-1.9125e+21
2441,-1.9144e+21
5000,-1.9152e+21
3665,-1.9169e+21
3136,-1.917e+21
2388,-1.9243e+21
5449,-1.9252e+21
4901,-1.9284e+21
4596,-1.9308e+21
3844,-1.932e+21
2878,-1.9322e+21
2323,-1.9327e+21
4390,-1.9336e+21
4848,-1.9349e+21
5331,-1.9353e+21
3501,-1.9383e+21
4208,-1.9409e+21
3012,-1.9429e+21
4176,-1.9433e+21
4736,-1.9435e+21
3862,-1.9461e+21
4872,-1.9465e+21
3318,-1.9469e+21
2390,-1.9531e+21
5518,-1.9545e+21
4615,-1.9567e+21
2941,-1.9621e+21
3160,-1.9624e+21
4341,-1.9646e+21
2476,-1.969e+21
5437,-1.9727e+21
3891,-1.9735e+21
3894,-1.9778e+21
2413,-1.9779e+21
3203,-1.9804e+21
5100,-1.9821e+21
4789,-1.9904e+21
3530,-1.9979e+21
3925,-1.9981e+21
4853,-1.9991e+21
2521,-1.9997e+21
2650,-2.0041e+21
5540,-2.0113e+21
5492,-2.0116e+21
2501,-2.0135e+21
4458,-2.02e+21
5077,-2.0232e+21
3935,-2.0237e+21
5320,-2.0238e+21
4270,-2.0268e+21
4984,-2.0315e+21
4111,-2.0339e+21
3672,-2.036e+21
2787,-2.0364e+21
4283,-2.037e+21
5184,-2.0381e+21
2977,-2.0431e+21
2422,-2.0484e+21
5263,-2.0484e+21
2357,-2.0501e+21
4072,-2.0593e+21
3662,-2.0599e+21
4140,-2.0682e+21
2309,-2.0688e+21
4057,-2.0725e+21
5227,-2.0739e+21
3094,-2.0743e+21
5435,-2.0747e+21
3518,-2.0783e+21
3046,-2.0826e+21
3190,-2.0909e+21
3751,-2.0981e+21
3405,-2.1011e+21
3544,-2.1026e+21
5557,-2.1062e+21
4532,-2.1068e+21
5371,-2.114e+21
3906,-2.1218e+21
2955,-2.1244e+21
4586,-2.1321e+21
2912,-2.1405e+21
4751,-2.1798e+21
2591,-2.1863e+21
3230,-2.1886e+21
4150,-2.1896e+21
2709,-2.194e+21
2479,-2.1952e+21
5327,-2.1974e+21
4037,-2.2081e+21
5592,-2.2098e+21
2684,-2.2134e+21
2641,-2.2237e+21
3650,-2.2245e+21
3881,-2.2435e+21
4668,-2.2467e+21
2406,-2.2536e+21
4574,-2.2584e+21
2956,-2.2614e+21
3472,-2.2648e+21
4640,-2.2808e+21
5479,-2.2866e+21
4765,-2.2893e+21
4099,-2.2918e+21
3069,-2.2936e+21
3841,-2.3047e+21
3459,-2.3059e+21
4121,-2.31e+21
5019,-2.3234e+21
3073,-2.3397e+21
2496,-2.346e+21
3976,-2.348e+21
3212,-2.3574e+21
3780,-2.3584e+21
2782,-2.362e+21
4349,-2.3633e+21
5294,-2.3646e+21
3294,-2.3763e+21
5155,-2.3844e+21
3493,-2.3876e+21
3645,-2.3881e+21
4507,-2.3926e+21
4078,-2.4008e+21
3913,-2.4138e+21
2793,-2.4198e+21
5156,-2.4203e+21
3853,-2.424e+21
2768,-2.4247e+21
5384,-2.4288e+21
2437,-2.43e+21
3413,-2.4322e+21
3697,-2.4359e+21
4617,-2.4392e+21
4101,-2.44e+21
4199,-2.4471e+21
4055,-2.4502e+21
5462,-2.454e+21
4811,-2.4701e+21
4600,-2.4782e+21
4054,-2.4878e+21
3233,-2.5036e+21
4262,-2.51e+21
2361,-2.5394e+21
3299,-2.5405e+21
5280,-2.5422e+21
3538,-2.5466e+21
4542,-2.5619e+21
3051,-2.5678e+21
3791,-2.5723e+21
4378,-2.575e+21
4221,-2.5767e+21
2954,-2.584e+21
2605,-2.5972e+21
3431,-2.598e+21
5161,-2.6016e+21
5579,-2.6101e+21
4092,-2.6173e+21
3907,-2.6256e+21
4797,-2.6308e+21
3324,-2.6326e+21
2370,-2.6385e+21
4100,-2.6452e+21
5182,-2.6489e+21
3860,-2.6743e+21
4434,-2.6896e+21
5313,-2.7189e+21
5361,-2.7229e+21
2395,-2.7253e+21
4582,-2.7264e+21
2291,-2.7341e+21
4905,-2.7398e+21
3975,-2.7528e+21
5101,-2.7547e+21
5393,-2.7913e+21
3886,-2.7959e+21
5562,-2.8022e+21
3821,-2.8088e+21
3111,-2.8162e+21
2882,-2.8255e+21
3432,-2.843e+21
2346,-2.8432e+21
3761,-2.8634e+21
3179,-2.8725e+21
4482,-2.8906e+21
4925,-2.8952e+21
2992,-2.9213e+21
3126,-2.9271e+21
2560,-2.9366e+21
2849,-2.9375e+21
5516,-2.9378e+21
5290,-2.946e+21
4238,-2.9558e+21
4453,-2.9853e+21
4792,-3.0117e+21
2874,-3.0159e+21
3217,-3.0174e+21
5098,-3.019e+21
2774,-3.0269e+21
3053,-3.0285e+21
3407,-3.0298e+21
3591,-3.0349e+21
2558,-3.037e+21
2320,-3.0413e+21
5397,-3.0672e+21
5322,-3.0706e+21
3141,-3.0733e+21
5289,-3.0764e+21
2371,-3.0908e+21
2481,-3.0931e+21
4367,-3.1052e+21
4113,-3.1143e+21
2763,-3.1147e+21
4734,-3.1185e+21
5267,-3.1261e+21
5121,-3.1383e+21
5490,-3.1399e+21
2964,-3.1416e+21
2807,-3.1694e+21
3218,-3.1718e+21
4914,-3.1725e+21
3783,-3.1807e+21
4152,-3.1944e+21
4503,-3.2084e+21
4940,-3.2096e+21
4761,-3.2128e+21
2738,-3.2169e+21
4591,-3.227e+21
2804,-3.228e+21
2600,-3.2282e+21
2344,-3.229e+21
2340,-3.2341e+21
5355,-3.2408e+21
3824,-3.2408e+21
3463,-3.2458e+21
5547,-3.2474e+21
3063,-3.2548e+21
3045,-3.267e+21
3237,-3.2677e+21
5339,-3.275e+21
3457,-3.2825e+21
4391,-3.2966e+21
5235,-3.3031e+21
2498,-3.3033e+21
5501,-3.3208e+21
2852,-3.3307e+21
3878,-3.3321e+21
3362,-3.3359e+21
5537,-3.3444e+21
4285,-3.3482e+21
3687,-3.3524e+21
3572,-3.3535e+21
2997,-3.3545e+21
3633,-3.3692e+21
5086,-3.3767e+21
5500,-3.3981e+21
2812,-3.4239e+21
3840,-3.4242e+21
3453,-3.4278e+21
2643,-3.4318e+21
5050,-3.4328e+21
3395,-3.4332e+21
3927,-3.4383e+21
4125,-3.4455e+21
4963,-3.4545e+21
2972,-3.4566e+21
3845,-3.4647e+21
5157,-3.4762e+21
3153,-3.4775e+21
2520,-3.4894e+21
3941,-3.4925e+21
3164,-3.5022e+21
4780,-3.52e+21
2538,-3.5237e+21
4471,-3.5399e+21
2380,-3.5552e+21
4587,-3.5556e+21
2527,-3.5676e+21
4595,-3.5678e+21
2503,-3.5739e+21
5200,-3.5803e+21
2651,-3.5813e+21
4399,-3.5875e+21
4517,-3.5902e+21
3736,-3.5906e+21
2590,-3.5995e+21
2959,-3.604e+21
5310,-3.6062e+21
3027,-3.6238e+21
4912,-3.6261e+21
4235,-3.6338e+21
3554,-3.6504e+21
3344,-3.6559e+21
4824,-3.6705e+21
2832,-3.6832e+21
5493,-3.706e+21
5056,-3.7208e+21
2295,-3.7235e+21
4436,-3.7246e+21
5165,-3.7377e+21
5349,-3.7477e+21
2855,-3.7637e+21
2985,-3.766e+21
2987,-3.7684e+21
3585,-3.7697e+21
5582,-3.7772e+21
3124,-3.7893e+21
4381,-3.8001e+21
5405,-3.8103e+21
3499,-3.8135e+21
3729,-3.8158e+21
5088,-3.8167e+21
3191,-3.8345e+21
4890,-3.8364e+21
3336,-3.8372e+21
3696,-3.8521e+21
3837,-3.8597e+21
5045,-3.8702e+21
4786,-3.8734e+21
3491,-3.9145e+21
2292,-3.9226e+21
4947,-3.9329e+21
2830,-3.9397e+21
5515,-3.9421e+21
2733,-3.9613e+21
3443,-3.9819e+21
4781,-3.9917e+21
2602,-4.0019e+21
4018,-4.0051e+21
2607,-4.0088e+21
4316,-4.0134e+21
5569,-4.0463e+21
4005,-4.0498e+21
2258,-4.0549e+21
4076,-4.0736e+21
2695,-4.079e+21
5465,-4.0799e+21
2586,-4.0822e+21
5249,-4.086e+21
5365,-4.096e+21
4881,-4.097e+21
4841,-4.1017e+21
3378,-4.1118e+21
3708,-4.1173e+21
2487,-4.1443e+21
5166,-4.1495e+21
2506,-4.1693e+21
5117,-4.1742e+21
3716,-4.1746e+21
3899,-4.177e+21
4976,-4.1787e+21
5526,-4.1906e+21
3730,-4.2083e+21
2249,-4.2111e+21
2890,-4.2127e+21
4305,-4.2322e+21
3261,-4.2342e+21
4406,-4.2386e+21
2646,-4.2455e+21
5552,-4.2469e+21
4711,-4.2505e+21
3542,-4.2518e+21
3560,-4.2555e+21
4866,-4.2637e+21
3956,-4.2649e+21
5207,-4.2954e+21
2337,-4.3092e+21
5475,-4.3101e+21
3170,-4.3169e+21
3777,-4.3444e+21
3693,-4.3543e+21
3484,-4.3572e+21
3992,-4.3573e+21
3969,-4.3656e+21
5208,-4.3678e+21
4834,-4.3837e+21
3386,-4.3844e+21
4225,-4.3878e+21
3686,-4.3899e+21
2377,-4.4223e+21
2252,-4.4232e+21
2326,-4.4251e+21
4803,-4.4286e+21
4562,-4.4357e+21
5396,-4.4426e+21
3441,-4.4434e+21
2999,-4.4459e+21
2994,-4.4513e+21
3305,-4.4651e+21
2756,-4.4896e+21
4254,-4.5054e+21
3306,-4.5105e+21
2378,-4.5246e+21
2580,-4.5408e+21
3597,-4.5719e+21
4267,-4.5754e+21
4048,-4.5788e+21
3321,-4.5808e+21
4376,-4.5809e+21
3391,-4.5873e+21
5456,-4.6017e+21
5108,-4.6044e+21
4787,-4.6076e+21
5478,-4.6247e+21
4448,-4.6297e+21
2993,-4.6349e+21
5206,-4.6379e+21
3584,-4.6519e+21
3239,-4.6527e+21
2680,-4.6533e+21
4957,-4.6553e+21
3325,-4.6602e+21
3661,-4.6797e+21
3700,-4.6933e+21
4337,-4.6961e+21
3918,-4.7038e+21
3412,-4.7158e+21
4220,-4.7252e+21
3817,-4.7355e+21
5268,-4.7441e+21
2864,-4.7643e+21
4631,-4.7713e+21
3210,-4.7724e+21
2909,-4.7867e+21
2858,-4.7893e+21
2826,-4.7984e+21
3669,-4.8195e+21
2364,-4.8361e+21
5031,-4.8412e+21
3050,-4.8559e+21
2511,-4.8613e+21
3654,-4.8665e+21
4900,-4.8699e+21
3116,-4.8746e+21
4351,-4.8852e+21
3604,-4.8873e+21
3587,-4.8958e+21
2585,-4.8966e+21
4246,-4.8992e+21
2517,-4.9099e+21
2484,-4.9156e+21
4717,-4.9182e+21
3077,-4.9236e+21
5591,-4.9357e+21
2488,-4.9367e+21
3312,-4.9417e+21
5243,-4.9593e+21
4307,-4.9732e+21
3418,-4.9802e+21
3232,-4.9995e+21
4461,-5.006e+21
5360,-5.0185e+21
3636,-5.0277e+21
2534,-5.0329e+21
3802,-5.0468e+21
4840,-5.0518e+21
3221,-5.0634e+21
3007,-5.0639e+21
3449,-5.064e+21
5350,-5.0658e+21
5177,-5.0707e+21
4977,-5.0829e+21
3010,-5.089e+21
2475,-5.0919e+21
3623,-5.0946e+21
5203,-5.1035e+21
5541,-5.1078e+21
3734,-5.1306e+21
5566,-5.1325e+21
5212,-5.1337e+21
2979,-5.135e+21
3620,-5.139e+21
4580,-5.1507e+21
3955,-5.1579e+21
4083,-5.159e+21
3286,-5.1597e+21
5072,-5.1725e+21
4189,-5.1838e+21
4314,-5.1888e+21
3914,-5.1921e+21
3709,-5.2007e+21
2758,-5.2188e+21
4875,-5.234e+21
4873,-5.2479e+21
3788,-5.2582e+21
5185,-5.2593e+21
5266,-5.2599e+21
5455,-5.2608e+21
4826,-5.2665e+21
3568,-5.2739e+21
4496,-5.2742e+21
2667,-5.2871e+21
5224,-5.3066e+21
3425,-5.3132e+21
3228,-5.3173e+21
4909,-5.3189e+21
4829,-5.3198e+21
5357,-5.3212e+21
3794,-5.3513e+21
5051,-5.3516e+21
4568,-5.3531e+21
3450,-5.3725e+21
3195,-5.3947e+21
4342,-5.4101e+21
4161,-5.4321e+21
3016,-5.4426e+21
2321,-5.4449e+21
3247,-5.4513e+21
4681,-5.4604e+21
2967,-5.4658e+21
3220,-5.4767e+21
4727,-5.4815e+21
5023,-5.4853e+21
5013,-5.5112e+21
2674,-5.5258e+21
5226,-5.5262e+21
4444,-5.5306e+21
2859,-5.5486e+21
5099,-5.556e+21
2509,-5.5613e+21
3343,-5.5625e+21
3822,-5.5678e+21
3581,-5.5809e+21
3416,-5.5883e+21
3743,-5.606e+21
3621,-5.6156e+21
4529,-5.6279e+21
3338,-5.6393e+21
3717,-5.6416e+21
3970,-5.6426e+21
4694,-5.6549e+21
4211,-5.6587e+21
3537,-5.6848e+21
3339,-5.6886e+21
2614,-5.6898e+21
2691,-5.6975e+21
2449,-5.7091e+21
4701,-5.728e+21
4156,-5.7306e+21
3428,-5.7363e+21
2278,-5.7373e+21
3946,-5.7382e+21
5551,-5.7475e+21
5026,-5.7525e+21
3245,-5.7625e+21
3473,-5.7656e+21
4034,-5.7881e+21
3808,-5.8022e+21
4012,-5.8091e+21
3889,-5.821e+21
2468,-5.8293e+21
4638,-5.8306e+21
4157,-5.8356e+21
4893,-5.879e+21
4708,-5.886e+21
2259,-5.896e+21
3910,-5.8987e+21
3353,-5.907e+21
2747,-5.9151e+21
2867,-5.9174e+21
3932,-5.9249e+21
4720,-5.9257e+21
5253,-5.9499e+21
4027,-5.9501e+21
5136,-5.958e+21
3266,-5.9684e+21
5049,-5.9902e+21
4195,-5.9906e+21
4331,-5.995e+21
2995,-5.999e+21
4253,-6.0103e+21
4561,-6.016e+21
3952,-6.0302e+21
2350,-6.0324e+21
3183,-6.044e+21
5169,-6.0464e+21
5576,-6.0527e+21
3308,-6.0649e+21
3112,-6.0771e+21
4462,-6.0806e+21
2789,-6.0883e+21
5307,-6.1046e+21
5554,-6.106e+21
4621,-6.1158e+21
4271,-6.1268e+21
5199,-6.1272e+21
3225,-6.1319e+21
2250,-6.1794e+21
5210,-6.1835e+21
2327,-6.1843e+21
4086,-6.1912e+21
3265,-6.1919e+21
4455,-6.2007e+21
3110,-6.2021e+21
3631,-6.2308e+21
4944,-6.2362e+21
4277,-6.2397e+21
2312,-6.2482e+21
3083,-6.2511e+21
2971,-6.2516e+21
2706,-6.2623e+21
2528,-6.2831e+21
3067,-6.2877e+21
5597,-6.2924e+21
2661,-6.2925e+21
3311,-6.3101e+21
3503,-6.3166e+21
4129,-6.3601e+21
3173,-6.3894e+21
3039,-6.4218e+21
3435,-6.429e+21
2968,-6.4316e+21
2760,-6.4434e+21
5141,-6.452e+21
4862,-6.4521e+21
2446,-6.4974e+21
3939,-6.5e+21
4491,-6.5032e+21
5345,-6.5486e+21
3505,-6.5491e+21
3330,-6.5555e+21
2410,-6.5748e+21
2598,-6.5855e+21
3411,-6.6173e+21
2578,-6.6276e+21
4556,-6.6332e+21
4097,-6.6353e+21
3354,-6.6735e+21
2960,-6.6895e+21
2633,-6.6962e+21
3985,-6.7073e+21
3206,-6.7187e+21
3060,-6.7198e+21
2720,-6.7388e+21
4952,-6.7629e+21
4885,-6.7712e+21
5292,-6.8144e+21
4346,-6.8198e+21
3476,-6.8281e+21
4446,-6.8387e+21
4882,-6.8468e+21
2896,-6.8506e+21
5193,-6.852e+21
2637,-6.8602e+21
5362,-6.8755e+21
4558,-6.9121e+21
4485,-6.9204e+21
4361,-6.9319e+21
4449,-6.9327e+21
4579,-6.9378e+21
2408,-6.9383e+21
4593,-6.949e+21
2723,-6.9579e+21
3032,-6.973e+21
4852,-6.9942e+21
3534,-7.0006e+21
5168,-7.0057e+21
2555,-7.0098e+21
3804,-7.0287e+21
2537,-7.0294e+21
2244,-7.0313e+21
2557,-7.0382e+21
3291,-7.0514e+21
5494,-7.0529e+21
2466,-7.0533e+21
4243,-7.0816e+21
4964,-7.0901e+21
2415,-7.0974e+21
2966,-7.1023e+21
2744,-7.1032e+21
4506,-7.1034e+21
3606,-7.1139e+21
5175,-7.1536e+21
4908,-7.1564e+21
4469,-7.175e+21
3033,-7.1929e+21
5186,-7.1971e+21
4911,-7.1991e+21
2363,-7.2041e+21
3630,-7.2056e+21
3333,-7.2341e+21
4091,-7.2355e+21
4306,-7.2384e+21
3172,-7.2418e+21
2311,-7.2529e+21
3480,-7.2556e+21
4240,-7.283e+21
3478,-7.2898e+21
4514,-7.2924e+21
4309,-7.3106e+21
5042,-7.3216e+21
4186,-7.3388e+21
2842,-7.3625e+21
2631,-7.3888e+21
3548,-7.3929e+21
2473,-7.3961e+21
2453,-7.4427e+21
3875,-7.4605e+21
4665,-7.4857e+21
3361,-7.4888e+21
2597,-7.5089e+21
3619,-7.5152e+21
5419,-7.5268e+21
5476,-7.5311e+21
2848,-7.5478e+21
2907,-7.5533e+21
3238,-7.5544e+21
3148,-7.557e+21
2482,-7.5622e+21
4308,-7.5736e+21
5558,-7.5799e+21
4374,-7.6044e+21
4464,-7.614e+21
2634,-7.6223e+21
3123,-7.6538e+21
5302,-7.6586e+21
4845,-7.6702e+21
5149,-7.6822e+21
4919,-7.6854e+21
3494,-7.6943e+21
4692,-7.7047e+21
2805,-7.7098e+21
4614,-7.7493e+21
5148,-7.7798e+21
3188,-7.7939e+21
2897,-7.8095e+21
4383,-7.8118e+21
3857,-7.8192e+21
2773,-7.8315e+21
4664,-7.8317e+21
3749,-7.8384e+21
3256,-7.8474e+21
4202,-7.8571e+21
3331,-7.8727e+21
3098,-7.8847e+21
2445,-7.8864e+21
3871,-7.89e+21
5564,-7.9086e+21
3911,-7.9105e+21
2328,-7.9305e+21
3139,-7.9313e+21
4608,-7.9352e+21
2735,-7.9629e+21
5137,-7.9634e+21
5222,-7.9826e+21
4443,-7.987e+21
4814,-7.9906e+21
2823,-7.9909e+21
3135,-7.9963e+21
2845,-7.9971e+21
3258,-8.0024e+21
4264,-8.0102e+21
2889,-8.0458e+21
3912,-8.0698e+21
3142,-8.0886e+21
3757,-8.0901e+21
3653,-8.0903e+21
3624,-8.097e+21
4335,-8.1006e+21
4634,-8.1105e+21
3097,-8.1312e+21
4046,-8.1465e+21
4064,-8.1508e+21
4526,-8.1749e+21
5573,-8.1865e+21
3671,-8.2081e+21
3980,-8.2171e+21
2670,-8.2332e+21
4782,-8.2402e+21
3366,-8.25e+21
3127,-8.2549e+21
4263,-8.2568e+21
2452,-8.259e+21
4288,-8.2891e+21
4941,-8.3228e+21
2483,-8.3395e+21
3667,-8.35e+21
3904,-8.3542e+21
3592,-8.3575e+21
5123,-8.3582e+21
4395,-8.3589e+21
4011,-8.3636e+21
4857,-8.3821e+21
2856,-8.4014e+21
4407,-8.4067e+21
2365,-8.4522e+21
3608,-8.4578e+21
3756,-8.4597e+21
3447,-8.4627e+21
4816,-8.4697e+21
2798,-8.5146e+21
2480,-8.5497e+21
4669,-8.5576e+21
4769,-8.571e+21
2638,-8.5728e+21
4996,-8.6224e+21
2342,-8.6328e+21
4173,-8.645e+21
4659,-8.6502e+21
3779,-8.6927e+21
4364,-8.6941e+21
2877,-8.6988e+21
4203,-8.7121e+21
3003,-8.725e+21
2412,-8.7411e+21
4565,-8.7425e+21
5284,-8.752e+21
4230,-8.7545e+21
4168,-8.7623e+21
4385,-8.7642e+21
5363,-8.7731e+21
5068,-8.7831e+21
4821,-8.7944e+21
3962,-8.7975e+21
3923,-8.8047e+21
5232,-8.8057e+21
5423,-8.8304e+21
4733,-8.8624e+21
3242,-8.8637e+21
2266,-8.8672e+21
5544,-8.8832e+21
3024,-8.8876e+21
2307,-8.9026e+21
3420,-8.9068e+21
4040,-8.9235e+21
2562,-8.9428e+21
3314,-8.9467e+21
3565,-8.9531e+21
3673,-8.9569e+21
4394,-8.9661e+21
4421,-8.9668e+21
5306,-8.9685e+21
2616,-8.9745e+21
2844,-8.983e+21
5066,-8.9863e+21
5332,-9.0192e+21
2836,-9.0251e+21
5335,-9.0391e+21
4219,-9.0438e+21
5303,-9.0591e+21
4633,-9.0746e+21
4794,-9.0772e+21
2398,-9.0793e+21
2796,-9.0807e+21
3117,-9.093e+21
3936,-9.1158e+21
3776,-9.1427e+21
5138,-9.1498e+21
2894,-9.1548e+21
4251,-9.1764e+21
4518,-9.1786e+21
2791,-9.1953e+21
5131,-9.2135e+21
5022,-9.2343e+21
2925,-9.2544e+21
5311,-9.2582e+21
4954,-9.2612e+21
4475,-9.3027e+21
2719,-9.3062e+21
2961,-9.3201e+21
4525,-9.3238e+21
2335,-9.3239e+21
3614,-9.3363e+21
3512,-9.337e+21
4417,-9.345e+21
2515,-9.3595e+21
4481,-9.3784e+21
4061,-9.3797e+21
4547,-9.404e+21
5172,-9.4094e+21
2980,-9.4273e+21
3357,-9.4451e+21
2913,-9.4824e+21
3698,-9.487e+21
3177,-9.5062e+21
2459,-9.5085e+21
3574,-9.5095e+21
4883,-9.5118e+21
4810,-9.5132e+21
5251,-9.5331e+21
5269,-9.5442e+21
4354,-9.5449e+21
3874,-9.5478e+21
2339,-9.6079e+21
2589,-9.6211e+21
4115,-9.6295e+21
2682,-9.6324e+21
5114,-9.6368e+21
4281,-9.6604e+21
2675,-9.6913e+21
3030,-9.7387e+21
3782,-9.742e+21
5593,-9.7515e+21
2404,-9.7577e+21
2786,-9.7908e+21
2315,-9.7989e+21
5341,-9.7999e+21
4289,-9.829e+21
3297,-9.836e+21
2824,-9.8361e+21
3809,-9.837e+21
4563,-9.8505e+21
3829,-9.881e+21
3979,-9.8906e+21
2604,-9.8937e+21
5272,-9.9134e+21
2996,-9.9299e+21
2784,-9.9354e+21
3369,-9.9498e+21
2376,-9.9642e+21
4505,-9.9661e+21
2455,-9.9763e+21
4135,-9.9794e+21
4620,-9.98e+21
3637,-9.9805e+21
3814,-1.0011e+22
2265,-1.0023e+22
4726,-1.0045e+22
5477,-1.0048e+22
3674,-1.0052e+22
4970,-1.0061e+22
3854,-1.01e+22
3036,-1.0113e+22
5133,-1.0126e+22
3877,-1.013e+22
3356,-1.0171e+22
4153,-1.0234e+22
5391,-1.0279e+22
4120,-1.0299e+22
3460,-1.0317e+22
5561,-1.0326e+22
5401,-1.0374e+22
2921,-1.0379e+22
3040,-1.0383e+22
2757,-1.0384e+22
5374,-1.0403e+22
4106,-1.0407e+22
5287,-1.0428e+22
5406,-1.044e+22
2908,-1.0463e+22
3996,-1.0506e+22
5471,-1.052e+22
2922,-1.0528e+22
5411,-1.0555e+22
4322,-1.0561e+22
5257,-1.0565e+22
4328,-1.0565e+22
2355,-1.058e+22
4545,-1.0591e+22
2450,-1.0605e+22
2919,-1.0647e+22
2636,-1.0655e+22
3497,-1.0673e+22
4985,-1.0687e+22
5352,-1.0693e+22
4035,-1.0697e+22
3710,-1.0704e+22
4237,-1.0717e+22
5375,-1.074e+22
2781,-1.076e+22
3322,-1.0779e+22
2881,-1.0825e+22
3558,-1.0831e+22
5228,-1.0874e+22
3262,-1.0905e+22
4339,-1.0908e+22
3300,-1.0913e+22
2777,-1.0929e+22
4422,-1.0939e+22
2933,-1.098e+22
4241,-1.0991e+22
3155,-1.1017e+22
2862,-1.1027e+22
4677,-1.1028e+22
2731,-1.1036e+22
4886,-1.1045e+22
2816,-1.1054e+22
2532,-1.1054e+22
5083,-1.1095e+22
3509,-1.1126e+22
4437,-1.1132e+22
5218,-1.1144e+22
3231,-1.1177e+22
4735,-1.1191e+22
2929,-1.1193e+22
2271,-1.1193e+22
4252,-1.1209e+22
3140,-1.121e+22
5221,-1.1217e+22
3908,-1.1254e+22
4272,-1.1268e+22
2427,-1.1273e+22
4819,-1.1316e+22
3850,-1.1318e+22
3781,-1.1343e+22
5297,-1.1367e+22
3385,-1.1368e+22
3551,-1.1383e+22
3767,-1.1387e+22
5316,-1.1395e+22
2811,-1.1408e+22
2334,-1.1424e+22
4988,-1.1427e+22
4274,-1.1428e+22
3169,-1.1436e+22
2866,-1.1448e+22
4583,-1.1468e+22
4892,-1.1484e+22
4796,-1.1499e+22
2711,-1.1523e+22
5377,-1.1536e+22
4798,-1.1541e+22
4347,-1.1547e+22
2467,-1.1555e+22
4278,-1.1561e+22
5590,-1.157e+22
2705,-1.1608e+22
4019,-1.1611e+22
3483,-1.1614e+22
4997,-1.1618e+22
3269,-1.1622e+22
5538,-1.1654e+22
2920,-1.168e+22
5519,-1.1691e+22
2542,-1.1711e+22
4808,-1.1714e+22
3216,-1.1755e+22
3316,-1.1764e+22
4763,-1.1782e+22
2837,-1.1797e+22
3513,-1.1797e+22
2988,-1.1841e+22
3341,-1.1849e+22
2873,-1.1859e+22
4112,-1.1865e+22
2246,-1.1908e+22
5505,-1.1912e+22
4239,-1.1943e+22
4891,-1.1945e+22
4623,-1.1955e+22
3930,-1.1982e+22
3288,-1.2025e+22
3713,-1.2027e+22
4627,-1.204e+22
5248,-1.205e+22
2299,-1.2083e+22
3811,-1.2096e+22
5389,-1.2098e+22
4318,-1.211e+22
4372,-1.2122e+22
3895,-1.2123e+22
5061,-1.2132e+22
4828,-1.2148e+22
4303,-1.2175e+22
2260,-1.2175e+22
3593,-1.2185e+22
2780,-1.2205e+22
2838,-1.2236e+22
4652,-1.2243e+22
2360,-1.2248e+22
4009,-1.2278e+22
2689,-1.2296e+22
4373,-1.2302e+22
4413,-1.2306e+22
4613,-1.231e+22
3508,-1.2342e+22
3679,-1.2347e+22
2433,-1.2355e+22
2504,-1.2359e+22
2245,-1.2363e+22
2396,-1.238e+22
3577,-1.2411e+22
5067,-1.2451e+22
3475,-1.2477e+22
2489,-1.2495e+22
3151,-1.2505e+22
4400,-1.2509e+22
5480,-1.2523e+22
3430,-1.2535e+22
4927,-1.2536e+22
3701,-1.2546e+22
4725,-1.2555e+22
4554,-1.2589e+22
3520,-1.2598e+22
3989,-1.2638e+22
2254,-1.2638e+22
3699,-1.2644e+22
3373,-1.2687e+22
2324,-1.2756e+22
3267,-1.276e+22
4177,-1.2772e+22
2379,-1.2783e+22
4158,-1.2798e+22
2817,-1.2802e+22
4207,-1.2803e+22
4619,-1.2805e+22
2317,-1.2823e+22
2469,-1.287e+22
3133,-1.2872e+22
3994,-1.2873e+22
3031,-1.2905e+22
5271,-1.292e+22
3406,-1.2929e+22
3076,-1.293e+22
5211,-1.2937e+22
5403,-1.2943e+22
3755,-1.2951e+22
4712,-1.2972e+22
2262,-1.3042e+22
5589,-1.3045e+22
3639,-1.3056e+22
3598,-1.3058e+22
3194,-1.3066e+22
2274,-1.3104e+22
4932,-1.3124e+22
5344,-1.313e+22
4261,-1.3136e+22
4414,-1.3142e+22
4846,-1.3147e+22
4801,-1.315e+22
2297,-1.3156e+22
4029,-1.3157e+22
4864,-1.3159e+22
2301,-1.3193e+22
3337,-1.32e+22
4036,-1.3203e+22
3993,-1.3218e+22
2739,-1.3316e+22
4234,-1.3349e+22
4689,-1.3349e+22
2547,-1.3351e+22
3712,-1.3378e+22
3037,-1.3388e+22
4457,-1.3413e+22
2947,-1.3416e+22
2533,-1.3501e+22
3944,-1.3503e+22
4697,-1.3508e+22
3529,-1.3517e+22
2843,-1.3518e+22
3843,-1.3543e+22
5369,-1.3554e+22
5600,-1.3572e+22
3129,-1.3576e+22
4971,-1.3582e+22
3760,-1.3583e+22
4537,-1.359e+22
4588,-1.3609e+22
2329,-1.3622e+22
4687,-1.3627e+22
4833,-1.3634e+22
2729,-1.3643e+22
2512,-1.3662e+22
4007,-1.3664e+22
2903,-1.3665e+22
2296,-1.3712e+22
4133,-1.3722e+22
5079,-1.3727e+22
3617,-1.3731e+22
3868,-1.3793e+22
2734,-1.3799e+22
5402,-1.3839e+22
5426,-1.3872e+22
4370,-1.3911e+22
2544,-1.3914e+22
3953,-1.3968e+22
4626,-1.4014e+22
3444,-1.4019e+22
3968,-1.4046e+22
3599,-1.4057e+22
4116,-1.4096e+22
4478,-1.4102e+22
4953,-1.4115e+22
3926,-1.4122e+22
2384,-1.4131e+22
4450,-1.4137e+22
3042,-1.414e+22
4299,-1.42e+22
3682,-1.4215e+22
2279,-1.4249e+22
5204,-1.4266e+22
2461,-1.4274e+22
3285,-1.4288e+22
4483,-1.4292e+22
4359,-1.4295e+22
3839,-1.4299e+22
5283,-1.4303e+22
2696,-1.431e+22
4938,-1.4325e+22
2767,-1.4345e+22
5420,-1.4345e+22
3163,-1.4347e+22
4916,-1.4364e+22
2746,-1.4367e+22
4611,-1.4369e+22
2788,-1.4371e+22
2546,-1.4377e+22
2926,-1.4446e+22
2353,-1.4462e+22
5065,-1.4466e+22
3706,-1.4476e+22
5531,-1.448e+22
4432,-1.4489e+22
5254,-1.4511e+22
2827,-1.4513e+22
2660,-1.4515e+22
3182,-1.452e+22
5358,-1.4523e+22
2923,-1.4545e+22
3481,-1.4552e+22
4739,-1.4559e+22
4730,-1.4566e+22
3043,-1.4587e+22
4490,-1.4591e+22
3187,-1.4606e+22
3375,-1.4673e+22
3818,-1.4676e+22
3174,-1.4735e+22
3937,-1.4744e+22
2829,-1.4748e+22
5390,-1.4758e+22
4636,-1.4783e+22
5418,-1.4817e+22
4958,-1.485e+22
5464,-1.4865e+22
4227,-1.496e+22
4832,-1.4975e+22
5053,-1.4981e+22
4572,-1.4982e+22
4344,-1.5009e+22
3348,-1.5021e+22
4805,-1.5032e+22
2936,-1.5055e+22
2300,-1.5056e+22
3383,-1.5072e+22
3204,-1.5076e+22
3062,-1.5078e+22
2822,-1.5087e+22
2953,-1.5111e+22
3765,-1.5114e+22
4028,-1.5121e+22
4175,-1.5167e+22
4247,-1.5174e+22
5454,-1.5227e+22
2752,-1.5277e+22
4658,-1.5312e+22
4484,-1.5324e+22
5276,-1.5349e+22
2397,-1.5349e+22
4535,-1.5355e+22
3389,-1.5371e+22
4006,-1.5388e+22
5069,-1.5401e+22
5020,-1.5426e+22
4544,-1.543e+22
4691,-1.5436e+22
3186,-1.5448e+22
4098,-1.5511e+22
4180,-1.5518e+22
4079,-1.552e+22
4451,-1.5529e+22
3778,-1.5561e+22
4800,-1.5579e+22
4678,-1.5591e+22
3104,-1.5592e+22
5140,-1.5604e+22
2333,-1.5649e+22
3143,-1.5661e+22
2293,-1.5669e+22
3972,-1.5681e+22
3543,-1.5698e+22
4949,-1.5715e+22
5386,-1.5735e+22
2582,-1.5751e+22
3118,-1.5753e+22
4584,-1.5761e+22
4008,-1.5792e+22
4276,-1.5792e+22
4205,-1.5799e+22
2288,-1.5805e+22
4904,-1.581e+22
3015,-1.5816e+22
3738,-1.5831e+22
2289,-1.5869e+22
2550,-1.5929e+22
5240,-1.5939e+22
5404,-1.5944e+22
2679,-1.5959e+22
5236,-1.5975e+22
2766,-1.5981e+22
4310,-1.6006e+22
2283,-1.6013e+22
3638,-1.6058e+22
4871,-1.6112e+22
4699,-1.6136e+22
4907,-1.6154e+22
3352,-1.6171e+22
5587,-1.6208e+22
2505,-1.6212e+22
2571,-1.6235e+22
4704,-1.6283e+22
4474,-1.6291e+22
3178,-1.6307e+22
5459,-1.6357e+22
3469,-1.6391e+22
4512,-1.6433e+22
4379,-1.646e+22
5571,-1.6487e+22
4508,-1.6499e+22
4206,-1.6523e+22
3365,-1.6539e+22
3028,-1.6542e+22
2261,-1.6547e+22
2310,-1.6616e+22
2423,-1.6638e+22
2485,-1.6658e+22
4204,-1.6668e+22
3742,-1.6702e+22
2741,-1.6702e+22
3492,-1.6705e+22
2518,-1.6712e+22
4269,-1.6724e+22
5496,-1.6775e+22
5126,-1.6781e+22
4162,-1.6785e+22
3087,-1.6862e+22
4217,-1.6904e+22
3131,-1.6911e+22
4333,-1.7001e+22
5180,-1.7011e+22
5073,-1.7048e+22
2875,-1.705e+22
2491,-1.7071e+22
4838,-1.7107e+22
4767,-1.7138e+22
2982,-1.7173e+22
3762,-1.718e+22
4924,-1.7187e+22
2943,-1.7214e+22
3942,-1.7241e+22
4513,-1.7253e+22
4762,-1.7262e+22
5188,-1.7268e+22
5005,-1.7287e+22
2753,-1.7351e+22
3056,-1.737e+22
4635,-1.7385e+22
3099,-1.7388e+22
4759,-1.7388e+22
3573,-1.7394e+22
5312,-1.7411e+22
4268,-1.7446e+22
3580,-1.7471e+22
2510,-1.7473e+22
5034,-1.7497e+22
3737,-1.7536e+22
5370,-1.7561e+22
3863,-1.7579e+22
2347,-1.7586e+22
4714,-1.7587e+22
4442,-1.7594e+22
3363,-1.7601e+22
3967,-1.7613e+22
3813,-1.7618e+22
2572,-1.7679e+22
3830,-1.7709e+22
2724,-1.7718e+22
4566,-1.7745e+22
4709,-1.7786e+22
5189,-1.7809e+22
4647,-1.7819e+22
4955,-1.7836e+22
4560,-1.7856e+22
3747,-1.7878e+22
2910,-1.7901e+22
5220,-1.7924e+22
4656,-1.7948e+22
5308,-1.7991e+22
3488,-1.7992e+22
2657,-1.8007e+22
5196,-1.8013e+22
5305,-1.8048e+22
4127,-1.8078e+22
2431,-1.8081e+22
4128,-1.8116e+22
4377,-1.8124e+22
5062,-1.8133e+22
4813,-1.8157e+22
5460,-1.817e+22
5261,-1.8288e+22
3764,-1.8338e+22
3642,-1.8433e+22
3856,-1.8452e+22
3034,-1.8454e+22
3317,-1.8463e+22
4117,-1.8483e+22
3020,-1.8523e+22
2950,-1.853e+22
2799,-1.8537e+22
2298,-1.8586e+22
2325,-1.8596e+22
4265,-1.861e+22
3055,-1.8613e+22
3805,-1.8636e+22
4059,-1.8686e+22
3773,-1.8704e+22
2742,-1.8713e+22
2700,-1.874e+22
5217,-1.8816e+22
4975,-1.8818e+22
5498,-1.8825e+22
4934,-1.8837e+22
2654,-1.8862e+22
3159,-1.8862e+22
4501,-1.8894e+22
2405,-1.8928e+22
4858,-1.8932e+22
3376,-1.9041e+22
4807,-1.9057e+22
3562,-1.9064e+22
5367,-1.9088e+22
4164,-1.9098e+22
4315,-1.9152e+22
5277,-1.925e+22
4108,-1.9251e+22
5382,-1.9253e+22
3586,-1.9285e+22
3905,-1.9307e+22
2863,-1.9323e+22
2617,-1.9325e+22
2678,-1.9376e+22
5520,-1.9387e+22
5485,-1.9433e+22
3963,-1.944e+22
2662,-1.944e+22
5325,-1.9448e+22
5410,-1.9483e+22
4610,-1.9489e+22
2619,-1.95e+22
3198,-1.9548e+22
2478,-1.9571e+22
4559,-1.9636e+22
4280,-1.9639e+22
2754,-1.9645e+22
4874,-1.9703e+22
3202,-1.9751e+22
3490,-1.9759e+22
5383,-1.9811e+22
5092,-1.9824e+22
4033,-1.9842e+22
3189,-1.9904e+22
5385,-1.9935e+22
4774,-1.9943e+22
3106,-1.9991e+22
5242,-2.0044e+22
3983,-2.0046e+22
3274,-2.0063e+22
5333,-2.0073e+22
3368,-2.0087e+22
3470,-2.0089e+22
4876,-2.0105e+22
3278,-2.017e+22
5091,-2.0232e+22
2944,-2.0257e+22
4074,-2.0286e+22
5314,-2.0294e+22
3248,-2.0294e+22
3487,-2.0348e+22
3495,-2.0375e+22
3026,-2.0398e+22
2442,-2.0406e+22
3728,-2.0413e+22
2508,-2.0414e+22
5029,-2.0416e+22
2857,-2.0433e+22
5176,-2.0442e+22
4231,-2.0445e+22
2549,-2.048e+22
4639,-2.0521e+22
5580,-2.0545e+22
4865,-2.058e+22
2745,-2.0599e+22
4966,-2.0634e+22
4983,-2.0644e+22
3482,-2.0645e+22
4999,-2.065e+22
4597,-2.0681e+22
3149,-2.0742e+22
3831,-2.076e+22
5057,-2.0777e+22
5298,-2.0828e+22
2809,-2.0841e+22
3234,-2.0859e+22
4147,-2.0871e+22
3799,-2.0885e+22
5214,-2.0887e+22
4214,-2.0926e+22
2901,-2.0977e+22
5174,-2.0984e+22
5586,-2.1025e+22
4311,-2.109e+22
3510,-2.1095e+22
2639,-2.119e+22
4718,-2.1231e+22
3659,-2.1246e+22
3023,-2.1248e+22
3477,-2.1275e+22
3555,-2.1301e+22
5472,-2.1304e+22
4365,-2.1319e+22
5364,-2.1337e+22
5246,-2.1348e+22
4643,-2.1384e+22
4122,-2.1438e+22
4017,-2.1495e+22
3595,-2.1515e+22
3268,-2.1527e+22
2779,-2.1531e+22
4405,-2.1534e+22
3787,-2.1597e+22
2548,-2.1608e+22
2306,-2.1627e+22
4651,-2.1709e+22
3842,-2.1728e+22
4139,-2.1737e+22
5431,-2.1889e+22
2256,-2.1894e+22
3800,-2.1917e+22
5194,-2.1921e+22
2424,-2.1932e+22
2448,-2.1937e+22
4592,-2.2052e+22
3897,-2.2053e+22
4589,-2.2058e+22
3719,-2.2072e+22
4902,-2.2134e+22
2932,-2.2138e+22
3474,-2.2147e+22
4016,-2.2175e+22
4403,-2.2227e+22
4550,-2.2255e+22
3869,-2.2263e+22
4338,-2.2305e+22
4992,-2.2429e+22
4210,-2.2452e+22
3467,-2.2458e+22
3421,-2.2484e+22
5018,-2.25e+22
3986,-2.25e+22
5495,-2.2632e+22
4103,-2.2639e+22
5319,-2.2707e+22
4861,-2.2708e+22
3535,-2.272e+22
5507,-2.2732e+22
5326,-2.2765e+22
4744,-2.2808e+22
4962,-2.2817e+22
3974,-2.2873e+22
2356,-2.2978e+22
4279,-2.3132e+22
4297,-2.315e+22
2287,-2.3166e+22
2976,-2.3308e+22
4476,-2.3326e+22
5534,-2.3396e+22
3397,-2.3446e+22
3434,-2.3467e+22
4039,-2.3487e+22
2853,-2.3508e+22
3394,-2.3549e+22
2810,-2.3585e+22
4350,-2.3691e+22
4851,-2.3712e+22
4069,-2.3911e+22
3332,-2.3923e+22
3663,-2.3928e+22
4688,-2.4007e+22
3468,-2.4043e+22
3320,-2.4084e+22
5152,-2.4116e+22
3437,-2.4133e+22
2457,-2.4202e+22
2623,-2.4211e+22
4641,-2.4251e+22
5179,-2.435e+22
3018,-2.4363e+22
3185,-2.4399e+22
3359,-2.4471e+22
3793,-2.4498e+22
2316,-2.4891e+22
4286,-2.4919e+22
3902,-2.4939e+22
2251,-2.5011e+22
3999,-2.5086e+22
3735,-2.5172e+22
2669,-2.5271e+22
4978,-2.5272e+22
2366,-2.538e+22
4950,-2.5442e+22
4163,-2.562e+22
4293,-2.5833e+22
5270,-2.5924e+22
5453,-2.5935e+22
3347,-2.6028e+22
4218,-2.6064e+22
5231,-2.6092e+22
3440,-2.6187e+22
3726,-2.623e+22
4002,-2.6237e+22
3302,-2.6334e+22
4387,-2.6599e+22
3485,-2.6688e+22
5081,-2.6752e+22
3644,-2.6948e+22
3167,-2.7027e+22
3021,-2.7632e+22
5381,-2.7692e+22
5533,-2.7729e+22
2606,-2.774e+22
3966,-2.7958e+22
4472,-2.8145e+22
4524,-2.8232e+22
5517,-2.8264e+22
4479,-2.8423e+22
3864,-2.8512e+22
4855,-2.875e+22
2443,-2.8773e+22
3849,-2.9002e+22
5408,-2.9098e+22
4590,-2.9541e+22
3115,-3.0122e+22
