1,-5.8698e+19
2,-5.9301e+19
3,-6.667e+19
4,-6.8321e+19
5,-6.9342e+19
2297,-6.9669e+19
2339,-6.9735e+19
6,-7.0256e+19
3375,-7.195e+19
7,-7.2335e+19
8,-7.2748e+19
2391,-7.3068e+19
4330,-7.4176e+19
3588,-7.4544e+19
3657,-7.4687e+19
3111,-7.5145e+19
9,-7.5948e+19
10,-7.6048e+19
3340,-7.9039e+19
11,-7.9173e+19
12,-8.0118e+19
13,-8.0185e+19
14,-8.093e+19
4517,-8.0933e+19
15,-8.1159e+19
16,-8.1484e+19
3766,-8.1543e+19
3401,-8.1794e+19
5303,-8.2049e+19
17,-8.27e+19
18,-8.3607e+19
4242,-8.3982e+19
3577,-8.4162e+19
19,-8.4255e+19
20,-8.4676e+19
3381,-8.4725e+19
21,-8.516e+19
22,-8.5343e+19
23,-8.5382e+19
24,-8.5383e+19
25,-8.5421e+19
2389,-8.5453e+19
26,-8.5526e+19
27,-8.575e+19
28,-8.5819e+19
29,-8.6077e+19
30,-8.6425e+19
31,-8.6748e+19
3430,-8.6818e+19
32,-8.6841e+19
5168,-8.7038e+19
33,-8.7348e+19
34,-8.7469e+19
4804,-8.801e+19
4164,-8.8152e+19
4597,-8.8615e+19
35,-8.9266e+19
36,-8.9521e+19
3940,-8.9524e+19
4222,-8.9651e+19
37,-9.0675e+19
38,-9.0858e+19
5203,-9.0889e+19
39,-9.1072e+19
3522,-9.1509e+19
40,-9.2045e+19
5158,-9.2214e+19
41,-9.225e+19
42,-9.2307e+19
43,-9.2372e+19
44,-9.2461e+19
45,-9.2543e+19
46,-9.3057e+19
4673,-9.3095e+19
3062,-9.3144e+19
4926,-9.3219e+19
3627,-9.3859e+19
47,-9.4179e+19
48,-9.4242e+19
49,-9.4881e+19
50,-9.4934e+19
4769,-9.4997e+19
5401,-9.5108e+19
2990,-9.512e+19
51,-9.5384e+19
52,-9.5441e+19
53,-9.5574e+19
54,-9.5872e+19
3548,-9.5923e+19
55,-9.6126e+19
56,-9.7189e+19
57,-9.7278e+19
58,-9.7359e+19
59,-9.741e+19
60,-9.7722e+19
2944,-9.7919e+19
3136,-9.8493e+19
61,-9.8502e+19
62,-9.8792e+19
3247,-9.891e+19
4114,-9.9022e+19
63,-9.9118e+19
64,-9.9209e+19
4684,-9.9291e+19
3549,-9.9822e+19
2858,-9.9905e+19
3246,-9.9925e+19
65,-1.0014e+20
66,-1.007e+20
5345,-1.008e+20
4514,-1.0081e+20
67,-1.0108e+20
68,-1.0153e+20
2899,-1.0158e+20
69,-1.016e+20
70,-1.0164e+20
3138,-1.0178e+20
71,-1.0194e+20
72,-1.0206e+20
2501,-1.0222e+20
4352,-1.0233e+20
73,-1.0238e+20
5253,-1.0248e+20
3393,-1.0251e+20
74,-1.0284e+20
3463,-1.0285e+20
75,-1.0285e+20
2530,-1.0297e+20
76,-1.0297e+20
3652,-1.0305e+20
3775,-1.0327e+20
2247,-1.0339e+20
3429,-1.0377e+20
77,-1.0381e+20
78,-1.0388e+20
3100,-1.0389e+20
5066,-1.0394e+20
79,-1.0397e+20
80,-1.0402e+20
81,-1.0412e+20
3660,-1.0431e+20
82,-1.0436e+20
83,-1.0458e+20
84,-1.0499e+20
85,-1.0528e+20
5434,-1.0547e+20
3168,-1.0555e+20
86,-1.0581e+20
87,-1.0615e+20
88,-1.0621e+20
3801,-1.0644e+20
89,-1.0673e+20
3754,-1.0694e+20
90,-1.0712e+20
91,-1.072e+20
92,-1.0733e+20
93,-1.0776e+20
4592,-1.0778e+20
3519,-1.0783e+20
94,-1.08e+20
95,-1.0806e+20
96,-1.0808e+20
97,-1.0811e+20
98,-1.0821e+20
5589,-1.0833e+20
2325,-1.0836e+20
99,-1.0846e+20
3367,-1.0906e+20
4098,-1.0918e+20
5042,-1.0925e+20
100,-1.0933e+20
101,-1.0952e+20
102,-1.0965e+20
103,-1.0995e+20
5095,-1.1006e+20
104,-1.1006e+20
105,-1.1012e+20
106,-1.1069e+20
107,-1.109e+20
108,-1.1105e+20
109,-1.1153e+20
3294,-1.1156e+20
110,-1.1173e+20
111,-1.1184e+20
4548,-1.1187e+20
112,-1.1187e+20
5277,-1.1205e+20
113,-1.1214e+20
114,-1.1219e+20
3771,-1.1233e+20
2837,-1.1234e+20
115,-1.1237e+20
116,-1.1255e+20
4761,-1.1284e+20
117,-1.1286e+20
118,-1.1288e+20
119,-1.1301e+20
120,-1.1318e+20
121,-1.1351e+20
122,-1.1385e+20
123,-1.1386e+20
124,-1.1392e+20
125,-1.141e+20
126,-1.141e+20
4942,-1.1411e+20
127,-1.1425e+20
128,-1.1432e+20
129,-1.1475e+20
3250,-1.1483e+20
130,-1.1488e+20
131,-1.1494e+20
5585,-1.1499e+20
132,-1.1527e+20
133,-1.1527e+20
134,-1.1535e+20
5285,-1.154e+20
135,-1.1545e+20
136,-1.1549e+20
137,-1.1578e+20
138,-1.161e+20
139,-1.1618e+20
140,-1.1628e+20
4325,-1.1632e+20
141,-1.1637e+20
142,-1.1669e+20
5467,-1.167e+20
143,-1.1676e+20
144,-1.1698e+20
145,-1.1724e+20
146,-1.1737e+20
3206,-1.1741e+20
147,-1.1761e+20
4879,-1.1777e+20
148,-1.1793e+20
5570,-1.1802e+20
3559,-1.1809e+20
149,-1.1829e+20
5583,-1.1881e+20
3669,-1.1898e+20
5327,-1.1916e+20
4048,-1.1919e+20
150,-1.1935e+20
4191,-1.1956e+20
4603,-1.1981e+20
2925,-1.1987e+20
5038,-1.2006e+20
2836,-1.2008e+20
3719,-1.201e+20
2475,-1.2016e+20
151,-1.2019e+20
152,-1.2049e+20
5400,-1.2079e+20
2542,-1.2085e+20
4362,-1.2098e+20
153,-1.2105e+20
154,-1.2106e+20
3507,-1.2138e+20
155,-1.2141e+20
156,-1.2142e+20
157,-1.2151e+20
3740,-1.2152e+20
158,-1.2156e+20
5411,-1.2197e+20
159,-1.2201e+20
2928,-1.2219e+20
160,-1.2251e+20
161,-1.2259e+20
2715,-1.2265e+20
162,-1.2267e+20
163,-1.2289e+20
164,-1.2292e+20
165,-1.2303e+20
3091,-1.232e+20
166,-1.2342e+20
3106,-1.2385e+20
167,-1.24e+20
2611,-1.2417e+20
168,-1.2425e+20
169,-1.2446e+20
2873,-1.2467e+20
170,-1.2489e+20
171,-1.2507e+20
172,-1.2513e+20
173,-1.2513e+20
4553,-1.2513e+20
174,-1.2525e+20
175,-1.2525e+20
176,-1.2533e+20
177,-1.2535e+20
2315,-1.2539e+20
5464,-1.256e+20
178,-1.2561e+20
179,-1.2587e+20
180,-1.2599e+20
181,-1.2606e+20
182,-1.2637e+20
183,-1.2656e+20
184,-1.2675e+20
5386,-1.2693e+20
185,-1.2713e+20
3733,-1.2713e+20
186,-1.2726e+20
187,-1.2729e+20
188,-1.2746e+20
5204,-1.2747e+20
3134,-1.2748e+20
3191,-1.2749e+20
2998,-1.2783e+20
189,-1.2784e+20
190,-1.2796e+20
4236,-1.2809e+20
191,-1.2811e+20
5049,-1.2813e+20
192,-1.2819e+20
193,-1.2839e+20
194,-1.284e+20
5426,-1.2848e+20
195,-1.2865e+20
196,-1.2899e+20
4180,-1.2907e+20
4451,-1.2918e+20
197,-1.293e+20
198,-1.2936e+20
4085,-1.2942e+20
3724,-1.2973e+20
199,-1.298e+20
200,-1.2998e+20
201,-1.3005e+20
4321,-1.3027e+20
4602,-1.3034e+20
202,-1.3052e+20
203,-1.3074e+20
204,-1.3099e+20
205,-1.3103e+20
206,-1.3104e+20
5578,-1.3124e+20
207,-1.3127e+20
208,-1.3138e+20
209,-1.3157e+20
3056,-1.3171e+20
210,-1.3176e+20
211,-1.3188e+20
3569,-1.3222e+20
5318,-1.3232e+20
3670,-1.327e+20
212,-1.3304e+20
213,-1.331e+20
214,-1.3316e+20
4323,-1.3325e+20
215,-1.3327e+20
3955,-1.3367e+20
216,-1.3368e+20
217,-1.3371e+20
218,-1.3378e+20
5104,-1.338e+20
219,-1.3404e+20
220,-1.3424e+20
221,-1.3424e+20
222,-1.3441e+20
223,-1.3457e+20
224,-1.3465e+20
225,-1.3475e+20
226,-1.3504e+20
227,-1.3536e+20
228,-1.3576e+20
229,-1.3581e+20
230,-1.359e+20
231,-1.3612e+20
4652,-1.3633e+20
232,-1.3646e+20
233,-1.3657e+20
234,-1.3681e+20
235,-1.3687e+20
3570,-1.3696e+20
236,-1.372e+20
237,-1.3727e+20
4656,-1.3774e+20
238,-1.3787e+20
4481,-1.379e+20
239,-1.3795e+20
240,-1.381e+20
241,-1.382e+20
242,-1.3835e+20
5440,-1.384e+20
243,-1.3852e+20
2322,-1.3863e+20
244,-1.3868e+20
3494,-1.3871e+20
4121,-1.3873e+20
245,-1.3878e+20
5459,-1.3886e+20
4538,-1.3889e+20
246,-1.3945e+20
247,-1.3946e+20
248,-1.3961e+20
249,-1.3962e+20
4399,-1.3975e+20
250,-1.3983e+20
3432,-1.3988e+20
251,-1.4003e+20
252,-1.4003e+20
4017,-1.4011e+20
253,-1.4017e+20
254,-1.4034e+20
255,-1.4059e+20
256,-1.4064e+20
257,-1.4078e+20
258,-1.4087e+20
259,-1.4129e+20
3337,-1.4142e+20
260,-1.415e+20
3696,-1.4174e+20
4475,-1.4178e+20
261,-1.4179e+20
3087,-1.4186e+20
262,-1.42e+20
5280,-1.423e+20
263,-1.4287e+20
264,-1.4321e+20
265,-1.4335e+20
266,-1.4342e+20
267,-1.4367e+20
268,-1.4367e+20
269,-1.437e+20
3299,-1.4376e+20
3730,-1.4397e+20
270,-1.4407e+20
271,-1.4427e+20
272,-1.4445e+20
273,-1.4466e+20
3673,-1.4476e+20
5191,-1.4488e+20
274,-1.45e+20
275,-1.451e+20
3711,-1.4516e+20
276,-1.4517e+20
277,-1.4542e+20
278,-1.4544e+20
279,-1.4547e+20
280,-1.4549e+20
281,-1.4555e+20
2245,-1.458e+20
282,-1.458e+20
283,-1.4598e+20
284,-1.4606e+20
285,-1.4612e+20
286,-1.4621e+20
287,-1.4624e+20
3965,-1.4652e+20
4529,-1.4653e+20
288,-1.4662e+20
289,-1.4666e+20
290,-1.4671e+20
291,-1.4672e+20
292,-1.4686e+20
293,-1.469e+20
4904,-1.4692e+20
294,-1.4699e+20
4420,-1.47e+20
295,-1.4706e+20
296,-1.4755e+20
297,-1.4767e+20
298,-1.4777e+20
299,-1.4834e+20
300,-1.4837e+20
301,-1.4841e+20
302,-1.4844e+20
303,-1.4851e+20
3667,-1.4868e+20
304,-1.4878e+20
4751,-1.4882e+20
305,-1.4924e+20
3184,-1.4928e+20
306,-1.4957e+20
307,-1.4967e+20
308,-1.4983e+20
3187,-1.4992e+20
3451,-1.5004e+20
3123,-1.5006e+20
309,-1.501e+20
3767,-1.5025e+20
310,-1.5034e+20
311,-1.5061e+20
3180,-1.5078e+20
5502,-1.5086e+20
4030,-1.5158e+20
4136,-1.5174e+20
2841,-1.5182e+20
312,-1.5183e+20
313,-1.5188e+20
314,-1.5192e+20
5517,-1.5203e+20
2865,-1.5204e+20
2753,-1.5204e+20
3397,-1.5223e+20
3061,-1.5226e+20
3162,-1.5229e+20
315,-1.5231e+20
3484,-1.5234e+20
316,-1.5243e+20
317,-1.5248e+20
318,-1.5267e+20
319,-1.529e+20
2250,-1.5296e+20
320,-1.5316e+20
321,-1.5322e+20
322,-1.5328e+20
323,-1.5374e+20
5020,-1.5375e+20
324,-1.5379e+20
325,-1.5409e+20
326,-1.5419e+20
5566,-1.5465e+20
2635,-1.5467e+20
327,-1.5469e+20
328,-1.547e+20
5590,-1.5486e+20
329,-1.551e+20
330,-1.552e+20
4237,-1.5524e+20
331,-1.5534e+20
332,-1.5535e+20
5181,-1.5552e+20
333,-1.5578e+20
3447,-1.5616e+20
334,-1.5623e+20
2833,-1.5626e+20
335,-1.5631e+20
4335,-1.5632e+20
336,-1.5639e+20
337,-1.5681e+20
3837,-1.5691e+20
338,-1.5706e+20
339,-1.5714e+20
340,-1.5719e+20
341,-1.5739e+20
4996,-1.5743e+20
4739,-1.5761e+20
342,-1.5772e+20
343,-1.5786e+20
344,-1.5795e+20
345,-1.5799e+20
346,-1.5801e+20
347,-1.581e+20
348,-1.5831e+20
349,-1.5833e+20
350,-1.5845e+20
351,-1.5876e+20
352,-1.5915e+20
353,-1.5945e+20
2368,-1.5953e+20
354,-1.5966e+20
3758,-1.5966e+20
355,-1.597e+20
356,-1.5999e+20
357,-1.6006e+20
3648,-1.6014e+20
358,-1.6032e+20
359,-1.6032e+20
360,-1.6042e+20
361,-1.6043e+20
4273,-1.6076e+20
362,-1.6079e+20
3604,-1.608e+20
363,-1.6098e+20
364,-1.6099e+20
365,-1.6124e+20
366,-1.6129e+20
367,-1.6147e+20
368,-1.6154e+20
369,-1.6156e+20
370,-1.6193e+20
4866,-1.6223e+20
5308,-1.6242e+20
371,-1.6251e+20
372,-1.6255e+20
373,-1.6262e+20
374,-1.6271e+20
375,-1.6288e+20
5194,-1.6299e+20
3900,-1.6305e+20
376,-1.6314e+20
4902,-1.6317e+20
2387,-1.6317e+20
377,-1.6326e+20
378,-1.6331e+20
379,-1.6339e+20
3825,-1.6358e+20
380,-1.6374e+20
381,-1.6399e+20
382,-1.6406e+20
4096,-1.6424e+20
383,-1.6429e+20
384,-1.6444e+20
2608,-1.6445e+20
3302,-1.645e+20
3566,-1.6451e+20
3306,-1.646e+20
385,-1.6487e+20
386,-1.6516e+20
387,-1.6529e+20
388,-1.6553e+20
389,-1.6569e+20
4018,-1.6592e+20
390,-1.6612e+20
391,-1.6654e+20
392,-1.673e+20
393,-1.6763e+20
3025,-1.6765e+20
394,-1.6769e+20
395,-1.6781e+20
5476,-1.6782e+20
396,-1.6807e+20
397,-1.6821e+20
4097,-1.6822e+20
398,-1.6878e+20
399,-1.6886e+20
2846,-1.6908e+20
400,-1.6927e+20
401,-1.6936e+20
402,-1.6946e+20
403,-1.6952e+20
5215,-1.6962e+20
404,-1.6983e+20
2678,-1.7016e+20
3920,-1.7059e+20
5360,-1.7069e+20
405,-1.7096e+20
406,-1.7112e+20
2347,-1.7112e+20
3591,-1.7123e+20
407,-1.7126e+20
408,-1.7136e+20
409,-1.7146e+20
410,-1.7151e+20
3646,-1.7156e+20
411,-1.717e+20
412,-1.718e+20
413,-1.7183e+20
414,-1.7202e+20
415,-1.7233e+20
2412,-1.7258e+20
3398,-1.7296e+20
416,-1.7297e+20
417,-1.7388e+20
3909,-1.7417e+20
418,-1.7437e+20
2337,-1.7448e+20
419,-1.7452e+20
420,-1.7452e+20
421,-1.746e+20
422,-1.7479e+20
423,-1.7519e+20
424,-1.7522e+20
4415,-1.7525e+20
2321,-1.7549e+20
425,-1.7553e+20
426,-1.7554e+20
2945,-1.7559e+20
4838,-1.7566e+20
5140,-1.7598e+20
3351,-1.76e+20
5165,-1.76e+20
427,-1.7626e+20
428,-1.7629e+20
4713,-1.7642e+20
429,-1.7667e+20
5057,-1.7697e+20
430,-1.7702e+20
2568,-1.7768e+20
431,-1.7772e+20
432,-1.7774e+20
5317,-1.7788e+20
433,-1.7805e+20
434,-1.783e+20
3334,-1.7838e+20
4057,-1.7841e+20
3361,-1.7898e+20
435,-1.7915e+20
436,-1.7932e+20
5352,-1.7944e+20
437,-1.7947e+20
438,-1.7956e+20
3157,-1.797e+20
439,-1.7977e+20
3575,-1.7985e+20
5533,-1.7985e+20
440,-1.7986e+20
441,-1.7998e+20
3210,-1.8021e+20
442,-1.8034e+20
443,-1.8054e+20
444,-1.8077e+20
445,-1.8111e+20
446,-1.8126e+20
447,-1.8176e+20
448,-1.8218e+20
2401,-1.8244e+20
449,-1.8257e+20
450,-1.8258e+20
451,-1.8282e+20
452,-1.8306e+20
3565,-1.8311e+20
4380,-1.8314e+20
4925,-1.832e+20
453,-1.8331e+20
2727,-1.8358e+20
454,-1.8359e+20
455,-1.8365e+20
4004,-1.8397e+20
3951,-1.841e+20
456,-1.8444e+20
457,-1.8474e+20
3238,-1.8479e+20
458,-1.8487e+20
459,-1.8502e+20
460,-1.8505e+20
461,-1.8505e+20
462,-1.8506e+20
463,-1.8512e+20
464,-1.8517e+20
465,-1.856e+20
3858,-1.8562e+20
466,-1.8585e+20
2712,-1.8593e+20
5577,-1.8636e+20
467,-1.8662e+20
468,-1.8683e+20
469,-1.8736e+20
470,-1.8763e+20
3064,-1.8782e+20
471,-1.8787e+20
472,-1.8797e+20
473,-1.8806e+20
474,-1.8817e+20
3656,-1.8817e+20
5208,-1.8831e+20
4395,-1.888e+20
4406,-1.8884e+20
475,-1.89e+20
4642,-1.8903e+20
476,-1.8908e+20
4971,-1.8914e+20
2881,-1.8932e+20
2547,-1.8936e+20
477,-1.8944e+20
2951,-1.8946e+20
478,-1.8958e+20
479,-1.8965e+20
480,-1.8975e+20
3413,-1.8978e+20
481,-1.8984e+20
482,-1.8991e+20
483,-1.9027e+20
2420,-1.9032e+20
4329,-1.9036e+20
484,-1.9059e+20
3830,-1.9062e+20
485,-1.9094e+20
4485,-1.9127e+20
486,-1.9167e+20
487,-1.9168e+20
488,-1.9177e+20
489,-1.9185e+20
4599,-1.9205e+20
490,-1.9233e+20
491,-1.9261e+20
492,-1.9262e+20
493,-1.9265e+20
494,-1.9287e+20
495,-1.9287e+20
496,-1.9292e+20
497,-1.9316e+20
498,-1.9324e+20
499,-1.9333e+20
500,-1.9334e+20
501,-1.9358e+20
502,-1.9363e+20
503,-1.9366e+20
504,-1.9366e+20
505,-1.9387e+20
5535,-1.9402e+20
506,-1.9433e+20
507,-1.9434e+20
508,-1.9435e+20
509,-1.9453e+20
510,-1.9454e+20
511,-1.9519e+20
512,-1.9554e+20
513,-1.9568e+20
514,-1.9589e+20
515,-1.9603e+20
2897,-1.9627e+20
4404,-1.9672e+20
516,-1.9673e+20
517,-1.9675e+20
2411,-1.9774e+20
518,-1.9783e+20
519,-1.9784e+20
520,-1.9784e+20
521,-1.9789e+20
522,-1.979e+20
2548,-1.9838e+20
4775,-1.9847e+20
523,-1.9867e+20
4198,-1.9867e+20
524,-1.9874e+20
525,-1.9904e+20
2362,-1.9916e+20
5151,-1.9932e+20
4731,-1.9939e+20
5559,-1.9961e+20
526,-1.9996e+20
5435,-2.0065e+20
527,-2.0076e+20
528,-2.0097e+20
529,-2.0119e+20
530,-2.0146e+20
5288,-2.0161e+20
531,-2.0183e+20
4575,-2.0196e+20
3896,-2.0289e+20
2952,-2.0297e+20
532,-2.0328e+20
4015,-2.0337e+20
3225,-2.0343e+20
533,-2.0367e+20
534,-2.0368e+20
3420,-2.0397e+20
535,-2.0429e+20
536,-2.0432e+20
5373,-2.0441e+20
537,-2.0446e+20
538,-2.0465e+20
3580,-2.0471e+20
4265,-2.0474e+20
539,-2.0499e+20
540,-2.052e+20
2839,-2.0599e+20
541,-2.0609e+20
4507,-2.0633e+20
542,-2.0661e+20
543,-2.0691e+20
4443,-2.0701e+20
544,-2.0721e+20
2669,-2.073e+20
545,-2.0737e+20
546,-2.0744e+20
547,-2.0793e+20
548,-2.0814e+20
549,-2.083e+20
3617,-2.0864e+20
2513,-2.0896e+20
550,-2.0901e+20
551,-2.092e+20
552,-2.0962e+20
553,-2.0965e+20
3874,-2.1028e+20
554,-2.1077e+20
555,-2.1094e+20
556,-2.1117e+20
557,-2.1187e+20
558,-2.1239e+20
2593,-2.1249e+20
559,-2.1304e+20
560,-2.1332e+20
561,-2.1345e+20
562,-2.1364e+20
563,-2.1374e+20
564,-2.1424e+20
565,-2.144e+20
566,-2.1476e+20
567,-2.149e+20
568,-2.1497e+20
569,-2.152e+20
570,-2.1542e+20
571,-2.1549e+20
572,-2.1569e+20
573,-2.1585e+20
574,-2.1616e+20
575,-2.1675e+20
576,-2.1686e+20
577,-2.1714e+20
3941,-2.1761e+20
3425,-2.1763e+20
578,-2.177e+20
579,-2.1805e+20
580,-2.1834e+20
581,-2.1866e+20
3906,-2.1941e+20
3532,-2.196e+20
582,-2.1994e+20
4111,-2.1996e+20
583,-2.2e+20
584,-2.2012e+20
585,-2.2035e+20
586,-2.206e+20
587,-2.2066e+20
588,-2.2096e+20
589,-2.2122e+20
3195,-2.2124e+20
590,-2.2156e+20
591,-2.2159e+20
592,-2.2163e+20
4161,-2.2167e+20
593,-2.2209e+20
3925,-2.2232e+20
594,-2.2235e+20
4132,-2.2243e+20
595,-2.2259e+20
3325,-2.2324e+20
596,-2.2436e+20
4721,-2.2468e+20
597,-2.2489e+20
3147,-2.2493e+20
598,-2.2494e+20
2722,-2.2502e+20
599,-2.2535e+20
600,-2.2567e+20
601,-2.2581e+20
602,-2.2603e+20
603,-2.2606e+20
604,-2.261e+20
2502,-2.2612e+20
605,-2.2614e+20
3966,-2.2627e+20
606,-2.2646e+20
607,-2.2672e+20
608,-2.2674e+20
609,-2.2688e+20
5321,-2.2712e+20
610,-2.2758e+20
611,-2.2784e+20
612,-2.282e+20
613,-2.2823e+20
614,-2.2838e+20
2765,-2.2887e+20
615,-2.2891e+20
616,-2.2926e+20
3960,-2.2946e+20
617,-2.2982e+20
618,-2.2986e+20
3518,-2.2993e+20
3933,-2.307e+20
619,-2.3094e+20
620,-2.312e+20
5420,-2.3121e+20
3054,-2.3152e+20
2507,-2.3161e+20
621,-2.3181e+20
4280,-2.3189e+20
622,-2.3192e+20
623,-2.3256e+20
2531,-2.328e+20
624,-2.3293e+20
625,-2.3305e+20
626,-2.3346e+20
3857,-2.3355e+20
627,-2.3358e+20
4744,-2.336e+20
628,-2.3362e+20
629,-2.3388e+20
630,-2.3432e+20
631,-2.3518e+20
632,-2.354e+20
633,-2.3541e+20
634,-2.3542e+20
3281,-2.3543e+20
2698,-2.3545e+20
4876,-2.3552e+20
635,-2.3564e+20
636,-2.3654e+20
637,-2.3753e+20
5120,-2.377e+20
638,-2.3798e+20
639,-2.3815e+20
640,-2.3847e+20
5531,-2.3859e+20
2709,-2.3899e+20
2769,-2.3903e+20
641,-2.3907e+20
642,-2.3988e+20
643,-2.3989e+20
644,-2.3996e+20
645,-2.4019e+20
646,-2.4058e+20
647,-2.4084e+20
2764,-2.4143e+20
648,-2.4148e+20
649,-2.415e+20
3186,-2.4171e+20
650,-2.4172e+20
651,-2.4181e+20
5001,-2.4194e+20
652,-2.4263e+20
653,-2.4296e+20
654,-2.4324e+20
655,-2.4334e+20
656,-2.4368e+20
657,-2.4376e+20
658,-2.4395e+20
659,-2.4411e+20
660,-2.4417e+20
661,-2.4446e+20
662,-2.4452e+20
663,-2.456e+20
664,-2.4562e+20
665,-2.4613e+20
666,-2.4626e+20
4101,-2.4628e+20
2366,-2.4637e+20
3331,-2.4736e+20
4424,-2.4783e+20
667,-2.4838e+20
668,-2.4848e+20
669,-2.4853e+20
670,-2.4867e+20
671,-2.4899e+20
2260,-2.4901e+20
2689,-2.4901e+20
672,-2.4905e+20
673,-2.4914e+20
2553,-2.4923e+20
5190,-2.4928e+20
674,-2.499e+20
675,-2.4993e+20
676,-2.5e+20
677,-2.5033e+20
678,-2.5035e+20
2570,-2.5064e+20
679,-2.5087e+20
4646,-2.5101e+20
2644,-2.5147e+20
680,-2.5162e+20
681,-2.5172e+20
682,-2.5221e+20
683,-2.5239e+20
4369,-2.5246e+20
684,-2.5274e+20
685,-2.5306e+20
686,-2.5367e+20
687,-2.539e+20
2324,-2.544e+20
3118,-2.5474e+20
688,-2.5484e+20
689,-2.5506e+20
690,-2.5523e+20
2508,-2.555e+20
691,-2.5562e+20
692,-2.5568e+20
4625,-2.56e+20
693,-2.5609e+20
694,-2.5639e+20
5092,-2.5652e+20
695,-2.5674e+20
4914,-2.5674e+20
696,-2.5697e+20
697,-2.5703e+20
698,-2.5738e+20
699,-2.574e+20
700,-2.5741e+20
4950,-2.5744e+20
701,-2.5777e+20
4880,-2.5791e+20
702,-2.5799e+20
703,-2.5855e+20
4910,-2.5899e+20
704,-2.5905e+20
2653,-2.5971e+20
705,-2.5989e+20
2985,-2.5998e+20
706,-2.601e+20
707,-2.6041e+20
708,-2.6042e+20
709,-2.6057e+20
710,-2.6087e+20
711,-2.611e+20
2399,-2.6193e+20
712,-2.6204e+20
713,-2.6266e+20
714,-2.6341e+20
715,-2.6357e+20
716,-2.6361e+20
717,-2.6389e+20
718,-2.6408e+20
5091,-2.6423e+20
719,-2.6428e+20
720,-2.6449e+20
2526,-2.647e+20
2992,-2.6514e+20
2687,-2.6543e+20
721,-2.6578e+20
722,-2.6627e+20
723,-2.6697e+20
724,-2.6853e+20
3943,-2.6937e+20
725,-2.695e+20
726,-2.7021e+20
4780,-2.7029e+20
727,-2.7039e+20
3763,-2.7055e+20
728,-2.7084e+20
729,-2.7091e+20
730,-2.7096e+20
5527,-2.7131e+20
731,-2.7134e+20
732,-2.7161e+20
733,-2.718e+20
734,-2.7182e+20
735,-2.7213e+20
736,-2.7213e+20
737,-2.726e+20
4193,-2.7281e+20
4082,-2.7282e+20
738,-2.731e+20
2369,-2.7357e+20
2597,-2.7361e+20
739,-2.7417e+20
2595,-2.7417e+20
5384,-2.744e+20
740,-2.7488e+20
741,-2.7528e+20
742,-2.7572e+20
4843,-2.7593e+20
743,-2.7669e+20
744,-2.7675e+20
2920,-2.7677e+20
745,-2.7683e+20
746,-2.7743e+20
2741,-2.7808e+20
2788,-2.7837e+20
747,-2.7845e+20
748,-2.7854e+20
749,-2.7901e+20
750,-2.7944e+20
2694,-2.7969e+20
3433,-2.7977e+20
751,-2.8005e+20
4768,-2.8038e+20
752,-2.8048e+20
753,-2.8055e+20
754,-2.8094e+20
755,-2.814e+20
4542,-2.8161e+20
756,-2.8174e+20
757,-2.8178e+20
2545,-2.8232e+20
4618,-2.8235e+20
758,-2.8312e+20
759,-2.8328e+20
760,-2.8332e+20
761,-2.834e+20
2402,-2.8352e+20
3937,-2.8379e+20
762,-2.8393e+20
763,-2.8393e+20
4784,-2.8409e+20
764,-2.8417e+20
765,-2.8428e+20
766,-2.8442e+20
4920,-2.8511e+20
3202,-2.8528e+20
4998,-2.8554e+20
767,-2.8608e+20
768,-2.8614e+20
769,-2.8629e+20
3553,-2.8654e+20
4770,-2.8654e+20
770,-2.8691e+20
4757,-2.8706e+20
771,-2.8716e+20
772,-2.8729e+20
773,-2.876e+20
774,-2.8769e+20
4634,-2.878e+20
4305,-2.8796e+20
775,-2.8812e+20
776,-2.8869e+20
777,-2.8871e+20
778,-2.8875e+20
779,-2.8908e+20
780,-2.8976e+20
781,-2.9011e+20
3835,-2.9019e+20
782,-2.9029e+20
783,-2.9116e+20
784,-2.9121e+20
4124,-2.9147e+20
785,-2.9167e+20
786,-2.9175e+20
2566,-2.9216e+20
787,-2.9287e+20
5458,-2.9347e+20
788,-2.9459e+20
789,-2.9532e+20
4818,-2.9535e+20
790,-2.9537e+20
791,-2.9546e+20
792,-2.9557e+20
4564,-2.9575e+20
4674,-2.9639e+20
4370,-2.9641e+20
793,-2.9656e+20
2923,-2.9698e+20
794,-2.9723e+20
4257,-2.9756e+20
795,-2.9763e+20
2295,-2.9775e+20
796,-2.9851e+20
797,-2.9876e+20
798,-2.9888e+20
799,-2.9943e+20
800,-2.9954e+20
801,-2.9978e+20
802,-2.9984e+20
803,-2.9988e+20
804,-2.9991e+20
805,-2.9993e+20
806,-3.0032e+20
807,-3.0033e+20
808,-3.0049e+20
809,-3.0056e+20
810,-3.0079e+20
2603,-3.011e+20
811,-3.0144e+20
3326,-3.0151e+20
812,-3.0203e+20
4381,-3.0211e+20
813,-3.0243e+20
814,-3.0252e+20
5474,-3.0265e+20
4869,-3.0282e+20
815,-3.0288e+20
3888,-3.0304e+20
816,-3.0343e+20
817,-3.0355e+20
5438,-3.0414e+20
818,-3.0453e+20
819,-3.0462e+20
3165,-3.0499e+20
820,-3.0524e+20
3864,-3.0593e+20
2516,-3.0641e+20
3012,-3.0694e+20
821,-3.0736e+20
3721,-3.0785e+20
2379,-3.0826e+20
822,-3.0841e+20
5007,-3.0872e+20
823,-3.0906e+20
4194,-3.0936e+20
824,-3.0988e+20
825,-3.1006e+20
826,-3.1045e+20
827,-3.1046e+20
828,-3.1067e+20
5090,-3.1152e+20
829,-3.1186e+20
4281,-3.1217e+20
830,-3.1319e+20
5206,-3.1339e+20
831,-3.1373e+20
832,-3.1374e+20
3344,-3.1437e+20
3693,-3.1462e+20
833,-3.1464e+20
4671,-3.1485e+20
5558,-3.1544e+20
834,-3.1563e+20
835,-3.1584e+20
3882,-3.1635e+20
4860,-3.1637e+20
836,-3.1638e+20
837,-3.1649e+20
3082,-3.1664e+20
3809,-3.169e+20
838,-3.1692e+20
839,-3.1719e+20
840,-3.1764e+20
841,-3.1808e+20
3269,-3.1841e+20
4944,-3.1909e+20
842,-3.1927e+20
843,-3.1932e+20
2734,-3.1967e+20
4011,-3.2022e+20
5468,-3.2072e+20
3741,-3.2119e+20
4697,-3.2121e+20
844,-3.2163e+20
4568,-3.2194e+20
845,-3.2237e+20
846,-3.2289e+20
847,-3.2338e+20
848,-3.2393e+20
849,-3.2398e+20
850,-3.2421e+20
851,-3.2424e+20
852,-3.2427e+20
853,-3.2431e+20
854,-3.2438e+20
2766,-3.2447e+20
855,-3.2475e+20
3370,-3.2476e+20
856,-3.2479e+20
857,-3.2485e+20
858,-3.2515e+20
859,-3.2518e+20
860,-3.2529e+20
861,-3.2538e+20
862,-3.2541e+20
863,-3.2567e+20
864,-3.2591e+20
865,-3.2594e+20
866,-3.2622e+20
3257,-3.2725e+20
867,-3.2742e+20
868,-3.2774e+20
869,-3.2816e+20
870,-3.2853e+20
871,-3.2878e+20
3867,-3.294e+20
872,-3.2959e+20
873,-3.2997e+20
874,-3.3008e+20
875,-3.3014e+20
3229,-3.3027e+20
876,-3.3099e+20
877,-3.3129e+20
878,-3.3165e+20
5496,-3.3166e+20
879,-3.3171e+20
4782,-3.3177e+20
3732,-3.3214e+20
880,-3.3223e+20
881,-3.3246e+20
882,-3.3267e+20
883,-3.332e+20
884,-3.3354e+20
885,-3.3382e+20
886,-3.3386e+20
887,-3.3386e+20
888,-3.3431e+20
889,-3.3451e+20
890,-3.3457e+20
891,-3.3557e+20
3578,-3.3619e+20
892,-3.3632e+20
893,-3.367e+20
4504,-3.3681e+20
894,-3.3697e+20
3097,-3.3718e+20
4921,-3.3733e+20
4984,-3.375e+20
3737,-3.3791e+20
4793,-3.3792e+20
3856,-3.3797e+20
3075,-3.384e+20
895,-3.3846e+20
896,-3.3859e+20
897,-3.3866e+20
898,-3.3869e+20
899,-3.3916e+20
900,-3.3948e+20
901,-3.3953e+20
902,-3.3954e+20
903,-3.3986e+20
904,-3.3986e+20
905,-3.4027e+20
906,-3.4046e+20
907,-3.4053e+20
908,-3.4085e+20
909,-3.4096e+20
4515,-3.4119e+20
910,-3.4148e+20
5469,-3.4166e+20
911,-3.4189e+20
912,-3.4213e+20
2528,-3.4227e+20
913,-3.4253e+20
914,-3.4255e+20
915,-3.4258e+20
916,-3.4347e+20
4146,-3.439e+20
2879,-3.4412e+20
3328,-3.4419e+20
917,-3.448e+20
918,-3.4542e+20
919,-3.4549e+20
4465,-3.455e+20
4986,-3.4557e+20
920,-3.4566e+20
921,-3.4669e+20
922,-3.4741e+20
3607,-3.4754e+20
923,-3.4858e+20
924,-3.4861e+20
925,-3.4887e+20
4070,-3.4937e+20
4377,-3.4945e+20
926,-3.4946e+20
927,-3.4948e+20
928,-3.4961e+20
4901,-3.5128e+20
929,-3.5145e+20
930,-3.5146e+20
931,-3.5149e+20
932,-3.519e+20
933,-3.52e+20
934,-3.5262e+20
935,-3.5331e+20
936,-3.5566e+20
937,-3.5612e+20
2582,-3.5636e+20
938,-3.5647e+20
939,-3.5678e+20
940,-3.5728e+20
3386,-3.5749e+20
3529,-3.5752e+20
2674,-3.5769e+20
941,-3.582e+20
942,-3.5835e+20
943,-3.5844e+20
4251,-3.5862e+20
3487,-3.5864e+20
3887,-3.6084e+20
4108,-3.6148e+20
944,-3.6151e+20
945,-3.6212e+20
4238,-3.63e+20
4328,-3.6319e+20
946,-3.633e+20
3897,-3.6331e+20
4233,-3.6386e+20
947,-3.6409e+20
948,-3.647e+20
949,-3.6518e+20
950,-3.6543e+20
4115,-3.6551e+20
951,-3.6568e+20
952,-3.6587e+20
953,-3.6638e+20
2540,-3.6644e+20
954,-3.6663e+20
955,-3.6698e+20
956,-3.6726e+20
2892,-3.6778e+20
957,-3.6842e+20
4815,-3.701e+20
3970,-3.7022e+20
3198,-3.7059e+20
958,-3.7114e+20
959,-3.715e+20
2640,-3.7155e+20
5572,-3.716e+20
960,-3.7176e+20
4153,-3.7184e+20
961,-3.7186e+20
962,-3.726e+20
963,-3.7265e+20
964,-3.7434e+20
4319,-3.7489e+20
5576,-3.7497e+20
965,-3.7502e+20
2668,-3.7507e+20
966,-3.7532e+20
967,-3.7555e+20
968,-3.7586e+20
3454,-3.7639e+20
5351,-3.7703e+20
969,-3.7732e+20
970,-3.7732e+20
971,-3.7744e+20
972,-3.7777e+20
973,-3.778e+20
5094,-3.78e+20
974,-3.7829e+20
975,-3.7853e+20
976,-3.7856e+20
5016,-3.7868e+20
977,-3.7868e+20
978,-3.7913e+20
979,-3.7919e+20
980,-3.7928e+20
5241,-3.7956e+20
981,-3.7959e+20
982,-3.7972e+20
5297,-3.8034e+20
3176,-3.8076e+20
983,-3.8115e+20
984,-3.8128e+20
985,-3.82e+20
986,-3.8214e+20
987,-3.8223e+20
988,-3.8223e+20
989,-3.8343e+20
990,-3.8374e+20
991,-3.8388e+20
5354,-3.8432e+20
992,-3.8486e+20
993,-3.8499e+20
994,-3.8583e+20
995,-3.8586e+20
2772,-3.8605e+20
4382,-3.8605e+20
996,-3.861e+20
997,-3.8619e+20
998,-3.8649e+20
3366,-3.8653e+20
999,-3.8754e+20
1000,-3.8779e+20
1001,-3.8791e+20
1002,-3.8913e+20
3884,-3.8927e+20
4390,-3.8939e+20
1003,-3.8949e+20
1004,-3.8964e+20
1005,-3.9018e+20
3260,-3.9074e+20
3581,-3.9137e+20
1006,-3.9213e+20
1007,-3.9214e+20
1008,-3.9418e+20
1009,-3.942e+20
1010,-3.9427e+20
1011,-3.9428e+20
3845,-3.9467e+20
1012,-3.9526e+20
1013,-3.9534e+20
5112,-3.9559e+20
1014,-3.9611e+20
5430,-3.9627e+20
1015,-3.9628e+20
2811,-3.9662e+20
1016,-3.9685e+20
1017,-3.9694e+20
1018,-3.9708e+20
1019,-3.9723e+20
4878,-3.9795e+20
3513,-3.9812e+20
5315,-3.9813e+20
1020,-3.987e+20
5516,-3.988e+20
1021,-3.9996e+20
3924,-4.0036e+20
2620,-4.0087e+20
2310,-4.0122e+20
4043,-4.0136e+20
1022,-4.0168e+20
1023,-4.0186e+20
1024,-4.0231e+20
3389,-4.029e+20
1025,-4.0332e+20
1026,-4.0358e+20
1027,-4.0377e+20
1028,-4.0429e+20
2539,-4.0488e+20
1029,-4.0504e+20
1030,-4.0504e+20
1031,-4.0519e+20
4729,-4.0537e+20
1032,-4.0543e+20
1033,-4.0596e+20
2550,-4.0601e+20
1034,-4.0665e+20
1035,-4.067e+20
1036,-4.0686e+20
5511,-4.0688e+20
4348,-4.072e+20
1037,-4.0735e+20
1038,-4.0783e+20
1039,-4.0802e+20
2538,-4.0903e+20
1040,-4.0916e+20
1041,-4.1026e+20
4466,-4.1032e+20
4754,-4.1039e+20
1042,-4.1078e+20
1043,-4.1135e+20
3817,-4.1192e+20
1044,-4.1192e+20
1045,-4.1338e+20
1046,-4.1365e+20
5599,-4.1375e+20
3055,-4.1394e+20
4134,-4.1395e+20
2605,-4.1451e+20
2818,-4.1456e+20
1047,-4.1466e+20
2707,-4.149e+20
4547,-4.1499e+20
3714,-4.1502e+20
1048,-4.151e+20
4435,-4.1636e+20
3981,-4.168e+20
1049,-4.177e+20
1050,-4.1804e+20
2886,-4.1862e+20
1051,-4.1936e+20
1052,-4.1961e+20
1053,-4.1977e+20
3048,-4.2042e+20
5524,-4.209e+20
1054,-4.2174e+20
5518,-4.2207e+20
5510,-4.2291e+20
1055,-4.2335e+20
1056,-4.2504e+20
2430,-4.2572e+20
1057,-4.2621e+20
3358,-4.2624e+20
1058,-4.2671e+20
1059,-4.2687e+20
2332,-4.2714e+20
4669,-4.2719e+20
2486,-4.2729e+20
3491,-4.2739e+20
1060,-4.2773e+20
4832,-4.2783e+20
1061,-4.2787e+20
1062,-4.2813e+20
5370,-4.2849e+20
1063,-4.2907e+20
1064,-4.2953e+20
1065,-4.2978e+20
1066,-4.2995e+20
3026,-4.3006e+20
1067,-4.3238e+20
1068,-4.3301e+20
1069,-4.3315e+20
4889,-4.3346e+20
1070,-4.3356e+20
1071,-4.3362e+20
2565,-4.3372e+20
1072,-4.3388e+20
5097,-4.3409e+20
1073,-4.3442e+20
5466,-4.3442e+20
5407,-4.3477e+20
1074,-4.3481e+20
1075,-4.3484e+20
4966,-4.3486e+20
1076,-4.3517e+20
1077,-4.3532e+20
1078,-4.354e+20
1079,-4.3564e+20
2457,-4.3595e+20
1080,-4.3602e+20
1081,-4.3624e+20
1082,-4.3631e+20
1083,-4.3677e+20
1084,-4.3684e+20
1085,-4.3761e+20
3098,-4.379e+20
3248,-4.3825e+20
2864,-4.3827e+20
5326,-4.3859e+20
3133,-4.387e+20
1086,-4.3872e+20
1087,-4.3876e+20
2497,-4.4005e+20
1088,-4.4021e+20
1089,-4.4025e+20
5056,-4.4062e+20
1090,-4.4137e+20
3212,-4.4272e+20
3561,-4.4339e+20
1091,-4.4426e+20
1092,-4.4473e+20
1093,-4.4603e+20
2748,-4.4678e+20
1094,-4.4681e+20
1095,-4.4685e+20
4511,-4.4718e+20
1096,-4.4738e+20
4487,-4.4794e+20
1097,-4.481e+20
4285,-4.4881e+20
3485,-4.4902e+20
4799,-4.4923e+20
1098,-4.4953e+20
3492,-4.4995e+20
1099,-4.5011e+20
1100,-4.5012e+20
1101,-4.5024e+20
1102,-4.505e+20
1103,-4.5057e+20
1104,-4.507e+20
1105,-4.5111e+20
1106,-4.5146e+20
3816,-4.5148e+20
2560,-4.5174e+20
1107,-4.5179e+20
1108,-4.5244e+20
3947,-4.5315e+20
2981,-4.5322e+20
1109,-4.5346e+20
5180,-4.5418e+20
1110,-4.5426e+20
4756,-4.5439e+20
1111,-4.5523e+20
5347,-4.5536e+20
1112,-4.5584e+20
3694,-4.5631e+20
3508,-4.5746e+20
5254,-4.5812e+20
1113,-4.5846e+20
5121,-4.5861e+20
1114,-4.5875e+20
1115,-4.5946e+20
1116,-4.5998e+20
1117,-4.6012e+20
4414,-4.6075e+20
1118,-4.6128e+20
1119,-4.6131e+20
1120,-4.6168e+20
1121,-4.6188e+20
3539,-4.6199e+20
2334,-4.6239e+20
1122,-4.6414e+20
1123,-4.6421e+20
5432,-4.6444e+20
1124,-4.6473e+20
1125,-4.6476e+20
2637,-4.6482e+20
1126,-4.6485e+20
4753,-4.6595e+20
1127,-4.6662e+20
5328,-4.6725e+20
1128,-4.6732e+20
1129,-4.674e+20
1130,-4.6748e+20
1131,-4.679e+20
1132,-4.6808e+20
1133,-4.6826e+20
1134,-4.6848e+20
5102,-4.6882e+20
1135,-4.6939e+20
1136,-4.6964e+20
1137,-4.7007e+20
1138,-4.7022e+20
1139,-4.7054e+20
1140,-4.7074e+20
1141,-4.7085e+20
1142,-4.7179e+20
1143,-4.7205e+20
3586,-4.727e+20
3083,-4.7418e+20
2580,-4.7438e+20
1144,-4.7448e+20
1145,-4.7465e+20
1146,-4.7469e+20
1147,-4.7499e+20
1148,-4.756e+20
4452,-4.7572e+20
1149,-4.7576e+20
1150,-4.759e+20
1151,-4.7599e+20
1152,-4.7663e+20
1153,-4.7737e+20
1154,-4.7871e+20
4337,-4.7938e+20
2912,-4.8039e+20
5431,-4.805e+20
1155,-4.8101e+20
1156,-4.8156e+20
2773,-4.8168e+20
1157,-4.8262e+20
1158,-4.8266e+20
1159,-4.8268e+20
1160,-4.8268e+20
1161,-4.8318e+20
1162,-4.8323e+20
1163,-4.8328e+20
1164,-4.8404e+20
1165,-4.8439e+20
1166,-4.848e+20
1167,-4.8493e+20
1168,-4.8563e+20
4855,-4.858e+20
3642,-4.8634e+20
1169,-4.8643e+20
1170,-4.8685e+20
4594,-4.8738e+20
1171,-4.875e+20
1172,-4.8766e+20
4619,-4.8779e+20
1173,-4.879e+20
3154,-4.8841e+20
1174,-4.8881e+20
1175,-4.8926e+20
2439,-4.8926e+20
1176,-4.9007e+20
2627,-4.9067e+20
4195,-4.9074e+20
1177,-4.9145e+20
1178,-4.9178e+20
3641,-4.9225e+20
5198,-4.9231e+20
2390,-4.932e+20
2472,-4.9356e+20
1179,-4.9433e+20
1180,-4.9454e+20
1181,-4.9551e+20
5546,-4.9566e+20
1182,-4.9572e+20
4604,-4.9588e+20
3034,-4.9592e+20
1183,-4.9603e+20
4490,-4.9605e+20
4596,-4.9636e+20
1184,-4.965e+20
4997,-4.965e+20
3912,-4.9746e+20
1185,-4.9753e+20
5172,-4.9755e+20
5494,-4.9795e+20
1186,-4.9852e+20
1187,-4.9899e+20
1188,-4.9905e+20
2725,-5.0014e+20
1189,-5.0039e+20
1190,-5.019e+20
1191,-5.0194e+20
1192,-5.0201e+20
1193,-5.0327e+20
1194,-5.0331e+20
1195,-5.0376e+20
4988,-5.0436e+20
1196,-5.0516e+20
1197,-5.0519e+20
5156,-5.0575e+20
3893,-5.075e+20
1198,-5.089e+20
1199,-5.0978e+20
1200,-5.1027e+20
1201,-5.1056e+20
1202,-5.1073e+20
1203,-5.1086e+20
5415,-5.1123e+20
2244,-5.1175e+20
1204,-5.1207e+20
4064,-5.1258e+20
1205,-5.1362e+20
4432,-5.1463e+20
1206,-5.1542e+20
1207,-5.1552e+20
1208,-5.1576e+20
5341,-5.159e+20
1209,-5.1593e+20
2523,-5.1599e+20
3702,-5.1608e+20
1210,-5.1709e+20
1211,-5.1753e+20
4590,-5.178e+20
1212,-5.1801e+20
2643,-5.1833e+20
1213,-5.1867e+20
1214,-5.1873e+20
1215,-5.1941e+20
4491,-5.203e+20
1216,-5.2074e+20
4201,-5.2137e+20
1217,-5.2143e+20
1218,-5.2173e+20
1219,-5.2214e+20
1220,-5.2242e+20
1221,-5.2322e+20
1222,-5.2326e+20
1223,-5.2427e+20
1224,-5.2455e+20
1225,-5.247e+20
2993,-5.2505e+20
1226,-5.2534e+20
1227,-5.2543e+20
1228,-5.256e+20
1229,-5.257e+20
1230,-5.2577e+20
2676,-5.2585e+20
1231,-5.2605e+20
1232,-5.2838e+20
1233,-5.2864e+20
1234,-5.2981e+20
1235,-5.2986e+20
1236,-5.2997e+20
1237,-5.3001e+20
4258,-5.3011e+20
1238,-5.3178e+20
1239,-5.3227e+20
1240,-5.3255e+20
1241,-5.3314e+20
1242,-5.3317e+20
1243,-5.3476e+20
1244,-5.3532e+20
5310,-5.3555e+20
1245,-5.3574e+20
1246,-5.3703e+20
2971,-5.3785e+20
3596,-5.3811e+20
1247,-5.3898e+20
1248,-5.391e+20
1249,-5.4163e+20
1250,-5.4172e+20
3850,-5.4182e+20
1251,-5.422e+20
1252,-5.4236e+20
5207,-5.435e+20
1253,-5.4423e+20
1254,-5.4423e+20
4579,-5.4476e+20
1255,-5.4528e+20
4620,-5.4586e+20
4397,-5.4637e+20
1256,-5.4675e+20
1257,-5.4695e+20
5492,-5.4941e+20
3373,-5.4993e+20
1258,-5.5042e+20
3456,-5.5044e+20
2889,-5.5118e+20
1259,-5.5154e+20
1260,-5.5164e+20
5186,-5.52e+20
1261,-5.5221e+20
1262,-5.5247e+20
1263,-5.5303e+20
1264,-5.5327e+20
1265,-5.5379e+20
3167,-5.5439e+20
1266,-5.545e+20
3599,-5.5452e+20
1267,-5.5505e+20
1268,-5.555e+20
1269,-5.5563e+20
1270,-5.5569e+20
1271,-5.5587e+20
1272,-5.5652e+20
2454,-5.5711e+20
1273,-5.5713e+20
1274,-5.5844e+20
1275,-5.597e+20
1276,-5.6002e+20
1277,-5.6076e+20
1278,-5.6163e+20
4589,-5.6169e+20
1279,-5.6236e+20
4320,-5.6291e+20
1280,-5.6395e+20
1281,-5.6423e+20
1282,-5.6439e+20
1283,-5.6547e+20
1284,-5.6591e+20
1285,-5.6606e+20
2812,-5.6664e+20
1286,-5.6693e+20
1287,-5.6801e+20
1288,-5.6862e+20
4440,-5.6863e+20
4970,-5.6901e+20
3952,-5.6902e+20
1289,-5.6915e+20
1290,-5.6935e+20
2804,-5.6953e+20
5256,-5.7014e+20
3537,-5.7046e+20
1291,-5.7067e+20
3330,-5.7135e+20
1292,-5.7241e+20
1293,-5.7279e+20
1294,-5.7287e+20
4823,-5.7439e+20
1295,-5.7494e+20
2909,-5.7526e+20
1296,-5.7602e+20
1297,-5.7791e+20
1298,-5.7812e+20
3500,-5.7817e+20
1299,-5.7848e+20
2623,-5.7893e+20
1300,-5.7926e+20
1301,-5.8005e+20
1302,-5.8013e+20
2503,-5.8071e+20
1303,-5.8118e+20
1304,-5.8181e+20
1305,-5.8208e+20
1306,-5.8211e+20
1307,-5.8213e+20
1308,-5.8258e+20
1309,-5.827e+20
3824,-5.829e+20
1310,-5.8321e+20
1311,-5.8356e+20
1312,-5.8415e+20
1313,-5.8436e+20
3273,-5.8551e+20
1314,-5.8577e+20
2291,-5.8589e+20
4361,-5.8684e+20
1315,-5.8691e+20
1316,-5.8696e+20
4710,-5.8717e+20
1317,-5.8765e+20
1318,-5.8822e+20
1319,-5.8877e+20
1320,-5.8885e+20
1321,-5.8895e+20
1322,-5.896e+20
1323,-5.8995e+20
1324,-5.9003e+20
1325,-5.903e+20
1326,-5.9035e+20
1327,-5.9043e+20
1328,-5.9122e+20
4421,-5.9155e+20
1329,-5.917e+20
2385,-5.9176e+20
4571,-5.9242e+20
1330,-5.9366e+20
1331,-5.9538e+20
1332,-5.9549e+20
5143,-5.956e+20
3533,-5.97e+20
4479,-5.9821e+20
4493,-5.9868e+20
4223,-5.9916e+20
4373,-5.9935e+20
1333,-5.9953e+20
1334,-6.006e+20
1335,-6.0068e+20
1336,-6.008e+20
1337,-6.0103e+20
1338,-6.0187e+20
1339,-6.0226e+20
1340,-6.0268e+20
1341,-6.0271e+20
1342,-6.0306e+20
3188,-6.0311e+20
1343,-6.0317e+20
1344,-6.0366e+20
3489,-6.0367e+20
5070,-6.0461e+20
1345,-6.0478e+20
1346,-6.0884e+20
4665,-6.0897e+20
5507,-6.1084e+20
1347,-6.1166e+20
1348,-6.1204e+20
3679,-6.1217e+20
1349,-6.1248e+20
1350,-6.1309e+20
1351,-6.1326e+20
5500,-6.1332e+20
3477,-6.1339e+20
1352,-6.1355e+20
3377,-6.1366e+20
1353,-6.144e+20
1354,-6.1466e+20
1355,-6.1486e+20
1356,-6.1487e+20
1357,-6.1519e+20
1358,-6.1566e+20
1359,-6.1604e+20
2621,-6.1675e+20
1360,-6.1714e+20
1361,-6.172e+20
1362,-6.1741e+20
1363,-6.1827e+20
2395,-6.1849e+20
4000,-6.1882e+20
5410,-6.1942e+20
1364,-6.204e+20
1365,-6.2117e+20
1366,-6.2153e+20
1367,-6.2256e+20
5312,-6.2317e+20
2489,-6.2593e+20
1368,-6.2603e+20
1369,-6.2624e+20
1370,-6.268e+20
1371,-6.2684e+20
1372,-6.2697e+20
1373,-6.2741e+20
1374,-6.2767e+20
1375,-6.2818e+20
1376,-6.2821e+20
1377,-6.2823e+20
1378,-6.2824e+20
1379,-6.2828e+20
1380,-6.2834e+20
1381,-6.2992e+20
1382,-6.3019e+20
1383,-6.3026e+20
5416,-6.3036e+20
1384,-6.3101e+20
1385,-6.3129e+20
5018,-6.3132e+20
1386,-6.3154e+20
1387,-6.3179e+20
3707,-6.3223e+20
1388,-6.3242e+20
2313,-6.3246e+20
1389,-6.3255e+20
4959,-6.3345e+20
4178,-6.3396e+20
1390,-6.3412e+20
1391,-6.3442e+20
1392,-6.3452e+20
1393,-6.3458e+20
1394,-6.3515e+20
1395,-6.354e+20
2504,-6.3545e+20
1396,-6.3624e+20
1397,-6.3698e+20
4059,-6.3777e+20
1398,-6.3839e+20
1399,-6.3876e+20
5306,-6.3885e+20
1400,-6.3956e+20
1401,-6.4029e+20
1402,-6.4041e+20
1403,-6.4097e+20
2626,-6.4136e+20
3010,-6.4146e+20
1404,-6.4151e+20
1405,-6.4186e+20
1406,-6.4261e+20
3798,-6.4271e+20
1407,-6.4349e+20
2345,-6.4383e+20
4169,-6.4387e+20
1408,-6.4411e+20
1409,-6.4434e+20
1410,-6.4545e+20
2383,-6.4613e+20
1411,-6.4616e+20
1412,-6.4625e+20
1413,-6.4761e+20
1414,-6.4817e+20
1415,-6.497e+20
5230,-6.4984e+20
4052,-6.515e+20
1416,-6.5164e+20
5436,-6.5186e+20
1417,-6.5484e+20
1418,-6.5497e+20
1419,-6.5502e+20
3514,-6.5676e+20
3891,-6.5685e+20
3362,-6.5695e+20
4608,-6.5735e+20
1420,-6.5741e+20
4149,-6.5752e+20
1421,-6.592e+20
1422,-6.5936e+20
4182,-6.5956e+20
1423,-6.6024e+20
1424,-6.6036e+20
1425,-6.6063e+20
5171,-6.6191e+20
2445,-6.6207e+20
1426,-6.6227e+20
1427,-6.6263e+20
5419,-6.6263e+20
4245,-6.6274e+20
1428,-6.6643e+20
2932,-6.6714e+20
1429,-6.676e+20
5567,-6.6906e+20
1430,-6.7029e+20
1431,-6.709e+20
3174,-6.709e+20
1432,-6.735e+20
1433,-6.7396e+20
3936,-6.7427e+20
5287,-6.7464e+20
4092,-6.7507e+20
1434,-6.76e+20
4386,-6.766e+20
1435,-6.7672e+20
5148,-6.7689e+20
2645,-6.7701e+20
1436,-6.7891e+20
1437,-6.7969e+20
1438,-6.8002e+20
1439,-6.8038e+20
1440,-6.8065e+20
3204,-6.8138e+20
1441,-6.8187e+20
1442,-6.8242e+20
1443,-6.8261e+20
4024,-6.8349e+20
1444,-6.8358e+20
1445,-6.8396e+20
1446,-6.8398e+20
1447,-6.8702e+20
3571,-6.8815e+20
1448,-6.8869e+20
5340,-6.8977e+20
2285,-6.9031e+20
1449,-6.9033e+20
4867,-6.9051e+20
1450,-6.9057e+20
1451,-6.9242e+20
1452,-6.9258e+20
5504,-6.9312e+20
1453,-6.9381e+20
1454,-6.9411e+20
3005,-6.9415e+20
1455,-6.9563e+20
1456,-6.9569e+20
1457,-6.9607e+20
1458,-6.9653e+20
1459,-6.9699e+20
1460,-6.9714e+20
1461,-6.9724e+20
1462,-6.9752e+20
1463,-6.9826e+20
2446,-6.9888e+20
2826,-6.9906e+20
1464,-6.9999e+20
2849,-7.0194e+20
1465,-7.022e+20
1466,-7.0224e+20
4290,-7.0301e+20
1467,-7.0373e+20
5164,-7.0408e+20
3528,-7.0413e+20
1468,-7.0426e+20
1469,-7.053e+20
1470,-7.0595e+20
4578,-7.0598e+20
2662,-7.0625e+20
1471,-7.0713e+20
5457,-7.0729e+20
3727,-7.0782e+20
3040,-7.086e+20
3251,-7.0888e+20
1472,-7.0898e+20
1473,-7.0906e+20
1474,-7.0945e+20
1475,-7.1109e+20
1476,-7.1139e+20
1477,-7.115e+20
1478,-7.1197e+20
1479,-7.123e+20
1480,-7.1272e+20
1481,-7.1298e+20
4581,-7.1374e+20
1482,-7.1393e+20
1483,-7.142e+20
2970,-7.1441e+20
1484,-7.1447e+20
1485,-7.1452e+20
4916,-7.1459e+20
3076,-7.1472e+20
2584,-7.1485e+20
1486,-7.154e+20
4551,-7.1556e+20
1487,-7.162e+20
1488,-7.1715e+20
1489,-7.179e+20
1490,-7.1834e+20
3255,-7.1842e+20
1491,-7.1855e+20
1492,-7.1885e+20
1493,-7.1895e+20
2931,-7.2102e+20
1494,-7.2155e+20
1495,-7.2158e+20
3319,-7.216e+20
1496,-7.2166e+20
1497,-7.2245e+20
1498,-7.2262e+20
1499,-7.2266e+20
1500,-7.2321e+20
1501,-7.2386e+20
1502,-7.2391e+20
1503,-7.2571e+20
1504,-7.2579e+20
1505,-7.2593e+20
3871,-7.2594e+20
1506,-7.2644e+20
3881,-7.2675e+20
1507,-7.2684e+20
3230,-7.269e+20
1508,-7.2742e+20
1509,-7.2751e+20
1510,-7.2789e+20
1511,-7.2969e+20
1512,-7.3178e+20
1513,-7.3206e+20
2269,-7.3224e+20
1514,-7.3231e+20
1515,-7.3266e+20
2657,-7.3391e+20
5100,-7.341e+20
1516,-7.3423e+20
1517,-7.3474e+20
1518,-7.3475e+20
1519,-7.3537e+20
1520,-7.354e+20
1521,-7.3556e+20
1522,-7.3661e+20
5142,-7.3679e+20
1523,-7.3754e+20
2242,-7.3804e+20
3921,-7.383e+20
2255,-7.3856e+20
1524,-7.3865e+20
1525,-7.3949e+20
4413,-7.4204e+20
2984,-7.4206e+20
1526,-7.4355e+20
4734,-7.4389e+20
1527,-7.4487e+20
5528,-7.4563e+20
1528,-7.4588e+20
1529,-7.4621e+20
1530,-7.4634e+20
1531,-7.4665e+20
2684,-7.4937e+20
1532,-7.5042e+20
1533,-7.5089e+20
1534,-7.5103e+20
1535,-7.5189e+20
2521,-7.5193e+20
1536,-7.5348e+20
1537,-7.5401e+20
1538,-7.5432e+20
1539,-7.5556e+20
1540,-7.5634e+20
1541,-7.5693e+20
1542,-7.5789e+20
3408,-7.5791e+20
4992,-7.5801e+20
3892,-7.5926e+20
1543,-7.5948e+20
1544,-7.5966e+20
1545,-7.6062e+20
1546,-7.6081e+20
1547,-7.61e+20
1548,-7.6147e+20
1549,-7.6156e+20
1550,-7.6208e+20
3315,-7.6297e+20
5487,-7.6437e+20
3957,-7.6452e+20
1551,-7.646e+20
1552,-7.6525e+20
3709,-7.6642e+20
1553,-7.6784e+20
1554,-7.6796e+20
1555,-7.6811e+20
1556,-7.7055e+20
1557,-7.7083e+20
1558,-7.7085e+20
1559,-7.712e+20
1560,-7.7127e+20
3978,-7.7155e+20
2355,-7.721e+20
1561,-7.7231e+20
1562,-7.728e+20
1563,-7.7326e+20
2357,-7.7333e+20
1564,-7.741e+20
1565,-7.7416e+20
4247,-7.7452e+20
1566,-7.7465e+20
1567,-7.7613e+20
1568,-7.7661e+20
3208,-7.7742e+20
5128,-7.7762e+20
1569,-7.7788e+20
5362,-7.7847e+20
1570,-7.7859e+20
1571,-7.7868e+20
4750,-7.7888e+20
5192,-7.7905e+20
1572,-7.7955e+20
1573,-7.802e+20
1574,-7.8028e+20
2869,-7.8083e+20
2847,-7.8123e+20
1575,-7.8179e+20
1576,-7.8196e+20
1577,-7.8209e+20
1578,-7.8265e+20
1579,-7.8302e+20
4494,-7.8368e+20
1580,-7.8402e+20
1581,-7.8526e+20
1582,-7.853e+20
1583,-7.8543e+20
1584,-7.8547e+20
1585,-7.8556e+20
5209,-7.8615e+20
3808,-7.865e+20
3541,-7.8684e+20
1586,-7.8701e+20
1587,-7.8719e+20
2885,-7.8721e+20
1588,-7.8785e+20
1589,-7.8799e+20
1590,-7.8921e+20
1591,-7.8936e+20
1592,-7.9008e+20
1593,-7.9086e+20
1594,-7.9125e+20
4923,-7.9128e+20
1595,-7.9138e+20
1596,-7.9145e+20
2634,-7.9248e+20
1597,-7.9347e+20
3677,-7.9493e+20
4050,-7.9522e+20
1598,-7.9542e+20
2795,-7.956e+20
1599,-7.9567e+20
1600,-7.9637e+20
1601,-7.9828e+20
1602,-7.9831e+20
3535,-7.9863e+20
1603,-7.9938e+20
1604,-8.0152e+20
1605,-8.018e+20
1606,-8.0187e+20
1607,-8.0204e+20
1608,-8.0321e+20
1609,-8.0413e+20
5013,-8.0653e+20
1610,-8.0668e+20
1611,-8.0674e+20
1612,-8.0694e+20
1613,-8.0818e+20
1614,-8.0891e+20
1615,-8.0911e+20
4398,-8.0964e+20
1616,-8.1044e+20
4661,-8.109e+20
1617,-8.1118e+20
2827,-8.1125e+20
2392,-8.1176e+20
3827,-8.1249e+20
1618,-8.1255e+20
1619,-8.1376e+20
1620,-8.1384e+20
1621,-8.1435e+20
1622,-8.15e+20
1623,-8.1528e+20
5348,-8.1594e+20
1624,-8.1648e+20
5008,-8.1707e+20
2901,-8.1743e+20
4073,-8.1772e+20
1625,-8.1804e+20
1626,-8.1843e+20
1627,-8.189e+20
1628,-8.1993e+20
4080,-8.1998e+20
2589,-8.2031e+20
5540,-8.2046e+20
5568,-8.2046e+20
1629,-8.2141e+20
1630,-8.2307e+20
1631,-8.2495e+20
1632,-8.2556e+20
1633,-8.2601e+20
1634,-8.2616e+20
1635,-8.2639e+20
1636,-8.2666e+20
4615,-8.2698e+20
4896,-8.2769e+20
5513,-8.2846e+20
3678,-8.2847e+20
1637,-8.2859e+20
1638,-8.2873e+20
1639,-8.2951e+20
1640,-8.301e+20
3846,-8.3061e+20
5584,-8.3125e+20
2353,-8.3147e+20
4964,-8.3159e+20
1641,-8.316e+20
2575,-8.317e+20
1642,-8.318e+20
1643,-8.3204e+20
1644,-8.3208e+20
4566,-8.3264e+20
1645,-8.3299e+20
3972,-8.3388e+20
4681,-8.3524e+20
3781,-8.3618e+20
5235,-8.3689e+20
1646,-8.3755e+20
1647,-8.3877e+20
1648,-8.3911e+20
1649,-8.3931e+20
1650,-8.398e+20
3608,-8.3983e+20
2279,-8.4004e+20
2757,-8.4009e+20
5515,-8.4015e+20
1651,-8.4045e+20
3975,-8.407e+20
1652,-8.412e+20
5299,-8.4132e+20
1653,-8.4135e+20
4716,-8.4138e+20
1654,-8.4171e+20
1655,-8.4331e+20
1656,-8.4365e+20
1657,-8.4425e+20
1658,-8.4472e+20
1659,-8.4504e+20
4037,-8.4529e+20
1660,-8.4538e+20
3175,-8.4644e+20
1661,-8.4744e+20
1662,-8.476e+20
5330,-8.4876e+20
1663,-8.4908e+20
4763,-8.4913e+20
1664,-8.4958e+20
1665,-8.4977e+20
5485,-8.5012e+20
5088,-8.5037e+20
1666,-8.5228e+20
2760,-8.5267e+20
1667,-8.5293e+20
1668,-8.5332e+20
2761,-8.537e+20
1669,-8.55e+20
1670,-8.5525e+20
1671,-8.5567e+20
1672,-8.5613e+20
1673,-8.5692e+20
2305,-8.5736e+20
1674,-8.5753e+20
1675,-8.5797e+20
5549,-8.5801e+20
3504,-8.5887e+20
1676,-8.5926e+20
3252,-8.5951e+20
1677,-8.5991e+20
1678,-8.5993e+20
1679,-8.603e+20
1680,-8.6088e+20
2618,-8.6159e+20
4859,-8.6168e+20
1681,-8.6214e+20
1682,-8.6225e+20
1683,-8.6274e+20
1684,-8.6308e+20
1685,-8.6347e+20
3132,-8.6422e+20
1686,-8.6439e+20
1687,-8.6465e+20
4758,-8.6526e+20
4601,-8.6567e+20
1688,-8.679e+20
2716,-8.6863e+20
1689,-8.7062e+20
1690,-8.7138e+20
5043,-8.7156e+20
1691,-8.7161e+20
3509,-8.7274e+20
1692,-8.7356e+20
1693,-8.7364e+20
4253,-8.7385e+20
1694,-8.7425e+20
1695,-8.7443e+20
1696,-8.754e+20
1697,-8.7585e+20
1698,-8.7612e+20
1699,-8.762e+20
4297,-8.7623e+20
4872,-8.7658e+20
1700,-8.7749e+20
1701,-8.7921e+20
1702,-8.7953e+20
1703,-8.7957e+20
2602,-8.7963e+20
1704,-8.8003e+20
1705,-8.8054e+20
1706,-8.8063e+20
1707,-8.8065e+20
5139,-8.8074e+20
1708,-8.8113e+20
1709,-8.8134e+20
1710,-8.8199e+20
1711,-8.8275e+20
1712,-8.8344e+20
1713,-8.8352e+20
1714,-8.8383e+20
1715,-8.8387e+20
1716,-8.8424e+20
5296,-8.8434e+20
2801,-8.8466e+20
4558,-8.8499e+20
1717,-8.8515e+20
1718,-8.8675e+20
1719,-8.8685e+20
1720,-8.8685e+20
1721,-8.8715e+20
1722,-8.8719e+20
1723,-8.8722e+20
3336,-8.8741e+20
1724,-8.8845e+20
1725,-8.8959e+20
1726,-8.896e+20
1727,-8.8962e+20
1728,-8.8969e+20
1729,-8.906e+20
1730,-8.9087e+20
1731,-8.9234e+20
1732,-8.9308e+20
1733,-8.9347e+20
2306,-8.9348e+20
4248,-8.9398e+20
4720,-8.9499e+20
1734,-8.9516e+20
1735,-8.96e+20
1736,-8.9606e+20
1737,-8.966e+20
4648,-8.9675e+20
1738,-8.9687e+20
5152,-8.9711e+20
1739,-8.9769e+20
1740,-8.9813e+20
1741,-8.9869e+20
1742,-8.9886e+20
1743,-8.9914e+20
1744,-9.0094e+20
3854,-9.0157e+20
4584,-9.0179e+20
1745,-9.0182e+20
1746,-9.0198e+20
1747,-9.0212e+20
4026,-9.0305e+20
1748,-9.0356e+20
4274,-9.0397e+20
3288,-9.0606e+20
1749,-9.0662e+20
4227,-9.07e+20
5392,-9.0815e+20
1750,-9.0977e+20
5084,-9.0996e+20
3234,-9.1053e+20
1751,-9.1191e+20
1752,-9.1198e+20
3807,-9.127e+20
1753,-9.137e+20
1754,-9.1392e+20
1755,-9.1402e+20
3407,-9.1404e+20
1756,-9.1585e+20
1757,-9.1587e+20
1758,-9.1702e+20
3471,-9.174e+20
1759,-9.179e+20
3716,-9.184e+20
1760,-9.1891e+20
1761,-9.1924e+20
1762,-9.197e+20
1763,-9.1988e+20
4346,-9.2018e+20
2655,-9.2024e+20
4006,-9.2103e+20
1764,-9.2139e+20
1765,-9.2147e+20
1766,-9.2201e+20
1767,-9.2257e+20
4576,-9.2377e+20
1768,-9.2582e+20
2693,-9.269e+20
1769,-9.273e+20
1770,-9.2761e+20
1771,-9.2821e+20
5514,-9.2868e+20
1772,-9.29e+20
1773,-9.2913e+20
1774,-9.2952e+20
1775,-9.3023e+20
3126,-9.3076e+20
1776,-9.3122e+20
1777,-9.3141e+20
5523,-9.3161e+20
1778,-9.3173e+20
3410,-9.3214e+20
1779,-9.3262e+20
4748,-9.3362e+20
1780,-9.3506e+20
1781,-9.3517e+20
3699,-9.3569e+20
1782,-9.3638e+20
1783,-9.3647e+20
4190,-9.3683e+20
1784,-9.369e+20
1785,-9.3736e+20
1786,-9.3752e+20
1787,-9.3817e+20
4462,-9.3839e+20
3948,-9.3846e+20
1788,-9.4113e+20
1789,-9.4121e+20
4166,-9.42e+20
5073,-9.4216e+20
1790,-9.4258e+20
1791,-9.4341e+20
1792,-9.4435e+20
1793,-9.4526e+20
1794,-9.4574e+20
5248,-9.4579e+20
3239,-9.4622e+20
1795,-9.4698e+20
1796,-9.4698e+20
5389,-9.473e+20
1797,-9.4829e+20
1798,-9.4998e+20
5197,-9.5001e+20
1799,-9.5011e+20
3624,-9.5108e+20
1800,-9.5141e+20
1801,-9.5385e+20
1802,-9.5433e+20
1803,-9.546e+20
1804,-9.5585e+20
1805,-9.567e+20
1806,-9.5699e+20
1807,-9.5805e+20
1808,-9.5807e+20
1809,-9.5991e+20
3499,-9.5996e+20
1810,-9.6105e+20
1811,-9.6128e+20
3052,-9.6174e+20
1812,-9.6239e+20
1813,-9.6267e+20
5249,-9.6283e+20
1814,-9.6299e+20
1815,-9.6312e+20
1816,-9.6316e+20
1817,-9.6387e+20
1818,-9.6441e+20
5593,-9.6524e+20
1819,-9.6538e+20
1820,-9.6543e+20
1821,-9.655e+20
1822,-9.6559e+20
4212,-9.6621e+20
2749,-9.6632e+20
2407,-9.6671e+20
1823,-9.6685e+20
3236,-9.6716e+20
1824,-9.6813e+20
1825,-9.6821e+20
4392,-9.702e+20
1826,-9.7037e+20
1827,-9.7155e+20
3877,-9.7161e+20
1828,-9.7162e+20
1829,-9.7234e+20
4357,-9.7281e+20
1830,-9.7368e+20
1831,-9.7442e+20
1832,-9.7445e+20
1833,-9.748e+20
1834,-9.7544e+20
4690,-9.7576e+20
1835,-9.7581e+20
1836,-9.7612e+20
1837,-9.7617e+20
4135,-9.7618e+20
1838,-9.7626e+20
1839,-9.7766e+20
1840,-9.7862e+20
2973,-9.7952e+20
1841,-9.7965e+20
2630,-9.8282e+20
1842,-9.8287e+20
1843,-9.833e+20
1844,-9.8351e+20
1845,-9.8478e+20
3388,-9.8517e+20
3990,-9.8568e+20
5004,-9.8634e+20
2708,-9.8862e+20
4788,-9.8916e+20
1846,-9.8937e+20
2699,-9.9076e+20
1847,-9.9076e+20
1848,-9.9156e+20
1849,-9.9297e+20
1850,-9.9357e+20
1851,-9.9391e+20
2740,-9.9391e+20
1852,-9.9533e+20
1853,-9.9534e+20
1854,-9.9571e+20
4518,-9.973e+20
1855,-9.9758e+20
1856,-9.987e+20
1857,-9.9908e+20
4760,-9.9942e+20
1858,-9.9968e+20
5261,-1.0003e+21
3996,-1.0005e+21
1859,-1.0005e+21
4315,-1.0019e+21
1860,-1.0025e+21
2333,-1.0027e+21
5450,-1.0032e+21
3876,-1.0034e+21
2868,-1.0034e+21
2673,-1.0035e+21
4368,-1.0042e+21
1861,-1.0047e+21
4536,-1.0051e+21
3797,-1.0062e+21
1862,-1.0066e+21
1863,-1.0075e+21
1864,-1.0077e+21
1865,-1.0079e+21
1866,-1.0087e+21
3962,-1.0089e+21
3453,-1.0093e+21
3314,-1.0094e+21
1867,-1.0108e+21
4828,-1.0115e+21
1868,-1.0119e+21
1869,-1.0126e+21
4340,-1.0128e+21
3802,-1.0129e+21
1870,-1.013e+21
4055,-1.0143e+21
1871,-1.016e+21
1872,-1.0174e+21
2650,-1.0181e+21
1873,-1.0182e+21
1874,-1.0183e+21
4341,-1.0185e+21
1875,-1.0198e+21
1876,-1.0205e+21
1877,-1.021e+21
1878,-1.0213e+21
1879,-1.022e+21
1880,-1.0221e+21
3682,-1.0228e+21
1881,-1.0232e+21
3557,-1.0236e+21
1882,-1.0246e+21
1883,-1.0247e+21
1884,-1.0248e+21
2979,-1.0251e+21
1885,-1.0256e+21
1886,-1.0259e+21
1887,-1.0261e+21
3969,-1.0264e+21
3148,-1.0268e+21
2793,-1.0276e+21
1888,-1.0289e+21
1889,-1.0296e+21
1890,-1.0299e+21
2991,-1.0304e+21
1891,-1.0311e+21
1892,-1.0312e+21
1893,-1.0323e+21
2514,-1.0327e+21
1894,-1.0334e+21
1895,-1.0345e+21
4339,-1.0347e+21
1896,-1.0348e+21
3311,-1.0352e+21
1897,-1.036e+21
1898,-1.0365e+21
1899,-1.0372e+21
1900,-1.0384e+21
2882,-1.0387e+21
3074,-1.0388e+21
1901,-1.0388e+21
1902,-1.0391e+21
2862,-1.0392e+21
2775,-1.0396e+21
1903,-1.0406e+21
3426,-1.0409e+21
1904,-1.0414e+21
2917,-1.0417e+21
1905,-1.0418e+21
1906,-1.0422e+21
1907,-1.0432e+21
4943,-1.0435e+21
1908,-1.044e+21
1909,-1.0468e+21
1910,-1.047e+21
2710,-1.0472e+21
5036,-1.0473e+21
3411,-1.0486e+21
4771,-1.0488e+21
1911,-1.0488e+21
5250,-1.0503e+21
5597,-1.0522e+21
1912,-1.0527e+21
1913,-1.0542e+21
1914,-1.0543e+21
5185,-1.0544e+21
1915,-1.0544e+21
1916,-1.0545e+21
1917,-1.0549e+21
1918,-1.0558e+21
2381,-1.0568e+21
1919,-1.0574e+21
2272,-1.0581e+21
1920,-1.0584e+21
1921,-1.059e+21
1922,-1.0599e+21
2567,-1.0599e+21
1923,-1.0602e+21
4189,-1.0606e+21
1924,-1.0624e+21
1925,-1.0625e+21
1926,-1.0625e+21
2342,-1.0636e+21
1927,-1.0642e+21
1928,-1.0644e+21
1929,-1.0647e+21
1930,-1.0656e+21
4613,-1.0658e+21
4606,-1.0666e+21
3838,-1.0671e+21
1931,-1.0681e+21
1932,-1.069e+21
1933,-1.0691e+21
3105,-1.0695e+21
3980,-1.0698e+21
4837,-1.0703e+21
3779,-1.0708e+21
3003,-1.0711e+21
1934,-1.0717e+21
2685,-1.0717e+21
1935,-1.0743e+21
3290,-1.0744e+21
1936,-1.0755e+21
3715,-1.0756e+21
1937,-1.0782e+21
3265,-1.0783e+21
3705,-1.0787e+21
1938,-1.0794e+21
1939,-1.0807e+21
4230,-1.081e+21
1940,-1.0812e+21
1941,-1.0817e+21
2433,-1.0819e+21
1942,-1.082e+21
1943,-1.0821e+21
5587,-1.0821e+21
1944,-1.0826e+21
1945,-1.0829e+21
3628,-1.0841e+21
1946,-1.0842e+21
1947,-1.0842e+21
2590,-1.0849e+21
2573,-1.0857e+21
3181,-1.0863e+21
1948,-1.0889e+21
1949,-1.0892e+21
1950,-1.0911e+21
1951,-1.0918e+21
1952,-1.0938e+21
1953,-1.0947e+21
1954,-1.0952e+21
1955,-1.0972e+21
1956,-1.0986e+21
1957,-1.0987e+21
1958,-1.0992e+21
1959,-1.0994e+21
1960,-1.0996e+21
1961,-1.1007e+21
1962,-1.1012e+21
4849,-1.1013e+21
5481,-1.102e+21
1963,-1.1022e+21
1964,-1.1023e+21
1965,-1.1043e+21
3059,-1.1064e+21
2564,-1.1065e+21
1966,-1.1067e+21
1967,-1.1076e+21
1968,-1.1086e+21
1969,-1.1088e+21
1970,-1.1089e+21
5399,-1.1089e+21
1971,-1.1091e+21
3695,-1.1093e+21
4565,-1.1097e+21
1972,-1.11e+21
4160,-1.11e+21
2275,-1.1101e+21
1973,-1.1101e+21
3495,-1.1106e+21
1974,-1.1112e+21
4694,-1.1115e+21
3497,-1.1119e+21
3161,-1.1119e+21
1975,-1.1122e+21
1976,-1.1122e+21
1977,-1.1132e+21
4689,-1.1134e+21
4653,-1.1142e+21
1978,-1.1143e+21
1979,-1.1144e+21
3950,-1.1144e+21
3172,-1.1145e+21
1980,-1.1148e+21
2493,-1.1152e+21
2696,-1.1154e+21
2940,-1.1157e+21
2511,-1.1161e+21
4530,-1.1163e+21
1981,-1.1171e+21
1982,-1.1175e+21
1983,-1.1177e+21
1984,-1.118e+21
4862,-1.1182e+21
2554,-1.1189e+21
3458,-1.1193e+21
1985,-1.1194e+21
1986,-1.1199e+21
1987,-1.121e+21
1988,-1.121e+21
1989,-1.1217e+21
5447,-1.1224e+21
5136,-1.1237e+21
1990,-1.125e+21
1991,-1.1253e+21
1992,-1.1266e+21
1993,-1.1269e+21
1994,-1.1269e+21
4072,-1.1271e+21
1995,-1.128e+21
1996,-1.1296e+21
1997,-1.1301e+21
1998,-1.1306e+21
1999,-1.1311e+21
2000,-1.1313e+21
2001,-1.1315e+21
2002,-1.1318e+21
3103,-1.1318e+21
2003,-1.1319e+21
2004,-1.1325e+21
2005,-1.133e+21
2006,-1.1334e+21
2007,-1.1336e+21
2008,-1.1342e+21
2009,-1.1343e+21
3379,-1.1343e+21
2762,-1.1361e+21
2010,-1.1365e+21
4501,-1.1366e+21
2011,-1.1381e+21
2012,-1.1398e+21
2013,-1.1405e+21
5154,-1.1406e+21
2435,-1.1408e+21
5380,-1.1409e+21
2014,-1.142e+21
2015,-1.1425e+21
5582,-1.1428e+21
2016,-1.1433e+21
2017,-1.1434e+21
2018,-1.1438e+21
2019,-1.1446e+21
2020,-1.1459e+21
4063,-1.146e+21
2021,-1.146e+21
3365,-1.1469e+21
2783,-1.147e+21
2022,-1.1476e+21
2023,-1.1477e+21
2024,-1.1477e+21
2025,-1.1482e+21
2026,-1.149e+21
2027,-1.1502e+21
2028,-1.1503e+21
2029,-1.151e+21
2030,-1.1511e+21
5116,-1.1512e+21
2031,-1.1516e+21
2032,-1.1522e+21
2880,-1.1524e+21
2033,-1.1525e+21
3810,-1.153e+21
2034,-1.1538e+21
2035,-1.1539e+21
2036,-1.154e+21
2037,-1.1542e+21
2038,-1.1543e+21
2039,-1.1547e+21
5398,-1.1547e+21
2040,-1.1552e+21
2041,-1.1552e+21
2042,-1.1556e+21
2043,-1.1565e+21
2044,-1.1579e+21
2045,-1.1584e+21
2046,-1.1602e+21
5417,-1.1604e+21
2047,-1.1605e+21
2048,-1.1614e+21
2049,-1.1615e+21
2050,-1.1618e+21
2051,-1.1623e+21
2052,-1.1623e+21
4730,-1.1632e+21
2053,-1.1635e+21
2054,-1.1659e+21
2055,-1.1662e+21
2056,-1.1663e+21
3417,-1.167e+21
2057,-1.1672e+21
2058,-1.1673e+21
3614,-1.1677e+21
2059,-1.1685e+21
2060,-1.1687e+21
2354,-1.1687e+21
2061,-1.1697e+21
2062,-1.17e+21
2063,-1.1707e+21
4519,-1.1709e+21
2064,-1.1718e+21
2065,-1.1719e+21
2066,-1.1721e+21
2067,-1.1724e+21
2068,-1.1729e+21
4467,-1.1734e+21
3177,-1.1745e+21
2069,-1.1748e+21
2070,-1.1764e+21
2071,-1.1769e+21
2072,-1.177e+21
2073,-1.177e+21
2074,-1.1771e+21
2075,-1.1779e+21
2076,-1.1782e+21
2077,-1.1783e+21
4457,-1.1785e+21
5045,-1.1787e+21
2078,-1.179e+21
2079,-1.1794e+21
5356,-1.1795e+21
2080,-1.1822e+21
2081,-1.1835e+21
2082,-1.1841e+21
2083,-1.1859e+21
3613,-1.1861e+21
3140,-1.1861e+21
3687,-1.1865e+21
2084,-1.1868e+21
2085,-1.1869e+21
2086,-1.1871e+21
4873,-1.1872e+21
2087,-1.1877e+21
2088,-1.1884e+21
2089,-1.1891e+21
5108,-1.1902e+21
2090,-1.1904e+21
3194,-1.1907e+21
5286,-1.1908e+21
3085,-1.1908e+21
2091,-1.1909e+21
2092,-1.1911e+21
4723,-1.1929e+21
3870,-1.1931e+21
2093,-1.1936e+21
4270,-1.1938e+21
2094,-1.1941e+21
2095,-1.1942e+21
5074,-1.1944e+21
4268,-1.1949e+21
2096,-1.1951e+21
5239,-1.1952e+21
4110,-1.1964e+21
5029,-1.197e+21
2097,-1.1976e+21
2098,-1.1987e+21
2099,-1.1988e+21
3651,-1.2003e+21
2100,-1.2006e+21
4991,-1.2009e+21
3976,-1.2011e+21
4819,-1.2012e+21
2101,-1.2013e+21
2102,-1.2021e+21
3512,-1.2038e+21
2103,-1.2042e+21
5372,-1.2045e+21
2299,-1.2054e+21
2104,-1.2057e+21
2105,-1.2063e+21
3526,-1.2064e+21
2106,-1.2078e+21
2107,-1.2083e+21
2108,-1.209e+21
2109,-1.2094e+21
5220,-1.2094e+21
2110,-1.2101e+21
4172,-1.2102e+21
2111,-1.2106e+21
4636,-1.2118e+21
2112,-1.2125e+21
4243,-1.2151e+21
2113,-1.2152e+21
2114,-1.2152e+21
2115,-1.2164e+21
2116,-1.2168e+21
2117,-1.2173e+21
3009,-1.2176e+21
2877,-1.2183e+21
2118,-1.2185e+21
3329,-1.2186e+21
2119,-1.2187e+21
3540,-1.2195e+21
2594,-1.2197e+21
2120,-1.22e+21
2121,-1.2204e+21
2122,-1.2209e+21
2123,-1.221e+21
2124,-1.2216e+21
2125,-1.222e+21
2616,-1.2221e+21
4120,-1.224e+21
2126,-1.2241e+21
2127,-1.2242e+21
2576,-1.2244e+21
2320,-1.2256e+21
2128,-1.2256e+21
2129,-1.2258e+21
5314,-1.2276e+21
2130,-1.2285e+21
2131,-1.2288e+21
2132,-1.2296e+21
4216,-1.23e+21
2133,-1.2311e+21
5393,-1.2312e+21
3027,-1.2322e+21
4200,-1.2323e+21
2134,-1.2328e+21
2536,-1.233e+21
2135,-1.2332e+21
2136,-1.2341e+21
5134,-1.2358e+21
2137,-1.2365e+21
4436,-1.2373e+21
2138,-1.2377e+21
2139,-1.2379e+21
2140,-1.2381e+21
2141,-1.2396e+21
2142,-1.2422e+21
2143,-1.243e+21
3803,-1.2456e+21
2577,-1.2458e+21
2144,-1.2467e+21
2145,-1.249e+21
2146,-1.2492e+21
2147,-1.2493e+21
2148,-1.2495e+21
2149,-1.2496e+21
2150,-1.25e+21
2151,-1.2504e+21
2152,-1.2506e+21
2153,-1.2507e+21
2154,-1.2509e+21
2155,-1.2513e+21
2156,-1.2517e+21
2157,-1.2528e+21
2158,-1.2529e+21
2159,-1.2534e+21
2160,-1.2546e+21
2161,-1.2552e+21
4617,-1.2553e+21
2162,-1.2554e+21
2163,-1.2559e+21
2164,-1.2559e+21
2165,-1.2567e+21
2166,-1.259e+21
2167,-1.2593e+21
3796,-1.2603e+21
2168,-1.2609e+21
5023,-1.2619e+21
2169,-1.2624e+21
2170,-1.2624e+21
2171,-1.2635e+21
2172,-1.2637e+21
2173,-1.2644e+21
2174,-1.2648e+21
2175,-1.2657e+21
2176,-1.2662e+21
5048,-1.2673e+21
3860,-1.2677e+21
2177,-1.2687e+21
2178,-1.269e+21
2179,-1.269e+21
2180,-1.2705e+21
2181,-1.2714e+21
2182,-1.2718e+21
2183,-1.2718e+21
5289,-1.273e+21
5338,-1.2732e+21
2184,-1.2747e+21
3685,-1.2748e+21
2185,-1.275e+21
3144,-1.2751e+21
3213,-1.2771e+21
2186,-1.278e+21
2187,-1.2818e+21
2188,-1.2824e+21
2189,-1.2835e+21
2190,-1.2838e+21
2191,-1.284e+21
2403,-1.284e+21
2192,-1.2843e+21
2193,-1.2847e+21
2194,-1.2851e+21
2195,-1.2851e+21
4863,-1.2857e+21
2196,-1.2867e+21
2197,-1.2872e+21
2728,-1.2885e+21
2198,-1.2903e+21
2199,-1.2918e+21
2200,-1.2919e+21
2201,-1.2922e+21
2202,-1.2923e+21
2203,-1.2928e+21
2204,-1.2931e+21
4042,-1.2934e+21
2205,-1.2936e+21
2937,-1.2944e+21
3221,-1.2954e+21
2206,-1.2954e+21
2207,-1.2956e+21
2208,-1.2958e+21
2209,-1.2961e+21
2210,-1.2963e+21
2211,-1.2963e+21
3483,-1.2963e+21
5461,-1.2967e+21
2212,-1.2973e+21
3680,-1.2982e+21
2213,-1.2993e+21
2214,-1.3001e+21
2258,-1.3029e+21
2215,-1.3048e+21
2216,-1.305e+21
2217,-1.307e+21
2218,-1.3098e+21
2219,-1.3123e+21
2574,-1.3152e+21
2220,-1.3153e+21
2221,-1.3159e+21
4614,-1.3166e+21
2222,-1.318e+21
2223,-1.3183e+21
4005,-1.3184e+21
2224,-1.3188e+21
2225,-1.3191e+21
2226,-1.32e+21
5258,-1.3215e+21
2227,-1.3218e+21
2228,-1.3229e+21
2372,-1.3232e+21
5282,-1.3234e+21
2229,-1.3236e+21
2230,-1.3238e+21
2231,-1.324e+21
5324,-1.324e+21
4835,-1.3243e+21
2232,-1.3246e+21
2233,-1.3247e+21
2303,-1.3256e+21
4820,-1.3265e+21
2234,-1.3269e+21
2235,-1.327e+21
2236,-1.3272e+21
4196,-1.3274e+21
4244,-1.3276e+21
2237,-1.3278e+21
2930,-1.3287e+21
2238,-1.3289e+21
2239,-1.3297e+21
2240,-1.3302e+21
4850,-1.3326e+21
3024,-1.3395e+21
2705,-1.3439e+21
4545,-1.346e+21
5406,-1.3473e+21
3072,-1.3493e+21
2861,-1.3493e+21
4778,-1.3495e+21
3564,-1.3504e+21
5556,-1.3506e+21
3353,-1.3528e+21
4049,-1.3542e+21
4393,-1.3544e+21
3690,-1.3545e+21
2252,-1.355e+21
3292,-1.3564e+21
3070,-1.3571e+21
3192,-1.3573e+21
3042,-1.3575e+21
3885,-1.3584e+21
4800,-1.3594e+21
2649,-1.3619e+21
4814,-1.3622e+21
5429,-1.3626e+21
5138,-1.3635e+21
3000,-1.3637e+21
4219,-1.364e+21
4106,-1.3672e+21
5223,-1.3676e+21
2416,-1.3742e+21
3734,-1.3753e+21
2651,-1.3795e+21
3592,-1.3799e+21
3913,-1.3812e+21
3159,-1.3813e+21
3041,-1.3836e+21
4469,-1.3846e+21
3964,-1.3878e+21
3440,-1.3887e+21
3841,-1.3907e+21
4250,-1.3926e+21
5246,-1.3939e+21
4864,-1.3965e+21
3462,-1.3976e+21
3927,-1.3981e+21
5448,-1.3991e+21
2799,-1.4054e+21
4962,-1.4073e+21
3110,-1.4114e+21
5445,-1.4124e+21
5233,-1.4146e+21
5561,-1.4159e+21
4870,-1.4165e+21
3510,-1.4185e+21
4861,-1.4228e+21
4647,-1.4231e+21
4664,-1.4239e+21
4205,-1.4269e+21
3806,-1.4273e+21
4685,-1.4293e+21
2287,-1.434e+21
4001,-1.4351e+21
4948,-1.4356e+21
3436,-1.4383e+21
5581,-1.4391e+21
4113,-1.4402e+21
3149,-1.4413e+21
5255,-1.4464e+21
2612,-1.4468e+21
4505,-1.4486e+21
4407,-1.4493e+21
5217,-1.4505e+21
3283,-1.4515e+21
2441,-1.4539e+21
3444,-1.4564e+21
2756,-1.4591e+21
4034,-1.4611e+21
5201,-1.4658e+21
5055,-1.4666e+21
2488,-1.4668e+21
4067,-1.4676e+21
5387,-1.4696e+21
4703,-1.4736e+21
4138,-1.4757e+21
4426,-1.4832e+21
4365,-1.4837e+21
3435,-1.4838e+21
5543,-1.4857e+21
2413,-1.4889e+21
2805,-1.489e+21
5147,-1.4895e+21
3632,-1.4902e+21
4738,-1.4904e+21
2816,-1.4907e+21
5304,-1.4912e+21
3722,-1.4929e+21
4598,-1.4931e+21
4691,-1.4936e+21
3706,-1.4937e+21
5574,-1.4961e+21
3146,-1.4962e+21
3929,-1.4969e+21
3547,-1.502e+21
2906,-1.5025e+21
2505,-1.5025e+21
3634,-1.5026e+21
4718,-1.5042e+21
5240,-1.5045e+21
2875,-1.507e+21
3296,-1.5092e+21
2248,-1.5105e+21
2802,-1.5106e+21
3380,-1.5106e+21
4509,-1.5129e+21
4056,-1.513e+21
4644,-1.5136e+21
4956,-1.5138e+21
4987,-1.514e+21
5065,-1.5145e+21
5381,-1.5155e+21
4933,-1.5167e+21
3931,-1.5168e+21
4875,-1.5181e+21
4031,-1.5191e+21
2711,-1.5198e+21
3342,-1.5231e+21
2421,-1.5239e+21
4105,-1.5257e+21
4526,-1.5259e+21
2520,-1.5299e+21
4908,-1.5358e+21
5221,-1.5391e+21
5069,-1.5392e+21
4422,-1.5395e+21
2791,-1.5414e+21
2400,-1.5419e+21
4627,-1.5427e+21
3534,-1.5443e+21
5137,-1.5456e+21
4811,-1.5479e+21
4071,-1.55e+21
3723,-1.5524e+21
3438,-1.5536e+21
4898,-1.556e+21
2318,-1.557e+21
4261,-1.5586e+21
3782,-1.5587e+21
4747,-1.5638e+21
2302,-1.5662e+21
4140,-1.5663e+21
3956,-1.5672e+21
2363,-1.5694e+21
5157,-1.5721e+21
5409,-1.5744e+21
3676,-1.5745e+21
4827,-1.5772e+21
4087,-1.5799e+21
3757,-1.5838e+21
4825,-1.5852e+21
3576,-1.5863e+21
4150,-1.5886e+21
3675,-1.5908e+21
4816,-1.593e+21
5109,-1.5949e+21
3474,-1.5951e+21
2329,-1.5962e+21
2891,-1.6008e+21
3114,-1.602e+21
3335,-1.6024e+21
4853,-1.6026e+21
2537,-1.6061e+21
3284,-1.6064e+21
3450,-1.608e+21
3582,-1.6125e+21
3746,-1.6147e+21
3853,-1.6152e+21
3587,-1.6208e+21
3286,-1.6211e+21
3047,-1.6213e+21
4046,-1.6249e+21
5489,-1.6262e+21
3431,-1.6272e+21
4209,-1.6277e+21
2632,-1.6296e+21
4791,-1.6303e+21
3141,-1.6325e+21
5068,-1.6327e+21
2895,-1.6328e+21
4874,-1.6338e+21
2834,-1.6356e+21
4327,-1.6378e+21
5439,-1.6382e+21
4165,-1.6388e+21
5124,-1.6404e+21
5015,-1.643e+21
4300,-1.6432e+21
4633,-1.6465e+21
4573,-1.6516e+21
4785,-1.6546e+21
2394,-1.6589e+21
4905,-1.6604e+21
2636,-1.6608e+21
5424,-1.6615e+21
3594,-1.6619e+21
2600,-1.6632e+21
3622,-1.6632e+21
4512,-1.6635e+21
3291,-1.6643e+21
2546,-1.6648e+21
2938,-1.6652e+21
5355,-1.6676e+21
4667,-1.6676e+21
3826,-1.6685e+21
3434,-1.6695e+21
3643,-1.6714e+21
5266,-1.6731e+21
2552,-1.6743e+21
3635,-1.6746e+21
3263,-1.6796e+21
4447,-1.6806e+21
3490,-1.6822e+21
3412,-1.6836e+21
5547,-1.6845e+21
2680,-1.6856e+21
2397,-1.6871e+21
3131,-1.6874e+21
5526,-1.6876e+21
4776,-1.6879e+21
2751,-1.6896e+21
3665,-1.6901e+21
3437,-1.6915e+21
5264,-1.6947e+21
5167,-1.6947e+21
2719,-1.6967e+21
3788,-1.7009e+21
5552,-1.703e+21
3352,-1.7039e+21
3538,-1.7041e+21
5536,-1.7047e+21
4544,-1.7049e+21
4062,-1.7053e+21
3199,-1.7094e+21
2954,-1.7118e+21
4641,-1.7125e+21
4312,-1.7135e+21
4317,-1.714e+21
3974,-1.7144e+21
4503,-1.7152e+21
4307,-1.7168e+21
2498,-1.7194e+21
2828,-1.72e+21
4749,-1.7203e+21
3327,-1.7229e+21
2254,-1.7241e+21
3689,-1.7253e+21
3226,-1.7265e+21
4139,-1.7305e+21
3633,-1.7307e+21
5313,-1.732e+21
3383,-1.7327e+21
3600,-1.7334e+21
5541,-1.7372e+21
3267,-1.7403e+21
3917,-1.7426e+21
3815,-1.7433e+21
2307,-1.7444e+21
4846,-1.7473e+21
4374,-1.7484e+21
4554,-1.7499e+21
4767,-1.7506e+21
4736,-1.7511e+21
3007,-1.7521e+21
3452,-1.7527e+21
4976,-1.7545e+21
4093,-1.755e+21
4844,-1.7612e+21
5237,-1.7613e+21
3349,-1.7629e+21
2808,-1.7701e+21
2561,-1.7711e+21
5422,-1.7711e+21
3318,-1.7718e+21
2422,-1.7732e+21
5305,-1.7736e+21
5251,-1.7736e+21
3376,-1.7738e+21
2706,-1.7742e+21
5125,-1.7746e+21
4269,-1.7747e+21
5244,-1.7761e+21
4441,-1.7783e+21
4277,-1.7824e+21
4168,-1.7838e+21
4831,-1.7844e+21
2440,-1.7857e+21
3645,-1.7897e+21
4488,-1.7898e+21
3989,-1.79e+21
5588,-1.7902e+21
3603,-1.7912e+21
4482,-1.7952e+21
2551,-1.7959e+21
4919,-1.7983e+21
3058,-1.7988e+21
5106,-1.799e+21
4561,-1.7991e+21
5193,-1.801e+21
3527,-1.8021e+21
4409,-1.8041e+21
3501,-1.8056e+21
5200,-1.807e+21
2745,-1.8078e+21
3554,-1.8082e+21
4266,-1.8099e+21
2327,-1.8156e+21
4762,-1.8184e+21
5077,-1.8185e+21
4972,-1.8188e+21
4968,-1.819e+21
4932,-1.8202e+21
3610,-1.821e+21
2308,-1.8211e+21
3120,-1.824e+21
5479,-1.825e+21
3036,-1.828e+21
2317,-1.8282e+21
3848,-1.8285e+21
4759,-1.8298e+21
4742,-1.8302e+21
4624,-1.8326e+21
4532,-1.8334e+21
2822,-1.8338e+21
4162,-1.8372e+21
2544,-1.8378e+21
4777,-1.8382e+21
4497,-1.8384e+21
4186,-1.84e+21
5026,-1.8423e+21
4911,-1.8431e+21
5072,-1.8437e+21
2750,-1.8456e+21
4293,-1.8504e+21
2648,-1.8505e+21
5144,-1.8507e+21
2631,-1.8525e+21
3384,-1.8527e+21
4657,-1.8531e+21
5600,-1.8535e+21
4516,-1.8537e+21
5035,-1.8542e+21
2408,-1.8551e+21
3256,-1.8574e+21
2771,-1.8577e+21
4187,-1.8582e+21
4640,-1.8582e+21
3602,-1.8585e+21
3585,-1.8654e+21
4460,-1.8697e+21
2289,-1.8736e+21
2628,-1.8748e+21
4711,-1.8762e+21
3317,-1.8794e+21
2599,-1.8804e+21
3794,-1.8809e+21
4702,-1.8816e+21
3999,-1.8818e+21
4790,-1.8823e+21
4197,-1.8825e+21
4632,-1.8832e+21
3583,-1.8843e+21
4065,-1.8847e+21
4935,-1.8861e+21
4157,-1.8863e+21
5231,-1.8883e+21
5482,-1.8886e+21
5579,-1.8887e+21
4405,-1.8894e+21
4789,-1.8907e+21
4975,-1.8943e+21
4295,-1.895e+21
4917,-1.895e+21
5560,-1.895e+21
3423,-1.896e+21
4931,-1.8962e+21
3446,-1.8973e+21
2365,-1.8977e+21
2491,-1.9004e+21
4176,-1.9004e+21
5063,-1.901e+21
3145,-1.9017e+21
3777,-1.9068e+21
5270,-1.9069e+21
4332,-1.908e+21
2431,-1.9102e+21
5580,-1.912e+21
4267,-1.9138e+21
2418,-1.9145e+21
5565,-1.9153e+21
5361,-1.9157e+21
4854,-1.9158e+21
5022,-1.9162e+21
3166,-1.9169e+21
3065,-1.9184e+21
2476,-1.9191e+21
4211,-1.9209e+21
3304,-1.9214e+21
4326,-1.9217e+21
4616,-1.9223e+21
5222,-1.9227e+21
5085,-1.9232e+21
4930,-1.9246e+21
3556,-1.9259e+21
5252,-1.9261e+21
4683,-1.9305e+21
3113,-1.9306e+21
2860,-1.9311e+21
2471,-1.932e+21
4002,-1.933e+21
2729,-1.9356e+21
3883,-1.9411e+21
3465,-1.946e+21
3899,-1.9498e+21
3935,-1.9502e+21
3043,-1.9504e+21
4786,-1.9516e+21
3338,-1.953e+21
4038,-1.9531e+21
5473,-1.9534e+21
4982,-1.9541e+21
5491,-1.955e+21
4294,-1.9568e+21
2615,-1.9573e+21
5414,-1.959e+21
5028,-1.9592e+21
3258,-1.9609e+21
5212,-1.9617e+21
2358,-1.9639e+21
4922,-1.9651e+21
4559,-1.9659e+21
2426,-1.9671e+21
4264,-1.9675e+21
3046,-1.9697e+21
2617,-1.9707e+21
2436,-1.9715e+21
4707,-1.9721e+21
5034,-1.9738e+21
4117,-1.9741e+21
4586,-1.976e+21
5082,-1.9763e+21
3356,-1.9791e+21
4522,-1.9803e+21
2522,-1.9809e+21
3472,-1.9825e+21
2679,-1.9825e+21
3109,-1.9847e+21
2341,-1.9849e+21
4560,-1.987e+21
4458,-1.9875e+21
4865,-1.9882e+21
3390,-1.9904e+21
3765,-1.991e+21
5061,-1.9914e+21
4492,-1.9931e+21
2870,-1.9937e+21
2863,-2.0012e+21
3790,-2.0024e+21
3819,-2.0032e+21
4314,-2.0043e+21
3710,-2.005e+21
3321,-2.0055e+21
4499,-2.0058e+21
3339,-2.0066e+21
4254,-2.0075e+21
4717,-2.0083e+21
3697,-2.0095e+21
5497,-2.011e+21
5563,-2.0122e+21
4324,-2.0126e+21
2473,-2.0136e+21
4262,-2.0137e+21
4188,-2.0146e+21
2848,-2.0161e+21
2253,-2.0177e+21
4698,-2.0178e+21
2778,-2.0207e+21
4999,-2.0212e+21
5210,-2.0226e+21
2736,-2.0226e+21
4687,-2.0238e+21
4412,-2.0256e+21
4345,-2.0262e+21
5291,-2.0267e+21
4371,-2.0276e+21
5371,-2.0277e+21
3035,-2.0288e+21
3101,-2.0291e+21
5551,-2.0298e+21
5378,-2.0312e+21
3178,-2.0312e+21
2905,-2.0321e+21
2939,-2.0343e+21
5017,-2.0359e+21
5294,-2.0369e+21
3280,-2.0397e+21
3129,-2.042e+21
3530,-2.05e+21
3274,-2.0526e+21
3654,-2.0584e+21
4900,-2.062e+21
5418,-2.0629e+21
2777,-2.0638e+21
4179,-2.0642e+21
2665,-2.0753e+21
5099,-2.079e+21
2251,-2.0807e+21
3093,-2.0817e+21
2534,-2.0823e+21
2330,-2.0847e+21
2890,-2.0851e+21
4154,-2.0876e+21
2948,-2.0942e+21
2661,-2.0947e+21
2596,-2.1041e+21
3750,-2.1047e+21
2323,-2.1058e+21
2555,-2.1073e+21
2656,-2.1108e+21
4074,-2.1112e+21
2267,-2.1204e+21
5388,-2.1215e+21
4651,-2.1438e+21
5397,-2.1438e+21
3795,-2.1463e+21
5213,-2.1466e+21
4654,-2.1514e+21
4358,-2.1642e+21
4969,-2.1706e+21
3293,-2.1737e+21
4755,-2.1746e+21
4740,-2.1916e+21
4726,-2.1917e+21
2607,-2.2017e+21
4676,-2.2027e+21
4884,-2.2132e+21
3228,-2.2134e+21
3112,-2.2319e+21
4635,-2.241e+21
2724,-2.2714e+21
4958,-2.2739e+21
4949,-2.284e+21
3160,-2.2855e+21
4626,-2.2855e+21
2806,-2.2895e+21
4384,-2.3005e+21
3077,-2.3009e+21
3672,-2.3018e+21
4066,-2.3052e+21
4851,-2.3075e+21
4841,-2.3155e+21
2835,-2.3222e+21
3473,-2.3228e+21
5211,-2.3261e+21
5141,-2.3304e+21
2556,-2.3332e+21
4658,-2.3348e+21
2559,-2.3356e+21
5225,-2.3429e+21
3387,-2.3453e+21
2996,-2.349e+21
2840,-2.3511e+21
3470,-2.3596e+21
4130,-2.3727e+21
4078,-2.3779e+21
4192,-2.3876e+21
4498,-2.3914e+21
4941,-2.3924e+21
2265,-2.3953e+21
3089,-2.397e+21
3232,-2.418e+21
3985,-2.4249e+21
4895,-2.4266e+21
2622,-2.4297e+21
2919,-2.4306e+21
2463,-2.4308e+21
4937,-2.4355e+21
2624,-2.4392e+21
2900,-2.4425e+21
3261,-2.4483e+21
3060,-2.4486e+21
4316,-2.4498e+21
3631,-2.4673e+21
3368,-2.4743e+21
3289,-2.477e+21
3316,-2.4782e+21
4638,-2.4814e+21
3359,-2.4837e+21
2409,-2.4884e+21
3493,-2.4913e+21
3731,-2.4918e+21
3095,-2.4933e+21
2703,-2.4941e+21
4292,-2.5041e+21
5107,-2.5117e+21
3006,-2.5204e+21
3521,-2.5301e+21
2361,-2.5379e+21
3551,-2.5415e+21
2914,-2.5503e+21
2962,-2.5581e+21
4484,-2.5587e+21
2663,-2.5668e+21
3378,-2.5748e+21
4543,-2.5829e+21
4471,-2.5914e+21
4794,-2.5961e+21
4809,-2.601e+21
5275,-2.6019e+21
2274,-2.6037e+21
3562,-2.6202e+21
3712,-2.623e+21
4119,-2.6269e+21
3122,-2.6334e+21
3124,-2.6349e+21
4343,-2.6353e+21
2581,-2.6407e+21
4552,-2.6537e+21
4719,-2.659e+21
3650,-2.6847e+21
3295,-2.6903e+21
4144,-2.6946e+21
2578,-2.6953e+21
4239,-2.6998e+21
2641,-2.7008e+21
4013,-2.7016e+21
2280,-2.7105e+21
4454,-2.7142e+21
3907,-2.718e+21
4035,-2.7422e+21
2933,-2.7429e+21
3662,-2.7638e+21
3637,-2.7759e+21
3953,-2.8013e+21
2819,-2.8041e+21
4167,-2.8048e+21
4448,-2.8089e+21
4772,-2.8301e+21
3752,-2.842e+21
3786,-2.8541e+21
3424,-2.8602e+21
4184,-2.8605e+21
4955,-2.8616e+21
4100,-2.8665e+21
4682,-2.8706e+21
4379,-2.8708e+21
4344,-2.8797e+21
3516,-2.8843e+21
2444,-2.8874e+21
4308,-2.8881e+21
2898,-2.9029e+21
3242,-2.9109e+21
2720,-2.9114e+21
2518,-2.9147e+21
4331,-2.9237e+21
5562,-2.9384e+21
3813,-2.9392e+21
3427,-2.9747e+21
4533,-2.9916e+21
2340,-2.9919e+21
5071,-2.9993e+21
2672,-3.0018e+21
3902,-3.0081e+21
3926,-3.0153e+21
5292,-3.0184e+21
3130,-3.0188e+21
5232,-3.0239e+21
3536,-3.0297e+21
2878,-3.0349e+21
4980,-3.0528e+21
4289,-3.059e+21
5060,-3.0739e+21
5369,-3.0807e+21
3282,-3.0894e+21
5183,-3.0921e+21
3914,-3.1172e+21
3094,-3.1241e+21
4131,-3.1284e+21
4857,-3.1418e+21
5053,-3.1755e+21
5495,-3.1765e+21
5301,-3.1863e+21
5079,-3.1884e+21
3219,-3.197e+21
3986,-3.1995e+21
5290,-3.2313e+21
5298,-3.234e+21
5319,-3.2429e+21
3894,-3.2566e+21
4287,-3.258e+21
3998,-3.2642e+21
2485,-3.2655e+21
4302,-3.2734e+21
3855,-3.2738e+21
3038,-3.2805e+21
4692,-3.2846e+21
4480,-3.3064e+21
5087,-3.3066e+21
3350,-3.3073e+21
5357,-3.3259e+21
5273,-3.3411e+21
2296,-3.3517e+21
2810,-3.3572e+21
3032,-3.366e+21
4885,-3.3702e+21
3973,-3.3708e+21
3019,-3.3725e+21
3791,-3.3755e+21
3482,-3.3762e+21
3563,-3.3885e+21
4699,-3.3955e+21
5519,-3.3993e+21
4010,-3.4155e+21
3193,-3.4379e+21
2592,-3.4467e+21
3525,-3.4514e+21
4091,-3.456e+21
3092,-3.46e+21
4557,-3.4772e+21
4486,-3.481e+21
5126,-3.4936e+21
4714,-3.5039e+21
4342,-3.5091e+21
4430,-3.52e+21
5442,-3.5259e+21
5103,-3.531e+21
5176,-3.5375e+21
2591,-3.5454e+21
3278,-3.5568e+21
4783,-3.5587e+21
5483,-3.604e+21
2496,-3.6051e+21
5129,-3.6074e+21
4276,-3.6138e+21
3597,-3.6174e+21
4888,-3.6364e+21
3686,-3.6781e+21
2677,-3.688e+21
5534,-3.6899e+21
4621,-3.7129e+21
4058,-3.7233e+21
3683,-3.7235e+21
5276,-3.7258e+21
3079,-3.7291e+21
5323,-3.7382e+21
4445,-3.7413e+21
2867,-3.7568e+21
3001,-3.7639e+21
5433,-3.7681e+21
4147,-3.7792e+21
3479,-3.7849e+21
4298,-3.795e+21
5098,-3.8008e+21
4079,-3.8079e+21
5475,-3.8123e+21
4423,-3.8227e+21
4546,-3.8227e+21
4054,-3.8243e+21
3688,-3.8373e+21
4127,-3.8432e+21
2691,-3.8438e+21
2695,-3.8645e+21
2784,-3.8711e+21
4177,-3.8776e+21
3674,-3.8778e+21
5245,-3.8841e+21
3197,-3.8854e+21
3455,-3.8867e+21
4735,-3.9049e+21
3457,-3.9116e+21
3068,-3.9231e+21
4701,-3.933e+21
4449,-3.9499e+21
5111,-3.9616e+21
3498,-3.9717e+21
4433,-3.9787e+21
2336,-3.9835e+21
3022,-3.9861e+21
4623,-3.9883e+21
2292,-3.9896e+21
4940,-4.0138e+21
4039,-4.0147e+21
5117,-4.0163e+21
5530,-4.026e+21
4836,-4.0288e+21
3310,-4.0328e+21
2613,-4.033e+21
2453,-4.0353e+21
4061,-4.0522e+21
4489,-4.0559e+21
2585,-4.0578e+21
3739,-4.0654e+21
2682,-4.0685e+21
5594,-4.0694e+21
2949,-4.0752e+21
4953,-4.0775e+21
4359,-4.0854e+21
3898,-4.0951e+21
3050,-4.1031e+21
4279,-4.1267e+21
3546,-4.1277e+21
3982,-4.1277e+21
2328,-4.1352e+21
5596,-4.1418e+21
3323,-4.1454e+21
4960,-4.1539e+21
3468,-4.1685e+21
4347,-4.1934e+21
2982,-4.1963e+21
2293,-4.1998e+21
5333,-4.2147e+21
5047,-4.2204e+21
4693,-4.2227e+21
3725,-4.2291e+21
2726,-4.2431e+21
2789,-4.2482e+21
4468,-4.2861e+21
5545,-4.2881e+21
4574,-4.2923e+21
4286,-4.2932e+21
3692,-4.2977e+21
5214,-4.3221e+21
4979,-4.3227e+21
4610,-4.3433e+21
2388,-4.3476e+21
5358,-4.3581e+21
4044,-4.3598e+21
2856,-4.3599e+21
5274,-4.3609e+21
3890,-4.3704e+21
3029,-4.3776e+21
4609,-4.3798e+21
3831,-4.3819e+21
3150,-4.3919e+21
2563,-4.3953e+21
4587,-4.3959e+21
2921,-4.4037e+21
3626,-4.4044e+21
2404,-4.4052e+21
4429,-4.4083e+21
3277,-4.4132e+21
2319,-4.4148e+21
3222,-4.4212e+21
3545,-4.4213e+21
2427,-4.4268e+21
2284,-4.4281e+21
2614,-4.4419e+21
2517,-4.4548e+21
5227,-4.4555e+21
2448,-4.4759e+21
4158,-4.4794e+21
3736,-4.4881e+21
2730,-4.5209e+21
5272,-4.5218e+21
4235,-4.5304e+21
2351,-4.5401e+21
4700,-4.546e+21
5000,-4.5563e+21
3008,-4.5745e+21
3270,-4.5789e+21
4995,-4.5795e+21
5350,-4.5841e+21
2692,-4.591e+21
5575,-4.5946e+21
5135,-4.6016e+21
4353,-4.6313e+21
2492,-4.6315e+21
3017,-4.6449e+21
4118,-4.6635e+21
4474,-4.6725e+21
2352,-4.6743e+21
5453,-4.679e+21
2894,-4.6883e+21
3760,-4.7004e+21
3237,-4.701e+21
5465,-4.7013e+21
3414,-4.7104e+21
3918,-4.7118e+21
4708,-4.7151e+21
2460,-4.7186e+21
4349,-4.7258e+21
2484,-4.7377e+21
4773,-4.7435e+21
5425,-4.7491e+21
5002,-4.7537e+21
2506,-4.7544e+21
3515,-4.7794e+21
2987,-4.7812e+21
4829,-4.7881e+21
2911,-4.7963e+21
4246,-4.8e+21
3761,-4.8118e+21
4225,-4.8447e+21
4724,-4.8582e+21
3793,-4.861e+21
3227,-4.8705e+21
3713,-4.8738e+21
5044,-4.879e+21
2510,-4.8823e+21
4727,-4.887e+21
2331,-4.8939e+21
3014,-4.9e+21
3464,-4.9382e+21
4643,-4.9415e+21
4047,-4.9502e+21
2888,-4.9558e+21
4217,-4.9573e+21
4510,-4.9593e+21
4939,-4.9619e+21
2278,-4.9692e+21
5486,-4.9717e+21
3185,-4.978e+21
5024,-4.9783e+21
3415,-4.9893e+21
2809,-5.007e+21
3934,-5.0095e+21
3428,-5.0256e+21
3121,-5.0309e+21
3987,-5.0341e+21
3544,-5.0359e+21
3751,-5.0382e+21
3742,-5.0506e+21
3992,-5.069e+21
4185,-5.0761e+21
5441,-5.0954e+21
4170,-5.1118e+21
2972,-5.1143e+21
4278,-5.1145e+21
5059,-5.1516e+21
4020,-5.1569e+21
2483,-5.1611e+21
3466,-5.1623e+21
5229,-5.1668e+21
3805,-5.1682e+21
3215,-5.1694e+21
4662,-5.1703e+21
4990,-5.1727e+21
5052,-5.187e+21
5080,-5.215e+21
4408,-5.2244e+21
2264,-5.2252e+21
5493,-5.2254e+21
4737,-5.2306e+21
2871,-5.2355e+21
2918,-5.2398e+21
3391,-5.2426e+21
4540,-5.2573e+21
5271,-5.2591e+21
4075,-5.2611e+21
4600,-5.2843e+21
2704,-5.2843e+21
4549,-5.3114e+21
3297,-5.3244e+21
3869,-5.3438e+21
4053,-5.3531e+21
2942,-5.3642e+21
5548,-5.368e+21
2723,-5.371e+21
4569,-5.3792e+21
4806,-5.3856e+21
4765,-5.3973e+21
2557,-5.4093e+21
5395,-5.4105e+21
5329,-5.4143e+21
4076,-5.4216e+21
4155,-5.4273e+21
2883,-5.4319e+21
5033,-5.4335e+21
4858,-5.4357e+21
4842,-5.4565e+21
2782,-5.4793e+21
2758,-5.4993e+21
2316,-5.5133e+21
3142,-5.5227e+21
2876,-5.5267e+21
4839,-5.5328e+21
2964,-5.5354e+21
4822,-5.5505e+21
5064,-5.5708e+21
4104,-5.5713e+21
2825,-5.6052e+21
2270,-5.6062e+21
5307,-5.612e+21
5119,-5.6156e+21
5130,-5.6161e+21
2999,-5.6185e+21
3073,-5.6234e+21
4354,-5.624e+21
5006,-5.6412e+21
3104,-5.6605e+21
4364,-5.6647e+21
3605,-5.6736e+21
4336,-5.6797e+21
4438,-5.6832e+21
3958,-5.6888e+21
4892,-5.6891e+21
2792,-5.6899e+21
3203,-5.6994e+21
5030,-5.7144e+21
3789,-5.7188e+21
4394,-5.7246e+21
2904,-5.7332e+21
4928,-5.7448e+21
3700,-5.7484e+21
3169,-5.7521e+21
4473,-5.7606e+21
2384,-5.7732e+21
4417,-5.7849e+21
2642,-5.7907e+21
4089,-5.7937e+21
4309,-5.7939e+21
4434,-5.8122e+21
4007,-5.8187e+21
3708,-5.8215e+21
2774,-5.8337e+21
2884,-5.8409e+21
3844,-5.8427e+21
4402,-5.8516e+21
3743,-5.8595e+21
3946,-5.8627e+21
4476,-5.8906e+21
3354,-5.8919e+21
4977,-5.8928e+21
4086,-5.898e+21
4936,-5.8994e+21
4077,-5.9041e+21
2957,-5.9056e+21
5216,-5.9058e+21
3748,-5.919e+21
5404,-5.9206e+21
4094,-5.9207e+21
2820,-5.925e+21
3285,-5.9313e+21
4472,-5.9321e+21
3945,-5.9592e+21
2670,-5.9721e+21
3847,-5.9764e+21
2414,-5.9776e+21
4060,-5.9832e+21
4378,-5.9875e+21
5149,-5.9972e+21
5257,-6.0056e+21
3347,-6.018e+21
4868,-6.0228e+21
2268,-6.0263e+21
2896,-6.0311e+21
3117,-6.0425e+21
4303,-6.0724e+21
4563,-6.0739e+21
3851,-6.0836e+21
4894,-6.0941e+21
2747,-6.1345e+21
4847,-6.1358e+21
5160,-6.1549e+21
3084,-6.1579e+21
5522,-6.1612e+21
4802,-6.1664e+21
5462,-6.174e+21
2309,-6.1741e+21
4009,-6.1774e+21
5396,-6.1969e+21
4675,-6.1995e+21
3422,-6.2142e+21
2874,-6.2242e+21
3443,-6.2419e+21
3369,-6.2498e+21
3787,-6.2516e+21
4202,-6.2652e+21
5503,-6.2706e+21
5472,-6.2736e+21
4041,-6.2755e+21
4845,-6.2783e+21
4612,-6.289e+21
5454,-6.3074e+21
4229,-6.3118e+21
3488,-6.3135e+21
2814,-6.3337e+21
3394,-6.3453e+21
4483,-6.3504e+21
4478,-6.3533e+21
4126,-6.354e+21
3542,-6.3547e+21
2515,-6.3581e+21
4109,-6.3614e+21
3309,-6.3618e+21
3859,-6.3741e+21
3849,-6.3845e+21
5202,-6.3897e+21
4534,-6.4096e+21
4605,-6.4186e+21
5598,-6.4198e+21
2929,-6.4414e+21
4051,-6.446e+21
2647,-6.4622e+21
3615,-6.469e+21
4973,-6.4744e+21
3182,-6.4758e+21
2743,-6.4784e+21
3200,-6.4965e+21
5311,-6.4977e+21
3919,-6.5111e+21
4203,-6.5506e+21
3179,-6.5511e+21
3096,-6.5541e+21
2524,-6.5669e+21
5521,-6.5735e+21
5309,-6.6041e+21
3320,-6.6109e+21
2359,-6.635e+21
2671,-6.636e+21
3449,-6.6384e+21
5443,-6.6435e+21
5320,-6.6478e+21
2817,-6.6517e+21
4040,-6.6542e+21
4173,-6.6558e+21
4852,-6.6592e+21
3272,-6.6663e+21
3163,-6.6825e+21
5569,-6.7064e+21
4226,-6.7078e+21
3262,-6.7153e+21
2374,-6.7198e+21
2290,-6.7205e+21
4994,-6.7347e+21
3332,-6.7558e+21
3811,-6.7581e+21
2382,-6.7639e+21
4506,-6.7728e+21
4032,-6.7804e+21
4787,-6.7945e+21
4639,-6.8129e+21
5161,-6.8179e+21
2283,-6.8357e+21
4453,-6.8608e+21
4688,-6.8823e+21
2348,-6.8943e+21
3620,-6.8977e+21
5218,-6.9206e+21
4883,-6.9277e+21
4174,-6.9341e+21
4954,-6.9354e+21
5089,-6.9367e+21
3930,-6.9448e+21
3018,-6.9453e+21
4645,-6.9496e+21
3418,-6.9544e+21
2499,-6.9784e+21
3209,-6.9978e+21
2449,-7.003e+21
4798,-7.006e+21
5267,-7.0638e+21
2451,-7.0749e+21
2487,-7.079e+21
3590,-7.082e+21
2683,-7.1037e+21
3756,-7.105e+21
2857,-7.106e+21
3704,-7.118e+21
4766,-7.1307e+21
5520,-7.1318e+21
3223,-7.1394e+21
5364,-7.148e+21
4947,-7.1496e+21
5076,-7.1597e+21
4311,-7.1888e+21
3915,-7.1889e+21
4288,-7.1921e+21
3158,-7.195e+21
3333,-7.2003e+21
3949,-7.2443e+21
3988,-7.2535e+21
2350,-7.2685e+21
4428,-7.278e+21
4299,-7.2897e+21
2955,-7.2907e+21
3768,-7.292e+21
3037,-7.2989e+21
3382,-7.3017e+21
4367,-7.3041e+21
4419,-7.3122e+21
3461,-7.3217e+21
2965,-7.323e+21
5118,-7.3319e+21
2428,-7.3366e+21
3249,-7.3444e+21
3865,-7.3563e+21
2686,-7.3717e+21
4521,-7.3791e+21
3275,-7.3795e+21
4893,-7.3859e+21
2587,-7.3927e+21
4296,-7.4233e+21
2732,-7.4321e+21
2976,-7.4447e+21
2419,-7.4487e+21
2338,-7.4629e+21
3823,-7.4644e+21
2963,-7.4777e+21
3834,-7.4867e+21
5488,-7.4878e+21
2434,-7.4931e+21
3303,-7.5038e+21
4525,-7.506e+21
5501,-7.5183e+21
4310,-7.5435e+21
2360,-7.5459e+21
2738,-7.5575e+21
3601,-7.5993e+21
5243,-7.6109e+21
5337,-7.611e+21
3923,-7.6297e+21
5219,-7.6499e+21
2735,-7.674e+21
5150,-7.6836e+21
4629,-7.6836e+21
5428,-7.689e+21
4824,-7.6961e+21
3153,-7.7039e+21
5449,-7.7105e+21
5037,-7.7298e+21
3879,-7.7592e+21
3664,-7.7621e+21
3505,-7.7968e+21
3971,-7.8104e+21
3720,-7.8144e+21
2633,-7.8233e+21
4350,-7.836e+21
3984,-7.8582e+21
3421,-7.8746e+21
3460,-7.8762e+21
2754,-7.8873e+21
3961,-7.898e+21
2370,-7.9024e+21
5498,-7.9125e+21
4938,-7.9128e+21
4801,-7.9249e+21
4649,-7.925e+21
4583,-7.927e+21
2893,-7.9323e+21
2731,-7.9464e+21
3595,-7.9604e+21
4537,-7.9733e+21
3792,-7.987e+21
3078,-7.9892e+21
3829,-8.0232e+21
4099,-8.0246e+21
5554,-8.0273e+21
2790,-8.0289e+21
3173,-8.0297e+21
3371,-8.0332e+21
5325,-8.0439e+21
3023,-8.051e+21
2346,-8.0522e+21
2405,-8.0568e+21
4207,-8.0916e+21
2588,-8.0979e+21
3729,-8.1185e+21
2417,-8.1351e+21
5532,-8.1467e+21
4572,-8.1509e+21
4019,-8.1517e+21
5010,-8.1556e+21
4732,-8.1594e+21
2690,-8.1604e+21
4003,-8.164e+21
5550,-8.1716e+21
3916,-8.1776e+21
4284,-8.1812e+21
3004,-8.1854e+21
2298,-8.2076e+21
4221,-8.244e+21
3625,-8.2517e+21
4470,-8.2782e+21
3800,-8.2785e+21
4442,-8.2911e+21
5268,-8.2972e+21
2903,-8.3042e+21
2424,-8.3048e+21
2767,-8.3068e+21
4322,-8.3118e+21
4437,-8.3255e+21
3839,-8.338e+21
3139,-8.346e+21
2243,-8.3461e+21
3044,-8.3519e+21
3217,-8.363e+21
5162,-8.3726e+21
4630,-8.3728e+21
2697,-8.3793e+21
3155,-8.3988e+21
2571,-8.4188e+21
5451,-8.4273e+21
4252,-8.4547e+21
4016,-8.4595e+21
3555,-8.4605e+21
4981,-8.4682e+21
5553,-8.4715e+21
4410,-8.4748e+21
2371,-8.479e+21
5349,-8.4921e+21
5586,-8.4981e+21
5238,-8.5011e+21
4401,-8.5144e+21
4840,-8.5462e+21
2586,-8.557e+21
4208,-8.5773e+21
5595,-8.5809e+21
3254,-8.6079e+21
5335,-8.6166e+21
4513,-8.6405e+21
3759,-8.643e+21
3911,-8.6528e+21
2746,-8.6777e+21
3691,-8.6784e+21
3681,-8.7109e+21
4677,-8.7184e+21
4363,-8.735e+21
3137,-8.7567e+21
5234,-8.7586e+21
5278,-8.7604e+21
5031,-8.7617e+21
3728,-8.7634e+21
5093,-8.7644e+21
5096,-8.7723e+21
2281,-8.7865e+21
4084,-8.8085e+21
4456,-8.8177e+21
2638,-8.8846e+21
2380,-8.8847e+21
4764,-8.9043e+21
2601,-8.9382e+21
3573,-8.9413e+21
4856,-8.9454e+21
3253,-8.969e+21
3348,-9.0071e+21
5505,-9.042e+21
4027,-9.0626e+21
3619,-9.0883e+21
5367,-9.1375e+21
4520,-9.1404e+21
3164,-9.1457e+21
4439,-9.1652e+21
4383,-9.1658e+21
4985,-9.1727e+21
2934,-9.2041e+21
2377,-9.2088e+21
5259,-9.2095e+21
5081,-9.2252e+21
3606,-9.2266e+21
4103,-9.2378e+21
2469,-9.2481e+21
4355,-9.2521e+21
3836,-9.2541e+21
4527,-9.2669e+21
3307,-9.2732e+21
5046,-9.2788e+21
5339,-9.2837e+21
2815,-9.2882e+21
4951,-9.3095e+21
3108,-9.3151e+21
5122,-9.3215e+21
4068,-9.3608e+21
5557,-9.368e+21
3343,-9.376e+21
2509,-9.38e+21
4796,-9.3823e+21
4496,-9.3926e+21
3496,-9.398e+21
4781,-9.4022e+21
4593,-9.4062e+21
5083,-9.4229e+21
2852,-9.425e+21
3224,-9.4378e+21
5263,-9.4546e+21
2688,-9.4948e+21
3404,-9.5003e+21
3878,-9.5039e+21
2986,-9.5074e+21
4112,-9.5094e+21
5542,-9.5175e+21
3942,-9.5198e+21
2256,-9.5237e+21
4301,-9.5309e+21
5133,-9.5469e+21
4715,-9.55e+21
5385,-9.5636e+21
5114,-9.5695e+21
3572,-9.5786e+21
3567,-9.5982e+21
5050,-9.609e+21
2479,-9.6151e+21
4668,-9.6215e+21
5105,-9.6404e+21
4535,-9.6445e+21
3115,-9.656e+21
2700,-9.6721e+21
2652,-9.6743e+21
2456,-9.6792e+21
3828,-9.6998e+21
2943,-9.7e+21
3747,-9.7133e+21
4210,-9.7198e+21
3735,-9.7239e+21
4029,-9.7318e+21
2713,-9.7334e+21
5363,-9.7383e+21
4725,-9.7513e+21
3207,-9.7671e+21
4214,-9.7726e+21
4666,-9.7782e+21
3520,-9.7863e+21
4808,-9.8111e+21
4036,-9.8198e+21
3279,-9.8207e+21
2717,-9.8271e+21
3324,-9.8301e+21
2842,-9.85e+21
3264,-9.8629e+21
3738,-9.8686e+21
3863,-9.8819e+21
5463,-9.8888e+21
3852,-9.893e+21
2855,-9.8968e+21
4562,-9.8992e+21
4372,-9.9075e+21
4709,-9.9101e+21
3341,-9.9196e+21
2282,-9.9475e+21
4232,-9.9561e+21
3995,-9.958e+21
4670,-9.9799e+21
3308,-1.0003e+22
5009,-1.0005e+22
3630,-1.002e+22
2714,-1.0021e+22
3868,-1.0055e+22
4523,-1.0056e+22
5169,-1.0062e+22
3013,-1.0066e+22
3416,-1.0086e+22
4123,-1.0124e+22
3649,-1.0151e+22
3441,-1.018e+22
5279,-1.0197e+22
2821,-1.0203e+22
2807,-1.0205e+22
3201,-1.0253e+22
2583,-1.029e+22
2995,-1.0291e+22
4541,-1.03e+22
2780,-1.0305e+22
4774,-1.033e+22
4304,-1.0331e+22
3063,-1.0356e+22
3558,-1.0357e+22
4318,-1.0373e+22
5163,-1.0389e+22
2797,-1.0396e+22
5269,-1.0407e+22
2598,-1.0407e+22
3762,-1.043e+22
4680,-1.0447e+22
5331,-1.0451e+22
2916,-1.0457e+22
3979,-1.046e+22
5123,-1.0471e+22
3313,-1.0484e+22
3840,-1.0493e+22
5293,-1.0503e+22
2958,-1.0519e+22
3983,-1.0523e+22
5452,-1.0526e+22
4360,-1.0539e+22
3938,-1.0549e+22
3769,-1.0557e+22
3002,-1.0557e+22
3125,-1.0559e+22
4813,-1.0568e+22
4231,-1.0581e+22
2666,-1.0599e+22
3772,-1.0605e+22
2482,-1.0617e+22
4528,-1.0619e+22
3033,-1.064e+22
5236,-1.0681e+22
3517,-1.0688e+22
5187,-1.0694e+22
2823,-1.0697e+22
5005,-1.072e+22
3459,-1.073e+22
3552,-1.0736e+22
4810,-1.0744e+22
2500,-1.0782e+22
2478,-1.0783e+22
3128,-1.0789e+22
4102,-1.0807e+22
5375,-1.0808e+22
5374,-1.0824e+22
4411,-1.0827e+22
2541,-1.0838e+22
2913,-1.0854e+22
5011,-1.0856e+22
4830,-1.0874e+22
2850,-1.0886e+22
3778,-1.0891e+22
2872,-1.0903e+22
4141,-1.0903e+22
4631,-1.0925e+22
3655,-1.0962e+22
4622,-1.0986e+22
5170,-1.1007e+22
5444,-1.1015e+22
3345,-1.1019e+22
3057,-1.1044e+22
3717,-1.1045e+22
4733,-1.1089e+22
5383,-1.11e+22
2721,-1.1111e+22
2798,-1.1134e+22
3764,-1.1139e+22
3889,-1.1148e+22
4502,-1.1156e+22
3190,-1.12e+22
2733,-1.1202e+22
3244,-1.1202e+22
2343,-1.1202e+22
3524,-1.122e+22
4555,-1.1239e+22
4686,-1.1268e+22
4983,-1.1287e+22
4637,-1.1288e+22
4356,-1.1292e+22
2442,-1.1316e+22
2527,-1.1361e+22
3560,-1.1416e+22
5455,-1.1417e+22
4907,-1.1418e+22
4455,-1.1428e+22
3821,-1.1432e+22
4464,-1.146e+22
5423,-1.146e+22
3400,-1.1466e+22
2947,-1.1477e+22
3205,-1.1479e+22
3744,-1.1489e+22
2779,-1.1515e+22
3214,-1.1548e+22
4745,-1.1553e+22
2975,-1.1562e+22
3399,-1.1583e+22
2997,-1.1622e+22
5067,-1.1624e+22
4672,-1.1637e+22
5379,-1.165e+22
3374,-1.1663e+22
5344,-1.1685e+22
3783,-1.1688e+22
4915,-1.1692e+22
4403,-1.1706e+22
4834,-1.1712e+22
4588,-1.1721e+22
2941,-1.1738e+22
5195,-1.1753e+22
3480,-1.1768e+22
5413,-1.1799e+22
4255,-1.1803e+22
5336,-1.1811e+22
5174,-1.1815e+22
3861,-1.1817e+22
5188,-1.1831e+22
3346,-1.1834e+22
4957,-1.1839e+22
5506,-1.186e+22
4171,-1.1865e+22
3822,-1.1866e+22
2276,-1.1879e+22
4628,-1.1897e+22
3090,-1.1929e+22
5359,-1.1931e+22
5499,-1.1952e+22
4795,-1.1955e+22
4145,-1.1971e+22
2314,-1.1999e+22
5377,-1.2011e+22
2558,-1.2022e+22
2926,-1.2025e+22
2752,-1.2033e+22
3928,-1.2039e+22
2609,-1.2083e+22
5039,-1.2124e+22
2512,-1.2142e+22
2398,-1.2168e+22
3755,-1.217e+22
2829,-1.2203e+22
2415,-1.2205e+22
5040,-1.2217e+22
2755,-1.223e+22
3944,-1.2247e+22
5173,-1.2252e+22
3266,-1.2271e+22
2447,-1.232e+22
2978,-1.2324e+22
4199,-1.233e+22
4228,-1.2332e+22
4459,-1.2367e+22
4817,-1.2394e+22
3910,-1.2407e+22
3618,-1.2412e+22
2262,-1.2447e+22
3663,-1.2482e+22
3506,-1.2484e+22
3396,-1.2488e+22
5471,-1.2507e+22
2257,-1.2507e+22
3245,-1.2571e+22
4712,-1.2583e+22
4159,-1.2589e+22
2266,-1.259e+22
5544,-1.2592e+22
3636,-1.2607e+22
5283,-1.2614e+22
4965,-1.2627e+22
4220,-1.2631e+22
5260,-1.2644e+22
3639,-1.2651e+22
3568,-1.2663e+22
3994,-1.269e+22
5189,-1.2701e+22
3644,-1.2729e+22
5539,-1.2749e+22
5537,-1.277e+22
4148,-1.277e+22
3268,-1.2786e+22
4396,-1.2787e+22
2832,-1.2789e+22
2263,-1.2794e+22
2470,-1.2802e+22
4882,-1.2806e+22
5054,-1.2826e+22
2373,-1.2844e+22
4591,-1.2857e+22
5145,-1.2875e+22
3067,-1.2878e+22
3402,-1.2883e+22
3773,-1.2897e+22
3776,-1.2926e+22
4679,-1.294e+22
4678,-1.2994e+22
3820,-1.2994e+22
3922,-1.3019e+22
4427,-1.3036e+22
4704,-1.3063e+22
4256,-1.307e+22
2956,-1.3077e+22
3753,-1.3093e+22
2458,-1.311e+22
2562,-1.3111e+22
2572,-1.3113e+22
5295,-1.3117e+22
5155,-1.3119e+22
3968,-1.3125e+22
3550,-1.3139e+22
5242,-1.3146e+22
3360,-1.3167e+22
4807,-1.3168e+22
2744,-1.3178e+22
4388,-1.3188e+22
3051,-1.3191e+22
3784,-1.3214e+22
4871,-1.3215e+22
3445,-1.3221e+22
2989,-1.3249e+22
3503,-1.3252e+22
3467,-1.3254e+22
2549,-1.3262e+22
3993,-1.3272e+22
2830,-1.3276e+22
4023,-1.3281e+22
4570,-1.3291e+22
5228,-1.3295e+22
3086,-1.3312e+22
2468,-1.3326e+22
5027,-1.3331e+22
2922,-1.3353e+22
2619,-1.3366e+22
5334,-1.3393e+22
3189,-1.3424e+22
3385,-1.3428e+22
4083,-1.3447e+22
4376,-1.345e+22
2787,-1.3452e+22
4655,-1.3459e+22
3419,-1.3471e+22
4306,-1.3481e+22
3684,-1.3499e+22
2312,-1.3507e+22
2786,-1.3531e+22
4508,-1.3536e+22
3939,-1.3537e+22
4833,-1.3538e+22
3977,-1.3558e+22
2844,-1.358e+22
2425,-1.3608e+22
4033,-1.3627e+22
4107,-1.3652e+22
5265,-1.3657e+22
2241,-1.3658e+22
4556,-1.3672e+22
2494,-1.3691e+22
5460,-1.3694e+22
2495,-1.3701e+22
5115,-1.3715e+22
3904,-1.3717e+22
3486,-1.3745e+22
3102,-1.3747e+22
4291,-1.377e+22
2907,-1.3772e+22
3671,-1.3779e+22
3963,-1.379e+22
2519,-1.3803e+22
2658,-1.3816e+22
5025,-1.3848e+22
3668,-1.3855e+22
5394,-1.3874e+22
2737,-1.3883e+22
2866,-1.3888e+22
3015,-1.3897e+22
3276,-1.394e+22
4974,-1.4e+22
4752,-1.4006e+22
3574,-1.4025e+22
5182,-1.4026e+22
2770,-1.4065e+22
3020,-1.4084e+22
3511,-1.4084e+22
4650,-1.4111e+22
2474,-1.4134e+22
5573,-1.4143e+22
5062,-1.4176e+22
4500,-1.4188e+22
5113,-1.419e+22
2606,-1.42e+22
3726,-1.4233e+22
4143,-1.4234e+22
3833,-1.4271e+22
2246,-1.4279e+22
4181,-1.4293e+22
5110,-1.4323e+22
5166,-1.4337e+22
3218,-1.4342e+22
3593,-1.4342e+22
2824,-1.4348e+22
4125,-1.4377e+22
3116,-1.4386e+22
4249,-1.4388e+22
4431,-1.4399e+22
4722,-1.4403e+22
2301,-1.4404e+22
2464,-1.4415e+22
5478,-1.4437e+22
3905,-1.446e+22
4045,-1.4462e+22
5184,-1.4463e+22
3658,-1.447e+22
2936,-1.4512e+22
4792,-1.4512e+22
3616,-1.4541e+22
3774,-1.4588e+22
2960,-1.4643e+22
3152,-1.4666e+22
4826,-1.4671e+22
4934,-1.4729e+22
4218,-1.4759e+22
4978,-1.4761e+22
4313,-1.4793e+22
5132,-1.4809e+22
2983,-1.482e+22
4805,-1.4836e+22
4803,-1.4872e+22
5376,-1.488e+22
4375,-1.4884e+22
3842,-1.4906e+22
2465,-1.4915e+22
5058,-1.4927e+22
4025,-1.493e+22
4585,-1.4939e+22
2406,-1.4953e+22
4495,-1.4983e+22
2667,-1.4987e+22
4183,-1.4999e+22
3071,-1.5002e+22
4122,-1.5004e+22
2286,-1.5015e+22
2974,-1.502e+22
4899,-1.5034e+22
2800,-1.5038e+22
2432,-1.5107e+22
3355,-1.5153e+22
2288,-1.5158e+22
2968,-1.5183e+22
5146,-1.5207e+22
3875,-1.521e+22
2462,-1.5222e+22
3531,-1.5267e+22
4224,-1.5271e+22
2364,-1.5278e+22
4848,-1.5305e+22
2859,-1.5362e+22
4989,-1.5366e+22
3621,-1.5379e+22
2851,-1.542e+22
4821,-1.5425e+22
5343,-1.5428e+22
3171,-1.5435e+22
4963,-1.5439e+22
3661,-1.5449e+22
3039,-1.5454e+22
5512,-1.5462e+22
5302,-1.5465e+22
2477,-1.549e+22
5051,-1.5505e+22
2639,-1.5527e+22
4539,-1.5535e+22
4416,-1.558e+22
4477,-1.5585e+22
4137,-1.5587e+22
3439,-1.5593e+22
4259,-1.5596e+22
4241,-1.5603e+22
3843,-1.5604e+22
2845,-1.5632e+22
3080,-1.5634e+22
2664,-1.5679e+22
3156,-1.569e+22
3932,-1.5706e+22
2961,-1.5719e+22
2675,-1.5738e+22
2953,-1.5741e+22
2367,-1.5741e+22
3442,-1.5752e+22
3579,-1.5772e+22
2300,-1.5777e+22
2935,-1.5783e+22
4967,-1.5788e+22
5041,-1.5805e+22
2579,-1.5807e+22
3216,-1.5835e+22
3703,-1.5857e+22
5127,-1.5868e+22
4128,-1.5868e+22
5437,-1.5913e+22
3799,-1.5918e+22
3469,-1.5925e+22
2681,-1.595e+22
4206,-1.5951e+22
4282,-1.5975e+22
2739,-1.5985e+22
4333,-1.6007e+22
3623,-1.6047e+22
2461,-1.6054e+22
2604,-1.6056e+22
5019,-1.6063e+22
4663,-1.6066e+22
3372,-1.6123e+22
2259,-1.6137e+22
4929,-1.615e+22
4116,-1.6153e+22
3780,-1.6186e+22
4924,-1.62e+22
2776,-1.6216e+22
4444,-1.6227e+22
2831,-1.6235e+22
4400,-1.6243e+22
3241,-1.6251e+22
3611,-1.6254e+22
3031,-1.6263e+22
3895,-1.628e+22
3220,-1.6299e+22
2304,-1.6306e+22
5014,-1.6316e+22
3804,-1.6324e+22
2813,-1.6326e+22
4012,-1.6333e+22
3287,-1.6334e+22
2273,-1.6359e+22
2759,-1.6373e+22
2326,-1.638e+22
2977,-1.6429e+22
4531,-1.6465e+22
5529,-1.6469e+22
3235,-1.6486e+22
3832,-1.6487e+22
4204,-1.6518e+22
5508,-1.6539e+22
3395,-1.6568e+22
2438,-1.6579e+22
3231,-1.6605e+22
2375,-1.6623e+22
4993,-1.6626e+22
3954,-1.6653e+22
4271,-1.6664e+22
2887,-1.6672e+22
3069,-1.6696e+22
4897,-1.6719e+22
2853,-1.6735e+22
5075,-1.6746e+22
3584,-1.6748e+22
4240,-1.6748e+22
2927,-1.6771e+22
5571,-1.6773e+22
3107,-1.6788e+22
4260,-1.6796e+22
3211,-1.6818e+22
2742,-1.6832e+22
4582,-1.6833e+22
5509,-1.6833e+22
2966,-1.6839e+22
4213,-1.6936e+22
4659,-1.695e+22
4351,-1.6971e+22
2459,-1.6994e+22
4389,-1.7012e+22
3814,-1.7024e+22
3908,-1.7046e+22
3448,-1.7057e+22
3698,-1.7114e+22
2794,-1.7122e+22
4887,-1.7131e+22
2335,-1.7138e+22
5490,-1.7147e+22
2466,-1.7256e+22
4912,-1.7263e+22
5525,-1.7276e+22
5262,-1.7334e+22
4090,-1.7357e+22
2455,-1.7365e+22
2533,-1.7365e+22
2443,-1.7366e+22
3745,-1.738e+22
4338,-1.7408e+22
4550,-1.7411e+22
5078,-1.7462e+22
3016,-1.7476e+22
3364,-1.7492e+22
4927,-1.7505e+22
3028,-1.7583e+22
4088,-1.7638e+22
5342,-1.7639e+22
2950,-1.7685e+22
4706,-1.7748e+22
2543,-1.7756e+22
3392,-1.7771e+22
4743,-1.7793e+22
3322,-1.7794e+22
2271,-1.7818e+22
3099,-1.7825e+22
4577,-1.7832e+22
2467,-1.7859e+22
5332,-1.7872e+22
3478,-1.7875e+22
2410,-1.7926e+22
2376,-1.793e+22
5456,-1.7947e+22
2423,-1.7963e+22
5175,-1.7984e+22
5003,-1.8138e+22
4215,-1.8148e+22
4069,-1.8149e+22
3301,-1.8185e+22
2702,-1.8202e+22
3030,-1.8205e+22
5178,-1.8238e+22
4021,-1.8274e+22
4275,-1.834e+22
5391,-1.8346e+22
2294,-1.8399e+22
5021,-1.8424e+22
5484,-1.8431e+22
4095,-1.8451e+22
2344,-1.8465e+22
4779,-1.8466e+22
4607,-1.8479e+22
4705,-1.8482e+22
3785,-1.8494e+22
5300,-1.8546e+22
5086,-1.8561e+22
5224,-1.8611e+22
3749,-1.8622e+22
2796,-1.8622e+22
3045,-1.8661e+22
5196,-1.8679e+22
4913,-1.8693e+22
4385,-1.8738e+22
2490,-1.8783e+22
2249,-1.8801e+22
5592,-1.884e+22
3405,-1.8869e+22
3170,-1.887e+22
5408,-1.8875e+22
4425,-1.8899e+22
2781,-1.8928e+22
3066,-1.8989e+22
4918,-1.9036e+22
3967,-1.905e+22
5405,-1.9053e+22
5403,-1.9059e+22
5153,-1.9086e+22
5412,-1.9121e+22
5205,-1.9156e+22
4450,-1.9169e+22
2437,-1.9174e+22
3312,-1.919e+22
5179,-1.9193e+22
5012,-1.9197e+22
2625,-1.9198e+22
3653,-1.9199e+22
3629,-1.9207e+22
5538,-1.9223e+22
3880,-1.9239e+22
2967,-1.9244e+22
2718,-1.926e+22
3363,-1.9273e+22
3640,-1.9281e+22
4952,-1.9282e+22
2988,-1.9318e+22
2646,-1.9357e+22
3357,-1.9363e+22
4886,-1.9379e+22
3011,-1.9389e+22
2654,-1.9392e+22
2386,-1.9408e+22
3701,-1.9448e+22
5368,-1.9462e+22
4129,-1.9484e+22
3718,-1.9529e+22
2803,-1.9581e+22
5470,-1.9601e+22
4391,-1.9605e+22
3609,-1.9643e+22
2393,-1.9645e+22
3866,-1.9687e+22
2768,-1.9705e+22
4881,-1.9797e+22
3502,-1.9815e+22
4728,-1.9823e+22
4151,-1.9851e+22
2969,-1.9888e+22
4081,-1.9912e+22
3647,-1.993e+22
2277,-1.9941e+22
2378,-1.998e+22
4695,-2.0012e+22
4946,-2.0071e+22
3196,-2.0091e+22
5446,-2.0146e+22
4746,-2.018e+22
2910,-2.0181e+22
2261,-2.0195e+22
4567,-2.0212e+22
4008,-2.0249e+22
4524,-2.0305e+22
2480,-2.0335e+22
3872,-2.0411e+22
4014,-2.0438e+22
3143,-2.0451e+22
4580,-2.0503e+22
5226,-2.0506e+22
2763,-2.0551e+22
3812,-2.057e+22
3240,-2.0571e+22
3233,-2.0592e+22
4906,-2.0613e+22
3475,-2.0788e+22
2452,-2.0802e+22
3862,-2.0849e+22
3997,-2.0872e+22
3259,-2.0889e+22
2915,-2.105e+22
5591,-2.1077e+22
4891,-2.11e+22
3886,-2.1103e+22
2701,-2.1132e+22
4945,-2.1203e+22
4660,-2.1262e+22
4366,-2.1279e+22
2959,-2.1283e+22
3666,-2.132e+22
2569,-2.139e+22
4446,-2.1422e+22
3543,-2.1498e+22
3406,-2.1519e+22
2843,-2.1546e+22
2532,-2.159e+22
3903,-2.1593e+22
3818,-2.1662e+22
5477,-2.1838e+22
2529,-2.1839e+22
4234,-2.1891e+22
3135,-2.1903e+22
4272,-2.1908e+22
4387,-2.191e+22
5322,-2.1914e+22
4696,-2.1934e+22
4903,-2.1938e+22
3873,-2.1947e+22
5032,-2.1966e+22
5366,-2.1994e+22
3300,-2.2098e+22
3476,-2.2105e+22
3305,-2.2122e+22
4890,-2.2194e+22
3127,-2.222e+22
3081,-2.2243e+22
4152,-2.2251e+22
5346,-2.2268e+22
4022,-2.234e+22
4812,-2.2388e+22
3183,-2.2412e+22
2924,-2.2423e+22
5365,-2.2519e+22
3612,-2.2542e+22
3959,-2.2596e+22
3053,-2.2602e+22
2429,-2.2604e+22
2902,-2.2672e+22
5555,-2.2688e+22
2908,-2.2716e+22
3481,-2.2763e+22
2629,-2.2765e+22
5247,-2.2794e+22
3598,-2.2795e+22
4741,-2.2796e+22
4142,-2.2813e+22
5427,-2.2813e+22
3901,-2.284e+22
4461,-2.2896e+22
4133,-2.2908e+22
2994,-2.2956e+22
4877,-2.2981e+22
5480,-2.3049e+22
3021,-2.305e+22
2525,-2.3057e+22
2838,-2.3142e+22
4611,-2.3143e+22
4961,-2.3368e+22
5353,-2.3374e+22
4156,-2.3404e+22
5421,-2.3415e+22
2535,-2.3461e+22
5199,-2.3667e+22
2980,-2.3786e+22
5159,-2.3893e+22
4334,-2.3895e+22
4175,-2.3953e+22
2356,-2.3995e+22
3151,-2.3996e+22
4263,-2.4135e+22
5177,-2.4138e+22
3403,-2.4187e+22
3991,-2.4189e+22
2610,-2.4384e+22
4797,-2.4414e+22
4028,-2.4428e+22
4418,-2.4615e+22
5390,-2.4778e+22
2311,-2.4783e+22
3523,-2.4847e+22
2481,-2.4851e+22
5131,-2.4852e+22
3638,-2.4858e+22
5382,-2.4887e+22
3049,-2.4943e+22
4283,-2.5004e+22
4163,-2.501e+22
4463,-2.5153e+22
5284,-2.538e+22
3770,-2.5484e+22
2659,-2.5521e+22
2660,-2.5743e+22
3409,-2.5882e+22
2396,-2.6185e+22
3088,-2.6321e+22
5316,-2.6465e+22
4909,-2.6495e+22
3298,-2.6738e+22
3659,-2.7095e+22
5564,-2.7387e+22
2450,-2.7402e+22
5281,-2.7745e+22
5101,-2.7792e+22
5402,-2.7816e+22
2785,-2.7853e+22
3271,-2.8051e+22
3589,-2.827e+22
3243,-2.8623e+22
2349,-2.8816e+22
4595,-2.8939e+22
3119,-2.9366e+22
2946,-3.0229e+22
2854,-3.0518e+22
