5391,-6.45e+19
707,-6.9584e+19
4570,-7.9253e+19
938,-8.0092e+19
1991,-8.1198e+19
3955,-8.5027e+19
3777,-8.5771e+19
1094,-8.64e+19
2752,-8.7318e+19
2343,-8.7372e+19
1068,-8.7646e+19
16,-8.9562e+19
4885,-8.9694e+19
1757,-9.0206e+19
1342,-9.0226e+19
659,-9.2498e+19
3595,-9.2981e+19
294,-9.4238e+19
1328,-9.4506e+19
1882,-9.4943e+19
5381,-9.5201e+19
1040,-9.571e+19
3100,-9.74e+19
5266,-9.9035e+19
2566,-9.928e+19
5156,-9.9795e+19
2464,-9.9841e+19
3495,-1.0048e+20
1385,-1.0117e+20
973,-1.0197e+20
2237,-1.0219e+20
3696,-1.0235e+20
1528,-1.0268e+20
5181,-1.0301e+20
5309,-1.0339e+20
2198,-1.0475e+20
1703,-1.0485e+20
336,-1.0502e+20
4249,-1.0523e+20
1660,-1.058e+20
3909,-1.0604e+20
710,-1.0814e+20
2679,-1.0825e+20
3057,-1.0848e+20
3007,-1.0848e+20
3221,-1.0869e+20
213,-1.0968e+20
4537,-1.0977e+20
3145,-1.0986e+20
428,-1.1058e+20
3449,-1.1148e+20
612,-1.1239e+20
4637,-1.1259e+20
2648,-1.1293e+20
5168,-1.1325e+20
824,-1.137e+20
4480,-1.1378e+20
4409,-1.1404e+20
4801,-1.149e+20
1407,-1.1525e+20
4642,-1.1528e+20
1345,-1.1577e+20
2210,-1.1594e+20
5600,-1.1662e+20
3410,-1.1686e+20
1106,-1.1707e+20
2930,-1.1763e+20
1134,-1.1779e+20
389,-1.1798e+20
1698,-1.1812e+20
3213,-1.1849e+20
885,-1.1874e+20
4673,-1.1929e+20
1667,-1.1955e+20
3246,-1.1958e+20
4604,-1.1989e+20
2499,-1.1991e+20
3369,-1.2024e+20
3471,-1.2082e+20
3481,-1.2093e+20
3913,-1.2131e+20
4067,-1.2202e+20
3964,-1.2221e+20
1044,-1.2241e+20
5206,-1.2301e+20
947,-1.2311e+20
4961,-1.2327e+20
4928,-1.2352e+20
1590,-1.2364e+20
2721,-1.2382e+20
1291,-1.2423e+20
979,-1.2455e+20
2705,-1.2497e+20
5011,-1.2498e+20
144,-1.2588e+20
1573,-1.2605e+20
4687,-1.2608e+20
601,-1.2713e+20
3994,-1.2771e+20
433,-1.2792e+20
2202,-1.2839e+20
4524,-1.2861e+20
727,-1.2902e+20
3096,-1.2944e+20
5581,-1.2979e+20
2232,-1.2995e+20
2258,-1.3012e+20
763,-1.3025e+20
1484,-1.3047e+20
62,-1.312e+20
4870,-1.3293e+20
4594,-1.3325e+20
1658,-1.3343e+20
4682,-1.3376e+20
2624,-1.342e+20
2735,-1.3524e+20
1812,-1.353e+20
2192,-1.3532e+20
1832,-1.3601e+20
382,-1.3651e+20
945,-1.3665e+20
552,-1.3681e+20
5487,-1.3752e+20
5128,-1.3759e+20
2728,-1.3766e+20
1191,-1.3794e+20
2390,-1.3816e+20
3716,-1.401e+20
28,-1.4077e+20
3747,-1.4083e+20
3704,-1.4112e+20
1393,-1.4152e+20
4364,-1.4164e+20
3437,-1.4221e+20
2573,-1.4254e+20
4190,-1.4273e+20
781,-1.4277e+20
3453,-1.4307e+20
1192,-1.4315e+20
2546,-1.4319e+20
4406,-1.4505e+20
5284,-1.4506e+20
1517,-1.4538e+20
5236,-1.4581e+20
3547,-1.4615e+20
2943,-1.4639e+20
5419,-1.4675e+20
988,-1.4718e+20
4097,-1.4731e+20
2681,-1.4756e+20
1392,-1.4845e+20
3791,-1.4893e+20
488,-1.4902e+20
1823,-1.4997e+20
4315,-1.504e+20
1188,-1.5062e+20
5467,-1.5082e+20
2155,-1.5177e+20
3784,-1.5188e+20
1623,-1.5223e+20
1118,-1.5254e+20
2584,-1.5259e+20
2947,-1.5277e+20
3356,-1.5341e+20
1340,-1.5356e+20
1183,-1.5359e+20
3288,-1.5441e+20
5597,-1.5484e+20
1982,-1.5513e+20
2046,-1.5533e+20
3845,-1.5545e+20
1389,-1.5545e+20
2669,-1.5562e+20
4996,-1.5566e+20
448,-1.5625e+20
4694,-1.572e+20
2570,-1.5723e+20
1963,-1.5784e+20
1051,-1.5844e+20
2784,-1.5866e+20
1330,-1.587e+20
4660,-1.5903e+20
3827,-1.5986e+20
5542,-1.6017e+20
1262,-1.6037e+20
690,-1.6047e+20
3248,-1.6086e+20
2189,-1.6132e+20
4962,-1.6172e+20
10,-1.6183e+20
3339,-1.6265e+20
1836,-1.6286e+20
3903,-1.6293e+20
3105,-1.6321e+20
2177,-1.6465e+20
5574,-1.6502e+20
3264,-1.6528e+20
1704,-1.655e+20
2630,-1.659e+20
900,-1.6597e+20
3285,-1.6622e+20
5501,-1.6677e+20
1428,-1.6678e+20
4407,-1.6692e+20
3169,-1.6749e+20
3675,-1.6785e+20
1596,-1.6792e+20
3941,-1.6828e+20
2958,-1.6844e+20
2506,-1.6902e+20
269,-1.6949e+20
667,-1.6951e+20
5003,-1.6998e+20
4612,-1.7018e+20
2693,-1.7023e+20
3974,-1.7084e+20
4284,-1.7092e+20
548,-1.71e+20
1544,-1.7175e+20
5246,-1.7224e+20
1084,-1.7277e+20
401,-1.7282e+20
2283,-1.7413e+20
119,-1.7421e+20
4832,-1.7432e+20
3507,-1.7439e+20
693,-1.7453e+20
4346,-1.756e+20
310,-1.7595e+20
3585,-1.7604e+20
862,-1.7721e+20
5289,-1.7791e+20
4374,-1.7828e+20
2023,-1.7867e+20
2684,-1.7872e+20
861,-1.7928e+20
1378,-1.8e+20
1763,-1.806e+20
2998,-1.8076e+20
1557,-1.8099e+20
506,-1.8144e+20
1221,-1.8192e+20
4776,-1.8195e+20
4994,-1.8225e+20
2416,-1.8301e+20
3860,-1.8327e+20
1563,-1.8408e+20
2795,-1.8438e+20
4874,-1.8444e+20
4602,-1.8469e+20
5265,-1.858e+20
2637,-1.8582e+20
912,-1.8635e+20
611,-1.8678e+20
1085,-1.869e+20
4953,-1.8791e+20
689,-1.8803e+20
3794,-1.8853e+20
1095,-1.8875e+20
2657,-1.8888e+20
3293,-1.893e+20
2973,-1.8961e+20
4146,-1.8974e+20
4665,-1.9112e+20
4272,-1.9163e+20
3329,-1.9184e+20
5507,-1.9288e+20
5068,-1.9306e+20
4220,-1.9322e+20
2484,-1.9323e+20
2134,-1.9445e+20
4333,-1.946e+20
3274,-1.9484e+20
2824,-1.9587e+20
1323,-1.9632e+20
2707,-1.9651e+20
257,-1.9701e+20
613,-1.976e+20
2881,-1.9778e+20
3730,-1.9795e+20
3134,-1.9798e+20
4662,-1.984e+20
5163,-1.984e+20
2013,-1.9846e+20
4952,-1.9893e+20
3679,-1.9922e+20
2019,-1.9963e+20
3147,-1.997e+20
5014,-2.0038e+20
5293,-2.0086e+20
1289,-2.0154e+20
431,-2.0318e+20
2717,-2.0425e+20
38,-2.0437e+20
5214,-2.0442e+20
769,-2.0487e+20
3200,-2.0498e+20
1001,-2.0506e+20
3938,-2.0578e+20
2759,-2.0727e+20
4008,-2.0741e+20
953,-2.0749e+20
4162,-2.0791e+20
1578,-2.0814e+20
1797,-2.0822e+20
2000,-2.0843e+20
1944,-2.09e+20
4341,-2.0946e+20
1301,-2.0976e+20
2083,-2.0987e+20
5144,-2.1032e+20
3538,-2.1057e+20
307,-2.1061e+20
4489,-2.1064e+20
2433,-2.1077e+20
3260,-2.1129e+20
2766,-2.1155e+20
4068,-2.1174e+20
5541,-2.1261e+20
2108,-2.1521e+20
1057,-2.1531e+20
5076,-2.1558e+20
3170,-2.1573e+20
4356,-2.1611e+20
1838,-2.1639e+20
1229,-2.1736e+20
8,-2.1767e+20
3958,-2.177e+20
3458,-2.1803e+20
2341,-2.1875e+20
4636,-2.1898e+20
4208,-2.2018e+20
2179,-2.2045e+20
4354,-2.2046e+20
2021,-2.2054e+20
43,-2.2075e+20
1659,-2.2083e+20
3249,-2.2095e+20
1481,-2.21e+20
3953,-2.211e+20
1207,-2.2179e+20
4148,-2.2235e+20
3017,-2.2386e+20
4349,-2.2404e+20
4212,-2.2564e+20
977,-2.2566e+20
860,-2.2572e+20
90,-2.2701e+20
1558,-2.2818e+20
3628,-2.2888e+20
765,-2.3105e+20
2045,-2.3127e+20
231,-2.3148e+20
3272,-2.3199e+20
3638,-2.32e+20
2575,-2.3214e+20
2522,-2.3222e+20
4930,-2.3259e+20
3626,-2.3341e+20
4871,-2.3373e+20
1902,-2.341e+20
3123,-2.3461e+20
1173,-2.3506e+20
4725,-2.3584e+20
911,-2.3649e+20
1088,-2.3692e+20
371,-2.3747e+20
3550,-2.3762e+20
5318,-2.3789e+20
2610,-2.3862e+20
553,-2.3886e+20
1708,-2.3929e+20
3447,-2.3981e+20
4241,-2.4035e+20
517,-2.4221e+20
2492,-2.4435e+20
5223,-2.4481e+20
1321,-2.453e+20
1967,-2.4565e+20
1439,-2.459e+20
3640,-2.459e+20
2515,-2.4637e+20
1190,-2.4656e+20
1848,-2.4779e+20
1098,-2.4785e+20
3002,-2.5021e+20
3928,-2.5161e+20
3037,-2.5274e+20
3226,-2.5353e+20
4627,-2.5382e+20
935,-2.541e+20
4347,-2.5426e+20
4856,-2.546e+20
3510,-2.5471e+20
2612,-2.55e+20
1256,-2.5549e+20
2182,-2.5607e+20
4193,-2.5622e+20
3350,-2.5624e+20
3965,-2.5704e+20
2462,-2.572e+20
2271,-2.5935e+20
5039,-2.5942e+20
3485,-2.6105e+20
1138,-2.613e+20
866,-2.6169e+20
4312,-2.6178e+20
1986,-2.6357e+20
791,-2.637e+20
722,-2.6414e+20
3617,-2.6418e+20
874,-2.6534e+20
3952,-2.654e+20
5024,-2.6575e+20
1609,-2.6595e+20
1501,-2.6629e+20
1749,-2.679e+20
4904,-2.6809e+20
3010,-2.703e+20
1204,-2.7091e+20
5415,-2.7325e+20
5359,-2.745e+20
3440,-2.7483e+20
1139,-2.7521e+20
3553,-2.7559e+20
3574,-2.7606e+20
3055,-2.7976e+20
683,-2.8049e+20
4643,-2.8062e+20
740,-2.8129e+20
4557,-2.8133e+20
1487,-2.8152e+20
3271,-2.8291e+20
1971,-2.8305e+20
1562,-2.861e+20
5448,-2.8642e+20
2049,-2.8857e+20
633,-2.891e+20
3129,-2.8925e+20
2430,-2.8926e+20
4073,-2.8933e+20
2252,-2.9018e+20
2408,-2.9032e+20
2649,-2.9129e+20
2398,-2.9309e+20
932,-2.9405e+20
2456,-2.9605e+20
3151,-2.9668e+20
1994,-2.9712e+20
3222,-2.9879e+20
4231,-2.9885e+20
3611,-2.9947e+20
3155,-2.9998e+20
515,-3.0217e+20
3713,-3.0239e+20
2644,-3.0254e+20
2856,-3.0274e+20
5070,-3.0353e+20
3867,-3.0412e+20
511,-3.0607e+20
3241,-3.0609e+20
5390,-3.0809e+20
595,-3.0919e+20
5103,-3.0929e+20
887,-3.0998e+20
2489,-3.1013e+20
1450,-3.1272e+20
3957,-3.1281e+20
1710,-3.1286e+20
4834,-3.1357e+20
4986,-3.1385e+20
3641,-3.142e+20
3622,-3.1427e+20
3817,-3.146e+20
5080,-3.1464e+20
5007,-3.1514e+20
4098,-3.1574e+20
2436,-3.1635e+20
2954,-3.1735e+20
1533,-3.1828e+20
2037,-3.185e+20
2910,-3.1887e+20
3247,-3.2006e+20
1493,-3.2045e+20
1285,-3.2159e+20
1571,-3.2264e+20
5341,-3.2295e+20
5207,-3.2332e+20
3104,-3.2398e+20
4395,-3.2453e+20
4979,-3.2491e+20
2853,-3.25e+20
1988,-3.2555e+20
5595,-3.2863e+20
747,-3.2893e+20
3692,-3.306e+20
4111,-3.3109e+20
3855,-3.3166e+20
685,-3.3184e+20
4055,-3.3238e+20
3282,-3.3314e+20
3537,-3.3353e+20
3331,-3.3367e+20
2993,-3.34e+20
886,-3.3419e+20
3228,-3.3492e+20
3526,-3.363e+20
3270,-3.3636e+20
171,-3.3743e+20
4799,-3.3796e+20
929,-3.3835e+20
773,-3.3879e+20
5425,-3.3934e+20
1447,-3.3934e+20
1060,-3.3952e+20
2915,-3.396e+20
4717,-3.4027e+20
1893,-3.4028e+20
549,-3.4058e+20
2284,-3.4317e+20
4781,-3.4366e+20
2616,-3.4399e+20
3512,-3.4402e+20
1302,-3.4501e+20
1013,-3.4542e+20
2968,-3.4657e+20
1599,-3.4662e+20
5242,-3.4682e+20
5435,-3.4748e+20
4182,-3.4786e+20
4522,-3.4804e+20
5147,-3.4809e+20
4381,-3.4834e+20
5241,-3.4883e+20
4385,-3.4889e+20
3463,-3.5383e+20
5573,-3.5385e+20
5355,-3.5493e+20
3505,-3.5558e+20
5255,-3.5989e+20
1372,-3.6011e+20
4491,-3.6199e+20
4207,-3.6291e+20
603,-3.6302e+20
4120,-3.643e+20
5300,-3.6648e+20
730,-3.6785e+20
2723,-3.6797e+20
3573,-3.6974e+20
4720,-3.7092e+20
4931,-3.7179e+20
2938,-3.7418e+20
2587,-3.7426e+20
697,-3.7479e+20
1245,-3.7483e+20
402,-3.7554e+20
3347,-3.7653e+20
344,-3.7668e+20
4397,-3.7757e+20
1567,-3.7796e+20
4393,-3.7804e+20
2355,-3.7822e+20
793,-3.7921e+20
3479,-3.7964e+20
2603,-3.8081e+20
4444,-3.8111e+20
535,-3.8212e+20
1690,-3.8238e+20
375,-3.8276e+20
1275,-3.84e+20
713,-3.8436e+20
1938,-3.8447e+20
3571,-3.8518e+20
5078,-3.8677e+20
4410,-3.8775e+20
1296,-3.9081e+20
3049,-3.9304e+20
3326,-3.9393e+20
4836,-3.9592e+20
1031,-3.9619e+20
2742,-3.9633e+20
554,-3.9634e+20
2576,-3.965e+20
4939,-3.966e+20
3142,-3.9673e+20
1246,-3.979e+20
3840,-3.9964e+20
4373,-3.9985e+20
1891,-3.9999e+20
705,-4.0052e+20
3396,-4.0211e+20
4283,-4.0235e+20
2303,-4.0272e+20
2638,-4.0274e+20
2393,-4.0364e+20
643,-4.047e+20
5029,-4.0474e+20
5077,-4.0848e+20
594,-4.0911e+20
736,-4.1124e+20
641,-4.1219e+20
4294,-4.1351e+20
471,-4.1386e+20
3993,-4.1494e+20
920,-4.1577e+20
2663,-4.1743e+20
934,-4.1776e+20
5226,-4.1832e+20
1828,-4.1853e+20
4926,-4.2236e+20
1037,-4.2343e+20
4869,-4.2536e+20
5585,-4.2627e+20
2804,-4.2686e+20
5327,-4.2977e+20
3823,-4.3084e+20
3609,-4.3199e+20
1778,-4.3408e+20
2366,-4.3421e+20
1756,-4.3431e+20
664,-4.3447e+20
3966,-4.3469e+20
1845,-4.3473e+20
1661,-4.3555e+20
1595,-4.3747e+20
2231,-4.3748e+20
2849,-4.3757e+20
865,-4.3798e+20
482,-4.3873e+20
1606,-4.3972e+20
4765,-4.4044e+20
1499,-4.4056e+20
4423,-4.4237e+20
3122,-4.4427e+20
5440,-4.4431e+20
1555,-4.4475e+20
4206,-4.4559e+20
4075,-4.468e+20
56,-4.4692e+20
3452,-4.4729e+20
4062,-4.5098e+20
15,-4.5123e+20
3103,-4.5153e+20
477,-4.5176e+20
1021,-4.5418e+20
3430,-4.5438e+20
2162,-4.5648e+20
1856,-4.6052e+20
3124,-4.6067e+20
3996,-4.6118e+20
449,-4.6179e+20
1201,-4.6199e+20
4684,-4.6442e+20
2899,-4.6523e+20
1751,-4.6593e+20
363,-4.696e+20
2643,-4.7017e+20
4547,-4.7076e+20
698,-4.7088e+20
5069,-4.7187e+20
3286,-4.721e+20
3900,-4.7283e+20
3559,-4.7348e+20
4459,-4.7428e+20
1642,-4.7482e+20
5587,-4.7496e+20
3581,-4.751e+20
2086,-4.762e+20
4446,-4.7803e+20
4589,-4.8168e+20
4236,-4.8402e+20
1096,-4.8611e+20
3156,-4.8651e+20
4326,-4.8795e+20
1248,-4.8872e+20
3762,-4.9041e+20
2116,-4.907e+20
4237,-4.9081e+20
5115,-4.9172e+20
1223,-4.9255e+20
2751,-4.9346e+20
3444,-4.9487e+20
2981,-4.9509e+20
941,-4.9701e+20
1129,-4.9724e+20
1464,-4.9787e+20
4279,-4.9851e+20
2770,-5.0224e+20
4886,-5.0253e+20
1320,-5.0362e+20
3013,-5.0502e+20
4242,-5.0544e+20
1316,-5.0724e+20
4059,-5.0792e+20
3070,-5.1012e+20
3889,-5.1101e+20
4228,-5.1217e+20
1638,-5.1226e+20
5171,-5.1264e+20
61,-5.1329e+20
5237,-5.1331e+20
2278,-5.1391e+20
1305,-5.1616e+20
5186,-5.162e+20
2607,-5.1709e+20
1135,-5.1747e+20
4809,-5.1793e+20
1630,-5.2088e+20
2634,-5.2179e+20
4555,-5.2189e+20
5,-5.22e+20
5366,-5.2208e+20
3561,-5.2379e+20
82,-5.2568e+20
2218,-5.263e+20
244,-5.264e+20
4029,-5.272e+20
1132,-5.2764e+20
2668,-5.289e+20
5514,-5.3396e+20
3710,-5.3401e+20
3343,-5.3538e+20
3196,-5.3544e+20
5395,-5.3551e+20
2836,-5.3598e+20
3668,-5.3767e+20
4259,-5.3826e+20
3605,-5.4046e+20
335,-5.4215e+20
2971,-5.427e+20
5061,-5.4334e+20
3582,-5.4411e+20
928,-5.4439e+20
2633,-5.4574e+20
4634,-5.5112e+20
1243,-5.5123e+20
240,-5.5179e+20
1384,-5.5421e+20
1332,-5.5604e+20
3830,-5.5669e+20
4175,-5.5697e+20
96,-5.5839e+20
4988,-5.5919e+20
4841,-5.5955e+20
2488,-5.6096e+20
424,-5.625e+20
4964,-5.6505e+20
2313,-5.6556e+20
3338,-5.6903e+20
1293,-5.7005e+20
2240,-5.7012e+20
3261,-5.7042e+20
1303,-5.7108e+20
188,-5.7177e+20
3064,-5.7297e+20
5203,-5.7311e+20
1252,-5.7329e+20
5338,-5.7375e+20
2091,-5.7569e+20
1365,-5.7592e+20
5410,-5.7604e+20
2511,-5.7898e+20
573,-5.8028e+20
5418,-5.8037e+20
745,-5.8187e+20
3822,-5.8225e+20
157,-5.8305e+20
5217,-5.8324e+20
2876,-5.836e+20
2424,-5.8396e+20
1813,-5.8433e+20
5166,-5.846e+20
5551,-5.8503e+20
4751,-5.8679e+20
206,-5.8787e+20
489,-5.8844e+20
4178,-5.8945e+20
1816,-5.9017e+20
4838,-5.9109e+20
173,-5.9317e+20
5591,-5.9379e+20
1087,-5.9592e+20
372,-5.9724e+20
5019,-5.9868e+20
4661,-5.9905e+20
3947,-5.9958e+20
615,-6.0112e+20
1524,-6.0273e+20
4921,-6.0521e+20
247,-6.1026e+20
1317,-6.107e+20
4949,-6.1082e+20
574,-6.1257e+20
219,-6.1393e+20
3325,-6.1461e+20
5580,-6.1639e+20
3793,-6.1814e+20
3658,-6.1817e+20
1142,-6.1829e+20
2471,-6.1831e+20
4456,-6.1897e+20
1465,-6.1959e+20
2235,-6.2125e+20
1014,-6.213e+20
1397,-6.2136e+20
1462,-6.2192e+20
1653,-6.2282e+20
4721,-6.2348e+20
2692,-6.2727e+20
719,-6.3099e+20
3420,-6.3556e+20
3664,-6.3589e+20
3650,-6.3597e+20
3506,-6.3606e+20
5468,-6.3611e+20
1992,-6.3745e+20
5071,-6.3922e+20
4246,-6.4346e+20
524,-6.4424e+20
5334,-6.4474e+20
5199,-6.4758e+20
2548,-6.4805e+20
2966,-6.4816e+20
1052,-6.4828e+20
5269,-6.49e+20
1479,-6.4906e+20
3940,-6.5121e+20
2003,-6.5237e+20
1780,-6.5253e+20
1100,-6.5277e+20
2199,-6.532e+20
1814,-6.5392e+20
1059,-6.5409e+20
4253,-6.5573e+20
2782,-6.6032e+20
3895,-6.654e+20
1605,-6.6607e+20
800,-6.6728e+20
4304,-6.6829e+20
233,-6.688e+20
1866,-6.7701e+20
4361,-6.7767e+20
1683,-6.7818e+20
3328,-6.7932e+20
475,-6.7938e+20
2960,-6.7949e+20
2618,-6.7991e+20
1717,-6.8075e+20
4134,-6.8185e+20
3524,-6.8222e+20
2354,-6.8289e+20
277,-6.8614e+20
1645,-6.8814e+20
1976,-6.8819e+20
1474,-6.9302e+20
3425,-6.9459e+20
2497,-6.9634e+20
3987,-6.9679e+20
852,-7.0174e+20
1954,-7.0183e+20
5346,-7.0286e+20
116,-7.0297e+20
1158,-7.0395e+20
5295,-7.0411e+20
3700,-7.0754e+20
4032,-7.0839e+20
225,-7.1143e+20
1286,-7.1286e+20
1958,-7.1416e+20
3470,-7.1654e+20
5362,-7.1853e+20
3059,-7.1951e+20
692,-7.1997e+20
4398,-7.2012e+20
4412,-7.2014e+20
4941,-7.2038e+20
2906,-7.2114e+20
4436,-7.2313e+20
3984,-7.2422e+20
386,-7.276e+20
342,-7.2808e+20
5550,-7.2991e+20
1864,-7.3048e+20
1374,-7.3134e+20
2147,-7.3155e+20
1959,-7.3487e+20
4835,-7.3592e+20
4750,-7.3608e+20
1883,-7.3735e+20
2470,-7.3833e+20
5195,-7.3857e+20
2188,-7.3861e+20
5442,-7.431e+20
5408,-7.478e+20
5193,-7.4849e+20
3602,-7.4992e+20
4353,-7.512e+20
3857,-7.5132e+20
2952,-7.5156e+20
1077,-7.5311e+20
872,-7.5358e+20
4580,-7.5378e+20
1849,-7.5406e+20
1627,-7.5413e+20
2364,-7.5598e+20
3707,-7.5618e+20
4724,-7.567e+20
3220,-7.59e+20
2706,-7.5935e+20
3015,-7.5958e+20
2554,-7.5983e+20
738,-7.6247e+20
3198,-7.6537e+20
3033,-7.6636e+20
1732,-7.6967e+20
3233,-7.6975e+20
1335,-7.7415e+20
3402,-7.7441e+20
5229,-7.7523e+20
3072,-7.7541e+20
572,-7.7676e+20
4321,-7.77e+20
4854,-7.818e+20
4626,-7.8366e+20
3462,-7.841e+20
465,-7.8492e+20
1209,-7.8639e+20
1837,-7.8767e+20
5124,-7.8773e+20
1822,-7.8805e+20
1415,-7.8864e+20
2832,-7.9022e+20
1488,-7.9482e+20
2224,-7.9538e+20
1249,-7.9612e+20
44,-7.9679e+20
539,-7.998e+20
1120,-8.0002e+20
4460,-8.0052e+20
4879,-8.0228e+20
4859,-8.0247e+20
1907,-8.0301e+20
4591,-8.0322e+20
1258,-8.0379e+20
5220,-8.0427e+20
4658,-8.0636e+20
3373,-8.078e+20
4417,-8.1518e+20
676,-8.1664e+20
5446,-8.2027e+20
5215,-8.229e+20
3310,-8.2424e+20
1355,-8.2519e+20
2748,-8.2866e+20
3882,-8.3326e+20
2639,-8.341e+20
4710,-8.374e+20
361,-8.3759e+20
2838,-8.376e+20
364,-8.3784e+20
4462,-8.3803e+20
3182,-8.3878e+20
589,-8.4001e+20
3418,-8.4249e+20
2227,-8.4528e+20
1534,-8.4606e+20
1292,-8.4922e+20
3177,-8.4945e+20
2289,-8.4956e+20
1405,-8.5153e+20
1879,-8.5169e+20
3190,-8.5301e+20
1197,-8.5359e+20
1083,-8.5414e+20
5280,-8.5521e+20
1779,-8.5907e+20
4955,-8.5912e+20
1418,-8.6034e+20
4905,-8.614e+20
2698,-8.6313e+20
217,-8.634e+20
1936,-8.6435e+20
3631,-8.6454e+20
5053,-8.671e+20
3176,-8.6846e+20
1724,-8.701e+20
3327,-8.7425e+20
3490,-8.7499e+20
1589,-8.75e+20
3269,-8.7672e+20
5326,-8.7933e+20
732,-8.7933e+20
45,-8.7937e+20
5556,-8.8101e+20
626,-8.8126e+20
1742,-8.8482e+20
4811,-8.8771e+20
2844,-8.8883e+20
2363,-8.8935e+20
3012,-8.9057e+20
331,-8.907e+20
5432,-8.9213e+20
3344,-8.9226e+20
5526,-8.9272e+20
3199,-8.9454e+20
3079,-8.946e+20
5113,-8.9467e+20
2597,-8.9502e+20
903,-8.972e+20
2279,-8.9944e+20
1985,-8.9966e+20
4712,-9.0075e+20
3023,-9.0075e+20
1870,-9.0086e+20
751,-9.0148e+20
2287,-9.0334e+20
1476,-9.0471e+20
1556,-9.0531e+20
2099,-9.0555e+20
4741,-9.0678e+20
2161,-9.0688e+20
3529,-9.0713e+20
4878,-9.0874e+20
1432,-9.0875e+20
1358,-9.0918e+20
4999,-9.104e+20
2808,-9.1307e+20
1162,-9.132e+20
1608,-9.1624e+20
985,-9.1672e+20
4577,-9.1695e+20
2803,-9.1789e+20
227,-9.1994e+20
4422,-9.2114e+20
20,-9.2257e+20
2801,-9.2284e+20
2261,-9.2543e+20
1265,-9.2612e+20
255,-9.2818e+20
5489,-9.2976e+20
4681,-9.3007e+20
2720,-9.3078e+20
4477,-9.3082e+20
877,-9.3091e+20
2502,-9.3293e+20
563,-9.335e+20
4967,-9.3389e+20
1525,-9.3544e+20
4695,-9.3577e+20
937,-9.3786e+20
4031,-9.3793e+20
352,-9.385e+20
2602,-9.3888e+20
147,-9.4149e+20
316,-9.4327e+20
739,-9.4514e+20
2362,-9.4583e+20
1496,-9.4648e+20
1925,-9.4919e+20
4152,-9.5092e+20
3514,-9.5197e+20
5010,-9.5357e+20
4722,-9.5525e+20
68,-9.5733e+20
1706,-9.584e+20
3465,-9.6223e+20
1334,-9.6485e+20
1820,-9.6724e+20
4667,-9.6762e+20
2340,-9.6786e+20
4187,-9.6853e+20
2186,-9.6943e+20
1801,-9.712e+20
2263,-9.7329e+20
2396,-9.7694e+20
114,-9.7918e+20
1921,-9.8031e+20
1210,-9.8173e+20
915,-9.8193e+20
4566,-9.8277e+20
3666,-9.8531e+20
3460,-9.8797e+20
3346,-9.9181e+20
1477,-9.9291e+20
1424,-9.9346e+20
3135,-9.9517e+20
2056,-9.9852e+20
2230,-1.0003e+21
4993,-1.0014e+21
1226,-1.002e+21
847,-1.0062e+21
4250,-1.0067e+21
3676,-1.01e+21
3385,-1.01e+21
3442,-1.0119e+21
665,-1.0123e+21
4575,-1.0135e+21
1943,-1.0142e+21
5041,-1.0166e+21
4115,-1.0168e+21
2205,-1.0186e+21
4567,-1.0192e+21
2882,-1.0229e+21
990,-1.0232e+21
1431,-1.0249e+21
3670,-1.0268e+21
1913,-1.0272e+21
4853,-1.0304e+21
2715,-1.0305e+21
4502,-1.0306e+21
140,-1.0313e+21
2608,-1.0332e+21
1212,-1.0369e+21
4924,-1.0377e+21
996,-1.0388e+21
4475,-1.04e+21
5351,-1.0411e+21
1684,-1.043e+21
909,-1.0432e+21
1666,-1.044e+21
1114,-1.044e+21
1999,-1.044e+21
5165,-1.0469e+21
4060,-1.0484e+21
729,-1.0488e+21
492,-1.0492e+21
3615,-1.0493e+21
5557,-1.0498e+21
207,-1.0505e+21
1929,-1.0524e+21
122,-1.053e+21
4285,-1.0546e+21
5572,-1.0583e+21
2585,-1.0588e+21
3446,-1.0591e+21
4513,-1.0592e+21
796,-1.0593e+21
5316,-1.0596e+21
4362,-1.0647e+21
3052,-1.0651e+21
50,-1.0655e+21
2472,-1.068e+21
960,-1.069e+21
182,-1.0691e+21
4340,-1.07e+21
1169,-1.0704e+21
2457,-1.0715e+21
3927,-1.0723e+21
58,-1.0753e+21
3656,-1.0766e+21
743,-1.079e+21
3743,-1.079e+21
1457,-1.0805e+21
291,-1.0817e+21
1503,-1.0877e+21
3348,-1.0898e+21
297,-1.0909e+21
790,-1.0914e+21
3740,-1.0925e+21
4078,-1.0937e+21
5174,-1.0948e+21
4277,-1.0952e+21
4021,-1.0953e+21
3078,-1.0978e+21
1062,-1.0995e+21
315,-1.1004e+21
1860,-1.1013e+21
2391,-1.1042e+21
5325,-1.1048e+21
1545,-1.1049e+21
1039,-1.1056e+21
5032,-1.1057e+21
841,-1.1057e+21
4563,-1.1064e+21
2392,-1.1113e+21
2388,-1.1116e+21
4177,-1.1118e+21
3225,-1.1121e+21
4873,-1.1131e+21
3962,-1.1171e+21
3639,-1.1214e+21
656,-1.1219e+21
1443,-1.1229e+21
479,-1.1242e+21
1497,-1.1264e+21
1911,-1.1294e+21
737,-1.131e+21
1176,-1.1312e+21
1116,-1.134e+21
4449,-1.134e+21
5067,-1.1383e+21
4698,-1.1407e+21
2922,-1.1421e+21
2130,-1.1427e+21
1337,-1.1442e+21
3629,-1.1468e+21
1675,-1.1485e+21
1772,-1.1495e+21
327,-1.1495e+21
5387,-1.1509e+21
1511,-1.1549e+21
5081,-1.1558e+21
3073,-1.1573e+21
1288,-1.1587e+21
1224,-1.1613e+21
4734,-1.1627e+21
197,-1.1661e+21
3069,-1.1675e+21
3627,-1.1697e+21
5119,-1.1704e+21
1156,-1.1705e+21
2255,-1.1733e+21
4788,-1.1737e+21
4581,-1.175e+21
5062,-1.1757e+21
5306,-1.1771e+21
3709,-1.18e+21
2753,-1.1843e+21
4778,-1.1867e+21
2724,-1.1888e+21
4274,-1.1907e+21
2368,-1.1943e+21
590,-1.1953e+21
1744,-1.1961e+21
3412,-1.1962e+21
278,-1.1967e+21
67,-1.1987e+21
576,-1.1997e+21
3180,-1.2005e+21
3902,-1.2055e+21
1550,-1.2069e+21
2475,-1.2071e+21
1131,-1.2076e+21
5082,-1.2083e+21
493,-1.2085e+21
3054,-1.2097e+21
3856,-1.2107e+21
4762,-1.2196e+21
4819,-1.2205e+21
1067,-1.2225e+21
1211,-1.2241e+21
2852,-1.2244e+21
4758,-1.225e+21
2123,-1.2255e+21
2282,-1.2267e+21
3163,-1.2268e+21
5210,-1.2299e+21
1871,-1.2349e+21
4091,-1.2388e+21
3158,-1.24e+21
2500,-1.2403e+21
4100,-1.2409e+21
5228,-1.2409e+21
4850,-1.2427e+21
591,-1.243e+21
1817,-1.2434e+21
321,-1.2449e+21
374,-1.2451e+21
3031,-1.2466e+21
2052,-1.2484e+21
1867,-1.2496e+21
1273,-1.2513e+21
5402,-1.2533e+21
4596,-1.2546e+21
3693,-1.255e+21
467,-1.2551e+21
2152,-1.2567e+21
4540,-1.2575e+21
2719,-1.2582e+21
5499,-1.2603e+21
2822,-1.2625e+21
1877,-1.2635e+21
971,-1.2658e+21
481,-1.2667e+21
1960,-1.2668e+21
4978,-1.2674e+21
2626,-1.2688e+21
3309,-1.2693e+21
4916,-1.2696e+21
2890,-1.2713e+21
2564,-1.2724e+21
18,-1.2727e+21
2775,-1.2729e+21
4105,-1.2729e+21
263,-1.2771e+21
2711,-1.28e+21
455,-1.2801e+21
2703,-1.2817e+21
896,-1.2833e+21
5027,-1.2851e+21
680,-1.2854e+21
3854,-1.2864e+21
1327,-1.2867e+21
387,-1.2867e+21
1713,-1.287e+21
3258,-1.2893e+21
5454,-1.2914e+21
4122,-1.2939e+21
4918,-1.2958e+21
3816,-1.296e+21
2085,-1.2976e+21
3851,-1.2982e+21
1899,-1.2994e+21
3186,-1.3003e+21
632,-1.3023e+21
3028,-1.3037e+21
986,-1.3071e+21
54,-1.3077e+21
1505,-1.3078e+21
98,-1.3114e+21
815,-1.3141e+21
3098,-1.3171e+21
2892,-1.3185e+21
2758,-1.3211e+21
3722,-1.3241e+21
2002,-1.3255e+21
1452,-1.3268e+21
543,-1.329e+21
2578,-1.331e+21
2339,-1.3312e+21
5275,-1.333e+21
2016,-1.3352e+21
3914,-1.3365e+21
4040,-1.3367e+21
458,-1.3392e+21
3848,-1.3396e+21
4764,-1.3397e+21
3131,-1.3404e+21
2440,-1.3404e+21
1586,-1.3407e+21
1656,-1.3422e+21
5392,-1.3432e+21
5331,-1.3439e+21
1522,-1.3446e+21
742,-1.3448e+21
4260,-1.3461e+21
4579,-1.3466e+21
970,-1.3467e+21
3231,-1.347e+21
251,-1.3493e+21
3532,-1.3496e+21
2448,-1.351e+21
49,-1.3543e+21
4372,-1.3543e+21
3332,-1.3546e+21
4005,-1.3563e+21
3467,-1.3567e+21
1965,-1.3586e+21
600,-1.3628e+21
1227,-1.3628e+21
3735,-1.3631e+21
2974,-1.3631e+21
2381,-1.3641e+21
5538,-1.3659e+21
328,-1.3678e+21
4056,-1.3679e+21
3372,-1.3679e+21
2088,-1.3722e+21
2611,-1.3735e+21
4583,-1.3741e+21
3101,-1.3757e+21
1456,-1.3778e+21
3786,-1.3778e+21
2508,-1.3782e+21
2672,-1.38e+21
2069,-1.3804e+21
5090,-1.3843e+21
5378,-1.3858e+21
5127,-1.3869e+21
5075,-1.387e+21
3189,-1.3883e+21
5396,-1.3887e+21
3476,-1.39e+21
175,-1.3903e+21
1036,-1.392e+21
393,-1.392e+21
4325,-1.3921e+21
4512,-1.3927e+21
2834,-1.3931e+21
4487,-1.3959e+21
1614,-1.396e+21
1237,-1.3971e+21
1896,-1.3972e+21
801,-1.3992e+21
1530,-1.3994e+21
4251,-1.3997e+21
1657,-1.4001e+21
3191,-1.4023e+21
1370,-1.405e+21
571,-1.4056e+21
5494,-1.4057e+21
4548,-1.4061e+21
3985,-1.4062e+21
4176,-1.4065e+21
991,-1.4066e+21
4798,-1.4073e+21
3454,-1.4076e+21
1216,-1.4077e+21
2308,-1.4139e+21
118,-1.4143e+21
5253,-1.4156e+21
3204,-1.4157e+21
4929,-1.4168e+21
2704,-1.4184e+21
1821,-1.4204e+21
5079,-1.4223e+21
1868,-1.4245e+21
2073,-1.428e+21
4933,-1.4283e+21
2942,-1.4284e+21
271,-1.4304e+21
629,-1.4317e+21
5005,-1.4326e+21
1898,-1.4339e+21
4266,-1.4358e+21
1269,-1.436e+21
5013,-1.4371e+21
1436,-1.4378e+21
2527,-1.4386e+21
749,-1.4391e+21
4884,-1.4393e+21
5208,-1.4424e+21
1489,-1.4426e+21
1200,-1.4431e+21
5380,-1.4443e+21
4984,-1.4449e+21
3513,-1.445e+21
4814,-1.4461e+21
3139,-1.4472e+21
427,-1.4479e+21
2473,-1.4513e+21
1375,-1.452e+21
4087,-1.4526e+21
2061,-1.4539e+21
4827,-1.4552e+21
4807,-1.4553e+21
2854,-1.4575e+21
1491,-1.4582e+21
4012,-1.4584e+21
759,-1.4601e+21
2513,-1.4603e+21
4179,-1.4604e+21
1123,-1.4623e+21
1409,-1.4628e+21
1091,-1.4632e+21
5519,-1.4636e+21
4679,-1.4638e+21
3893,-1.4639e+21
1304,-1.4656e+21
5584,-1.4657e+21
1873,-1.4663e+21
1984,-1.4672e+21
2379,-1.4688e+21
5562,-1.4702e+21
4338,-1.4724e+21
1308,-1.4745e+21
4171,-1.4757e+21
1716,-1.4786e+21
3184,-1.479e+21
2181,-1.4791e+21
3148,-1.4796e+21
2600,-1.4801e+21
5314,-1.4804e+21
4678,-1.4807e+21
3648,-1.483e+21
1172,-1.4832e+21
2434,-1.484e+21
3754,-1.4845e+21
4401,-1.4847e+21
3486,-1.4859e+21
829,-1.4861e+21
5317,-1.4875e+21
3672,-1.488e+21
3624,-1.4887e+21
1298,-1.4911e+21
1024,-1.4929e+21
5198,-1.4933e+21
4484,-1.4939e+21
1629,-1.4946e+21
3223,-1.4961e+21
1277,-1.4964e+21
2174,-1.4966e+21
1644,-1.4966e+21
1918,-1.4974e+21
1325,-1.4976e+21
5055,-1.4982e+21
5008,-1.4983e+21
1850,-1.4995e+21
1502,-1.5001e+21
2011,-1.5012e+21
3149,-1.5015e+21
111,-1.5065e+21
1030,-1.5077e+21
792,-1.5096e+21
4901,-1.51e+21
1425,-1.5104e+21
4262,-1.5127e+21
3042,-1.5137e+21
1766,-1.5143e+21
2295,-1.5161e+21
2647,-1.5163e+21
3842,-1.5173e+21
766,-1.5174e+21
4648,-1.5174e+21
634,-1.518e+21
1214,-1.5193e+21
1726,-1.5221e+21
4035,-1.5222e+21
788,-1.5233e+21
662,-1.5234e+21
318,-1.5244e+21
4969,-1.5246e+21
1547,-1.5247e+21
3061,-1.5254e+21
3580,-1.5281e+21
4079,-1.5293e+21
464,-1.5305e+21
1368,-1.5311e+21
1851,-1.5323e+21
3062,-1.5329e+21
4020,-1.5332e+21
3614,-1.5334e+21
1981,-1.5339e+21
1478,-1.5377e+21
4590,-1.539e+21
1841,-1.5393e+21
5184,-1.5397e+21
3807,-1.5402e+21
1626,-1.5405e+21
380,-1.5406e+21
281,-1.5408e+21
163,-1.5416e+21
3883,-1.543e+21
1693,-1.5447e+21
2805,-1.5464e+21
2333,-1.5467e+21
1604,-1.5478e+21
1872,-1.5481e+21
5303,-1.5494e+21
179,-1.5497e+21
4174,-1.5501e+21
4759,-1.5503e+21
2304,-1.5535e+21
652,-1.5556e+21
2861,-1.5563e+21
4690,-1.557e+21
1516,-1.5572e+21
2476,-1.5577e+21
3126,-1.5578e+21
391,-1.5617e+21
5502,-1.5621e+21
4600,-1.5625e+21
2934,-1.5667e+21
2923,-1.5674e+21
5204,-1.5676e+21
3224,-1.5688e+21
238,-1.5698e+21
5074,-1.5701e+21
4307,-1.5711e+21
3572,-1.573e+21
181,-1.5737e+21
3276,-1.5737e+21
3960,-1.5754e+21
2,-1.5754e+21
1906,-1.576e+21
2860,-1.576e+21
1584,-1.5762e+21
301,-1.5766e+21
1978,-1.5769e+21
831,-1.5784e+21
2818,-1.5785e+21
4699,-1.5804e+21
1750,-1.5821e+21
4386,-1.5831e+21
2749,-1.5852e+21
156,-1.5861e+21
3014,-1.5874e+21
2840,-1.5881e+21
5274,-1.5883e+21
4559,-1.59e+21
4652,-1.5923e+21
2014,-1.5937e+21
4275,-1.594e+21
2315,-1.5949e+21
3637,-1.595e+21
4578,-1.5952e+21
93,-1.5954e+21
2545,-1.5979e+21
4833,-1.5984e+21
4142,-1.6001e+21
2883,-1.6005e+21
636,-1.6007e+21
2082,-1.6009e+21
3047,-1.6012e+21
2683,-1.6014e+21
4987,-1.6015e+21
3543,-1.6018e+21
2175,-1.6031e+21
686,-1.6046e+21
3746,-1.6084e+21
5405,-1.6104e+21
4082,-1.6114e+21
5516,-1.6118e+21
3352,-1.6157e+21
1570,-1.6159e+21
2250,-1.6174e+21
1676,-1.6182e+21
2264,-1.6218e+21
1448,-1.6221e+21
1004,-1.6227e+21
5131,-1.6238e+21
4923,-1.6243e+21
1348,-1.6252e+21
917,-1.6263e+21
1695,-1.6269e+21
4621,-1.6271e+21
5016,-1.6271e+21
1722,-1.6271e+21
4256,-1.6278e+21
1294,-1.6286e+21
4467,-1.6288e+21
3525,-1.6289e+21
3298,-1.6291e+21
3429,-1.6291e+21
3546,-1.6305e+21
4470,-1.6314e+21
4291,-1.6332e+21
4640,-1.634e+21
4408,-1.6356e+21
3401,-1.6358e+21
992,-1.6365e+21
3043,-1.637e+21
4453,-1.6371e+21
3599,-1.6372e+21
850,-1.639e+21
3046,-1.6393e+21
1770,-1.6425e+21
884,-1.6443e+21
2128,-1.6469e+21
4319,-1.6471e+21
2667,-1.6473e+21
5093,-1.6478e+21
2744,-1.6486e+21
2539,-1.6503e+21
2310,-1.6518e+21
4222,-1.6534e+21
5497,-1.6542e+21
1369,-1.6544e+21
1858,-1.6545e+21
3421,-1.6562e+21
4525,-1.6563e+21
4127,-1.6563e+21
5430,-1.6564e+21
3044,-1.6564e+21
3623,-1.6567e+21
5273,-1.6574e+21
4830,-1.659e+21
3517,-1.6598e+21
1386,-1.6605e+21
895,-1.6613e+21
2010,-1.6614e+21
1398,-1.6619e+21
5196,-1.6624e+21
3336,-1.6631e+21
5219,-1.6648e+21
5510,-1.6652e+21
3071,-1.6654e+21
42,-1.6656e+21
3478,-1.6659e+21
5420,-1.668e+21
4503,-1.6688e+21
1480,-1.6691e+21
4136,-1.6702e+21
3651,-1.6711e+21
4718,-1.6721e+21
1032,-1.6724e+21
2596,-1.6736e+21
1673,-1.674e+21
4632,-1.6746e+21
469,-1.6756e+21
4713,-1.6758e+21
1090,-1.6772e+21
3019,-1.6788e+21
373,-1.6789e+21
565,-1.68e+21
717,-1.6803e+21
3705,-1.6818e+21
1261,-1.6834e+21
1007,-1.6837e+21
306,-1.6855e+21
185,-1.6858e+21
3455,-1.6884e+21
2485,-1.6885e+21
3659,-1.692e+21
256,-1.692e+21
3750,-1.6925e+21
3136,-1.6946e+21
3319,-1.6947e+21
4558,-1.6957e+21
3586,-1.6972e+21
2407,-1.698e+21
3415,-1.6999e+21
1046,-1.7003e+21
4945,-1.7003e+21
1847,-1.7014e+21
904,-1.7037e+21
422,-1.704e+21
76,-1.7055e+21
4269,-1.7056e+21
275,-1.7059e+21
366,-1.7069e+21
2042,-1.708e+21
5369,-1.7108e+21
5283,-1.7109e+21
2574,-1.7123e+21
1947,-1.7152e+21
4735,-1.7162e+21
1177,-1.7174e+21
1454,-1.7192e+21
1490,-1.7201e+21
357,-1.722e+21
5447,-1.7233e+21
4744,-1.7237e+21
3530,-1.7239e+21
3321,-1.7251e+21
46,-1.726e+21
4399,-1.7266e+21
5037,-1.7266e+21
777,-1.728e+21
5534,-1.7281e+21
2148,-1.7292e+21
2119,-1.7297e+21
4416,-1.7307e+21
353,-1.7307e+21
1061,-1.731e+21
3092,-1.7311e+21
394,-1.7314e+21
4002,-1.7315e+21
4677,-1.7325e+21
2697,-1.7361e+21
1789,-1.7364e+21
833,-1.739e+21
4625,-1.7396e+21
398,-1.7403e+21
4651,-1.7409e+21
2631,-1.7413e+21
3785,-1.7423e+21
2685,-1.7425e+21
3645,-1.7427e+21
268,-1.7431e+21
888,-1.7436e+21
3604,-1.7451e+21
322,-1.746e+21
5121,-1.749e+21
2432,-1.7498e+21
383,-1.7503e+21
3849,-1.7515e+21
3601,-1.753e+21
1331,-1.7536e+21
4601,-1.7536e+21
5375,-1.7539e+21
4496,-1.7543e+21
1017,-1.7544e+21
620,-1.7545e+21
1764,-1.755e+21
459,-1.7552e+21
2635,-1.756e+21
4663,-1.7563e+21
5057,-1.7564e+21
4180,-1.7566e+21
4015,-1.7568e+21
1909,-1.757e+21
3838,-1.7574e+21
337,-1.7582e+21
211,-1.759e+21
1628,-1.7606e+21
5356,-1.7618e+21
5463,-1.7629e+21
1941,-1.7646e+21
5598,-1.765e+21
4731,-1.7652e+21
3522,-1.7654e+21
3394,-1.7655e+21
2208,-1.7655e+21
3438,-1.7685e+21
894,-1.7702e+21
3971,-1.7728e+21
1762,-1.7736e+21
419,-1.7742e+21
2170,-1.7758e+21
4740,-1.7762e+21
1700,-1.7776e+21
5130,-1.7812e+21
2309,-1.7813e+21
853,-1.7814e+21
1063,-1.7814e+21
2734,-1.7816e+21
3307,-1.7818e+21
518,-1.7823e+21
2378,-1.7824e+21
3540,-1.7843e+21
3314,-1.7866e+21
2946,-1.7881e+21
1475,-1.7899e+21
3836,-1.7902e+21
2512,-1.7905e+21
4624,-1.791e+21
597,-1.7912e+21
1300,-1.7919e+21
2694,-1.7925e+21
5297,-1.7931e+21
1687,-1.7951e+21
5059,-1.7967e+21
362,-1.7974e+21
1987,-1.7982e+21
1956,-1.7987e+21
916,-1.7999e+21
4330,-1.7999e+21
529,-1.8003e+21
2357,-1.8005e+21
3613,-1.8007e+21
3404,-1.8011e+21
744,-1.8016e+21
1352,-1.8033e+21
4488,-1.8039e+21
3646,-1.8044e+21
4794,-1.8047e+21
2916,-1.8053e+21
966,-1.8059e+21
1745,-1.8074e+21
3266,-1.8095e+21
5172,-1.8101e+21
627,-1.8105e+21
4705,-1.8134e+21
3515,-1.8136e+21
1782,-1.8143e+21
5248,-1.8145e+21
5354,-1.8147e+21
541,-1.8147e+21
4804,-1.8152e+21
4911,-1.8158e+21
3732,-1.816e+21
936,-1.8177e+21
4844,-1.8188e+21
3001,-1.8206e+21
30,-1.8216e+21
5110,-1.8219e+21
4058,-1.8219e+21
3391,-1.8241e+21
4517,-1.825e+21
545,-1.825e+21
2115,-1.8251e+21
2137,-1.8256e+21
2077,-1.8258e+21
4329,-1.8264e+21
3731,-1.8269e+21
3087,-1.827e+21
4507,-1.827e+21
4263,-1.8274e+21
2183,-1.8277e+21
1394,-1.828e+21
1521,-1.8284e+21
2319,-1.8302e+21
4866,-1.8308e+21
4610,-1.8319e+21
2034,-1.8331e+21
4521,-1.8339e+21
5566,-1.8341e+21
4820,-1.8341e+21
1952,-1.8353e+21
1073,-1.8361e+21
5189,-1.8381e+21
3008,-1.839e+21
1995,-1.8393e+21
3140,-1.8397e+21
5543,-1.8402e+21
4451,-1.8403e+21
1412,-1.8404e+21
1290,-1.8406e+21
720,-1.8408e+21
2708,-1.8417e+21
4010,-1.8434e+21
3335,-1.8437e+21
2895,-1.8447e+21
875,-1.8451e+21
5403,-1.8453e+21
3825,-1.8456e+21
2100,-1.8462e+21
5161,-1.8474e+21
4151,-1.8475e+21
2774,-1.8478e+21
879,-1.8482e+21
4786,-1.8486e+21
3435,-1.85e+21
4611,-1.85e+21
347,-1.8521e+21
4824,-1.8523e+21
2166,-1.8558e+21
3565,-1.8567e+21
4605,-1.857e+21
3128,-1.8579e+21
423,-1.8594e+21
3165,-1.8599e+21
5349,-1.8626e+21
2865,-1.8636e+21
4044,-1.864e+21
1078,-1.8642e+21
679,-1.8658e+21
4775,-1.8689e+21
3875,-1.8692e+21
4815,-1.8695e+21
1125,-1.8698e+21
1798,-1.8705e+21
4925,-1.8711e+21
474,-1.8722e+21
4185,-1.8727e+21
4310,-1.8729e+21
5335,-1.8735e+21
2334,-1.874e+21
575,-1.8746e+21
1948,-1.8748e+21
5002,-1.8766e+21
1089,-1.8812e+21
3802,-1.8813e+21
5213,-1.8824e+21
3702,-1.883e+21
542,-1.8841e+21
476,-1.8847e+21
3968,-1.8847e+21
3316,-1.8857e+21
1753,-1.8874e+21
210,-1.8875e+21
2845,-1.8875e+21
5417,-1.8885e+21
2024,-1.8886e+21
3030,-1.8894e+21
2159,-1.8897e+21
3850,-1.8903e+21
88,-1.8926e+21
3209,-1.8927e+21
4980,-1.8944e+21
4433,-1.8955e+21
4001,-1.8958e+21
3775,-1.8969e+21
4780,-1.8973e+21
1935,-1.8973e+21
276,-1.898e+21
4271,-1.8984e+21
4188,-1.8995e+21
3067,-1.8998e+21
2095,-1.8998e+21
1171,-1.9005e+21
5426,-1.901e+21
2867,-1.9022e+21
65,-1.9025e+21
192,-1.9035e+21
836,-1.904e+21
1874,-1.9051e+21
3194,-1.9053e+21
957,-1.9055e+21
3048,-1.906e+21
4007,-1.9065e+21
47,-1.9079e+21
1015,-1.9085e+21
1636,-1.9087e+21
2642,-1.9105e+21
5486,-1.9106e+21
761,-1.9106e+21
148,-1.9114e+21
4593,-1.9116e+21
3695,-1.912e+21
5282,-1.9121e+21
2975,-1.913e+21
2650,-1.9158e+21
1569,-1.9191e+21
1752,-1.92e+21
3590,-1.9203e+21
3915,-1.9205e+21
2909,-1.9223e+21
4039,-1.9227e+21
1508,-1.9228e+21
367,-1.9232e+21
4036,-1.9242e+21
4519,-1.9253e+21
169,-1.9263e+21
4622,-1.9268e+21
79,-1.9272e+21
2829,-1.9274e+21
4793,-1.9275e+21
3011,-1.9281e+21
4738,-1.9286e+21
5052,-1.9294e+21
4173,-1.9295e+21
4802,-1.9295e+21
3341,-1.9305e+21
5096,-1.9311e+21
128,-1.9312e+21
2445,-1.9312e+21
2538,-1.9318e+21
1427,-1.9322e+21
3843,-1.9322e+21
159,-1.9336e+21
530,-1.9349e+21
1194,-1.9352e+21
2716,-1.9361e+21
1794,-1.9366e+21
4267,-1.9375e+21
4033,-1.9383e+21
3108,-1.9384e+21
619,-1.9387e+21
152,-1.9403e+21
1980,-1.9403e+21
2604,-1.9411e+21
712,-1.9418e+21
2055,-1.9425e+21
2841,-1.9427e+21
3112,-1.9437e+21
567,-1.9452e+21
4795,-1.9452e+21
447,-1.9454e+21
2528,-1.9457e+21
3920,-1.9468e+21
5457,-1.9474e+21
5522,-1.9479e+21
4282,-1.9488e+21
5116,-1.9491e+21
4229,-1.9497e+21
3951,-1.9499e+21
4350,-1.95e+21
2074,-1.9501e+21
3765,-1.9503e+21
5018,-1.9506e+21
5064,-1.9509e+21
3080,-1.9513e+21
1239,-1.9528e+21
5212,-1.9542e+21
1399,-1.9545e+21
4252,-1.9552e+21
4549,-1.9555e+21
1694,-1.9558e+21
3244,-1.956e+21
3320,-1.9574e+21
4011,-1.9581e+21
2879,-1.9584e+21
4947,-1.9587e+21
1648,-1.9594e+21
5221,-1.9599e+21
4464,-1.9608e+21
1230,-1.9608e+21
400,-1.9628e+21
3556,-1.9633e+21
13,-1.9641e+21
4131,-1.9646e+21
3748,-1.9649e+21
4167,-1.9654e+21
1377,-1.966e+21
1560,-1.966e+21
4902,-1.9663e+21
3975,-1.9664e+21
4439,-1.9666e+21
2925,-1.9669e+21
771,-1.967e+21
2101,-1.9673e+21
4139,-1.9675e+21
3896,-1.9676e+21
1793,-1.9676e+21
1103,-1.9686e+21
2559,-1.9696e+21
5050,-1.9697e+21
752,-1.9704e+21
527,-1.9704e+21
4499,-1.9705e+21
5035,-1.9708e+21
3618,-1.972e+21
5505,-1.9732e+21
3413,-1.975e+21
3068,-1.975e+21
1664,-1.9752e+21
2290,-1.976e+21
3487,-1.9764e+21
4975,-1.9781e+21
5582,-1.9785e+21
2421,-1.9814e+21
1784,-1.9818e+21
818,-1.9842e+21
2887,-1.9847e+21
4483,-1.9849e+21
4357,-1.985e+21
4125,-1.9862e+21
4983,-1.9875e+21
547,-1.9882e+21
519,-1.9883e+21
2026,-1.9899e+21
3003,-1.9905e+21
2765,-1.9907e+21
4427,-1.9909e+21
3065,-1.9917e+21
1616,-1.9924e+21
2558,-1.9971e+21
2344,-1.9974e+21
639,-1.9977e+21
4576,-1.9985e+21
4956,-1.9993e+21
898,-1.9994e+21
3424,-1.9996e+21
1228,-2.0001e+21
2277,-2.0006e+21
174,-2.0018e+21
2827,-2.0022e+21
388,-2.0025e+21
2666,-2.0028e+21
355,-2.0031e+21
5382,-2.004e+21
775,-2.004e+21
222,-2.0041e+21
2809,-2.0048e+21
3946,-2.0051e+21
340,-2.0054e+21
4034,-2.0057e+21
4317,-2.0066e+21
4646,-2.0066e+21
279,-2.007e+21
253,-2.0086e+21
4233,-2.0088e+21
5565,-2.009e+21
3090,-2.0098e+21
878,-2.0107e+21
3839,-2.0117e+21
5586,-2.0126e+21
2820,-2.0136e+21
2495,-2.0139e+21
931,-2.0141e+21
5239,-2.0145e+21
224,-2.0151e+21
1788,-2.0162e+21
4876,-2.0164e+21
1380,-2.0167e+21
4494,-2.0171e+21
2599,-2.0182e+21
4495,-2.0186e+21
473,-2.0187e+21
1776,-2.019e+21
4638,-2.022e+21
3763,-2.0251e+21
4276,-2.0254e+21
1347,-2.0261e+21
5038,-2.0262e+21
891,-2.0268e+21
3979,-2.0274e+21
4432,-2.0298e+21
3976,-2.0306e+21
3450,-2.0311e+21
3924,-2.0318e+21
3066,-2.0323e+21
4210,-2.0329e+21
2625,-2.0349e+21
3174,-2.0353e+21
2788,-2.0355e+21
3897,-2.0364e+21
4810,-2.0373e+21
333,-2.0382e+21
3082,-2.04e+21
3759,-2.0401e+21
2553,-2.0408e+21
3427,-2.0419e+21
3725,-2.0462e+21
3937,-2.0464e+21
4186,-2.0465e+21
1702,-2.0473e+21
2756,-2.0476e+21
1251,-2.0484e+21
1343,-2.0488e+21
3120,-2.0488e+21
2452,-2.0496e+21
1430,-2.0496e+21
2905,-2.0499e+21
4299,-2.0523e+21
3655,-2.0547e+21
4789,-2.0566e+21
943,-2.0567e+21
1886,-2.0577e+21
1108,-2.0583e+21
3865,-2.0643e+21
3726,-2.0649e+21
4768,-2.0657e+21
4322,-2.0667e+21
1054,-2.0681e+21
4309,-2.0713e+21
987,-2.0722e+21
2606,-2.0738e+21
762,-2.0743e+21
4045,-2.0745e+21
1081,-2.0757e+21
2745,-2.0764e+21
1471,-2.0777e+21
5389,-2.0786e+21
2384,-2.0791e+21
863,-2.0801e+21
2769,-2.0815e+21
2463,-2.0826e+21
290,-2.0854e+21
3035,-2.0858e+21
604,-2.0871e+21
4344,-2.0882e+21
2104,-2.0888e+21
1796,-2.0917e+21
3497,-2.0928e+21
4424,-2.0932e+21
3509,-2.0952e+21
1754,-2.1011e+21
3681,-2.1038e+21
768,-2.1052e+21
4050,-2.1057e+21
1241,-2.1082e+21
4711,-2.1116e+21
2131,-2.112e+21
839,-2.1125e+21
3774,-2.1184e+21
69,-2.1213e+21
2846,-2.1217e+21
4586,-2.1222e+21
1747,-2.1223e+21
4588,-2.1226e+21
4336,-2.1236e+21
5129,-2.1239e+21
2907,-2.1256e+21
2776,-2.1324e+21
2768,-2.1334e+21
2789,-2.1362e+21
2579,-2.1384e+21
2632,-2.1416e+21
4145,-2.1424e+21
3926,-2.1439e+21
4117,-2.1467e+21
1875,-2.1518e+21
445,-2.1536e+21
4335,-2.163e+21
965,-2.163e+21
241,-2.1671e+21
5379,-2.174e+21
2018,-2.1744e+21
1692,-2.1898e+21
1041,-2.1982e+21
3364,-2.1989e+21
1718,-2.2225e+21
3432,-2.2301e+21
5450,-2.2383e+21
3787,-2.2473e+21
2755,-2.2487e+21
2401,-2.2519e+21
5271,-2.2696e+21
1878,-2.2735e+21
4845,-2.2747e+21
177,-2.2764e+21
1993,-2.2837e+21
4450,-2.2856e+21
3027,-2.3017e+21
4324,-2.305e+21
218,-2.3065e+21
5045,-2.3103e+21
2557,-2.3226e+21
94,-2.3232e+21
1314,-2.3346e+21
1472,-2.335e+21
4963,-2.3363e+21
1715,-2.3402e+21
2577,-2.3487e+21
201,-2.3531e+21
463,-2.3532e+21
864,-2.3618e+21
5332,-2.3665e+21
4860,-2.3845e+21
4813,-2.3893e+21
1540,-2.3981e+21
1619,-2.3992e+21
964,-2.4001e+21
478,-2.4093e+21
3459,-2.4115e+21
726,-2.4119e+21
3259,-2.4159e+21
2311,-2.4167e+21
2027,-2.4171e+21
2372,-2.4232e+21
3006,-2.4235e+21
758,-2.4236e+21
4858,-2.4252e+21
3370,-2.4329e+21
2028,-2.4334e+21
3422,-2.4364e+21
1974,-2.4466e+21
735,-2.4903e+21
1441,-2.4935e+21
4623,-2.5081e+21
4893,-2.5123e+21
5449,-2.5132e+21
4454,-2.5172e+21
666,-2.5181e+21
4889,-2.5254e+21
1758,-2.5344e+21
2291,-2.5415e+21
3741,-2.5452e+21
17,-2.5502e+21
2543,-2.5529e+21
339,-2.5725e+21
4154,-2.5745e+21
1588,-2.5979e+21
2266,-2.6047e+21
252,-2.6064e+21
867,-2.6083e+21
4290,-2.6099e+21
443,-2.6118e+21
3906,-2.6163e+21
1915,-2.6187e+21
3245,-2.6216e+21
4419,-2.6304e+21
1933,-2.6323e+21
5532,-2.6357e+21
3812,-2.6371e+21
505,-2.6426e+21
3594,-2.6487e+21
77,-2.6626e+21
435,-2.6936e+21
2097,-2.6947e+21
1786,-2.7005e+21
4927,-2.7053e+21
5503,-2.7068e+21
2731,-2.7081e+21
3972,-2.7116e+21
5177,-2.7141e+21
1341,-2.7142e+21
34,-2.7286e+21
1058,-2.7458e+21
5145,-2.7498e+21
4119,-2.752e+21
2839,-2.7558e+21
3423,-2.7568e+21
3770,-2.7629e+21
3253,-2.7682e+21
4531,-2.7702e+21
3752,-2.775e+21
4130,-2.7757e+21
3555,-2.78e+21
3004,-2.7906e+21
1113,-2.7988e+21
1652,-2.7989e+21
1107,-2.807e+21
4069,-2.8073e+21
2269,-2.8101e+21
5399,-2.8231e+21
2949,-2.828e+21
1720,-2.8283e+21
397,-2.8331e+21
2317,-2.8487e+21
5552,-2.8494e+21
5066,-2.85e+21
2568,-2.8504e+21
5593,-2.8621e+21
1885,-2.8683e+21
3251,-2.8687e+21
3403,-2.8731e+21
3089,-2.8859e+21
4389,-2.8868e+21
3901,-2.8872e+21
646,-2.892e+21
5439,-2.8964e+21
2249,-2.8972e+21
1519,-2.8985e+21
3299,-2.9072e+21
4215,-2.9091e+21
4375,-2.9137e+21
4730,-2.9194e+21
4298,-2.9219e+21
1254,-2.9443e+21
4749,-2.9526e+21
950,-2.9557e+21
1231,-2.9611e+21
1800,-2.9679e+21
2110,-2.9721e+21
4042,-2.9737e+21
1561,-2.9792e+21
1582,-2.9894e+21
3690,-2.9936e+21
2302,-2.9938e+21
2621,-2.9991e+21
2847,-3.0061e+21
330,-3.0094e+21
4421,-3.0113e+21
1318,-3.0142e+21
1023,-3.0204e+21
312,-3.0383e+21
3360,-3.0417e+21
696,-3.0578e+21
3967,-3.0591e+21
1387,-3.0648e+21
1671,-3.0664e+21
3330,-3.0697e+21
5315,-3.0775e+21
248,-3.0827e+21
3138,-3.1108e+21
5544,-3.1149e+21
5031,-3.1198e+21
1195,-3.1275e+21
3091,-3.1279e+21
5086,-3.1389e+21
3395,-3.1435e+21
5460,-3.1511e+21
399,-3.1665e+21
266,-3.1697e+21
2346,-3.1717e+21
1362,-3.1762e+21
2651,-3.1795e+21
5443,-3.1819e+21
1076,-3.1843e+21
3657,-3.1857e+21
2125,-3.1868e+21
4071,-3.1926e+21
95,-3.2083e+21
4181,-3.2224e+21
4571,-3.2236e+21
4982,-3.2264e+21
5290,-3.227e+21
229,-3.2273e+21
4544,-3.2631e+21
4218,-3.2684e+21
1859,-3.2771e+21
2791,-3.2799e+21
843,-3.2961e+21
4391,-3.2979e+21
5091,-3.3001e+21
5083,-3.301e+21
4973,-3.3091e+21
4719,-3.311e+21
5176,-3.3371e+21
4051,-3.338e+21
2503,-3.3494e+21
369,-3.3538e+21
2894,-3.3606e+21
4280,-3.3913e+21
3038,-3.3931e+21
2874,-3.3952e+21
2238,-3.3956e+21
3516,-3.4087e+21
4066,-3.4198e+21
2483,-3.4321e+21
4686,-3.4355e+21
2933,-3.446e+21
3649,-3.4475e+21
3945,-3.4513e+21
5455,-3.4608e+21
1791,-3.4647e+21
270,-3.469e+21
699,-3.4736e+21
2514,-3.4919e+21
5340,-3.5049e+21
514,-3.5059e+21
820,-3.509e+21
4913,-3.5114e+21
1381,-3.512e+21
496,-3.5235e+21
546,-3.5242e+21
4486,-3.5354e+21
186,-3.5513e+21
893,-3.5527e+21
4313,-3.5755e+21
972,-3.5768e+21
2015,-3.5933e+21
4308,-3.5963e+21
272,-3.6016e+21
3570,-3.6127e+21
1610,-3.614e+21
4960,-3.6241e+21
3866,-3.633e+21
655,-3.6372e+21
2348,-3.6373e+21
368,-3.6473e+21
1709,-3.654e+21
138,-3.6562e+21
1145,-3.6562e+21
2591,-3.6588e+21
939,-3.6746e+21
2236,-3.6756e+21
3162,-3.678e+21
5285,-3.6783e+21
170,-3.6808e+21
2629,-3.6921e+21
5267,-3.6929e+21
4907,-3.6952e+21
2006,-3.7035e+21
5296,-3.7107e+21
2802,-3.7258e+21
525,-3.7349e+21
2530,-3.7353e+21
1179,-3.7355e+21
2601,-3.746e+21
5517,-3.7506e+21
3130,-3.7605e+21
2948,-3.7636e+21
3416,-3.7671e+21
4083,-3.7831e+21
300,-3.79e+21
3179,-3.7906e+21
4613,-3.8038e+21
3886,-3.8062e+21
3982,-3.8118e+21
1946,-3.8137e+21
4552,-3.8158e+21
2477,-3.8217e+21
1966,-3.822e+21
5247,-3.8261e+21
4472,-3.8297e+21
4800,-3.838e+21
2654,-3.8499e+21
2562,-3.8579e+21
844,-3.8587e+21
1178,-3.8594e+21
718,-3.8664e+21
2961,-3.8733e+21
4017,-3.8821e+21
5056,-3.8905e+21
1470,-3.8927e+21
2989,-3.9129e+21
3234,-3.915e+21
4754,-3.9175e+21
2377,-3.9322e+21
5026,-3.9364e+21
4846,-3.9458e+21
3237,-3.9468e+21
1927,-3.9477e+21
1523,-3.9562e+21
246,-3.9631e+21
1181,-3.966e+21
4493,-3.9664e+21
5409,-3.9682e+21
2978,-3.9766e+21
2777,-3.9817e+21
3773,-4.0029e+21
5358,-4.0128e+21
3399,-4.0178e+21
411,-4.0295e+21
1344,-4.0387e+21
123,-4.04e+21
1148,-4.0739e+21
2505,-4.0754e+21
235,-4.0815e+21
149,-4.0957e+21
967,-4.0998e+21
4989,-4.1072e+21
5225,-4.1121e+21
1101,-4.113e+21
3297,-4.1171e+21
4826,-4.1182e+21
3873,-4.1302e+21
2889,-4.1387e+21
4113,-4.1478e+21
5576,-4.1532e+21
2375,-4.1726e+21
2286,-4.1963e+21
1050,-4.2083e+21
5143,-4.2109e+21
2221,-4.249e+21
4392,-4.2559e+21
513,-4.2575e+21
2786,-4.2576e+21
2455,-4.262e+21
1202,-4.2624e+21
137,-4.2729e+21
3387,-4.273e+21
3721,-4.2757e+21
828,-4.2772e+21
4478,-4.2923e+21
2428,-4.2995e+21
3954,-4.3057e+21
4896,-4.3154e+21
4816,-4.3175e+21
5483,-4.3188e+21
3834,-4.3188e+21
4006,-4.3281e+21
3734,-4.33e+21
274,-4.3434e+21
2902,-4.3457e+21
3635,-4.3661e+21
1149,-4.3694e+21
3997,-4.3773e+21
2206,-4.3824e+21
127,-4.3927e+21
2066,-4.3961e+21
3606,-4.407e+21
2945,-4.4088e+21
5592,-4.4106e+21
1109,-4.418e+21
2040,-4.423e+21
1591,-4.4236e+21
4093,-4.4245e+21
75,-4.4273e+21
1914,-4.4401e+21
4822,-4.4424e+21
1705,-4.4447e+21
5433,-4.4454e+21
4337,-4.4475e+21
4053,-4.4556e+21
89,-4.4595e+21
1760,-4.4616e+21
3569,-4.4747e+21
3294,-4.4751e+21
767,-4.476e+21
450,-4.479e+21
5281,-4.4825e+21
682,-4.491e+21
1632,-4.4965e+21
2151,-4.5064e+21
2216,-4.509e+21
1074,-4.5091e+21
4081,-4.5503e+21
2454,-4.5532e+21
3024,-4.5573e+21
557,-4.5634e+21
562,-4.5643e+21
4919,-4.5748e+21
3205,-4.5844e+21
1774,-4.5879e+21
3578,-4.5935e+21
4295,-4.5947e+21
2072,-4.6128e+21
190,-4.6159e+21
100,-4.6246e+21
5259,-4.6295e+21
4192,-4.6298e+21
4729,-4.6415e+21
1247,-4.6488e+21
2868,-4.6562e+21
2359,-4.6588e+21
456,-4.6637e+21
5298,-4.6759e+21
1624,-4.6874e+21
3577,-4.693e+21
4095,-4.7017e+21
3539,-4.7032e+21
5564,-4.7065e+21
4915,-4.7073e+21
2328,-4.7131e+21
500,-4.7138e+21
3469,-4.7462e+21
2727,-4.747e+21
4129,-4.7641e+21
264,-4.7657e+21
2065,-4.767e+21
1110,-4.7703e+21
324,-4.7738e+21
2619,-4.7855e+21
3642,-4.7862e+21
2580,-4.7897e+21
5555,-4.8029e+21
1581,-4.8088e+21
1257,-4.8193e+21
3904,-4.8242e+21
1566,-4.8564e+21
706,-4.8675e+21
806,-4.8866e+21
3636,-4.8898e+21
944,-4.8925e+21
4934,-4.8996e+21
4165,-4.9e+21
4977,-4.9003e+21
3167,-4.9029e+21
2171,-4.9045e+21
1307,-4.9084e+21
5046,-4.9217e+21
942,-4.9226e+21
4936,-4.9288e+21
1115,-4.9311e+21
5422,-4.9425e+21
3678,-4.9436e+21
2094,-4.9449e+21
1892,-4.9479e+21
4121,-4.9494e+21
4000,-4.9514e+21
1140,-4.9525e+21
3612,-4.9609e+21
19,-4.9754e+21
2405,-4.9795e+21
4862,-4.9847e+21
4064,-4.9856e+21
2342,-4.9949e+21
3755,-5.0013e+21
1531,-5.013e+21
5202,-5.0178e+21
3290,-5.0213e+21
3161,-5.0242e+21
2937,-5.0437e+21
2297,-5.051e+21
4431,-5.0553e+21
2029,-5.0591e+21
2312,-5.072e+21
2153,-5.0769e+21
2090,-5.0785e+21
358,-5.0826e+21
5525,-5.0868e+21
890,-5.1035e+21
3355,-5.1108e+21
146,-5.1115e+21
3318,-5.1148e+21
5524,-5.1211e+21
3371,-5.1249e+21
2896,-5.1611e+21
239,-5.1611e+21
3034,-5.1732e+21
2494,-5.1755e+21
5553,-5.1803e+21
2864,-5.1818e+21
5301,-5.2057e+21
1665,-5.2078e+21
1282,-5.2104e+21
704,-5.213e+21
4685,-5.2132e+21
2620,-5.2132e+21
3417,-5.2237e+21
3800,-5.2337e+21
57,-5.2407e+21
502,-5.2475e+21
647,-5.2509e+21
33,-5.2643e+21
1564,-5.2695e+21
3583,-5.279e+21
3918,-5.2823e+21
5201,-5.2832e+21
4954,-5.2864e+21
288,-5.2924e+21
439,-5.2937e+21
2729,-5.3112e+21
4390,-5.3186e+21
1577,-5.3319e+21
3094,-5.3404e+21
3240,-5.3457e+21
2665,-5.3582e+21
4543,-5.3634e+21
2191,-5.3778e+21
4935,-5.3858e+21
4628,-5.3867e+21
2234,-5.3962e+21
5352,-5.4086e+21
4779,-5.4193e+21
4366,-5.4209e+21
1889,-5.4249e+21
1888,-5.4278e+21
2830,-5.4329e+21
1810,-5.4411e+21
5252,-5.5101e+21
2207,-5.5127e+21
1852,-5.5149e+21
1006,-5.5333e+21
3686,-5.5337e+21
4790,-5.5422e+21
4418,-5.5518e+21
2920,-5.5578e+21
532,-5.5671e+21
677,-5.5751e+21
1080,-5.5793e+21
3809,-5.5802e+21
4906,-5.5918e+21
4332,-5.5962e+21
4897,-5.6401e+21
1865,-5.6541e+21
668,-5.668e+21
4430,-5.6701e+21
2561,-5.6821e+21
741,-5.6841e+21
1003,-5.6865e+21
5022,-5.7046e+21
2365,-5.7189e+21
135,-5.7318e+21
470,-5.7392e+21
658,-5.7487e+21
1130,-5.759e+21
5159,-5.7603e+21
4745,-5.7639e+21
4049,-5.7668e+21
3758,-5.7806e+21
4894,-5.793e+21
5367,-5.812e+21
4116,-5.8234e+21
4041,-5.8323e+21
2176,-5.8401e+21
2691,-5.8501e+21
5456,-5.8562e+21
5328,-5.8611e+21
2087,-5.865e+21
3175,-5.8887e+21
3723,-5.8937e+21
889,-5.9026e+21
2347,-5.9169e+21
4691,-5.9254e+21
760,-5.9298e+21
4428,-5.9355e+21
2950,-5.9435e+21
4603,-5.9443e+21
4479,-5.9456e+21
3178,-5.9491e+21
3362,-5.9531e+21
1765,-5.9585e+21
4490,-5.9626e+21
621,-5.9719e+21
2070,-5.9765e+21
5371,-5.9822e+21
3493,-5.9841e+21
5394,-5.987e+21
1721,-5.993e+21
5504,-5.9952e+21
4403,-5.9967e+21
883,-6.0155e+21
1854,-6.0173e+21
2439,-6.0177e+21
2268,-6.031e+21
4264,-6.039e+21
3273,-6.0433e+21
4320,-6.0451e+21
5536,-6.0461e+21
308,-6.0465e+21
694,-6.0528e+21
3587,-6.0555e+21
2972,-6.0614e+21
4629,-6.063e+21
2797,-6.0634e+21
4038,-6.0665e+21
2792,-6.0685e+21
4943,-6.0691e+21
2054,-6.0943e+21
2299,-6.1005e+21
2009,-6.1072e+21
3143,-6.1074e+21
994,-6.1109e+21
3833,-6.1131e+21
178,-6.1146e+21
3504,-6.1314e+21
3847,-6.1349e+21
797,-6.1444e+21
2412,-6.1571e+21
403,-6.1645e+21
1357,-6.1675e+21
3810,-6.1701e+21
3235,-6.1815e+21
5496,-6.1907e+21
924,-6.2074e+21
858,-6.2105e+21
2645,-6.2146e+21
1272,-6.2208e+21
4647,-6.2239e+21
4510,-6.2259e+21
4707,-6.23e+21
3835,-6.2403e+21
3499,-6.2709e+21
2008,-6.2886e+21
5540,-6.2966e+21
2373,-6.2975e+21
4426,-6.3027e+21
5406,-6.3176e+21
302,-6.3232e+21
926,-6.3339e+21
4511,-6.3484e+21
3593,-6.3522e+21
2740,-6.3524e+21
3208,-6.3695e+21
365,-6.3816e+21
4199,-6.389e+21
4609,-6.3949e+21
1092,-6.3985e+21
2106,-6.4009e+21
1011,-6.4017e+21
3300,-6.4033e+21
522,-6.4086e+21
1835,-6.4097e+21
5424,-6.4163e+21
2843,-6.4273e+21
2541,-6.4312e+21
2995,-6.4314e+21
3768,-6.4332e+21
216,-6.4354e+21
162,-6.4429e+21
516,-6.4443e+21
5099,-6.4636e+21
80,-6.4638e+21
4457,-6.4661e+21
1159,-6.4693e+21
5175,-6.4839e+21
1863,-6.488e+21
4857,-6.4915e+21
1518,-6.5002e+21
1790,-6.5042e+21
236,-6.5087e+21
1781,-6.5121e+21
5462,-6.5136e+21
5473,-6.526e+21
756,-6.534e+21
1163,-6.5421e+21
4224,-6.5454e+21
2780,-6.5517e+21
1445,-6.5539e+21
2689,-6.5628e+21
4529,-6.5702e+21
1617,-6.5703e+21
2835,-6.5716e+21
3527,-6.5818e+21
193,-6.5906e+21
4376,-6.5933e+21
825,-6.5935e+21
3292,-6.6002e+21
3291,-6.6009e+21
4387,-6.6012e+21
1527,-6.6073e+21
3584,-6.6121e+21
155,-6.6162e+21
5117,-6.6214e+21
5333,-6.6287e+21
5500,-6.6444e+21
3500,-6.6602e+21
5509,-6.6771e+21
770,-6.68e+21
4047,-6.6901e+21
379,-6.7009e+21
1208,-6.7024e+21
3386,-6.7142e+21
4438,-6.7173e+21
2760,-6.7202e+21
3567,-6.7281e+21
4268,-6.7281e+21
5146,-6.7405e+21
4592,-6.753e+21
2680,-6.7566e+21
1805,-6.7695e+21
4270,-6.7785e+21
2549,-6.7802e+21
437,-6.7815e+21
4932,-6.7822e+21
586,-6.7957e+21
3351,-6.7969e+21
1010,-6.8043e+21
1917,-6.8087e+21
4369,-6.8218e+21
2298,-6.8265e+21
4664,-6.8266e+21
4302,-6.8298e+21
5329,-6.8342e+21
1970,-6.8427e+21
1066,-6.8624e+21
1979,-6.8651e+21
3185,-6.8765e+21
642,-6.8868e+21
495,-6.8902e+21
984,-6.8957e+21
4669,-6.9006e+21
143,-6.9035e+21
3821,-6.9141e+21
1553,-6.9193e+21
31,-6.925e+21
5004,-6.9294e+21
5529,-6.9329e+21
4194,-6.9485e+21
2897,-6.9499e+21
3828,-6.9562e+21
1104,-6.9656e+21
3980,-6.9694e+21
2863,-6.9724e+21
2397,-6.9729e+21
840,-6.9739e+21
292,-6.975e+21
2799,-6.9776e+21
1799,-6.989e+21
4003,-6.994e+21
1468,-7.0108e+21
5360,-7.0129e+21
4265,-7.0255e+21
2509,-7.0277e+21
3600,-7.0294e+21
5490,-7.0295e+21
5100,-7.0382e+21
2229,-7.0532e+21
2112,-7.0542e+21
3511,-7.0615e+21
5350,-7.0686e+21
5512,-7.0701e+21
5123,-7.0847e+21
1361,-7.0983e+21
832,-7.1e+21
1467,-7.1001e+21
230,-7.1077e+21
2517,-7.1082e+21
2812,-7.1297e+21
834,-7.1323e+21
4839,-7.137e+21
842,-7.142e+21
1549,-7.1434e+21
1689,-7.1468e+21
3772,-7.159e+21
3789,-7.1634e+21
2441,-7.1806e+21
4706,-7.1833e+21
4163,-7.1834e+21
1945,-7.1896e+21
2712,-7.1915e+21
1027,-7.204e+21
1240,-7.2136e+21
462,-7.2324e+21
3630,-7.235e+21
1769,-7.2514e+21
2329,-7.2569e+21
1353,-7.2682e+21
2787,-7.2769e+21
1193,-7.2806e+21
4203,-7.3037e+21
4204,-7.304e+21
4232,-7.3043e+21
1520,-7.305e+21
2869,-7.3108e+21
129,-7.327e+21
4028,-7.3294e+21
750,-7.3307e+21
2460,-7.3348e+21
3354,-7.3576e+21
1455,-7.3598e+21
4573,-7.3626e+21
509,-7.3643e+21
1977,-7.3688e+21
5063,-7.3705e+21
1167,-7.3738e+21
5140,-7.3858e+21
4733,-7.3954e+21
4653,-7.3971e+21
2410,-7.4226e+21
1515,-7.4228e+21
3133,-7.4253e+21
434,-7.4258e+21
1939,-7.4279e+21
5034,-7.4564e+21
4796,-7.4659e+21
4316,-7.4665e+21
2547,-7.4685e+21
5036,-7.4717e+21
1640,-7.4878e+21
2400,-7.4915e+21
3363,-7.5081e+21
4211,-7.5089e+21
637,-7.5133e+21
440,-7.516e+21
714,-7.5338e+21
733,-7.5555e+21
2409,-7.5651e+21
4223,-7.5708e+21
1696,-7.5822e+21
1274,-7.5846e+21
4957,-7.5913e+21
4258,-7.5965e+21
5427,-7.6106e+21
5357,-7.6126e+21
2555,-7.6129e+21
1071,-7.6178e+21
2109,-7.6198e+21
4198,-7.6251e+21
4205,-7.6408e+21
4382,-7.6451e+21
2796,-7.649e+21
3250,-7.6513e+21
2107,-7.6517e+21
523,-7.6532e+21
2461,-7.6631e+21
4339,-7.6632e+21
1157,-7.6688e+21
1662,-7.6734e+21
1912,-7.6841e+21
3782,-7.6842e+21
4546,-7.6858e+21
51,-7.6858e+21
2386,-7.6969e+21
1539,-7.7051e+21
4161,-7.7106e+21
2084,-7.7149e+21
702,-7.7294e+21
826,-7.7333e+21
997,-7.7426e+21
4937,-7.7506e+21
1996,-7.7649e+21
1768,-7.7672e+21
3397,-7.7695e+21
101,-7.775e+21
4515,-7.7784e+21
2318,-7.7827e+21
332,-7.7862e+21
5142,-7.7882e+21
3236,-7.7948e+21
2332,-7.7988e+21
3207,-7.8014e+21
351,-7.811e+21
4536,-7.8284e+21
3000,-7.829e+21
1785,-7.8407e+21
580,-7.8433e+21
2325,-7.8451e+21
3973,-7.8452e+21
881,-7.8705e+21
2565,-7.8723e+21
4328,-7.8754e+21
816,-7.9109e+21
2520,-7.9131e+21
5250,-7.9178e+21
1271,-7.9224e+21
4469,-7.9335e+21
2194,-7.9393e+21
1064,-7.9398e+21
2353,-7.9464e+21
748,-7.9506e+21
5180,-7.9529e+21
1253,-7.9662e+21
2017,-7.9672e+21
195,-7.9814e+21
4465,-7.985e+21
3056,-7.9872e+21
5009,-7.9897e+21
203,-7.9908e+21
4782,-7.996e+21
2507,-8.0143e+21
3596,-8.0185e+21
1196,-8.0201e+21
1259,-8.029e+21
3788,-8.0383e+21
3025,-8.0412e+21
5065,-8.0448e+21
4096,-8.0483e+21
5530,-8.052e+21
1170,-8.0831e+21
1137,-8.0892e+21
14,-8.094e+21
2273,-8.0992e+21
4903,-8.1134e+21
299,-8.1163e+21
4413,-8.1174e+21
678,-8.131e+21
2233,-8.1374e+21
870,-8.145e+21
3874,-8.1535e+21
413,-8.174e+21
3085,-8.182e+21
2490,-8.1824e+21
3820,-8.1826e+21
4109,-8.1828e+21
1957,-8.1864e+21
3480,-8.1995e+21
2911,-8.204e+21
4086,-8.2138e+21
3859,-8.2168e+21
2871,-8.2212e+21
4238,-8.2499e+21
4112,-8.2556e+21
2525,-8.2561e+21
2267,-8.2631e+21
2901,-8.2702e+21
2524,-8.3075e+21
2260,-8.3149e+21
510,-8.315e+21
3441,-8.3399e+21
1601,-8.3401e+21
5452,-8.3404e+21
974,-8.3501e+21
55,-8.3553e+21
1019,-8.3645e+21
1371,-8.3708e+21
671,-8.3726e+21
851,-8.3954e+21
404,-8.4056e+21
48,-8.4179e+21
1366,-8.4198e+21
3542,-8.4263e+21
2893,-8.4344e+21
5365,-8.4364e+21
2613,-8.4385e+21
262,-8.4488e+21
2880,-8.4569e+21
1151,-8.4636e+21
4792,-8.4661e+21
5233,-8.4771e+21
442,-8.4848e+21
5492,-8.491e+21
2050,-8.497e+21
3483,-8.4977e+21
4404,-8.5144e+21
4090,-8.5171e+21
3919,-8.5255e+21
59,-8.54e+21
4124,-8.555e+21
4995,-8.5568e+21
3625,-8.5583e+21
2419,-8.5688e+21
3475,-8.5805e+21
4348,-8.5907e+21
3232,-8.5948e+21
1164,-8.598e+21
3832,-8.6016e+21
1740,-8.6025e+21
789,-8.6032e+21
1649,-8.6048e+21
4655,-8.6061e+21
2984,-8.6146e+21
226,-8.616e+21
5465,-8.6163e+21
3922,-8.6176e+21
4076,-8.6235e+21
628,-8.6274e+21
3333,-8.6291e+21
5459,-8.641e+21
1861,-8.6452e+21
4607,-8.6515e+21
168,-8.6537e+21
2877,-8.6558e+21
4582,-8.6568e+21
4697,-8.6737e+21
3181,-8.6817e+21
1546,-8.6903e+21
409,-8.6968e+21
998,-8.6975e+21
1894,-8.713e+21
115,-8.715e+21
3488,-8.7215e+21
3022,-8.7279e+21
199,-8.7281e+21
2912,-8.7365e+21
109,-8.7412e+21
2004,-8.7484e+21
3018,-8.7485e+21
2370,-8.7526e+21
1876,-8.7629e+21
1646,-8.7729e+21
5312,-8.7906e+21
2427,-8.7925e+21
1396,-8.8056e+21
2044,-8.8146e+21
41,-8.8152e+21
329,-8.82e+21
3778,-8.8406e+21
2142,-8.8564e+21
2479,-8.8569e+21
1808,-8.8625e+21
451,-8.8683e+21
392,-8.8712e+21
23,-8.8724e+21
4254,-8.8753e+21
1585,-8.8882e+21
807,-8.896e+21
4997,-8.9016e+21
341,-8.9051e+21
5118,-8.9073e+21
1206,-8.9089e+21
228,-8.9195e+21
2444,-8.9347e+21
3219,-8.9418e+21
4108,-8.9725e+21
323,-8.9726e+21
2478,-8.9743e+21
4155,-8.9866e+21
2204,-8.9915e+21
606,-9.0019e+21
5370,-9.0025e+21
4898,-9.0132e+21
648,-9.0274e+21
2157,-9.0285e+21
550,-9.0329e+21
1498,-9.0354e+21
4970,-9.0398e+21
2855,-9.0409e+21
4135,-9.0555e+21
5431,-9.0593e+21
4089,-9.0594e+21
959,-9.0615e+21
2307,-9.0624e+21
578,-9.0869e+21
1367,-9.087e+21
779,-9.0944e+21
172,-9.0955e+21
4414,-9.1038e+21
978,-9.1103e+21
2403,-9.1177e+21
2270,-9.1177e+21
3150,-9.1333e+21
2598,-9.1369e+21
2414,-9.145e+21
5478,-9.1678e+21
2243,-9.1735e+21
3861,-9.1754e+21
5268,-9.1818e+21
1056,-9.1829e+21
2773,-9.1841e+21
1727,-9.2042e+21
5308,-9.227e+21
3095,-9.235e+21
4461,-9.24e+21
3872,-9.2417e+21
2163,-9.2594e+21
5167,-9.2628e+21
854,-9.268e+21
4803,-9.271e+21
2927,-9.2811e+21
4440,-9.2849e+21
4048,-9.3128e+21
3518,-9.3135e+21
250,-9.3141e+21
4771,-9.3177e+21
4411,-9.3224e+21
73,-9.3226e+21
1853,-9.3249e+21
599,-9.3282e+21
3720,-9.3309e+21
1025,-9.3339e+21
5561,-9.3381e+21
4702,-9.3448e+21
695,-9.3451e+21
608,-9.3475e+21
1160,-9.3482e+21
1650,-9.3496e+21
2593,-9.3639e+21
1607,-9.3692e+21
4248,-9.3759e+21
5042,-9.3906e+21
395,-9.398e+21
1461,-9.399e+21
2301,-9.403e+21
298,-9.4178e+21
5401,-9.4187e+21
1311,-9.4432e+21
5023,-9.4433e+21
2794,-9.4435e+21
4595,-9.4609e+21
97,-9.4627e+21
260,-9.463e+21
1319,-9.4678e+21
2900,-9.4705e+21
2932,-9.4712e+21
2429,-9.4883e+21
2493,-9.5009e+21
3674,-9.5319e+21
3502,-9.5333e+21
5190,-9.5344e+21
1773,-9.5362e+21
4420,-9.5365e+21
2875,-9.5386e+21
2674,-9.5414e+21
309,-9.5424e+21
408,-9.5467e+21
5377,-9.5577e+21
4168,-9.5763e+21
3557,-9.5776e+21
1154,-9.579e+21
4565,-9.5855e+21
1818,-9.5887e+21
4247,-9.5912e+21
507,-9.6009e+21
4639,-9.6092e+21
2504,-9.6121e+21
4990,-9.6147e+21
558,-9.616e+21
4606,-9.6279e+21
3797,-9.6363e+21
5464,-9.6391e+21
209,-9.6396e+21
1280,-9.6452e+21
5030,-9.6586e+21
1895,-9.6761e+21
3881,-9.6857e+21
4703,-9.6874e+21
1897,-9.6899e+21
2858,-9.6992e+21
4030,-9.6997e+21
3831,-9.7106e+21
1219,-9.7109e+21
607,-9.7144e+21
2761,-9.7173e+21
1390,-9.7183e+21
2571,-9.7187e+21
1435,-9.7195e+21
1336,-9.7362e+21
975,-9.7383e+21
4848,-9.7453e+21
3837,-9.7478e+21
4225,-9.7535e+21
1951,-9.7679e+21
2360,-9.7703e+21
102,-9.7776e+21
2878,-9.7892e+21
3990,-9.7956e+21
808,-9.7993e+21
708,-9.8016e+21
4219,-9.8146e+21
3074,-9.8275e+21
1783,-9.838e+21
2093,-9.8555e+21
2884,-9.8559e+21
1844,-9.8646e+21
5453,-9.8831e+21
1807,-9.8879e+21
1509,-9.8985e+21
3317,-9.8999e+21
2785,-9.9005e+21
5160,-9.9022e+21
4065,-9.903e+21
5209,-9.9035e+21
237,-9.9065e+21
5178,-9.9068e+21
585,-9.9141e+21
1685,-9.915e+21
1881,-9.9184e+21
70,-9.9206e+21
969,-9.9398e+21
2726,-9.9413e+21
1147,-9.9509e+21
2465,-9.9586e+21
3718,-9.9603e+21
3878,-9.9617e+21
1270,-9.9623e+21
3766,-9.9675e+21
5575,-9.9744e+21
4026,-9.9783e+21
2306,-9.985e+21
1901,-9.9977e+21
1990,-1.001e+22
5094,-1.0047e+22
3212,-1.0063e+22
821,-1.0084e+22
3121,-1.0089e+22
285,-1.0106e+22
3368,-1.0109e+22
1631,-1.0113e+22
4755,-1.0114e+22
3870,-1.0124e+22
4659,-1.0126e+22
4666,-1.0127e+22
5588,-1.0129e+22
5205,-1.014e+22
4761,-1.0141e+22
3745,-1.0142e+22
1102,-1.0143e+22
4584,-1.0148e+22
3312,-1.0153e+22
5276,-1.0163e+22
3852,-1.0183e+22
4716,-1.0195e+22
1184,-1.021e+22
2646,-1.0219e+22
4909,-1.0237e+22
4823,-1.0238e+22
5429,-1.0243e+22
3790,-1.0249e+22
1903,-1.0249e+22
305,-1.0259e+22
1312,-1.0259e+22
4883,-1.0275e+22
3451,-1.0278e+22
2963,-1.0281e+22
5434,-1.0324e+22
4882,-1.0326e+22
3528,-1.0337e+22
4172,-1.034e+22
4714,-1.0354e+22
2583,-1.0369e+22
1919,-1.0373e+22
2459,-1.0374e+22
2951,-1.0391e+22
5469,-1.0392e+22
2914,-1.0393e+22
5533,-1.0395e+22
2164,-1.0402e+22
4562,-1.041e+22
4538,-1.0412e+22
2767,-1.0418e+22
551,-1.0429e+22
2996,-1.0441e+22
2526,-1.0448e+22
4783,-1.0449e+22
3779,-1.0455e+22
2053,-1.0455e+22
2661,-1.0462e+22
2535,-1.0471e+22
2919,-1.0473e+22
3367,-1.0478e+22
1297,-1.0481e+22
2197,-1.0484e+22
1672,-1.0485e+22
880,-1.0487e+22
2518,-1.0489e+22
5179,-1.049e+22
350,-1.0521e+22
4394,-1.0525e+22
3377,-1.053e+22
5244,-1.0538e+22
4343,-1.0541e+22
5262,-1.0562e+22
4169,-1.0579e+22
2992,-1.0579e+22
1494,-1.0585e+22
1923,-1.0605e+22
5518,-1.0622e+22
1568,-1.0636e+22
4292,-1.0638e+22
1185,-1.0659e+22
36,-1.067e+22
4539,-1.0675e+22
3041,-1.0676e+22
5136,-1.0682e+22
4971,-1.0705e+22
5232,-1.0709e+22
4554,-1.0725e+22
1729,-1.0727e+22
3060,-1.0728e+22
4160,-1.0754e+22
810,-1.0766e+22
5245,-1.0773e+22
3281,-1.0782e+22
4670,-1.0807e+22
2320,-1.0812e+22
2686,-1.082e+22
651,-1.0829e+22
4379,-1.0832e+22
2305,-1.0844e+22
2536,-1.0854e+22
3263,-1.0859e+22
3697,-1.0876e+22
3116,-1.0876e+22
491,-1.088e+22
4327,-1.0885e+22
3715,-1.0905e+22
892,-1.0918e+22
1220,-1.092e+22
4784,-1.0925e+22
5185,-1.0937e+22
5569,-1.0944e+22
4756,-1.0967e+22
1734,-1.0967e+22
503,-1.0972e+22
1598,-1.0998e+22
4013,-1.1016e+22
460,-1.1035e+22
1175,-1.1043e+22
4,-1.1046e+22
921,-1.1058e+22
5305,-1.1064e+22
3753,-1.1066e+22
499,-1.1076e+22
466,-1.1078e+22
638,-1.1086e+22
700,-1.1087e+22
956,-1.1091e+22
2228,-1.1097e+22
3970,-1.111e+22
3239,-1.1114e+22
4024,-1.1123e+22
303,-1.1125e+22
1712,-1.1135e+22
4466,-1.114e+22
785,-1.1145e+22
3545,-1.1146e+22
2389,-1.1148e+22
2425,-1.1157e+22
3776,-1.1162e+22
4360,-1.1165e+22
4037,-1.1166e+22
4671,-1.1174e+22
4680,-1.1178e+22
2331,-1.1178e+22
4226,-1.1186e+22
3076,-1.1207e+22
2521,-1.1214e+22
2376,-1.1216e+22
4534,-1.1221e+22
4523,-1.1224e+22
1495,-1.1226e+22
2496,-1.1227e+22
5157,-1.1242e+22
4102,-1.1244e+22
1953,-1.125e+22
84,-1.1251e+22
4273,-1.1254e+22
2595,-1.1256e+22
1728,-1.1267e+22
3890,-1.1287e+22
2146,-1.1302e+22
200,-1.1306e+22
1735,-1.131e+22
4753,-1.1313e+22
4938,-1.1315e+22
1438,-1.1316e+22
3911,-1.1323e+22
1500,-1.1324e+22
1612,-1.1325e+22
2081,-1.1363e+22
3892,-1.1365e+22
120,-1.1377e+22
1313,-1.1381e+22
1731,-1.1388e+22
2156,-1.1391e+22
81,-1.1397e+22
5322,-1.143e+22
3760,-1.1432e+22
3032,-1.1435e+22
1404,-1.1439e+22
1242,-1.1446e+22
2446,-1.1453e+22
3380,-1.147e+22
958,-1.1477e+22
3877,-1.1478e+22
258,-1.148e+22
5012,-1.1483e+22
2387,-1.1497e+22
5304,-1.15e+22
4533,-1.1512e+22
9,-1.1515e+22
3844,-1.1537e+22
1950,-1.1548e+22
764,-1.1548e+22
5021,-1.1551e+22
2150,-1.1557e+22
856,-1.1558e+22
1535,-1.1567e+22
3456,-1.1567e+22
3862,-1.1578e+22
3799,-1.1599e+22
2064,-1.1601e+22
5169,-1.1603e+22
4367,-1.1609e+22
2988,-1.1612e+22
2169,-1.1616e+22
1339,-1.1616e+22
566,-1.1624e+22
4518,-1.1625e+22
5001,-1.1626e+22
3978,-1.1638e+22
1198,-1.1646e+22
1733,-1.1649e+22
2913,-1.1651e+22
1506,-1.1653e+22
4633,-1.1665e+22
630,-1.1667e+22
3311,-1.1687e+22
180,-1.1694e+22
5187,-1.1698e+22
2190,-1.1701e+22
3846,-1.1713e+22
3801,-1.1714e+22
3215,-1.1723e+22
999,-1.1724e+22
405,-1.1741e+22
3358,-1.1744e+22
5412,-1.175e+22
725,-1.1758e+22
5437,-1.1769e+22
716,-1.1775e+22
5336,-1.178e+22
1236,-1.1789e+22
1356,-1.1797e+22
2750,-1.1797e+22
5288,-1.1806e+22
4899,-1.181e+22
1000,-1.1814e+22
1955,-1.1845e+22
3869,-1.1847e+22
4852,-1.1853e+22
2349,-1.186e+22
3277,-1.1886e+22
4509,-1.1902e+22
1602,-1.1903e+22
798,-1.1907e+22
3217,-1.191e+22
1433,-1.1919e+22
3275,-1.1928e+22
4153,-1.1928e+22
2356,-1.1936e+22
675,-1.1941e+22
3411,-1.1949e+22
5230,-1.1966e+22
3804,-1.1968e+22
728,-1.1968e+22
4998,-1.1969e+22
4631,-1.198e+22
5571,-1.1989e+22
4235,-1.1991e+22
5343,-1.1996e+22
2257,-1.1997e+22
326,-1.1999e+22
4288,-1.2007e+22
2842,-1.201e+22
214,-1.2011e+22
2640,-1.2014e+22
194,-1.2015e+22
5132,-1.2036e+22
4084,-1.2036e+22
360,-1.205e+22
3036,-1.2073e+22
3257,-1.2083e+22
3110,-1.2091e+22
167,-1.2097e+22
164,-1.2097e+22
1143,-1.21e+22
5155,-1.2108e+22
4293,-1.2111e+22
902,-1.2112e+22
3950,-1.2115e+22
2078,-1.2118e+22
4875,-1.2125e+22
160,-1.2131e+22
923,-1.2148e+22
1329,-1.2164e+22
4770,-1.2165e+22
349,-1.2166e+22
5481,-1.2169e+22
2516,-1.2173e+22
3287,-1.2178e+22
3703,-1.218e+22
1473,-1.2196e+22
483,-1.2207e+22
640,-1.2223e+22
3899,-1.2228e+22
1410,-1.2239e+22
5559,-1.225e+22
1961,-1.2252e+22
3733,-1.2257e+22
5072,-1.2289e+22
2969,-1.2294e+22
2451,-1.2305e+22
5191,-1.2305e+22
4435,-1.2308e+22
5488,-1.231e+22
5339,-1.2331e+22
385,-1.2334e+22
5299,-1.234e+22
4505,-1.2343e+22
1538,-1.2354e+22
166,-1.2356e+22
4425,-1.2357e+22
4551,-1.2365e+22
1647,-1.2375e+22
5105,-1.2381e+22
2193,-1.2387e+22
1746,-1.2411e+22
4616,-1.2412e+22
3711,-1.2413e+22
3683,-1.2414e+22
497,-1.2423e+22
2848,-1.2426e+22
1677,-1.243e+22
5278,-1.246e+22
663,-1.2461e+22
5111,-1.2464e+22
2007,-1.2467e+22
4281,-1.2506e+22
5374,-1.2506e+22
3685,-1.2515e+22
3115,-1.2515e+22
570,-1.2516e+22
3575,-1.2522e+22
982,-1.2526e+22
4806,-1.253e+22
490,-1.253e+22
2324,-1.2537e+22
968,-1.2545e+22
5234,-1.2553e+22
3457,-1.2555e+22
2158,-1.2559e+22
1326,-1.2561e+22
5421,-1.2568e+22
2487,-1.2571e+22
512,-1.2571e+22
5537,-1.2572e+22
1403,-1.2577e+22
2955,-1.2594e+22
2501,-1.2603e+22
3107,-1.2615e+22
835,-1.2629e+22
3712,-1.264e+22
776,-1.2647e+22
1802,-1.2653e+22
1548,-1.2656e+22
3558,-1.2657e+22
1442,-1.2662e+22
189,-1.2665e+22
4560,-1.2668e+22
2047,-1.2673e+22
3744,-1.2679e+22
4156,-1.2683e+22
3305,-1.2701e+22
1373,-1.2704e+22
3366,-1.2705e+22
4726,-1.272e+22
2664,-1.2725e+22
1795,-1.2734e+22
1890,-1.2735e+22
2178,-1.2735e+22
131,-1.2741e+22
5235,-1.2756e+22
1238,-1.276e+22
410,-1.2765e+22
3409,-1.2767e+22
1279,-1.2769e+22
5033,-1.2775e+22
5320,-1.2775e+22
4847,-1.278e+22
3195,-1.2784e+22
3390,-1.2793e+22
2274,-1.2794e+22
930,-1.28e+22
3166,-1.2806e+22
4072,-1.2807e+22
3262,-1.2808e+22
907,-1.2811e+22
734,-1.282e+22
2144,-1.2821e+22
2935,-1.2823e+22
4101,-1.2825e+22
5599,-1.2834e+22
1651,-1.2843e+22
5407,-1.285e+22
2127,-1.2864e+22
723,-1.2871e+22
2173,-1.2875e+22
805,-1.2885e+22
3826,-1.2889e+22
5040,-1.2906e+22
3252,-1.2914e+22
3376,-1.2918e+22
1743,-1.2923e+22
2469,-1.2929e+22
4532,-1.2951e+22
2126,-1.2952e+22
3408,-1.2956e+22
3738,-1.2967e+22
2714,-1.2977e+22
3805,-1.2977e+22
3729,-1.298e+22
4959,-1.2983e+22
1597,-1.2985e+22
2741,-1.2985e+22
3620,-1.2992e+22
2811,-1.2995e+22
3106,-1.3002e+22
4508,-1.3018e+22
3811,-1.3026e+22
1829,-1.3031e+22
3084,-1.3033e+22
2519,-1.3036e+22
2967,-1.3037e+22
4965,-1.3039e+22
4974,-1.3047e+22
2486,-1.3054e+22
4812,-1.3055e+22
3663,-1.3061e+22
4245,-1.3063e+22
4891,-1.3065e+22
1086,-1.3066e+22
1688,-1.3069e+22
3884,-1.3074e+22
2763,-1.3084e+22
396,-1.3087e+22
283,-1.3092e+22
2467,-1.3101e+22
2219,-1.3113e+22
538,-1.3121e+22
4297,-1.3123e+22
3930,-1.3125e+22
631,-1.3135e+22
1969,-1.3137e+22
3127,-1.3153e+22
3284,-1.316e+22
5470,-1.316e+22
417,-1.316e+22
5348,-1.3167e+22
4070,-1.3168e+22
5085,-1.3168e+22
669,-1.3179e+22
3667,-1.318e+22
5240,-1.3187e+22
4371,-1.3189e+22
32,-1.3193e+22
3863,-1.3197e+22
3876,-1.3214e+22
4760,-1.3218e+22
5095,-1.3221e+22
2374,-1.3227e+22
356,-1.3235e+22
4727,-1.3235e+22
922,-1.3235e+22
5411,-1.324e+22
3183,-1.3249e+22
2129,-1.3268e+22
4104,-1.327e+22
544,-1.3302e+22
579,-1.3317e+22
5319,-1.3325e+22
3211,-1.3331e+22
133,-1.3342e+22
1408,-1.3351e+22
4183,-1.3353e+22
4159,-1.3357e+22
3426,-1.3361e+22
2041,-1.3362e+22
5323,-1.3382e+22
3,-1.339e+22
3382,-1.3392e+22
614,-1.3395e+22
2096,-1.3404e+22
2466,-1.3404e+22
1579,-1.3416e+22
2857,-1.3427e+22
3109,-1.3429e+22
1908,-1.3445e+22
4766,-1.3453e+22
378,-1.3458e+22
2605,-1.3459e+22
4805,-1.347e+22
3579,-1.349e+22
232,-1.3511e+22
681,-1.3512e+22
314,-1.3519e+22
4402,-1.3521e+22
3159,-1.3543e+22
2926,-1.3559e+22
4323,-1.3563e+22
406,-1.3568e+22
5539,-1.3576e+22
4092,-1.3579e+22
4365,-1.3597e+22
2316,-1.3614e+22
4817,-1.3622e+22
1634,-1.3624e+22
3943,-1.3639e+22
592,-1.3662e+22
3680,-1.3672e+22
4009,-1.3675e+22
2819,-1.3686e+22
4287,-1.3688e+22
4137,-1.3689e+22
4530,-1.369e+22
593,-1.3702e+22
1811,-1.3703e+22
5596,-1.3705e+22
1485,-1.3716e+22
2322,-1.3716e+22
2402,-1.3716e+22
1998,-1.372e+22
3315,-1.3722e+22
5345,-1.3723e+22
5393,-1.3724e+22
4688,-1.3734e+22
4447,-1.3735e+22
2823,-1.3738e+22
3461,-1.3759e+22
2314,-1.3772e+22
5579,-1.3797e+22
4123,-1.3799e+22
4868,-1.3833e+22
1264,-1.3846e+22
2103,-1.3859e+22
1018,-1.3861e+22
4864,-1.3874e+22
1099,-1.3877e+22
4128,-1.3882e+22
4334,-1.3897e+22
2851,-1.3898e+22
134,-1.3909e+22
3026,-1.3909e+22
1771,-1.392e+22
794,-1.3932e+22
5594,-1.3938e+22
1414,-1.3948e+22
3673,-1.3957e+22
421,-1.3962e+22
1047,-1.3965e+22
899,-1.3968e+22
3756,-1.3969e+22
4561,-1.3975e+22
2837,-1.3976e+22
5134,-1.3976e+22
4255,-1.3977e+22
26,-1.3978e+22
1594,-1.3997e+22
1635,-1.4003e+22
198,-1.4014e+22
1263,-1.4023e+22
3383,-1.4025e+22
1904,-1.4025e+22
1691,-1.4028e+22
3439,-1.4031e+22
5216,-1.4041e+22
3353,-1.4049e+22
4676,-1.4053e+22
4286,-1.4079e+22
5482,-1.4082e+22
827,-1.4091e+22
4022,-1.41e+22
4474,-1.4103e+22
1532,-1.4106e+22
753,-1.4113e+22
1554,-1.4117e+22
3381,-1.4126e+22
4239,-1.4136e+22
295,-1.4138e+22
2262,-1.4144e+22
4728,-1.4146e+22
359,-1.4155e+22
5342,-1.4163e+22
4396,-1.4168e+22
3592,-1.4183e+22
1119,-1.4185e+22
1295,-1.4194e+22
731,-1.4212e+22
4147,-1.4215e+22
3983,-1.4218e+22
3767,-1.4227e+22
3688,-1.4245e+22
5545,-1.4254e+22
2850,-1.4276e+22
4881,-1.4283e+22
3541,-1.4288e+22
1429,-1.4292e+22
4675,-1.4309e+22
4821,-1.4311e+22
4968,-1.4319e+22
2336,-1.4325e+22
3164,-1.4342e+22
5302,-1.4348e+22
3322,-1.435e+22
3986,-1.4357e+22
2031,-1.437e+22
4972,-1.4378e+22
3313,-1.4422e+22
2594,-1.4425e+22
1962,-1.4428e+22
3948,-1.443e+22
2245,-1.4445e+22
3647,-1.4448e+22
4018,-1.4457e+22
724,-1.446e+22
3393,-1.4462e+22
3503,-1.4466e+22
3568,-1.447e+22
4617,-1.4472e+22
1075,-1.4507e+22
4774,-1.451e+22
4630,-1.4519e+22
3289,-1.4523e+22
2032,-1.4527e+22
5373,-1.4528e+22
3077,-1.4528e+22
2990,-1.453e+22
4917,-1.4535e+22
3708,-1.4559e+22
5548,-1.4562e+22
2695,-1.4564e+22
3660,-1.4568e+22
1284,-1.4577e+22
2030,-1.4599e+22
2067,-1.461e+22
2293,-1.461e+22
376,-1.4611e+22
2757,-1.4626e+22
4046,-1.4638e+22
2833,-1.4639e+22
4482,-1.4648e+22
165,-1.4687e+22
3400,-1.4692e+22
2215,-1.4716e+22
5025,-1.4724e+22
1926,-1.4728e+22
319,-1.475e+22
1420,-1.4754e+22
4808,-1.4762e+22
1633,-1.4766e+22
4149,-1.4774e+22
3616,-1.479e+22
2764,-1.4812e+22
2931,-1.482e+22
2071,-1.4822e+22
3466,-1.4822e+22
3337,-1.4835e+22
5549,-1.4854e+22
3117,-1.4885e+22
3566,-1.4893e+22
3701,-1.4894e+22
3988,-1.4898e+22
5231,-1.4902e+22
5084,-1.4907e+22
311,-1.491e+22
3255,-1.4917e+22
5436,-1.4937e+22
1141,-1.4942e+22
3698,-1.4943e+22
2057,-1.4951e+22
5194,-1.4959e+22
963,-1.496e+22
4114,-1.496e+22
5249,-1.4963e+22
795,-1.4965e+22
4556,-1.4965e+22
4497,-1.4972e+22
4542,-1.4973e+22
3268,-1.4981e+22
1924,-1.4984e+22
5258,-1.4989e+22
1144,-1.4993e+22
5347,-1.5001e+22
4485,-1.5003e+22
5162,-1.5016e+22
4958,-1.5026e+22
622,-1.5034e+22
1806,-1.5037e+22
2223,-1.5053e+22
205,-1.5053e+22
2590,-1.5061e+22
802,-1.5064e+22
3917,-1.5072e+22
3682,-1.5074e+22
813,-1.5084e+22
2079,-1.5095e+22
4828,-1.5095e+22
2413,-1.5097e+22
587,-1.5099e+22
3956,-1.5102e+22
2980,-1.5103e+22
3864,-1.511e+22
2917,-1.5112e+22
817,-1.5119e+22
5109,-1.5123e+22
3935,-1.5129e+22
4191,-1.5132e+22
1600,-1.5139e+22
2321,-1.5142e+22
2285,-1.515e+22
3295,-1.5153e+22
2276,-1.5164e+22
196,-1.5172e+22
2531,-1.5173e+22
3933,-1.5173e+22
623,-1.5178e+22
5344,-1.5178e+22
3608,-1.5179e+22
5423,-1.5183e+22
1536,-1.5189e+22
1213,-1.5197e+22
4300,-1.5203e+22
4619,-1.5208e+22
3871,-1.5227e+22
4023,-1.5248e+22
2352,-1.5251e+22
2102,-1.5264e+22
2140,-1.527e+22
2184,-1.5277e+22
610,-1.5279e+22
948,-1.5281e+22
25,-1.5285e+22
4520,-1.5291e+22
1065,-1.53e+22
2523,-1.5324e+22
4572,-1.5325e+22
1033,-1.5354e+22
2688,-1.5356e+22
4843,-1.5375e+22
3769,-1.5387e+22
35,-1.539e+22
21,-1.5406e+22
701,-1.5413e+22
4388,-1.543e+22
3119,-1.543e+22
1825,-1.5441e+22
3803,-1.5447e+22
2722,-1.5449e+22
2272,-1.5467e+22
3921,-1.547e+22
5048,-1.547e+22
105,-1.5473e+22
4458,-1.5478e+22
1281,-1.5482e+22
4708,-1.5491e+22
381,-1.5504e+22
4384,-1.5508e+22
139,-1.5522e+22
4110,-1.5552e+22
2005,-1.5569e+22
3684,-1.5576e+22
4704,-1.5587e+22
1526,-1.5591e+22
124,-1.5592e+22
2870,-1.5603e+22
5398,-1.5611e+22
1232,-1.5619e+22
457,-1.5624e+22
4052,-1.5627e+22
5092,-1.5629e+22
4787,-1.563e+22
3925,-1.5635e+22
1182,-1.5636e+22
3157,-1.5637e+22
4261,-1.5677e+22
2491,-1.5708e+22
3414,-1.5709e+22
345,-1.5725e+22
5173,-1.573e+22
560,-1.5737e+22
2180,-1.574e+22
4748,-1.5743e+22
4019,-1.5744e+22
1803,-1.575e+22
117,-1.5755e+22
536,-1.5761e+22
4840,-1.578e+22
1541,-1.5789e+22
2793,-1.5794e+22
569,-1.5795e+22
1020,-1.5798e+22
3932,-1.5803e+22
414,-1.5813e+22
2420,-1.5816e+22
2135,-1.5817e+22
5472,-1.5817e+22
1759,-1.5822e+22
425,-1.5828e+22
2165,-1.5832e+22
5372,-1.5839e+22
556,-1.5848e+22
1205,-1.5863e+22
4143,-1.5878e+22
5000,-1.5879e+22
1225,-1.588e+22
940,-1.588e+22
2195,-1.5889e+22
2025,-1.5899e+22
5251,-1.5914e+22
5527,-1.5921e+22
1466,-1.5944e+22
4014,-1.5955e+22
2345,-1.5964e+22
2437,-1.5969e+22
1831,-1.5982e+22
1234,-1.5983e+22
4157,-1.6004e+22
2924,-1.6007e+22
436,-1.6012e+22
1714,-1.6015e+22
2038,-1.6016e+22
3879,-1.6017e+22
4217,-1.6018e+22
4568,-1.6019e+22
783,-1.602e+22
5058,-1.6022e+22
3323,-1.6032e+22
2036,-1.6048e+22
3534,-1.6052e+22
2778,-1.6053e+22
2831,-1.6057e+22
1641,-1.6057e+22
1360,-1.6076e+22
1217,-1.6078e+22
504,-1.6088e+22
782,-1.6089e+22
1306,-1.6096e+22
4890,-1.6102e+22
223,-1.6117e+22
2551,-1.6122e+22
2544,-1.6123e+22
564,-1.6133e+22
4872,-1.6133e+22
5257,-1.6147e+22
2068,-1.6147e+22
2552,-1.6172e+22
2700,-1.6198e+22
4445,-1.6202e+22
416,-1.6206e+22
1411,-1.621e+22
2569,-1.6213e+22
4099,-1.622e+22
1761,-1.6223e+22
5485,-1.6248e+22
4476,-1.6249e+22
249,-1.6264e+22
3473,-1.6266e+22
526,-1.6271e+22
2898,-1.6274e+22
3406,-1.6277e+22
1741,-1.6288e+22
3880,-1.6299e+22
4088,-1.6309e+22
4230,-1.6311e+22
3819,-1.6315e+22
4213,-1.6318e+22
846,-1.632e+22
528,-1.632e+22
1819,-1.6326e+22
4863,-1.6328e+22
1637,-1.6329e+22
1309,-1.633e+22
2677,-1.6342e+22
3359,-1.6345e+22
2582,-1.6348e+22
85,-1.6348e+22
1643,-1.6352e+22
108,-1.6353e+22
317,-1.6364e+22
5558,-1.6373e+22
4763,-1.6377e+22
2815,-1.6381e+22
3188,-1.6382e+22
3433,-1.6384e+22
3549,-1.6387e+22
5511,-1.6388e+22
3806,-1.6427e+22
2641,-1.6429e+22
4587,-1.6434e+22
3520,-1.6438e+22
2908,-1.6443e+22
3963,-1.6447e+22
184,-1.6484e+22
1349,-1.6494e+22
5330,-1.6501e+22
3214,-1.651e+22
5307,-1.6516e+22
3563,-1.6517e+22
2395,-1.6542e+22
153,-1.6548e+22
2533,-1.6555e+22
2690,-1.656e+22
4900,-1.6567e+22
1166,-1.6583e+22
3908,-1.6583e+22
130,-1.6584e+22
3591,-1.6595e+22
2160,-1.66e+22
4463,-1.6609e+22
952,-1.661e+22
4370,-1.6617e+22
3661,-1.6623e+22
5104,-1.6626e+22
3989,-1.6653e+22
649,-1.6658e+22
5590,-1.666e+22
4920,-1.6664e+22
441,-1.6668e+22
3942,-1.6669e+22
2001,-1.6669e+22
4985,-1.6682e+22
325,-1.6687e+22
3029,-1.669e+22
3154,-1.6699e+22
1537,-1.67e+22
4141,-1.6713e+22
187,-1.6726e+22
869,-1.674e+22
3687,-1.6742e+22
2994,-1.6743e+22
2172,-1.675e+22
4471,-1.6812e+22
1009,-1.6831e+22
1931,-1.6831e+22
3308,-1.6838e+22
3192,-1.6842e+22
259,-1.6864e+22
3894,-1.6879e+22
4085,-1.6879e+22
4027,-1.6885e+22
5182,-1.6887e+22
2059,-1.6909e+22
1395,-1.6915e+22
910,-1.6928e+22
1940,-1.6934e+22
3407,-1.6934e+22
289,-1.6935e+22
444,-1.6936e+22
5135,-1.6936e+22
596,-1.6941e+22
2736,-1.6942e+22
1419,-1.6944e+22
78,-1.6944e+22
2480,-1.6947e+22
3689,-1.6947e+22
4645,-1.6949e+22
3589,-1.698e+22
2814,-1.6983e+22
273,-1.6987e+22
5491,-1.6988e+22
2035,-1.7017e+22
1346,-1.7022e+22
983,-1.703e+22
5589,-1.7032e+22
3088,-1.704e+22
1580,-1.7052e+22
1826,-1.7056e+22
132,-1.7063e+22
4615,-1.7066e+22
3494,-1.7073e+22
2826,-1.7075e+22
2713,-1.7104e+22
1112,-1.7109e+22
1964,-1.7115e+22
4545,-1.7125e+22
1920,-1.7129e+22
5139,-1.713e+22
4649,-1.7132e+22
4892,-1.7135e+22
334,-1.7139e+22
5120,-1.7145e+22
4133,-1.7149e+22
4352,-1.7155e+22
1055,-1.7168e+22
1469,-1.7181e+22
4692,-1.7182e+22
1250,-1.7189e+22
1775,-1.719e+22
2983,-1.7225e+22
2337,-1.7228e+22
1777,-1.724e+22
3771,-1.7243e+22
3944,-1.7244e+22
2167,-1.7247e+22
234,-1.7253e+22
2701,-1.7267e+22
5051,-1.7272e+22
12,-1.7279e+22
4944,-1.729e+22
555,-1.7313e+22
150,-1.7314e+22
2248,-1.7319e+22
2813,-1.7332e+22
4657,-1.7333e+22
4107,-1.7334e+22
534,-1.7364e+22
3357,-1.7365e+22
158,-1.7393e+22
1215,-1.7402e+22
2294,-1.7423e+22
703,-1.7426e+22
2246,-1.7428e+22
4197,-1.7432e+22
3051,-1.7456e+22
4865,-1.7458e+22
2939,-1.7464e+22
2201,-1.7465e+22
4189,-1.748e+22
480,-1.7497e+22
4757,-1.7507e+22
1174,-1.7511e+22
2873,-1.7512e+22
2985,-1.7534e+22
3227,-1.7538e+22
624,-1.7556e+22
2450,-1.7557e+22
4301,-1.7564e+22
2921,-1.7585e+22
520,-1.7589e+22
2953,-1.7595e+22
2211,-1.7632e+22
4278,-1.7653e+22
2117,-1.7657e+22
4429,-1.7658e+22
4243,-1.7667e+22
4132,-1.767e+22
3202,-1.7673e+22
4922,-1.7688e+22
176,-1.7691e+22
2537,-1.7702e+22
5445,-1.7703e+22
2979,-1.7703e+22
3824,-1.7707e+22
6,-1.7711e+22
3334,-1.7718e+22
338,-1.7722e+22
1983,-1.7743e+22
1681,-1.7748e+22
3349,-1.775e+22
3434,-1.7762e+22
3040,-1.7763e+22
3796,-1.7771e+22
4106,-1.7773e+22
3677,-1.7788e+22
1222,-1.7788e+22
4553,-1.7793e+22
1126,-1.7795e+22
4668,-1.7804e+22
2251,-1.7806e+22
4739,-1.7807e+22
2196,-1.781e+22
2628,-1.781e+22
3853,-1.7833e+22
2350,-1.784e+22
3912,-1.7844e+22
5073,-1.7856e+22
2222,-1.7858e+22
644,-1.7874e+22
5197,-1.788e+22
432,-1.7885e+22
5264,-1.7896e+22
3598,-1.7904e+22
1382,-1.7908e+22
3114,-1.7916e+22
3111,-1.7917e+22
2673,-1.7917e+22
1910,-1.7918e+22
3093,-1.7921e+22
5383,-1.7927e+22
1136,-1.7928e+22
4752,-1.7935e+22
3445,-1.7941e+22
1682,-1.7942e+22
3887,-1.7945e+22
2060,-1.7954e+22
3361,-1.7955e+22
1364,-1.7957e+22
3398,-1.7961e+22
2725,-1.7973e+22
4773,-1.7982e+22
577,-1.8001e+22
989,-1.8005e+22
3113,-1.801e+22
5227,-1.8022e+22
4597,-1.8022e+22
5416,-1.8028e+22
60,-1.8035e+22
4214,-1.804e+22
2987,-1.8045e+22
145,-1.8049e+22
3153,-1.8053e+22
2132,-1.8064e+22
5192,-1.8066e+22
212,-1.807e+22
280,-1.8071e+22
3736,-1.8077e+22
1079,-1.8086e+22
993,-1.8113e+22
453,-1.8131e+22
4991,-1.8143e+22
3431,-1.8149e+22
267,-1.815e+22
848,-1.816e+22
4950,-1.8169e+22
4209,-1.817e+22
3813,-1.8174e+22
4016,-1.8178e+22
3210,-1.8191e+22
5388,-1.82e+22
5133,-1.8202e+22
3815,-1.8205e+22
4443,-1.8209e+22
4380,-1.8209e+22
5060,-1.8211e+22
3551,-1.8216e+22
74,-1.8226e+22
3552,-1.824e+22
625,-1.8245e+22
3654,-1.8245e+22
3632,-1.8248e+22
1402,-1.826e+22
2746,-1.8267e+22
3168,-1.8273e+22
2423,-1.8308e+22
3193,-1.832e+22
4585,-1.8331e+22
2622,-1.8336e+22
1043,-1.8336e+22
3936,-1.8337e+22
2225,-1.8355e+22
3597,-1.8358e+22
588,-1.8364e+22
4331,-1.8374e+22
3691,-1.8378e+22
5287,-1.8381e+22
5508,-1.8398e+22
2358,-1.8434e+22
1153,-1.8439e+22
1400,-1.8441e+22
3717,-1.8447e+22
1324,-1.845e+22
1267,-1.8476e+22
5158,-1.8483e+22
2323,-1.8485e+22
3841,-1.8489e+22
1855,-1.8495e+22
2772,-1.8505e+22
1670,-1.8508e+22
1276,-1.8515e+22
2614,-1.8516e+22
803,-1.8516e+22
3562,-1.852e+22
4244,-1.8522e+22
925,-1.853e+22
2241,-1.8533e+22
4318,-1.8533e+22
2872,-1.8537e+22
1218,-1.8551e+22
29,-1.8562e+22
2999,-1.8573e+22
1857,-1.8575e+22
5149,-1.8579e+22
5578,-1.858e+22
2244,-1.8585e+22
2226,-1.8604e+22
1900,-1.8651e+22
2292,-1.8653e+22
384,-1.8655e+22
906,-1.8667e+22
688,-1.867e+22
5513,-1.8685e+22
2122,-1.8691e+22
5102,-1.8696e+22
3757,-1.8704e+22
5577,-1.8711e+22
3905,-1.8727e+22
2076,-1.8731e+22
3508,-1.8733e+22
5385,-1.8746e+22
1514,-1.875e+22
5353,-1.8752e+22
2991,-1.8752e+22
757,-1.8759e+22
2113,-1.8766e+22
584,-1.8769e+22
4574,-1.8778e+22
3053,-1.8785e+22
1028,-1.8797e+22
5560,-1.8798e+22
304,-1.8806e+22
5400,-1.8811e+22
2828,-1.8822e+22
2798,-1.8823e+22
4742,-1.8823e+22
617,-1.8826e+22
635,-1.8839e+22
1842,-1.8841e+22
1707,-1.8844e+22
981,-1.8847e+22
3544,-1.8848e+22
2111,-1.886e+22
908,-1.8867e+22
420,-1.8867e+22
2944,-1.8869e+22
4303,-1.887e+22
5153,-1.8875e+22
3535,-1.8877e+22
5368,-1.8894e+22
4442,-1.8894e+22
3829,-1.8895e+22
3814,-1.8895e+22
3448,-1.8909e+22
4383,-1.8913e+22
1127,-1.8929e+22
4118,-1.8934e+22
3728,-1.8942e+22
2556,-1.8947e+22
5466,-1.895e+22
286,-1.8953e+22
2447,-1.8956e+22
4877,-1.8966e+22
2242,-1.8971e+22
618,-1.8974e+22
871,-1.8992e+22
3961,-1.8997e+22
5311,-1.9001e+22
1423,-1.9004e+22
2885,-1.9008e+22
1697,-1.9012e+22
2941,-1.9028e+22
4455,-1.9044e+22
955,-1.9047e+22
2406,-1.9047e+22
3724,-1.9054e+22
3201,-1.9055e+22
540,-1.9057e+22
3020,-1.9069e+22
4867,-1.907e+22
370,-1.9076e+22
5515,-1.9106e+22
2098,-1.9107e+22
4289,-1.912e+22
1388,-1.9126e+22
4527,-1.9143e+22
1082,-1.9148e+22
4004,-1.9148e+22
3491,-1.9152e+22
1583,-1.9155e+22
2220,-1.9158e+22
151,-1.9158e+22
533,-1.9163e+22
1572,-1.9177e+22
1739,-1.9183e+22
2652,-1.9183e+22
5441,-1.9209e+22
1268,-1.9215e+22
5428,-1.9223e+22
1748,-1.9225e+22
1725,-1.9235e+22
2586,-1.9237e+22
154,-1.9244e+22
2092,-1.9257e+22
1615,-1.9268e+22
2275,-1.9277e+22
5222,-1.9299e+22
2699,-1.9308e+22
1,-1.9311e+22
1333,-1.9323e+22
1376,-1.9331e+22
1233,-1.9354e+22
933,-1.9359e+22
3229,-1.9366e+22
2903,-1.9383e+22
918,-1.9389e+22
5188,-1.9411e+22
4696,-1.9412e+22
99,-1.9413e+22
92,-1.9415e+22
1359,-1.9417e+22
1736,-1.942e+22
5254,-1.9423e+22
5047,-1.9435e+22
1654,-1.9442e+22
868,-1.9444e+22
3474,-1.9446e+22
2185,-1.9449e+22
2149,-1.9457e+22
2636,-1.9458e+22
1203,-1.947e+22
2438,-1.9472e+22
3058,-1.9476e+22
245,-1.9477e+22
2280,-1.948e+22
5097,-1.9486e+22
5200,-1.9496e+22
3081,-1.95e+22
1165,-1.9504e+22
22,-1.9511e+22
4514,-1.953e+22
653,-1.9551e+22
5291,-1.9565e+22
3242,-1.9571e+22
2800,-1.9576e+22
3375,-1.9584e+22
4981,-1.9593e+22
3141,-1.9615e+22
4825,-1.9656e+22
2771,-1.9659e+22
2962,-1.9663e+22
1621,-1.9664e+22
4437,-1.9672e+22
812,-1.9691e+22
3907,-1.9711e+22
2361,-1.9718e+22
4831,-1.972e+22
1451,-1.9722e+22
882,-1.9725e+22
5154,-1.974e+22
3653,-1.9783e+22
3644,-1.9783e+22
645,-1.9791e+22
5521,-1.9799e+22
605,-1.9805e+22
208,-1.9839e+22
4227,-1.9839e+22
468,-1.9842e+22
2288,-1.9846e+22
2435,-1.9879e+22
113,-1.9886e+22
2976,-1.9901e+22
4054,-1.9912e+22
4415,-1.9923e+22
2247,-1.9932e+22
830,-1.9939e+22
2281,-1.9946e+22
4736,-1.9949e+22
4170,-1.9967e+22
320,-1.9973e+22
2807,-1.9979e+22
1972,-1.9982e+22
1622,-2.0002e+22
3792,-2.0011e+22
4948,-2.0026e+22
4618,-2.0039e+22
53,-2.0042e+22
1260,-2.0053e+22
4614,-2.0066e+22
962,-2.0071e+22
4200,-2.0079e+22
3256,-2.0083e+22
1839,-2.01e+22
1574,-2.011e+22
4074,-2.0111e+22
2399,-2.0115e+22
5563,-2.0123e+22
905,-2.0136e+22
4405,-2.014e+22
1737,-2.0146e+22
684,-2.0161e+22
4715,-2.0182e+22
5506,-2.0192e+22
5397,-2.0193e+22
1587,-2.021e+22
3050,-2.0212e+22
1459,-2.0219e+22
845,-2.0223e+22
1663,-2.0232e+22
4888,-2.0238e+22
602,-2.0241e+22
3243,-2.0243e+22
3301,-2.0246e+22
5151,-2.025e+22
5384,-2.0254e+22
508,-2.0274e+22
1128,-2.0278e+22
125,-2.0294e+22
3405,-2.0295e+22
897,-2.0296e+22
1701,-2.0337e+22
2442,-2.0341e+22
3999,-2.0342e+22
3389,-2.0352e+22
1351,-2.0366e+22
2443,-2.037e+22
2426,-2.0381e+22
2121,-2.0385e+22
63,-2.0394e+22
804,-2.0404e+22
4700,-2.0443e+22
1460,-2.0446e+22
3384,-2.0447e+22
1827,-2.0451e+22
4378,-2.0458e+22
5277,-2.0459e+22
1559,-2.0459e+22
4077,-2.0463e+22
4880,-2.0468e+22
4305,-2.048e+22
4598,-2.0492e+22
1042,-2.0492e+22
901,-2.0499e+22
1542,-2.0504e+22
83,-2.0505e+22
24,-2.0507e+22
4504,-2.0509e+22
4709,-2.0525e+22
4094,-2.0533e+22
254,-2.055e+22
3523,-2.0556e+22
4234,-2.0574e+22
5049,-2.0599e+22
3464,-2.0619e+22
4569,-2.0621e+22
3152,-2.0626e+22
746,-2.0631e+22
2327,-2.064e+22
2124,-2.0668e+22
3267,-2.0685e+22
215,-2.0689e+22
3021,-2.069e+22
5122,-2.0723e+22
3137,-2.0728e+22
3652,-2.0734e+22
110,-2.0735e+22
1199,-2.0749e+22
961,-2.0752e+22
2581,-2.0757e+22
2422,-2.0759e+22
4528,-2.077e+22
1379,-2.0771e+22
3798,-2.0774e+22
1463,-2.078e+22
5458,-2.0782e+22
1711,-2.0783e+22
5106,-2.0784e+22
142,-2.0795e+22
3780,-2.0795e+22
4855,-2.0798e+22
1809,-2.0828e+22
2959,-2.0828e+22
487,-2.084e+22
2609,-2.0841e+22
4785,-2.0842e+22
5451,-2.0846e+22
4377,-2.0847e+22
3959,-2.0865e+22
5126,-2.0872e+22
4861,-2.0873e+22
1453,-2.0879e+22
3548,-2.0887e+22
995,-2.0927e+22
674,-2.0929e+22
2970,-2.0942e+22
1862,-2.0942e+22
5279,-2.0947e+22
3995,-2.0957e+22
3742,-2.0991e+22
4644,-2.0992e+22
951,-2.1007e+22
4498,-2.1009e+22
2859,-2.1014e+22
1669,-2.1015e+22
2265,-2.1021e+22
1668,-2.1026e+22
1507,-2.1046e+22
2367,-2.1051e+22
4976,-2.1058e+22
4501,-2.1075e+22
5567,-2.1075e+22
5101,-2.1078e+22
5028,-2.1078e+22
4500,-2.1108e+22
27,-2.1115e+22
2300,-2.1123e+22
4650,-2.1123e+22
220,-2.1136e+22
1422,-2.1154e+22
2043,-2.1165e+22
873,-2.1169e+22
3719,-2.1176e+22
2118,-2.1186e+22
3498,-2.1197e+22
2956,-2.1198e+22
661,-2.1212e+22
774,-2.1232e+22
4851,-2.1259e+22
3764,-2.1277e+22
3489,-2.1284e+22
2510,-2.1285e+22
407,-2.1288e+22
4887,-2.1289e+22
3345,-2.13e+22
3607,-2.1308e+22
2431,-2.1316e+22
5238,-2.1339e+22
2730,-2.1346e+22
1512,-2.1349e+22
4043,-2.135e+22
2145,-2.1364e+22
3482,-2.1367e+22
5150,-2.1368e+22
1189,-2.1379e+22
4473,-2.1381e+22
3340,-2.1396e+22
161,-2.1397e+22
498,-2.1403e+22
5260,-2.1409e+22
4080,-2.1435e+22
1884,-2.1438e+22
857,-2.1451e+22
2529,-2.1473e+22
412,-2.1488e+22
3939,-2.1492e+22
5218,-2.1497e+22
1121,-2.1501e+22
1510,-2.1506e+22
5137,-2.1511e+22
1161,-2.1526e+22
2326,-2.1544e+22
1002,-2.1564e+22
5243,-2.1564e+22
1440,-2.1578e+22
5020,-2.1605e+22
5528,-2.1616e+22
1012,-2.162e+22
2468,-2.1629e+22
5321,-2.1638e+22
2656,-2.1638e+22
3949,-2.1645e+22
2404,-2.1658e+22
4951,-2.1665e+22
711,-2.1672e+22
1005,-2.1675e+22
1565,-2.1675e+22
1824,-2.1678e+22
3102,-2.1698e+22
2997,-2.1709e+22
4201,-2.1714e+22
784,-2.1742e+22
136,-2.1748e+22
3379,-2.1753e+22
1180,-2.1754e+22
3564,-2.1759e+22
1146,-2.1771e+22
838,-2.1775e+22
3254,-2.1776e+22
2904,-2.178e+22
2213,-2.1786e+22
1655,-2.179e+22
2816,-2.1796e+22
3536,-2.181e+22
2382,-2.1828e+22
4196,-2.1863e+22
4257,-2.187e+22
927,-2.1889e+22
4746,-2.1896e+22
3665,-2.1902e+22
2453,-2.1909e+22
5484,-2.1912e+22
3714,-2.1929e+22
1603,-2.193e+22
4777,-2.1933e+22
5438,-2.195e+22
811,-2.1969e+22
3472,-2.1969e+22
4506,-2.1977e+22
5493,-2.1978e+22
2886,-2.1979e+22
4791,-2.1984e+22
4221,-2.1996e+22
3969,-2.2e+22
1299,-2.2001e+22
461,-2.2012e+22
2783,-2.2018e+22
3132,-2.2022e+22
1618,-2.2035e+22
5313,-2.2035e+22
3324,-2.2043e+22
2671,-2.2049e+22
1815,-2.205e+22
5583,-2.2055e+22
2747,-2.2061e+22
4342,-2.2068e+22
126,-2.2096e+22
5043,-2.2106e+22
1486,-2.212e+22
1187,-2.2129e+22
4689,-2.2132e+22
103,-2.2139e+22
3699,-2.214e+22
5547,-2.2157e+22
1699,-2.2172e+22
4368,-2.2184e+22
2417,-2.2206e+22
1038,-2.221e+22
107,-2.2211e+22
2754,-2.2213e+22
3898,-2.2215e+22
1035,-2.222e+22
5310,-2.2222e+22
1048,-2.2222e+22
3374,-2.2288e+22
799,-2.2294e+22
2371,-2.2299e+22
415,-2.2317e+22
4541,-2.2321e+22
5414,-2.2336e+22
1133,-2.2338e+22
2239,-2.234e+22
3365,-2.2344e+22
1016,-2.2363e+22
1679,-2.2367e+22
4914,-2.2367e+22
3633,-2.2379e+22
2217,-2.239e+22
1255,-2.239e+22
4150,-2.2407e+22
3265,-2.2416e+22
3977,-2.2417e+22
5476,-2.242e+22
650,-2.2427e+22
521,-2.2437e+22
2482,-2.2449e+22
2020,-2.2453e+22
112,-2.2456e+22
377,-2.2469e+22
2051,-2.2485e+22
3643,-2.25e+22
1620,-2.2527e+22
2658,-2.2547e+22
2411,-2.2557e+22
2012,-2.2557e+22
2120,-2.2596e+22
1997,-2.2599e+22
3045,-2.2604e+22
786,-2.2624e+22
4895,-2.2625e+22
343,-2.2634e+22
40,-2.2634e+22
2702,-2.2635e+22
2866,-2.2641e+22
2737,-2.2654e+22
1283,-2.2662e+22
3099,-2.2663e+22
494,-2.2674e+22
3216,-2.2679e+22
2567,-2.2697e+22
4441,-2.271e+22
2891,-2.2714e+22
265,-2.2724e+22
2075,-2.2752e+22
191,-2.2766e+22
1117,-2.2769e+22
1105,-2.2769e+22
1122,-2.2776e+22
4842,-2.2779e+22
5386,-2.2793e+22
1287,-2.2796e+22
1680,-2.2829e+22
914,-2.2859e+22
2415,-2.2864e+22
64,-2.2878e+22
2982,-2.2883e+22
2670,-2.2901e+22
354,-2.2902e+22
4057,-2.2921e+22
4240,-2.2929e+22
2615,-2.2932e+22
2617,-2.2933e+22
2022,-2.2934e+22
1989,-2.2939e+22
91,-2.2943e+22
3125,-2.2949e+22
2139,-2.2957e+22
1426,-2.2959e+22
1942,-2.2967e+22
4942,-2.2984e+22
3858,-2.3e+22
5361,-2.3013e+22
2209,-2.3016e+22
1593,-2.3021e+22
446,-2.3031e+22
4818,-2.3035e+22
3097,-2.3037e+22
106,-2.3049e+22
3751,-2.3061e+22
5015,-2.3071e+22
2662,-2.3076e+22
3554,-2.3117e+22
3783,-2.3121e+22
3477,-2.3125e+22
3931,-2.3136e+22
2187,-2.3138e+22
3302,-2.3141e+22
1022,-2.3145e+22
2481,-2.3166e+22
1186,-2.3174e+22
4492,-2.3182e+22
2058,-2.3186e+22
1804,-2.3198e+22
4674,-2.3203e+22
4966,-2.3233e+22
946,-2.3238e+22
5054,-2.3239e+22
1639,-2.3241e+22
5164,-2.3256e+22
1834,-2.3257e+22
141,-2.3271e+22
2383,-2.3272e+22
1069,-2.3298e+22
3818,-2.33e+22
876,-2.3333e+22
3868,-2.3338e+22
5170,-2.3338e+22
581,-2.3378e+22
1406,-2.3381e+22
3218,-2.3421e+22
2141,-2.3429e+22
1483,-2.3437e+22
3694,-2.3446e+22
5270,-2.3455e+22
2256,-2.3458e+22
242,-2.346e+22
3016,-2.3473e+22
1350,-2.3479e+22
582,-2.3479e+22
1124,-2.3484e+22
1575,-2.3486e+22
4564,-2.3488e+22
2655,-2.3493e+22
1730,-2.3507e+22
1922,-2.3515e+22
2821,-2.3517e+22
5523,-2.3526e+22
814,-2.353e+22
1625,-2.3532e+22
3781,-2.3535e+22
4672,-2.3535e+22
3576,-2.3547e+22
2743,-2.3565e+22
2627,-2.3587e+22
4849,-2.3588e+22
1543,-2.3589e+22
4166,-2.3594e+22
1916,-2.3612e+22
1529,-2.3622e+22
4747,-2.3643e+22
2498,-2.3645e+22
1674,-2.3648e+22
609,-2.3655e+22
3436,-2.3694e+22
2862,-2.3711e+22
104,-2.3716e+22
282,-2.3718e+22
5294,-2.3741e+22
4732,-2.3766e+22
1029,-2.3768e+22
5475,-2.3786e+22
3519,-2.379e+22
2296,-2.38e+22
4025,-2.38e+22
5138,-2.381e+22
4829,-2.3828e+22
72,-2.383e+22
1840,-2.3835e+22
438,-2.3836e+22
1767,-2.3846e+22
1611,-2.385e+22
1482,-2.3854e+22
3468,-2.3864e+22
673,-2.3889e+22
484,-2.389e+22
348,-2.391e+22
755,-2.3917e+22
1008,-2.3931e+22
1053,-2.3949e+22
4767,-2.3951e+22
5479,-2.3959e+22
3238,-2.398e+22
4912,-2.3982e+22
5272,-2.399e+22
1686,-2.3997e+22
3929,-2.3997e+22
2696,-2.4017e+22
561,-2.4036e+22
3662,-2.4046e+22
2660,-2.4069e+22
2710,-2.4075e+22
1413,-2.4083e+22
1492,-2.4086e+22
3187,-2.4087e+22
2338,-2.4095e+22
1576,-2.4097e+22
4359,-2.4097e+22
672,-2.4111e+22
4526,-2.4123e+22
2089,-2.4142e+22
583,-2.4178e+22
2542,-2.4181e+22
2781,-2.4208e+22
2063,-2.4212e+22
2790,-2.422e+22
2965,-2.4222e+22
1755,-2.424e+22
3392,-2.4242e+22
1833,-2.4259e+22
1026,-2.4268e+22
4608,-2.4277e+22
5044,-2.4278e+22
5413,-2.4292e+22
4992,-2.4293e+22
3230,-2.4293e+22
4448,-2.4335e+22
5324,-2.4338e+22
1880,-2.4346e+22
3998,-2.4346e+22
2589,-2.4347e+22
4940,-2.4351e+22
5148,-2.4356e+22
2563,-2.4358e+22
3885,-2.438e+22
2136,-2.4391e+22
4202,-2.4397e+22
2977,-2.4409e+22
3634,-2.441e+22
531,-2.4411e+22
2534,-2.4413e+22
3669,-2.4427e+22
2779,-2.4435e+22
4345,-2.4437e+22
2203,-2.4438e+22
7,-2.445e+22
4314,-2.445e+22
4400,-2.4466e+22
4946,-2.4472e+22
1322,-2.4478e+22
2957,-2.4499e+22
1678,-2.4501e+22
5211,-2.4503e+22
919,-2.4504e+22
4693,-2.4504e+22
2259,-2.4507e+22
4723,-2.4511e+22
4434,-2.4525e+22
1049,-2.453e+22
3428,-2.4546e+22
3671,-2.4561e+22
4063,-2.4573e+22
4550,-2.4574e+22
3888,-2.4586e+22
1244,-2.4591e+22
5098,-2.4594e+22
5087,-2.4611e+22
1391,-2.4612e+22
1310,-2.4613e+22
66,-2.4614e+22
3172,-2.4614e+22
2214,-2.4631e+22
1869,-2.4636e+22
3144,-2.4657e+22
3283,-2.4677e+22
5224,-2.4713e+22
4306,-2.4717e+22
1072,-2.4718e+22
2168,-2.4724e+22
390,-2.4737e+22
5471,-2.4756e+22
5337,-2.4771e+22
5006,-2.4772e+22
1266,-2.4791e+22
1034,-2.4805e+22
2733,-2.4813e+22
2385,-2.4828e+22
3171,-2.4832e+22
4140,-2.4843e+22
3619,-2.4845e+22
5183,-2.4862e+22
1278,-2.4873e+22
204,-2.4894e+22
2560,-2.4963e+22
1155,-2.4972e+22
1937,-2.4976e+22
2330,-2.4983e+22
5364,-2.5015e+22
2825,-2.502e+22
2732,-2.5021e+22
2928,-2.5024e+22
654,-2.5062e+22
3197,-2.5081e+22
5256,-2.5087e+22
4654,-2.5099e+22
3303,-2.5103e+22
4837,-2.5115e+22
2062,-2.5131e+22
559,-2.5174e+22
3118,-2.5196e+22
3501,-2.5205e+22
5498,-2.5217e+22
3588,-2.5254e+22
5114,-2.5266e+22
2738,-2.5273e+22
2449,-2.5294e+22
4910,-2.5316e+22
1504,-2.5321e+22
2986,-2.5324e+22
1416,-2.5326e+22
823,-2.5336e+22
2762,-2.5344e+22
4103,-2.535e+22
3521,-2.5356e+22
3173,-2.5363e+22
2114,-2.5364e+22
1045,-2.5367e+22
2253,-2.5387e+22
5535,-2.5388e+22
87,-2.5398e+22
2033,-2.5405e+22
2592,-2.5423e+22
1168,-2.5461e+22
4195,-2.5463e+22
3761,-2.5485e+22
3739,-2.5489e+22
954,-2.549e+22
5261,-2.5494e+22
287,-2.5505e+22
1846,-2.5511e+22
293,-2.5515e+22
1949,-2.554e+22
3992,-2.5558e+22
3496,-2.5559e+22
243,-2.5602e+22
2678,-2.5618e+22
2369,-2.5629e+22
4701,-2.5649e+22
715,-2.5655e+22
5088,-2.566e+22
4358,-2.5665e+22
3005,-2.5668e+22
2623,-2.5707e+22
1932,-2.5715e+22
202,-2.5716e+22
472,-2.5721e+22
2048,-2.5727e+22
3009,-2.5733e+22
1434,-2.574e+22
5152,-2.5753e+22
5108,-2.5766e+22
5107,-2.5771e+22
1513,-2.5782e+22
2418,-2.5782e+22
976,-2.5807e+22
787,-2.581e+22
4061,-2.5835e+22
3160,-2.5844e+22
5263,-2.585e+22
4797,-2.5864e+22
5477,-2.589e+22
3737,-2.5896e+22
660,-2.59e+22
1444,-2.5907e+22
2572,-2.5916e+22
1449,-2.5955e+22
3342,-2.5984e+22
4184,-2.5985e+22
980,-2.6011e+22
855,-2.6042e+22
2918,-2.6077e+22
2039,-2.6088e+22
3981,-2.6094e+22
4535,-2.6101e+22
859,-2.6129e+22
5112,-2.6153e+22
3484,-2.6161e+22
780,-2.6175e+22
1437,-2.6185e+22
3531,-2.6185e+22
537,-2.6194e+22
3306,-2.62e+22
2380,-2.6228e+22
4311,-2.6256e+22
4296,-2.6264e+22
3086,-2.6267e+22
2806,-2.6294e+22
3795,-2.6302e+22
2929,-2.6309e+22
1417,-2.6318e+22
52,-2.6326e+22
1551,-2.6327e+22
3063,-2.6359e+22
5444,-2.6367e+22
4769,-2.6385e+22
2709,-2.6389e+22
2888,-2.6393e+22
772,-2.6406e+22
313,-2.6416e+22
5286,-2.6485e+22
426,-2.6489e+22
5531,-2.6553e+22
183,-2.6563e+22
721,-2.6563e+22
819,-2.6574e+22
822,-2.6593e+22
4656,-2.6602e+22
3727,-2.6603e+22
4743,-2.6613e+22
2138,-2.6637e+22
2588,-2.6648e+22
4216,-2.6653e+22
4158,-2.6665e+22
809,-2.6665e+22
3083,-2.6673e+22
5568,-2.6681e+22
1738,-2.6681e+22
5363,-2.6691e+22
2675,-2.672e+22
1928,-2.6731e+22
2143,-2.6744e+22
454,-2.6749e+22
3533,-2.6764e+22
949,-2.6768e+22
2659,-2.6771e+22
837,-2.6774e+22
3146,-2.6774e+22
5089,-2.6786e+22
5570,-2.6814e+22
2105,-2.6855e+22
670,-2.6869e+22
3378,-2.6886e+22
1973,-2.6906e+22
4772,-2.6934e+22
1968,-2.6938e+22
1111,-2.695e+22
5474,-2.695e+22
1458,-2.6959e+22
1613,-2.6979e+22
501,-2.7012e+22
1401,-2.7015e+22
4468,-2.705e+22
1097,-2.7054e+22
121,-2.7059e+22
261,-2.7073e+22
1719,-2.7082e+22
2351,-2.714e+22
3075,-2.7149e+22
5546,-2.7152e+22
5480,-2.7171e+22
486,-2.7209e+22
11,-2.7222e+22
39,-2.7234e+22
2474,-2.7234e+22
2676,-2.7261e+22
346,-2.7303e+22
284,-2.7304e+22
1930,-2.734e+22
4144,-2.7346e+22
568,-2.7374e+22
37,-2.7417e+22
3991,-2.7455e+22
5292,-2.7458e+22
2718,-2.7486e+22
3603,-2.7495e+22
4620,-2.7541e+22
849,-2.7545e+22
691,-2.7545e+22
1975,-2.7624e+22
2254,-2.7671e+22
452,-2.7684e+22
3910,-2.7685e+22
5404,-2.7718e+22
1552,-2.7719e+22
2133,-2.7782e+22
3039,-2.7802e+22
2550,-2.7821e+22
4363,-2.7833e+22
2810,-2.7843e+22
2200,-2.7858e+22
3706,-2.788e+22
1152,-2.7896e+22
1446,-2.7898e+22
1354,-2.7899e+22
4908,-2.7899e+22
5141,-2.7948e+22
3492,-2.8065e+22
5376,-2.8095e+22
2212,-2.8109e+22
71,-2.8114e+22
4452,-2.8123e+22
3304,-2.8126e+22
5125,-2.8132e+22
1792,-2.8157e+22
3621,-2.817e+22
1934,-2.8191e+22
2739,-2.8195e+22
429,-2.8256e+22
3916,-2.8261e+22
3443,-2.8261e+22
4126,-2.8263e+22
687,-2.8267e+22
709,-2.8303e+22
913,-2.8334e+22
4355,-2.8347e+22
3279,-2.8348e+22
485,-2.8368e+22
4599,-2.843e+22
418,-2.8502e+22
4516,-2.8544e+22
2532,-2.8555e+22
5520,-2.856e+22
1592,-2.8574e+22
1887,-2.8589e+22
2154,-2.8653e+22
4164,-2.8676e+22
5017,-2.8689e+22
5554,-2.8778e+22
1235,-2.8789e+22
754,-2.8854e+22
5495,-2.8884e+22
2964,-2.8909e+22
2653,-2.8932e+22
4481,-2.899e+22
3388,-2.9019e+22
3419,-2.9072e+22
3934,-2.9086e+22
2335,-2.9114e+22
430,-2.9116e+22
4635,-2.921e+22
616,-2.9213e+22
1315,-2.9247e+22
1363,-2.934e+22
3808,-2.9368e+22
1830,-2.9405e+22
1421,-2.9472e+22
1843,-2.9518e+22
86,-2.9526e+22
3749,-2.9539e+22
2940,-2.9567e+22
1070,-2.9591e+22
1905,-2.961e+22
3296,-2.9616e+22
4683,-2.9654e+22
221,-2.966e+22
1787,-2.9707e+22
3203,-2.9735e+22
598,-2.9801e+22
2394,-2.9967e+22
3923,-2.9979e+22
3610,-3.0053e+22
778,-3.007e+22
4737,-3.0106e+22
2817,-3.0208e+22
4641,-3.0208e+22
2687,-3.0303e+22
5461,-3.0412e+22
1093,-3.0433e+22
2458,-3.0509e+22
2540,-3.0776e+22
4351,-3.0813e+22
2080,-3.0853e+22
296,-3.0899e+22
1338,-3.0928e+22
3891,-3.0928e+22
1723,-3.1123e+22
1150,-3.146e+22
2682,-3.1471e+22
3280,-3.1492e+22
2936,-3.1567e+22
3206,-3.1585e+22
4138,-3.194e+22
1383,-3.2054e+22
3278,-3.215e+22
3560,-3.2235e+22
657,-3.4228e+22
