6.112e-11
1647
1684.4
6.112e-11
0.0010609
0.0005461
1651.6
6.112e-11
6.112e-11
0.00083943
6.112e-11
2997
6.112e-11
6.112e-11
684.89
0.00091814
1036.9
6.112e-11
6.112e-11
6.112e-11
6.112e-11
507.91
0.00075981
6.112e-11
6.112e-11
0.00034617
0.00053879
6.112e-11
6.112e-11
6.112e-11
6.112e-11
6.112e-11
6.112e-11
0.00042451
6.112e-11
1471.3
6.112e-11
6.112e-11
0.00026752
6.112e-11
0.00038645
6.112e-11
6.112e-11
657.81
1843.6
0.00026839
6.112e-11
0.00052361
1707.1
6.112e-11
6.112e-11
6.112e-11
6.112e-11
6.112e-11
6.112e-11
6.112e-11
0.00059511
6.112e-11
6.112e-11
0.00066495
1329
6.112e-11
0.00070257
0.0023076
6.112e-11
693.71
6.112e-11
6.112e-11
6.112e-11
2798.1
6.112e-11
6.112e-11
0.00049115
0.00071886
1122.5
6.112e-11
1256.4
6.112e-11
6.112e-11
6.112e-11
6.112e-11
6.112e-11
736.53
6.112e-11
6.112e-11
1323
6.112e-11
6.112e-11
6.112e-11
6.112e-11
0.00056341
6.112e-11
6.112e-11
1271.4
0.0009803
953.09
6.112e-11
6.112e-11
6.112e-11
6.112e-11
2785.9
1162.2
1428.3
6.112e-11
1132.8
6.112e-11
6.112e-11
6.112e-11
0.00060124
6.112e-11
6.112e-11
1463.4
6.112e-11
6.112e-11
1327.6
6.112e-11
6.112e-11
1509.4
6.112e-11
6.112e-11
0.00064909
6.112e-11
6.112e-11
6.112e-11
0.0025102
0.0016678
0.00075905
793.09
0.00059037
0.00044088
6.112e-11
1581.1
6.112e-11
0.0013171
0.0018773
6.112e-11
6.112e-11
6.112e-11
6.112e-11
0.00026806
1091.9
6.112e-11
6.112e-11
0.00044534
0.00083801
6.112e-11
0.0010048
6.112e-11
6.112e-11
1195.4
2033.3
2100.8
6.112e-11
0.00070899
0.0018813
0.0002778
6.112e-11
1117.7
6.112e-11
6.112e-11
6.112e-11
778.87
0.00024986
0.00041603
6.112e-11
6.112e-11
0.00012057
6.112e-11
6.112e-11
6.112e-11
3355.8
710.67
1718
466.2
6.112e-11
6.112e-11
555.27
6.112e-11
0.00016828
0.00047211
6.112e-11
6.112e-11
6.112e-11
6.112e-11
6.112e-11
6.112e-11
524.14
0.00049932
689.34
6.112e-11
6.112e-11
1005.9
6.112e-11
0.00029332
1456.7
6.112e-11
0.00098791
1964.2
6.112e-11
6.112e-11
0.00059301
6.112e-11
0.00099719
6.112e-11
6.112e-11
718.43
0.00031715
0.00033578
0.00057437
637.99
1023.2
487.48
6.112e-11
0.00049634
6.112e-11
6.112e-11
6.112e-11
0.00032932
0.00056087
6.112e-11
6.112e-11
0.00045972
893
909.85
0.00059861
0.00032288
6.112e-11
447.95
6.112e-11
6.112e-11
6.112e-11
0.00051664
815.44
6.112e-11
6.112e-11
6.112e-11
6.112e-11
6.112e-11
646.78
0.00041993
6.112e-11
6.112e-11
6.112e-11
6.112e-11
6.112e-11
0.00065617
6.112e-11
6.112e-11
757.88
0.00047286
6.112e-11
6.112e-11
6.112e-11
6.112e-11
715.43
6.112e-11
0.00040061
0.0001514
6.112e-11
785.21
6.112e-11
1444
0.0011489
679.85
1657.7
6.112e-11
6.112e-11
407.66
6.112e-11
653.55
1360.1
6.112e-11
703.64
6.112e-11
6.112e-11
0.00053307
839.15
6.112e-11
1562.9
6.112e-11
0.00050684
742.04
0.00047723
1096.5
6.112e-11
6.112e-11
6.112e-11
6.112e-11
458.43
0.00022718
6.112e-11
0.00052652
488.88
470.29
1093.7
719.03
914.55
6.112e-11
6.112e-11
6.112e-11
0.00043038
6.112e-11
6.112e-11
1933.3
1768
6.112e-11
6.112e-11
6.112e-11
0.00045604
6.112e-11
6.112e-11
899.35
1216.8
6.112e-11
659.16
6.112e-11
6.112e-11
0.00049601
6.112e-11
6.112e-11
1040
6.112e-11
567.94
6.112e-11
912.51
0.00036422
0.00097746
931.96
0.00020657
6.112e-11
0.00031798
6.112e-11
6.112e-11
0.00025555
0.00022106
0.0014769
1936.8
863.49
1935
0.00030171
6.112e-11
0.00021173
6.112e-11
0.00056826
6.112e-11
6.112e-11
6.112e-11
0.00034164
1094.4
1479
1341.6
6.112e-11
6.112e-11
6.112e-11
1402
0.0010144
1746.3
6.112e-11
6.112e-11
1766.7
6.112e-11
0.00050881
1081.6
6.112e-11
0.00060403
6.112e-11
0.0010718
6.112e-11
1391
0.00023969
6.112e-11
6.112e-11
6.112e-11
6.112e-11
6.112e-11
0.00050915
6.112e-11
371.57
527.96
6.112e-11
1021.9
6.112e-11
6.112e-11
6.112e-11
6.112e-11
900.36
6.112e-11
6.112e-11
6.112e-11
6.112e-11
1244.3
6.112e-11
6.112e-11
6.112e-11
0.0010799
0.00042188
6.112e-11
6.112e-11
6.112e-11
6.112e-11
6.112e-11
0.00042673
6.112e-11
660.8
1061.9
0.0004339
480.61
1842.2
6.112e-11
6.112e-11
6.112e-11
6.112e-11
6.112e-11
0.0004735
6.112e-11
0.0010264
6.112e-11
6.112e-11
6.112e-11
0.00087464
0.00048957
0.00051142
6.112e-11
0.00057149
0.0015881
566.71
6.112e-11
0.00025627
0.0002432
6.112e-11
745.8
6.112e-11
6.112e-11
6.112e-11
0.00023661
6.112e-11
1045.9
6.112e-11
6.112e-11
6.112e-11
0.00097295
2367.3
6.112e-11
6.112e-11
804.92
6.112e-11
0.00061534
571.24
6.112e-11
0.00018397
3328.7
0.00048088
6.112e-11
528.29
0.00217
758.78
0.00057836
6.112e-11
0.00079968
6.112e-11
569.62
6.112e-11
6.112e-11
6.112e-11
6.112e-11
6.112e-11
0.00057485
994.45
6.112e-11
516.32
6.112e-11
563.09
446.27
0.00041827
0.00061239
0.00068542
0.00078782
0.00048249
6.112e-11
6.112e-11
392.31
0.00028414
6.112e-11
0.00056547
415.79
6.112e-11
1947.3
1762.9
6.112e-11
823.56
6.112e-11
6.112e-11
6.112e-11
1044.5
6.112e-11
0.00049768
6.112e-11
1349.9
691.53
6.112e-11
0.00023464
6.112e-11
0.00092526
6.112e-11
6.112e-11
6.112e-11
6.112e-11
0.00038404
0.00048366
0.00031423
549.94
6.112e-11
749.86
838.72
738.18
6.112e-11
960.95
6.112e-11
6.112e-11
0.00019927
6.112e-11
0.00024718
6.112e-11
6.112e-11
6.112e-11
964.56
6.112e-11
396.29
6.112e-11
6.112e-11
6.112e-11
675.88
0.00040838
6.112e-11
6.112e-11
6.112e-11
6.112e-11
6.112e-11
1192.1
1231.2
6.112e-11
6.112e-11
1831
6.112e-11
1000.2
0.00042101
491.69
6.112e-11
0.000171
6.112e-11
6.112e-11
6.112e-11
1471.9
6.112e-11
6.112e-11
0.00060306
0.00028878
6.112e-11
6.112e-11
6.112e-11
1415.6
6.112e-11
1678.5
6.112e-11
0.00019722
0.0011851
0.00044131
6.112e-11
6.112e-11
763.13
1702.2
6.112e-11
6.112e-11
697.12
6.112e-11
6.112e-11
0.0010638
6.112e-11
6.112e-11
0.00049585
6.112e-11
6.112e-11
6.112e-11
6.112e-11
0.00048649
2132.9
654.1
1153.2
543.06
1745.8
6.112e-11
6.112e-11
421.82
0.00038014
3662.9
0.00073089
6.112e-11
1627
0.00035112
6.112e-11
522.49
6.112e-11
0.00025334
6.112e-11
6.112e-11
0.00057318
793.64
1845.7
6.112e-11
650.59
6.112e-11
0.00035123
1084.2
6.112e-11
6.112e-11
740.55
6.112e-11
1229.4
0.00035965
6.112e-11
6.112e-11
6.112e-11
311.15
932.43
1225.5
6.112e-11
6.112e-11
6.112e-11
777.47
6.112e-11
6.112e-11
410.01
6.112e-11
6.112e-11
6.112e-11
6.112e-11
0.00029728
0.00061523
1100.9
6.112e-11
6.112e-11
0.00026671
6.112e-11
6.112e-11
0.00051521
1248.1
6.112e-11
1585.5
6.112e-11
6.112e-11
6.112e-11
801.57
322.76
6.112e-11
6.112e-11
6.112e-11
758.26
0.0010104
0.00010687
1731.7
0.00053828
0.00027096
854.76
6.112e-11
6.112e-11
740.13
6.112e-11
0.00063835
607.14
6.112e-11
1111
1622.4
6.112e-11
6.112e-11
6.112e-11
6.112e-11
0.00026791
6.112e-11
6.112e-11
0.00058884
1981.8
0.00059938
6.112e-11
969.97
715.67
6.112e-11
6.112e-11
0.00062056
6.112e-11
0.00038996
6.112e-11
773.17
1217.8
6.112e-11
6.112e-11
1430.5
6.112e-11
579.67
0.00063765
0.00023645
1413.5
6.112e-11
654.16
921.24
0.00020849
0.00023147
1274.7
0.00068767
6.112e-11
0.00050365
6.112e-11
6.112e-11
6.112e-11
6.112e-11
6.112e-11
6.112e-11
6.112e-11
479.28
964.14
6.112e-11
6.112e-11
1059.1
6.112e-11
6.112e-11
6.112e-11
6.112e-11
0.00027812
6.112e-11
6.112e-11
1123.1
6.112e-11
2593.4
0.00037984
6.112e-11
6.112e-11
6.112e-11
6.112e-11
0.00047797
6.112e-11
6.112e-11
654.65
1231.5
593.87
6.112e-11
1155.9
6.112e-11
6.112e-11
6.112e-11
0.00038014
824.85
778.62
6.112e-11
584.35
0.00051286
798.55
6.112e-11
6.112e-11
6.112e-11
6.112e-11
1018.3
6.112e-11
6.112e-11
6.112e-11
0.00035351
6.112e-11
6.112e-11
6.112e-11
0.00090972
577.28
1272.5
862.59
0.00016076
6.112e-11
6.112e-11
6.112e-11
0.00061049
6.112e-11
6.112e-11
6.112e-11
6.112e-11
747.35
6.112e-11
0.00018482
6.112e-11
0.00044612
6.112e-11
6.112e-11
6.112e-11
1025.5
809.23
0.00037041
6.112e-11
1419.9
6.112e-11
6.112e-11
6.112e-11
6.112e-11
6.112e-11
446.48
0.00025711
6.112e-11
0.000405
1354.6
6.112e-11
6.112e-11
6.112e-11
6.112e-11
1502.1
6.112e-11
6.112e-11
6.112e-11
0.0003283
6.112e-11
2231.6
6.112e-11
6.112e-11
911.95
1344.3
0.0003899
0.00020497
0.00029048
6.112e-11
6.112e-11
6.112e-11
892.45
1314.2
6.112e-11
6.112e-11
6.112e-11
6.112e-11
792.66
6.112e-11
0.00079494
6.112e-11
6.112e-11
6.112e-11
1607.1
6.112e-11
0.00027666
6.112e-11
6.112e-11
747.79
1336.6
0.00017462
433.99
6.112e-11
6.112e-11
2238.9
1125.5
0.00088911
782.58
6.112e-11
1687.3
3296.3
6.112e-11
1028.9
6.112e-11
6.112e-11
910.97
6.112e-11
6.112e-11
6.112e-11
6.112e-11
0.00064379
430.24
2291.8
6.112e-11
6.112e-11
0.00092434
1937.5
6.112e-11
476.2
6.112e-11
1236.9
691.23
6.112e-11
0.00027627
6.112e-11
0.00050128
2147.3
6.112e-11
6.112e-11
6.112e-11
6.112e-11
0.0012458
1269.7
2269.2
1332.7
6.112e-11
0.00025089
6.112e-11
6.112e-11
561.81
0.00019221
841.89
2374.5
6.112e-11
753.5
0.00041444
6.112e-11
976.04
875.05
6.112e-11
6.112e-11
792.66
926.27
557.32
6.112e-11
0.00029868
6.112e-11
6.112e-11
6.112e-11
747.25
6.112e-11
0.0004125
1401.6
6.112e-11
6.112e-11
6.112e-11
0.00029625
6.112e-11
567.57
6.112e-11
6.112e-11
671.22
6.112e-11
6.112e-11
6.112e-11
0.00028502
0.00084121
6.112e-11
0.00053536
6.112e-11
731.2
0.00028524
741.96
0.0024572
6.112e-11
6.112e-11
6.112e-11
0.00049922
0.00059712
0.00093061
6.112e-11
686.92
6.112e-11
321.44
1875.3
6.112e-11
6.112e-11
6.112e-11
6.112e-11
0.00038642
910.93
0.00024015
6.112e-11
6.112e-11
6.112e-11
0.00073216
6.112e-11
498.78
6.112e-11
0.0010651
0.00029434
1780.3
6.112e-11
749.19
6.112e-11
6.112e-11
1684.4
861.81
6.112e-11
1630.7
6.112e-11
384.46
6.112e-11
866.37
416.29
6.112e-11
6.112e-11
6.112e-11
6.112e-11
1401.8
936.96
810.3
6.112e-11
0.00032164
6.112e-11
6.112e-11
434.54
0.00092533
0.00040397
0.00032127
6.112e-11
6.112e-11
0.00011621
532.81
0.00051211
6.112e-11
6.112e-11
6.112e-11
6.112e-11
849.52
407.02
6.112e-11
1564.9
1177.8
6.112e-11
0.00034512
6.112e-11
6.112e-11
6.112e-11
0.00055472
0.00033467
6.112e-11
552.13
6.112e-11
1374
6.112e-11
993.42
471.41
468.38
6.112e-11
6.112e-11
516.56
2010.1
947.61
6.112e-11
823.25
683.72
6.112e-11
6.112e-11
6.112e-11
0.00034943
1195.2
1356.8
0.00057144
6.112e-11
6.112e-11
0.00031809
6.112e-11
6.112e-11
0.00066295
1158.2
6.112e-11
1750.7
6.112e-11
0.00049233
6.112e-11
6.112e-11
0.00087596
6.112e-11
6.112e-11
376.88
6.112e-11
6.112e-11
700.39
0.00059726
1074.7
6.112e-11
2953.8
6.112e-11
563.8
6.112e-11
1309.8
6.112e-11
6.112e-11
6.112e-11
6.112e-11
6.112e-11
1825.9
1246.3
6.112e-11
1850.2
1079.3
530.52
885.39
540.53
6.112e-11
1107.1
6.112e-11
6.112e-11
671.22
0.00032163
1293.3
0.00018989
0.00048375
6.112e-11
744.46
6.112e-11
0.00027353
854.51
6.112e-11
0.00075277
6.112e-11
6.112e-11
6.112e-11
6.112e-11
827.03
644.15
6.112e-11
618.8
6.112e-11
6.112e-11
6.112e-11
0.00048809
2335.5
800.66
0.00044814
6.112e-11
0.00027384
6.112e-11
0.00018522
6.112e-11
869.15
6.112e-11
6.112e-11
1295.2
6.112e-11
6.112e-11
0.0009708
0.00035877
6.112e-11
6.112e-11
6.112e-11
0.00041163
6.112e-11
6.112e-11
6.112e-11
6.112e-11
6.112e-11
741.62
980.86
0.00027777
850.6
1432.1
6.112e-11
0.00092026
0.00090506
6.112e-11
637.93
628.32
1288.7
6.112e-11
0.00025166
6.112e-11
1172.2
491.55
6.112e-11
241.03
6.112e-11
1212.5
6.112e-11
6.112e-11
661.32
705.72
6.112e-11
6.112e-11
1298.9
941.19
889.01
6.112e-11
6.112e-11
740.78
1138
283.66
1370.3
0.00044429
6.112e-11
0.0003616
6.112e-11
791.02
6.112e-11
6.112e-11
2095.9
6.112e-11
1403.6
1591.1
6.112e-11
0.00017906
0.00089446
6.112e-11
3898.3
0.001268
0.00072334
6.112e-11
6.112e-11
6.112e-11
0.0011239
0.00027568
1690.9
6.112e-11
731.21
6.112e-11
6.112e-11
350.79
0.00074446
6.112e-11
1494.6
6.112e-11
786.13
6.112e-11
3275.9
6.112e-11
1621.5
6.112e-11
6.112e-11
6.112e-11
6.112e-11
902.94
851.24
1857.3
6.112e-11
734.59
6.112e-11
6.112e-11
0.00054722
1269.9
704.24
6.112e-11
0.00035717
6.112e-11
2121.2
6.112e-11
786.67
6.112e-11
6.112e-11
0.0005252
6.112e-11
6.112e-11
6.112e-11
0.00024931
0.00027445
6.112e-11
6.112e-11
6.112e-11
6.112e-11
0.00033211
710.97
6.112e-11
1376.5
6.112e-11
1242.7
1178.8
843.52
946.62
6.112e-11
6.112e-11
0.00083137
6.112e-11
882.91
6.112e-11
6.112e-11
6.112e-11
1067.6
0.00023121
0.00027046
6.112e-11
6.112e-11
998.71
0.0011158
6.112e-11
6.112e-11
826.37
6.112e-11
1204.1
6.112e-11
6.112e-11
1637.9
1325.3
0.0012724
6.112e-11
6.112e-11
6.112e-11
6.112e-11
0.0018133
633.11
6.112e-11
6.112e-11
715.28
0.00021338
6.112e-11
0.00040051
904.38
6.112e-11
523.58
0.0011245
6.112e-11
6.112e-11
6.112e-11
0.00040676
473.34
1039
722.92
6.112e-11
6.112e-11
6.112e-11
6.112e-11
6.112e-11
0.00019607
6.112e-11
6.112e-11
5033
6.112e-11
0.00094526
539.82
419.67
6.112e-11
836.28
0.00023724
889.36
6.112e-11
1305.3
6.112e-11
838.54
6.112e-11
6.112e-11
0.00060246
0.0002806
1262.1
0.0001683
0.00032689
6.112e-11
1185.2
649.38
6.112e-11
541.33
0.00012375
1180.9
1296.8
0.00025426
6.112e-11
0.00062077
0.00028344
606.2
6.112e-11
804.59
6.112e-11
458.5
6.112e-11
0.00044515
0.00033629
1337.4
0.00016034
977.46
6.112e-11
6.112e-11
6.112e-11
6.112e-11
6.112e-11
0.00035966
0.00076973
823.89
6.112e-11
0.00029944
6.112e-11
6.112e-11
6.112e-11
1201.2
6.112e-11
0.00044452
6.112e-11
6.112e-11
0.00079839
6.112e-11
6.112e-11
0.00081949
713.28
1512.1
6.112e-11
6.112e-11
6.112e-11
1030.3
6.112e-11
6.112e-11
6.112e-11
6.112e-11
0.00036249
1370.6
1355.1
0.00023363
835.06
6.112e-11
0.00037491
6.112e-11
0.00071044
6.112e-11
0.00062196
257.99
6.112e-11
1178.4
6.112e-11
6.112e-11
6.112e-11
0.00037152
453.81
6.112e-11
6.112e-11
1770
0.00050053
2017.4
6.112e-11
6.112e-11
6.112e-11
6.112e-11
6.112e-11
6.112e-11
741.29
6.112e-11
6.112e-11
0.00036109
0.00044206
6.112e-11
6.112e-11
6.112e-11
0.00078032
0.00025428
6.112e-11
0.0002648
0.00032812
2363.2
0.00039728
0.00093939
786.54
0.00080583
752.74
6.112e-11
6.112e-11
0.00059058
6.112e-11
2288.1
6.112e-11
409.59
1056.7
1344.9
0.00022345
1409.4
942.04
6.112e-11
0.00043013
583.82
793.54
1487.8
571.1
6.112e-11
6.112e-11
6.112e-11
6.112e-11
6.112e-11
6.112e-11
1426.8
979.08
0.0013218
1524.3
6.112e-11
1673.4
0.00050889
0.000303
0.00027418
6.112e-11
6.112e-11
0.00028709
266.88
6.112e-11
6.112e-11
6.112e-11
620.33
6.112e-11
2039.1
6.112e-11
0.0012315
1684.1
2223.1
2182.7
0.00043206
6.112e-11
0.00072384
1159
6.112e-11
1598.2
6.112e-11
6.112e-11
6.112e-11
841
0.00046305
6.112e-11
0.00051681
6.112e-11
2207.6
624.79
0.00012398
6.112e-11
0.00039584
6.112e-11
6.112e-11
0.00026601
6.112e-11
6.112e-11
0.001111
6.112e-11
6.112e-11
6.112e-11
6.112e-11
6.112e-11
1038.5
522.45
817.65
6.112e-11
6.112e-11
0.00047869
0.0011062
6.112e-11
572.83
6.112e-11
0.00033421
6.112e-11
0.00044588
0.00039859
6.112e-11
6.112e-11
6.112e-11
6.112e-11
6.112e-11
6.112e-11
1524.4
6.112e-11
0.00049263
6.112e-11
6.112e-11
6.112e-11
6.112e-11
1762.5
0.00053458
6.112e-11
0.00039136
6.112e-11
6.112e-11
6.112e-11
1171.4
6.112e-11
6.112e-11
6.112e-11
0.0005392
6.112e-11
0.00037273
1448.1
471.65
0.00036957
6.112e-11
6.112e-11
0.00053618
6.112e-11
6.112e-11
1451.2
1234.4
763.32
1626
0.00034703
6.112e-11
6.112e-11
6.112e-11
6.112e-11
6.112e-11
6.112e-11
6.112e-11
6.112e-11
6.112e-11
911.01
6.112e-11
6.112e-11
899.94
1271.4
1386.2
6.112e-11
0.00039213
0.00068623
1265.9
0.00052881
820.56
6.112e-11
0.00077088
0.00067446
1298.4
6.112e-11
6.112e-11
0.0013634
0.0008109
948.29
6.112e-11
0.00040191
6.112e-11
6.112e-11
0.0004447
6.112e-11
6.112e-11
0.00031487
6.112e-11
6.112e-11
6.112e-11
6.112e-11
0.00027774
6.112e-11
0.00040148
6.112e-11
422.72
6.112e-11
6.112e-11
1882.2
6.112e-11
647.5
6.112e-11
0.00060032
0.00079719
6.112e-11
0.0012395
6.112e-11
0.00024636
6.112e-11
6.112e-11
6.112e-11
0.00029373
0.00030306
827.04
6.112e-11
838.09
6.112e-11
1785.5
6.112e-11
0.00096773
6.112e-11
0.00049764
0.00086941
0.00013365
0.00068241
1694.1
6.112e-11
1244.7
660.79
535.46
1003.1
0.00037904
6.112e-11
1754.3
6.112e-11
1050.5
6.112e-11
208.46
6.112e-11
0.00052826
6.112e-11
1753.2
650.81
6.112e-11
6.112e-11
0.0012844
0.00066523
6.112e-11
6.112e-11
548.53
6.112e-11
6.112e-11
6643.6
1402.2
0.00098527
0.00024325
1483.3
0.0002433
6.112e-11
6.112e-11
6.112e-11
1657.6
0.00027748
1146.1
6.112e-11
6.112e-11
1571.1
0.00028405
0.00025276
6.112e-11
1962.7
0.00040543
6.112e-11
6.112e-11
6.112e-11
6.112e-11
6.112e-11
6.112e-11
1401.3
6.112e-11
6.112e-11
1954.8
6.112e-11
0.00087548
6.112e-11
0.00094899
6.112e-11
6.112e-11
0.00059093
0.00097906
1662.7
6.112e-11
6.112e-11
6.112e-11
2345.2
784.46
0.00021217
0.00030097
0.00054251
889.2
6.112e-11
1295.9
6.112e-11
6.112e-11
361.65
0.00056814
6.112e-11
6.112e-11
6.112e-11
0.00033607
0.00054643
0.00033242
3498.4
6.112e-11
0.00073226
1028.8
0.0012603
6.112e-11
726.98
6.112e-11
599.8
902.69
0.00054928
6.112e-11
6.112e-11
609.22
403.45
0.00053324
1484.3
0.00021536
6.112e-11
1809.8
1297.7
938.4
0.0016929
6.112e-11
0.00023646
0.0022355
6.112e-11
6.112e-11
0.00075106
6.112e-11
6.112e-11
0.00031348
1098.1
0.00024214
6.112e-11
6.112e-11
6.112e-11
0.0011058
6.112e-11
6.112e-11
1290.2
0.0002355
0.00069188
6.112e-11
6.112e-11
1451.4
0.0015678
6.112e-11
6.112e-11
1414.1
948.82
6.112e-11
6.112e-11
6.112e-11
793.67
0.00029309
0.00046068
1557.9
0.00023734
2133.4
6.112e-11
810.86
915.27
902.57
6.112e-11
677.59
6.112e-11
598.42
6.112e-11
6.112e-11
6.112e-11
6.112e-11
6.112e-11
0.00066987
6.112e-11
6.112e-11
0.00091716
6.112e-11
1669.2
0.0008101
0.00027683
1119.3
6.112e-11
480.24
1267.5
0.00042061
6.112e-11
790.16
6.112e-11
1393.3
1490.4
0.00041805
6.112e-11
0.00061537
0.00034183
0.00035451
6.112e-11
6.112e-11
1573.2
3104.9
6.112e-11
6.112e-11
6.112e-11
0.00043825
1403.3
731.5
6.112e-11
6.112e-11
6.112e-11
0.00058026
209.22
1045
6.112e-11
701.94
6.112e-11
6.112e-11
0.00052539
0.0010753
0.00077759
2210.2
6.112e-11
6.112e-11
6.112e-11
0.00029118
6.112e-11
6.112e-11
6.112e-11
0.00062903
6.112e-11
0.00031669
6.112e-11
0.00029539
0.00061779
6.112e-11
6.112e-11
3544.8
6.112e-11
6.112e-11
6.112e-11
6.112e-11
6.112e-11
6.112e-11
6.112e-11
6.112e-11
2477.7
6.112e-11
0.00037346
406.99
576.62
1307.5
6.112e-11
1704.9
6.112e-11
616.5
0.0010748
1979.8
6.112e-11
0.00097456
6.112e-11
0.00051015
484.99
837.03
1135.3
0.00029218
6.112e-11
6.112e-11
6.112e-11
1222.7
6542.5
0.00071605
1115.6
1051.8
2223.8
6.112e-11
0.0011277
6.112e-11
6.112e-11
1408.4
6.112e-11
6.112e-11
6.112e-11
6.112e-11
6.112e-11
6.112e-11
1175.2
0.001314
6.112e-11
771.57
0.00034886
1282.7
6.112e-11
1371.3
965.04
6.112e-11
6.112e-11
694.05
8260.4
6.112e-11
718.14
6.112e-11
6.112e-11
0.00062708
2068.2
3727
863.77
6.112e-11
6.112e-11
0.0011572
1283
0.0008021
6.112e-11
6.112e-11
406.88
1260.1
6.112e-11
824.78
0.00026119
6.112e-11
6.112e-11
3566.5
6.112e-11
6.112e-11
6.112e-11
0.00040387
6.112e-11
6.112e-11
1952.9
0.00043726
1584.3
0.00025224
0.00026329
6.112e-11
0.00061138
6.112e-11
6.112e-11
6.112e-11
6.112e-11
6.112e-11
6.112e-11
684.66
0.00016309
0.00077933
681.53
1596.6
6.112e-11
6.112e-11
6.112e-11
6.112e-11
1258.1
1354.2
978.77
0.00019634
1556.9
6.112e-11
6.112e-11
6.112e-11
755.27
802.94
3027.9
1352.5
891.86
6.112e-11
6.112e-11
6.112e-11
6.112e-11
6.112e-11
1217.8
1637.4
6.112e-11
506.46
3164.5
858.57
374.41
6.112e-11
0.00031488
921.57
775.85
6.112e-11
0.00043594
6.112e-11
6.112e-11
650.77
0.00021638
2184.2
6.112e-11
0.00061746
816
0.0020012
6.112e-11
6.112e-11
6.112e-11
1520.3
6.112e-11
6.112e-11
996.39
550.15
6.112e-11
6.112e-11
6.112e-11
6.112e-11
0.00025375
6.112e-11
1400.9
6.112e-11
2001.6
678.37
395.13
6.112e-11
0.00024479
6.112e-11
6.112e-11
1711.3
6.112e-11
6.112e-11
0.00084944
361.45
6.112e-11
437.52
0.0004739
6.112e-11
6.112e-11
0.00017966
2514.1
1590.1
444.78
493.43
397.98
0.00033541
3294.5
983.29
735.97
6.112e-11
0.00022146
847.37
0.00073437
6.112e-11
0.00050433
394
6.112e-11
6.112e-11
2538.1
0.00057711
6.112e-11
0.00079688
6.112e-11
0.00068493
6.112e-11
1569.4
6.112e-11
6.112e-11
6.112e-11
0.0001627
6.112e-11
6.112e-11
6.112e-11
0.00087388
6.112e-11
6.112e-11
0.0008966
6.112e-11
6.112e-11
6.112e-11
6.112e-11
0.00088329
6.112e-11
6.112e-11
6.112e-11
6.112e-11
0.00058644
6.112e-11
0.00028353
6.112e-11
6.112e-11
6.112e-11
0.0001481
698.97
6.112e-11
6.112e-11
1862.9
6.112e-11
0.00029153
653.23
1537.5
558.83
518.37
6.112e-11
0.00057872
6.112e-11
6.112e-11
6.112e-11
6.112e-11
0.00048443
6.112e-11
431.86
828.83
6.112e-11
0.00042838
1305.2
6.112e-11
0.0011738
0.00044935
6.112e-11
6.112e-11
568.42
0.00052645
1533.1
449.76
6.112e-11
460.92
6.112e-11
6.112e-11
728.68
907.46
6.112e-11
0.0002192
6.112e-11
6.112e-11
6.112e-11
652.9
0.00043476
727.6
0.0010282
6.112e-11
0.00031058
6.112e-11
0.00037665
856.44
6.112e-11
6.112e-11
6.112e-11
0.00016079
657.17
6.112e-11
868.02
6.112e-11
1002.8
770.69
0.00040794
0.00019289
6.112e-11
1474
6.112e-11
6.112e-11
0.0007586
620.54
1423.2
1875.6
379.99
0.001122
865.43
6.112e-11
1280.8
0.0008711
0.00017084
6.112e-11
6.112e-11
6.112e-11
6.112e-11
6.112e-11
6.112e-11
6.112e-11
6.112e-11
0.00050535
1787.3
0.0002646
1279.2
579.57
6.112e-11
6.112e-11
6.112e-11
0.00080786
0.00040831
0.00017587
6.112e-11
0.00079949
694.26
6.112e-11
758.09
851.75
6.112e-11
6.112e-11
0.00058007
6.112e-11
0.00090677
6.112e-11
6.112e-11
500.83
6.112e-11
6.112e-11
6.112e-11
0.00060902
918.92
0.00066911
3821.7
6.112e-11
1052.6
6.112e-11
6.112e-11
0.0004263
0.00033386
0.00039382
2411.9
0.0005212
6.112e-11
569.02
6.112e-11
0.00043283
6.112e-11
328.2
6.112e-11
6.112e-11
0.00028983
6.112e-11
476.48
940.8
6.112e-11
756.71
6.112e-11
1279.7
6.112e-11
6.112e-11
0.00031592
6.112e-11
6.112e-11
1635.9
1391.4
0.00030176
6.112e-11
6.112e-11
0.00026359
635.46
6.112e-11
1865.9
5801.1
6.112e-11
1512.8
0.0011078
6.112e-11
6.112e-11
1853.8
6.112e-11
6.112e-11
707.39
0.00037693
6.112e-11
0.00038338
1005.7
6.112e-11
886.16
1570.2
6.112e-11
0.00038912
1284
1955.3
6.112e-11
6.112e-11
6.112e-11
0.00029176
500.32
1953.7
6.112e-11
675.96
6.112e-11
3153.6
1710.3
6.112e-11
558.28
0.00086904
6.112e-11
925.55
8713
0.00023041
6.112e-11
0.00057242
2383.8
6.112e-11
0.00034613
6.112e-11
6.112e-11
0.00061395
0.00029351
0.00021856
0.0011947
0.00020067
6.112e-11
1517.5
6.112e-11
6.112e-11
6.112e-11
0.00032178
550.89
768.99
6.112e-11
0.00063093
6.112e-11
0.00068934
6.112e-11
6.112e-11
6.112e-11
0.00074083
0.00078476
6.112e-11
6.112e-11
1615
6.112e-11
6.112e-11
6.112e-11
6.112e-11
6.112e-11
1530.5
6.112e-11
0.0012854
1067.7
786.51
0.00070179
6.112e-11
6.112e-11
0.00052294
1611.3
6.112e-11
6.112e-11
6.112e-11
6.112e-11
1206.4
0.00052681
0.00082433
526.9
887.94
6.112e-11
1379.6
6.112e-11
821.3
1422
6.112e-11
1154
833.89
1324.6
410.35
1882.4
0.00022988
6.112e-11
1656.5
6.112e-11
6.112e-11
6.112e-11
3362.4
6.112e-11
6.112e-11
6.112e-11
6.112e-11
0.00052498
6.112e-11
6.112e-11
6.112e-11
6.112e-11
6.112e-11
0.00049251
753.27
6.112e-11
0.00043186
6.112e-11
422.68
697.43
6.112e-11
0.00048146
6.112e-11
817.7
0.00042183
931.22
6.112e-11
6.112e-11
6.112e-11
580
6.112e-11
6.112e-11
0.0002523
6.112e-11
1209.4
0.00020478
1456.9
512.06
6.112e-11
6.112e-11
6.112e-11
1028.1
558.77
0.0004498
0.00032811
6.112e-11
6.112e-11
0.00085695
6.112e-11
0.0006318
2001.6
0.00092466
6.112e-11
0.00038604
1299.3
2563.1
423.83
782.58
1212.8
3032.5
980.56
6.112e-11
6.112e-11
6.112e-11
0.00053606
868.37
6.112e-11
0.00042585
6.112e-11
842.15
6.112e-11
6.112e-11
6.112e-11
0.00018617
6.112e-11
1587.5
6.112e-11
6.112e-11
830.15
876.16
6.112e-11
0.00059347
784.73
6.112e-11
6.112e-11
0.0003912
6.112e-11
6.112e-11
911.9
612.3
0.00023068
6.112e-11
559.3
0.00044216
1212.1
6.112e-11
6.112e-11
6.112e-11
1136
6.112e-11
6.112e-11
6.112e-11
0.00028534
0.00046119
6.112e-11
2247.5
6.112e-11
6.112e-11
0.00018445
6.112e-11
0.00027324
6.112e-11
6.112e-11
6.112e-11
0.00062873
1003.8
803.96
6.112e-11
0.00024864
0.00062454
893.52
0.00063749
518.54
6.112e-11
0.00036936
6.112e-11
6.112e-11
736.65
0.00030723
675.42
339.82
0.00014456
939.22
0.00058011
0.00077797
1004.4
6.112e-11
2191.6
1841.8
6.112e-11
6.112e-11
1355.3
1822.2
6.112e-11
2453.2
6.112e-11
0.00034364
6.112e-11
1554.7
2204.1
6.112e-11
1089.2
0.00037974
6.112e-11
0.00043144
6.112e-11
6.112e-11
1009
6.112e-11
0.00010057
6.112e-11
0.00022473
0.0002373
0.00047646
6.112e-11
0.0002778
1027.1
0.0014529
6.112e-11
6.112e-11
6.112e-11
6.112e-11
6.112e-11
902.22
6.112e-11
783.7
6.112e-11
6.112e-11
6.112e-11
6.112e-11
6.112e-11
6.112e-11
6.112e-11
0.0010236
6.112e-11
6.112e-11
6.112e-11
0.00034198
6.112e-11
6.112e-11
650.76
0.00032125
0.0012959
6.112e-11
6.112e-11
0.0001346
6.112e-11
6.112e-11
0.00041953
0.00092718
6.112e-11
6.112e-11
6.112e-11
0.00029818
785.54
6.112e-11
6.112e-11
6.112e-11
6.112e-11
6.112e-11
6.112e-11
6.112e-11
6.112e-11
607.7
783.08
713.03
6.112e-11
6.112e-11
6.112e-11
0.00016257
0.00052172
735.9
0.0010461
6.112e-11
6.112e-11
981.67
6.112e-11
6.112e-11
0.00051453
289.81
6.112e-11
739.03
6.112e-11
6.112e-11
0.00052058
779.69
6.112e-11
0.00032962
0.00028362
1418.7
6.112e-11
1039.9
6.112e-11
0.00018181
2121.4
6.112e-11
745.82
1492
6.112e-11
6.112e-11
6.112e-11
6.112e-11
6.112e-11
2286.4
0.0006138
6.112e-11
1193.8
0.00024063
6.112e-11
6.112e-11
288.33
6.112e-11
2050.4
6.112e-11
6.112e-11
1661.4
0.00016289
6.112e-11
3319.6
0.00037686
6.112e-11
6.112e-11
6.112e-11
6.112e-11
0.00047648
6.112e-11
6.112e-11
6.112e-11
6.112e-11
2837.5
6.112e-11
0.00022661
6.112e-11
0.00030114
0.00058649
6.112e-11
0.00039878
6.112e-11
0.00051455
1669.9
6.112e-11
1064.8
1119.4
6.112e-11
6.112e-11
674.81
6.112e-11
0.001063
0.00037541
0.00039561
947.67
0.0006578
6.112e-11
6.112e-11
506.71
6.112e-11
1369.2
6.112e-11
0.00068587
1541.3
6.112e-11
563.93
1660
6.112e-11
1092.3
6.112e-11
0.00024858
6.112e-11
6.112e-11
0.00083154
6.112e-11
0.00016993
6.112e-11
1847.7
6.112e-11
0.00035754
6.112e-11
0.00033832
6.112e-11
6.112e-11
2031.7
6.112e-11
514.89
6.112e-11
0.00038923
0.0012418
6.112e-11
860.05
0.00041257
1470.6
877.43
383.72
6.112e-11
6.112e-11
0.0010729
0.00017365
0.00023375
1366.3
6.112e-11
1358.2
653.01
6.112e-11
6.112e-11
1128.9
6.112e-11
6.112e-11
6.112e-11
6.112e-11
6.112e-11
1961.6
6.112e-11
6.112e-11
409.6
0.0016821
0.00027242
1261
6.112e-11
6.112e-11
6.112e-11
6.112e-11
1407.7
6.112e-11
6.112e-11
515.23
298.58
6.112e-11
6.112e-11
0.00053712
6.112e-11
6.112e-11
6.112e-11
0.00055459
6.112e-11
6.112e-11
6.112e-11
6.112e-11
0.00030924
0.00013729
0.00035679
978.45
6.112e-11
0.0004384
0.00018855
6.112e-11
0.00039753
1177.7
6.112e-11
6.112e-11
485.96
1898.3
6.112e-11
6.112e-11
6.112e-11
6.112e-11
6.112e-11
1736
672.25
1514.1
0.00044441
6.112e-11
3078.1
796.46
6.112e-11
6.112e-11
6.112e-11
6.112e-11
6.112e-11
6.112e-11
441.5
0.00026718
6.112e-11
1793.9
0.00024374
653.37
6.112e-11
1854.3
0.00027882
6.112e-11
0.0014025
0.00046527
6.112e-11
6.112e-11
714.57
6.112e-11
675.1
6.112e-11
6.112e-11
6.112e-11
6.112e-11
472.8
0.00033922
2131.6
1074.1
611.82
6.112e-11
0.00034049
6.112e-11
0.00064361
727.42
958.28
6.112e-11
6.112e-11
6.112e-11
730.45
6.112e-11
6.112e-11
6.112e-11
0.00023134
6.112e-11
6.112e-11
6.112e-11
0.00068497
255.4
0.0003179
6.112e-11
6.112e-11
6.112e-11
6.112e-11
656.11
0.00019599
0.00015892
1062.2
6.112e-11
6.112e-11
6.112e-11
478.36
6.112e-11
6.112e-11
0.00039918
6.112e-11
6.112e-11
6.112e-11
0.00030625
6.112e-11
475.45
0.00043083
703.56
0.0010136
0.00034291
6.112e-11
485.62
0.00028686
6.112e-11
0.00032073
2344.4
352.07
6.112e-11
6.112e-11
6.112e-11
0.0001605
6.112e-11
6.112e-11
6.112e-11
0.00068538
6.112e-11
6.112e-11
1134.8
860.85
6.112e-11
6.112e-11
6.112e-11
6.112e-11
0.00064213
585.75
652.14
6.112e-11
490.93
0.00030656
6.112e-11
6.112e-11
6.112e-11
6.112e-11
2458.7
0.00012531
0.00046189
1041.7
6.112e-11
6.112e-11
6.112e-11
0.00046796
6.112e-11
0.00032013
6.112e-11
0.00032685
6.112e-11
6.112e-11
0.00040708
6.112e-11
1155.7
6.112e-11
0.00021037
6.112e-11
6.112e-11
971.59
6.112e-11
984.86
333.24
0.00033422
0.0011603
6.112e-11
2182.6
0.00054548
6.112e-11
0.00098232
0.00042256
6.112e-11
6.112e-11
0.00055931
1240.7
6.112e-11
0.00077312
6.112e-11
6.112e-11
6.112e-11
0.00026137
6.112e-11
569.29
837.65
6.112e-11
6.112e-11
0.00083888
0.00065464
6.112e-11
0.00048541
0.00075388
0.00032624
6.112e-11
352.79
2077.5
6.112e-11
0.00039879
6.112e-11
6.112e-11
6.112e-11
0.00025166
0.00018706
0.00048997
0.00027407
0.0003415
0.00025268
6.112e-11
844.63
6.112e-11
6.112e-11
0.00040017
6.112e-11
6.112e-11
6.112e-11
6.112e-11
6.112e-11
1460.5
6.112e-11
1242.6
2523.6
6.112e-11
0.00024603
603.58
0.00055337
6.112e-11
6.112e-11
6.112e-11
6.112e-11
6.112e-11
6.112e-11
0.00024996
0.00078905
6.112e-11
6.112e-11
6.112e-11
6.112e-11
6.112e-11
0.00016314
451.11
0.0007889
0.0003383
637.65
6.112e-11
0.00052314
6.112e-11
6.112e-11
6.112e-11
1102.8
6.112e-11
6.112e-11
6.112e-11
6.112e-11
6.112e-11
1161.5
6.112e-11
6.112e-11
620.54
0.00034759
6.112e-11
6.112e-11
1035.3
6.112e-11
6.112e-11
6.112e-11
0.0008559
6.112e-11
0.00026272
6.112e-11
6.112e-11
6.112e-11
6.112e-11
6.112e-11
6.112e-11
911.24
0.00019917
1089.3
0.0010281
6.112e-11
1203.8
0.00033054
1188.2
0.00053508
574.49
6.112e-11
0.00099623
6.112e-11
893.43
6.112e-11
0.00042278
6.112e-11
6.112e-11
0.0003961
2129.4
6.112e-11
6.112e-11
6.112e-11
6.112e-11
0.000242
6.112e-11
1247.8
6.112e-11
0.0018812
6.112e-11
2360.4
6.112e-11
6.112e-11
6.112e-11
1737.7
0.00032655
6.112e-11
6.112e-11
6.112e-11
6.112e-11
6.112e-11
6.112e-11
6.112e-11
1932.6
561.2
2260.5
6.112e-11
0.00082213
1365.1
6.112e-11
6.112e-11
0.0011775
657.51
0.00026678
1353
6.112e-11
0.0012662
6.112e-11
962.03
1337
0.00039567
6.112e-11
6.112e-11
341.31
6.112e-11
0.00083551
0.00020327
190.12
0.0010381
711.69
6.112e-11
6.112e-11
628.44
0.00062737
962.07
6.112e-11
1090.6
1007.8
2024.1
6.112e-11
6.112e-11
6.112e-11
0.00055796
6.112e-11
6.112e-11
6.112e-11
1032.7
6.112e-11
6.112e-11
1443.7
6.112e-11
0.00050838
0.00039057
6.112e-11
666.8
539.73
249.41
6.112e-11
0.00019197
6.112e-11
0.0012501
6.112e-11
546.86
6.112e-11
0.00073791
6.112e-11
0.00032928
6.112e-11
0.00074228
0.00083884
326.14
0.00036721
6.112e-11
733
789.09
1124.3
0.00017414
6.112e-11
6.112e-11
0.00049077
2569
6.112e-11
1512.6
0.00074208
6.112e-11
6.112e-11
0.00073039
0.00050759
0.00080325
6.112e-11
1550.5
6.112e-11
2915.5
4005.2
714.52
715.96
2238.4
0.00047171
6.112e-11
0.00040393
6.112e-11
6.112e-11
1127.9
6.112e-11
1704.9
1247.6
754.61
0.00027268
6.112e-11
6.112e-11
6.112e-11
6.112e-11
6.112e-11
3673.5
6.112e-11
6.112e-11
6.112e-11
0.00038126
496.81
6.112e-11
6.112e-11
6.112e-11
6.112e-11
368.28
6.112e-11
0.00056688
6.112e-11
6.112e-11
887.1
6.112e-11
6.112e-11
0.00038785
0.00019377
6.112e-11
6.112e-11
6.112e-11
6.112e-11
6.112e-11
6.112e-11
6.112e-11
0.00070906
6.112e-11
6.112e-11
6.112e-11
6.112e-11
0.00080962
1752.8
6.112e-11
0.00037833
0.0003082
0.00031747
1478.9
6.112e-11
6.112e-11
6.112e-11
0.00025667
6.112e-11
0.00042748
6.112e-11
0.00056435
6.112e-11
712.63
2134.8
6.112e-11
6.112e-11
6.112e-11
659.48
671.67
6.112e-11
0.00016903
6.112e-11
6.112e-11
0.0002503
6.112e-11
6.112e-11
6.112e-11
1240
1030
6.112e-11
0.00037886
6.112e-11
6.112e-11
1599.4
0.00018659
6.112e-11
956.61
0.00086247
2569.5
6.112e-11
2071.6
0.00068638
6.112e-11
0.00030902
912.42
6.112e-11
0.0014957
6.112e-11
0.00058905
2182.7
543.81
560.47
6.112e-11
0.00034686
869.46
300.49
6.112e-11
6.112e-11
6.112e-11
0.00033533
1700.5
6.112e-11
1053.8
6.112e-11
0.00043943
643.86
418.22
1807.5
1356.5
6.112e-11
709.19
0.00042846
952.01
701.39
6.112e-11
0.00052417
1608
587.24
6.112e-11
0.00075906
952.82
0.00026428
940.01
1191.1
0.00039175
0.00037139
1069
6.112e-11
409.26
0.00041519
0.00063226
6.112e-11
6.112e-11
852.11
6.112e-11
0.00036595
0.00056425
6.112e-11
6.112e-11
0.00022166
6.112e-11
0.00033441
0.0011078
810.59
6.112e-11
6.112e-11
6.112e-11
6.112e-11
514.51
0.00043802
6.112e-11
0.00030576
837.53
6.112e-11
1267.7
0.00030204
1363.2
6.112e-11
0.00013886
2335.7
516
6.112e-11
0.00065545
6.112e-11
832.9
6.112e-11
1161.7
963.8
6.112e-11
1042
1657.6
797.35
976.7
0.00041205
0.00055187
505.53
6.112e-11
0.00039748
902.08
0.00041925
6.112e-11
0.00071939
0.00031932
1732.5
403.32
6.112e-11
885.33
6.112e-11
1364.8
1324.6
0.0005384
6.112e-11
1632.2
0.00053124
6.112e-11
0.00018411
0.00026528
6.112e-11
6.112e-11
6.112e-11
609.32
6.112e-11
6.112e-11
0.00047564
6.112e-11
0.00030551
6.112e-11
6.112e-11
0.00041131
1131.8
1229.1
0.00039924
0.00058803
1221.7
359.7
6.112e-11
1118.5
6.112e-11
6.112e-11
6.112e-11
0.0003185
612.42
6.112e-11
6.112e-11
0.00029664
450.01
0.00059501
869.87
863.88
6.112e-11
6.112e-11
6.112e-11
0.00023851
2812.2
6.112e-11
0.00011657
548.09
6.112e-11
6.112e-11
996.91
6.112e-11
0.0011676
0.00024634
6.112e-11
6.112e-11
6.112e-11
6.112e-11
6.112e-11
1144.1
6.112e-11
6.112e-11
1839.6
0.00055411
0.0002567
945.86
6.112e-11
633.72
6.112e-11
0.00019648
6.112e-11
0.00078357
6.112e-11
6.112e-11
6.112e-11
6.112e-11
6.112e-11
534.04
1386.6
6.112e-11
6.112e-11
0.00056158
6.112e-11
0.00024231
0.00066697
6.112e-11
6.112e-11
1996
0.00047078
633.98
0.00086468
0.0002865
6.112e-11
0.00062256
786.69
6.112e-11
1995
6.112e-11
0.00021352
0.0003457
0.00020276
969.04
1403.3
0.00080871
6.112e-11
6.112e-11
0.00019454
6.112e-11
0.0005032
6.112e-11
996.04
974.51
428.89
6.112e-11
0.00048442
2016.8
1158.3
6.112e-11
0.0010511
6.112e-11
6.112e-11
0.00026833
1106.4
0.00011208
2025.7
1800.4
0.00050104
0.0010999
0.00038831
6.112e-11
6.112e-11
0.0007812
6.112e-11
0.00034227
6.112e-11
773.87
6.112e-11
6.112e-11
590.79
6.112e-11
0.00045449
0.00026046
6.112e-11
6.112e-11
6.112e-11
6.112e-11
6.112e-11
6.112e-11
0.00045092
0.0011449
0.0002165
1131
0.00040287
6.112e-11
996.4
1345.2
6.112e-11
0.00039355
6.112e-11
6.112e-11
6.112e-11
6.112e-11
0.00046578
1297.9
0.00022438
1219.2
0.00012701
0.00037337
0.00022205
6.112e-11
0.0007469
6.112e-11
6.112e-11
6.112e-11
1807.9
921.52
676.61
6.112e-11
6.112e-11
6.112e-11
6.112e-11
6.112e-11
6.112e-11
6.112e-11
4040.2
6.112e-11
6.112e-11
1379.7
1056.6
0.00097059
0.00051714
6.112e-11
0.00041827
6.112e-11
6.112e-11
6.112e-11
6.112e-11
6.112e-11
6.112e-11
6.112e-11
0.00058402
6.112e-11
6.112e-11
0.00047637
6.112e-11
6.112e-11
480.5
6.112e-11
545.17
6.112e-11
0.00040205
6.112e-11
6.112e-11
1047.5
6.112e-11
6.112e-11
6.112e-11
610.24
0.00032548
6.112e-11
6.112e-11
6.112e-11
926.29
0.00083475
0.00055682
599
6.112e-11
6.112e-11
0.00024905
6.112e-11
1048.2
6.112e-11
6.112e-11
417.19
6.112e-11
6.112e-11
722.78
6.112e-11
6.112e-11
6.112e-11
6.112e-11
640.97
6.112e-11
6.112e-11
6.112e-11
6.112e-11
1612.4
1623.7
6.112e-11
6.112e-11
6.112e-11
0.00063044
0.0014832
2213.7
6.112e-11
537.65
6.112e-11
6.112e-11
0.00037558
0.00065392
1229.1
0.00064245
6.112e-11
314.57
6.112e-11
0.00050782
6.112e-11
0.00033331
6.112e-11
6.112e-11
0.00031535
841.86
719.86
0.00031731
1506.2
0.00049488
6.112e-11
6.112e-11
2779.2
6.112e-11
6.112e-11
548.63
1111.9
6.112e-11
6.112e-11
0.00034493
0.00025894
1804.8
0.00035883
0.00024162
6.112e-11
6.112e-11
6.112e-11
0.00045661
6.112e-11
6.112e-11
6.112e-11
0.00043727
6.112e-11
6.112e-11
6.112e-11
1162.8
2244.4
1859
1126.6
1519.9
6.112e-11
869.77
915.8
6.112e-11
6.112e-11
0.00049538
6.112e-11
1297.7
0.00025349
6.112e-11
935.86
6.112e-11
0.00044114
6.112e-11
6.112e-11
6.112e-11
6.112e-11
6.112e-11
6.112e-11
6.112e-11
6.112e-11
6.112e-11
2141.4
834.34
6.112e-11
6.112e-11
0.0010248
1498.9
1133
0.00021776
6.112e-11
6.112e-11
1120.9
0.00041356
6.112e-11
921.7
6.112e-11
6.112e-11
6.112e-11
0.00078103
0.00020138
6.112e-11
6.112e-11
1564.4
0.00070746
6.112e-11
6.112e-11
6.112e-11
6.112e-11
1169.6
0.0010057
590.84
6.112e-11
6.112e-11
1172.2
6.112e-11
6.112e-11
6.112e-11
0.00044455
409.45
600.44
907.39
0.00030056
6.112e-11
6.112e-11
6.112e-11
6.112e-11
6.112e-11
6.112e-11
560.35
935.93
6.112e-11
1485.2
6.112e-11
0.00045806
1018.3
1172.3
0.00094335
6.112e-11
6.112e-11
0.00042836
6.112e-11
6.112e-11
0.0013769
6.112e-11
6.112e-11
6.112e-11
6.112e-11
6.112e-11
6.112e-11
6.112e-11
0.00033921
6.112e-11
0.00042675
1266
6.112e-11
1103.4
6.112e-11
6.112e-11
0.00088808
0.00042972
608.36
858.29
756.71
716
6.112e-11
0.00028106
6.112e-11
6.112e-11
6.112e-11
466.21
6.112e-11
6.112e-11
6.112e-11
6.112e-11
0.00021992
6.112e-11
715.62
6.112e-11
6.112e-11
6.112e-11
6.112e-11
780.98
0.00027243
0.00015221
0.00032079
6.112e-11
0.00037749
642.56
561.89
6.112e-11
1127.6
1417
1160
6.112e-11
1372.2
556.56
2441.3
6.112e-11
6.112e-11
0.0010913
6.112e-11
6.112e-11
6.112e-11
6.112e-11
6.112e-11
0.00049665
6.112e-11
517.81
585.27
974.07
6.112e-11
6.112e-11
1173.6
6.112e-11
1350.1
6.112e-11
1104.3
6.112e-11
6.112e-11
0.00030039
6.112e-11
6.112e-11
6.112e-11
6.112e-11
632.3
6.112e-11
6.112e-11
0.00053405
6.112e-11
692.34
6.112e-11
6.112e-11
0.00045862
6.112e-11
647.43
6.112e-11
1006.3
6.112e-11
6.112e-11
6.112e-11
1595.8
6.112e-11
702.77
1481.4
6.112e-11
2020.2
697.06
6.112e-11
0.00022066
1332.5
0.00039679
4115.1
0.00034873
6.112e-11
600
6.112e-11
1230.1
0.00021405
0.000298
1808.7
1083.1
0.00031583
6.112e-11
1151.4
0.00034038
6.112e-11
6.112e-11
6.112e-11
569.29
6.112e-11
6.112e-11
1379.9
0.0010218
0.0001567
1579.3
6.112e-11
6.112e-11
0.00064075
0.00068349
0.00013653
6.112e-11
0.00031226
0.00041418
0.00061431
0.00073631
0.00037473
1141.8
6.112e-11
0.00031108
1886.2
854.92
6.112e-11
6.112e-11
0.00041692
1039.4
588.67
0.00029282
0.00020974
6.112e-11
1250.7
6.112e-11
2568.7
1005
6.112e-11
945
0.00035266
1056.2
541.36
0.00051889
298.68
6.112e-11
0.00034278
6.112e-11
513.32
6.112e-11
1234
6.112e-11
0.00017033
6.112e-11
6.112e-11
0.0011992
0.00090817
6.112e-11
654.84
1972.1
6.112e-11
0.00027556
0.00055228
6.112e-11
0.00055094
6.112e-11
6.112e-11
1405.7
794.89
6.112e-11
6.112e-11
2038.9
6.112e-11
6.112e-11
6.112e-11
0.00035614
6.112e-11
546.58
6.112e-11
0.00016391
6.112e-11
0.00030617
6.112e-11
0.00020885
0.00032842
6.112e-11
4479.4
6.112e-11
1115.8
0.00045644
1256.1
0.0001034
6.112e-11
0.0007482
767.55
0.00030993
0.00020716
730.75
0.00083557
0.00047768
817.28
0.00022546
0.00074979
1020.4
6.112e-11
0.00050512
6.112e-11
368.33
6.112e-11
0.00039609
6.112e-11
898.65
6.112e-11
0.00074457
0.00042596
6.112e-11
2280
6.112e-11
6.112e-11
6.112e-11
6.112e-11
0.0010161
6.112e-11
6.112e-11
6.112e-11
6.112e-11
6.112e-11
407.91
6.112e-11
6.112e-11
6.112e-11
0.00071767
6.112e-11
0.00018741
0.00019928
0.00040777
6.112e-11
587.21
6.112e-11
457.51
6.112e-11
434.92
2428.1
6.112e-11
6.112e-11
6.112e-11
6.112e-11
6.112e-11
6.112e-11
0.00059402
0.00018396
843.03
6.112e-11
6.112e-11
6.112e-11
499.06
1935.9
6.112e-11
6.112e-11
6.112e-11
6.112e-11
6.112e-11
1492.4
0.00023196
6.112e-11
6.112e-11
0.00089285
6.112e-11
6.112e-11
6.112e-11
6.112e-11
823.14
6.112e-11
6.112e-11
1321.6
6.112e-11
605.24
559.63
0.00017105
1636.4
6.112e-11
9.9134e-05
482.93
2519.4
6.112e-11
6.112e-11
3900.7
0.00019596
6.112e-11
6.112e-11
0.00020545
6.112e-11
0.00061278
1458.6
0.00047162
6.112e-11
6.112e-11
0.0005991
0.0008931
6.112e-11
6.112e-11
6.112e-11
1060.3
0.00066279
957.08
6.112e-11
0.0005713
1311.8
6.112e-11
0.00020308
6.112e-11
468.58
0.0010796
6.112e-11
6.112e-11
0.00021089
6.112e-11
1063.6
809.94
0.00038479
1793.7
2196.1
0.00051475
6.112e-11
6.112e-11
0.00018072
6.112e-11
6.112e-11
0.0005562
6.112e-11
6.112e-11
0.0011135
6.112e-11
6.112e-11
6.112e-11
0.00054628
6.112e-11
1693.8
349.83
0.0009028
0.00028535
886.34
0.00085057
0.00035267
6.112e-11
0.00035091
1269.5
6.112e-11
6.112e-11
6.112e-11
0.00046463
526.37
0.00044536
6.112e-11
6.112e-11
0.0003433
719.87
637
656.29
1161.4
6.112e-11
6.112e-11
6.112e-11
6.112e-11
6.112e-11
6.112e-11
543.91
6.112e-11
6.112e-11
0.00047397
6.112e-11
6.112e-11
898.82
6.112e-11
6.112e-11
975.16
0.00011085
6.112e-11
6.112e-11
702.89
6.112e-11
6.112e-11
244.28
0.00034641
666.41
0.0002312
6.112e-11
4492.1
6.112e-11
1341.3
6.112e-11
780.28
1202
6.112e-11
6.112e-11
6.112e-11
6.112e-11
0.00020948
6.112e-11
6.112e-11
0.0004689
6.112e-11
0.0011508
6.112e-11
854.54
0.00024542
1119.1
6.112e-11
6.112e-11
1464.9
0.00066362
6.112e-11
0.00058753
6.112e-11
0.00059827
6.112e-11
0.00088161
0.00041957
1348.3
6.112e-11
6.112e-11
6.112e-11
0.00068016
0.00053651
6.112e-11
0.0011696
1004.9
6.112e-11
2129
6.112e-11
1226.6
967.51
6.112e-11
0.00030075
1211.6
6.112e-11
6.112e-11
6.112e-11
599.31
6.112e-11
6.112e-11
0.00011935
1432.8
0.0023605
1485.7
0.00028928
0.00041702
6.112e-11
6.112e-11
1294.9
6.112e-11
421.79
6.112e-11
6.112e-11
0.0002591
0.0011037
6.112e-11
0.00099415
6.112e-11
339.15
298.31
6.112e-11
6.112e-11
2413.5
1025.6
793.26
774.49
1155.1
6.112e-11
0.00017182
0.00063697
6.112e-11
6.112e-11
6.112e-11
0.00028597
6.112e-11
2147.6
394.21
6.112e-11
0.0002479
2651
0.00015721
6.112e-11
0.00023556
681.89
0.00013371
3082.9
6.112e-11
6.112e-11
0.00027859
0.00035657
6.112e-11
1370.7
6.112e-11
6.112e-11
6.112e-11
6.112e-11
6.112e-11
1069.4
461.91
2453.2
6.112e-11
0.00039073
1853.4
1459
6.112e-11
1685
0.00069611
6.112e-11
6.112e-11
2597.3
6.112e-11
6.112e-11
6.112e-11
6.112e-11
6.112e-11
0.00052037
1375
6.112e-11
685.6
6.112e-11
6.112e-11
576.74
1256.4
6.112e-11
0.0010148
6.112e-11
6.112e-11
0.00017758
1108.1
6.112e-11
0.00021617
6.112e-11
6.112e-11
6.112e-11
0.00014247
0.00060763
580.7
0.00060813
0.00039871
6.112e-11
721.13
787.66
0.00083003
715.35
922.13
6.112e-11
833.04
660.84
852.85
6.112e-11
0.00035268
1006.1
0.0002458
323.12
402.43
6.112e-11
578.81
6.112e-11
0.0013056
1710.7
6.112e-11
3544.4
0.00017204
0.00045839
1858.9
458.08
1297
6.112e-11
1416.2
6.112e-11
6.112e-11
6.112e-11
6.112e-11
0.0003354
0.00040342
0.00034478
6.112e-11
6.112e-11
946.73
0.0014044
6.112e-11
6.112e-11
6.112e-11
0.0004584
6.112e-11
745.5
0.00051308
1137.3
6.112e-11
3061.6
6.112e-11
6.112e-11
6.112e-11
6.112e-11
361.61
6.112e-11
1388
0.00029828
6.112e-11
0.00053515
6.112e-11
6.112e-11
6.112e-11
6.112e-11
324.14
1300.3
305.94
6.112e-11
6.112e-11
6.112e-11
957.93
0.00047735
0.00030946
1031.4
0.00070821
3189.2
6.112e-11
6.112e-11
6.112e-11
1241.3
6.112e-11
651.96
294.04
6.112e-11
666.95
0.00096211
0.00036397
6.112e-11
6.112e-11
6.112e-11
1232.3
6.112e-11
6.112e-11
6.112e-11
0.00023061
0.00026459
6.112e-11
6.112e-11
0.0004551
0.0014647
6.112e-11
6.112e-11
0.00027522
6.112e-11
0.00041966
6.112e-11
6.112e-11
677.47
6.112e-11
6.112e-11
0.00064708
6.112e-11
1885.9
714.43
2019.9
2399.2
6.112e-11
6.112e-11
6.112e-11
2453.3
0.00075522
0.00027187
6.112e-11
6.112e-11
873.96
776.86
434.76
0.00042672
447.24
0.00030273
907.99
6.112e-11
0.00070465
912.59
6.112e-11
6.112e-11
6.112e-11
6.112e-11
1039.4
1223.5
6.112e-11
0.00016291
6.112e-11
0.00026459
6.112e-11
6.112e-11
6.112e-11
408.69
0.0002504
6.112e-11
0.0010361
1939.1
1552.5
6.112e-11
864.71
0.00036039
1122.2
6.112e-11
6.112e-11
6.112e-11
1372.3
6.112e-11
0.00024679
1056.9
6.112e-11
681.15
6.112e-11
0.0004649
6.112e-11
6.112e-11
6.112e-11
908.02
6.112e-11
810.79
0.0002643
365.72
1132.5
6.112e-11
0.00074848
0.00032623
6.112e-11
0.00048017
6.112e-11
6.112e-11
6.112e-11
0.00039534
6.112e-11
6.112e-11
6.112e-11
1234.8
6.112e-11
6.112e-11
6.112e-11
6.112e-11
6.112e-11
6.112e-11
6.112e-11
6.112e-11
6.112e-11
6.112e-11
6.112e-11
6.112e-11
800.83
1110.7
6.112e-11
0.00065247
6.112e-11
0.00051681
6.112e-11
0.00044926
0.00018074
6.112e-11
6.112e-11
6.112e-11
6.112e-11
6.112e-11
885.01
0.00068854
6.112e-11
6.112e-11
6.112e-11
6.112e-11
6.112e-11
0.00023922
0.00021302
0.00058509
0.00049508
1165.6
886.42
6.112e-11
0.00020495
0.00042914
6.112e-11
0.00028013
6.112e-11
6.112e-11
2330.2
6.112e-11
0.00087664
6.112e-11
0.00041095
0.00024978
407.03
0.00024722
0.00040769
1096.2
409.14
1214.4
0.0003229
0.0012537
809.39
6.112e-11
0.00034979
6.112e-11
6.112e-11
0.00014413
6.112e-11
491.71
1990.7
0.00014029
6.112e-11
851.34
0.00051957
6.112e-11
0.00017096
0.00084587
6.112e-11
1904.7
1478.4
6.112e-11
1926.1
500.55
6.112e-11
2104.9
6.112e-11
6.112e-11
776.92
6.112e-11
1796.4
6.112e-11
1547.1
6.112e-11
6.112e-11
0.00038099
2203.2
6.112e-11
6.112e-11
6.112e-11
6.112e-11
0.00081969
1591.7
308.59
1497.6
1328.2
6.112e-11
6.112e-11
6.112e-11
6.112e-11
6.112e-11
6.112e-11
451.29
6.112e-11
0.00058843
0.00084908
6.112e-11
0.00037127
0.00085963
6.112e-11
6.112e-11
1127.5
311.41
6.112e-11
1130.6
6.112e-11
1190.1
1033.9
4358
0.0014155
589.69
1413.6
6.112e-11
6.112e-11
0.00014214
6.112e-11
6.112e-11
6.112e-11
0.00059162
6.112e-11
6.112e-11
6.112e-11
6.112e-11
0.00033784
509.99
6.112e-11
6.112e-11
421.34
6.112e-11
6.112e-11
6.112e-11
6.112e-11
6.112e-11
6.112e-11
6.112e-11
485.69
605.61
6.112e-11
6.112e-11
6.112e-11
320.37
6.112e-11
6.112e-11
6.112e-11
6.112e-11
2993.3
6.112e-11
0.00026826
0.00015776
6.112e-11
6.112e-11
708.61
834.37
6.112e-11
1021.4
6.112e-11
6.112e-11
445.02
0.00032745
6.112e-11
6.112e-11
6.112e-11
1118.9
2747.8
6.112e-11
0.00047547
6.112e-11
0.00016609
0.00055408
6.112e-11
6.112e-11
1330.3
1375.2
6.112e-11
466.34
0.00016511
846.47
0.00089959
6.112e-11
1924
6.112e-11
815.19
6.112e-11
0.00045735
6.112e-11
1508.5
573.29
6.112e-11
6.112e-11
6.112e-11
1542.5
0.00054132
0.00038747
6.112e-11
6.112e-11
2810.2
0.00021451
700.25
6.112e-11
1366.2
2045.2
320.74
6.112e-11
6.112e-11
1227.3
451.51
6.112e-11
6.112e-11
6.112e-11
555.79
6.112e-11
0.00053273
6.112e-11
6.112e-11
431.98
2008.4
6.112e-11
485.96
0.00016437
0.00021539
6.112e-11
6.112e-11
1210.5
0.00020648
0.00030939
6.112e-11
6.112e-11
6.112e-11
1008.2
6.112e-11
6.112e-11
0.00032586
0.00072025
6.112e-11
1116.4
6.112e-11
6.112e-11
6.112e-11
639.83
6.112e-11
959.79
1192.2
0.00063974
0.00035345
0.00066123
6.112e-11
0.00033893
0.00015785
2272.4
6.112e-11
6.112e-11
6.112e-11
6.112e-11
0.00046996
6.112e-11
6.112e-11
0.00044182
6.112e-11
652.63
6.112e-11
6.112e-11
6.112e-11
0.0014005
0.00018981
6.112e-11
6.112e-11
6.112e-11
0.00025943
6.112e-11
6.112e-11
4082
6.112e-11
6.112e-11
6.112e-11
1089.4
0.0002389
818.2
6.112e-11
6.112e-11
1083.9
0.00022812
6.112e-11
6.112e-11
0.0012333
6.112e-11
6.112e-11
0.00035069
0.00030487
6.112e-11
6.112e-11
0.00096628
6.112e-11
6.112e-11
0.0003473
6.112e-11
0.0011199
746.24
6.112e-11
6.112e-11
0.00038347
2139.1
6.112e-11
1782.3
6.112e-11
0.00049152
4309.1
342.22
0.00054066
1689
2350.7
906.6
0.0004017
0.00046216
6.112e-11
6.112e-11
6.112e-11
1714.1
6.112e-11
6.112e-11
6.112e-11
6.112e-11
0.00037601
6.112e-11
6.112e-11
0.000428
6.112e-11
6.112e-11
6.112e-11
0.00021068
6.112e-11
6.112e-11
1329.6
0.00018009
6.112e-11
6.112e-11
2614.7
6.112e-11
0.00020933
1320.4
6.112e-11
6.112e-11
6.112e-11
1312.1
6.112e-11
0.00039286
6.112e-11
368.63
1256.6
6.112e-11
6.112e-11
6.112e-11
1337.4
6.112e-11
6.112e-11
6.112e-11
0.00038471
0.0004054
368.68
6.112e-11
6.112e-11
6.112e-11
0.0010701
9.3849e-05
0.00039805
4432.7
6.112e-11
6.112e-11
802.63
6.112e-11
6.112e-11
6.112e-11
1344
6.112e-11
6.112e-11
855.39
6.112e-11
0.00035055
6.112e-11
0.003692
1250.7
0.00053039
6.112e-11
6.112e-11
0.00047458
6.112e-11
6.112e-11
6.112e-11
6.112e-11
0.00031124
6.112e-11
6.112e-11
6.112e-11
6.112e-11
2042.6
6.112e-11
6.112e-11
0.00022844
0.00035562
0.00067162
6.112e-11
6.112e-11
727.64
0.00062933
766.64
605.65
6.112e-11
0.00027784
0.00062076
0.00015611
0.00024081
0.00027381
6.112e-11
908.59
6.112e-11
0.00065696
943.73
6.112e-11
6.112e-11
0.00028387
6.112e-11
6.112e-11
0.0007412
0.00059822
737.8
1058
533.86
6.112e-11
2158.2
6.112e-11
1839.6
6.112e-11
0.00012957
682.17
6.112e-11
0.00051747
0.00045786
6.112e-11
806.54
6.112e-11
6.112e-11
0.00073406
6.112e-11
6.112e-11
340.48
856.71
6.112e-11
6.112e-11
6.112e-11
1842.8
1344.3
6.112e-11
6.112e-11
1567.2
6.112e-11
6.112e-11
6.112e-11
463.91
6.112e-11
6.112e-11
923.25
6.112e-11
6.112e-11
1200.7
6.112e-11
6.112e-11
6.112e-11
6.112e-11
6.112e-11
532.1
767.2
0.00018446
3089.1
6.112e-11
6.112e-11
0.00031881
6.112e-11
6.112e-11
721.15
6.112e-11
0.00041252
1108.8
0.00029658
6.112e-11
6.112e-11
6.112e-11
1404.1
6.112e-11
6.112e-11
6.112e-11
6.112e-11
6.112e-11
0.00023953
6.112e-11
0.00025047
6.112e-11
0.00049109
6.112e-11
0.00029128
1479.9
1024.5
6.112e-11
1271.6
6.112e-11
6.112e-11
6.112e-11
0.00039608
6.112e-11
0.0021558
0.0013044
1763.7
6.112e-11
1093.7
6.112e-11
1140
6.112e-11
6.112e-11
6.112e-11
0.00022718
1074.2
6.112e-11
6.112e-11
881.07
0.00030229
6.112e-11
0.00065452
6.112e-11
6.112e-11
0.00060127
1612.9
6.112e-11
6.112e-11
6.112e-11
6.112e-11
1983.3
1991.3
6.112e-11
672.87
6.112e-11
6.112e-11
1025.9
6.112e-11
6.112e-11
6.112e-11
6.112e-11
3776.4
6.112e-11
6.112e-11
6.112e-11
6.112e-11
399.65
6.112e-11
6.112e-11
1486.5
6.112e-11
813.6
6.112e-11
6.112e-11
6.112e-11
1136.3
0.00036717
6.112e-11
6.112e-11
0.00075169
6.112e-11
6.112e-11
9.4781e-05
2741.1
0.00010157
1810.6
0.00052382
806.6
1031.4
6.112e-11
6.112e-11
1244.9
0.00071169
3811
0.00038961
972.49
784.22
1823.4
777.26
1040.5
6.112e-11
6.112e-11
6.112e-11
1296.9
6.112e-11
0.00060007
6.112e-11
6.112e-11
696.68
6.112e-11
6.112e-11
713.34
6.112e-11
1067.5
6.112e-11
6.112e-11
6.112e-11
0.00052957
0.00030106
992.9
6.112e-11
6.112e-11
6.112e-11
0.00022152
6.112e-11
279.74
0.00074937
866.45
6.112e-11
1453.5
0.00040163
6.112e-11
684.94
0.00023225
6.112e-11
6.112e-11
6.112e-11
0.00091312
0.0011236
899.19
6.112e-11
0.00041405
2875
6.112e-11
6.112e-11
6.112e-11
6.112e-11
6.112e-11
0.00052888
0.00020546
298.06
0.0011265
0.00023917
411.71
875.18
0.00033519
6.112e-11
0.00060929
6.112e-11
6.112e-11
1714.7
6.112e-11
6.112e-11
6.112e-11
6.112e-11
797.2
6.112e-11
6.112e-11
6.112e-11
0.0011064
0.00039817
0.00082255
6.112e-11
441.84
2132.2
0.00030759
6.112e-11
6.112e-11
0.0004793
6.112e-11
0.00052822
796.09
6.112e-11
0.00063929
6.112e-11
6.112e-11
6.112e-11
1221.5
1323.5
6.112e-11
6.112e-11
6.112e-11
0.0010195
491.93
6.112e-11
0.00030071
6.112e-11
0.00018511
6.112e-11
2396.2
0.00033618
6.112e-11
6.112e-11
1566.8
734.33
6.112e-11
6.112e-11
1617.4
3731.7
6.112e-11
6.112e-11
6.112e-11
6.112e-11
2002.1
0.00083245
6.112e-11
1314
0.00028898
0.00077041
1056.3
359.21
0.00038168
0.0005667
0.00075245
6.112e-11
657.57
1642.3
6.112e-11
479.31
6.112e-11
6.112e-11
6.112e-11
6.112e-11
0.00063833
0.00026262
6.112e-11
0.00022121
0.00024606
0.00059661
6.112e-11
6.112e-11
6.112e-11
0.00036253
6.112e-11
6.112e-11
1754.3
0.00048794
0.00023011
1113
6.112e-11
6.112e-11
0.00050025
6.112e-11
6.112e-11
0.00067355
3289.3
6.112e-11
6.112e-11
6.112e-11
0.00059866
0.00038989
0.00042411
6.112e-11
1097.2
6.112e-11
1238.4
1017
6.112e-11
1227.6
789.93
6.112e-11
1437.2
0.00030144
0.00052134
6.112e-11
6.112e-11
803.88
499.99
524.31
3044.9
6.112e-11
6.112e-11
6.112e-11
6.112e-11
515.69
578.05
6.112e-11
6.112e-11
0.00034696
852.36
6.112e-11
6.112e-11
6.112e-11
0.0011119
6.112e-11
6.112e-11
0.00087929
6.112e-11
382.86
6.112e-11
6.112e-11
6.112e-11
2214.3
0.00015485
0.00034287
0.00017571
0.00044255
6.112e-11
6.112e-11
6.112e-11
696.82
6.112e-11
6.112e-11
0.00030131
0.00018057
6.112e-11
6.112e-11
0.00080786
0.0012791
0.00019661
1734.9
6.112e-11
6.112e-11
6.112e-11
0.00063303
6.112e-11
6.112e-11
799.6
0.00062557
6.112e-11
6.112e-11
6.112e-11
6.112e-11
0.00023527
6.112e-11
0.00048523
0.0003983
0.00045144
3837.1
0.00051807
0.00045439
0.00067078
6.112e-11
0.00034925
6.112e-11
0.00070516
1478
6.112e-11
0.00011336
6.112e-11
6.112e-11
0.00044676
6.112e-11
6.112e-11
775.45
6.112e-11
451.23
6.112e-11
702.26
6.112e-11
6.112e-11
6.112e-11
6.112e-11
2726.3
6.112e-11
6.112e-11
422.48
1317.9
6.112e-11
6.112e-11
6.112e-11
1649.6
6.112e-11
0.00062541
0.00065761
6.112e-11
0.00073561
6.112e-11
6.112e-11
6.112e-11
6.112e-11
340.71
706.25
965.56
6.112e-11
6.112e-11
557
0.00060164
6.112e-11
0.00043445
6.112e-11
6.112e-11
6.112e-11
6.112e-11
6.112e-11
958.11
6.112e-11
6.112e-11
6.112e-11
0.0007165
6.112e-11
6.112e-11
988.56
0.00023203
895.22
0.00045896
1035.4
614.48
6.112e-11
0.0003887
785.67
6.112e-11
6.112e-11
6.112e-11
6.112e-11
585.98
6.112e-11
0.00024255
0.00015362
563.77
0.00032377
6.112e-11
6.112e-11
1529
0.00037997
0.00026881
0.00032936
6.112e-11
6.112e-11
6.112e-11
6.112e-11
6.112e-11
1154.7
6.112e-11
6.112e-11
1202.3
1301.7
505.49
6.112e-11
0.00028855
6.112e-11
6.112e-11
0.00012975
0.00047572
0.00090282
6.112e-11
1916.1
3955
6.112e-11
647.54
0.0007786
1533.9
6.112e-11
6.112e-11
267.51
6.112e-11
6.112e-11
6.112e-11
1838
6.112e-11
1110.6
6.112e-11
2000.8
0.0002282
6.112e-11
6.112e-11
0.00030654
6.112e-11
0.00063214
0.00040499
0.0002953
6.112e-11
6.112e-11
1284.4
1512.7
0.00054372
6.112e-11
1592.9
735.95
6.112e-11
6.112e-11
565.87
6.112e-11
6.112e-11
587.23
6.112e-11
6.112e-11
2823.2
6.112e-11
6.112e-11
6.112e-11
6.112e-11
0.00011471
780.52
0.00019038
6.112e-11
1133.4
0.00077987
766.24
6.112e-11
6.112e-11
767.44
6.112e-11
481.71
0.00040716
6.112e-11
1607.8
0.00062147
6.112e-11
6.112e-11
6.112e-11
0.00024663
0.00085167
6.112e-11
6.112e-11
530.59
6.112e-11
1134.6
1565.2
0.001152
0.00096412
6.112e-11
0.00050713
6.112e-11
0.00079524
6.112e-11
6.112e-11
0.00033554
0.0003695
6.112e-11
6.112e-11
6.112e-11
6.112e-11
6.112e-11
429.22
6.112e-11
0.00061288
6.112e-11
6.112e-11
980.01
0.00021782
685.49
6.112e-11
496.38
6.112e-11
0.0014488
950.56
6.112e-11
6.112e-11
1131.9
6.112e-11
696.99
6.112e-11
6.112e-11
0.00046029
0.00076594
0.00081656
6.112e-11
6.112e-11
1891.9
0.00065698
0.00058863
1065.8
0.00022172
0.0011639
0.00018152
0.00048192
6.112e-11
6.112e-11
465.09
0.00034529
6.112e-11
1335.8
6.112e-11
6.112e-11
6.112e-11
6.112e-11
979.81
0.00037567
6.112e-11
6.112e-11
0.00053648
531.18
6.112e-11
0.00052183
0.00030903
6.112e-11
6.112e-11
2243.2
2833.6
6.112e-11
599.5
6.112e-11
473.31
6.112e-11
3456.6
0.00017155
6.112e-11
4584.1
1739.4
6.112e-11
6.112e-11
514.55
0.0005889
1463.6
0.00011492
6.112e-11
6.112e-11
6.112e-11
947.55
6.112e-11
6.112e-11
3785.5
1492.6
6.112e-11
804.26
6.112e-11
6.112e-11
6.112e-11
6.112e-11
6.112e-11
2266.5
6.112e-11
930.96
6.112e-11
6.112e-11
0.00022596
0.00056639
6.112e-11
6.112e-11
6.112e-11
6.112e-11
6.112e-11
2003.6
6.112e-11
560.35
0.00011728
813.79
0.00024145
6.112e-11
0.00017213
6.112e-11
3569.6
1703.2
0.00059745
1338.3
6.112e-11
853.63
0.00021249
606.72
0.00033018
6.112e-11
6.112e-11
0.00022927
6.112e-11
6.112e-11
1450.4
0.00021192
0.00053545
513.94
0.00024997
946.82
6.112e-11
6.112e-11
6.112e-11
6.112e-11
6.112e-11
6.112e-11
0.00043009
0.00021735
6.112e-11
6.112e-11
6.112e-11
6.112e-11
0.0005488
6.112e-11
6.112e-11
0.00024911
6.112e-11
6.112e-11
6.112e-11
0.00085778
6.112e-11
0.00028075
6.112e-11
965.3
6.112e-11
6.112e-11
6.112e-11
0.00028341
6.112e-11
1601.9
6.112e-11
6.112e-11
6.112e-11
0.00063761
6.112e-11
6.112e-11
0.0002804
1123.4
0.00019055
6.112e-11
6.112e-11
0.00019462
0.0013753
0.00072519
6.112e-11
6.112e-11
0.0002934
0.00033752
6.112e-11
3792.4
6.112e-11
6.112e-11
0.00045914
6.112e-11
1108.5
6.112e-11
3921.2
6.112e-11
0.00067327
583.1
0.00060144
6.112e-11
338.45
1412.9
0.00031508
0.00026934
1038.3
0.00067817
789.38
6.112e-11
6.112e-11
6.112e-11
6.112e-11
6.112e-11
6.112e-11
6.112e-11
6.112e-11
0.00017521
6.112e-11
0.00074084
6.112e-11
2970.7
915.03
2816.2
6.112e-11
6.112e-11
540.67
0.00068265
6.112e-11
1171.4
6.112e-11
6.112e-11
6.112e-11
6.112e-11
6.112e-11
6.112e-11
765.2
0.00057778
0.00033203
6.112e-11
301.32
6.112e-11
6.112e-11
6.112e-11
2347.2
1022
6.112e-11
6.112e-11
0.00027474
6.112e-11
464.31
6.112e-11
6.112e-11
6.112e-11
904.16
1116.9
6.112e-11
6.112e-11
0.000631
6.112e-11
0.00045085
6.112e-11
6.112e-11
6.112e-11
6.112e-11
1278.4
760.12
6.112e-11
495.86
0.00035187
512.22
861.67
0.00032103
0.0003561
6.112e-11
6.112e-11
0.00033734
6.112e-11
6.112e-11
6.112e-11
6.112e-11
6.112e-11
399.55
0.00012306
1550.2
6.112e-11
1295.2
1962.9
6.112e-11
6.112e-11
1009.9
6.112e-11
6.112e-11
0.00029355
0.00037014
1769.7
0.00047732
1809
6.112e-11
0.00033913
6.112e-11
6.112e-11
0.000336
6.112e-11
6.112e-11
6.112e-11
1105.3
6.112e-11
2073.3
6.112e-11
6.112e-11
6.112e-11
6.112e-11
670
0.00047415
6.112e-11
661.76
6.112e-11
6.112e-11
6.112e-11
6.112e-11
0.0003195
0.0027911
6.112e-11
6.112e-11
6.112e-11
477.42
6.112e-11
6.112e-11
6.112e-11
6.112e-11
435.48
919
393.99
6.112e-11
6.112e-11
0.00056235
6.112e-11
2430.7
6.112e-11
0.00040347
6.112e-11
6.112e-11
6.112e-11
6.112e-11
6.112e-11
6.112e-11
6.112e-11
6.112e-11
6.112e-11
6.112e-11
6.112e-11
0.00057074
379.19
0.00014104
0.0010204
6.112e-11
6.112e-11
2292.6
0.00091354
6.112e-11
0.00034886
2030.5
760.09
6.112e-11
6.112e-11
6.112e-11
1579.8
866.79
911.88
6.112e-11
0.00027797
338.78
6.112e-11
1078.2
1094.4
1649
0.00082306
6.112e-11
920.91
6.112e-11
6.112e-11
0.00030603
6.112e-11
2169.9
6.112e-11
6.112e-11
0.0004291
6.112e-11
0.00051946
6.112e-11
6.112e-11
0.00060219
6.112e-11
6.112e-11
6.112e-11
6.112e-11
912.22
459.5
6.112e-11
751.88
6.112e-11
6.112e-11
2578.5
0.00024683
6.112e-11
6.112e-11
1535.1
6.112e-11
0.0004462
6.112e-11
6.112e-11
6.112e-11
6.112e-11
474.01
927.88
0.00024633
745.17
0.00051534
6.112e-11
6.112e-11
614.54
6.112e-11
0.00091776
0.00037811
0.0003345
6.112e-11
0.00045541
0.00070687
6.112e-11
6.112e-11
0.00049225
0.00025391
6.112e-11
6.112e-11
6.112e-11
6.112e-11
0.00025028
1563.8
6.112e-11
6.112e-11
0.00028979
6.112e-11
6.112e-11
6.112e-11
6.112e-11
6.112e-11
2777
6.112e-11
6.112e-11
6.112e-11
0.00018324
0.00064731
766.38
6.112e-11
6.112e-11
0.00042208
0.00042584
6.112e-11
6.112e-11
6.112e-11
6.112e-11
6.112e-11
0.00028437
0.00014461
0.00035595
6.112e-11
0.000272
6.112e-11
6.112e-11
6.112e-11
0.00024959
6.112e-11
0.00081199
6.112e-11
1046.4
6.112e-11
6.112e-11
6.112e-11
1658.1
6.112e-11
0.00047946
1171.8
6.112e-11
6.112e-11
681.23
1129.5
6.112e-11
0.00020034
6.112e-11
6.112e-11
1760.5
0.00048499
6.112e-11
6.112e-11
6.112e-11
0.00037805
6.112e-11
752.78
1259.3
6.112e-11
6.112e-11
6.112e-11
6.112e-11
731.07
523.28
0.00049665
0.0014238
0.0004201
2091.5
1488.5
1655.7
6.112e-11
842.28
6.112e-11
6.112e-11
6.112e-11
6.112e-11
1338.6
6.112e-11
6.112e-11
0.00014031
6.112e-11
706.01
6.112e-11
6.112e-11
2572
0.00012823
6.112e-11
0.0010991
0.00060116
6.112e-11
710.28
0.0003756
0.00090571
6.112e-11
1169.4
6.112e-11
0.00046008
6.112e-11
1300.2
1960.3
6.112e-11
6.112e-11
739.68
6.112e-11
6.112e-11
6.112e-11
6.112e-11
0.0013237
6.112e-11
0.0002641
6.112e-11
6.112e-11
706.83
6.112e-11
2581.2
6.112e-11
6.112e-11
6.112e-11
0.00034096
1157.7
6.112e-11
6.112e-11
625.93
4424.6
6.112e-11
6.112e-11
6.112e-11
753.6
776.92
584.29
8249.4
0.00028576
929.28
6.112e-11
417.63
0.0012766
338.46
0.00039182
1425.3
0.00041607
6.112e-11
6.112e-11
655.36
6.112e-11
0.00029753
6.112e-11
6.112e-11
6.112e-11
0.00019082
0.00029464
6.112e-11
6.112e-11
2069.9
2633.3
2212.5
6.112e-11
6.112e-11
6.112e-11
6.112e-11
1620.2
6.112e-11
3304.2
6.112e-11
0.00031694
6.112e-11
