4.2049e-29
7.175e-29
9.8915e-35
3.5836e-08
6.3477e-51
1.9056e-29
1.0406e-29
3.2613e-51
1.7367e-13
7.0546e-19
1.9327e-74
4.2706e-40
4.3625e-18
2.4225e-74
2.3686e-74
1.1141e-13
1.7548e-08
2.0021e-29
3.9332e-08
2.2907e-18
3.9885e-100
4.273e-24
1.6851e-13
1.9283e-68
4.1484e-57
1.8669e-13
1.2833e-13
4.5674e-62
1.6121e-08
5.9215e-08
1.5041e-50
1.5784e-40
1.106e-13
0.00064198
2.514e-45
2.2796e-68
0.001414
7.8526e-09
1.0747e-86
3.8219e-69
3.3525e-24
1.0992e-86
2.2761e-08
4.7384e-40
1.2215e-56
1.5719e-29
8.8837e-24
2.8424e-08
3.9885e-100
6.9233e-93
3.2204e-40
2.5937e-62
1.1314e-23
2.3345e-13
1.9536e-74
2.1244e-62
3.3532e-08
3.8694e-40
2.2798e-29
1.1655e-29
9.8961e-09
6.7383e-09
7.4764e-24
1.501e-13
3.5634e-93
7.4311e-35
7.3069e-63
1.5535e-23
3.362e-51
5.1249e-29
1.0777e-86
3.9885e-100
3.246e-40
1.2157e-45
1.1155e-40
0.00070786
5.5705e-51
6.8719e-57
4.433e-24
8.9321e-40
1.4502e-08
2.6291e-13
3.6385e-29
3.1332e-34
1.1849e-68
3.5406e-62
8.5517e-69
3.9659e-74
3.7372e-14
2.1508e-08
3.9885e-100
0.00045125
1.3664e-34
6.8882e-29
8.2271e-46
9.7109e-19
2.4192e-08
0.00087796
5.4775e-93
6.8994e-19
0.00080487
2.8049e-40
2.2074e-08
8.7282e-14
1.1422e-56
2.1974e-08
2.1238e-74
0.0011696
1.0753e-62
9.4517e-40
5.3743e-57
9.6881e-69
6.3544e-09
7.4469e-19
3.9885e-100
1.9442e-23
0.0027971
1.8709e-18
2.3974e-08
1.0878e-23
1.5743e-18
0.0027363
0.00086388
0.0006135
4.1079e-40
4.0058e-51
1.0597e-80
7.4745e-35
0.0040992
1.8083e-45
1.9558e-86
6.4946e-14
6.7868e-14
3.1059e-39
4.1175e-51
3.8967e-29
1.245e-34
4.1032e-51
5.9643e-19
5.135e-14
2.3376e-68
0.0027759
1.1143e-45
2.5216e-68
2.117e-51
1.726e-45
4.3212e-29
2.1845e-34
5.9746e-35
1.1068e-18
0.00090587
1.1331e-45
1.5671e-68
8.8597e-14
4.2963e-24
3.9885e-100
3.9885e-100
4.4693e-87
8.1694e-24
7.9696e-14
2.9905e-18
1.526e-62
2.0666e-40
1.4558e-68
0.0018383
5.9916e-93
0.0024491
0.0011722
2.309e-29
6.8203e-81
0.001406
5.8805e-51
1.8049e-80
7.4098e-57
1.8108e-29
2.2211e-45
3.1658e-29
3.5261e-51
7.3052e-08
4.6972e-57
5.6256e-35
0.0012384
5.8891e-57
0.0023506
0.0013473
3.5545e-19
2.0693e-45
0.0012968
1.5522e-12
2.254e-74
0.0017874
3.4994e-51
1.7052e-68
1.8586e-08
0.0011862
0.00056028
1.2539e-13
9.4171e-57
1.3526e-45
6.4557e-62
6.7664e-87
0.00086362
4.3961e-24
1.3679e-45
3.0852e-29
4.4083e-08
1.3972e-62
2.9605e-19
0.0010651
9.9627e-81
4.791e-40
1.5858e-34
2.2499e-29
0.00058705
2.0047e-40
1.7832e-34
7.1424e-14
2.2093e-29
5.3268e-35
3.4542e-18
7.8493e-81
8.077e-40
3.0341e-24
3.9885e-100
5.5595e-24
9.1288e-19
3.7314e-40
1.1892e-18
3.9885e-100
2.4354e-40
3.0441e-29
1.154e-62
2.8897e-40
9.7701e-57
3.8311e-24
4.8048e-24
8.5422e-63
3.0694e-08
3.5609e-51
1.5945e-13
7.5291e-35
0.0028989
7.8034e-24
2.0044e-08
1.3564e-74
3.9885e-100
4.0304e-74
2.5195e-57
6.237e-24
5.9013e-08
3.9885e-100
2.3202e-29
4.7826e-24
1.5013e-80
3.7525e-40
3.6548e-51
3.0225e-08
1.5489e-45
9.9563e-46
1.8891e-13
7.708e-69
2.4613e-45
3.3145e-87
8.5636e-35
0.0019255
4.6869e-24
1.4749e-29
1.9397e-13
5.6936e-08
1.1793e-13
3.0181e-45
2.2631e-34
3.5775e-40
4.958e-93
1.1932e-34
3.7416e-40
2.8017e-68
2.0408e-74
1.497e-08
3.0741e-24
1.0997e-13
7.5464e-08
1.9177e-68
2.9174e-29
5.1095e-40
0.0044384
1.0425e-34
3.9885e-100
8.5874e-68
1.0254e-08
5.7239e-18
1.4201e-13
1.3319e-34
0.0011289
4.8002e-51
0.0068938
7.8681e-35
6.9572e-35
1.973e-80
1.3294e-18
2.1434e-45
9.533e-35
1.2033e-74
1.9313e-34
3.9885e-100
6.9274e-14
9.3432e-24
2.8303e-45
1.9513e-29
3.2897e-40
1.9242e-45
5.8524e-81
1.7992e-08
5.4265e-62
8.5133e-40
1.5319e-29
2.7756e-24
0.00045197
2.259e-93
1.3738e-34
1.6864e-08
2.9247e-18
3.3969e-34
6.7959e-40
2.0855e-29
1.6878e-56
3.5161e-93
0.0015924
0.00083124
6.666e-30
6.2279e-19
1.0517e-34
1.1648e-40
3.9885e-100
5.8707e-09
7.1644e-19
1.1748e-13
7.674e-14
9.0539e-19
3.9885e-100
3.9885e-100
1.4188e-34
1.315e-29
1.5724e-08
6.3226e-19
9.3423e-35
1.1393e-08
5.3695e-45
2.804e-13
0.0023518
0.0018716
3.9885e-100
2.1829e-40
1.0761e-08
1.523e-34
1.3899e-45
9.0978e-40
3.6435e-68
3.8442e-35
1.2599e-08
1.5081e-29
6.0545e-45
1.0388e-45
5.4308e-81
3.4691e-08
1.5351e-45
3.9885e-100
4.8983e-51
7.8724e-81
1.8178e-08
0.0028548
2.7411e-40
4.8564e-40
0.00052094
1.0188e-50
1.7684e-18
3.086e-24
5.9101e-40
2.4915e-74
4.4977e-68
0.0021524
1.3491e-08
1.7248e-34
2.9538e-45
2.5524e-74
1.2312e-40
2.1029e-34
0.0036738
6.0051e-57
4.4366e-13
2.518e-19
3.9885e-100
4.2414e-40
2.0221e-62
8.7306e-24
5.5104e-24
2.1162e-34
2.7703e-93
2.4741e-80
4.1179e-40
4.6992e-45
4.0332e-29
7.148e-57
8.6999e-35
3.9885e-100
1.9148e-68
0.0024617
9.6023e-87
3.2794e-29
2.8467e-45
1.7268e-62
2.198e-18
1.5159e-68
2.4102e-29
0.0020418
4.7281e-51
2.7355e-18
1.9076e-40
1.3642e-29
0.0004194
3.9885e-100
2.6544e-51
2.9933e-40
9.7428e-14
1.479e-68
4.2573e-19
1.5556e-13
3.9885e-100
1.2545e-08
1.1873e-13
1.7457e-93
3.3028e-08
3.1477e-28
5.0466e-13
8.0018e-57
1.5278e-13
9.8459e-19
0.0016554
1.4307e-34
1.8025e-18
9.1333e-57
2.4602e-68
4.4064e-19
2.8439e-45
2.2392e-13
1.3748e-08
6.3016e-08
1.8657e-51
1.3165e-62
8.2567e-63
3.9885e-100
3.0502e-29
8.9676e-09
2.522e-93
3.9885e-100
1.3485e-45
1.9428e-74
1.0023e-34
1.1301e-80
1.8998e-34
0.001279
1.6524e-39
7.143e-40
3.9885e-100
0.0013155
0.0014239
8.1882e-19
4.2928e-87
1.0552e-13
1.1752e-56
1.2031e-86
3.2168e-29
3.7997e-68
1.3324e-08
0.0016873
1.1653e-18
2.2881e-68
1.1732e-08
1.7513e-93
4.3664e-29
0.00283
2.7699e-13
3.9885e-100
1.3413e-68
4.8269e-13
0.00069353
1.5705e-13
3.4167e-93
3.5521e-74
6.9572e-35
3.7749e-40
1.114e-86
9.9699e-35
9.9398e-74
3.5634e-74
3.9885e-100
3.3671e-08
6.2434e-18
7.3741e-40
2.8367e-13
6.73e-14
3.9885e-100
4.2547e-08
4.0902e-24
3.8755e-74
1.4923e-45
1.5798e-39
0.0010961
3.535e-29
0.008085
0.00046027
1.5953e-62
0.0018139
9.8176e-19
2.4931e-51
1.1995e-23
8.9171e-81
2.2438e-56
3.7132e-45
0.0011309
1.5863e-18
5.0399e-24
2.4648e-51
3.6745e-28
5.0578e-40
3.9885e-100
1.2076e-08
3.6917e-68
9.7319e-57
3.1317e-29
1.277e-45
2.3837e-08
4.3972e-45
1.2792e-80
2.2477e-08
2.909e-29
4.8204e-62
1.2953e-68
8.2573e-30
1.747e-80
1.0215e-68
3.9885e-100
1.6776e-08
0.0017439
2.0547e-51
5.6236e-29
0.0050745
4.8112e-40
3.749e-08
2.9075e-08
1.6557e-45
3.9885e-100
4.7997e-08
3.9885e-100
3.9885e-100
6.8411e-51
2.4472e-68
1.3625e-18
3.1121e-18
4.0557e-51
1.5588e-08
3.8836e-93
3.9949e-18
6.6483e-57
0.0003921
1.0537e-39
7.7218e-29
1.1086e-23
7.3106e-19
2.6798e-45
6.7858e-09
4.9702e-46
1.8209e-68
1.4773e-74
2.4145e-18
0.00083591
1.0867e-13
8.6521e-29
2.158e-62
1.1409e-45
3.245e-29
3.3288e-57
3.6968e-19
3.8684e-51
4.5811e-14
4.7784e-51
2.0841e-68
0.0014833
4.2604e-24
0.0012051
3.2266e-50
8.7967e-14
3.8251e-24
2.0177e-74
4.9904e-29
1.4589e-34
1.7038e-40
2.3442e-40
1.4265e-40
5.6798e-40
3.7543e-14
7.4469e-81
1.7159e-56
3.9885e-100
9.9161e-69
1.6593e-62
8.7777e-24
2.8523e-57
1.462e-13
1.1938e-29
3.9885e-100
0.0096243
4.1475e-51
1.8925e-45
2.1713e-68
3.7411e-13
1.9666e-68
3.2767e-18
3.5068e-19
2.7176e-29
9.6817e-63
3.2003e-74
1.1616e-29
4.5963e-45
0.00069063
1.2033e-23
4.8708e-19
6.1382e-14
7.2279e-13
9.1644e-63
1.1395e-34
2.1544e-45
4.3395e-93
5.8329e-62
8.6722e-87
4.2909e-14
3.9885e-100
1.5999e-34
2.6153e-13
1.1376e-62
4.5848e-93
1.2496e-18
1.3913e-18
2.896e-40
1.9791e-34
4.6645e-19
1.9125e-68
8.7306e-24
8.9692e-69
6.8958e-09
9.7364e-19
6.4516e-09
1.5058e-92
6.3816e-24
2.6085e-80
1.3964e-56
1.3195e-13
3.0123e-24
5.7902e-57
1.2794e-28
2.3795e-62
8.4738e-51
1.6348e-45
2.9147e-51
7.6201e-19
0.013146
6.1083e-40
3.0702e-40
0.0040329
0.00075189
6.1578e-51
9.7819e-09
2.8358e-74
1.2452e-45
1.4211e-45
0.00061299
3.6495e-29
1.0709e-13
1.0174e-08
8.3552e-09
3.9885e-100
0.001669
0.00044632
6.9516e-46
3.5173e-40
0.0023155
1.2724e-08
0.0020849
1.5849e-40
1.1088e-74
4.0826e-34
3.6098e-24
4.5268e-87
1.6348e-40
3.9885e-100
6.835e-13
2.2401e-13
1.5496e-29
2.0519e-13
2.7779e-40
3.4512e-13
4.7142e-74
2.3632e-08
7.8963e-29
3.9885e-100
2.5219e-08
6.7739e-51
1.9455e-29
4.0458e-40
1.6639e-62
3.5708e-24
1.5274e-68
7.2247e-24
0.00099008
0.00064546
0.0027891
4.4297e-29
3.9885e-100
0.0027621
1.2562e-18
6.3239e-24
1.2499e-13
3.7467e-34
1.8261e-86
0.00057133
5.6019e-19
0.00074573
3.1144e-68
2.346e-45
0.0015089
9.4992e-63
1.0299e-56
1.2903e-08
2.3007e-40
9.3405e-69
1.0637e-74
2.2016e-40
3.731e-40
2.2924e-51
7.7413e-19
0.0034368
1.8405e-74
7.0916e-35
2.2824e-51
1.2443e-62
3.0423e-45
7.5648e-35
1.0573e-13
0.001407
4.8025e-35
1.4497e-68
2.4867e-29
3.9885e-100
9.8669e-35
1.5662e-08
3.9885e-100
3.1438e-40
0.00039873
7.3302e-81
3.2052e-93
1.8143e-34
5.9121e-57
3.8773e-56
9.7793e-24
1.2184e-08
1.5553e-29
8.4858e-75
5.5809e-24
2.4855e-18
2.6072e-39
1.0167e-08
4.6909e-93
2.8053e-62
7.3251e-87
3.9885e-100
8.1982e-87
3.9885e-100
5.1819e-09
3.9885e-100
0.00098487
1.193e-34
2.9133e-13
4.3534e-14
1.0733e-50
3.6766e-68
7.9082e-30
1.7735e-62
0.0010485
9.057e-57
2.3096e-29
0.0015515
0.0023353
0.0019535
5.8018e-69
1.8366e-40
3.9885e-100
3.9885e-100
9.5469e-09
8.8328e-14
1.0643e-62
8.2567e-40
3.5035e-51
9.5075e-57
3.9885e-100
2.1595e-62
9.1781e-19
1.159e-08
6.6923e-35
7.9261e-09
8.4124e-19
6.1028e-24
2.206e-34
1.7538e-29
4.806e-87
4.1811e-24
4.9825e-46
5.592e-51
3.9885e-100
3.4553e-29
5.1236e-13
0.00096657
8.2234e-35
4.681e-51
8.0012e-14
1.2317e-08
1.0149e-34
1.3556e-74
1.2861e-51
6.1661e-19
3.4115e-68
4.5168e-57
1.2133e-13
1.0399e-29
4.4253e-80
3.9885e-100
4.0063e-74
4.0194e-57
8.0472e-14
7.9094e-63
1.6309e-80
0.00042812
1.493e-29
0.0014357
1.2943e-18
8.4971e-14
1.2076e-08
1.1172e-23
2.6463e-51
6.1882e-69
8.6339e-87
6.3182e-35
1.7248e-18
6.6522e-57
0.00043491
2.8069e-74
1.5069e-56
0.0016905
7.8022e-24
1.0369e-08
1.1061e-56
3.9885e-100
1.4334e-23
0.0015058
1.9305e-29
7.0756e-14
3.9885e-100
2.3517e-80
3.9885e-100
4.285e-19
3.549e-57
0.00069323
3.1023e-24
6.7067e-19
6.3251e-24
3.9885e-100
2.3226e-40
1.2341e-62
0.00044588
3.1216e-08
1.4971e-45
0.0079829
1.0349e-34
3.6367e-40
1.2726e-18
3.2502e-08
1.0421e-34
3.6766e-93
2.1815e-29
1.8422e-40
2.5056e-18
6.9289e-24
7.2463e-14
8.3627e-35
1.3561e-08
1.4326e-80
1.9386e-33
2.4035e-29
1.3359e-18
0.0003709
0.0012306
9.0416e-14
2.7629e-19
0.00052036
0.0049277
3.192e-19
1.1116e-62
7.1904e-14
2.7935e-19
9.8021e-40
0.0012355
3.9885e-100
0.0016801
1.9254e-29
2.3021e-29
3.5476e-19
1.7105e-34
9.3085e-57
1.1788e-13
1.2106e-18
2.4435e-40
0.0032995
1.9602e-74
1.1426e-56
4.1681e-24
1.6078e-56
1.7466e-13
1.0471e-45
0.00066999
3.4795e-40
2.6199e-74
3.7523e-35
8.9578e-46
1.2833e-13
1.8396e-40
1.4343e-56
1.0802e-62
1.0806e-18
2.6709e-29
1.2117e-68
0.00069144
8.715e-09
7.3206e-35
9.5895e-75
1.8629e-74
1.8642e-80
6.3282e-35
1.6969e-29
2.7588e-24
1.4708e-62
0.0021676
1.8592e-08
6.3449e-14
3.7515e-74
1.2665e-68
1.9087e-68
3.9885e-100
0.00044779
0.0016881
8.2962e-63
1.6847e-34
1.4698e-08
0.0021498
7.7619e-14
1.9525e-08
2.2871e-40
4.237e-57
3.5811e-29
4.5299e-29
3.4485e-24
1.9294e-29
9.1817e-40
8.8828e-09
0.00070562
3.9843e-19
8.2968e-87
2.2649e-08
4.273e-40
0.0012709
9.7565e-75
2.9989e-24
6.3967e-93
4.1485e-19
6.6133e-46
6.5762e-69
2.1315e-23
6.2196e-87
6.6773e-75
3.9885e-100
4.8408e-08
5.1282e-51
3.5217e-19
9.3642e-30
2.6832e-40
5.3498e-14
3.3538e-40
3.3291e-13
1.0926e-08
3.0661e-29
7.8668e-19
3.9885e-100
3.9885e-100
6.4477e-09
7.8059e-19
1.3788e-68
1.2613e-08
2.1702e-62
3.3862e-68
8.2503e-19
0.00074356
8.037e-75
3.9885e-100
2.3466e-51
6.1091e-14
7.4971e-35
1.8983e-29
0.0027878
0.0008005
1.1387e-08
3.8416e-24
4.5307e-09
2.3597e-74
7.1594e-51
4.463e-51
0.00090902
3.6768e-35
1.0155e-62
1.818e-86
0.0010825
0.00050657
1.002e-23
7.5849e-87
3.4531e-51
7.5385e-19
5.2836e-24
1.3779e-45
3.0653e-29
1.1447e-45
1.0591e-08
0.0035265
0.0015416
4.7266e-51
9.02e-35
1.9863e-45
1.0487e-08
6.205e-81
8.2718e-14
2.2977e-29
8.7708e-19
3.4238e-51
3.3126e-24
1.6225e-29
2.2843e-08
1.8931e-24
9.7665e-57
0.00042833
1.6277e-62
5.9172e-46
4.4486e-08
8.2377e-14
9.3213e-87
6.7181e-40
0.00067853
3.2101e-74
3.9885e-100
1.8354e-51
1.6174e-08
3.3448e-40
6.2577e-19
3.3665e-13
6.0905e-24
8.4358e-09
7.6407e-57
8.7179e-46
8.6517e-14
2.3235e-62
1.19e-08
0.00049838
0.0012048
1.8906e-62
0.00059568
8.2974e-19
7.3922e-87
3.1603e-08
1.1734e-08
1.8349e-08
1.8172e-80
0.00040105
0.0017947
7.1343e-35
1.1602e-62
1.2719e-13
3.3054e-40
7.8206e-09
7.8386e-57
4.2331e-35
2.3481e-29
3.3588e-51
3.9114e-40
1.3165e-45
0.0012827
0.00086517
0.00065996
4.1562e-51
9.3669e-57
2.9834e-40
0.0009444
7.7086e-63
5.5759e-19
4.8135e-24
7.9227e-09
1.9254e-51
3.1851e-62
1.1267e-34
5.7898e-19
3.9885e-100
3.9885e-100
8.359e-19
1.5816e-34
0.0013702
9.0494e-35
2.1234e-51
4.9387e-19
2.2863e-40
8.7219e-35
0.0018931
1.3213e-40
1.0571e-08
4.1439e-13
4.0561e-57
8.7966e-09
9.4545e-81
3.9885e-100
9.4709e-19
2.2171e-80
2.5955e-35
3.9234e-93
2.2182e-08
1.0492e-18
0.000699
3.6228e-40
3.9885e-100
1.8436e-13
4.6846e-09
6.2999e-14
4.8077e-14
5.4304e-24
2.4031e-51
1.1506e-34
2.7156e-35
7.6044e-09
2.443e-24
3.8247e-24
1.0067e-62
1.4607e-08
1.6497e-62
3.3676e-14
2.1569e-40
5.5378e-14
1.0159e-62
2.2633e-51
2.2617e-28
1.6937e-80
0.0007087
0.0015219
7.2598e-24
1.5934e-08
2.0221e-51
0.0014308
4.1765e-40
1.1346e-07
1.0363e-56
2.0402e-45
0.0009824
2.2075e-13
3.9885e-100
1.7044e-29
2.9522e-51
1.0128e-13
7.9092e-09
8.9032e-46
9.5494e-87
2.7513e-45
2.1077e-29
2.9959e-29
2.0669e-13
4.3114e-19
6.8083e-09
1.2985e-62
0.0022118
1.1892e-08
4.3232e-51
1.9423e-56
9.9955e-14
9.6826e-35
7.8009e-19
3.9885e-100
1.5609e-45
1.3096e-08
9.8659e-30
6.3088e-57
8.8302e-09
5.25e-68
2.5784e-68
1.1081e-34
1.1605e-39
1.063e-56
1.5056e-08
7.9013e-19
6.8643e-40
3.268e-51
3.3088e-24
1.3742e-24
9.9673e-09
6.6427e-46
1.1503e-23
5.9066e-24
1.3714e-45
5.4503e-40
0.0012177
5.828e-19
1.0048e-34
2.1969e-68
1.0853e-80
1.2835e-08
8.0019e-09
5.9124e-19
1.0932e-34
3.9885e-100
0.00080002
6.1302e-51
0.00059552
2.4174e-13
5.8974e-08
7.0922e-46
7.6886e-09
0.0012337
1.9215e-18
1.5859e-80
4.2884e-19
6.9289e-19
1.1386e-08
3.1343e-24
7.7752e-69
4.4245e-35
0.0015136
4.5341e-35
8.6634e-87
0.0010964
8.3269e-46
1.0417e-08
2.3176e-40
1.9118e-29
1.3687e-62
6.1657e-40
2.7122e-23
1.9829e-29
0.00085224
6.2669e-69
2.871e-51
3.3173e-40
6.2975e-19
1.9474e-51
0.0011081
3.9885e-100
7.0282e-19
4.7503e-35
5.4695e-19
1.0917e-18
0.00051677
5.2698e-35
1.7416e-80
3.74e-24
9.8322e-09
9.8506e-09
8.0457e-75
7.8749e-14
6.7146e-14
4.4735e-19
6.8241e-14
1.8975e-68
0.0010828
7.3112e-19
3.4727e-57
1.82e-34
3.5668e-57
3.9885e-100
1.1691e-68
5.4914e-24
1.4738e-23
2.9218e-40
0.00042699
2.4337e-57
2.266e-19
4.7076e-51
1.5613e-08
0.0011282
4.451e-24
1.2093e-13
5.6202e-14
8.2466e-35
1.6799e-62
2.1238e-18
2.4276e-29
1.413e-40
9.8496e-87
0.0024557
0.0015813
2.1769e-24
2.0187e-68
1.8701e-13
5.5752e-19
4.428e-19
5.6433e-63
1.1945e-39
3.1428e-51
9.0953e-41
1.0102e-13
5.687e-24
4.0653e-35
0.00051786
1.1171e-34
7.5548e-35
1.151e-80
0.0024263
2.8386e-51
2.1368e-08
3.5828e-19
0.00074103
3.4327e-19
0.0003308
6.3353e-14
3.9885e-100
1.3077e-29
0.00060482
7.5353e-24
0.0006296
0.0015728
3.1754e-19
3.9885e-100
1.5228e-40
1.7749e-13
6.5843e-75
4.2496e-29
0.00099972
6.7061e-24
3.8094e-19
9.5256e-14
4.2358e-93
6.3958e-14
1.0834e-68
2.4143e-19
8.7372e-09
7.9359e-57
3.9885e-100
4.5896e-51
9.0533e-19
0.0010334
2.1044e-14
1.0189e-45
1.1453e-08
3.9885e-100
2.4911e-40
2.2703e-29
5.753e-57
0.0013865
3.9885e-100
0.00047485
9.1053e-57
6.4386e-29
7.4374e-46
6.7124e-24
1.3882e-13
2.122e-40
4.6877e-09
0.00081215
1.638e-92
1.6148e-13
7.4073e-19
4.7344e-57
3.5722e-29
1.0367e-18
3.2217e-51
4.8318e-24
3.1118e-35
1.422e-08
1.4313e-08
1.5767e-08
2.0352e-08
6.6415e-19
1.5906e-24
1.0884e-92
0.00033661
4.9532e-93
1.7362e-51
4.1531e-35
1.3731e-08
1.6248e-40
8.5787e-30
1.2049e-51
1.7525e-57
3.0125e-24
5.4623e-19
5.4653e-46
1.1086e-74
2.1359e-74
4.5203e-81
3.7791e-19
6.3119e-35
5.1753e-87
6.6898e-30
3.9747e-40
4.6819e-19
2.9719e-51
5.2212e-57
3.9285e-35
3.189e-24
1.5162e-62
7.8003e-19
8.5673e-35
0.00094267
7.931e-09
1.3818e-08
4.3703e-24
1.3799e-13
2.2623e-34
1.657e-40
1.4363e-56
0.0005821
2.5321e-51
3.4885e-14
2.0446e-62
0.00043405
9.9188e-35
2.448e-40
2.0087e-74
8.4468e-35
0.0014075
4.4645e-40
1.9521e-13
1.6734e-74
4.104e-18
2.138e-19
3.8525e-93
0.004018
9.3073e-09
8.2071e-35
2.9238e-80
8.138e-24
1.0404e-13
0.00090435
4.6298e-19
1.904e-40
2.8769e-93
0.0011524
1.8426e-24
1.2614e-07
2.2977e-74
2.4079e-45
1.8205e-51
8.3139e-09
2.6108e-14
1.8888e-29
9.4427e-35
7.1895e-08
0.00097967
1.9969e-34
9.7538e-14
0.0006726
3.8979e-29
2.4562e-24
1.4753e-29
6.6245e-19
9.824e-30
8.5492e-19
2.0753e-19
1.0337e-34
4.3525e-81
2.5054e-40
1.5356e-62
3.9885e-100
5.0819e-30
2.2664e-34
5.8856e-35
1.9991e-13
1.9733e-34
4.1127e-57
6.5969e-24
1.0318e-86
1.1253e-08
9.9289e-30
2.2012e-29
1.1594e-13
9.3359e-30
3.2799e-14
9.9089e-30
3.865e-57
5.1835e-24
1.7402e-08
1.9093e-62
3.3214e-62
2.1209e-56
4.8638e-57
2.6702e-13
2.198e-13
7.2559e-09
9.3559e-35
1.7031e-40
3.6999e-29
2.0091e-23
3.2052e-40
5.7708e-81
1.0875e-29
3.9885e-100
0.0012276
7.7218e-35
0.0014628
8.595e-93
3.4172e-24
1.2985e-80
2.6987e-51
1.8164e-74
2.227e-08
0.00065621
8.5576e-14
1.4496e-13
1.8653e-13
4.7181e-19
6.1507e-81
0.0017254
0.0012905
1.0496e-45
1.226e-34
1.004e-45
0.0019094
1.1385e-45
1.1449e-51
9.1918e-41
0.001325
0.0010387
1.974e-45
1.7192e-18
1.076e-29
1.5049e-29
3.9106e-14
6.9277e-35
9.9225e-41
2.7821e-19
2.4015e-51
9.3778e-19
6.0276e-46
5.6433e-75
1.2524e-23
1.8724e-51
9.2186e-09
4.8476e-35
1.2694e-68
2.8111e-29
2.3761e-08
1.2251e-92
6.2353e-14
0.0012557
7.8128e-46
6.4701e-46
0.0014162
2.7309e-24
8.4623e-14
9.4587e-09
5.6326e-19
3.1555e-29
9.3907e-63
8.5111e-09
3.9656e-24
1.6498e-34
3.9885e-100
3.9885e-100
3.5754e-14
2.1025e-24
1.3493e-68
0.00061492
1.9518e-45
2.0231e-51
1.6267e-45
7.1883e-35
1.9398e-08
3.9885e-100
0.00079629
5.5044e-19
8.6979e-46
3.9885e-100
3.7479e-19
5.2465e-57
9.1306e-14
3.1759e-24
9.1872e-46
1.2178e-40
1.7492e-93
4.0705e-19
9.1489e-14
0.0008618
5.3945e-24
2.2651e-40
1.0037e-23
4.3224e-24
8.5592e-19
7.1254e-87
1.3827e-51
2.4667e-34
8.0507e-35
1.2262e-74
2.2917e-24
6.9911e-35
1.1779e-51
1.8398e-40
6.129e-24
4.1727e-14
1.5144e-80
1.0595e-68
3.9885e-100
0.00097498
1.407e-45
3.9885e-100
7.3627e-81
5.2627e-57
2.0739e-19
1.0375e-34
6.7984e-34
1.204e-08
1.0678e-18
0.0019516
0.00093133
2.2182e-62
5.062e-29
5.3038e-51
2.1984e-40
2.1538e-45
6.4223e-13
2.843e-19
2.9577e-24
0.0023555
8.4732e-09
1.8157e-29
3.5525e-57
8.1891e-09
1.8431e-08
2.8374e-29
8.133e-69
7.3171e-09
7.4575e-40
1.1516e-23
2.7607e-68
1.2141e-08
7.5787e-24
0.00069024
8.9955e-69
1.3934e-29
5.6461e-63
3.7051e-35
0.0013126
1.6462e-13
1.2439e-51
1.0911e-56
2.1906e-29
4.1364e-19
1.5099e-08
3.4364e-57
0.010876
6.6038e-51
8.8379e-24
0.0017392
6.9773e-30
9.835e-51
4.7857e-14
3.93e-24
2.0815e-08
7.9233e-24
7.435e-24
1.2484e-51
5.0198e-24
5.9655e-35
0.0011336
6.3697e-35
0.00089543
8.7079e-09
7.9346e-35
4.2742e-51
1.4734e-13
3.8097e-09
8.5699e-46
0.00053386
2.9061e-93
1.2347e-45
2.4657e-45
5.4689e-93
8.5429e-35
1.4548e-34
3.7041e-08
2.6473e-51
3.4704e-19
1.9701e-08
4.3313e-35
1.4496e-40
3.9885e-100
0.0018918
7.7545e-09
1.2206e-34
1.4175e-68
1.0197e-51
5.2175e-14
0.00047665
2.9345e-35
3.4547e-29
7.5115e-35
3.4368e-57
6.5574e-93
0.00083296
7.68e-14
0.00054167
5.7316e-09
1.5639e-62
2.6317e-23
1.7899e-24
4.9944e-51
0.00069129
3.0274e-57
1.9787e-45
2.7371e-40
8.8806e-35
7.8656e-24
7.6526e-09
4.4776e-40
6.4783e-46
3.5322e-24
1.0111e-13
4.107e-14
3.9885e-100
1.2906e-13
1.1502e-18
7.9547e-19
1.0445e-18
5.7823e-19
1.4245e-51
8.6999e-51
7.3615e-35
0.00052052
0.00090408
3.9141e-19
6.9767e-57
5.2536e-35
3.9447e-24
3.9415e-19
1.7343e-68
3.2498e-08
3.604e-63
9.2054e-46
1.8985e-40
6.3602e-24
1.0358e-80
1.5355e-13
3.3753e-34
4.4653e-51
0.00056238
6.8254e-30
3.8583e-35
0.001137
1.9353e-51
2.7028e-29
1.49e-40
1.9371e-40
3.6798e-29
3.0389e-19
1.2674e-18
7.8292e-46
6.2261e-14
0.00082172
0.00083827
3.9885e-100
5.8913e-19
0.001119
0.00037792
1.3516e-68
0.0020748
9.4327e-63
2.0525e-24
2.4398e-74
2.3034e-29
1.1949e-74
4.1206e-62
6.5998e-14
4.2975e-40
0.00051462
1.0644e-08
1.0661e-08
1.6249e-62
1.8314e-74
1.6844e-13
0.001351
1.123e-51
1.4511e-29
7.8009e-87
8.4079e-19
1.3268e-86
7.045e-09
1.3709e-86
2.9454e-19
6.9101e-29
2.5074e-24
0.00085553
1.4649e-13
4.0755e-24
2.469e-40
2.9783e-62
1.3268e-74
4.5929e-14
3.9885e-100
1.3397e-68
5.4563e-19
0.00053633
2.6394e-51
1.3365e-62
7.6603e-14
4.6268e-93
0.00074256
4.1714e-19
0.0002713
0.00092992
1.2276e-92
0.001141
1.6979e-34
9.4536e-14
4.6857e-19
0.00074982
4.843e-09
2.7703e-24
3.5751e-24
0.00099382
2.2178e-08
3.845e-51
0.00056817
0.00059369
0.00093457
6.3728e-81
0.00035451
0.00058472
1.8128e-93
9.7382e-30
1.0322e-29
6.3598e-14
8.1738e-30
9.2711e-30
7.1009e-24
8.386e-57
1.9245e-68
1.219e-08
2.7904e-51
0.00073534
8.9503e-19
6.3452e-57
2.6334e-29
1.3967e-29
6.9264e-35
3.4678e-51
3.9992e-57
3.5174e-19
8.5806e-19
3.0648e-57
1.9062e-24
1.9364e-29
4.8828e-35
6.3238e-14
3.4088e-24
1.4758e-08
3.9885e-100
4.8135e-29
1.0972e-74
1.0972e-34
2.4386e-57
1.1193e-13
4.1152e-46
2.2609e-08
2.9918e-08
0.0013339
2.3473e-45
9.1662e-41
7.1706e-63
0.0011963
0.0004255
1.5084e-08
6.5699e-63
8.3401e-19
1.2596e-08
0.00077526
1.6199e-51
7.1123e-19
3.0963e-24
1.7564e-51
5.4032e-14
1.3247e-08
0.0022218
0.00050121
6.1214e-68
6.0619e-19
4.2757e-35
2.8763e-40
2.443e-24
4.9425e-19
8.8858e-14
0.00069068
3.2345e-51
1.8971e-29
9.3186e-24
3.0569e-57
7.2936e-87
1.2345e-08
5.9457e-40
3.3004e-19
0.00086363
3.0734e-19
4.1725e-24
3.4945e-40
0.00071207
2.4378e-08
7.7256e-14
2.9033e-29
3.9885e-100
1.0633e-13
1.4504e-45
1.3715e-24
5.5367e-09
3.9833e-46
3.2704e-35
6.7726e-14
8.3835e-35
0.00091034
3.8916e-29
6.2462e-14
2.1205e-40
9.6553e-14
9.3222e-19
7.1848e-09
1.1045e-13
3.0447e-08
1.0208e-13
4.508e-57
4.5689e-69
1.2511e-08
5.9026e-57
7.598e-14
1.0104e-23
1.3709e-80
1.485e-08
3.7991e-24
1.0068e-74
1.056e-13
6.6258e-57
4.3529e-69
1.5798e-68
2.6268e-57
9.0375e-14
0.0013555
1.9281e-29
0.00085448
1.8723e-51
1.681e-45
5.7002e-14
4.2084e-08
9.387e-14
3.2325e-51
0.0033512
1.1239e-34
2.7332e-57
2.0411e-29
3.9885e-100
1.6451e-68
4.9845e-57
1.8348e-29
0.00097064
1.2714e-18
5.1032e-35
1.9381e-51
7.3885e-09
5.4447e-29
3.6745e-13
2.7831e-24
0.0018342
1.221e-68
1.19e-29
3.2231e-24
0.0019651
2.8437e-80
5.3601e-57
0.0012537
5.0704e-29
6.6848e-24
9.2191e-35
1.7796e-18
0.0012524
1.0045e-45
6.0247e-09
2.7408e-40
1.1859e-34
4.142e-24
3.9885e-100
3.014e-08
9.8532e-81
7.1606e-81
5.0827e-87
0.0011856
0.0005604
0.0012192
2.6677e-40
2.7549e-19
7.7005e-24
0.00063751
0.0012663
1.0015e-45
0.00085486
1.6305e-93
2.8237e-24
1.1767e-45
2.6022e-35
2.7148e-93
3.1377e-08
3.9885e-100
2.3697e-24
7.5592e-19
2.9492e-35
5.5962e-40
1.2051e-34
2.3975e-29
0.00028674
1.9135e-62
3.5765e-67
5.5694e-35
2.1916e-08
0.0014661
3.9885e-100
5.9714e-40
1.1982e-29
4.1467e-57
5.7965e-35
3.5952e-51
5.1698e-81
6.0102e-69
7.9264e-19
6.9948e-30
7.4808e-35
5.9316e-35
4.8704e-14
4.9487e-19
9.3669e-35
1.8269e-19
3.4222e-35
1.3907e-34
1.4979e-80
2.6109e-29
0.00068923
3.1355e-19
1.4698e-40
1.7412e-08
6.1796e-35
3.5057e-68
4.7745e-24
1.5742e-40
1.9244e-24
3.2641e-57
8.0959e-57
7.821e-35
2.0454e-24
4.2439e-18
1.3478e-08
1.6813e-40
2.2549e-57
4.4757e-13
2.6304e-40
4.662e-24
7.7658e-19
1.3276e-08
3.27e-19
2.9051e-57
2.5354e-08
1.1707e-29
6.595e-19
6.8014e-09
0.017103
3.2038e-35
1.9274e-40
3.381e-81
7.8674e-94
2.7241e-29
6.3571e-24
4.317e-57
1.2354e-08
3.9885e-100
3.8081e-35
1.0584e-50
3.9885e-100
4.5497e-14
3.9885e-100
1.3627e-57
1.0387e-29
3.8027e-51
1.4063e-13
4.1044e-57
8.553e-19
6.9368e-14
3.6798e-24
9.3085e-57
0.00092702
2.8033e-19
6.5442e-40
0.00039855
1.7385e-18
2.9285e-19
6.5621e-09
1.7644e-40
1.1797e-13
8.642e-57
1.4297e-08
8.2642e-46
2.3857e-19
2.4942e-51
9.0628e-14
5.9291e-24
2.1589e-57
6.0448e-14
4.4522e-40
2.9115e-51
7.3463e-81
2.6271e-19
1.1011e-68
8.9233e-19
4.3082e-08
6.2287e-24
7.6057e-35
1.0867e-08
8.8636e-19
2.8388e-40
4.0796e-19
0.001066
1.1584e-62
1.9599e-40
4.9054e-35
4.7487e-35
3.9952e-45
0.00053211
0.00088004
2.1557e-35
1.0376e-08
3.9379e-29
8.5912e-19
5.7831e-14
1.9171e-45
3.4175e-35
2.1899e-86
4.1104e-29
1.0314e-80
3.3653e-74
6.6977e-14
1.3956e-08
5.9864e-19
0.0012481
2.2762e-24
1.7321e-51
2.3844e-29
1.4599e-40
0.00071562
1.3736e-08
1.9526e-08
2.5508e-29
7.1054e-35
9.5823e-24
6.7876e-09
7.1003e-63
0.0008996
1.1355e-45
5.4452e-63
2.6161e-40
1.2271e-18
7.445e-40
1.4852e-45
1.6297e-51
9.6872e-35
0.0010928
4.6378e-87
8.7131e-14
2.1658e-29
2.9434e-56
3.9624e-57
9.3633e-46
1.0347e-29
1.5769e-29
1.6061e-45
3.2711e-51
1.1212e-86
0.00061546
1.055e-18
1.0215e-56
6.2488e-14
5.7376e-74
3.0423e-87
2.0123e-34
1.1479e-29
3.0084e-35
3.9885e-100
5.328e-35
1.4151e-18
3.9885e-100
1.6231e-62
5.3929e-35
1.6966e-24
1.1968e-18
0.00055357
5.3252e-24
0.00069719
1.027e-23
3.6234e-87
3.7302e-19
3.3679e-68
3.9885e-100
2.3066e-68
3.0926e-57
8.2906e-51
4.6506e-24
1.0981e-93
5.5331e-46
1.1345e-40
2.016e-08
8.4608e-09
2.6818e-24
5.3419e-14
1.4428e-51
1.6687e-62
4.4162e-35
1.3621e-74
1.2002e-29
6.694e-14
1.0458e-29
3.0809e-93
7.7368e-30
3.9885e-100
2.2924e-40
4.2864e-46
0.00095769
2.858e-29
4.1558e-24
1.0746e-51
1.0862e-13
4.7419e-40
3.9885e-100
1.4668e-13
1.6753e-29
0.0012121
1.077e-45
3.6018e-51
5.1199e-57
1.2792e-74
1.4851e-29
1.5211e-08
9.4992e-57
1.0258e-40
8.2127e-41
2.4803e-40
0.0034771
1.1049e-74
0.0012858
1.0087e-51
2.13e-40
1.4118e-40
3.526e-19
6.3759e-19
1.0729e-29
5.8685e-35
8.3941e-19
0.00053544
0.0014935
3.9885e-100
2.0871e-08
4.608e-18
8.5244e-09
9.6515e-14
3.268e-14
0.00096352
6.7201e-09
1.0967e-13
4.7558e-30
1.2866e-13
9.762e-57
9.0544e-19
5.5483e-09
0.0012273
4.3194e-19
5.6671e-19
4.6048e-13
1.7081e-08
1.1467e-68
3.4888e-18
3.1295e-14
3.9885e-100
1.6484e-62
1.8155e-40
2.797e-35
1.4322e-51
9.2009e-14
9.9043e-30
1.2645e-24
0.0013806
3.9885e-100
5.5931e-14
7.0275e-63
5.5183e-23
9.6853e-35
3.9885e-100
5.7093e-14
7.0088e-63
0.0006953
0.0017746
3.7813e-24
4.4293e-09
2.3356e-29
2.7011e-40
2.0643e-13
0.00033437
5.4503e-09
5.7391e-57
1.0198e-62
0.0012822
5.5472e-69
0.00062569
4.1804e-40
9.6743e-19
1.0688e-18
1.1854e-23
4.8092e-24
1.0375e-40
1.8112e-51
5.0336e-24
8.0382e-19
6.9673e-46
4.918e-09
2.3935e-08
1.6827e-29
8.025e-51
3.4203e-87
8.9681e-14
1.5129e-08
1.027e-29
9.108e-14
1.0476e-45
3.2583e-93
1.1424e-40
0.00059559
4.4487e-35
0.0014508
4.3874e-63
1.1442e-29
0.00064658
0.00044912
2.2164e-74
3.9742e-29
5.0356e-14
2.5329e-51
0.0013143
9.4271e-57
4.9073e-46
1.1429e-08
2.0741e-13
4.5107e-19
5.6149e-24
4.9402e-35
1.9683e-08
1.2384e-13
4.4981e-87
3.9885e-100
8.1708e-14
6.6577e-46
1.2076e-13
1.6701e-29
0.00028907
3.9885e-100
6.7238e-14
0.00073425
3.1368e-35
1.8548e-45
1.6352e-45
1.965e-29
1.6802e-13
5.7364e-63
2.6774e-24
6.5643e-87
1.2578e-29
6.6302e-63
3.0863e-24
1.5306e-08
1.8242e-24
6.4362e-40
1.1401e-29
5.5429e-29
8.1625e-46
3.9885e-100
6.5862e-24
1.8999e-51
1.9141e-93
4.6735e-57
2.7017e-40
1.9909e-08
5.5429e-57
3.141e-51
6.0799e-63
2.5878e-40
4.2337e-09
9.8623e-69
8.7325e-19
1.0562e-18
3.4211e-51
1.0597e-34
3.3261e-24
1.8151e-08
9.6762e-75
1.1458e-18
2.1113e-57
1.895e-51
1.6407e-45
1.7455e-40
9.5055e-87
1.2028e-56
0.0013642
1.6368e-24
1.0372e-08
2.5517e-08
6.6233e-19
4.178e-35
0.00052824
0.00038243
0.00090193
7.8938e-24
6.3766e-40
4.0609e-24
1.6757e-29
0.00064321
3.8712e-35
1.1005e-62
3.7342e-40
4.6042e-19
2.1077e-51
1.7752e-24
1.106e-18
0.00091212
7.4569e-63
4.3074e-19
2.2008e-29
2.0693e-08
3.9885e-100
0.0011346
4.3656e-24
4.4657e-40
2.6524e-34
2.134e-74
6.4463e-93
1.2037e-45
6.242e-24
2.2315e-24
6.4261e-35
4.3148e-14
1.0862e-08
1.9292e-13
1.2817e-86
1.2649e-34
0.00089938
0.001641
7.2309e-35
3.5161e-40
2.0583e-19
2.0567e-40
1.8552e-45
3.2121e-19
5.9725e-35
4.4571e-24
0.0016705
5.4746e-09
3.9885e-100
1.0633e-80
2.2431e-13
1.7913e-08
6.3301e-24
3.5825e-51
1.3402e-62
6.2302e-51
1.4302e-08
3.3549e-40
2.1436e-40
1.6525e-62
2.0861e-51
3.9885e-100
2.4613e-62
1.5474e-45
7.4086e-30
1.5151e-40
1.04e-68
1.3766e-08
1.4455e-80
3.8699e-93
0.0010325
0.0013245
1.7136e-62
0.0010174
2.947e-24
4.4502e-57
1.0995e-29
6.5718e-63
0.00054542
1.8632e-68
0.00059239
1.2444e-13
0.0014007
8.8461e-35
2.5534e-29
7.1775e-14
2.3155e-45
1.1255e-08
7.219e-40
3.8775e-57
8.1135e-09
7.7982e-09
4.8139e-63
2.412e-29
0.0017042
1.3688e-13
2.933e-45
3.9885e-100
0.0021499
0.00055444
0.0017803
2.6892e-13
3.9055e-57
1.5529e-40
2.2e-08
1.1206e-13
1.0088e-68
7.2253e-40
2.4964e-29
0.00056633
6.5071e-93
2.9072e-40
3.9885e-100
1.7077e-74
0.00089401
1.3401e-68
6.9309e-75
2.626e-62
6.4857e-34
8.7942e-14
1.7202e-40
0.0011024
6.468e-09
4.144e-57
0.0026216
1.4619e-29
1.1121e-18
1.6379e-13
1.1157e-40
3.9885e-100
0.00039218
4.6881e-87
1.6041e-08
6.2572e-14
0.0018713
2.6788e-29
1.2966e-34
1.6373e-08
6.9309e-30
6.8593e-51
1.5621e-40
1.5311e-34
0.00038887
0.00078069
5.5402e-19
1.296e-29
1.2471e-23
7.7231e-35
1.7875e-13
8.9352e-41
1.6645e-18
5.0875e-19
0.0010358
2.0695e-93
1.222e-62
8.01e-30
0.00059442
2.1913e-93
1.4925e-34
5.7015e-24
1.909e-08
5.8607e-14
5.5407e-19
1.3999e-40
3.7479e-93
1.647e-74
5.9127e-09
2.0281e-13
5.9735e-14
7.9798e-19
3.4485e-35
4.163e-87
9.5147e-35
4.2144e-40
0.00084051
8.2723e-19
6.6773e-87
3.1811e-87
1.493e-29
0.00078563
5.9907e-14
6.627e-81
8.5046e-35
4.4811e-19
8.4544e-63
3.7515e-19
1.4258e-08
1.603e-08
7.445e-63
5.7006e-14
1.5516e-40
1.4442e-13
0.0019785
1.0331e-08
6.3101e-14
3.9885e-100
3.1635e-08
5.646e-14
7.7401e-09
1.3971e-45
3.0634e-35
5.9665e-19
7.8103e-24
1.4039e-74
3.2388e-93
1.8312e-08
1.0657e-13
0.00053155
1.7475e-29
2.3497e-40
4.2946e-19
1.8285e-51
5.6002e-57
1.1948e-18
5.1329e-35
1.1646e-68
1.9057e-29
1.0356e-23
0.0027712
6.1412e-19
2.2292e-19
1.2502e-62
6.0806e-51
0.0036143
2.1144e-29
1.5898e-08
0.0029171
1.0319e-13
1.2483e-74
9.772e-46
2.7952e-23
3.7371e-19
1.5175e-80
4.8081e-09
1.3326e-29
7.8216e-19
0.00035772
1.7392e-29
1.1441e-13
1.3176e-29
4.9687e-51
4.6272e-24
3.6643e-19
2.1296e-68
9.7511e-35
1.2953e-80
6.4149e-24
3.2534e-40
2.7374e-24
4.2631e-68
3.1293e-34
2.3198e-51
4.3727e-40
1.5246e-13
1.3632e-34
6.83e-14
7.6756e-14
6.0362e-09
9.3359e-35
3.9885e-100
3.9885e-100
9.1981e-41
1.1831e-13
1.2035e-29
1.4474e-18
3.9518e-19
1.0544e-08
1.944e-24
9.8883e-09
7.2899e-46
5.9291e-57
1.3093e-24
1.8221e-51
1.3563e-45
0.0021423
1.2581e-08
1.539e-13
1.1592e-45
6.8235e-19
0.00059475
1.1268e-08
5.0198e-63
7.7619e-35
4.9825e-24
4.0961e-14
2.3324e-81
1.4091e-13
3.89e-40
5.8037e-35
2.5743e-57
1.1532e-34
2.0795e-74
1.1054e-56
5.4677e-57
5.1963e-19
9.3222e-69
1.7795e-24
0.00052974
5.5523e-29
7.7464e-14
9.9728e-14
1.2377e-08
5.0091e-24
2.3296e-68
4.8979e-35
1.1712e-40
1.8619e-24
0.00049055
1.6177e-45
1.4558e-51
0.00079775
1.2427e-29
5.3633e-51
4.5763e-09
9.4682e-57
2.2379e-68
1.0434e-29
1.1372e-62
1.7581e-68
8.3426e-57
1.3774e-08
1.2711e-62
3.8419e-08
1.7326e-18
3.9885e-100
2.1489e-93
1.8105e-13
1.4681e-08
9.3888e-30
2.8339e-24
0.0012622
5.6857e-09
8.4013e-14
2.1004e-51
5.0074e-51
0.0010568
5.679e-35
3.1927e-14
3.6601e-93
1.4996e-29
1.3613e-08
2.9076e-18
1.486e-34
4.1156e-19
1.0043e-80
3.9885e-100
4.2873e-50
0.0006983
1.0949e-08
2.4354e-13
0.00044943
0.00066361
2.0749e-62
4.7034e-19
1.296e-68
6.8029e-09
3.3301e-40
1.2005e-34
0.00062485
2.5528e-29
3.8206e-24
8.5652e-09
6.7112e-19
5.8039e-14
8.9112e-14
1.0468e-13
2.3921e-08
1.1565e-13
0.007007
1.3522e-08
1.2324e-34
5.3973e-46
4.1599e-57
2.1969e-74
7.3104e-14
5.6711e-14
2.4565e-74
4.9513e-24
5.9018e-69
9.7966e-14
0.0010845
2.3098e-29
0.001183
1.6428e-74
4.6375e-24
0.00042055
7.9543e-09
8.9145e-19
7.7422e-09
7.3506e-09
0.00089733
6.8707e-09
7.0326e-24
4.5242e-09
5.5166e-19
5.0126e-81
2.9236e-51
9.3186e-14
8.5956e-30
0.00070807
9.2666e-46
0.0011806
2.0994e-08
2.455e-08
1.4269e-29
1.7064e-13
4.4205e-19
3.9885e-100
1.9712e-40
5.7064e-14
1.6667e-68
2.9033e-35
1.3497e-08
2.6751e-40
1.2951e-51
2.9998e-93
1.8709e-08
5.8275e-87
4.9716e-14
4.7609e-46
5.9374e-87
3.2341e-24
1.5429e-74
3.0713e-57
0.0023916
7.7061e-46
7.9484e-35
1.7058e-62
7.5661e-19
8.5376e-14
7.2291e-81
3.9061e-93
2.1071e-93
0.00067216
2.2363e-51
1.3424e-45
1.9322e-51
1.6161e-51
2.4144e-24
2.1489e-13
1.0876e-08
3.7643e-46
3.9885e-100
4.3739e-51
1.1066e-13
0.0012963
8.7111e-30
0.00088488
1.8638e-80
8.3476e-81
4.8895e-29
2.8495e-24
2.923e-87
0.0019471
0.0011033
1.0372e-08
3.9885e-100
3.9885e-100
0.00059893
1.2903e-40
0.0017399
1.3119e-45
1.1809e-45
3.2625e-40
4.7859e-35
5.5291e-14
0.0007217
1.9891e-29
2.6052e-29
8.9045e-35
1.7607e-57
3.9885e-100
3.3716e-93
6.7243e-30
1.976e-40
3.3299e-51
1.3375e-45
6.9019e-24
3.1353e-40
1.1129e-13
2.2677e-40
2.0959e-34
3.0979e-40
1.2882e-68
3.1456e-40
1.483e-13
4.8497e-19
4.2607e-57
2.2143e-24
5.3213e-87
4.778e-24
1.3314e-51
1.4723e-74
2.5799e-34
1.8581e-08
1.7777e-24
3.3755e-24
2.3727e-24
1.1011e-45
2.1763e-24
1.0324e-68
5.5665e-19
9.0764e-19
8.7545e-19
1.8429e-13
2.3263e-40
3.9885e-100
3.9885e-100
2.2209e-51
3.704e-35
1.6055e-68
5.5005e-63
2.5926e-39
7.8141e-29
1.2221e-45
5.1911e-46
1.5778e-74
3.4273e-51
1.3139e-08
1.8074e-08
3.4418e-68
3.9885e-100
1.612e-74
8.4016e-63
9.0955e-09
0.00065167
1.5061e-29
1.1361e-45
1.3103e-13
1.6905e-18
3.5326e-24
1.9344e-18
9.3122e-69
2.1213e-68
6.922e-63
5.225e-09
0.0019344
1.4774e-23
1.3213e-08
1.1446e-08
2.7388e-19
7.7814e-63
3.9885e-100
2.7681e-13
2.3805e-24
0.0012473
1.951e-08
1.894e-13
9.2601e-30
1.7153e-34
4.2351e-35
2.905e-24
2.7931e-08
3.4301e-40
2.1164e-51
1.9829e-51
8.9422e-35
9.3432e-14
2.6103e-19
0.001064
1.1502e-56
4.5369e-19
2.2077e-51
0.0014006
5.7749e-19
3.3763e-14
7.4988e-14
3.9885e-100
1.8124e-34
4.4977e-57
1.4021e-13
1.023e-08
4.1753e-09
1.1497e-18
8.6446e-14
2.2612e-24
0.00064548
4.5783e-09
6.0024e-19
4.2204e-87
5.882e-14
5.2306e-19
1.6361e-40
1.6838e-51
3.316e-19
1.217e-18
1.3031e-24
1.5326e-13
1.5206e-34
1.7286e-45
1.0523e-45
2.6001e-51
1.1931e-68
1.0525e-74
1.2704e-51
9.1407e-57
0.00061774
4.6239e-45
5.8658e-09
4.9457e-19
0.0019018
4.8614e-35
4.9741e-19
9.9499e-81
1.4269e-13
3.2401e-08
1.3711e-51
2.2016e-13
1.2282e-29
4.1515e-63
2.7404e-93
7.1644e-63
3.9885e-100
8.5787e-35
7.1731e-35
1.0728e-45
9.2483e-35
3.525e-35
3.9885e-100
4.5254e-69
3.3322e-74
8.5282e-14
5.81e-40
1.9548e-51
1.9171e-62
3.9885e-100
3.0195e-45
5.2564e-35
3.3719e-29
0.001089
3.0188e-24
5.542e-19
1.8969e-29
8.9252e-19
0.0010531
1.2552e-29
1.2673e-13
6.8122e-19
1.0497e-68
4.4111e-57
9.4271e-63
3.8859e-51
1.2089e-34
5.5639e-24
1.9278e-18
1.5938e-80
1.1471e-08
1.563e-34
1.4311e-74
5.2254e-08
6.7407e-19
5.8549e-19
1.4583e-08
3.0065e-24
3.7008e-34
5.5052e-24
8.4274e-35
1.1625e-13
1.7727e-45
4.5666e-24
9.8933e-63
3.9885e-100
5.0597e-40
3.538e-40
1.7921e-68
0.00088757
5.9192e-24
3.9885e-100
2.471e-40
1.3188e-29
8.7927e-35
1.2917e-74
3.303e-35
1.8291e-45
3.573e-40
1.1338e-29
0.00079646
0.00049249
1.025e-80
6.0076e-14
3.1527e-57
4.2822e-93
1.0479e-62
3.4587e-08
3.8491e-19
1.3029e-51
1.7933e-40
7.6596e-35
1.0942e-08
2.6939e-23
1.4504e-18
8.9478e-19
4.6172e-57
0.001821
1.0339e-34
1.5758e-45
3.1108e-51
0.00086066
9.5895e-24
3.9885e-100
0.00077418
6.5498e-35
3.9885e-100
2.5901e-29
4.5718e-24
4.8005e-18
3.038e-24
1.1279e-56
1.4035e-57
4.9462e-87
3.7674e-24
7.8938e-35
2.6362e-29
7.9319e-09
9.4307e-41
1.3752e-34
1.0938e-51
0.0011863
2.0393e-24
5.8332e-14
1.1722e-18
1.3937e-51
9.7172e-14
7.3482e-14
0.00073242
2.8913e-24
2.4065e-13
0.0011911
6.8787e-19
1.0932e-62
9.21e-75
3.086e-93
8.0806e-09
1.867e-51
6.7959e-35
1.2297e-13
0.0013137
6.2361e-24
0.0010952
7.1411e-35
4.3932e-40
5.9758e-57
2.5482e-74
4.3083e-57
1.4043e-29
4.4174e-13
3.035e-80
1.8704e-34
7.9729e-19
9.7511e-69
3.8514e-13
6.9385e-09
4.4882e-57
3.3261e-51
2.6178e-14
2.2542e-34
1.6619e-19
0.00051192
1.2488e-18
5.3568e-19
1.4063e-18
5.8329e-29
5.7435e-35
6.418e-19
6.9628e-63
7.4627e-14
1.5459e-08
1.6013e-62
5.5844e-45
3.9885e-100
1.0881e-13
0.0010069
7.1408e-14
3.6993e-29
1.0394e-08
5.4832e-35
0.0005666
3.4304e-40
1.455e-68
8.3677e-69
1.0547e-68
1.5978e-29
7.1626e-14
9.5941e-46
1.0325e-34
9.4636e-14
2.7705e-51
1.8674e-08
4.9473e-14
6.2261e-19
2.6332e-24
1.6767e-51
0.0011346
5.7042e-14
1.9353e-74
1.1927e-18
1.0648e-62
3.9885e-100
1.7569e-40
2.6296e-29
3.9885e-100
9.7811e-14
3.0512e-29
1.4368e-29
7.735e-57
2.3753e-51
8.8567e-35
1.4272e-08
0.0020215
2.1098e-23
1.2667e-23
9.8505e-19
4.4028e-24
4.2339e-81
3.5736e-51
0.00086515
2.5163e-51
4.2769e-74
3.7284e-68
1.5506e-40
0.0037548
7.2604e-29
3.2554e-62
1.8926e-80
5.8669e-35
1.1344e-08
2.0457e-40
6.2084e-63
8.5498e-63
9.3286e-46
2.6947e-68
6.6239e-19
1.0327e-18
3.9885e-100
9.4964e-09
2.4773e-45
6.4299e-57
6.0643e-19
2.9125e-24
0.0040723
4.3055e-29
2.9757e-19
7.8279e-81
6.1505e-14
1.6986e-29
7.7928e-69
6.0225e-57
2.119e-29
1.5465e-08
3.6081e-35
4.6687e-87
6.7306e-63
0.0020232
4.8103e-09
2.2296e-62
1.8654e-13
4.6683e-09
1.2162e-29
1.1988e-29
1.6704e-51
7.2768e-30
8.9842e-69
0.00050476
6.2969e-35
0.0011455
1.5254e-13
3.7773e-68
1.1825e-62
2.3286e-40
4.5279e-51
6.5837e-75
1.8029e-40
1.3342e-74
2.5485e-80
9.9188e-41
0.00049178
8.6283e-19
7.0765e-19
1.5934e-51
1.2913e-18
3.1797e-34
4.324e-35
3.9885e-100
6.4407e-30
7.268e-14
1.0431e-29
2.0736e-40
1.1752e-68
0.00057504
1.4538e-29
2.614e-93
3.4658e-51
1.206e-13
0.0012818
0.0010094
1.0803e-08
6.3433e-62
1.9917e-24
6.6295e-19
6.3709e-51
6.6666e-09
5.5994e-19
1.3985e-68
8.6001e-14
1.9804e-29
2.1491e-40
1.2612e-34
0.00093524
2.1209e-13
5.1417e-14
3.5859e-57
1.0746e-18
0.0011174
8.3709e-30
1.2679e-08
8.3534e-30
2.5922e-57
1.2258e-13
9.8806e-94
2.1875e-24
8.5481e-14
0.00066541
3.2376e-08
4.3498e-35
1.1207e-34
1.3816e-68
8.5422e-46
2.6394e-40
1.1464e-80
6.5302e-14
1.8844e-68
0.0018306
7.3947e-30
1.1054e-51
3.0738e-13
2.1715e-57
9.0733e-24
7.5409e-35
2.9043e-80
9.8313e-63
8.7398e-14
0.0010612
8.325e-52
1.4118e-51
1.3479e-40
2.573e-51
1.6482e-40
2.9218e-51
1.2e-13
7.2774e-19
0.00093326
1.7744e-19
1.4093e-13
1.4539e-13
0.0010273
5.1122e-24
1.258e-08
1.8745e-29
3.9885e-100
6.8813e-81
3.3074e-40
7.3916e-69
7.0407e-19
2.5505e-29
0.0005052
3.2091e-40
1.3598e-80
2.111e-29
4.2528e-24
0.0017007
1.8787e-57
2.9131e-40
1.6631e-68
5.5844e-63
2.9389e-57
5.2278e-51
6.6563e-14
1.412e-18
5.1242e-87
8.7971e-35
3.5161e-68
0.00080786
5.0718e-14
5.3568e-57
5.4697e-35
8.0212e-57
1.4287e-80
9.6169e-19
1.9349e-68
3.2758e-57
5.7658e-09
6.0377e-09
6.3157e-63
7.7199e-69
1.1761e-62
6.6075e-46
8.8543e-51
8.7568e-14
8.1709e-14
1.5461e-24
1.3309e-29
6.6904e-35
3.9885e-100
2.5482e-24
1.0234e-74
1.694e-08
1.5575e-24
0.0003944
4.3162e-40
3.1043e-29
9.653e-09
9.0658e-40
9.9335e-09
7.0162e-35
2.4299e-51
5.4257e-40
1.7991e-29
0.0018644
9.4226e-87
7.4971e-93
0.0011503
1.4552e-18
1.6419e-29
9.8431e-81
1.6752e-74
1.8966e-08
1.6909e-24
9.0589e-75
1.1129e-13
3.485e-57
1.0944e-68
1.3243e-74
1.2503e-08
2.8653e-29
1.4309e-08
5.7344e-57
1.0902e-18
2.3813e-18
5.0763e-46
4.2346e-51
3.3523e-35
7.5932e-14
4.4902e-40
4.9764e-19
9.1173e-30
6.725e-46
1.1976e-80
1.0825e-45
1.4979e-29
2.5806e-51
2.0091e-08
1.4972e-29
4.2544e-19
0.0014799
1.1343e-08
1.0304e-34
4.2848e-19
4.3295e-40
9.5751e-09
9.8413e-46
7.9422e-19
4.4364e-87
2.1575e-51
4.3283e-29
1.3329e-18
8.305e-35
1.0818e-86
3.9885e-100
9.0306e-35
2.5337e-51
5.1982e-75
3.9885e-100
1.3639e-62
2.3238e-08
4.07e-35
6.6967e-35
1.6801e-40
1.4271e-29
6.4682e-35
5.4261e-57
7.1286e-40
1.194e-18
1.522e-29
1.3435e-13
3.4368e-51
1.0328e-80
1.0451e-56
2.2687e-29
4.5958e-24
0.00171
4.5203e-51
4.6543e-09
3.4457e-24
4.3086e-35
1.0972e-45
1.9515e-62
9.0457e-35
0.00073795
0.00035461
9.9743e-09
6.0733e-09
3.0363e-24
0.00058007
2.6766e-08
0.0011588
9.8906e-14
6.1207e-09
7.1187e-13
2.6602e-87
8.6572e-14
3.9885e-100
5.4867e-24
7.7959e-24
0.0011561
0.0018944
6.976e-30
6.5166e-40
1.3504e-29
1.9738e-62
6.1317e-29
3.2411e-29
1.8084e-80
8.3351e-24
1.1425e-29
1.4041e-45
0.0006208
3.2046e-19
1.1358e-68
2.3197e-68
8.2837e-09
1.3413e-29
6.4207e-14
4.3675e-09
3.9472e-40
4.8373e-57
2.1093e-40
3.7122e-51
6.976e-24
1.0894e-18
5.104e-57
9.1192e-46
1.7029e-68
7.0369e-19
7.7061e-81
3.9168e-40
7.381e-35
3.473e-29
8.8904e-14
5.9014e-19
0.00070135
2.9804e-29
2.6039e-29
2.7549e-51
7.3363e-75
3.4576e-19
1.3981e-29
4.2651e-87
2.3087e-08
2.6528e-51
0.0012172
1.5814e-18
2.7266e-29
5.4847e-46
2.9167e-29
1.2522e-23
2.3226e-51
3.8826e-19
7.9661e-46
7.5205e-14
0.043831
8.875e-87
4.9275e-40
3.9907e-19
0.0010563
3.9885e-100
4.4637e-24
0.00065375
0.00047674
0.0016809
2.1459e-29
3.5965e-24
5.918e-19
2.8438e-14
7.6854e-46
3.4919e-51
3.8013e-29
1.0746e-18
0.0026695
7.5774e-30
7.5134e-41
1.239e-24
1.7913e-62
0.00066849
1.1169e-08
9.3304e-19
3.5436e-51
4.5915e-87
3.9069e-57
1.1948e-74
5.3131e-19
3.9885e-100
0.00069239
1.1102e-34
1.1734e-13
1.3275e-40
1.2457e-29
3.9885e-100
6.9073e-09
2.1739e-40
3.0755e-14
2.2715e-80
4.4298e-14
4.0803e-57
1.3012e-08
4.1647e-14
2.6003e-68
9.1817e-30
0.0031673
2.8694e-08
6.8254e-19
1.2101e-45
1.1837e-13
0.00076371
0.0016325
4.0466e-13
2.5411e-51
1.3197e-68
3.4787e-93
2.0358e-45
5.4464e-51
5.4763e-87
8.32e-46
1.477e-34
9.0457e-75
2.8033e-56
4.4811e-19
3.5033e-57
1.7301e-68
1.1017e-45
4.8883e-29
0.0018638
1.362e-29
7.8493e-63
3.9885e-100
2.1262e-29
3.1044e-19
7.2784e-09
3.0503e-62
7.0507e-30
0.0011626
1.0199e-86
8.1555e-57
2.7879e-62
1.399e-62
7.2027e-46
5.81e-14
6.9397e-63
7.4481e-35
9.2867e-35
5.049e-14
1.4373e-34
5.5515e-57
0.0014592
4.4614e-40
0.00081592
5.5659e-46
3.1916e-57
0.0014881
5.6161e-35
5.8282e-24
1.0956e-51
1.0227e-08
0.0011834
3.9885e-100
1.2815e-40
3e-40
5.6118e-35
3.3076e-93
1.0008e-08
4.0759e-24
0.0024775
3.1186e-19
2.8801e-40
1.0442e-62
4.5222e-19
1.4729e-34
2.0224e-74
0.0020964
1.275e-08
5.4859e-24
5.7776e-75
7.9384e-69
3.5985e-14
3.113e-57
3.4723e-40
2.5286e-08
2.3169e-68
8.4945e-51
1.3653e-23
2.5967e-40
1.24e-68
4.41e-57
2.2573e-18
5.3556e-35
8.102e-14
3.1291e-08
8.4449e-24
4.6538e-09
4.2873e-40
9.8094e-19
4.8695e-14
1.9341e-74
3.4741e-29
9.6196e-57
0.00077604
8.6069e-09
8.7519e-30
4.8428e-87
2.648e-40
1.9054e-13
7.6986e-30
1.9604e-57
5.4411e-19
2.2042e-40
1.9533e-45
0.00075008
0.00083826
0.0012097
2.7829e-68
1.5045e-80
1.2084e-13
1.1345e-40
1.4008e-13
1.4163e-13
3.7769e-51
5.8267e-57
1.23e-29
2.5715e-74
3.6528e-68
1.3874e-45
1.1595e-51
8.1819e-24
9.5841e-19
1.824e-57
7.4488e-30
5.937e-63
8.7343e-19
7.9635e-63
5.6683e-40
4.8302e-09
6.7871e-40
1.0164e-23
2.8131e-35
1.9752e-68
5.4203e-14
8.9653e-46
1.5525e-29
1.2556e-29
5.1828e-19
5.2255e-57
2.6949e-29
5.2369e-24
3.1144e-93
3.4624e-19
3.5902e-45
1.3244e-40
8.9986e-46
0.0010325
1.5775e-18
2.9376e-24
6.2116e-14
0.00085114
1.7408e-29
7.155e-87
3.9885e-100
1.3047e-34
6.4193e-29
0.00082386
5.6557e-24
0.0035542
1.486e-13
2.7896e-68
3.9885e-100
1.9668e-24
4.8423e-09
1.284e-74
5.41e-63
3.3355e-57
6.1348e-14
8.5549e-19
2.5667e-45
6.866e-14
3.9885e-100
3.9885e-100
1.3574e-62
1.7766e-24
0.0005517
7.6653e-46
8.3389e-19
8.2152e-24
3.618e-63
1.4609e-29
1.029e-18
1.0603e-34
1.227e-80
3.9124e-35
1.8171e-19
5.1258e-35
6.0717e-14
6.2203e-35
5.6297e-14
4.4847e-69
7.7922e-52
1.1119e-13
5.8775e-19
1.2039e-45
8.111e-19
2.8623e-51
9.2693e-57
0.0012207
4.8895e-46
1.181e-13
9.7464e-14
1.7503e-29
2.9916e-87
7.0208e-14
8.0978e-63
2.0358e-23
2.3338e-24
2.0454e-13
0.002089
0.00087363
4.9493e-24
2.2132e-24
2.5068e-13
5.2568e-14
1.8113e-40
1.8758e-40
2.132e-29
5.3209e-35
0.0044596
2.7287e-19
3.5491e-14
6.882e-81
1.4761e-80
1.1801e-13
9.2392e-69
0.001198
7.9402e-81
4.1092e-19
1.1955e-13
7.6491e-09
3.1412e-24
1.9702e-29
1.7842e-34
1.0953e-08
1.2412e-08
7.3659e-19
2.2967e-57
0.0012636
1.4331e-18
0.00090893
6.8606e-19
1.301e-45
8.5768e-19
6.9158e-69
4.1171e-63
8.8593e-19
7.1086e-14
7.6754e-19
1.5899e-34
1.2358e-40
3.3732e-19
1.6141e-08
2.8773e-18
1.9712e-45
1.5386e-29
9.3642e-14
1.3556e-80
2.7158e-40
1.0281e-68
4.8404e-35
0.0015242
1.4889e-08
1.0705e-29
1.3216e-62
1.4824e-93
4.1479e-24
1.5535e-62
5.6826e-35
7.2729e-19
1.1645e-29
1.6661e-80
0.00054104
0.0013824
7.4274e-35
1.0868e-08
1.0805e-13
3.9885e-100
1.0146e-18
9.825e-75
3.3684e-19
2.0571e-40
0.0017053
3.4357e-93
4.0739e-46
0.00094439
1.7259e-23
8.7663e-35
0.0011451
1.2151e-74
1.2658e-08
2.4555e-51
5.4262e-19
5.5328e-14
1.3126e-29
0.00061399
6.4971e-51
2.9633e-24
7.0225e-40
2.7156e-57
2.8629e-57
2.6667e-40
4.544e-57
2.464e-40
2.7696e-24
1.0597e-29
4.1048e-46
0.00073831
1.5233e-51
5.8578e-14
8.0846e-08
7.7445e-35
2.8168e-51
3.3342e-40
1.7185e-40
0.0027985
9.1288e-35
6.9264e-57
1.0946e-13
8.3333e-46
6.3509e-35
3.2901e-34
3.1904e-87
2.5043e-45
9.9501e-09
4.0716e-19
1.4965e-80
5.9556e-14
3.3679e-18
8.8354e-81
2.2986e-24
2.4766e-24
6.4529e-09
5.8934e-14
1.0613e-45
8.0489e-14
2.2409e-29
0.0032753
1.2397e-39
2.3312e-19
0.0013472
8.6754e-24
3.0691e-87
4.7195e-19
1.8666e-08
7.3426e-46
1.1657e-18
2.87e-24
5.0992e-74
1.1715e-08
5.9057e-09
5.5304e-19
2.7365e-13
3.1029e-24
3.5248e-40
1.2906e-45
1.3854e-34
3.0342e-29
8.1982e-35
2.698e-34
7.9264e-40
5.5991e-69
1.0641e-08
2.9967e-40
9.035e-24
9.1903e-09
2.0264e-24
2.039e-29
2.5314e-40
1.358e-18
0.00094337
1.1269e-13
3.4898e-40
2.4877e-18
1.8942e-62
1.2974e-62
2.2111e-08
5.2643e-69
1.736e-08
1.5572e-08
8.7471e-14
6.8882e-19
1.6528e-62
1.7278e-74
7.1367e-87
2.9553e-35
5.768e-81
5.051e-40
7.6828e-19
1.4943e-18
2.5407e-08
2.445e-74
4.1112e-24
1.2802e-29
5.4238e-57
5.328e-35
3.7036e-19
1.8524e-29
8.3649e-09
1.4751e-08
0.00066244
1.608e-74
5.5012e-19
0.0012415
3.271e-40
6.1821e-09
1.814e-08
0.00093749
3.1513e-46
4.6916e-87
3.7607e-57
0.00077963
6.5272e-51
8.5703e-09
8.3709e-63
2.907e-40
4.3216e-19
5.0612e-14
2.0709e-40
4.3739e-40
7.5002e-57
6.1808e-57
0.0010645
0.0010103
5.7403e-35
1.0498e-80
1.904e-23
7.7249e-57
1.4226e-08
5.229e-51
1.9449e-40
7.7513e-46
1.7851e-24
5.9679e-87
4.3027e-40
0.0026755
6.5782e-14
4.7753e-57
1.4895e-34
6.2208e-24
5.3675e-57
0.0012658
4.0264e-24
1.9454e-29
8.6677e-14
2.2391e-29
3.9167e-19
1.0597e-08
1.1281e-34
2.3953e-40
8.3281e-14
4.4657e-24
4.5179e-57
8.1964e-63
5.3114e-29
4.8507e-19
4.2841e-57
3.9885e-100
1.2469e-13
8.1657e-63
3.9885e-100
2.4785e-45
4.0336e-35
2.3173e-13
6.3326e-29
1.3841e-13
5.0716e-24
7.7117e-69
3.5276e-19
3.3279e-45
1.0238e-18
2.4618e-19
3.1891e-40
8.4725e-69
2.3548e-24
5.566e-19
1.2286e-45
2.7675e-19
1.3925e-08
3.3622e-51
1.7888e-13
6.8005e-09
9.7839e-14
3.6164e-14
2.0502e-57
2.5416e-13
2.3415e-51
1.2383e-45
3.7244e-08
6.5429e-14
1.6567e-29
1.0387e-34
2.8897e-29
7.1179e-19
7.9484e-81
5.4415e-46
5.1352e-51
1.0777e-34
4.1705e-29
0.0021619
3.9885e-100
6.4392e-14
9.0883e-35
1.1379e-08
2.1653e-08
1.3848e-56
8.6791e-75
4.0058e-57
6.6415e-19
2.8082e-93
1.6973e-18
0.00060012
0.0012536
9.2675e-19
2.7882e-24
1.5205e-13
3.9885e-100
3.5584e-51
3.7762e-19
1.8377e-13
8.3643e-14
3.6663e-35
6.3149e-14
6.4011e-09
5.4047e-24
4.8278e-46
6.8505e-46
2.5329e-29
7.888e-09
0.0012271
2.235e-51
2.7502e-24
6.6565e-19
0.0011174
1.9624e-13
3.1779e-57
1.6538e-13
8.8442e-69
5.4893e-14
4.0233e-29
9.6625e-69
9.793e-19
2.5975e-51
0.00050329
0.001136
4.4907e-35
0.00066093
3.5887e-51
1.8408e-29
7.1901e-14
8.1129e-75
2.4694e-24
3.9885e-100
4.3214e-19
9.5075e-35
1.547e-08
1.924e-13
7.5712e-35
0.0010856
1.1213e-13
6.1305e-69
1.0416e-13
1.2522e-40
0.001288
8.0284e-14
6.5328e-57
9.4974e-09
2.4526e-19
6.3703e-24
8.6868e-14
1.4533e-08
1.5001e-13
1.3263e-29
0.0011405
4.9444e-08
6.5585e-35
0.00043711
5.4807e-40
4.5738e-35
1.8604e-24
5.7474e-63
1.3003e-29
7.3571e-19
1.4878e-74
1.2127e-29
7.7074e-19
2.5435e-19
1.2616e-86
3.3339e-51
4.6351e-24
1.3667e-68
2.0442e-29
7.4638e-63
1.1286e-62
4.0019e-57
1.1157e-56
7.4984e-14
2.91e-40
2.8552e-24
2.0631e-45
3.2531e-51
1.2207e-13
9.2128e-41
1.1344e-29
1.1536e-86
3.9885e-100
3.1168e-29
1.2313e-62
4.649e-62
6.0204e-40
2.5001e-29
5.9964e-14
0.0017686
6.294e-14
1.6066e-18
4.1872e-51
1.5784e-40
2.553e-57
2.9551e-51
4.6676e-14
2.9677e-74
1.49e-74
9.7611e-46
1.7312e-45
8.654e-30
0.00087442
5.3423e-40
9.2657e-24
2.8184e-57
3.9885e-100
8.6308e-63
9.5722e-34
3.3755e-40
2.4537e-57
7.332e-63
8.9835e-46
4.5998e-14
3.8003e-51
0.00095259
4.4466e-14
0.0011926
3.9885e-100
3.6914e-24
2.9394e-13
9.0993e-14
8.8047e-63
2.0437e-45
4.7957e-46
9.5694e-19
1.0607e-34
7.5259e-52
2.7631e-40
1.8872e-08
2.2105e-18
2.976e-93
3.9885e-100
8.2435e-19
1.3687e-18
2.4064e-29
7.2058e-35
2.5844e-14
0.00092806
7.5994e-57
1.281e-68
4.2481e-51
0.00056489
6.1507e-40
2.7968e-19
4.0551e-14
4.0557e-19
5.8832e-63
7.9378e-57
1.0532e-13
1.3923e-40
4.4772e-24
2.3633e-40
3.9885e-100
8.738e-09
1.2331e-29
5.8693e-87
1.5859e-40
5.7249e-14
0.0012387
5.7001e-14
9.2657e-63
7.9402e-87
9.0382e-35
7.7763e-14
1.4665e-40
8.0916e-35
1.1633e-23
5.0592e-14
5.4279e-14
0.0026246
1.5866e-56
2.5659e-40
5.2703e-19
6.2591e-63
1.3623e-29
2.0476e-13
5.3363e-75
9.1981e-63
1.1119e-74
1.9518e-29
2.3585e-18
2.2807e-24
1.0867e-34
2.2556e-51
7.9076e-35
1.4674e-08
1.0061e-45
3.3329e-80
3.9885e-100
4.341e-19
6.1871e-19
2.5973e-40
3.8639e-19
1.2963e-29
1.6582e-51
9.1333e-81
1.2464e-23
2.0473e-40
6.5775e-46
0.0010333
8.5542e-35
5.5572e-63
1.4363e-08
9.8286e-14
1.4121e-62
9.0068e-24
1.7978e-08
5.1725e-35
7.4801e-30
7.4211e-19
9.2237e-24
2.7979e-13
3.7674e-19
7.3884e-19
1.4369e-40
1.7835e-56
1.3091e-68
1.223e-74
8.6697e-81
4.3014e-87
1.8999e-51
4.252e-68
3.8618e-19
0.0024172
6.3766e-08
7.2272e-40
8.2817e-30
4.216e-29
3.9885e-100
3.9885e-100
4.5705e-24
2.7793e-34
2.3564e-74
8.2522e-46
0.00070912
0.0020132
2.3682e-18
2.4057e-35
1.5516e-40
1.2141e-40
6.3539e-63
9.9161e-14
6.1417e-14
4.5344e-14
1.0194e-68
2.6548e-29
2.0141e-29
5.1366e-19
1.4194e-08
2.1513e-24
0.00059953
6.9748e-69
3.237e-93
3.9885e-100
2.0767e-51
8.5347e-24
8.6729e-35
4.412e-24
1.0817e-13
0.00041492
5.6817e-14
7.9986e-57
0.00061773
1.1885e-13
3.7367e-51
2.1595e-40
9.6734e-46
1.1346e-29
2.5689e-57
0.00095392
6.1392e-46
2.0879e-24
7.7337e-57
1.2001e-34
7.5352e-09
6.3759e-24
7.1379e-14
1.3829e-51
1.6529e-29
1.4451e-13
5.652e-24
1.8027e-23
4.3313e-24
7.3324e-14
5.1756e-19
1.5094e-51
3.4573e-68
7.4261e-09
3.508e-24
5.2683e-24
8.3979e-14
0.00069536
1.1646e-13
1.9362e-24
9.3213e-57
5.1908e-57
3.9885e-100
1.0186e-74
0.0010873
0.00038703
1.4385e-62
6.7865e-87
1.1203e-62
1.3692e-29
3.9885e-100
1.0678e-18
0.00082364
2.5142e-68
1.9547e-24
1.5581e-80
3.7061e-87
8.1213e-14
2.2935e-13
1.4859e-29
3.9885e-100
2.3467e-08
1.3789e-08
0.0014982
1.8291e-40
9.7729e-41
4.7086e-57
3.3501e-51
9.4327e-46
4.3883e-19
1.0541e-13
1.6865e-51
7.2439e-09
1.5404e-51
1.6248e-45
6.0241e-35
3.4692e-24
2.8961e-19
6.428e-19
8.6445e-51
6.5762e-14
1.8881e-34
8.5673e-69
8.6547e-46
4.6035e-46
1.1079e-45
0.00081993
5.1289e-57
5.9545e-87
1.3058e-08
1.1279e-45
1.1797e-62
2.0209e-40
3.3966e-19
9.7482e-24
8.9145e-81
0.00096068
4.5263e-24
5.7056e-69
1.0977e-39
1.5248e-08
4.159e-19
1.1632e-08
3.2835e-40
8.2353e-30
1.161e-56
6.1431e-35
2.6453e-56
0.0013337
7.7814e-63
0.0010453
9.5986e-46
4.935e-19
2.3966e-45
2.3767e-93
6.6496e-57
1.4799e-45
0.0014024
5.0605e-51
6.7086e-35
2.3765e-51
2.1386e-34
6.0985e-35
6.0446e-51
8.5366e-35
1.1551e-08
3.1342e-29
2.1571e-29
4.013e-24
1.551e-62
6.3785e-93
1.2495e-51
3.955e-24
2.8054e-19
3.7259e-14
2.0914e-74
3.6686e-51
3.2538e-45
1.2351e-45
6.0818e-87
4.8692e-08
2.5623e-13
2.3113e-40
1.9108e-40
1.7985e-34
1.5644e-40
5.5558e-09
0.00096037
0.0014149
4.1899e-74
6.7488e-35
6.6396e-19
1.2219e-51
2.2304e-45
5.6005e-14
3.9948e-46
1.1936e-68
1.187e-13
9.2012e-09
2.0192e-45
3.917e-24
6.9657e-14
1.348e-93
8.853e-29
2.2404e-24
3.6563e-19
3.5008e-57
3.9885e-100
1.644e-40
3.3927e-29
1.9817e-29
7.3156e-24
6.8486e-35
7.0761e-14
2.0751e-93
8.1575e-46
4.6162e-13
3.9885e-100
1.4649e-39
3.1361e-13
8.6163e-19
2.4715e-62
5.5358e-35
0.00075931
3.9885e-100
2.4988e-57
4.3972e-40
3.8778e-19
1.1981e-40
1.616e-08
7.4575e-51
2.0101e-40
2.1853e-80
1.7328e-40
5.3817e-57
1.7966e-40
0.0016556
1.0717e-18
7.9502e-14
0.001131
7.5089e-41
1.6676e-93
7.6854e-69
7.3716e-69
0.0011678
1.1159e-29
1.4426e-93
6.2603e-69
1.6322e-08
1.1405e-74
1.1952e-08
3.3888e-35
6.3038e-46
5.6145e-57
9.6169e-75
6.7009e-14
4.4736e-14
7.9194e-14
0.00072288
6.5291e-40
8.1625e-35
1.9267e-56
9.0801e-09
5.8615e-35
3.7146e-24
6.3031e-14
2.4301e-45
1.376e-45
0.00094503
7.4104e-24
1.512e-29
1.1015e-68
2.9151e-40
0.0013928
1.0383e-29
0.0011942
8.7287e-46
2.3338e-24
0.0012156
6.4104e-75
9.9864e-14
1.3938e-08
2.1796e-24
2.6759e-08
4.6106e-24
1.648e-51
2.3303e-19
0.0011609
1.5566e-74
3.7205e-40
0.00092316
0.0010626
4.7839e-19
1.204e-45
2.146e-68
9.6379e-93
0.0017649
1.3458e-45
3.036e-35
4.6671e-29
3.6e-29
3.6204e-80
8.6322e-09
1.9562e-24
4.8885e-19
0.0012503
1.2622e-13
1.1214e-68
1.2639e-86
0.00055394
3.1022e-68
9.9417e-57
1.2057e-74
1.2194e-51
1.0498e-29
9.1041e-09
3.4567e-81
2.2409e-08
1.1403e-62
2.6041e-40
3.6265e-24
1.1411e-13
1.0502e-18
5.6347e-87
3.2164e-14
1.0689e-80
1.2626e-86
6.7061e-81
1.0273e-08
0.0022582
6.7978e-57
1.3454e-68
9.4673e-30
1.0611e-13
1.6111e-08
3.1992e-24
1.5915e-29
4.6602e-19
4.0497e-74
1.2546e-40
9.3076e-14
2.3202e-29
2.5391e-74
1.5029e-29
5.793e-14
7.5362e-14
9.5175e-69
2.7488e-24
9.8514e-19
1.0009e-18
1.1866e-74
1.4331e-34
1.6597e-08
0.00094703
9.8012e-69
1.9687e-93
0.00096643
0.00074535
2.2038e-19
7.3345e-24
5.7831e-09
8.2716e-09
2.2851e-08
1.1432e-45
1.6681e-68
8.6163e-09
4.8388e-29
1.6904e-34
0.00096761
0.00080731
2.108e-40
0.0043484
6.2868e-35
5.3166e-30
3.9049e-14
0.00060666
9.9348e-09
3.9885e-100
0.00052436
0.003299
5.8076e-63
1.3816e-93
1.2935e-08
5.0644e-51
4.8949e-19
0.00093603
1.4877e-29
2.9074e-40
2.1762e-62
8.337e-30
1.5007e-24
3.9885e-100
9.6297e-24
0.00058915
0.00067965
3.4351e-24
8.6565e-35
0.00073617
1.0404e-74
6.2318e-46
1.0577e-13
1.1019e-08
1.4159e-13
1.0058e-62
1.848e-74
8.2035e-09
9.2657e-57
5.0392e-19
2.697e-29
0.00064688
1.5123e-40
6.6847e-09
1.2603e-29
1.2967e-08
1.3421e-56
1.1034e-13
3.7081e-93
2.0677e-45
7.3345e-35
8.1066e-35
7.1722e-14
8.964e-09
1.0327e-23
7.0144e-19
3.9885e-100
1.0597e-68
1.0799e-62
7.7883e-51
9.1198e-19
4.8849e-08
1.1232e-29
8.9835e-81
7.0922e-57
1.3926e-45
8.7607e-46
9.4463e-14
0.00098957
7.8279e-14
0.0035381
1.1133e-80
1.0606e-45
2.6708e-24
5.9433e-14
1.4741e-74
2.4789e-57
3.9885e-100
1.2267e-68
5.9893e-19
3.1235e-13
8.674e-14
4.892e-19
5.0361e-19
1.6752e-34
1.1188e-13
1.1286e-08
2.2976e-08
7.2354e-35
3.4196e-08
2.067e-24
1.8751e-29
1.7944e-34
1.5543e-68
7.3432e-35
9.1872e-35
8.3753e-35
0.00027332
0.00042928
1.6047e-24
9.6032e-52
9.0859e-46
0.003001
3.9118e-62
3.9885e-100
8.3457e-19
1.0998e-08
1.7269e-13
3.3679e-62
3.6254e-35
2.7928e-19
2.9238e-40
1.9961e-40
2.2296e-93
0.00057902
3.9648e-35
8.6735e-09
5.1491e-09
1.6355e-40
7.5724e-57
0.00044854
7.5127e-09
9.5156e-46
0.00045864
8.7356e-63
4.1172e-18
0.00078271
2.7528e-45
8.4331e-63
7.1417e-87
3.6053e-29
8.3896e-09
4.413e-13
2.6801e-13
5.453e-57
1.3719e-45
2.9835e-51
1.2585e-08
4.6881e-19
5.8733e-81
2.4419e-57
2.0171e-24
1.2637e-08
7.4243e-69
1.0098e-80
9.6506e-87
8.755e-87
5.7823e-69
1.0621e-18
1.4082e-08
5.5884e-40
4.4479e-63
1.9254e-51
1.4568e-13
2.706e-24
6.6703e-35
3.6117e-40
0.001159
1.0929e-80
1.4508e-18
5.9568e-35
1.7206e-74
1.6182e-68
8.1518e-46
3.9885e-100
1.0432e-62
3.0057e-40
1.5531e-29
0.001791
3.9885e-100
3.5975e-40
5.4652e-19
4.5798e-08
2.231e-68
4.6893e-57
0.002301
2.6932e-51
2.0686e-68
2.3355e-80
6.4965e-35
2.2647e-13
0.00059186
0.0011277
1.1675e-68
7.4544e-57
2.6741e-45
8.0206e-63
1.441e-23
7.0432e-35
1.3461e-29
4.7995e-14
2.5713e-29
3.0344e-51
5.4301e-24
1.0425e-08
3.1666e-29
3.9885e-100
9.7802e-46
6.0937e-63
0.0054594
7.0218e-75
6.8467e-41
7.492e-24
1.1283e-08
1.2294e-13
1.1146e-34
1.7897e-51
4.8934e-57
7.6351e-75
8.393e-14
6.133e-19
8.5353e-63
0.0030409
5.5966e-46
5.7847e-46
3.0676e-24
3.6493e-24
0.0020474
4.6549e-35
7.6453e-19
2.6301e-29
1.9499e-57
0.00055701
7.1864e-19
2.1863e-45
1.764e-08
1.4979e-62
1.8985e-34
6.4839e-19
1.0113e-18
9.7948e-81
6.8071e-46
3.0023e-51
2.7648e-35
2.6442e-51
2.2286e-08
6.3546e-24
1.0675e-45
7.2102e-35
1.3117e-74
2.0208e-62
3.4778e-14
6.0679e-24
2.926e-51
4.1611e-24
6.4217e-46
1.6342e-74
1.4267e-08
2.4138e-40
7.4148e-30
1.2213e-08
4.1346e-68
9.1489e-87
1.6069e-45
8.2215e-24
9.7191e-14
3.0072e-40
1.4691e-40
6.6195e-93
0.00047961
6.3088e-40
1.2544e-68
1.8961e-45
0.00081987
0.00092574
2.0344e-45
1.1395e-86
3.9885e-100
9.4001e-09
3.9885e-100
6.6848e-29
0.00089296
5.6619e-09
2.368e-51
6.8939e-24
1.6277e-68
2.9739e-24
1.0419e-74
6.0656e-51
1.8371e-13
0.0017616
0.00083831
9.5604e-19
0.00082023
8.202e-14
4.7915e-19
5.8769e-81
3.5577e-57
1.4846e-13
1.1528e-86
2.3067e-29
3.1516e-19
2.0072e-40
2.3938e-51
0.0014175
4.6841e-13
0.00025318
2.367e-08
4.6466e-51
2.2924e-68
1.9505e-18
0.00073101
2.5165e-29
3.9885e-100
1.0017e-74
1.6895e-51
2.2219e-74
4.0891e-19
3.3855e-35
1.1446e-45
1.3595e-62
3.807e-29
8.0897e-19
3.9616e-24
3.2049e-24
2.459e-74
0.00053906
1.8229e-45
7.8247e-24
6.3351e-19
1.1546e-45
9.6562e-46
0.0015049
3.9232e-19
5.948e-35
3.3206e-93
7.0583e-87
0.0065791
5.1567e-69
6.7859e-19
1.3611e-23
1.5688e-29
3.9885e-100
1.0582e-13
8.9121e-09
1.3188e-08
9.5017e-09
1.0986e-56
3.4352e-29
1.8402e-24
6.8141e-35
3.6007e-24
1.0438e-34
3.1221e-51
2.8776e-51
1.6803e-80
1.242e-34
3.9415e-93
2.8766e-29
7.6679e-14
3.9885e-100
3.7372e-68
1.2349e-40
1.6349e-13
1.4695e-13
8.6076e-46
3.854e-57
7.381e-69
6.9942e-93
4.4031e-14
5.5432e-24
9.7045e-09
0.0011113
3.3759e-40
1.6326e-68
1.0436e-62
8.5009e-81
1.4929e-68
0.0016899
1.8325e-13
9.8514e-63
1.6653e-40
1.1568e-45
1.5423e-13
1.5766e-08
1.9781e-45
3.9885e-100
6.3859e-57
1.2731e-74
1.3987e-68
6.1408e-08
7.9779e-30
1.6366e-45
3.3683e-24
0.00089611
6.2912e-14
5.8237e-19
0.00052292
2.3682e-08
6.3785e-46
0.00057609
8.2592e-69
0.00096232
0.0012062
1.0204e-29
9.0771e-87
1.0834e-45
1.5641e-93
1.9448e-29
2.8497e-74
6.9758e-09
0.00083689
1.57e-45
0.001238
2.9954e-19
6.6628e-19
7.4832e-14
7.3922e-30
0.00073861
0.00057075
6.6729e-35
0.0022194
1.4443e-13
1.2374e-74
6.2999e-35
5.7285e-51
1.5672e-29
1.8948e-08
1.086e-62
1.4884e-40
5.6991e-24
1.1189e-74
3.802e-40
9.1217e-35
0.0014181
7.5913e-09
5.2437e-24
9.2784e-30
2.0074e-68
7.4901e-57
6.0933e-09
5.6468e-19
1.1759e-74
4.4384e-63
2.1276e-40
6.6504e-09
3.3304e-51
3.9885e-100
5.0858e-75
1.5214e-68
0.0030052
0.0015428
2.1315e-62
4.5132e-35
1.513e-24
0.00049395
8.9898e-46
3.0641e-35
4.1751e-08
4.9304e-14
2.3976e-51
8.1668e-57
6.3038e-19
5.4889e-19
7.2749e-19
5.4649e-57
9.9645e-75
4.4068e-51
0.0040187
2.9428e-13
3.252e-24
2.1093e-40
1.8857e-29
7.0392e-09
1.9696e-45
0.0027245
0.002058
6.3778e-24
7.9183e-30
5.2112e-40
2.8507e-08
4.1289e-24
3.9885e-100
1.9534e-29
6.6359e-63
5.4447e-57
6.087e-40
9.4345e-35
5.9109e-30
1.5079e-08
2.5762e-19
8.7814e-63
3.4958e-57
1.4838e-45
0.0014325
5.5784e-57
0.00063547
3.9885e-100
3.9415e-40
1.5006e-08
3.1782e-19
4.6312e-19
1.0488e-13
0.001164
0.001171
4.5984e-09
1.5821e-74
1.2034e-45
4.939e-35
6.1083e-14
2.2822e-29
1.2319e-29
6.5786e-57
8.1408e-09
0.0018736
6.3531e-14
3.9885e-100
2.9386e-13
1.0295e-29
1.1087e-29
2.6427e-68
6.184e-69
3.9885e-100
7.8888e-35
1.3838e-08
5.3189e-24
1.4668e-51
2.8843e-23
1.6296e-08
1.509e-45
3.053e-08
5.6091e-09
1.1799e-68
3.3222e-93
1.4317e-29
1.4021e-29
6.4487e-24
0.002004
2.3364e-13
2.6737e-29
9.1416e-35
2.4289e-57
3.9885e-100
2.031e-29
0.00086739
2.3731e-13
8.9138e-35
5.7501e-63
2.4244e-87
2.3082e-40
1.5951e-40
3.4076e-24
9.2054e-14
4.1618e-24
7.4311e-19
1.8017e-40
7.6e-35
9.8505e-35
1.5539e-29
5.2239e-24
1.9485e-08
1.4273e-13
7.5197e-19
2.8623e-40
1.2853e-34
6.7896e-29
3.4453e-87
5.3003e-57
3.8821e-09
7.3032e-46
3.9885e-100
1.0584e-08
1.0271e-74
1.1086e-13
1.1805e-45
2.0944e-62
8.3094e-75
8.5793e-19
1.8148e-51
1.0936e-23
0.00095762
3.2148e-40
1.7903e-40
3.4513e-29
6.0534e-24
3.3837e-29
7.7745e-46
6.1218e-19
7.3709e-29
1.4798e-29
1.493e-29
4.0011e-24
3.2185e-24
1.8308e-13
5.2313e-19
2.0715e-62
6.8041e-09
4.2427e-14
2.4238e-51
4.5409e-57
1.0354e-13
1.7283e-13
2.5373e-29
6.6684e-87
1.3225e-08
0.00094026
6.5604e-35
3.6605e-62
3.3878e-35
2.5616e-29
0.0014281
0.00080841
9.6196e-52
2.366e-08
4.7748e-29
2.1676e-51
3.0577e-57
1.5936e-29
3.7316e-14
1.5479e-13
8.4632e-69
1.7991e-80
6.8919e-45
5.3191e-14
1.1937e-13
0.0011035
5.5281e-19
4.0023e-40
1.7856e-40
9.1489e-35
1.3542e-34
1.9265e-51
1.5599e-29
2.2999e-51
2.2258e-13
2.4765e-08
0.0011609
0.00081808
0.0019134
1.2088e-08
5.6749e-19
5.8198e-24
1.8315e-13
1.5778e-29
0.00037162
2.3982e-13
3.5525e-68
1.2312e-80
6.6477e-19
3.0439e-29
1.0689e-29
6.5379e-24
0.0012857
2.1998e-40
3.9885e-100
5.8974e-35
2.4596e-08
1.8165e-34
1.4891e-40
2.8007e-57
2.8875e-40
2.0195e-40
1.3218e-29
2.3812e-29
1.2318e-18
0.00062697
3.9885e-100
0.0020416
9.7346e-46
6.7695e-40
3.3135e-14
0.0009513
2.6528e-40
3.9885e-100
4.5159e-57
1.3242e-13
1.1121e-51
3.9885e-100
4.5718e-29
0.0012939
2.3139e-40
1.7414e-40
2.2887e-40
1.9049e-08
3.9186e-14
3.8704e-24
5.5603e-35
6.6103e-09
1.4745e-74
5.8757e-87
6.3165e-14
1.1534e-13
8.229e-35
7.342e-30
1.6451e-45
3.6814e-29
1.262e-08
6.8002e-40
0.00091169
1.9167e-08
3.1893e-46
3.9885e-100
2.2721e-68
3.2296e-40
9.0123e-35
3.5517e-09
8.6509e-41
2.82e-08
1.4539e-62
3.9885e-100
8.2359e-35
1.5886e-40
8.0609e-63
5.6149e-29
4.2719e-19
3.9885e-100
0.0014792
3.9849e-24
8.836e-35
3.9885e-100
2.3882e-57
8.9559e-57
6.1578e-24
6.144e-57
2.8527e-24
7.4558e-14
0.0015145
6.1871e-35
2.6878e-45
3.8854e-24
1.7446e-29
1.9035e-80
3.9555e-40
5.396e-19
5.4107e-35
9.1859e-09
0.00079701
4.8132e-81
8.413e-24
4.491e-24
7.492e-35
3.9517e-40
8.1198e-87
1.1938e-13
2.3484e-19
6.7105e-19
3.7576e-24
3.9885e-100
0.00056334
4.8955e-14
2.5558e-24
4.6236e-69
0.0020076
3.6043e-24
9.5685e-35
1.3659e-45
1.3759e-18
7.4588e-09
2.5783e-24
0.0021299
3.9885e-100
1.7639e-29
1.2754e-13
4.2528e-14
0.0014977
1.3335e-80
2.8351e-51
1.3502e-29
7.7563e-75
1.3721e-68
9.6543e-14
3.9885e-100
0.0016801
2.2459e-40
1.651e-13
2.2912e-13
1.5976e-08
9.0808e-63
9.5785e-63
0.0005194
4.1858e-13
6.2893e-19
8.5536e-46
4.9319e-40
4.7894e-19
5.1621e-57
5.4843e-63
1.501e-62
3.0691e-40
3.7956e-23
6.9652e-09
2.3078e-57
5.5627e-19
8.4974e-09
2.9319e-13
8.7714e-14
3.1831e-40
2.4307e-68
4.7649e-51
8.148e-40
4.3177e-35
1.3216e-34
2.5931e-57
3.2411e-40
8.4945e-35
1.5213e-08
6.1966e-35
1.3929e-29
7.2642e-46
8.131e-63
7.0469e-93
1.6838e-62
9.8851e-35
3.7557e-08
6.4804e-13
0.00079435
3.2377e-29
0.00075336
2.5325e-68
1.9642e-68
2.6077e-29
4.8464e-24
9.1154e-24
1.1749e-68
1.2498e-45
2.7363e-29
2.2712e-13
5.7529e-19
2.0926e-68
0.0011919
1.6712e-18
2.0261e-74
3.8843e-24
0.0018881
1.1066e-34
2.7529e-93
3.9885e-100
1.2764e-51
1.5728e-74
1.3858e-68
6.3388e-35
0.00041509
3.3325e-08
9.3021e-81
2.8316e-68
0.014909
0.002331
6.2203e-69
1.1447e-23
6.6424e-09
3.1243e-08
2.386e-40
6.1974e-62
0.0011736
3.8077e-19
9.0449e-09
0.0022676
1.8106e-80
0.0013915
2.6476e-24
1.5731e-29
3.1799e-29
3.9885e-100
1.4838e-45
1.7927e-40
7.7715e-30
3.9708e-14
4.2757e-24
0.0019239
1.4954e-08
4.3197e-14
1.1864e-45
1.7589e-40
0.0044408
7.5184e-69
1.5546e-51
0.00084869
2.8689e-24
8.1907e-09
1.9335e-51
5.2117e-46
2.984e-51
4.7839e-63
9.0287e-19
1.0238e-13
1.2376e-29
1.7276e-68
2.457e-40
1.7974e-08
1.0145e-29
7.4839e-63
6.4023e-63
8.069e-19
3.9352e-40
9.1167e-57
5.1488e-35
2.5647e-40
8.6101e-19
3.6145e-40
1.9386e-51
1.5827e-51
6.4929e-14
0.0040232
5.9133e-29
3.9885e-100
1.5074e-80
1.8428e-08
4.5355e-09
2.7868e-08
1.3366e-08
1.6631e-68
4.939e-24
3.9885e-100
7.9415e-75
6.3056e-35
1.7266e-08
2.1641e-29
2.1908e-51
0.0018962
2.8738e-40
1.6666e-13
0.00084556
3.8869e-24
1.1739e-51
9.4262e-35
7.4231e-57
2.8045e-62
3.9885e-100
2.7847e-93
9.7488e-09
4.0641e-63
5.4755e-63
9.9143e-24
9.9536e-30
2.1738e-45
5.2124e-81
2.1918e-24
3.7157e-14
6.8798e-09
3.8549e-19
1.0422e-29
1.6948e-08
2.4747e-13
4.5112e-09
5.3854e-81
8.3144e-24
2.5442e-45
7.3903e-19
5.8821e-14
0.001101
7.4022e-09
1.5813e-08
4.1426e-19
1.211e-13
2.7802e-08
9.9417e-63
0.0013322
1.3041e-51
6.263e-08
4.5203e-40
1.2715e-40
2.9734e-45
7.3056e-46
0.00074573
2.3257e-29
4.1931e-51
1.3672e-18
2.3054e-51
5.3814e-57
1.4745e-29
1.145e-08
3.1974e-19
1.9956e-13
1.1885e-18
2.2357e-51
6.148e-14
2.3141e-13
4.5654e-14
7.3112e-69
1.3379e-13
9.3651e-19
2.9218e-24
0.00028808
6.4324e-57
3.6492e-29
2.407e-29
8.0984e-19
0.0014205
4.3944e-40
0.0013707
6.6529e-14
6.9992e-46
8.5485e-40
2.7595e-13
8.4299e-69
2.3827e-80
1.9294e-08
5.8037e-40
9.1598e-35
0.00081995
1.2717e-08
4.5199e-24
5.3205e-35
7.8166e-74
2.3481e-13
8.8442e-57
3.2333e-24
3.2939e-40
1.0844e-68
8.391e-63
3.7391e-57
4.4958e-51
0.0033022
5.6062e-29
2.742e-51
8.9075e-75
2.3517e-29
1.0471e-40
2.119e-45
1.089e-18
3.9885e-100
8.4412e-51
9.8304e-19
1.232e-29
3.9277e-80
0.00067252
6.2838e-09
3.6798e-51
4.3122e-87
5.9505e-63
9.3092e-09
1.8763e-34
2.283e-57
2.2493e-68
3.596e-35
1.0236e-62
0.0019315
9.0492e-14
1.3303e-08
4.5144e-35
1.7309e-40
6.9296e-87
8.0783e-24
1.286e-13
3.1603e-19
8.6271e-51
5.9405e-75
0.0015551
8.4198e-09
2.8316e-93
3.1362e-87
2.4853e-40
1.7788e-29
3.9138e-57
8.5009e-81
3.9932e-81
6.7112e-19
8.6665e-19
1.2021e-86
1.365e-74
0.00072768
0.00072407
5.8439e-35
1.3877e-80
8.8894e-35
9.5653e-09
1.6916e-08
9.9942e-09
7.5197e-46
1.5121e-08
3.9885e-100
1.7285e-34
3.5254e-57
2.4807e-40
5.1151e-24
1.361e-80
6.5932e-19
1.9536e-08
1.2365e-68
3.9711e-69
2.24e-19
1.7588e-29
3.9885e-100
8.1369e-09
8.2058e-69
1.2625e-68
2.9602e-19
0.0016814
0.0012088
5.2865e-35
5.9442e-14
5.4218e-57
3.9885e-100
3.568e-24
1.2005e-51
5.537e-35
7.7695e-81
2.3726e-51
1.1549e-13
0.0016402
7.3509e-51
1.3276e-74
3.9885e-100
1.094e-40
9.1948e-09
4.32e-19
3.3963e-68
3.9885e-100
0.0020997
1.3134e-40
0.0011475
7.2823e-09
1.2562e-40
5.3074e-63
0.0011237
0.0050815
0.0012975
1.9415e-13
8.6502e-57
1.5669e-13
6.3515e-63
1.4314e-24
3.9309e-14
1.5698e-29
9.7729e-30
0.0017136
1.0752e-45
2.2401e-08
6.4307e-14
2.267e-18
2.6883e-08
1.6324e-34
1.9426e-08
0.0028993
5.5737e-24
1.2322e-34
0.001276
1.85e-13
3.9168e-24
3.9252e-51
3.0901e-93
7.644e-57
8.5623e-40
1.1457e-56
2.4336e-08
5.969e-81
4.905e-24
3.9885e-100
2.3834e-13
6.0973e-19
6.6396e-63
4.5635e-40
7.6815e-14
9.2172e-09
1.8043e-13
8.9038e-24
6.9948e-57
1.5352e-62
4.0458e-68
8.1029e-46
5.948e-35
6.3628e-57
0.00072262
0.0020645
1.6637e-51
4.9058e-46
6.0165e-46
7.4688e-63
3.3844e-51
2.5432e-29
3.1635e-24
3.0305e-29
2.4863e-24
1.0893e-08
1.5785e-29
1.9695e-68
1.8777e-74
8.369e-63
5.2227e-40
6.6973e-93
4.9354e-40
3.5257e-08
1.2904e-40
5.7609e-57
4.1495e-69
3.9885e-100
1.3825e-62
5.1779e-09
0.0011141
1.3098e-08
3.9885e-100
3.9885e-100
6.2291e-69
1.7845e-62
3.6568e-19
1.696e-18
3.2231e-51
2.0022e-34
1.0068e-18
5.7605e-81
0.0013715
5.6038e-35
4.1195e-51
4.6362e-19
9.9216e-46
0.0012957
1.4301e-13
1.5142e-08
5.7076e-93
9.138e-24
7.5756e-57
2.0428e-57
6.482e-29
7.9158e-19
6.03e-34
9.1972e-46
0.00086092
5.8484e-57
1.6522e-74
5.0091e-35
9.4171e-09
3.1947e-93
3.5722e-34
1.2318e-74
9.3697e-81
6.9698e-81
6.1288e-19
1.4654e-08
0.00088481
1.1978e-29
3.171e-24
0.0018935
0.0013748
0.00097765
3.3375e-93
5.7854e-46
3.2839e-29
1.2893e-08
0.0010728
1.6609e-18
1.0292e-29
1.9486e-24
3.9885e-100
3.3538e-57
1.4088e-29
1.146e-68
5.5298e-35
0.0011104
1.0933e-13
3.229e-24
4.5234e-46
4.1926e-68
2.8721e-08
1.5797e-29
1.5384e-68
1.4401e-29
1.7115e-13
2.6236e-40
2.5216e-24
8.6679e-14
2.2748e-08
4.0569e-46
3.7296e-93
1.0363e-92
0.00060812
1.4151e-13
2.0168e-29
3.0782e-29
7.4192e-75
5.0657e-35
1.9865e-45
3.6979e-87
0.0011097
1.9412e-74
6.8355e-63
1.5487e-13
2.5735e-24
3.9885e-100
2.8541e-51
1.547e-29
0.0012542
1.0779e-08
7.1299e-35
1.44e-51
1.3332e-45
4.3426e-35
0.00056887
1.6723e-93
1.2957e-08
1.587e-93
1.6449e-13
1.8921e-40
0.0016821
1.8801e-34
4.0955e-19
3.9885e-100
4.8665e-87
1.7626e-40
6.833e-57
1.8831e-40
1.647e-08
0.0042021
0.0008112
6.2981e-29
1.1524e-45
3.9885e-100
1.3365e-29
2.2128e-29
1.9132e-68
0.0026517
3.0557e-08
4.5904e-29
1.0189e-62
3.9885e-100
7.7255e-46
8.2272e-14
4.7753e-51
1.4388e-62
7.7978e-35
6.2774e-19
1.2405e-80
8.9496e-46
2.9227e-24
7.3075e-35
1.7088e-34
6.1423e-24
1.7833e-51
3.3041e-08
1.951e-34
6.3314e-35
0.00085289
1.1031e-68
4.7803e-24
1.9595e-24
8.8089e-09
3.7883e-57
1.0737e-68
3.9885e-100
5.5397e-29
3.5811e-57
1.5439e-93
8.883e-14
2.3958e-08
9.8972e-09
5.5799e-19
3.4392e-40
1.1187e-29
2.578e-13
0.0031375
1.2425e-24
2.6878e-29
9.3055e-09
8.8455e-69
2.3521e-29
4.3098e-24
1.1151e-45
0.0045289
3.9885e-100
5.5049e-35
5.3785e-19
6.8248e-87
1.567e-08
1.8502e-68
1.7648e-45
6.2215e-29
7.0236e-09
0.0011272
2.0825e-24
1.5916e-29
2.0992e-40
2.7821e-40
1.9028e-13
0.00089198
1.3734e-08
7.5281e-14
4.0178e-35
6.8826e-35
1.0504e-29
1.7995e-13
9.0922e-19
6.7682e-57
6.1899e-51
4.6461e-40
1.6449e-39
