0.00024462
0.00024462
0.00024462
785.83
0.00024462
1919.2
0.00024462
658.51
1790.4
964.92
0.00024462
1044.1
0.00024462
0.00024462
0.00024462
0.00024462
0.00024462
661.68
0.00024462
0.00024462
0.00024462
1030.9
1294.9
522.95
0.00024462
0.00024462
0.00024462
0.00024462
0.00024462
0.00024462
1322.8
0.00024462
0.00024462
0.00024462
0.00024462
0.00024462
0.00024462
1692.8
0.00024462
0.00024462
1661.8
0.00024462
0.00024462
0.00024462
702.35
0.00024462
757.73
0.00024462
0.00024462
1941.7
0.00024462
1065.7
2471.8
0.00024462
0.00024462
1128.6
835.75
773.88
0.00024462
0.00024462
0.00024462
0.00024462
0.00024462
544.05
1967
0.00024462
748.35
0.00024462
0.00024462
1214.1
1218
0.00024462
0.00024462
0.00024462
0.00024462
647.47
583.2
445.54
0.00024462
1756.7
0.00024462
0.00024462
0.00024462
0.00024462
0.00024462
0.00024462
1410.3
560.17
664.18
0.00024462
690.39
0.00024462
330.24
0.00024462
0.00024462
0.00024462
0.00024462
0.00024462
0.00024462
946.7
0.00024462
0.00024462
958.41
0.00024462
0.00024462
0.00024462
2012.6
1012.9
1077.5
0.00024462
1242.2
0.00024462
0.00024462
0.00024462
1569.7
0.00024462
670.44
0.00024462
0.00024462
902.74
0.00024462
0.00024462
896.18
0.00024462
979.46
2346.1
0.00024462
0.00024462
1831.7
0.00024462
0.00024462
0.00024462
1602.4
701.48
2320
0.00024462
0.00024462
772.51
936.56
638.37
0.00024462
0.00024462
800.89
0.00024462
1227.7
459.9
0.00024462
0.00024462
0.00024462
0.00024462
706.41
2461.2
1625.3
1715.1
0.00024462
0.00024462
0.00024462
0.00024462
0.00024462
0.00024462
1493.1
952.65
0.00024462
0.00024462
3660.4
0.00024462
0.00024462
1260.1
995.16
0.00024462
0.00024462
0.00024462
0.00024462
3263.3
1320.7
0.00024462
0.00024462
2189.9
1401.9
0.00024462
960.42
0.00024462
0.00024462
0.00024462
0.00024462
0.00024462
0.00024462
848.21
1519.9
1259.6
0.00024462
0.00024462
0.00024462
0.00024462
0.00024462
0.00024462
1701.4
1818
0.00024462
0.00024462
0.00024462
435.09
0.00024462
0.00024462
0.00024462
0.00024462
0.00024462
1832.4
921.75
0.00024462
0.00024462
0.00024462
485.45
644.92
0.00024462
0.00024462
0.00024462
0.00024462
1254.4
932.53
849.58
0.00024462
0.00024462
1461.1
771.07
0.00024462
0.00024462
0.00024462
950.31
0.00024462
0.00024462
580.84
1814.3
0.00024462
0.00024462
0.00024462
0.00024462
0.00024462
0.00024462
0.00024462
1117.8
0.00024462
1877
0.00024462
984.24
0.00024462
1040.6
1469.7
0.00024462
0.00024462
0.00024462
0.00024462
0.00024462
1486.2
1410.9
1169.8
0.00024462
0.00024462
697.54
1457.4
0.00024462
0.00024462
0.00024462
0.00024462
0.00024462
601.74
0.00024462
0.00024462
0.00024462
1743.8
3008
782.75
0.00024462
0.00024462
1230
0.00024462
0.00024462
0.00024462
864.26
0.00024462
1114.3
2556.1
1173.9
1346.2
0.00024462
0.00024462
3980.6
1058.8
0.00024462
0.00024462
0.00024462
0.00024462
0.00024462
0.00024462
946.21
0.00024462
508.18
0.00024462
0.00024462
0.00024462
0.00024462
0.00024462
394.97
0.00024462
3573
1767.2
834.94
0.00024462
0.00024462
0.00024462
4022.9
2384
1861.1
505.94
0.00024462
0.00024462
554.6
868.16
0.00024462
620.61
970.83
0.00024462
0.00024462
1270.5
1683.4
0.00024462
764.82
2264.6
1800
0.00024462
2582.3
0.00024462
0.00024462
2471.5
0.00024462
0.00024462
0.00024462
0.00024462
0.00024462
0.00024462
367.5
0.00024462
0.00024462
1380.1
969.29
2894.5
0.00024462
0.00024462
0.00024462
761.83
1890.6
745.64
0.00024462
2133.2
0.00024462
0.00024462
0.00024462
637.83
0.00024462
0.00024462
0.00024462
1572.7
894.59
0.00024462
1151.7
0.00024462
0.00024462
0.00024462
0.00024462
1092
0.00024462
4267
1262.8
0.00024462
1378.9
0.00024462
0.00024462
1935.2
0.00024462
972.57
0.00024462
0.00024462
1175.4
433.91
1307.6
833.67
0.00024462
0.00024462
0.00024462
3837.4
0.00024462
2783.6
1685.5
0.00024462
1012.4
1276.8
0.00024462
0.00024462
1755.9
1211.3
0.00024462
675.91
0.00024462
0.00024462
0.00024462
526.05
0.00024462
0.00024462
980.01
0.00024462
1027.4
0.00024462
1065.3
0.00024462
0.00024462
0.00024462
2675.2
0.00024462
0.00024462
0.00024462
0.00024462
2801.5
0.00024462
1072.9
0.00024462
1982.9
0.00024462
3360.7
0.00024462
963.34
0.00024462
0.00024462
0.00024462
0.00024462
812.07
0.00024462
1743.5
0.00024462
1180.3
1516.1
0.00024462
1028.6
0.00024462
942.98
0.00024462
0.00024462
330.98
0.00024462
1215.6
0.00024462
2134.2
0.00024462
1220.9
0.00024462
0.00024462
0.00024462
0.00024462
1431.6
0.00024462
1082.8
817.33
0.00024462
5030.8
0.00024462
2757.7
1877.2
0.00024462
460.68
1688.8
0.00024462
0.00024462
0.00024462
1081
762.55
551.31
0.00024462
0.00024462
0.00024462
1755.5
0.00024462
492.83
639.07
0.00024462
1727.8
643.51
646.88
0.00024462
0.00024462
0.00024462
0.00024462
6237.1
0.00024462
629.43
0.00024462
2090
0.00024462
0.00024462
1576
0.00024462
0.00024462
937.51
2503.1
0.00024462
4056.8
0.00024462
704.02
0.00024462
0.00024462
0.00024462
0.00024462
0.00024462
548.52
0.00024462
1023.1
1341
0.00024462
517.93
0.00024462
0.00024462
0.00024462
0.00024462
1013.3
1313.8
1946.6
0.00024462
0.00024462
3818.7
0.00024462
0.00024462
764.46
0.00024462
0.00024462
0.00024462
2051.5
1197.3
0.00024462
0.00024462
1554.9
0.00024462
392.09
0.00024462
1504
0.00024462
0.00024462
0.00024462
0.00024462
1755.8
0.00024462
0.00024462
0.00024462
0.00024462
1135.6
0.00024462
0.00024462
2028.3
0.00024462
794.21
1064
954.27
825.99
1649.9
0.00024462
0.00024462
1161.8
0.00024462
1187.2
448.06
0.00024462
0.00024462
1352.5
924.84
0.00024462
0.00024462
0.00024462
0.00024462
1180.8
0.00024462
800.98
0.00024462
0.00024462
1217.2
455.52
0.00024462
0.00024462
0.00024462
961.82
0.00024462
1823.1
1556.8
0.00024462
1393.1
0.00024462
0.00024462
0.00024462
824.68
1336.9
1723.4
0.00024462
0.00024462
763.32
0.00024462
0.00024462
0.00024462
840.46
578.84
617.15
0.00024462
0.00024462
0.00024462
335.67
692.13
1449.1
0.00024462
0.00024462
0.00024462
1298.3
0.00024462
380.09
638.92
2842.3
0.00024462
1711.4
0.00024462
0.00024462
1911.4
0.00024462
974.67
0.00024462
0.00024462
2516.3
716
0.00024462
2474
659.47
0.00024462
459.1
0.00024462
497.13
727.68
0.00024462
0.00024462
1079.3
0.00024462
1010.2
0.00024462
0.00024462
0.00024462
559.2
0.00024462
1400.7
0.00024462
2239.7
717.33
561.5
1769.4
1562.8
0.00024462
0.00024462
1123.6
0.00024462
1330.9
0.00024462
1474.4
1702.8
0.00024462
731.78
0.00024462
1532.8
1140.9
885.39
0.00024462
496.89
1961.6
0.00024462
843.75
0.00024462
827.36
986.75
2397
1077.6
1263.8
379.68
0.00024462
694.46
0.00024462
0.00024462
0.00024462
2127.4
0.00024462
690.63
0.00024462
819.39
1278.9
0.00024462
953.35
1590
0.00024462
1039.7
0.00024462
1627.3
0.00024462
698.51
0.00024462
0.00024462
2364.5
0.00024462
581.48
0.00024462
0.00024462
0.00024462
0.00024462
0.00024462
602.12
0.00024462
0.00024462
0.00024462
0.00024462
0.00024462
0.00024462
0.00024462
0.00024462
0.00024462
0.00024462
610.85
0.00024462
1606.5
670.43
0.00024462
513.22
908.87
0.00024462
1043.9
0.00024462
0.00024462
0.00024462
0.00024462
0.00024462
0.00024462
5162
391.72
0.00024462
0.00024462
906.17
0.00024462
1784
0.00024462
704.23
0.00024462
688.93
1573
0.00024462
2377.1
0.00024462
373.22
0.00024462
0.00024462
0.00024462
1405.9
0.00024462
1479
0.00024462
932.23
0.00024462
847.3
1287.3
987.85
0.00024462
559.68
2211.5
582.19
0.00024462
0.00024462
943.26
2563
591.94
0.00024462
0.00024462
0.00024462
0.00024462
566.6
0.00024462
0.00024462
1400.7
0.00024462
0.00024462
0.00024462
2717.2
620.56
0.00024462
680.25
1218.3
560.97
0.00024462
956.46
0.00024462
975.33
0.00024462
0.00024462
0.00024462
0.00024462
687.74
851.55
0.00024462
0.00024462
0.00024462
773.93
0.00024462
0.00024462
0.00024462
0.00024462
801.75
1876.4
619.46
549.18
0.00024462
507.86
0.00024462
0.00024462
703.05
0.00024462
1144.1
1388.4
0.00024462
0.00024462
0.00024462
0.00024462
0.00024462
0.00024462
0.00024462
1435.3
536.9
0.00024462
447.87
0.00024462
0.00024462
877.47
0.00024462
461.93
0.00024462
1633.8
0.00024462
0.00024462
0.00024462
0.00024462
0.00024462
799.57
0.00024462
1907
903.12
486.33
5053.9
755.72
0.00024462
1949.1
0.00024462
2654.4
0.00024462
1554.7
0.00024462
0.00024462
1106.5
0.00024462
1449.2
1385.6
0.00024462
0.00024462
1941.3
0.00024462
0.00024462
663.94
1003.5
0.00024462
0.00024462
0.00024462
0.00024462
0.00024462
368.78
507.26
1702.2
0.00024462
0.00024462
960.25
0.00024462
552.8
0.00024462
0.00024462
777.06
0.00024462
0.00024462
1014.1
3582.7
0.00024462
0.00024462
0.00024462
0.00024462
0.00024462
901.96
433.05
1309
0.00024462
0.00024462
265.71
0.00024462
1759
1785.4
0.00024462
0.00024462
0.00024462
708.39
1890.1
0.00024462
529.79
0.00024462
1722.9
1510.4
551.69
0.00024462
0.00024462
318.73
1264.6
879.34
1866.3
0.00024462
0.00024462
0.00024462
1446.7
1894.8
1011.5
0.00024462
878.68
451.75
5398.2
710.55
644.71
0.00024462
0.00024462
0.00024462
0.00024462
649.31
1115.4
0.00024462
512
913.85
833.04
1241.7
0.00024462
0.00024462
741.49
469.48
0.00024462
0.00024462
485.98
0.00024462
0.00024462
0.00024462
0.00024462
0.00024462
0.00024462
0.00024462
1131.1
0.00024462
0.00024462
753.81
0.00024462
0.00024462
1791.8
0.00024462
475.61
979.7
0.00024462
0.00024462
550.89
775.4
0.00024462
0.00024462
0.00024462
1018.1
2190.4
667.77
0.00024462
0.00024462
0.00024462
0.00024462
881.49
0.00024462
861.86
0.00024462
585.58
0.00024462
0.00024462
0.00024462
1550.7
1117.9
924.09
0.00024462
3220.6
0.00024462
1041
785.67
0.00024462
1511.9
0.00024462
0.00024462
0.00024462
0.00024462
0.00024462
1258.4
0.00024462
0.00024462
0.00024462
840.06
0.00024462
678.04
0.00024462
0.00024462
895.72
1032
606.23
0.00024462
915.34
850.1
0.00024462
656.95
405.27
0.00024462
904.19
482.38
0.00024462
0.00024462
2910.3
0.00024462
414.51
0.00024462
407.03
0.00024462
0.00024462
0.00024462
834.68
674.39
0.00024462
874.55
0.00024462
2750.8
1662.7
0.00024462
1330.6
1182.6
0.00024462
596.7
1266.4
0.00024462
489.27
0.00024462
0.00024462
1074.9
0.00024462
0.00024462
0.00024462
0.00024462
2206.2
0.00024462
0.00024462
0.00024462
1930.1
0.00024462
0.00024462
0.00024462
496.92
3277.5
0.00024462
0.00024462
1144.2
1281.6
0.00024462
0.00024462
0.00024462
652.28
0.00024462
936.19
0.00024462
665.07
0.00024462
0.00024462
0.00024462
981.57
0.00024462
0.00024462
0.00024462
822.61
2202.7
420.66
422.76
0.00024462
0.00024462
0.00024462
0.00024462
1244
0.00024462
945.89
0.00024462
0.00024462
0.00024462
0.00024462
542.95
899.29
0.00024462
1017.3
0.00024462
727.58
0.00024462
692.3
0.00024462
291.27
0.00024462
0.00024462
0.00024462
1667.4
0.00024462
0.00024462
1068
0.00024462
0.00024462
1058.3
1465.6
0.00024462
919.23
603.82
0.00024462
1095.7
0.00024462
696.56
0.00024462
0.00024462
316.39
0.00024462
0.00024462
873.97
0.00024462
0.00024462
1263.5
1070
0.00024462
464.49
983.44
0.00024462
968.75
0.00024462
0.00024462
1169.8
0.00024462
520.98
1208.8
0.00024462
0.00024462
0.00024462
0.00024462
0.00024462
0.00024462
2433.4
493.55
999.33
0.00024462
0.00024462
1616.1
0.00024462
0.00024462
0.00024462
0.00024462
1883.5
0.00024462
0.00024462
1081.2
0.00024462
0.00024462
848.5
923.37
0.00024462
0.00024462
0.00024462
758.93
0.00024462
0.00024462
0.00024462
1081.4
264.82
1219.2
0.00024462
0.00024462
1055.5
1280.4
0.00024462
386.69
571.62
0.00024462
2799.8
771.03
1580.7
405.88
0.00024462
0.00024462
860.79
0.00024462
0.00024462
0.00024462
0.00024462
0.00024462
1232.7
924.18
0.00024462
1577.4
0.00024462
0.00024462
2655.9
0.00024462
0.00024462
0.00024462
426.41
0.00024462
0.00024462
1155.3
487.44
733.39
1540.8
0.00024462
0.00024462
0.00024462
0.00024462
794.58
479.52
607.62
532.64
4563.3
585.5
0.00024462
0.00024462
0.00024462
1105.8
486.51
0.00024462
0.00024462
1580.3
1193.7
1557.9
0.00024462
0.00024462
1109
0.00024462
0.00024462
694.77
603.5
0.00024462
737.4
3359.8
0.00024462
769.26
0.00024462
445.87
1314.7
1015.1
0.00024462
931.19
935.95
0.00024462
0.00024462
0.00024462
2169.2
0.00024462
752.96
0.00024462
0.00024462
0.00024462
793.52
1384.5
0.00024462
0.00024462
0.00024462
0.00024462
1985.3
1363.7
1034.3
0.00024462
728.95
229.17
0.00024462
452.58
0.00024462
1073.7
0.00024462
0.00024462
581.92
843.4
1449.6
1969
0.00024462
0.00024462
629.55
380.79
901.81
1837
0.00024462
0.00024462
0.00024462
371.65
0.00024462
0.00024462
0.00024462
0.00024462
1419.3
737.9
0.00024462
1128.5
0.00024462
1019.4
0.00024462
2558.2
808.44
427.43
0.00024462
559.36
0.00024462
588.36
0.00024462
717.01
0.00024462
0.00024462
851.81
807.4
0.00024462
0.00024462
0.00024462
0.00024462
0.00024462
706.59
1711.1
587.91
2457.4
0.00024462
679.02
0.00024462
0.00024462
861.91
1456.2
0.00024462
0.00024462
683.31
0.00024462
0.00024462
0.00024462
0.00024462
0.00024462
609.28
453.68
968.36
0.00024462
519.5
534.29
1604.7
942.46
783.56
0.00024462
906.35
0.00024462
0.00024462
0.00024462
0.00024462
0.00024462
979.02
0.00024462
1176
1225.8
541.41
0.00024462
0.00024462
0.00024462
386.35
0.00024462
1328
0.00024462
1618.7
640.84
0.00024462
0.00024462
0.00024462
0.00024462
1386.1
2087.6
880.34
0.00024462
1080.5
0.00024462
2899.5
0.00024462
1451.9
0.00024462
0.00024462
0.00024462
1057.8
0.00024462
643.06
0.00024462
0.00024462
0.00024462
862.49
1750.3
902.35
1150.6
0.00024462
1925.8
0.00024462
466.46
0.00024462
0.00024462
0.00024462
0.00024462
1135.8
3716.9
2432.4
0.00024462
448.89
278.02
775.64
0.00024462
0.00024462
1582.8
1783.6
0.00024462
0.00024462
0.00024462
405.3
0.00024462
0.00024462
1467.1
923.49
424.07
0.00024462
595.54
980.6
0.00024462
0.00024462
0.00024462
1485.3
0.00024462
0.00024462
0.00024462
0.00024462
0.00024462
0.00024462
0.00024462
513.45
2917.1
312.25
0.00024462
989.89
1191.8
0.00024462
1315.2
779.1
0.00024462
0.00024462
619.17
350.93
1339.7
0.00024462
0.00024462
0.00024462
0.00024462
828.87
0.00024462
512.1
0.00024462
0.00024462
0.00024462
0.00024462
0.00024462
0.00024462
500.83
0.00024462
1047.6
0.00024462
880.38
0.00024462
944.42
0.00024462
725.77
1298.6
548.84
0.00024462
924.19
812.83
0.00024462
0.00024462
0.00024462
570.68
1362.7
0.00024462
0.00024462
1074.7
0.00024462
0.00024462
0.00024462
984.03
0.00024462
1064.4
0.00024462
0.00024462
541.44
525.25
1031.1
1409.5
0.00024462
0.00024462
0.00024462
2142.8
2394.1
0.00024462
623.82
1500.1
0.00024462
460.58
0.00024462
865.62
0.00024462
0.00024462
0.00024462
790.09
1274.7
0.00024462
0.00024462
0.00024462
0.00024462
0.00024462
0.00024462
0.00024462
898.8
0.00024462
0.00024462
0.00024462
1000.6
0.00024462
0.00024462
0.00024462
0.00024462
0.00024462
800.34
1564.3
524.23
1237.5
0.00024462
1025.1
0.00024462
514.28
681.64
0.00024462
961.45
0.00024462
0.00024462
1855.5
0.00024462
676.21
0.00024462
857.4
0.00024462
1243.5
0.00024462
0.00024462
818.05
0.00024462
2725.1
0.00024462
744.56
0.00024462
0.00024462
903.74
403.94
880.01
0.00024462
0.00024462
0.00024462
0.00024462
0.00024462
1302.6
1659.7
1355.7
0.00024462
356.23
0.00024462
0.00024462
0.00024462
0.00024462
0.00024462
945.76
0.00024462
0.00024462
2152.6
0.00024462
0.00024462
442.67
0.00024462
0.00024462
476.63
0.00024462
1213.4
0.00024462
559.64
416.39
1318.3
1488.8
1082.1
0.00024462
0.00024462
1556
0.00024462
0.00024462
0.00024462
0.00024462
0.00024462
0.00024462
0.00024462
0.00024462
845.89
0.00024462
0.00024462
0.00024462
0.00024462
1679.6
3077.8
1023.6
0.00024462
0.00024462
0.00024462
1115.8
574.77
1725.3
1003.3
433.41
0.00024462
0.00024462
772.73
0.00024462
1079.7
0.00024462
0.00024462
0.00024462
3410.5
0.00024462
0.00024462
1381.1
1558.2
1042.2
0.00024462
838.44
1470.7
1237.4
0.00024462
0.00024462
0.00024462
513.91
0.00024462
645.11
0.00024462
454.99
0.00024462
1263.6
0.00024462
0.00024462
0.00024462
0.00024462
0.00024462
1151.9
2690.1
478.17
238.39
0.00024462
988.18
0.00024462
813.6
0.00024462
0.00024462
0.00024462
1013.2
3463.4
0.00024462
0.00024462
0.00024462
2765.6
0.00024462
0.00024462
1183.2
0.00024462
0.00024462
2161.7
410.37
1417.5
0.00024462
0.00024462
0.00024462
427.1
0.00024462
0.00024462
682.64
0.00024462
0.00024462
2711
0.00024462
483.37
996.26
793.1
0.00024462
0.00024462
0.00024462
0.00024462
0.00024462
0.00024462
0.00024462
0.00024462
0.00024462
0.00024462
765.99
585.47
1336.8
922.07
0.00024462
0.00024462
695.43
0.00024462
0.00024462
0.00024462
733.32
1244
2388.7
1030
1587.6
0.00024462
0.00024462
1029.8
0.00024462
0.00024462
0.00024462
1943
368.3
0.00024462
0.00024462
891.78
0.00024462
399.28
0.00024462
0.00024462
765.64
0.00024462
0.00024462
0.00024462
600.61
852.75
0.00024462
584.32
0.00024462
1495.3
0.00024462
562.45
0.00024462
0.00024462
898.62
799.63
0.00024462
0.00024462
1409.5
712.11
550.9
0.00024462
0.00024462
1187.5
1233.7
0.00024462
0.00024462
1730.1
0.00024462
767.53
1435.7
0.00024462
1481.2
1044.9
738.61
0.00024462
747.02
1327.3
328.04
805.47
0.00024462
0.00024462
1134
0.00024462
0.00024462
0.00024462
406.62
0.00024462
0.00024462
0.00024462
0.00024462
1773.2
0.00024462
968.15
1263.5
603.96
0.00024462
697.75
0.00024462
873.51
539.12
0.00024462
853.33
0.00024462
1128.8
0.00024462
0.00024462
1898.6
0.00024462
4162.2
0.00024462
1881
0.00024462
1214.4
0.00024462
0.00024462
0.00024462
0.00024462
1010.2
0.00024462
0.00024462
0.00024462
0.00024462
0.00024462
739.63
0.00024462
0.00024462
0.00024462
0.00024462
0.00024462
0.00024462
0.00024462
0.00024462
0.00024462
0.00024462
0.00024462
0.00024462
819.95
0.00024462
0.00024462
541.14
613.66
0.00024462
0.00024462
1003.9
0.00024462
1380.2
0.00024462
1072.6
1299.2
1511.2
506.91
0.00024462
0.00024462
0.00024462
0.00024462
712.63
719.87
0.00024462
1648
730.98
0.00024462
782.8
1169.8
660.03
0.00024462
0.00024462
1497.7
0.00024462
0.00024462
826.67
2350
0.00024462
0.00024462
885.31
0.00024462
0.00024462
1452.9
0.00024462
435.7
949.11
699.37
1459.3
0.00024462
0.00024462
0.00024462
831.49
0.00024462
869.41
0.00024462
1293.5
852.74
1216.2
0.00024462
0.00024462
0.00024462
0.00024462
0.00024462
0.00024462
0.00024462
1380.4
1048.9
0.00024462
0.00024462
1529.1
0.00024462
947.01
2448.6
0.00024462
0.00024462
1552.5
2814.8
0.00024462
1043
0.00024462
0.00024462
1781
1483.3
1033.7
0.00024462
0.00024462
1286
2197.8
1145.2
0.00024462
590.22
0.00024462
0.00024462
603.33
0.00024462
862.36
1160.9
379.66
0.00024462
609.76
0.00024462
0.00024462
0.00024462
0.00024462
989.98
0.00024462
499.4
2298.6
695.85
453.1
1617.7
832.96
0.00024462
0.00024462
3317.2
911.02
0.00024462
0.00024462
855.68
0.00024462
0.00024462
0.00024462
868.31
0.00024462
0.00024462
616.49
1037.8
0.00024462
0.00024462
1410.7
0.00024462
0.00024462
0.00024462
2359.8
0.00024462
353.15
411.43
1904.5
516.92
496.31
1845.2
861.34
0.00024462
780.49
0.00024462
0.00024462
0.00024462
0.00024462
1909.5
835
697.68
0.00024462
691.23
590.97
797.82
514.98
681.02
0.00024462
831.03
0.00024462
0.00024462
0.00024462
331.65
0.00024462
0.00024462
0.00024462
0.00024462
0.00024462
790.19
855.74
0.00024462
0.00024462
1087.4
452.68
1695.9
0.00024462
462.96
0.00024462
495.25
0.00024462
0.00024462
828.66
681.88
0.00024462
0.00024462
0.00024462
0.00024462
0.00024462
2995.4
1469.4
1606.6
0.00024462
0.00024462
1418.3
596.91
1068.3
854.09
0.00024462
0.00024462
980.65
0.00024462
0.00024462
0.00024462
2351.1
415.17
730.3
0.00024462
1146.2
633.2
0.00024462
0.00024462
2443
990.02
0.00024462
0.00024462
0.00024462
843.09
687.24
1192
1714
356.76
2395.9
788.82
903.51
939.76
2223.7
549
318.94
0.00024462
0.00024462
965.75
1025.1
876.2
0.00024462
290.1
0.00024462
1402.4
883.81
0.00024462
540.03
586.12
661.68
0.00024462
0.00024462
0.00024462
0.00024462
0.00024462
871.41
1514.2
0.00024462
895.89
0.00024462
875.19
1096.3
1556.3
0.00024462
1207.3
944.2
1392.7
1663.2
0.00024462
564.19
0.00024462
822.2
716.59
0.00024462
0.00024462
0.00024462
0.00024462
0.00024462
707.89
0.00024462
957.21
0.00024462
1529.3
741.75
0.00024462
1009.1
1483.9
1204.4
1185.3
0.00024462
0.00024462
394.43
1105.3
0.00024462
0.00024462
307.27
0.00024462
0.00024462
0.00024462
4783.1
0.00024462
758.51
0.00024462
0.00024462
0.00024462
0.00024462
0.00024462
674.6
1732.3
0.00024462
752.97
1724
1090.7
0.00024462
0.00024462
0.00024462
0.00024462
0.00024462
0.00024462
2888.5
0.00024462
0.00024462
0.00024462
0.00024462
0.00024462
0.00024462
1037
0.00024462
1463.8
824.12
0.00024462
411.83
1217
0.00024462
623.25
0.00024462
725.33
820.23
1060.5
0.00024462
0.00024462
0.00024462
0.00024462
533.3
0.00024462
549.27
2668.5
1032.7
0.00024462
613.81
0.00024462
597.13
608.26
0.00024462
915.7
1234.3
262.2
0.00024462
563.4
339.4
0.00024462
0.00024462
653.71
0.00024462
0.00024462
2170.8
1345.9
0.00024462
2702.1
0.00024462
681.35
1401.5
1140.7
0.00024462
0.00024462
342.73
0.00024462
1076.2
758.83
545.15
2584.8
0.00024462
0.00024462
1598
0.00024462
1496.5
0.00024462
773.95
0.00024462
1433.6
704.98
0.00024462
0.00024462
0.00024462
0.00024462
0.00024462
0.00024462
2414.7
0.00024462
936.12
594.75
0.00024462
0.00024462
960.09
589.52
0.00024462
0.00024462
608.58
1021.5
1013
384.68
969.4
0.00024462
1807
0.00024462
0.00024462
1891.5
0.00024462
0.00024462
1366.8
0.00024462
0.00024462
388.54
0.00024462
458.3
0.00024462
0.00024462
0.00024462
0.00024462
595.78
574.43
549.52
2275.6
0.00024462
1846.3
0.00024462
1059.1
0.00024462
551.29
582.97
0.00024462
521.37
1341.4
776.59
903.1
701.07
0.00024462
1411.3
581.98
0.00024462
0.00024462
0.00024462
0.00024462
1218.5
0.00024462
0.00024462
0.00024462
0.00024462
0.00024462
382.33
1813.9
0.00024462
0.00024462
663.34
0.00024462
0.00024462
0.00024462
1757.7
2065.4
914.35
0.00024462
0.00024462
0.00024462
0.00024462
1923.2
0.00024462
1973.6
0.00024462
0.00024462
982.19
835.41
587.08
0.00024462
510.2
726.03
1284.2
0.00024462
955.36
0.00024462
512.49
991.59
534.77
0.00024462
0.00024462
0.00024462
1474
609.88
617.45
0.00024462
0.00024462
886.86
597.25
0.00024462
0.00024462
0.00024462
1271.4
386.09
0.00024462
0.00024462
725.98
0.00024462
800.11
0.00024462
819.18
3079.8
1615.7
0.00024462
1189.7
3196.7
0.00024462
0.00024462
1473.5
0.00024462
0.00024462
737.5
838.7
0.00024462
0.00024462
0.00024462
0.00024462
613.38
0.00024462
922.96
0.00024462
0.00024462
0.00024462
691.19
0.00024462
0.00024462
0.00024462
711.24
0.00024462
727.73
0.00024462
2217.4
0.00024462
0.00024462
3619.2
0.00024462
942.17
3223.1
1333
1132.5
0.00024462
591.25
0.00024462
0.00024462
918.71
0.00024462
0.00024462
1596.8
0.00024462
0.00024462
541.71
0.00024462
0.00024462
0.00024462
0.00024462
1112.2
0.00024462
0.00024462
0.00024462
767.68
0.00024462
1980.2
0.00024462
0.00024462
485.25
1458.8
1390.5
865.38
1066.3
0.00024462
0.00024462
800.97
0.00024462
0.00024462
872.54
0.00024462
0.00024462
0.00024462
1697.3
1459.9
1617.3
0.00024462
599.64
0.00024462
380.47
0.00024462
0.00024462
1176.8
0.00024462
654.46
990.28
2200.9
0.00024462
1692.4
0.00024462
692.12
0.00024462
865.24
0.00024462
0.00024462
0.00024462
1278.6
596.15
0.00024462
0.00024462
919.83
0.00024462
0.00024462
0.00024462
0.00024462
0.00024462
1417.3
1433.4
0.00024462
0.00024462
953.22
0.00024462
828.49
0.00024462
0.00024462
0.00024462
627.18
1967.7
0.00024462
0.00024462
0.00024462
0.00024462
0.00024462
0.00024462
388.18
0.00024462
1150.6
0.00024462
0.00024462
1717.5
0.00024462
575.41
0.00024462
0.00024462
0.00024462
2502
398.83
0.00024462
0.00024462
0.00024462
0.00024462
0.00024462
1720.7
968.92
0.00024462
827.26
994.83
631.53
0.00024462
831.15
1503.7
0.00024462
10430
0.00024462
0.00024462
0.00024462
0.00024462
391.08
4041.1
0.00024462
1064.8
0.00024462
1747.6
0.00024462
2478.7
0.00024462
0.00024462
1225.1
862.96
1232.5
0.00024462
1696.5
0.00024462
1069.5
0.00024462
0.00024462
1156.7
1527.3
4715.3
0.00024462
1757.1
0.00024462
0.00024462
0.00024462
0.00024462
0.00024462
0.00024462
1949.6
2948
1738.8
1023.6
1199.3
0.00024462
504.19
0.00024462
0.00024462
2250.9
0.00024462
608
0.00024462
642.4
0.00024462
1853
0.00024462
2123
0.00024462
0.00024462
0.00024462
0.00024462
0.00024462
656.55
0.00024462
0.00024462
0.00024462
690.32
533.32
1431.6
0.00024462
0.00024462
0.00024462
0.00024462
923.32
0.00024462
0.00024462
421.62
1171.4
0.00024462
361.73
697.93
1547.6
0.00024462
0.00024462
1500.5
0.00024462
814.15
627.32
672.95
1149.7
0.00024462
1759
0.00024462
0.00024462
0.00024462
0.00024462
1704.9
0.00024462
1331.6
1315.4
0.00024462
571.04
640.56
0.00024462
1997.5
0.00024462
0.00024462
0.00024462
0.00024462
1045.7
1220.5
0.00024462
460.09
1303.9
0.00024462
0.00024462
0.00024462
0.00024462
0.00024462
0.00024462
592.64
0.00024462
0.00024462
440.58
0.00024462
0.00024462
798.16
0.00024462
574.99
925.72
0.00024462
2640.3
1457.9
701.6
0.00024462
0.00024462
0.00024462
0.00024462
0.00024462
1209.8
0.00024462
925.07
0.00024462
2146.6
0.00024462
0.00024462
0.00024462
0.00024462
716.33
0.00024462
0.00024462
647.39
0.00024462
1007.6
0.00024462
6767.3
0.00024462
0.00024462
0.00024462
0.00024462
0.00024462
1012.7
2945.8
0.00024462
0.00024462
0.00024462
0.00024462
1092.4
0.00024462
0.00024462
0.00024462
0.00024462
0.00024462
615.97
550.56
2443.6
0.00024462
0.00024462
0.00024462
0.00024462
0.00024462
0.00024462
0.00024462
0.00024462
0.00024462
0.00024462
1126.3
536.26
3085.5
2223.7
0.00024462
0.00024462
0.00024462
1181.1
450.92
0.00024462
0.00024462
0.00024462
928.26
0.00024462
667.75
0.00024462
0.00024462
0.00024462
896.3
0.00024462
1134.8
1838.8
1986.9
0.00024462
1099.9
1053.4
950.87
397.91
0.00024462
0.00024462
0.00024462
0.00024462
1476.6
850.22
1383.4
825.39
2156.3
0.00024462
0.00024462
3719.5
0.00024462
683.31
0.00024462
787.26
908.73
0.00024462
0.00024462
0.00024462
0.00024462
0.00024462
608.07
543.92
0.00024462
0.00024462
0.00024462
0.00024462
227.11
495.91
0.00024462
838.84
0.00024462
0.00024462
0.00024462
0.00024462
550.06
1560.7
0.00024462
917.81
878.21
729.24
468.86
0.00024462
0.00024462
0.00024462
684.42
0.00024462
979.5
0.00024462
1248.9
0.00024462
0.00024462
1092
317.53
0.00024462
0.00024462
0.00024462
0.00024462
656.33
2387.1
0.00024462
0.00024462
0.00024462
801.9
1301.8
0.00024462
0.00024462
388.82
0.00024462
0.00024462
1660.8
3378.2
647.25
0.00024462
3162.9
2627.6
1265.2
0.00024462
0.00024462
0.00024462
0.00024462
0.00024462
0.00024462
491.09
1208.1
783.42
922.75
678.76
0.00024462
810.84
1129.7
0.00024462
0.00024462
2724.1
609
757.52
0.00024462
0.00024462
0.00024462
0.00024462
1100.9
0.00024462
0.00024462
1336.5
679.37
1514.9
1070.8
0.00024462
0.00024462
994.99
0.00024462
0.00024462
2404.4
0.00024462
0.00024462
0.00024462
417.41
0.00024462
0.00024462
730.88
0.00024462
384.2
0.00024462
551.7
0.00024462
675.19
707.47
0.00024462
1180.4
1711.9
1020.2
655.8
0.00024462
0.00024462
303.86
0.00024462
1049.2
0.00024462
1407.7
2512.4
0.00024462
0.00024462
0.00024462
0.00024462
617.06
621.34
594.94
0.00024462
947.47
619.43
0.00024462
0.00024462
762.13
0.00024462
0.00024462
0.00024462
0.00024462
1203.2
0.00024462
0.00024462
1777.1
1944.7
0.00024462
0.00024462
1051.6
0.00024462
0.00024462
0.00024462
0.00024462
0.00024462
1134
1116.9
0.00024462
0.00024462
0.00024462
0.00024462
577.01
2177.7
771.53
0.00024462
0.00024462
895.94
276.8
1474.6
0.00024462
0.00024462
0.00024462
0.00024462
500.56
0.00024462
0.00024462
2493.4
0.00024462
0.00024462
1323.4
1966.5
0.00024462
5305.1
1220.9
0.00024462
0.00024462
0.00024462
854.34
542.81
1619
1300.5
0.00024462
456.04
0.00024462
0.00024462
0.00024462
1716.2
0.00024462
0.00024462
0.00024462
0.00024462
786.39
0.00024462
0.00024462
2204.7
0.00024462
0.00024462
0.00024462
387.07
0.00024462
1614.5
1297.6
1891.9
0.00024462
0.00024462
0.00024462
884.18
0.00024462
0.00024462
463.9
2384.5
0.00024462
0.00024462
0.00024462
0.00024462
811.64
1891.4
422.81
1694.2
0.00024462
0.00024462
0.00024462
889.87
0.00024462
0.00024462
1215.8
0.00024462
1254.6
0.00024462
515.58
0.00024462
1621.5
711.77
0.00024462
555.67
0.00024462
3239.5
2011.4
1017.5
1025.9
0.00024462
928.69
691.33
0.00024462
1316.2
862.32
0.00024462
0.00024462
982.77
0.00024462
395.11
798.56
2312.9
0.00024462
2033.8
796.05
459.62
0.00024462
706.83
0.00024462
0.00024462
1712.8
643.27
0.00024462
0.00024462
1498
453.12
996.36
0.00024462
0.00024462
1075.1
440.67
884.78
0.00024462
1331.5
655.59
1250.1
0.00024462
551.87
0.00024462
508.69
815.86
0.00024462
0.00024462
338.86
0.00024462
0.00024462
1560.4
922.06
0.00024462
809.77
544.74
0.00024462
987.13
0.00024462
1381.4
3780
0.00024462
389.84
0.00024462
0.00024462
0.00024462
0.00024462
0.00024462
0.00024462
653.25
469.58
0.00024462
566.32
579.14
868.72
0.00024462
0.00024462
0.00024462
0.00024462
0.00024462
0.00024462
525.59
866.41
781.28
1278.5
606.45
0.00024462
783.36
0.00024462
0.00024462
0.00024462
0.00024462
1295.7
1444.5
0.00024462
0.00024462
905.42
0.00024462
0.00024462
747.58
1063.7
0.00024462
0.00024462
873.31
943.24
592.75
1067.6
0.00024462
0.00024462
0.00024462
0.00024462
0.00024462
0.00024462
278.49
547.09
2945.1
0.00024462
0.00024462
684.26
1067.1
0.00024462
0.00024462
0.00024462
950.32
0.00024462
0.00024462
0.00024462
0.00024462
0.00024462
0.00024462
0.00024462
0.00024462
0.00024462
0.00024462
1858.7
0.00024462
1068.3
0.00024462
0.00024462
0.00024462
1694.5
1405.3
1004
1755.1
0.00024462
0.00024462
597.17
1960.8
0.00024462
452.8
1329.5
0.00024462
1138.4
0.00024462
982.27
1329.5
952.47
0.00024462
0.00024462
0.00024462
0.00024462
654.98
0.00024462
1573.4
828.98
819.04
0.00024462
569.28
437.33
661.25
0.00024462
470.36
0.00024462
980.65
703.46
979.12
0.00024462
0.00024462
0.00024462
0.00024462
5945.9
0.00024462
0.00024462
0.00024462
0.00024462
591.6
617.15
0.00024462
820.64
0.00024462
761.05
1329.4
592.8
521.42
0.00024462
0.00024462
0.00024462
570.1
0.00024462
0.00024462
0.00024462
828.84
219.85
0.00024462
0.00024462
1101.7
0.00024462
2559.1
0.00024462
361.33
1048.1
0.00024462
401.49
1495.3
1217.5
996.7
553.74
882.89
264.01
0.00024462
0.00024462
366.05
890.11
0.00024462
0.00024462
443.87
992.62
0.00024462
0.00024462
0.00024462
0.00024462
629.76
0.00024462
489.93
0.00024462
510.57
0.00024462
0.00024462
1145
0.00024462
1569
599.46
783.22
0.00024462
2240.7
828.05
550.49
2971.8
0.00024462
373.1
0.00024462
0.00024462
1409.6
0.00024462
1065.6
0.00024462
0.00024462
1405.6
0.00024462
0.00024462
388.34
964.25
0.00024462
0.00024462
779.98
0.00024462
931.2
1597.5
0.00024462
0.00024462
0.00024462
0.00024462
0.00024462
668.31
0.00024462
0.00024462
1627.9
2051
1191.3
420.31
0.00024462
0.00024462
0.00024462
0.00024462
0.00024462
966.97
2725.9
575.47
0.00024462
1493.3
0.00024462
0.00024462
1366.7
432.01
0.00024462
1150.2
0.00024462
0.00024462
696.34
1018.4
1399.7
413.08
0.00024462
0.00024462
0.00024462
258.19
0.00024462
0.00024462
2360.1
0.00024462
0.00024462
282.65
597.42
0.00024462
0.00024462
1340.8
1231.6
1123.7
0.00024462
0.00024462
0.00024462
0.00024462
2703.3
0.00024462
1482.1
757.9
0.00024462
738.7
0.00024462
0.00024462
1082.9
0.00024462
1588.8
0.00024462
0.00024462
0.00024462
937.01
0.00024462
723.28
436.99
0.00024462
1265.9
0.00024462
552.49
628.51
0.00024462
0.00024462
0.00024462
0.00024462
0.00024462
0.00024462
250.42
657.33
0.00024462
1072.1
568.21
0.00024462
1351.4
424.93
709.75
906.38
0.00024462
0.00024462
0.00024462
1780.2
0.00024462
0.00024462
0.00024462
0.00024462
0.00024462
497.88
734.75
0.00024462
0.00024462
685.33
0.00024462
0.00024462
0.00024462
1421.9
0.00024462
795.67
863.37
0.00024462
0.00024462
0.00024462
691.93
0.00024462
0.00024462
610.87
1120.1
670.62
0.00024462
976.84
3285.3
0.00024462
0.00024462
0.00024462
0.00024462
0.00024462
499.16
601.88
1038.6
2174.2
1237.2
0.00024462
0.00024462
0.00024462
0.00024462
0.00024462
0.00024462
0.00024462
805.68
0.00024462
0.00024462
0.00024462
1534.4
0.00024462
945.42
0.00024462
0.00024462
996.55
0.00024462
1118.3
0.00024462
549.82
0.00024462
0.00024462
0.00024462
0.00024462
0.00024462
657.28
430.49
0.00024462
0.00024462
0.00024462
0.00024462
528.44
637.22
0.00024462
2646.8
0.00024462
0.00024462
2077.5
486.67
0.00024462
0.00024462
0.00024462
0.00024462
0.00024462
1356.6
744.14
0.00024462
0.00024462
0.00024462
754.5
344.21
0.00024462
1269.4
0.00024462
0.00024462
0.00024462
0.00024462
1055.6
0.00024462
982.93
264.12
0.00024462
0.00024462
471.14
0.00024462
410.84
1315.7
2328.1
730.86
806.99
822.35
3325.3
552.69
703.75
2893.1
431.43
666.47
0.00024462
1521.4
1300.2
1260.5
1042.2
0.00024462
0.00024462
0.00024462
871.62
0.00024462
3752.6
0.00024462
0.00024462
1050.4
0.00024462
0.00024462
600.8
430.6
2277.1
801.08
0.00024462
0.00024462
728.43
1288.8
713.92
1111
0.00024462
563.18
473.13
0.00024462
1173.2
0.00024462
1076.6
683.13
0.00024462
548.27
0.00024462
0.00024462
0.00024462
309.22
0.00024462
0.00024462
807.2
0.00024462
0.00024462
0.00024462
0.00024462
487.34
632.52
1371.7
0.00024462
0.00024462
0.00024462
902.33
0.00024462
0.00024462
1366.6
0.00024462
0.00024462
584.73
659.72
3204.5
0.00024462
560.94
997.77
0.00024462
0.00024462
0.00024462
1130.5
588.01
0.00024462
0.00024462
0.00024462
2001.6
1333.3
0.00024462
802.04
0.00024462
1532.9
1847.8
1621.1
0.00024462
0.00024462
0.00024462
601.76
0.00024462
0.00024462
0.00024462
0.00024462
0.00024462
1736.7
1112.5
1937.9
2091.9
0.00024462
751.01
2223.3
936.28
0.00024462
0.00024462
0.00024462
2568.1
302.7
0.00024462
0.00024462
0.00024462
0.00024462
860.05
872.78
0.00024462
1849.2
1329.4
755.26
727.46
444.29
0.00024462
0.00024462
1597.9
0.00024462
0.00024462
940.15
1891.5
0.00024462
0.00024462
962.91
0.00024462
1411.4
0.00024462
0.00024462
899.93
938
0.00024462
0.00024462
0.00024462
650.06
0.00024462
517.88
0.00024462
1129
0.00024462
2451.7
590.8
0.00024462
841.48
0.00024462
0.00024462
1326.6
748.07
0.00024462
578.64
0.00024462
485.66
0.00024462
0.00024462
1760
0.00024462
0.00024462
0.00024462
2348.6
0.00024462
0.00024462
2108.5
1411.7
780.56
1126.4
1108.6
1252.1
0.00024462
854.92
0.00024462
1229
0.00024462
487.35
0.00024462
593.6
467.75
0.00024462
0.00024462
0.00024462
0.00024462
710.94
1099.4
0.00024462
0.00024462
0.00024462
0.00024462
0.00024462
1205.7
873.36
2541
0.00024462
0.00024462
0.00024462
1314.5
0.00024462
1044.3
0.00024462
0.00024462
1180.2
493.28
0.00024462
0.00024462
0.00024462
1153.4
0.00024462
1275.3
0.00024462
0.00024462
1812.7
0.00024462
0.00024462
0.00024462
508.48
0.00024462
1549.6
0.00024462
2515.6
2047.5
1045
1340.6
0.00024462
643.54
307.06
0.00024462
911.34
0.00024462
0.00024462
605.96
1052.3
0.00024462
1088.6
1506.4
0.00024462
0.00024462
1697.6
991.91
1704.8
6739.4
802.72
0.00024462
376.47
0.00024462
383.39
1032
0.00024462
0.00024462
515.02
1056.8
0.00024462
0.00024462
1125.5
0.00024462
215.25
0.00024462
1568.3
390.64
0.00024462
0.00024462
0.00024462
0.00024462
1298.2
0.00024462
0.00024462
2316.2
988.83
0.00024462
0.00024462
2243
0.00024462
369.97
815.81
0.00024462
1040.7
0.00024462
870.95
0.00024462
0.00024462
0.00024462
1231.9
823.91
2596.7
0.00024462
0.00024462
0.00024462
1092.9
1691.9
3590.5
764.36
516.22
479.4
898.65
0.00024462
0.00024462
1259.3
0.00024462
0.00024462
1530.3
2608.8
0.00024462
0.00024462
3809.8
0.00024462
0.00024462
0.00024462
1017.4
0.00024462
1378.4
749.12
2323.4
0.00024462
1402.5
0.00024462
0.00024462
0.00024462
1379
0.00024462
397.49
1209.3
0.00024462
5298
0.00024462
0.00024462
0.00024462
0.00024462
1093.5
533.97
0.00024462
0.00024462
482.3
0.00024462
0.00024462
1453.5
0.00024462
457.84
830.36
4965.2
3556.3
0.00024462
0.00024462
1073.5
0.00024462
0.00024462
1191.1
0.00024462
0.00024462
1255.7
2579.3
1181.4
0.00024462
1571.5
0.00024462
362.8
0.00024462
0.00024462
0.00024462
0.00024462
0.00024462
0.00024462
0.00024462
403.45
0.00024462
2116.6
0.00024462
0.00024462
970.28
738.95
0.00024462
836.65
407.15
0.00024462
0.00024462
0.00024462
0.00024462
608.38
0.00024462
0.00024462
0.00024462
773.47
793.5
0.00024462
522.5
0.00024462
0.00024462
2203
0.00024462
0.00024462
641.5
771.89
1520.4
514.17
834.49
1884.3
0.00024462
0.00024462
871.74
0.00024462
407.81
0.00024462
456.78
1269.5
0.00024462
0.00024462
0.00024462
277.61
0.00024462
274.14
0.00024462
0.00024462
0.00024462
0.00024462
0.00024462
387.93
0.00024462
1650.4
0.00024462
560.39
0.00024462
908.85
523.74
5021.9
1208.6
1247.4
0.00024462
0.00024462
0.00024462
0.00024462
0.00024462
0.00024462
536.38
0.00024462
828.85
0.00024462
371.18
450.24
1205.2
1233
0.00024462
1255.3
0.00024462
1856
0.00024462
813.51
0.00024462
2353.8
2067.7
0.00024462
0.00024462
727.92
0.00024462
1774.8
0.00024462
0.00024462
0.00024462
0.00024462
752.92
743.34
0.00024462
2250.7
1705.2
0.00024462
386.25
1055.7
1090.8
0.00024462
480.21
1958.9
0.00024462
0.00024462
437.58
1093.2
0.00024462
0.00024462
0.00024462
0.00024462
0.00024462
0.00024462
0.00024462
856.84
0.00024462
1510.4
2643.9
1525.7
0.00024462
895.83
0.00024462
0.00024462
0.00024462
355.23
0.00024462
0.00024462
1229.9
0.00024462
3867.3
879.65
0.00024462
0.00024462
0.00024462
662.35
0.00024462
2483.1
1461.1
662.35
0.00024462
0.00024462
0.00024462
0.00024462
573.48
0.00024462
957.37
0.00024462
0.00024462
0.00024462
1381.3
1262.2
0.00024462
531.99
0.00024462
559.5
4290
0.00024462
380.86
1013.8
0.00024462
0.00024462
0.00024462
0.00024462
1922
0.00024462
0.00024462
0.00024462
949.03
1448.9
0.00024462
0.00024462
0.00024462
1088.1
0.00024462
1381.7
0.00024462
654.79
0.00024462
676.49
798.39
720.91
1507.1
0.00024462
0.00024462
0.00024462
0.00024462
0.00024462
0.00024462
860.53
1368
837.71
0.00024462
3082.7
0.00024462
1792.6
304.34
0.00024462
0.00024462
1257
0.00024462
723.76
0.00024462
0.00024462
0.00024462
0.00024462
0.00024462
1407.6
1373.6
597.78
0.00024462
0.00024462
1230.8
3862.7
364.86
0.00024462
0.00024462
0.00024462
1037.3
1332.4
1127.2
0.00024462
2574.6
1891.6
0.00024462
407.49
0.00024462
0.00024462
655.78
670.7
0.00024462
1143.6
0.00024462
2083
2124.8
0.00024462
1483.3
0.00024462
1557.8
0.00024462
366.17
553.33
0.00024462
0.00024462
564.12
0.00024462
0.00024462
0.00024462
0.00024462
0.00024462
404.49
0.00024462
1142.4
1095.4
0.00024462
681.21
0.00024462
0.00024462
0.00024462
0.00024462
725.03
0.00024462
1632.6
1352.5
3075.5
0.00024462
0.00024462
0.00024462
