0.00016308
0.00016308
0.00016308
2.7914e+32
0.00016308
0.00016308
0.00016308
0.00016308
0.00016308
7.492e+31
0.00016308
2.4185e+22
0.00016308
2.0432e+38
0.00016308
0.00016308
0.00016308
0.00016308
0.00016308
9.8284e+31
0.00016308
5.9919e+31
0.00016308
0.00016308
0.00016308
0.00016308
0.00016308
4.9743e+36
1.67e+28
0.00016308
0.00016308
0.00016308
1.7279e+29
0.00016308
0.00016308
3.1535e+29
4.34e+32
0.00016308
3.342e+28
0.00016308
0.00016308
0.00016308
0.00016308
0.00016308
2.3999e+33
4.4528e+32
0.00016308
1.337e+37
0.00016308
0.00016308
9.2058e+40
0.00016308
5.8011e+42
0.00016308
0.00016308
0.00016308
1.0172e+20
0.00016308
0.00016308
4.6017e+34
0.00016308
3.6137e+23
0.00016308
0.00016308
4.7452e+38
9.8684e+25
0.00016308
0.00016308
0.00016308
2.598e+18
0.00016308
0.00016308
0.00016308
0.00016308
0.00016308
0.00016308
0.00016308
0.00016308
0.00016308
1.2027e+28
0.00016308
0.00016308
9.6961e+37
0.00016308
0.00016308
0.00016308
0.00016308
0.00016308
0.00016308
0.00016308
0.00016308
0.00016308
0.00016308
0.00016308
0.00016308
0.00016308
0.00016308
0.00016308
4.9364e+19
0.00016308
0.00016308
0.00016308
0.00016308
1.9605e+18
4.2985e+24
1.6048e+29
0.00016308
4.6511e+22
0.00016308
0.00016308
0.00016308
0.00016308
0.00016308
0.00016308
1.3342e+41
4.8132e+34
7.6813e+30
0.00016308
0.00016308
0.00016308
5.7726e+44
0.00016308
0.00016308
0.00016308
0.00016308
6.8746e+29
0.00016308
0.00016308
7.7005e+27
2.1884e+34
0.00016308
1.937e+32
0.00016308
0.00016308
6.1741e+50
6.0773e+23
0.00016308
0.00016308
0.00016308
0.00016308
0.00016308
1.2394e+35
1.143e+32
0.00016308
0.00016308
0.00016308
5.0759e+19
0.00016308
0.00016308
0.00016308
0.00016308
0.00016308
0.00016308
0.00016308
0.00016308
0.00016308
0.00016308
0.00016308
2.5178e+38
9.539e+25
0.00016308
0.00016308
0.00016308
0.00016308
0.00016308
0.00016308
0.00016308
0.00016308
0.00016308
8.1951e+38
0.00016308
3.3381e+33
0.00016308
0.00016308
0.00016308
0.00016308
7.1484e+25
2.7587e+44
0.00016308
0.00016308
3.6059e+30
0.00016308
0.00016308
0.00016308
0.00016308
0.00016308
1.2765e+30
5.7442e+39
0.00016308
5.4379e+42
8.0418e+20
4.0944e+28
7.533e+32
1.069e+33
1.265e+37
0.00016308
0.00016308
0.00016308
0.00016308
0.00016308
0.00016308
0.00016308
3.2147e+29
0.00016308
0.00016308
0.00016308
0.00016308
0.00016308
1.5345e+33
3.777e+26
0.00016308
0.00016308
0.00016308
0.00016308
2.4976e+35
0.00016308
0.00016308
0.00016308
0.00016308
0.00016308
2.3375e+30
0.00016308
0.00016308
0.00016308
0.00016308
0.00016308
0.00016308
0.00016308
0.00016308
5.1436e+43
0.00016308
0.00016308
0.00016308
0.00016308
0.00016308
0.00016308
0.00016308
0.00016308
1.5508e+35
0.00016308
0.00016308
0.00016308
0.00016308
0.00016308
3.2005e+44
0.00016308
0.00016308
8.6152e+19
0.00016308
1.8109e+38
0.00016308
0.00016308
0.00016308
0.00016308
1.4469e+29
0.00016308
0.00016308
0.00016308
0.00016308
0.00016308
0.00016308
5.6629e+23
0.00016308
0.00016308
1.3766e+19
0.00016308
0.00016308
4.9565e+36
0.00016308
2.0151e+24
0.00016308
0.00016308
5.3508e+35
0.00016308
7.9564e+20
0.00016308
6.9475e+26
1.9945e+16
1.9612e+22
0.00016308
0.00016308
0.00016308
1.921e+26
0.00016308
0.00016308
9.4668e+26
1.2808e+29
0.00016308
0.00016308
0.00016308
5.1027e+18
1.7927e+19
1.4336e+29
1.6678e+34
1.0451e+28
4.9083e+36
0.00016308
0.00016308
0.00016308
0.00016308
0.00016308
3.5235e+22
2.6745e+31
0.00016308
1.6761e+22
0.00016308
0.00016308
0.00016308
6.1243e+29
0.00016308
1.2667e+35
5.9167e+26
0.00016308
0.00016308
1.4504e+44
2.2871e+30
0.00016308
0.00016308
1.4573e+34
0.00016308
0.00016308
0.00016308
0.00016308
0.00016308
4.4937e+43
0.00016308
0.00016308
4.7312e+31
2.1107e+37
0.00016308
0.00016308
3.5354e+18
0.00016308
0.00016308
0.00016308
0.00016308
0.00016308
0.00016308
0.00016308
0.00016308
0.00016308
0.00016308
0.00016308
0.00016308
8.1066e+16
0.00016308
2.363e+34
0.00016308
0.00016308
0.00016308
0.00016308
2.9364e+21
0.00016308
2.7081e+31
0.00016308
0.00016308
0.00016308
0.00016308
0.00016308
0.00016308
0.00016308
0.00016308
2.5485e+29
0.00016308
0.00016308
3.872e+44
1.0726e+26
2.9358e+35
0.00016308
0.00016308
0.00016308
0.00016308
2.0411e+40
0.00016308
6.3483e+36
7.9167e+20
1.5312e+22
0.00016308
0.00016308
0.00016308
0.00016308
0.00016308
0.00016308
3.5832e+33
0.00016308
0.00016308
2.6887e+16
0.00016308
2.4967e+35
0.00016308
0.00016308
0.00016308
3.0894e+46
0.00016308
1.3851e+19
7.0802e+22
0.00016308
6.0824e+24
3.0543e+26
0.00016308
7.2729e+37
0.00016308
0.00016308
0.00016308
0.00016308
0.00016308
0.00016308
0.00016308
5.9991e+47
0.00016308
0.00016308
0.00016308
0.00016308
0.00016308
0.00016308
0.00016308
2.0736e+48
0.00016308
0.00016308
0.00016308
0.00016308
0.00016308
0.00016308
0.00016308
0.00016308
3.2049e+55
0.00016308
8.3778e+34
1.4057e+30
0.00016308
0.00016308
0.00016308
4.0817e+38
0.00016308
8.8788e+18
0.00016308
6.3121e+28
8.981e+36
9.8045e+14
0.00016308
3.3272e+23
1.2312e+38
0.00016308
0.00016308
0.00016308
1.1868e+22
0.00016308
0.00016308
5.954e+24
0.00016308
0.00016308
0.00016308
0.00016308
0.00016308
0.00016308
0.00016308
0.00016308
0.00016308
1.052e+39
1.6758e+39
0.00016308
3.3761e+19
0.00016308
0.00016308
0.00016308
0.00016308
4.838e+41
6.3582e+23
0.00016308
0.00016308
0.00016308
0.00016308
4.1275e+51
1.3019e+25
1.986e+17
2.1073e+30
3.0398e+31
0.00016308
0.00016308
0.00016308
0.00016308
6.1921e+16
1.259e+35
3.9694e+25
0.00016308
0.00016308
6.8392e+36
3.7203e+40
0.00016308
0.00016308
0.00016308
0.00016308
0.00016308
0.00016308
0.00016308
0.00016308
0.00016308
0.00016308
1.2066e+34
0.00016308
0.00016308
0.00016308
0.00016308
0.00016308
0.00016308
0.00016308
0.00016308
1.809e+31
0.00016308
4.8182e+36
0.00016308
0.00016308
0.00016308
6.258e+23
0.00016308
7.8646e+23
0.00016308
5.5008e+44
0.00016308
2.8393e+29
0.00016308
0.00016308
3.9731e+32
0.00016308
6.8541e+52
2.4423e+24
1.8339e+38
6.2486e+39
0.00016308
4.2232e+15
0.00016308
0.00016308
0.00016308
0.00016308
7.8188e+37
0.00016308
4.2236e+40
6.0446e+31
7.101e+17
0.00016308
2.179e+32
0.00016308
1.1435e+36
0.00016308
1.0765e+28
0.00016308
0.00016308
4.9192e+38
3.6357e+35
4.9165e+40
0.00016308
0.00016308
0.00016308
0.00016308
2.0757e+35
0.00016308
0.00016308
0.00016308
1.1385e+45
0.00016308
0.00016308
0.00016308
0.00016308
5.0333e+26
0.00016308
3.9503e+26
1.1463e+32
0.00016308
0.00016308
0.00016308
4.3746e+35
0.00016308
0.00016308
7.7589e+27
0.00016308
0.00016308
0.00016308
6.8746e+27
2.4436e+38
1.758e+28
0.00016308
0.00016308
4.6194e+20
0.00016308
4.6165e+35
7.8697e+42
0.00016308
0.00016308
2.3076e+31
0.00016308
0.00016308
0.00016308
0.00016308
8.5216e+17
1.291e+20
0.00016308
0.00016308
0.00016308
5.5477e+32
0.00016308
0.00016308
0.00016308
0.00016308
0.00016308
9.1575e+27
0.00016308
0.00016308
0.00016308
0.00016308
0.00016308
0.00016308
1.382e+21
7.199e+23
3.8741e+33
0.00016308
1.4349e+28
1.5392e+21
0.00016308
0.00016308
0.00016308
0.00016308
0.00016308
0.00016308
0.00016308
0.00016308
0.00016308
0.00016308
0.00016308
3.1521e+24
3.6635e+33
5.752e+27
0.00016308
0.00016308
0.00016308
2.5845e+31
0.00016308
6.1979e+26
0.00016308
0.00016308
0.00016308
0.00016308
0.00016308
0.00016308
0.00016308
0.00016308
2.1165e+22
0.00016308
0.00016308
0.00016308
5.2269e+33
1.1541e+37
0.00016308
0.00016308
0.00016308
0.00016308
0.00016308
0.00016308
6.5068e+44
0.00016308
0.00016308
0.00016308
0.00016308
4.5549e+48
4.9106e+36
0.00016308
0.00016308
0.00016308
0.00016308
0.00016308
0.00016308
1.3087e+26
0.00016308
2.0359e+32
0.00016308
0.00016308
0.00016308
0.00016308
9.7065e+20
0.00016308
0.00016308
0.00016308
1.354e+42
0.00016308
0.00016308
0.00016308
0.00016308
0.00016308
0.00016308
0.00016308
1.9798e+27
0.00016308
0.00016308
0.00016308
0.00016308
0.00016308
0.00016308
2.7036e+23
0.00016308
5.8868e+29
0.00016308
0.00016308
0.00016308
0.00016308
0.00016308
1.7211e+31
0.00016308
2.338e+35
3.5036e+49
0.00016308
0.00016308
0.00016308
1.7571e+18
0.00016308
0.00016308
0.00016308
0.00016308
0.00016308
0.00016308
0.00016308
3.4348e+28
9.2931e+21
0.00016308
0.00016308
3.2759e+23
0.00016308
0.00016308
3.2358e+30
6.0032e+42
0.00016308
0.00016308
1.6746e+28
0.00016308
1.646e+44
3.0466e+33
0.00016308
0.00016308
0.00016308
0.00016308
0.00016308
2.5998e+24
0.00016308
0.00016308
0.00016308
0.00016308
0.00016308
0.00016308
0.00016308
6.3575e+34
0.00016308
5.1326e+31
0.00016308
0.00016308
4.0509e+37
1.4992e+44
2.3823e+24
0.00016308
0.00016308
2.2155e+28
0.00016308
1.5245e+28
0.00016308
0.00016308
7.5941e+30
0.00016308
0.00016308
9.3368e+25
0.00016308
3.8971e+27
0.00016308
3.4326e+43
8.6665e+27
0.00016308
1.3935e+22
0.00016308
0.00016308
0.00016308
1.3062e+29
0.00016308
0.00016308
0.00016308
0.00016308
0.00016308
2.8753e+32
0.00016308
0.00016308
0.00016308
0.00016308
2.1601e+57
0.00016308
2.9401e+27
0.00016308
0.00016308
5.6695e+24
0.00016308
0.00016308
0.00016308
0.00016308
2.3495e+15
0.00016308
0.00016308
7.8117e+24
0.00016308
0.00016308
2.0923e+44
0.00016308
0.00016308
1.2534e+38
0.00016308
0.00016308
2.6811e+21
0.00016308
1.6876e+25
3.0382e+29
0.00016308
0.00016308
0.00016308
0.00016308
2.4433e+34
2.3151e+33
2.5131e+22
1.09e+25
1.1551e+50
0.00016308
1.4065e+21
3.2455e+32
9.1587e+22
4.6984e+29
0.00016308
5.9141e+27
4.1181e+33
0.00016308
0.00016308
5.4249e+26
0.00016308
0.00016308
1.9499e+35
0.00016308
0.00016308
0.00016308
2.6948e+28
0.00016308
1.1185e+47
6.2449e+34
2.8308e+26
0.00016308
2.4351e+35
3.1355e+25
0.00016308
8.3496e+18
0.00016308
5.0151e+29
0.00016308
0.00016308
0.00016308
0.00016308
4.4233e+34
2.5078e+38
0.00016308
0.00016308
3.8535e+43
0.00016308
0.00016308
0.00016308
0.00016308
2.105e+23
0.00016308
5.9829e+27
0.00016308
0.00016308
2.9423e+31
1.2875e+32
6.1019e+28
0.00016308
0.00016308
0.00016308
8.8265e+20
5.8564e+16
1.4533e+25
9.6438e+27
0.00016308
9.6465e+31
0.00016308
3.6707e+17
2.0212e+14
4.2471e+26
0.00016308
3.1127e+52
0.00016308
5.9125e+37
0.00016308
0.00016308
0.00016308
1.0552e+35
0.00016308
0.00016308
0.00016308
0.00016308
0.00016308
0.00016308
3.6681e+36
7.7087e+31
0.00016308
9.7313e+47
3.14e+17
3.2277e+26
0.00016308
0.00016308
0.00016308
2.4716e+26
3.5707e+25
0.00016308
0.00016308
0.00016308
0.00016308
0.00016308
0.00016308
0.00016308
0.00016308
0.00016308
0.00016308
0.00016308
5.4417e+28
1.7277e+56
0.00016308
0.00016308
0.00016308
3.829e+30
0.00016308
0.00016308
1.4009e+18
0.00016308
1.4691e+25
0.00016308
0.00016308
9.962e+19
1.2174e+36
0.00016308
0.00016308
0.00016308
0.00016308
0.00016308
0.00016308
0.00016308
0.00016308
0.00016308
0.00016308
5.8401e+31
0.00016308
0.00016308
0.00016308
0.00016308
0.00016308
0.00016308
0.00016308
0.00016308
0.00016308
0.00016308
5.3612e+25
0.00016308
0.00016308
0.00016308
4.1387e+42
0.00016308
0.00016308
0.00016308
0.00016308
0.00016308
8.3442e+28
0.00016308
0.00016308
0.00016308
0.00016308
3.7874e+34
0.00016308
0.00016308
0.00016308
0.00016308
0.00016308
0.00016308
1.8992e+30
0.00016308
1.9605e+46
1.728e+29
1.1652e+49
0.00016308
0.00016308
3.5284e+23
2.0326e+21
2.1925e+49
0.00016308
0.00016308
0.00016308
0.00016308
0.00016308
0.00016308
1.4167e+41
0.00016308
5.1908e+26
0.00016308
1.6164e+26
2.0215e+27
5.8788e+28
4.6371e+31
0.00016308
0.00016308
0.00016308
2.4306e+21
0.00016308
0.00016308
0.00016308
5.4895e+23
0.00016308
0.00016308
0.00016308
3.0901e+31
0.00016308
0.00016308
0.00016308
0.00016308
1.7037e+22
0.00016308
3.4638e+29
0.00016308
6.0346e+46
7.7679e+27
3.0443e+26
6.9858e+40
0.00016308
0.00016308
0.00016308
1.2119e+18
0.00016308
0.00016308
9.9334e+26
0.00016308
0.00016308
4.7904e+33
6.7257e+29
2.2781e+22
1.6684e+59
0.00016308
0.00016308
2.9204e+42
7.6531e+27
0.00016308
0.00016308
9.8255e+22
0.00016308
0.00016308
0.00016308
0.00016308
3.7966e+20
0.00016308
4.1524e+19
0.00016308
0.00016308
2.0811e+32
0.00016308
0.00016308
9.2512e+17
5.1297e+36
0.00016308
0.00016308
1.2634e+38
0.00016308
0.00016308
1.3858e+31
0.00016308
6.4145e+27
0.00016308
0.00016308
0.00016308
0.00016308
0.00016308
2.8745e+37
0.00016308
2.1486e+27
0.00016308
0.00016308
0.00016308
0.00016308
0.00016308
0.00016308
0.00016308
0.00016308
3.7774e+16
0.00016308
1.7685e+28
0.00016308
0.00016308
0.00016308
1.3697e+34
0.00016308
0.00016308
0.00016308
0.00016308
2.6075e+37
0.00016308
0.00016308
0.00016308
0.00016308
0.00016308
0.00016308
0.00016308
0.00016308
0.00016308
0.00016308
0.00016308
0.00016308
0.00016308
2.69e+37
0.00016308
8.7136e+24
3.3577e+18
0.00016308
0.00016308
2.9239e+31
0.00016308
2.7377e+26
0.00016308
5.5853e+37
1.624e+32
1.0357e+26
0.00016308
0.00016308
0.00016308
0.00016308
9.586e+22
0.00016308
0.00016308
1.8668e+39
0.00016308
0.00016308
0.00016308
0.00016308
0.00016308
4.4373e+18
0.00016308
0.00016308
0.00016308
1.1916e+26
6.9294e+29
0.00016308
0.00016308
0.00016308
2.9216e+50
0.00016308
0.00016308
0.00016308
0.00016308
2.3605e+23
0.00016308
0.00016308
0.00016308
0.00016308
1.1186e+29
4.6058e+22
2.8899e+26
0.00016308
4.2314e+25
1.8412e+27
0.00016308
2.211e+34
9.9003e+33
1.6728e+33
0.00016308
0.00016308
0.00016308
0.00016308
0.00016308
0.00016308
0.00016308
1.1965e+27
0.00016308
0.00016308
0.00016308
5.7915e+29
0.00016308
0.00016308
0.00016308
2.2097e+32
2.036e+27
5.7788e+24
0.00016308
3.4184e+19
2.2285e+28
0.00016308
0.00016308
7.546e+26
1.1471e+35
0.00016308
0.00016308
0.00016308
0.00016308
0.00016308
0.00016308
0.00016308
1.01e+32
0.00016308
3.5216e+36
0.00016308
3.5459e+27
0.00016308
0.00016308
2.3196e+52
0.00016308
0.00016308
0.00016308
0.00016308
0.00016308
0.00016308
0.00016308
3.5684e+25
0.00016308
9.7532e+13
1.5034e+29
9.5687e+28
0.00016308
2.7469e+31
0.00016308
0.00016308
0.00016308
0.00016308
0.00016308
0.00016308
0.00016308
1.4085e+47
0.00016308
5.1185e+35
0.00016308
3.1799e+16
5.8424e+36
0.00016308
0.00016308
0.00016308
1.026e+32
0.00016308
0.00016308
0.00016308
0.00016308
0.00016308
0.00016308
0.00016308
0.00016308
2.4289e+24
0.00016308
3.4654e+36
0.00016308
1.1045e+21
0.00016308
0.00016308
0.00016308
0.00016308
0.00016308
0.00016308
0.00016308
0.00016308
0.00016308
0.00016308
0.00016308
0.00016308
5.2255e+30
0.00016308
0.00016308
0.00016308
1.2703e+25
0.00016308
0.00016308
0.00016308
0.00016308
0.00016308
0.00016308
2.9022e+40
3.562e+31
6.5093e+24
0.00016308
0.00016308
0.00016308
0.00016308
0.00016308
0.00016308
1.4786e+36
1.8282e+21
0.00016308
0.00016308
0.00016308
0.00016308
2.5549e+20
0.00016308
2.7482e+40
0.00016308
0.00016308
0.00016308
0.00016308
0.00016308
0.00016308
0.00016308
0.00016308
0.00016308
1.5692e+23
0.00016308
0.00016308
2.8884e+32
0.00016308
0.00016308
1.6082e+34
5.4833e+22
0.00016308
0.00016308
0.00016308
0.00016308
0.00016308
0.00016308
0.00016308
0.00016308
0.00016308
0.00016308
0.00016308
7.091e+26
0.00016308
0.00016308
5.4929e+34
1.0101e+28
0.00016308
1.0623e+22
1.028e+20
7.4448e+15
4.1423e+31
0.00016308
0.00016308
1.9915e+48
0.00016308
0.00016308
2.4775e+57
0.00016308
0.00016308
0.00016308
0.00016308
0.00016308
0.00016308
2.0684e+24
1.2819e+40
8.4054e+30
0.00016308
0.00016308
0.00016308
0.00016308
3.168e+29
0.00016308
0.00016308
0.00016308
0.00016308
0.00016308
1.9149e+38
4.044e+25
0.00016308
3.7424e+32
0.00016308
0.00016308
0.00016308
5.8782e+38
0.00016308
0.00016308
0.00016308
0.00016308
0.00016308
0.00016308
0.00016308
5.4866e+17
0.00016308
4.8057e+31
0.00016308
1.6501e+50
1.0651e+35
0.00016308
0.00016308
0.00016308
3.8625e+39
0.00016308
0.00016308
0.00016308
0.00016308
5.3643e+30
0.00016308
0.00016308
0.00016308
0.00016308
6.7296e+17
0.00016308
1.0988e+32
0.00016308
1.8838e+29
0.00016308
1.019e+16
5.6438e+44
0.00016308
0.00016308
0.00016308
0.00016308
0.00016308
2.7099e+20
0.00016308
0.00016308
0.00016308
0.00016308
0.00016308
2.4342e+24
0.00016308
4.8919e+14
0.00016308
7.0322e+18
6.0794e+21
0.00016308
0.00016308
0.00016308
0.00016308
0.00016308
0.00016308
0.00016308
0.00016308
0.00016308
0.00016308
4.3916e+24
2.0906e+31
0.00016308
0.00016308
0.00016308
9.0574e+24
0.00016308
0.00016308
0.00016308
0.00016308
0.00016308
0.00016308
0.00016308
3.2732e+34
0.00016308
0.00016308
1.0682e+32
0.00016308
0.00016308
2.1944e+29
1.0107e+35
0.00016308
0.00016308
2.3214e+27
0.00016308
0.00016308
4.1451e+29
2.7449e+38
5.3826e+29
5.3241e+33
0.00016308
0.00016308
8.8268e+26
0.00016308
1.5713e+25
0.00016308
7.6731e+40
2.5449e+40
7.2945e+32
0.00016308
0.00016308
0.00016308
0.00016308
0.00016308
0.00016308
6.6457e+25
0.00016308
0.00016308
6.1593e+32
0.00016308
0.00016308
2.9969e+38
0.00016308
0.00016308
0.00016308
1.1809e+23
5.9464e+23
1.632e+26
0.00016308
0.00016308
0.00016308
0.00016308
0.00016308
0.00016308
1.1197e+29
0.00016308
1.6072e+27
4.1648e+45
0.00016308
2.3212e+31
0.00016308
0.00016308
0.00016308
7.7547e+30
0.00016308
0.00016308
0.00016308
1.077e+37
0.00016308
0.00016308
0.00016308
0.00016308
0.00016308
1.5097e+23
0.00016308
9.4393e+22
0.00016308
0.00016308
0.00016308
5.444e+22
0.00016308
1.8199e+32
0.00016308
3.0778e+21
0.00016308
0.00016308
0.00016308
0.00016308
8.6956e+29
0.00016308
0.00016308
0.00016308
0.00016308
0.00016308
5.1089e+38
0.00016308
2.0122e+49
0.00016308
0.00016308
1.2961e+40
0.00016308
0.00016308
4.2738e+21
1.377e+30
0.00016308
0.00016308
0.00016308
1.5218e+21
3.0253e+18
0.00016308
0.00016308
3.278e+16
0.00016308
0.00016308
0.00016308
0.00016308
0.00016308
0.00016308
0.00016308
2.7283e+26
0.00016308
0.00016308
0.00016308
9.2063e+21
7.1709e+21
0.00016308
0.00016308
0.00016308
5.6662e+26
0.00016308
0.00016308
0.00016308
0.00016308
0.00016308
5.0216e+40
0.00016308
0.00016308
0.00016308
0.00016308
1.3357e+39
9.0627e+24
1.2532e+43
0.00016308
2.3898e+32
0.00016308
0.00016308
0.00016308
0.00016308
0.00016308
0.00016308
0.00016308
0.00016308
5.8896e+31
0.00016308
0.00016308
0.00016308
4.1814e+31
0.00016308
3.7737e+14
1.5799e+18
0.00016308
0.00016308
1.1711e+32
0.00016308
1.0823e+26
0.00016308
1.3036e+37
1.932e+26
1.8458e+34
0.00016308
0.00016308
0.00016308
0.00016308
0.00016308
7.4817e+20
0.00016308
0.00016308
0.00016308
0.00016308
3.798e+31
4.7591e+36
0.00016308
6.1469e+19
4.005e+22
0.00016308
0.00016308
5.7241e+28
0.00016308
0.00016308
0.00016308
7.1302e+23
1.0251e+41
0.00016308
0.00016308
0.00016308
0.00016308
0.00016308
8.7894e+26
0.00016308
0.00016308
6.6795e+12
0.00016308
0.00016308
0.00016308
1.9072e+32
0.00016308
0.00016308
2.1386e+24
0.00016308
3.9979e+25
1.0629e+32
0.00016308
0.00016308
0.00016308
0.00016308
2.006e+32
2.5084e+30
1.9538e+33
0.00016308
0.00016308
3.7605e+35
0.00016308
0.00016308
7.3943e+40
0.00016308
3.2117e+27
0.00016308
0.00016308
5.4251e+32
0.00016308
0.00016308
3.8087e+35
0.00016308
0.00016308
4.2205e+38
0.00016308
4.1075e+20
2.6173e+33
1.4542e+50
0.00016308
0.00016308
0.00016308
1.9042e+38
1.2046e+21
0.00016308
0.00016308
0.00016308
1.0003e+30
0.00016308
0.00016308
0.00016308
1.6042e+21
0.00016308
0.00016308
6.794e+33
0.00016308
0.00016308
1.2576e+31
2.9368e+34
0.00016308
1.5593e+34
0.00016308
0.00016308
2.9267e+23
1.3504e+30
3.4282e+40
0.00016308
0.00016308
0.00016308
0.00016308
0.00016308
1.2664e+22
7.9449e+18
0.00016308
1.9691e+37
0.00016308
1.1225e+32
0.00016308
0.00016308
0.00016308
2.4259e+31
0.00016308
0.00016308
0.00016308
1.352e+29
7.0736e+23
0.00016308
0.00016308
0.00016308
0.00016308
2.7348e+29
0.00016308
0.00016308
0.00016308
0.00016308
8.3897e+36
0.00016308
3.7131e+41
1.3334e+10
0.00016308
2.8409e+25
0.00016308
0.00016308
2.2192e+23
0.00016308
4.1767e+32
0.00016308
1.0504e+33
0.00016308
1.8879e+25
3.1941e+35
1.4428e+16
4.8519e+23
9.5575e+30
1.0392e+30
0.00016308
6.552e+51
0.00016308
0.00016308
0.00016308
0.00016308
9.0899e+27
0.00016308
8.6837e+25
1.1204e+22
0.00016308
0.00016308
0.00016308
2.8012e+47
0.00016308
8.8642e+18
0.00016308
0.00016308
1.3734e+29
0.00016308
0.00016308
0.00016308
0.00016308
0.00016308
4.4357e+21
0.00016308
9.1024e+34
2.1645e+26
0.00016308
0.00016308
0.00016308
0.00016308
0.00016308
0.00016308
0.00016308
0.00016308
0.00016308
1.3306e+29
9.3383e+49
0.00016308
0.00016308
0.00016308
0.00016308
0.00016308
1.7608e+23
0.00016308
0.00016308
0.00016308
0.00016308
0.00016308
0.00016308
0.00016308
1.743e+33
0.00016308
2.7092e+26
8.8127e+26
0.00016308
0.00016308
0.00016308
8.5034e+35
0.00016308
7.8825e+24
2.4109e+21
1.4917e+27
0.00016308
0.00016308
0.00016308
0.00016308
1.7827e+25
3.6347e+37
2.7175e+25
6.2497e+21
7.3454e+23
0.00016308
0.00016308
9.6907e+27
8.2037e+36
0.00016308
0.00016308
2.3463e+33
6.956e+21
0.00016308
0.00016308
0.00016308
1.9755e+48
0.00016308
0.00016308
0.00016308
0.00016308
5.4709e+27
6.173e+20
0.00016308
0.00016308
0.00016308
0.00016308
0.00016308
0.00016308
5.7044e+41
1.8761e+31
0.00016308
9.1825e+23
0.00016308
0.00016308
0.00016308
0.00016308
0.00016308
7.1939e+23
0.00016308
2.4736e+16
7.1451e+30
4.0891e+43
1.0129e+19
0.00016308
0.00016308
0.00016308
1.2816e+28
3.3183e+29
2.1484e+31
0.00016308
0.00016308
0.00016308
1.8605e+38
0.00016308
5.0015e+25
0.00016308
5.3088e+34
3.1895e+34
3.6851e+19
8.1942e+28
2.0244e+33
0.00016308
1.0296e+29
0.00016308
0.00016308
1.0312e+26
0.00016308
0.00016308
0.00016308
1.3381e+25
0.00016308
3.1217e+23
0.00016308
0.00016308
0.00016308
0.00016308
0.00016308
0.00016308
0.00016308
0.00016308
0.00016308
0.00016308
4.878e+27
0.00016308
0.00016308
1.0854e+33
1.5134e+29
5.6786e+30
0.00016308
2.5737e+20
0.00016308
0.00016308
1.7741e+29
0.00016308
1.3851e+28
6.9907e+26
0.00016308
0.00016308
0.00016308
8.4744e+33
0.00016308
0.00016308
0.00016308
0.00016308
0.00016308
0.00016308
0.00016308
0.00016308
0.00016308
0.00016308
6.7319e+31
0.00016308
0.00016308
0.00016308
0.00016308
0.00016308
5.763e+15
2.0433e+22
1.1077e+42
0.00016308
1.5284e+34
1.4794e+19
4.3617e+30
9.2598e+25
0.00016308
0.00016308
0.00016308
2.1758e+27
0.00016308
0.00016308
0.00016308
0.00016308
1.1011e+23
3.6758e+42
0.00016308
0.00016308
1.1774e+27
0.00016308
0.00016308
0.00016308
0.00016308
2.5028e+24
2.8287e+39
2.8747e+25
0.00016308
0.00016308
0.00016308
0.00016308
0.00016308
0.00016308
0.00016308
0.00016308
0.00016308
1.9775e+49
3.1108e+24
0.00016308
3.7454e+21
0.00016308
3.6895e+34
0.00016308
0.00016308
3.2125e+35
0.00016308
2.1847e+21
0.00016308
1.1345e+41
0.00016308
0.00016308
9.1133e+20
0.00016308
0.00016308
0.00016308
0.00016308
0.00016308
0.00016308
0.00016308
0.00016308
0.00016308
6.8435e+22
0.00016308
0.00016308
6.4109e+37
1.8694e+28
0.00016308
7.8037e+22
0.00016308
0.00016308
0.00016308
1.271e+13
0.00016308
0.00016308
0.00016308
9.9328e+41
0.00016308
0.00016308
0.00016308
0.00016308
0.00016308
5.0379e+35
0.00016308
3.7212e+22
0.00016308
2.9001e+25
0.00016308
4.0524e+24
0.00016308
9.8107e+30
0.00016308
1.3895e+35
0.00016308
0.00016308
0.00016308
0.00016308
0.00016308
0.00016308
0.00016308
2.1801e+23
0.00016308
1.6609e+29
0.00016308
0.00016308
0.00016308
0.00016308
0.00016308
0.00016308
0.00016308
0.00016308
1.1341e+31
0.00016308
0.00016308
0.00016308
0.00016308
0.00016308
0.00016308
0.00016308
9.9268e+28
0.00016308
0.00016308
0.00016308
0.00016308
9.5711e+29
0.00016308
0.00016308
2.2523e+23
0.00016308
8.4523e+15
0.00016308
0.00016308
0.00016308
0.00016308
1.6779e+29
0.00016308
0.00016308
0.00016308
7.793e+57
0.00016308
0.00016308
2.0246e+30
0.00016308
0.00016308
0.00016308
3.1792e+43
2.9408e+19
2.61e+28
0.00016308
0.00016308
0.00016308
5.768e+34
0.00016308
0.00016308
1.0253e+32
0.00016308
1.7114e+26
0.00016308
6.4948e+31
4.4335e+22
0.00016308
0.00016308
0.00016308
5.2967e+43
1.0228e+19
5.6268e+27
5.2578e+35
4.4141e+29
1.5886e+47
0.00016308
1.3487e+25
0.00016308
0.00016308
0.00016308
1.3772e+39
4.0094e+42
1.661e+38
5.0061e+25
0.00016308
0.00016308
0.00016308
0.00016308
0.00016308
5.6772e+44
3.2129e+22
8.8159e+40
4.5738e+40
0.00016308
1.1583e+34
0.00016308
3.043e+28
5.0568e+35
0.00016308
0.00016308
9.1784e+23
0.00016308
0.00016308
0.00016308
1.169e+34
0.00016308
0.00016308
0.00016308
0.00016308
0.00016308
0.00016308
2.1539e+40
0.00016308
1.5715e+36
0.00016308
0.00016308
0.00016308
0.00016308
0.00016308
0.00016308
0.00016308
0.00016308
0.00016308
0.00016308
0.00016308
0.00016308
0.00016308
0.00016308
1.0713e+26
0.00016308
2.6733e+20
0.00016308
0.00016308
0.00016308
2.6657e+29
3.6024e+33
0.00016308
0.00016308
0.00016308
0.00016308
0.00016308
2.5939e+33
3.3165e+19
0.00016308
0.00016308
0.00016308
0.00016308
0.00016308
0.00016308
0.00016308
0.00016308
0.00016308
0.00016308
0.00016308
4.9549e+26
0.00016308
0.00016308
0.00016308
0.00016308
0.00016308
0.00016308
0.00016308
0.00016308
4.0176e+32
0.00016308
0.00016308
6.6931e+25
0.00016308
1.0439e+31
7.0006e+56
0.00016308
0.00016308
6.3419e+21
0.00016308
0.00016308
2.4395e+10
0.00016308
8.8652e+19
0.00016308
0.00016308
0.00016308
4.757e+25
9.1779e+44
0.00016308
9.3758e+36
0.00016308
0.00016308
0.00016308
0.00016308
0.00016308
0.00016308
0.00016308
0.00016308
2.7605e+30
5.3001e+23
0.00016308
0.00016308
1.0946e+17
6.853e+35
0.00016308
9.2429e+23
4.8921e+22
9.1302e+22
0.00016308
1.612e+36
3.7626e+26
0.00016308
0.00016308
0.00016308
0.00016308
0.00016308
0.00016308
8.3745e+32
8.7577e+26
0.00016308
0.00016308
0.00016308
2.6849e+35
0.00016308
4.4236e+27
0.00016308
0.00016308
0.00016308
0.00016308
4.9339e+33
0.00016308
0.00016308
0.00016308
1.6209e+19
0.00016308
1.4771e+19
0.00016308
0.00016308
0.00016308
0.00016308
0.00016308
0.00016308
3.1404e+31
0.00016308
1.9588e+20
9.873e+53
0.00016308
0.00016308
8.7667e+26
1.3531e+44
0.00016308
1.57e+23
1.3631e+18
5.0316e+22
0.00016308
0.00016308
0.00016308
1.4117e+26
1.4431e+40
0.00016308
0.00016308
1.1731e+14
0.00016308
0.00016308
1.1643e+43
4.9096e+26
0.00016308
0.00016308
3.119e+37
0.00016308
3.9596e+35
0.00016308
0.00016308
2.8254e+27
3.1639e+33
0.00016308
0.00016308
0.00016308
4.602e+34
1.8451e+31
0.00016308
0.00016308
5.6319e+32
0.00016308
0.00016308
1.7795e+41
3.2389e+34
0.00016308
0.00016308
5.3628e+42
3.9809e+17
5.0748e+24
0.00016308
0.00016308
0.00016308
0.00016308
0.00016308
0.00016308
1.0208e+30
1.834e+36
0.00016308
1.1443e+31
0.00016308
0.00016308
0.00016308
0.00016308
0.00016308
0.00016308
0.00016308
0.00016308
0.00016308
0.00016308
0.00016308
7.8672e+31
0.00016308
0.00016308
6.7853e+31
0.00016308
0.00016308
0.00016308
0.00016308
0.00016308
0.00016308
0.00016308
1.8003e+22
0.00016308
2.0447e+28
0.00016308
0.00016308
1.0155e+18
4.7282e+26
3.1238e+26
0.00016308
0.00016308
1.136e+34
0.00016308
0.00016308
0.00016308
3.6329e+21
0.00016308
0.00016308
0.00016308
0.00016308
0.00016308
0.00016308
0.00016308
0.00016308
0.00016308
3.5773e+35
3.182e+30
0.00016308
0.00016308
1.2759e+20
6.7087e+27
5.4684e+28
0.00016308
2.4013e+31
0.00016308
0.00016308
1.1203e+21
0.00016308
0.00016308
0.00016308
9.6388e+34
0.00016308
0.00016308
4.2656e+35
0.00016308
6.6679e+36
0.00016308
0.00016308
0.00016308
0.00016308
6.1478e+22
0.00016308
0.00016308
3.4671e+32
2.0642e+41
9.9777e+29
0.00016308
2.8672e+31
0.00016308
0.00016308
9.6176e+32
0.00016308
0.00016308
1.0252e+32
0.00016308
0.00016308
5.3065e+46
5.149e+41
9.7922e+26
2.5819e+49
6.3849e+22
0.00016308
0.00016308
7.4987e+25
0.00016308
0.00016308
0.00016308
0.00016308
0.00016308
6.9471e+41
1.2814e+32
0.00016308
0.00016308
0.00016308
1.1748e+21
2.2879e+23
0.00016308
0.00016308
3.0146e+21
7.6649e+36
2.0852e+31
0.00016308
0.00016308
7.1551e+22
0.00016308
8.8599e+22
1.1776e+41
2.6937e+17
0.00016308
0.00016308
0.00016308
0.00016308
0.00016308
0.00016308
8.798e+37
0.00016308
0.00016308
0.00016308
6.5705e+20
1.8233e+24
5.7326e+37
0.00016308
0.00016308
0.00016308
1.9024e+17
0.00016308
1.61e+19
0.00016308
0.00016308
0.00016308
0.00016308
0.00016308
0.00016308
0.00016308
0.00016308
0.00016308
0.00016308
0.00016308
0.00016308
0.00016308
0.00016308
5.0042e+33
4.9967e+34
0.00016308
0.00016308
0.00016308
0.00016308
0.00016308
3.159e+26
5.9111e+35
1.3098e+24
0.00016308
3.7495e+21
0.00016308
0.00016308
0.00016308
0.00016308
1.3345e+35
0.00016308
0.00016308
0.00016308
0.00016308
0.00016308
0.00016308
0.00016308
0.00016308
0.00016308
0.00016308
1.852e+32
1.0879e+35
0.00016308
0.00016308
3.4006e+16
0.00016308
0.00016308
0.00016308
0.00016308
0.00016308
0.00016308
0.00016308
4.0369e+20
0.00016308
3.4315e+22
5.9898e+41
0.00016308
1.0685e+23
0.00016308
0.00016308
0.00016308
0.00016308
0.00016308
0.00016308
0.00016308
0.00016308
0.00016308
1.8268e+26
0.00016308
0.00016308
0.00016308
7.6527e+15
0.00016308
0.00016308
0.00016308
3.6267e+22
0.00016308
6.4332e+19
0.00016308
7.6215e+29
2.1313e+27
0.00016308
0.00016308
9.0648e+34
3.9362e+19
0.00016308
0.00016308
0.00016308
0.00016308
0.00016308
0.00016308
1.82e+46
0.00016308
0.00016308
0.00016308
1.0005e+34
0.00016308
0.00016308
5.422e+38
0.00016308
0.00016308
0.00016308
3.3966e+19
0.00016308
5.9789e+30
0.00016308
0.00016308
0.00016308
0.00016308
0.00016308
3.5341e+32
0.00016308
0.00016308
8.0258e+26
0.00016308
9.6219e+41
3.9662e+29
4.9853e+20
1.2048e+27
0.00016308
0.00016308
0.00016308
7.8562e+33
8.5735e+23
0.00016308
0.00016308
0.00016308
0.00016308
2.895e+22
0.00016308
0.00016308
0.00016308
1.863e+40
0.00016308
0.00016308
0.00016308
0.00016308
0.00016308
8.062e+18
0.00016308
0.00016308
0.00016308
0.00016308
0.00016308
0.00016308
2.2489e+22
0.00016308
1.0823e+39
8.4723e+53
0.00016308
0.00016308
2.6206e+36
0.00016308
2.8962e+40
0.00016308
0.00016308
0.00016308
0.00016308
0.00016308
0.00016308
0.00016308
0.00016308
2.3453e+32
0.00016308
2.1546e+23
0.00016308
0.00016308
0.00016308
0.00016308
4.4075e+18
0.00016308
0.00016308
5.3884e+20
0.00016308
0.00016308
0.00016308
0.00016308
0.00016308
0.00016308
0.00016308
0.00016308
0.00016308
0.00016308
0.00016308
0.00016308
0.00016308
0.00016308
2.0386e+36
2.9705e+25
0.00016308
0.00016308
0.00016308
0.00016308
7.1434e+26
0.00016308
3.6588e+51
0.00016308
0.00016308
0.00016308
5.0844e+41
0.00016308
0.00016308
0.00016308
2.5091e+33
0.00016308
0.00016308
1.6424e+25
1.8764e+25
0.00016308
0.00016308
1.1423e+20
1.1036e+20
0.00016308
0.00016308
4.9713e+21
0.00016308
0.00016308
0.00016308
0.00016308
1.365e+41
2.9793e+30
2.6739e+16
4.6402e+33
2.1146e+24
0.00016308
1.4346e+32
0.00016308
0.00016308
0.00016308
0.00016308
0.00016308
0.00016308
0.00016308
0.00016308
0.00016308
1.0703e+48
0.00016308
0.00016308
0.00016308
6.6592e+43
0.00016308
0.00016308
0.00016308
5.2096e+25
0.00016308
0.00016308
0.00016308
0.00016308
3.0857e+16
0.00016308
0.00016308
7.9213e+30
0.00016308
4.887e+40
1.4856e+31
0.00016308
0.00016308
0.00016308
1.5329e+39
1.6925e+24
0.00016308
3.4629e+27
3.2833e+36
0.00016308
0.00016308
1.1549e+41
0.00016308
1.2235e+18
1.8239e+28
0.00016308
2.3105e+29
0.00016308
0.00016308
0.00016308
2.248e+24
0.00016308
0.00016308
0.00016308
0.00016308
0.00016308
0.00016308
0.00016308
6.528e+24
4.1098e+25
0.00016308
2.6319e+18
2.368e+30
0.00016308
1.3086e+34
0.00016308
0.00016308
0.00016308
1.0448e+35
0.00016308
0.00016308
0.00016308
0.00016308
1.4499e+32
4.9361e+27
1.1279e+28
0.00016308
0.00016308
0.00016308
0.00016308
0.00016308
0.00016308
0.00016308
3.1133e+32
5.2372e+40
5.8474e+25
0.00016308
2.0658e+25
7.6425e+45
0.00016308
0.00016308
0.00016308
0.00016308
7.8606e+33
0.00016308
1.5136e+21
0.00016308
1.3101e+27
0.00016308
1.0747e+18
0.00016308
1.6294e+27
0.00016308
0.00016308
4.4384e+37
0.00016308
4.6713e+28
0.00016308
0.00016308
0.00016308
0.00016308
0.00016308
0.00016308
0.00016308
6.082e+31
0.00016308
2.4843e+27
0.00016308
0.00016308
0.00016308
0.00016308
0.00016308
0.00016308
0.00016308
4.7326e+18
0.00016308
0.00016308
0.00016308
0.00016308
0.00016308
2.657e+25
0.00016308
0.00016308
1.5015e+28
2.0881e+33
0.00016308
0.00016308
0.00016308
0.00016308
0.00016308
0.00016308
2.7134e+19
1.6424e+26
0.00016308
0.00016308
0.00016308
7.1806e+21
5.9933e+30
0.00016308
0.00016308
0.00016308
0.00016308
0.00016308
0.00016308
3.9342e+29
2.6449e+28
0.00016308
0.00016308
0.00016308
4.9788e+38
4.6007e+33
0.00016308
0.00016308
0.00016308
1.988e+24
9.4151e+16
0.00016308
0.00016308
0.00016308
0.00016308
3.2116e+27
6.609e+40
0.00016308
0.00016308
3.5321e+27
2.008e+28
0.00016308
0.00016308
0.00016308
0.00016308
0.00016308
0.00016308
0.00016308
5.7664e+30
1.6415e+26
0.00016308
0.00016308
0.00016308
0.00016308
0.00016308
4.2832e+13
0.00016308
0.00016308
4.1779e+13
0.00016308
3.7713e+32
5.9239e+23
0.00016308
0.00016308
0.00016308
0.00016308
0.00016308
0.00016308
2.1376e+30
3.6446e+28
0.00016308
2.1904e+27
0.00016308
0.00016308
2.3796e+52
0.00016308
0.00016308
0.00016308
0.00016308
4.2473e+19
0.00016308
0.00016308
0.00016308
0.00016308
0.00016308
1.3631e+34
5.989e+13
0.00016308
0.00016308
0.00016308
4.6821e+22
0.00016308
0.00016308
0.00016308
0.00016308
7.2946e+28
0.00016308
0.00016308
0.00016308
0.00016308
5.1809e+50
0.00016308
3.443e+39
0.00016308
0.00016308
6.3972e+31
0.00016308
0.00016308
0.00016308
3.8326e+47
4.7573e+27
2.2062e+30
3.69e+22
0.00016308
0.00016308
3.7612e+37
0.00016308
3.0713e+29
2.6128e+31
0.00016308
4.9778e+22
1.6087e+20
0.00016308
0.00016308
0.00016308
0.00016308
0.00016308
0.00016308
0.00016308
1.1206e+43
0.00016308
0.00016308
6.3368e+26
0.00016308
0.00016308
0.00016308
0.00016308
0.00016308
0.00016308
0.00016308
1.1774e+27
6.4183e+32
5.6509e+25
0.00016308
0.00016308
6.6606e+15
0.00016308
0.00016308
0.00016308
4.6331e+16
0.00016308
2.7567e+48
4.98e+39
0.00016308
0.00016308
0.00016308
0.00016308
0.00016308
0.00016308
1.06e+39
0.00016308
9.7528e+47
0.00016308
0.00016308
0.00016308
0.00016308
3.2948e+17
0.00016308
0.00016308
3.3984e+32
0.00016308
4.0077e+23
4.0302e+22
0.00016308
5.3046e+35
8.5672e+25
1.3025e+47
0.00016308
0.00016308
2.9227e+34
2.5737e+22
0.00016308
0.00016308
0.00016308
1.576e+28
1.2411e+35
1.3339e+41
0.00016308
1.7408e+36
0.00016308
0.00016308
2.1765e+28
0.00016308
0.00016308
6.7166e+41
6.6835e+26
0.00016308
0.00016308
0.00016308
0.00016308
0.00016308
6.4131e+23
7.5265e+17
2.4267e+25
0.00016308
0.00016308
0.00016308
2.8249e+17
0.00016308
2.9768e+32
0.00016308
0.00016308
4.2124e+40
1.1114e+27
0.00016308
0.00016308
0.00016308
0.00016308
1.0164e+25
0.00016308
1.9915e+39
0.00016308
0.00016308
0.00016308
0.00016308
0.00016308
0.00016308
3.163e+36
2.049e+46
0.00016308
4.3346e+17
0.00016308
0.00016308
4.3726e+47
0.00016308
0.00016308
0.00016308
0.00016308
0.00016308
0.00016308
3.1687e+38
0.00016308
0.00016308
0.00016308
2.205e+26
0.00016308
0.00016308
0.00016308
7.9006e+20
0.00016308
6.3767e+20
0.00016308
2.1191e+27
0.00016308
0.00016308
1.4487e+47
0.00016308
0.00016308
0.00016308
0.00016308
0.00016308
0.00016308
0.00016308
0.00016308
0.00016308
5.2025e+40
0.00016308
0.00016308
0.00016308
2.5986e+37
0.00016308
0.00016308
0.00016308
0.00016308
0.00016308
0.00016308
0.00016308
7.9081e+24
2.945e+30
0.00016308
9.4737e+20
0.00016308
0.00016308
0.00016308
0.00016308
0.00016308
6.006e+34
5.5762e+43
0.00016308
0.00016308
0.00016308
2.439e+46
8.5986e+35
0.00016308
0.00016308
0.00016308
0.00016308
0.00016308
0.00016308
0.00016308
5.9446e+33
0.00016308
1.7964e+42
0.00016308
0.00016308
0.00016308
0.00016308
9.3256e+30
1.6481e+40
2.2519e+23
0.00016308
0.00016308
0.00016308
0.00016308
0.00016308
0.00016308
0.00016308
0.00016308
0.00016308
0.00016308
0.00016308
0.00016308
0.00016308
0.00016308
0.00016308
0.00016308
0.00016308
2.8508e+26
4.8971e+30
0.00016308
0.00016308
3.6047e+37
0.00016308
0.00016308
0.00016308
0.00016308
0.00016308
1.4608e+28
0.00016308
0.00016308
0.00016308
1.4018e+23
0.00016308
0.00016308
5.8265e+39
0.00016308
1.6626e+26
0.00016308
0.00016308
0.00016308
0.00016308
0.00016308
0.00016308
0.00016308
0.00016308
2.7916e+32
0.00016308
0.00016308
2.0124e+19
7.1066e+23
0.00016308
8.8415e+28
2.6947e+54
0.00016308
0.00016308
0.00016308
0.00016308
0.00016308
0.00016308
1.1644e+20
4.0562e+38
0.00016308
0.00016308
0.00016308
0.00016308
0.00016308
0.00016308
4.1713e+24
0.00016308
8.1822e+42
0.00016308
0.00016308
0.00016308
0.00016308
0.00016308
0.00016308
0.00016308
2.0946e+26
7.089e+47
0.00016308
0.00016308
4.726e+19
0.00016308
0.00016308
0.00016308
0.00016308
3.5422e+20
2.8587e+26
0.00016308
0.00016308
0.00016308
0.00016308
5.9455e+32
2.728e+43
0.00016308
0.00016308
0.00016308
4.5719e+43
0.00016308
9.1995e+41
0.00016308
9.8176e+29
5.0712e+28
0.00016308
0.00016308
0.00016308
0.00016308
0.00016308
4.0194e+31
0.00016308
0.00016308
0.00016308
0.00016308
0.00016308
0.00016308
0.00016308
0.00016308
0.00016308
0.00016308
1.2355e+34
0.00016308
0.00016308
3.1129e+28
0.00016308
4.142e+17
0.00016308
4.7431e+32
0.00016308
2.5266e+41
0.00016308
0.00016308
0.00016308
0.00016308
0.00016308
0.00016308
0.00016308
0.00016308
1.5899e+37
0.00016308
0.00016308
0.00016308
1.9076e+33
0.00016308
6.0037e+43
0.00016308
4.3021e+18
2.8923e+16
0.00016308
0.00016308
0.00016308
0.00016308
0.00016308
0.00016308
0.00016308
0.00016308
7.347e+31
0.00016308
7.6496e+18
0.00016308
0.00016308
0.00016308
6.8304e+28
0.00016308
0.00016308
2.605e+42
0.00016308
0.00016308
0.00016308
0.00016308
0.00016308
0.00016308
3.3755e+19
0.00016308
0.00016308
0.00016308
0.00016308
1.0229e+31
0.00016308
2.1937e+28
0.00016308
2.174e+40
0.00016308
6.4551e+27
1.3743e+30
0.00016308
3.9956e+45
0.00016308
0.00016308
0.00016308
0.00016308
0.00016308
0.00016308
0.00016308
0.00016308
5.4822e+34
0.00016308
1.3778e+28
0.00016308
9.494e+37
0.00016308
0.00016308
0.00016308
4.5412e+20
8.3466e+39
0.00016308
0.00016308
2.1275e+33
0.00016308
2.6597e+31
0.00016308
0.00016308
2.5413e+47
0.00016308
5.3661e+17
0.00016308
0.00016308
0.00016308
0.00016308
0.00016308
0.00016308
0.00016308
0.00016308
8.3429e+22
0.00016308
0.00016308
0.00016308
0.00016308
5.4078e+26
0.00016308
3.0514e+38
1.6688e+25
0.00016308
1.2282e+56
1.1011e+28
0.00016308
1.4077e+25
0.00016308
0.00016308
2.5589e+34
0.00016308
0.00016308
0.00016308
1.214e+37
2.3809e+18
2.6076e+27
0.00016308
1.8808e+30
1.9888e+38
1.9154e+23
6.786e+27
0.00016308
1.8337e+27
6.9937e+36
6.8596e+31
8.2277e+38
0.00016308
0.00016308
0.00016308
0.00016308
3.2989e+34
0.00016308
0.00016308
0.00016308
0.00016308
1.7084e+11
0.00016308
0.00016308
0.00016308
0.00016308
0.00016308
0.00016308
0.00016308
0.00016308
2.5e+39
0.00016308
0.00016308
0.00016308
0.00016308
0.00016308
1.9926e+33
2.7289e+39
0.00016308
0.00016308
1.0156e+15
2.9925e+21
0.00016308
0.00016308
0.00016308
3.8212e+36
4.1289e+34
0.00016308
1.0778e+28
9.1616e+23
0.00016308
0.00016308
0.00016308
0.00016308
0.00016308
0.00016308
0.00016308
0.00016308
1.1314e+23
0.00016308
0.00016308
0.00016308
0.00016308
0.00016308
0.00016308
0.00016308
0.00016308
0.00016308
0.00016308
0.00016308
0.00016308
0.00016308
0.00016308
0.00016308
0.00016308
6.736e+22
0.00016308
0.00016308
0.00016308
7.4381e+41
0.00016308
0.00016308
0.00016308
6.7656e+32
0.00016308
3.0268e+29
5.8055e+26
1.9953e+36
2.1963e+40
4.9354e+28
0.00016308
0.00016308
0.00016308
7.2362e+32
0.00016308
0.00016308
0.00016308
0.00016308
1.6469e+24
0.00016308
3.9691e+20
1.6154e+24
1.7559e+29
0.00016308
2.5781e+21
0.00016308
0.00016308
3.7936e+17
3.703e+54
7.8773e+31
0.00016308
0.00016308
0.00016308
6.2639e+25
0.00016308
0.00016308
0.00016308
0.00016308
0.00016308
0.00016308
2.1663e+28
0.00016308
9.092e+35
0.00016308
0.00016308
2.4297e+22
4.7844e+21
0.00016308
0.00016308
0.00016308
3.2582e+28
5.0277e+45
0.00016308
7.1595e+33
0.00016308
4.8635e+44
0.00016308
1.2442e+35
5.4349e+35
2.2628e+17
1.1521e+39
0.00016308
0.00016308
0.00016308
0.00016308
0.00016308
4.6029e+27
2.2466e+13
0.00016308
0.00016308
6.9098e+34
0.00016308
2.1302e+24
0.00016308
6.9294e+22
0.00016308
0.00016308
0.00016308
0.00016308
3.6435e+28
5.1084e+28
0.00016308
1.0878e+41
0.00016308
0.00016308
7.891e+53
1.4668e+32
0.00016308
5.8387e+40
1.1296e+20
0.00016308
2.2296e+25
0.00016308
0.00016308
1.4698e+22
0.00016308
0.00016308
0.00016308
2.9121e+22
0.00016308
0.00016308
0.00016308
3.9712e+24
0.00016308
0.00016308
1.5351e+25
1.4419e+41
0.00016308
0.00016308
0.00016308
0.00016308
5.2583e+20
1.1764e+26
7.8169e+23
0.00016308
0.00016308
3.0862e+37
0.00016308
0.00016308
0.00016308
5.1318e+21
0.00016308
0.00016308
8.7266e+41
0.00016308
0.00016308
0.00016308
0.00016308
0.00016308
1.0433e+22
0.00016308
7.3826e+41
0.00016308
0.00016308
0.00016308
0.00016308
0.00016308
6.0745e+27
0.00016308
2.8478e+27
0.00016308
0.00016308
0.00016308
1.006e+21
0.00016308
0.00016308
1.088e+19
0.00016308
7.2708e+38
3.4476e+29
1.9165e+30
0.00016308
2.0205e+16
5.2503e+31
0.00016308
0.00016308
0.00016308
0.00016308
2.9546e+26
0.00016308
7.7721e+26
0.00016308
1.6287e+39
0.00016308
0.00016308
0.00016308
1.2206e+30
0.00016308
0.00016308
0.00016308
9.0051e+25
0.00016308
0.00016308
0.00016308
0.00016308
0.00016308
0.00016308
7.635e+24
0.00016308
2.2e+33
1.0955e+27
3.3394e+37
1.1654e+21
3.5845e+38
5.3402e+34
0.00016308
1.0129e+32
6.6034e+40
1.597e+26
1.8034e+36
1.5884e+33
0.00016308
0.00016308
0.00016308
1.1749e+26
1.8406e+25
0.00016308
0.00016308
0.00016308
0.00016308
0.00016308
1.2164e+35
8.9315e+24
0.00016308
2.0342e+34
0.00016308
4.0759e+26
0.00016308
3.5307e+26
0.00016308
0.00016308
0.00016308
1.4115e+29
1.0144e+24
0.00016308
0.00016308
0.00016308
0.00016308
0.00016308
0.00016308
0.00016308
0.00016308
0.00016308
0.00016308
6.9553e+15
8.6705e+34
9.5428e+37
1.5243e+39
0.00016308
0.00016308
0.00016308
0.00016308
6.369e+17
2.8361e+21
0.00016308
1.5155e+25
1.3292e+40
0.00016308
0.00016308
0.00016308
1.6555e+24
0.00016308
1.3667e+32
0.00016308
0.00016308
0.00016308
0.00016308
1.2226e+28
0.00016308
0.00016308
0.00016308
2.476e+26
2.3926e+33
0.00016308
0.00016308
0.00016308
6.1766e+36
0.00016308
5.4364e+25
0.00016308
0.00016308
2.4404e+14
2.9899e+23
0.00016308
0.00016308
0.00016308
0.00016308
1.169e+27
0.00016308
0.00016308
0.00016308
1.0421e+36
0.00016308
0.00016308
9.2733e+23
1.6041e+28
2.5652e+56
3.6388e+48
0.00016308
0.00016308
0.00016308
2.3094e+17
0.00016308
0.00016308
1.6006e+25
0.00016308
0.00016308
2.9788e+49
0.00016308
8.2978e+24
0.00016308
0.00016308
0.00016308
0.00016308
1.2893e+25
8.1716e+26
1.4949e+30
0.00016308
0.00016308
1.3624e+26
0.00016308
0.00016308
2.7157e+29
0.00016308
4.8168e+20
1.3867e+22
0.00016308
0.00016308
6.2417e+23
0.00016308
0.00016308
0.00016308
1.94e+38
0.00016308
2.2355e+23
1.6485e+30
0.00016308
0.00016308
5.7706e+25
4.2505e+22
7.5175e+24
7.5277e+34
0.00016308
0.00016308
2.0065e+34
2.0184e+22
1.7707e+27
0.00016308
1.43e+34
0.00016308
0.00016308
0.00016308
0.00016308
4.4368e+28
0.00016308
0.00016308
0.00016308
8.6395e+36
0.00016308
0.00016308
0.00016308
0.00016308
4.7357e+33
0.00016308
0.00016308
0.00016308
0.00016308
8.6172e+41
0.00016308
0.00016308
7.5057e+32
0.00016308
1.5851e+23
0.00016308
0.00016308
9.429e+28
0.00016308
0.00016308
0.00016308
0.00016308
9.5957e+26
4.9809e+23
0.00016308
0.00016308
0.00016308
0.00016308
0.00016308
0.00016308
2.758e+22
0.00016308
0.00016308
0.00016308
1.0639e+32
0.00016308
0.00016308
0.00016308
0.00016308
0.00016308
0.00016308
3.1863e+30
0.00016308
0.00016308
6.2617e+29
0.00016308
0.00016308
0.00016308
0.00016308
0.00016308
1.415e+43
2.1316e+38
0.00016308
0.00016308
0.00016308
0.00016308
0.00016308
2.95e+34
1.2934e+44
0.00016308
0.00016308
0.00016308
0.00016308
1.1782e+32
1.5525e+28
1.1703e+36
0.00016308
0.00016308
0.00016308
0.00016308
0.00016308
0.00016308
1.1576e+37
1.2457e+42
0.00016308
0.00016308
0.00016308
0.00016308
1.9398e+25
1.4224e+14
1.0407e+33
0.00016308
0.00016308
0.00016308
0.00016308
0.00016308
0.00016308
5.5626e+33
7.8283e+28
0.00016308
7.9897e+23
0.00016308
0.00016308
2.145e+17
0.00016308
0.00016308
1.4126e+34
5.6276e+34
0.00016308
0.00016308
3.9858e+39
0.00016308
0.00016308
2.6665e+35
8.964e+34
1.0942e+33
7.2829e+20
0.00016308
0.00016308
0.00016308
1.6216e+31
3.2464e+27
0.00016308
0.00016308
9.5866e+28
0.00016308
1.4578e+17
0.00016308
8.3432e+21
0.00016308
0.00016308
5.6398e+34
0.00016308
0.00016308
3.1378e+21
0.00016308
1.0357e+35
7.2252e+23
0.00016308
0.00016308
0.00016308
0.00016308
0.00016308
0.00016308
0.00016308
2.2783e+32
0.00016308
0.00016308
0.00016308
0.00016308
0.00016308
0.00016308
0.00016308
1.3684e+29
3.8155e+23
3.2295e+23
0.00016308
2.0787e+41
1.0461e+19
5.1527e+23
8.2927e+40
0.00016308
0.00016308
1.6207e+51
4.978e+15
6.9043e+36
0.00016308
0.00016308
0.00016308
0.00016308
0.00016308
0.00016308
0.00016308
1.2992e+24
0.00016308
0.00016308
5.2912e+31
0.00016308
8.3092e+27
0.00016308
0.00016308
0.00016308
0.00016308
0.00016308
8.0656e+43
0.00016308
2.3146e+41
0.00016308
0.00016308
2.4535e+19
0.00016308
6.0498e+35
0.00016308
0.00016308
8.3108e+14
3.5238e+38
0.00016308
1.0698e+24
0.00016308
0.00016308
3.9985e+41
0.00016308
0.00016308
0.00016308
0.00016308
1.5002e+20
0.00016308
0.00016308
4.7737e+26
2.5674e+16
0.00016308
0.00016308
0.00016308
0.00016308
0.00016308
0.00016308
0.00016308
0.00016308
4.2764e+43
0.00016308
0.00016308
0.00016308
0.00016308
1.643e+29
7.0227e+24
5.9794e+34
0.00016308
0.00016308
0.00016308
1.2517e+29
0.00016308
4.0591e+23
0.00016308
1.0279e+25
3.2303e+11
3.2984e+26
0.00016308
5.2462e+22
0.00016308
0.00016308
0.00016308
3.9214e+20
1.1752e+26
0.00016308
0.00016308
0.00016308
0.00016308
0.00016308
6.0804e+25
0.00016308
4.2436e+39
0.00016308
5.8191e+31
1.7341e+35
0.00016308
0.00016308
0.00016308
7.4094e+34
0.00016308
1.1547e+24
7.9073e+25
0.00016308
1.6379e+23
0.00016308
6.929e+23
0.00016308
0.00016308
9.394e+22
2.1962e+39
1.634e+24
0.00016308
0.00016308
3.1951e+18
0.00016308
0.00016308
0.00016308
0.00016308
0.00016308
0.00016308
0.00016308
0.00016308
0.00016308
0.00016308
0.00016308
0.00016308
0.00016308
0.00016308
1.348e+45
0.00016308
0.00016308
0.00016308
0.00016308
0.00016308
0.00016308
0.00016308
4.5149e+32
2.2505e+25
0.00016308
0.00016308
7.8982e+19
1.6361e+45
0.00016308
0.00016308
0.00016308
4.3335e+43
2.5318e+17
0.00016308
2.16e+24
0.00016308
0.00016308
0.00016308
1.2389e+34
0.00016308
4.4745e+34
0.00016308
0.00016308
0.00016308
0.00016308
2.9185e+21
0.00016308
0.00016308
0.00016308
0.00016308
0.00016308
0.00016308
7.1847e+38
0.00016308
5.8482e+26
0.00016308
0.00016308
0.00016308
1.7517e+43
0.00016308
0.00016308
1.7036e+18
0.00016308
0.00016308
2.1471e+33
0.00016308
5.7639e+28
0.00016308
4.1544e+41
0.00016308
4.8262e+36
4.4368e+16
5.527e+32
0.00016308
2.9784e+23
2.5301e+40
0.00016308
1.2551e+30
0.00016308
0.00016308
0.00016308
0.00016308
0.00016308
0.00016308
0.00016308
0.00016308
6.6804e+39
0.00016308
2.6654e+20
0.00016308
0.00016308
0.00016308
0.00016308
0.00016308
0.00016308
0.00016308
1.5889e+20
1.6214e+24
0.00016308
0.00016308
5.848e+34
0.00016308
0.00016308
0.00016308
7.2536e+47
8.0065e+22
0.00016308
0.00016308
0.00016308
0.00016308
9.0923e+27
5.5677e+39
6.5423e+28
5.2681e+17
0.00016308
2.0892e+28
0.00016308
0.00016308
0.00016308
0.00016308
0.00016308
3.8162e+32
0.00016308
0.00016308
1.9554e+22
1.0213e+37
0.00016308
0.00016308
1.45e+22
1.126e+21
0.00016308
0.00016308
7.4333e+20
0.00016308
0.00016308
0.00016308
0.00016308
0.00016308
3.5487e+29
0.00016308
0.00016308
0.00016308
0.00016308
0.00016308
0.00016308
0.00016308
0.00016308
0.00016308
0.00016308
0.00016308
3.7194e+14
0.00016308
0.00016308
0.00016308
0.00016308
1.2398e+50
9.1545e+31
0.00016308
0.00016308
0.00016308
0.00016308
0.00016308
0.00016308
0.00016308
0.00016308
2.1164e+41
0.00016308
6.5318e+25
0.00016308
2.0444e+42
1.8087e+29
0.00016308
0.00016308
5.8767e+23
2.4405e+26
0.00016308
3.3174e+29
0.00016308
0.00016308
0.00016308
6.6198e+16
0.00016308
1.8876e+41
0.00016308
0.00016308
0.00016308
0.00016308
0.00016308
1.2116e+22
3.4791e+33
2.1742e+31
0.00016308
1.5671e+34
0.00016308
0.00016308
0.00016308
0.00016308
0.00016308
0.00016308
0.00016308
0.00016308
0.00016308
1.2735e+42
0.00016308
8.6637e+23
8.2179e+27
0.00016308
3.6956e+23
0.00016308
0.00016308
6.6612e+38
1.4905e+47
0.00016308
0.00016308
0.00016308
0.00016308
0.00016308
0.00016308
0.00016308
8.5934e+40
0.00016308
0.00016308
0.00016308
0.00016308
0.00016308
0.00016308
0.00016308
0.00016308
0.00016308
0.00016308
0.00016308
0.00016308
0.00016308
0.00016308
0.00016308
0.00016308
0.00016308
1.444e+22
0.00016308
0.00016308
0.00016308
0.00016308
9.5986e+22
7.6516e+25
0.00016308
0.00016308
0.00016308
0.00016308
2.8468e+26
8.4361e+26
0.00016308
0.00016308
3.1196e+33
0.00016308
0.00016308
3.1128e+18
2.2332e+26
0.00016308
0.00016308
0.00016308
6.6998e+26
0.00016308
1.7117e+51
0.00016308
0.00016308
0.00016308
0.00016308
5.3791e+20
0.00016308
0.00016308
4.7766e+25
0.00016308
0.00016308
0.00016308
0.00016308
0.00016308
0.00016308
0.00016308
0.00016308
4.6181e+34
1.995e+37
1.392e+32
0.00016308
0.00016308
0.00016308
0.00016308
0.00016308
0.00016308
0.00016308
0.00016308
3.178e+40
1.1438e+30
2.8873e+25
0.00016308
0.00016308
0.00016308
0.00016308
1.4231e+29
0.00016308
5.3834e+25
0.00016308
0.00016308
0.00016308
3.9549e+23
0.00016308
1.2498e+27
4.2231e+23
0.00016308
0.00016308
1.3371e+31
1.4249e+16
2.5955e+25
0.00016308
0.00016308
0.00016308
0.00016308
9.6741e+30
0.00016308
0.00016308
0.00016308
0.00016308
0.00016308
0.00016308
0.00016308
1.1776e+34
6.198e+34
1.0843e+17
0.00016308
0.00016308
4.6877e+35
3.2478e+31
6.3173e+22
0.00016308
1.4615e+22
0.00016308
0.00016308
0.00016308
1.2498e+40
0.00016308
0.00016308
0.00016308
0.00016308
0.00016308
2.1794e+31
0.00016308
7.1192e+20
2.7171e+51
0.00016308
3.348e+34
0.00016308
1.8651e+29
1.9473e+23
0.00016308
0.00016308
2.2908e+32
0.00016308
0.00016308
0.00016308
0.00016308
0.00016308
2.8216e+23
0.00016308
0.00016308
1.6972e+35
0.00016308
0.00016308
0.00016308
1.5269e+38
3.3249e+33
0.00016308
0.00016308
3.5135e+38
0.00016308
0.00016308
2.6679e+32
0.00016308
0.00016308
0.00016308
0.00016308
0.00016308
2.4732e+39
0.00016308
1.8351e+24
0.00016308
0.00016308
8.0068e+22
4.4632e+43
0.00016308
0.00016308
0.00016308
0.00016308
0.00016308
0.00016308
1.2337e+19
0.00016308
0.00016308
0.00016308
3.0658e+23
0.00016308
6.5947e+34
4.5499e+27
4.8355e+39
2.3095e+24
0.00016308
1.5197e+25
0.00016308
0.00016308
1.5973e+31
0.00016308
0.00016308
0.00016308
9.1415e+21
0.00016308
0.00016308
0.00016308
0.00016308
0.00016308
0.00016308
0.00016308
0.00016308
4.9568e+28
0.00016308
0.00016308
0.00016308
0.00016308
0.00016308
0.00016308
0.00016308
0.00016308
0.00016308
0.00016308
0.00016308
0.00016308
0.00016308
3.7132e+30
6.5384e+27
0.00016308
1.114e+31
8.7263e+41
3.3959e+33
0.00016308
0.00016308
1.1806e+34
0.00016308
0.00016308
0.00016308
7.5412e+12
1.5001e+35
0.00016308
0.00016308
0.00016308
0.00016308
6.6087e+17
3.7559e+20
0.00016308
4.0658e+40
0.00016308
5.3694e+25
0.00016308
0.00016308
0.00016308
9.2171e+14
0.00016308
0.00016308
4.9428e+37
0.00016308
0.00016308
0.00016308
3.6028e+35
0.00016308
0.00016308
4.3628e+29
0.00016308
3.8415e+19
0.00016308
0.00016308
1.2019e+29
0.00016308
0.00016308
0.00016308
0.00016308
0.00016308
0.00016308
0.00016308
1.6061e+44
2.01e+33
0.00016308
0.00016308
0.00016308
2.3857e+25
1.6753e+20
0.00016308
2.7423e+28
0.00016308
0.00016308
0.00016308
0.00016308
1.7985e+34
4.5788e+35
0.00016308
0.00016308
8.6427e+33
2.0166e+22
8.466e+29
1.3559e+25
0.00016308
0.00016308
7.2147e+17
0.00016308
0.00016308
0.00016308
0.00016308
0.00016308
1.2223e+47
0.00016308
0.00016308
0.00016308
0.00016308
0.00016308
0.00016308
1.1974e+28
2.2949e+23
1.5008e+38
0.00016308
0.00016308
0.00016308
0.00016308
0.00016308
1.0314e+27
0.00016308
0.00016308
1.8761e+33
0.00016308
2.5781e+17
0.00016308
0.00016308
0.00016308
0.00016308
3.0943e+26
2.4418e+20
0.00016308
1.0105e+19
0.00016308
3.3289e+36
1.2094e+40
0.00016308
0.00016308
2.6484e+51
8.7676e+33
1.2294e+33
0.00016308
2.5733e+35
9.7305e+25
8.4312e+32
0.00016308
0.00016308
1.2666e+50
6.014e+27
0.00016308
3.3416e+27
3.461e+14
0.00016308
0.00016308
0.00016308
0.00016308
2.8319e+29
3.1665e+34
0.00016308
0.00016308
0.00016308
4.978e+41
2.1431e+36
1.433e+23
5.0383e+26
0.00016308
0.00016308
0.00016308
0.00016308
1.4832e+29
5.0767e+31
0.00016308
0.00016308
2.1876e+34
0.00016308
0.00016308
0.00016308
6.9899e+27
0.00016308
3.3192e+42
1.2696e+29
0.00016308
8.6795e+23
0.00016308
0.00016308
4.9743e+33
2.9813e+31
0.00016308
0.00016308
3.7178e+35
0.00016308
3.1358e+50
0.00016308
9.9396e+21
0.00016308
1.7049e+31
0.00016308
0.00016308
0.00016308
0.00016308
3.9544e+34
0.00016308
3.5503e+34
4.1782e+33
8.4584e+38
0.00016308
3.5965e+36
0.00016308
1.3053e+45
1.5086e+13
0.00016308
3.1218e+23
0.00016308
0.00016308
2.339e+22
1.5455e+30
4.9623e+20
0.00016308
0.00016308
0.00016308
0.00016308
0.00016308
7.3338e+23
2.4877e+44
0.00016308
2.8393e+19
0.00016308
0.00016308
0.00016308
0.00016308
0.00016308
1.4275e+34
7.9701e+30
0.00016308
0.00016308
1.4104e+42
9.1637e+24
8.2675e+25
0.00016308
2.9974e+42
1.0831e+28
0.00016308
0.00016308
0.00016308
0.00016308
1.2636e+43
0.00016308
3.7617e+27
8.3525e+26
0.00016308
0.00016308
0.00016308
0.00016308
8.9555e+22
5.1519e+35
0.00016308
0.00016308
2.4435e+34
0.00016308
0.00016308
5.7831e+36
0.00016308
0.00016308
0.00016308
5.9601e+29
0.00016308
5.0325e+39
0.00016308
0.00016308
0.00016308
0.00016308
1.7545e+25
0.00016308
2.4007e+26
0.00016308
0.00016308
0.00016308
0.00016308
0.00016308
0.00016308
0.00016308
2.648e+41
0.00016308
0.00016308
0.00016308
0.00016308
3.904e+21
0.00016308
7.1299e+33
0.00016308
0.00016308
0.00016308
0.00016308
0.00016308
0.00016308
0.00016308
0.00016308
2.3498e+40
0.00016308
0.00016308
0.00016308
0.00016308
3.1917e+30
0.00016308
0.00016308
0.00016308
1.0594e+28
0.00016308
0.00016308
0.00016308
4.4498e+38
0.00016308
0.00016308
0.00016308
0.00016308
0.00016308
1.5512e+24
0.00016308
9.1232e+21
0.00016308
8.7005e+27
2.7542e+15
2.0612e+46
5.3393e+17
0.00016308
0.00016308
0.00016308
7.492e+16
0.00016308
0.00016308
0.00016308
0.00016308
1.1652e+25
6.5044e+37
0.00016308
4.1506e+42
8.2139e+30
0.00016308
0.00016308
0.00016308
0.00016308
1.7281e+21
1.9577e+23
0.00016308
0.00016308
6.4312e+43
1.0356e+17
1.0471e+27
0.00016308
0.00016308
0.00016308
3.1171e+32
2.3261e+38
4.5721e+35
0.00016308
0.00016308
1.3908e+30
0.00016308
2.1972e+25
0.00016308
0.00016308
3.6996e+33
0.00016308
0.00016308
0.00016308
0.00016308
0.00016308
8.3899e+28
0.00016308
0.00016308
6.1789e+13
2.3944e+22
1.2195e+27
0.00016308
0.00016308
0.00016308
0.00016308
0.00016308
3.8803e+24
5.5591e+33
0.00016308
7.0644e+36
0.00016308
0.00016308
0.00016308
0.00016308
0.00016308
5.6671e+30
0.00016308
0.00016308
0.00016308
0.00016308
4.8895e+36
0.00016308
0.00016308
0.00016308
0.00016308
3.0544e+26
0.00016308
1.4212e+29
0.00016308
0.00016308
2.8867e+32
1.5573e+30
0.00016308
3.8645e+48
5.0469e+30
2.8632e+18
0.00016308
7.1754e+41
0.00016308
0.00016308
0.00016308
7.7668e+31
1.5518e+39
0.00016308
0.00016308
0.00016308
1.2288e+31
0.00016308
0.00016308
2.0032e+34
0.00016308
0.00016308
2.2384e+29
5.5374e+50
0.00016308
0.00016308
0.00016308
0.00016308
0.00016308
1.3183e+24
6.5047e+31
0.00016308
2.4384e+25
0.00016308
0.00016308
0.00016308
0.00016308
0.00016308
0.00016308
6.3712e+31
0.00016308
1.2964e+20
0.00016308
0.00016308
3.3638e+22
0.00016308
0.00016308
0.00016308
0.00016308
2.3045e+39
0.00016308
0.00016308
0.00016308
0.00016308
1.6495e+27
0.00016308
0.00016308
0.00016308
1.0553e+29
0.00016308
0.00016308
0.00016308
2.8167e+20
0.00016308
4.4532e+20
1.1817e+28
4.1733e+18
0.00016308
0.00016308
0.00016308
1.9527e+25
0.00016308
0.00016308
0.00016308
9.5853e+38
6.116e+26
7.741e+19
0.00016308
0.00016308
4.6207e+27
0.00016308
0.00016308
2.1179e+23
5.507e+31
2.4603e+24
0.00016308
6.84e+22
6.3808e+34
1.4994e+35
2.0931e+25
0.00016308
6.2836e+30
0.00016308
1.6474e+25
0.00016308
0.00016308
0.00016308
0.00016308
3.6155e+34
0.00016308
0.00016308
7.7655e+40
0.00016308
0.00016308
6.2172e+32
0.00016308
0.00016308
0.00016308
0.00016308
0.00016308
9.5529e+29
1.8312e+32
0.00016308
0.00016308
0.00016308
0.00016308
0.00016308
0.00016308
2.0072e+32
0.00016308
1.8735e+18
0.00016308
0.00016308
0.00016308
0.00016308
0.00016308
1.6186e+52
0.00016308
0.00016308
0.00016308
5.1915e+27
4.96e+22
6.4836e+19
0.00016308
5.3265e+34
0.00016308
1.6989e+21
0.00016308
0.00016308
0.00016308
3.6469e+31
0.00016308
5.4658e+37
8.6593e+36
2.2789e+14
0.00016308
7.64e+33
0.00016308
0.00016308
0.00016308
0.00016308
0.00016308
1.1238e+32
0.00016308
0.00016308
4.1034e+27
0.00016308
6.8452e+23
0.00016308
0.00016308
0.00016308
0.00016308
0.00016308
7.6688e+43
0.00016308
0.00016308
3.1653e+30
0.00016308
0.00016308
0.00016308
0.00016308
0.00016308
0.00016308
0.00016308
0.00016308
0.00016308
0.00016308
4.7273e+22
3.6367e+26
0.00016308
0.00016308
0.00016308
3.6146e+25
0.00016308
0.00016308
0.00016308
0.00016308
0.00016308
0.00016308
0.00016308
4.1829e+46
1.1154e+36
0.00016308
0.00016308
0.00016308
0.00016308
1.8626e+26
3.4123e+36
1.1917e+39
0.00016308
0.00016308
0.00016308
0.00016308
0.00016308
0.00016308
0.00016308
0.00016308
0.00016308
0.00016308
2.2659e+29
0.00016308
0.00016308
0.00016308
1.2688e+22
0.00016308
0.00016308
0.00016308
0.00016308
1.9343e+66
0.00016308
0.00016308
0.00016308
9.184e+30
0.00016308
0.00016308
2.277e+30
0.00016308
0.00016308
7.8857e+39
7.0269e+26
0.00016308
2.5471e+34
0.00016308
0.00016308
1.0394e+36
0.00016308
0.00016308
0.00016308
0.00016308
6.5235e+10
0.00016308
0.00016308
0.00016308
0.00016308
2.5431e+24
9.8979e+32
0.00016308
0.00016308
0.00016308
2.9433e+22
0.00016308
0.00016308
0.00016308
0.00016308
0.00016308
2.1627e+35
0.00016308
0.00016308
1.8956e+30
0.00016308
0.00016308
0.00016308
0.00016308
0.00016308
2.0119e+19
1.5526e+24
0.00016308
0.00016308
0.00016308
5.6772e+24
0.00016308
0.00016308
0.00016308
0.00016308
4.4271e+25
0.00016308
0.00016308
8.5435e+28
2.6238e+28
0.00016308
0.00016308
0.00016308
0.00016308
0.00016308
0.00016308
0.00016308
8.7804e+20
0.00016308
0.00016308
0.00016308
0.00016308
0.00016308
9.003e+19
0.00016308
0.00016308
2.3901e+21
3.0292e+22
0.00016308
4.3013e+31
0.00016308
2.6374e+27
0.00016308
0.00016308
0.00016308
0.00016308
0.00016308
0.00016308
0.00016308
0.00016308
2.8617e+27
0.00016308
4.7744e+24
5.2095e+27
0.00016308
0.00016308
0.00016308
0.00016308
8.8285e+24
0.00016308
0.00016308
0.00016308
0.00016308
0.00016308
2.912e+29
2.3815e+39
8.2314e+32
2.7229e+24
0.00016308
0.00016308
0.00016308
2.8142e+39
0.00016308
0.00016308
1.6354e+39
0.00016308
1.1442e+34
0.00016308
6.1498e+29
2.2772e+20
0.00016308
0.00016308
1.6364e+25
8.7125e+25
0.00016308
0.00016308
0.00016308
0.00016308
0.00016308
6.1223e+42
2.958e+28
0.00016308
2.8514e+27
0.00016308
0.00016308
0.00016308
0.00016308
6.0174e+20
0.00016308
0.00016308
2.6749e+45
6.6712e+32
0.00016308
0.00016308
0.00016308
0.00016308
0.00016308
2.8377e+34
0.00016308
0.00016308
0.00016308
0.00016308
0.00016308
5.9336e+30
2.1761e+29
3.0516e+32
8.9905e+39
3.8896e+29
2.3452e+52
1.8128e+36
0.00016308
0.00016308
0.00016308
1.5828e+31
0.00016308
7.9541e+26
1.3606e+27
0.00016308
0.00016308
1.2152e+21
0.00016308
0.00016308
2.1048e+38
0.00016308
2.0551e+24
0.00016308
0.00016308
0.00016308
0.00016308
0.00016308
0.00016308
0.00016308
0.00016308
0.00016308
0.00016308
0.00016308
0.00016308
0.00016308
2.1153e+45
2.3052e+33
0.00016308
2.3426e+31
2.2375e+20
0.00016308
0.00016308
0.00016308
3.4372e+25
1.4157e+30
0.00016308
6.961e+31
1.8148e+18
0.00016308
0.00016308
0.00016308
1.9307e+22
0.00016308
0.00016308
0.00016308
0.00016308
0.00016308
0.00016308
0.00016308
0.00016308
0.00016308
5.4561e+28
2.687e+22
1.371e+40
0.00016308
1.0692e+26
0.00016308
0.00016308
0.00016308
0.00016308
0.00016308
0.00016308
0.00016308
0.00016308
0.00016308
0.00016308
0.00016308
0.00016308
1.0393e+19
1.1858e+25
2.2211e+21
0.00016308
4.6473e+17
0.00016308
1.3459e+43
9.4288e+34
2.3115e+32
0.00016308
0.00016308
2.0622e+24
0.00016308
1.499e+28
0.00016308
0.00016308
0.00016308
0.00016308
0.00016308
0.00016308
3.6057e+38
0.00016308
3.477e+22
7.4853e+18
0.00016308
0.00016308
0.00016308
2.0939e+34
0.00016308
0.00016308
2.5322e+39
0.00016308
5.3565e+12
0.00016308
0.00016308
6.7944e+36
0.00016308
0.00016308
0.00016308
0.00016308
0.00016308
0.00016308
5.4613e+24
0.00016308
0.00016308
1.1293e+29
1.7899e+33
3.4141e+42
0.00016308
0.00016308
0.00016308
0.00016308
0.00016308
8.7353e+41
0.00016308
0.00016308
0.00016308
8.3436e+29
0.00016308
2.7205e+32
1.9802e+35
1.7982e+34
0.00016308
1.1868e+25
0.00016308
0.00016308
0.00016308
4.7664e+19
1.4269e+40
0.00016308
0.00016308
0.00016308
0.00016308
0.00016308
1.3295e+23
0.00016308
4.9033e+17
5.2925e+45
0.00016308
0.00016308
0.00016308
0.00016308
0.00016308
1.0384e+51
0.00016308
0.00016308
0.00016308
3.9579e+29
0.00016308
0.00016308
4.4591e+36
0.00016308
0.00016308
0.00016308
0.00016308
4.1576e+30
0.00016308
0.00016308
0.00016308
1.9931e+25
0.00016308
1.0497e+26
6.6758e+35
0.00016308
0.00016308
0.00016308
4.6212e+19
8.6285e+25
0.00016308
8.4958e+34
0.00016308
4.234e+28
0.00016308
1.453e+31
2.6197e+40
0.00016308
0.00016308
0.00016308
0.00016308
6.1735e+29
2.2661e+30
0.00016308
0.00016308
0.00016308
0.00016308
0.00016308
0.00016308
0.00016308
0.00016308
0.00016308
0.00016308
9.5525e+28
0.00016308
0.00016308
8.2107e+22
0.00016308
0.00016308
9.0731e+30
4.2997e+30
0.00016308
5.0472e+21
0.00016308
5.4396e+26
0.00016308
0.00016308
0.00016308
1.0122e+30
2.9867e+21
7.2528e+20
0.00016308
0.00016308
2.7846e+18
0.00016308
0.00016308
0.00016308
0.00016308
1.4163e+28
0.00016308
0.00016308
0.00016308
0.00016308
9.1012e+29
0.00016308
0.00016308
0.00016308
0.00016308
0.00016308
0.00016308
1.7578e+35
3.389e+22
0.00016308
0.00016308
7.7709e+23
0.00016308
9.3607e+32
0.00016308
0.00016308
0.00016308
0.00016308
3.4843e+38
0.00016308
0.00016308
0.00016308
0.00016308
0.00016308
7.9554e+27
0.00016308
0.00016308
1.2738e+22
1.6213e+48
0.00016308
4.4645e+25
0.00016308
0.00016308
0.00016308
2.1847e+37
1.2175e+22
0.00016308
0.00016308
0.00016308
2.2093e+36
5.3579e+42
0.00016308
0.00016308
1.9106e+31
0.00016308
0.00016308
4.8898e+17
0.00016308
0.00016308
0.00016308
1.2457e+20
0.00016308
0.00016308
0.00016308
6.7587e+26
0.00016308
0.00016308
0.00016308
0.00016308
8.0734e+24
0.00016308
0.00016308
1.0981e+38
1.2661e+33
5.3084e+10
0.00016308
2.1498e+24
0.00016308
0.00016308
1.2837e+24
0.00016308
0.00016308
0.00016308
0.00016308
3.425e+25
8.9956e+26
0.00016308
3.8653e+48
0.00016308
0.00016308
5.5168e+26
8.7311e+24
0.00016308
0.00016308
0.00016308
0.00016308
6.8516e+19
0.00016308
6.8625e+40
0.00016308
0.00016308
0.00016308
0.00016308
2.6355e+20
8.453e+14
3.9315e+30
0.00016308
0.00016308
0.00016308
1.116e+43
1.3738e+32
0.00016308
0.00016308
0.00016308
0.00016308
4.2987e+32
0.00016308
0.00016308
0.00016308
0.00016308
1.1838e+29
0.00016308
0.00016308
1.7409e+28
0.00016308
0.00016308
0.00016308
0.00016308
0.00016308
0.00016308
0.00016308
0.00016308
0.00016308
0.00016308
3.2572e+29
2.18e+24
0.00016308
0.00016308
0.00016308
0.00016308
0.00016308
8.1649e+37
3.184e+32
6.0715e+37
0.00016308
0.00016308
7.0165e+34
8.5077e+23
0.00016308
1.8187e+59
0.00016308
0.00016308
2.049e+48
0.00016308
0.00016308
0.00016308
0.00016308
0.00016308
2.2021e+25
3.986e+37
0.00016308
0.00016308
2.3607e+37
3.025e+29
0.00016308
0.00016308
1.7295e+25
0.00016308
0.00016308
0.00016308
0.00016308
6.0047e+28
0.00016308
2.6198e+22
0.00016308
0.00016308
6.0548e+29
0.00016308
0.00016308
1.8918e+30
0.00016308
7.1892e+30
0.00016308
0.00016308
0.00016308
2.5429e+18
0.00016308
8.369e+23
0.00016308
0.00016308
0.00016308
0.00016308
0.00016308
7.1899e+30
2.5322e+28
0.00016308
0.00016308
0.00016308
5.4483e+34
0.00016308
1.3613e+34
0.00016308
8.2398e+36
2.5443e+51
0.00016308
5.5912e+29
0.00016308
8.5947e+30
3.9538e+17
2.6352e+26
0.00016308
6.1009e+18
0.00016308
0.00016308
1.4667e+37
0.00016308
0.00016308
8.0088e+22
2.426e+22
0.00016308
0.00016308
3.2324e+44
0.00016308
0.00016308
0.00016308
0.00016308
0.00016308
0.00016308
7.5844e+27
4.7277e+22
1.713e+29
0.00016308
0.00016308
1.1778e+27
3.3336e+37
0.00016308
8.7998e+22
8.4416e+28
0.00016308
0.00016308
0.00016308
1.767e+40
0.00016308
0.00016308
0.00016308
0.00016308
0.00016308
0.00016308
0.00016308
9.7302e+25
0.00016308
0.00016308
0.00016308
0.00016308
0.00016308
0.00016308
0.00016308
0.00016308
6.0683e+43
0.00016308
6.1384e+22
0.00016308
2.462e+41
0.00016308
0.00016308
0.00016308
0.00016308
0.00016308
0.00016308
0.00016308
0.00016308
2.0574e+31
0.00016308
4.1157e+29
0.00016308
0.00016308
1.0492e+27
0.00016308
0.00016308
0.00016308
0.00016308
0.00016308
0.00016308
0.00016308
3.0507e+27
0.00016308
0.00016308
2.0583e+14
1.0569e+37
0.00016308
9.2237e+33
3.1964e+29
1.5832e+36
5.688e+23
0.00016308
0.00016308
7.6991e+24
0.00016308
0.00016308
2.8438e+36
4.146e+17
7.6088e+26
0.00016308
0.00016308
0.00016308
1.0352e+36
2.0015e+32
0.00016308
0.00016308
1.3521e+23
0.00016308
1.4751e+39
1.5934e+32
0.00016308
7.688e+38
5.4913e+30
0.00016308
5.8778e+30
0.00016308
0.00016308
0.00016308
0.00016308
0.00016308
0.00016308
0.00016308
5.8718e+25
0.00016308
1.0407e+28
0.00016308
0.00016308
3.1048e+18
0.00016308
1.4978e+31
0.00016308
0.00016308
0.00016308
0.00016308
0.00016308
0.00016308
1.863e+37
0.00016308
0.00016308
0.00016308
5.6959e+30
2.1476e+32
2.3696e+29
0.00016308
2.3041e+29
1.8306e+25
0.00016308
3.7646e+39
3.4921e+29
0.00016308
2.6153e+23
0.00016308
0.00016308
0.00016308
9.0395e+23
4.5044e+30
0.00016308
1.5559e+22
0.00016308
5.5789e+25
0.00016308
9.445e+36
0.00016308
0.00016308
0.00016308
0.00016308
0.00016308
3.5294e+23
0.00016308
0.00016308
0.00016308
0.00016308
0.00016308
0.00016308
0.00016308
1.1587e+25
0.00016308
0.00016308
5.7696e+27
0.00016308
0.00016308
4.7912e+40
0.00016308
0.00016308
0.00016308
2.0672e+39
0.00016308
0.00016308
2.2833e+25
1.0518e+31
6.3256e+24
0.00016308
2.9106e+27
1.7172e+19
0.00016308
0.00016308
3.2007e+21
0.00016308
3.7731e+39
0.00016308
0.00016308
0.00016308
0.00016308
0.00016308
0.00016308
0.00016308
0.00016308
0.00016308
0.00016308
0.00016308
0.00016308
0.00016308
1.5562e+35
0.00016308
0.00016308
2.5134e+30
0.00016308
0.00016308
4.2503e+27
4.9365e+20
0.00016308
0.00016308
0.00016308
0.00016308
3.6947e+34
0.00016308
0.00016308
9.3621e+25
2.2134e+27
0.00016308
0.00016308
1.1571e+40
5.0199e+31
4.5979e+26
0.00016308
7.207e+19
0.00016308
0.00016308
0.00016308
1.9427e+15
0.00016308
2.9316e+30
0.00016308
0.00016308
0.00016308
0.00016308
6.7116e+42
3.8306e+37
0.00016308
5.1846e+33
0.00016308
0.00016308
0.00016308
0.00016308
0.00016308
0.00016308
0.00016308
0.00016308
0.00016308
5.7121e+25
0.00016308
1.8325e+33
0.00016308
2.8988e+22
0.00016308
6.9162e+35
0.00016308
1.8569e+21
4.6397e+36
1.2388e+25
0.00016308
0.00016308
0.00016308
0.00016308
1.2148e+30
0.00016308
3.8018e+18
1.412e+33
0.00016308
4.8556e+28
0.00016308
0.00016308
3.9522e+26
0.00016308
0.00016308
3.3145e+44
0.00016308
0.00016308
0.00016308
0.00016308
0.00016308
0.00016308
3.0658e+56
6.8405e+31
0.00016308
0.00016308
0.00016308
0.00016308
4.9185e+17
0.00016308
0.00016308
0.00016308
0.00016308
1.8798e+40
0.00016308
8.6778e+38
0.00016308
0.00016308
0.00016308
9.643e+23
1.3069e+31
0.00016308
0.00016308
0.00016308
1.2802e+26
0.00016308
0.00016308
0.00016308
0.00016308
0.00016308
0.00016308
2.7619e+42
0.00016308
1.748e+20
0.00016308
0.00016308
3.6235e+26
0.00016308
0.00016308
0.00016308
6.2512e+29
0.00016308
5.1289e+51
0.00016308
0.00016308
1.7607e+22
4.704e+28
0.00016308
4.319e+33
2.5796e+37
2.5002e+53
0.00016308
0.00016308
0.00016308
0.00016308
0.00016308
0.00016308
0.00016308
8.3051e+40
0.00016308
0.00016308
0.00016308
0.00016308
0.00016308
0.00016308
0.00016308
4.8053e+41
2.947e+43
0.00016308
1.4818e+33
0.00016308
0.00016308
1.253e+25
0.00016308
6.6895e+32
0.00016308
0.00016308
9.4213e+32
5.2646e+18
0.00016308
7.3647e+34
0.00016308
1.8083e+51
0.00016308
0.00016308
5.9979e+25
1.8757e+39
7.3628e+33
4.009e+24
0.00016308
5.7999e+28
0.00016308
1.4021e+34
0.00016308
0.00016308
0.00016308
0.00016308
0.00016308
0.00016308
0.00016308
2.9529e+29
0.00016308
0.00016308
2.279e+16
0.00016308
0.00016308
7.6278e+13
0.00016308
1.3417e+30
0.00016308
0.00016308
0.00016308
3.3013e+29
0.00016308
0.00016308
0.00016308
0.00016308
7.9171e+43
3.1008e+19
0.00016308
0.00016308
0.00016308
1.0496e+17
0.00016308
1.2842e+39
8.7188e+31
0.00016308
0.00016308
0.00016308
0.00016308
1.3163e+11
1.0947e+38
1.6586e+34
0.00016308
0.00016308
1.3336e+48
0.00016308
0.00016308
0.00016308
6.1212e+29
0.00016308
0.00016308
0.00016308
5.973e+27
1.4181e+21
0.00016308
0.00016308
0.00016308
0.00016308
0.00016308
4.1255e+34
0.00016308
5.8046e+21
0.00016308
2.9025e+24
4.8189e+25
4.1031e+22
0.00016308
8.7974e+39
0.00016308
0.00016308
0.00016308
0.00016308
0.00016308
0.00016308
0.00016308
1.0574e+17
0.00016308
1.7374e+29
1.2425e+28
0.00016308
0.00016308
