8.431e-71
8.431e-71
8.431e-71
1.4431e-34
8.431e-71
8.431e-71
8.431e-71
8.431e-71
8.431e-71
3.8733e-35
8.431e-71
1.2503e-44
8.431e-71
1.0563e-28
8.431e-71
8.431e-71
8.431e-71
8.431e-71
8.431e-71
5.0811e-35
8.431e-71
3.0978e-35
8.431e-71
8.431e-71
8.431e-71
8.431e-71
8.431e-71
2.5716e-30
8.6338e-39
8.431e-71
8.431e-71
8.431e-71
8.9329e-38
8.431e-71
8.431e-71
1.6303e-37
2.2437e-34
8.431e-71
1.7278e-38
8.431e-71
8.431e-71
8.431e-71
8.431e-71
8.431e-71
1.2407e-33
2.302e-34
8.431e-71
6.912e-30
8.431e-71
8.431e-71
4.7592e-26
8.431e-71
2.9991e-24
8.431e-71
8.431e-71
8.431e-71
5.2588e-47
8.431e-71
8.431e-71
2.379e-32
8.431e-71
1.8682e-43
8.431e-71
8.431e-71
2.4532e-28
5.1018e-41
8.431e-71
8.431e-71
8.431e-71
1.3431e-48
8.431e-71
8.431e-71
8.431e-71
8.431e-71
8.431e-71
8.431e-71
8.431e-71
8.431e-71
8.431e-71
6.2176e-39
8.431e-71
8.431e-71
5.0127e-29
8.431e-71
8.431e-71
8.431e-71
8.431e-71
8.431e-71
8.431e-71
8.431e-71
8.431e-71
8.431e-71
8.431e-71
8.431e-71
8.431e-71
8.431e-71
8.431e-71
8.431e-71
2.552e-47
8.431e-71
8.431e-71
8.431e-71
8.431e-71
1.0136e-48
2.2222e-42
8.2968e-38
8.431e-71
2.4046e-44
8.431e-71
8.431e-71
8.431e-71
8.431e-71
8.431e-71
8.431e-71
6.8979e-26
2.4883e-32
3.9711e-36
8.431e-71
8.431e-71
8.431e-71
2.9844e-22
8.431e-71
8.431e-71
8.431e-71
8.431e-71
3.5541e-37
8.431e-71
8.431e-71
3.981e-39
1.1314e-32
8.431e-71
1.0014e-34
8.431e-71
8.431e-71
3.1919e-16
3.1419e-43
8.431e-71
8.431e-71
8.431e-71
8.431e-71
8.431e-71
6.4074e-32
5.9094e-35
8.431e-71
8.431e-71
8.431e-71
2.6242e-47
8.431e-71
8.431e-71
8.431e-71
8.431e-71
8.431e-71
8.431e-71
8.431e-71
8.431e-71
8.431e-71
8.431e-71
8.431e-71
1.3017e-28
4.9316e-41
8.431e-71
8.431e-71
8.431e-71
8.431e-71
8.431e-71
8.431e-71
8.431e-71
8.431e-71
8.431e-71
4.2368e-28
8.431e-71
1.7258e-33
8.431e-71
8.431e-71
8.431e-71
8.431e-71
3.6956e-41
1.4262e-22
8.431e-71
8.431e-71
1.8642e-36
8.431e-71
8.431e-71
8.431e-71
8.431e-71
8.431e-71
6.5994e-37
2.9697e-27
8.431e-71
2.8113e-24
4.1575e-46
2.1167e-38
3.8944e-34
5.5267e-34
6.5398e-30
8.431e-71
8.431e-71
8.431e-71
8.431e-71
8.431e-71
8.431e-71
8.431e-71
1.6619e-37
8.431e-71
8.431e-71
8.431e-71
8.431e-71
8.431e-71
7.9331e-34
1.9527e-40
8.431e-71
8.431e-71
8.431e-71
8.431e-71
1.2912e-31
8.431e-71
8.431e-71
8.431e-71
8.431e-71
8.431e-71
1.2085e-36
8.431e-71
8.431e-71
8.431e-71
8.431e-71
8.431e-71
8.431e-71
8.431e-71
8.431e-71
2.6592e-23
8.431e-71
8.431e-71
8.431e-71
8.431e-71
8.431e-71
8.431e-71
8.431e-71
8.431e-71
8.0172e-32
8.431e-71
8.431e-71
8.431e-71
8.431e-71
8.431e-71
1.6546e-22
8.431e-71
8.431e-71
4.4539e-47
8.431e-71
9.3623e-29
8.431e-71
8.431e-71
8.431e-71
8.431e-71
7.4804e-38
8.431e-71
8.431e-71
8.431e-71
8.431e-71
8.431e-71
8.431e-71
2.9276e-43
8.431e-71
8.431e-71
7.1167e-48
8.431e-71
8.431e-71
2.5625e-30
8.431e-71
1.0418e-42
8.431e-71
8.431e-71
2.7663e-31
8.431e-71
4.1134e-46
8.431e-71
3.5918e-40
1.0311e-50
1.0139e-44
8.431e-71
8.431e-71
8.431e-71
9.9314e-41
8.431e-71
8.431e-71
4.8942e-40
6.6216e-38
8.431e-71
8.431e-71
8.431e-71
2.638e-48
9.2682e-48
7.4117e-38
8.6224e-33
5.4031e-39
2.5375e-30
8.431e-71
8.431e-71
8.431e-71
8.431e-71
8.431e-71
1.8216e-44
1.3827e-35
8.431e-71
8.6653e-45
8.431e-71
8.431e-71
8.431e-71
3.1662e-37
8.431e-71
6.5485e-32
3.0589e-40
8.431e-71
8.431e-71
7.4984e-23
1.1824e-36
8.431e-71
8.431e-71
7.5339e-33
8.431e-71
8.431e-71
8.431e-71
8.431e-71
8.431e-71
2.3232e-23
8.431e-71
8.431e-71
2.446e-35
1.0912e-29
8.431e-71
8.431e-71
1.8278e-48
8.431e-71
8.431e-71
8.431e-71
8.431e-71
8.431e-71
8.431e-71
8.431e-71
8.431e-71
8.431e-71
8.431e-71
8.431e-71
8.431e-71
4.191e-50
8.431e-71
1.2216e-32
8.431e-71
8.431e-71
8.431e-71
8.431e-71
1.5181e-45
8.431e-71
1.4001e-35
8.431e-71
8.431e-71
8.431e-71
8.431e-71
8.431e-71
8.431e-71
8.431e-71
8.431e-71
1.3175e-37
8.431e-71
8.431e-71
2.0018e-22
5.545e-41
1.5178e-31
8.431e-71
8.431e-71
8.431e-71
8.431e-71
1.0552e-26
8.431e-71
3.282e-30
4.0928e-46
7.916e-45
8.431e-71
8.431e-71
8.431e-71
8.431e-71
8.431e-71
8.431e-71
1.8525e-33
8.431e-71
8.431e-71
1.39e-50
8.431e-71
1.2908e-31
8.431e-71
8.431e-71
8.431e-71
1.5972e-20
8.431e-71
7.1606e-48
3.6604e-44
8.431e-71
3.1445e-42
1.579e-40
8.431e-71
3.76e-29
8.431e-71
8.431e-71
8.431e-71
8.431e-71
8.431e-71
8.431e-71
8.431e-71
3.1015e-19
8.431e-71
8.431e-71
8.431e-71
8.431e-71
8.431e-71
8.431e-71
8.431e-71
1.072e-18
8.431e-71
8.431e-71
8.431e-71
8.431e-71
8.431e-71
8.431e-71
8.431e-71
8.431e-71
1.6569e-11
8.431e-71
4.3312e-32
7.2673e-37
8.431e-71
8.431e-71
8.431e-71
2.1102e-28
8.431e-71
4.5902e-48
8.431e-71
3.2633e-38
4.6431e-30
5.0688e-52
8.431e-71
1.7201e-43
6.3653e-29
8.431e-71
8.431e-71
8.431e-71
6.1357e-45
8.431e-71
8.431e-71
3.0782e-42
8.431e-71
8.431e-71
8.431e-71
8.431e-71
8.431e-71
8.431e-71
8.431e-71
8.431e-71
8.431e-71
5.4384e-28
8.6636e-28
8.431e-71
1.7454e-47
8.431e-71
8.431e-71
8.431e-71
8.431e-71
2.5012e-25
3.2871e-43
8.431e-71
8.431e-71
8.431e-71
8.431e-71
2.1339e-15
6.7308e-42
1.0268e-49
1.0894e-36
1.5715e-35
8.431e-71
8.431e-71
8.431e-71
8.431e-71
3.2012e-50
6.5087e-32
2.0521e-41
8.431e-71
8.431e-71
3.5358e-30
1.9234e-26
8.431e-71
8.431e-71
8.431e-71
8.431e-71
8.431e-71
8.431e-71
8.431e-71
8.431e-71
8.431e-71
8.431e-71
6.238e-33
8.431e-71
8.431e-71
8.431e-71
8.431e-71
8.431e-71
8.431e-71
8.431e-71
8.431e-71
9.3525e-36
8.431e-71
2.491e-30
8.431e-71
8.431e-71
8.431e-71
3.2353e-43
8.431e-71
4.0659e-43
8.431e-71
2.8439e-22
8.431e-71
1.4679e-37
8.431e-71
8.431e-71
2.054e-34
8.431e-71
3.5435e-14
1.2626e-42
9.481e-29
3.2304e-27
8.431e-71
2.1834e-51
8.431e-71
8.431e-71
8.431e-71
8.431e-71
4.0422e-29
8.431e-71
2.1835e-26
3.125e-35
3.6711e-49
8.431e-71
1.1265e-34
8.431e-71
5.9117e-31
8.431e-71
5.5655e-39
8.431e-71
8.431e-71
2.5432e-28
1.8796e-31
2.5418e-26
8.431e-71
8.431e-71
8.431e-71
8.431e-71
1.0731e-31
8.431e-71
8.431e-71
8.431e-71
5.8857e-22
8.431e-71
8.431e-71
8.431e-71
8.431e-71
2.6021e-40
8.431e-71
2.0423e-40
5.9262e-35
8.431e-71
8.431e-71
8.431e-71
2.2616e-31
8.431e-71
8.431e-71
4.0113e-39
8.431e-71
8.431e-71
8.431e-71
3.5541e-39
1.2633e-28
9.0886e-39
8.431e-71
8.431e-71
2.3882e-46
8.431e-71
2.3867e-31
4.0685e-24
8.431e-71
8.431e-71
1.193e-35
8.431e-71
8.431e-71
8.431e-71
8.431e-71
4.4056e-49
6.6742e-47
8.431e-71
8.431e-71
8.431e-71
2.8681e-34
8.431e-71
8.431e-71
8.431e-71
8.431e-71
8.431e-71
4.7343e-39
8.431e-71
8.431e-71
8.431e-71
8.431e-71
8.431e-71
8.431e-71
7.1448e-46
3.7218e-43
2.0029e-33
8.431e-71
7.4184e-39
7.9574e-46
8.431e-71
8.431e-71
8.431e-71
8.431e-71
8.431e-71
8.431e-71
8.431e-71
8.431e-71
8.431e-71
8.431e-71
8.431e-71
1.6296e-42
1.894e-33
2.9737e-39
8.431e-71
8.431e-71
8.431e-71
1.3361e-35
8.431e-71
3.2042e-40
8.431e-71
8.431e-71
8.431e-71
8.431e-71
8.431e-71
8.431e-71
8.431e-71
8.431e-71
1.0942e-44
8.431e-71
8.431e-71
8.431e-71
2.7022e-33
5.9666e-30
8.431e-71
8.431e-71
8.431e-71
8.431e-71
8.431e-71
8.431e-71
3.364e-22
8.431e-71
8.431e-71
8.431e-71
8.431e-71
2.3548e-18
2.5387e-30
8.431e-71
8.431e-71
8.431e-71
8.431e-71
8.431e-71
8.431e-71
6.766e-41
8.431e-71
1.0525e-34
8.431e-71
8.431e-71
8.431e-71
8.431e-71
5.0181e-46
8.431e-71
8.431e-71
8.431e-71
6.9999e-25
8.431e-71
8.431e-71
8.431e-71
8.431e-71
8.431e-71
8.431e-71
8.431e-71
1.0235e-39
8.431e-71
8.431e-71
8.431e-71
8.431e-71
8.431e-71
8.431e-71
1.3977e-43
8.431e-71
3.0434e-37
8.431e-71
8.431e-71
8.431e-71
8.431e-71
8.431e-71
8.8978e-36
8.431e-71
1.2087e-31
1.8113e-17
8.431e-71
8.431e-71
8.431e-71
9.0839e-49
8.431e-71
8.431e-71
8.431e-71
8.431e-71
8.431e-71
8.431e-71
8.431e-71
1.7757e-38
4.8044e-45
8.431e-71
8.431e-71
1.6936e-43
8.431e-71
8.431e-71
1.6729e-36
3.1036e-24
8.431e-71
8.431e-71
8.6577e-39
8.431e-71
8.5098e-23
1.575e-33
8.431e-71
8.431e-71
8.431e-71
8.431e-71
8.431e-71
1.3441e-42
8.431e-71
8.431e-71
8.431e-71
8.431e-71
8.431e-71
8.431e-71
8.431e-71
3.2868e-32
8.431e-71
2.6535e-35
8.431e-71
8.431e-71
2.0943e-29
7.7509e-23
1.2316e-42
8.431e-71
8.431e-71
1.1454e-38
8.431e-71
7.8815e-39
8.431e-71
8.431e-71
3.926e-36
8.431e-71
8.431e-71
4.827e-41
8.431e-71
2.0147e-39
8.431e-71
1.7746e-23
4.4804e-39
8.431e-71
7.2043e-45
8.431e-71
8.431e-71
8.431e-71
6.7527e-38
8.431e-71
8.431e-71
8.431e-71
8.431e-71
8.431e-71
1.4865e-34
8.431e-71
8.431e-71
8.431e-71
8.431e-71
1.1167e-09
8.431e-71
1.52e-39
8.431e-71
8.431e-71
2.9311e-42
8.431e-71
8.431e-71
8.431e-71
8.431e-71
1.2146e-51
8.431e-71
8.431e-71
4.0385e-42
8.431e-71
8.431e-71
1.0817e-22
8.431e-71
8.431e-71
6.48e-29
8.431e-71
8.431e-71
1.3861e-45
8.431e-71
8.7246e-42
1.5707e-37
8.431e-71
8.431e-71
8.431e-71
8.431e-71
1.2632e-32
1.1969e-33
1.2992e-44
5.635e-42
5.9715e-17
8.431e-71
7.2712e-46
1.6779e-34
4.7349e-44
2.429e-37
8.431e-71
3.0575e-39
2.129e-33
8.431e-71
8.431e-71
2.8046e-40
8.431e-71
8.431e-71
1.0081e-31
8.431e-71
8.431e-71
8.431e-71
1.3932e-38
8.431e-71
5.7825e-20
3.2285e-32
1.4635e-40
8.431e-71
1.2589e-31
1.621e-41
8.431e-71
4.3166e-48
8.431e-71
2.5927e-37
8.431e-71
8.431e-71
8.431e-71
8.431e-71
2.2868e-32
1.2965e-28
8.431e-71
8.431e-71
1.9922e-23
8.431e-71
8.431e-71
8.431e-71
8.431e-71
1.0883e-43
8.431e-71
3.0931e-39
8.431e-71
8.431e-71
1.5211e-35
6.656e-35
3.1546e-38
8.431e-71
8.431e-71
8.431e-71
4.5632e-46
3.0277e-50
7.5135e-42
4.9857e-39
8.431e-71
4.9871e-35
8.431e-71
1.8977e-49
1.0449e-52
2.1957e-40
8.431e-71
1.6092e-14
8.431e-71
3.0567e-29
8.431e-71
8.431e-71
8.431e-71
5.4554e-32
8.431e-71
8.431e-71
8.431e-71
8.431e-71
8.431e-71
8.431e-71
1.8964e-30
3.9853e-35
8.431e-71
5.0309e-19
1.6233e-49
1.6687e-40
8.431e-71
8.431e-71
8.431e-71
1.2778e-40
1.846e-41
8.431e-71
8.431e-71
8.431e-71
8.431e-71
8.431e-71
8.431e-71
8.431e-71
8.431e-71
8.431e-71
8.431e-71
8.431e-71
2.8133e-38
8.9318e-11
8.431e-71
8.431e-71
8.431e-71
1.9796e-36
8.431e-71
8.431e-71
7.2426e-49
8.431e-71
7.5953e-42
8.431e-71
8.431e-71
5.1502e-47
6.294e-31
8.431e-71
8.431e-71
8.431e-71
8.431e-71
8.431e-71
8.431e-71
8.431e-71
8.431e-71
8.431e-71
8.431e-71
3.0192e-35
8.431e-71
8.431e-71
8.431e-71
8.431e-71
8.431e-71
8.431e-71
8.431e-71
8.431e-71
8.431e-71
8.431e-71
2.7717e-41
8.431e-71
8.431e-71
8.431e-71
2.1396e-24
8.431e-71
8.431e-71
8.431e-71
8.431e-71
8.431e-71
4.3138e-38
8.431e-71
8.431e-71
8.431e-71
8.431e-71
1.958e-32
8.431e-71
8.431e-71
8.431e-71
8.431e-71
8.431e-71
8.431e-71
9.8188e-37
8.431e-71
1.0135e-20
8.9334e-38
6.0241e-18
8.431e-71
8.431e-71
1.8241e-43
1.0508e-45
1.1335e-17
8.431e-71
8.431e-71
8.431e-71
8.431e-71
8.431e-71
8.431e-71
7.3241e-26
8.431e-71
2.6836e-40
8.431e-71
8.3567e-41
1.0451e-39
3.0393e-38
2.3973e-35
8.431e-71
8.431e-71
8.431e-71
1.2566e-45
8.431e-71
8.431e-71
8.431e-71
2.838e-43
8.431e-71
8.431e-71
8.431e-71
1.5976e-35
8.431e-71
8.431e-71
8.431e-71
8.431e-71
8.8078e-45
8.431e-71
1.7908e-37
8.431e-71
3.1198e-20
4.0159e-39
1.5738e-40
3.6115e-26
8.431e-71
8.431e-71
8.431e-71
6.2655e-49
8.431e-71
8.431e-71
5.1354e-40
8.431e-71
8.431e-71
2.4766e-33
3.4771e-37
1.1778e-44
8.6254e-08
8.431e-71
8.431e-71
1.5098e-24
3.9565e-39
8.431e-71
8.431e-71
5.0797e-44
8.431e-71
8.431e-71
8.431e-71
8.431e-71
1.9628e-46
8.431e-71
2.1467e-47
8.431e-71
8.431e-71
1.0759e-34
8.431e-71
8.431e-71
4.7827e-49
2.652e-30
8.431e-71
8.431e-71
6.5315e-29
8.431e-71
8.431e-71
7.1644e-36
8.431e-71
3.3162e-39
8.431e-71
8.431e-71
8.431e-71
8.431e-71
8.431e-71
1.4861e-29
8.431e-71
1.1108e-39
8.431e-71
8.431e-71
8.431e-71
8.431e-71
8.431e-71
8.431e-71
8.431e-71
8.431e-71
1.9528e-50
8.431e-71
9.1427e-39
8.431e-71
8.431e-71
8.431e-71
7.081e-33
8.431e-71
8.431e-71
8.431e-71
8.431e-71
1.348e-29
8.431e-71
8.431e-71
8.431e-71
8.431e-71
8.431e-71
8.431e-71
8.431e-71
8.431e-71
8.431e-71
8.431e-71
8.431e-71
8.431e-71
8.431e-71
1.3907e-29
8.431e-71
4.5048e-42
1.7359e-48
8.431e-71
8.431e-71
1.5116e-35
8.431e-71
1.4154e-40
8.431e-71
2.8875e-29
8.396e-35
5.3544e-41
8.431e-71
8.431e-71
8.431e-71
8.431e-71
4.9558e-44
8.431e-71
8.431e-71
9.6513e-28
8.431e-71
8.431e-71
8.431e-71
8.431e-71
8.431e-71
2.294e-48
8.431e-71
8.431e-71
8.431e-71
6.1603e-41
3.5824e-37
8.431e-71
8.431e-71
8.431e-71
1.5104e-16
8.431e-71
8.431e-71
8.431e-71
8.431e-71
1.2204e-43
8.431e-71
8.431e-71
8.431e-71
8.431e-71
5.783e-38
2.3811e-44
1.4941e-40
8.431e-71
2.1876e-41
9.5189e-40
8.431e-71
1.143e-32
5.1183e-33
8.6482e-34
8.431e-71
8.431e-71
8.431e-71
8.431e-71
8.431e-71
8.431e-71
8.431e-71
6.1858e-40
8.431e-71
8.431e-71
8.431e-71
2.9941e-37
8.431e-71
8.431e-71
8.431e-71
1.1424e-34
1.0526e-39
2.9876e-42
8.431e-71
1.7673e-47
1.1521e-38
8.431e-71
8.431e-71
3.9012e-40
5.9306e-32
8.431e-71
8.431e-71
8.431e-71
8.431e-71
8.431e-71
8.431e-71
8.431e-71
5.2213e-35
8.431e-71
1.8206e-30
8.431e-71
1.8332e-39
8.431e-71
8.431e-71
1.1992e-14
8.431e-71
8.431e-71
8.431e-71
8.431e-71
8.431e-71
8.431e-71
8.431e-71
1.8448e-41
8.431e-71
5.0423e-53
7.7721e-38
4.9469e-38
8.431e-71
1.4201e-35
8.431e-71
8.431e-71
8.431e-71
8.431e-71
8.431e-71
8.431e-71
8.431e-71
7.2819e-20
8.431e-71
2.6462e-31
8.431e-71
1.644e-50
3.0204e-30
8.431e-71
8.431e-71
8.431e-71
5.3041e-35
8.431e-71
8.431e-71
8.431e-71
8.431e-71
8.431e-71
8.431e-71
8.431e-71
8.431e-71
1.2557e-42
8.431e-71
1.7916e-30
8.431e-71
5.7099e-46
8.431e-71
8.431e-71
8.431e-71
8.431e-71
8.431e-71
8.431e-71
8.431e-71
8.431e-71
8.431e-71
8.431e-71
8.431e-71
8.431e-71
2.7015e-36
8.431e-71
8.431e-71
8.431e-71
6.5672e-42
8.431e-71
8.431e-71
8.431e-71
8.431e-71
8.431e-71
8.431e-71
1.5004e-26
1.8415e-35
3.3652e-42
8.431e-71
8.431e-71
8.431e-71
8.431e-71
8.431e-71
8.431e-71
7.6442e-31
9.4516e-46
8.431e-71
8.431e-71
8.431e-71
8.431e-71
1.3209e-46
8.431e-71
1.4208e-26
8.431e-71
8.431e-71
8.431e-71
8.431e-71
8.431e-71
8.431e-71
8.431e-71
8.431e-71
8.431e-71
8.1123e-44
8.431e-71
8.431e-71
1.4933e-34
8.431e-71
8.431e-71
8.3142e-33
2.8348e-44
8.431e-71
8.431e-71
8.431e-71
8.431e-71
8.431e-71
8.431e-71
8.431e-71
8.431e-71
8.431e-71
8.431e-71
8.431e-71
3.666e-40
8.431e-71
8.431e-71
2.8398e-32
5.2222e-39
8.431e-71
5.4921e-45
5.3146e-47
3.8489e-51
2.1415e-35
8.431e-71
8.431e-71
1.0296e-18
8.431e-71
8.431e-71
1.2808e-09
8.431e-71
8.431e-71
8.431e-71
8.431e-71
8.431e-71
8.431e-71
1.0693e-42
6.6273e-27
4.3455e-36
8.431e-71
8.431e-71
8.431e-71
8.431e-71
1.6378e-37
8.431e-71
8.431e-71
8.431e-71
8.431e-71
8.431e-71
9.8999e-29
2.0907e-41
8.431e-71
1.9348e-34
8.431e-71
8.431e-71
8.431e-71
3.039e-28
8.431e-71
8.431e-71
8.431e-71
8.431e-71
8.431e-71
8.431e-71
8.431e-71
2.8365e-49
8.431e-71
2.4845e-35
8.431e-71
8.531e-17
5.5065e-32
8.431e-71
8.431e-71
8.431e-71
1.9969e-27
8.431e-71
8.431e-71
8.431e-71
8.431e-71
2.7732e-36
8.431e-71
8.431e-71
8.431e-71
8.431e-71
3.4791e-49
8.431e-71
5.6807e-35
8.431e-71
9.7391e-38
8.431e-71
5.2682e-51
2.9178e-22
8.431e-71
8.431e-71
8.431e-71
8.431e-71
8.431e-71
1.401e-46
8.431e-71
8.431e-71
8.431e-71
8.431e-71
8.431e-71
1.2584e-42
8.431e-71
2.5291e-52
8.431e-71
3.6355e-48
3.143e-45
8.431e-71
8.431e-71
8.431e-71
8.431e-71
8.431e-71
8.431e-71
8.431e-71
8.431e-71
8.431e-71
8.431e-71
2.2704e-42
1.0808e-35
8.431e-71
8.431e-71
8.431e-71
4.6826e-42
8.431e-71
8.431e-71
8.431e-71
8.431e-71
8.431e-71
8.431e-71
8.431e-71
1.6922e-32
8.431e-71
8.431e-71
5.5224e-35
8.431e-71
8.431e-71
1.1345e-37
5.225e-32
8.431e-71
8.431e-71
1.2001e-39
8.431e-71
8.431e-71
2.1429e-37
1.4191e-28
2.7828e-37
2.7525e-33
8.431e-71
8.431e-71
4.5634e-40
8.431e-71
8.1232e-42
8.431e-71
3.9669e-26
1.3157e-26
3.7712e-34
8.431e-71
8.431e-71
8.431e-71
8.431e-71
8.431e-71
8.431e-71
3.4358e-41
8.431e-71
8.431e-71
3.1843e-34
8.431e-71
8.431e-71
1.5494e-28
8.431e-71
8.431e-71
8.431e-71
6.105e-44
3.0742e-43
8.4375e-41
8.431e-71
8.431e-71
8.431e-71
8.431e-71
8.431e-71
8.431e-71
5.7889e-38
8.431e-71
8.3089e-40
2.1531e-21
8.431e-71
1.2001e-35
8.431e-71
8.431e-71
8.431e-71
4.0091e-36
8.431e-71
8.431e-71
8.431e-71
5.5681e-30
8.431e-71
8.431e-71
8.431e-71
8.431e-71
8.431e-71
7.8049e-44
8.431e-71
4.88e-44
8.431e-71
8.431e-71
8.431e-71
2.8145e-44
8.431e-71
9.4086e-35
8.431e-71
1.5912e-45
8.431e-71
8.431e-71
8.431e-71
8.431e-71
4.4955e-37
8.431e-71
8.431e-71
8.431e-71
8.431e-71
8.431e-71
2.6412e-28
8.431e-71
1.0403e-17
8.431e-71
8.431e-71
6.7004e-27
8.431e-71
8.431e-71
2.2095e-45
7.1188e-37
8.431e-71
8.431e-71
8.431e-71
7.8676e-46
1.5641e-48
8.431e-71
8.431e-71
1.6947e-50
8.431e-71
8.431e-71
8.431e-71
8.431e-71
8.431e-71
8.431e-71
8.431e-71
1.4105e-40
8.431e-71
8.431e-71
8.431e-71
4.7595e-45
3.7072e-45
8.431e-71
8.431e-71
8.431e-71
2.9293e-40
8.431e-71
8.431e-71
8.431e-71
8.431e-71
8.431e-71
2.5961e-26
8.431e-71
8.431e-71
8.431e-71
8.431e-71
6.9055e-28
4.6853e-42
6.479e-24
8.431e-71
1.2355e-34
8.431e-71
8.431e-71
8.431e-71
8.431e-71
8.431e-71
8.431e-71
8.431e-71
8.431e-71
3.0449e-35
8.431e-71
8.431e-71
8.431e-71
2.1617e-35
8.431e-71
1.951e-52
8.1679e-49
8.431e-71
8.431e-71
6.0546e-35
8.431e-71
5.5956e-41
8.431e-71
6.7395e-30
9.988e-41
9.5427e-33
8.431e-71
8.431e-71
8.431e-71
8.431e-71
8.431e-71
3.8679e-46
8.431e-71
8.431e-71
8.431e-71
8.431e-71
1.9635e-35
2.4604e-30
8.431e-71
3.1779e-47
2.0705e-44
8.431e-71
8.431e-71
2.9593e-38
8.431e-71
8.431e-71
8.431e-71
3.6862e-43
5.2996e-26
8.431e-71
8.431e-71
8.431e-71
8.431e-71
8.431e-71
4.544e-40
8.431e-71
8.431e-71
3.4532e-54
8.431e-71
8.431e-71
8.431e-71
9.86e-35
8.431e-71
8.431e-71
1.1056e-42
8.431e-71
2.0669e-41
5.4953e-35
8.431e-71
8.431e-71
8.431e-71
8.431e-71
1.0371e-34
1.2968e-36
1.0101e-33
8.431e-71
8.431e-71
1.9441e-31
8.431e-71
8.431e-71
3.8227e-26
8.431e-71
1.6604e-39
8.431e-71
8.431e-71
2.8047e-34
8.431e-71
8.431e-71
1.969e-31
8.431e-71
8.431e-71
2.1819e-28
8.431e-71
2.1235e-46
1.3531e-33
7.5178e-17
8.431e-71
8.431e-71
8.431e-71
9.8443e-29
6.2274e-46
8.431e-71
8.431e-71
8.431e-71
5.1716e-37
8.431e-71
8.431e-71
8.431e-71
8.2937e-46
8.431e-71
8.431e-71
3.5124e-33
8.431e-71
8.431e-71
6.5018e-36
1.5183e-32
8.431e-71
8.0613e-33
8.431e-71
8.431e-71
1.5131e-43
6.9815e-37
1.7724e-26
8.431e-71
8.431e-71
8.431e-71
8.431e-71
8.431e-71
6.5473e-45
4.1074e-48
8.431e-71
1.018e-29
8.431e-71
5.8033e-35
8.431e-71
8.431e-71
8.431e-71
1.2542e-35
8.431e-71
8.431e-71
8.431e-71
6.9895e-38
3.657e-43
8.431e-71
8.431e-71
8.431e-71
8.431e-71
1.4139e-37
8.431e-71
8.431e-71
8.431e-71
8.431e-71
4.3374e-30
8.431e-71
1.9196e-25
6.8936e-57
8.431e-71
1.4687e-41
8.431e-71
8.431e-71
1.1473e-43
8.431e-71
2.1593e-34
8.431e-71
5.4306e-34
8.431e-71
9.7602e-42
1.6513e-31
7.459e-51
2.5084e-43
4.9411e-36
5.3725e-37
8.431e-71
3.3873e-15
8.431e-71
8.431e-71
8.431e-71
8.431e-71
4.6993e-39
8.431e-71
4.4893e-41
5.7922e-45
8.431e-71
8.431e-71
8.431e-71
1.4482e-19
8.431e-71
4.5827e-48
8.431e-71
8.431e-71
7.1005e-38
8.431e-71
8.431e-71
8.431e-71
8.431e-71
8.431e-71
2.2932e-45
8.431e-71
4.7058e-32
1.119e-40
8.431e-71
8.431e-71
8.431e-71
8.431e-71
8.431e-71
8.431e-71
8.431e-71
8.431e-71
8.431e-71
6.8792e-38
4.8278e-17
8.431e-71
8.431e-71
8.431e-71
8.431e-71
8.431e-71
9.1033e-44
8.431e-71
8.431e-71
8.431e-71
8.431e-71
8.431e-71
8.431e-71
8.431e-71
9.0111e-34
8.431e-71
1.4006e-40
4.5561e-40
8.431e-71
8.431e-71
8.431e-71
4.3961e-31
8.431e-71
4.0751e-42
1.2464e-45
7.7118e-40
8.431e-71
8.431e-71
8.431e-71
8.431e-71
9.2163e-42
1.8791e-29
1.4049e-41
3.231e-45
3.7975e-43
8.431e-71
8.431e-71
5.01e-39
4.2412e-30
8.431e-71
8.431e-71
1.213e-33
3.5961e-45
8.431e-71
8.431e-71
8.431e-71
1.0213e-18
8.431e-71
8.431e-71
8.431e-71
8.431e-71
2.8284e-39
3.1914e-46
8.431e-71
8.431e-71
8.431e-71
8.431e-71
8.431e-71
8.431e-71
2.9491e-25
9.699e-36
8.431e-71
4.7472e-43
8.431e-71
8.431e-71
8.431e-71
8.431e-71
8.431e-71
3.7191e-43
8.431e-71
1.2788e-50
3.6939e-36
2.114e-23
5.2366e-48
8.431e-71
8.431e-71
8.431e-71
6.6258e-39
1.7155e-37
1.1107e-35
8.431e-71
8.431e-71
8.431e-71
9.6188e-29
8.431e-71
2.5857e-41
8.431e-71
2.7446e-32
1.6489e-32
1.9051e-47
4.2363e-38
1.0466e-33
8.431e-71
5.3229e-38
8.431e-71
8.431e-71
5.3314e-41
8.431e-71
8.431e-71
8.431e-71
6.9178e-42
8.431e-71
1.6139e-43
8.431e-71
8.431e-71
8.431e-71
8.431e-71
8.431e-71
8.431e-71
8.431e-71
8.431e-71
8.431e-71
8.431e-71
2.5219e-39
8.431e-71
8.431e-71
5.6111e-34
7.8239e-38
2.9357e-36
8.431e-71
1.3306e-46
8.431e-71
8.431e-71
9.172e-38
8.431e-71
7.1608e-39
3.6141e-40
8.431e-71
8.431e-71
8.431e-71
4.3811e-33
8.431e-71
8.431e-71
8.431e-71
8.431e-71
8.431e-71
8.431e-71
8.431e-71
8.431e-71
8.431e-71
8.431e-71
3.4803e-35
8.431e-71
8.431e-71
8.431e-71
8.431e-71
8.431e-71
2.9794e-51
1.0564e-44
5.7267e-25
8.431e-71
7.9015e-33
7.6481e-48
2.2549e-36
4.7872e-41
8.431e-71
8.431e-71
8.431e-71
1.1249e-39
8.431e-71
8.431e-71
8.431e-71
8.431e-71
5.6926e-44
1.9004e-24
8.431e-71
8.431e-71
6.0872e-40
8.431e-71
8.431e-71
8.431e-71
8.431e-71
1.2939e-42
1.4624e-27
1.4862e-41
8.431e-71
8.431e-71
8.431e-71
8.431e-71
8.431e-71
8.431e-71
8.431e-71
8.431e-71
8.431e-71
1.0224e-17
1.6082e-42
8.431e-71
1.9363e-45
8.431e-71
1.9074e-32
8.431e-71
8.431e-71
1.6608e-31
8.431e-71
1.1295e-45
8.431e-71
5.8652e-26
8.431e-71
8.431e-71
4.7115e-46
8.431e-71
8.431e-71
8.431e-71
8.431e-71
8.431e-71
8.431e-71
8.431e-71
8.431e-71
8.431e-71
3.538e-44
8.431e-71
8.431e-71
3.3143e-29
9.6645e-39
8.431e-71
4.0344e-44
8.431e-71
8.431e-71
8.431e-71
6.5711e-54
8.431e-71
8.431e-71
8.431e-71
5.1351e-25
8.431e-71
8.431e-71
8.431e-71
8.431e-71
8.431e-71
2.6045e-31
8.431e-71
1.9238e-44
8.431e-71
1.4993e-41
8.431e-71
2.095e-42
8.431e-71
5.072e-36
8.431e-71
7.1837e-32
8.431e-71
8.431e-71
8.431e-71
8.431e-71
8.431e-71
8.431e-71
8.431e-71
1.1271e-43
8.431e-71
8.5867e-38
8.431e-71
8.431e-71
8.431e-71
8.431e-71
8.431e-71
8.431e-71
8.431e-71
8.431e-71
5.8629e-36
8.431e-71
8.431e-71
8.431e-71
8.431e-71
8.431e-71
8.431e-71
8.431e-71
5.132e-38
8.431e-71
8.431e-71
8.431e-71
8.431e-71
4.9481e-37
8.431e-71
8.431e-71
1.1644e-43
8.431e-71
4.3697e-51
8.431e-71
8.431e-71
8.431e-71
8.431e-71
8.6744e-38
8.431e-71
8.431e-71
8.431e-71
4.0289e-09
8.431e-71
8.431e-71
1.0467e-36
8.431e-71
8.431e-71
8.431e-71
1.6436e-23
1.5204e-47
1.3493e-38
8.431e-71
8.431e-71
8.431e-71
2.982e-32
8.431e-71
8.431e-71
5.3007e-35
8.431e-71
8.8478e-41
8.431e-71
3.3577e-35
2.2921e-44
8.431e-71
8.431e-71
8.431e-71
2.7383e-23
5.2877e-48
2.909e-39
2.7182e-31
2.282e-37
8.2128e-20
8.431e-71
6.9727e-42
8.431e-71
8.431e-71
8.431e-71
7.1199e-28
2.0728e-24
8.5871e-29
2.5881e-41
8.431e-71
8.431e-71
8.431e-71
8.431e-71
8.431e-71
2.935e-22
1.661e-44
4.5577e-26
2.3646e-26
8.431e-71
5.9881e-33
8.431e-71
1.5732e-38
2.6143e-31
8.431e-71
8.431e-71
4.7451e-43
8.431e-71
8.431e-71
8.431e-71
6.0436e-33
8.431e-71
8.431e-71
8.431e-71
8.431e-71
8.431e-71
8.431e-71
1.1135e-26
8.431e-71
8.1246e-31
8.431e-71
8.431e-71
8.431e-71
8.431e-71
8.431e-71
8.431e-71
8.431e-71
8.431e-71
8.431e-71
8.431e-71
8.431e-71
8.431e-71
8.431e-71
8.431e-71
5.5386e-41
8.431e-71
1.382e-46
8.431e-71
8.431e-71
8.431e-71
1.3781e-37
1.8624e-33
8.431e-71
8.431e-71
8.431e-71
8.431e-71
8.431e-71
1.341e-33
1.7146e-47
8.431e-71
8.431e-71
8.431e-71
8.431e-71
8.431e-71
8.431e-71
8.431e-71
8.431e-71
8.431e-71
8.431e-71
8.431e-71
2.5616e-40
8.431e-71
8.431e-71
8.431e-71
8.431e-71
8.431e-71
8.431e-71
8.431e-71
8.431e-71
2.077e-34
8.431e-71
8.431e-71
3.4603e-41
8.431e-71
5.3968e-36
3.6192e-10
8.431e-71
8.431e-71
3.2787e-45
8.431e-71
8.431e-71
1.2612e-56
8.431e-71
4.5832e-47
8.431e-71
8.431e-71
8.431e-71
2.4593e-41
4.7449e-22
8.431e-71
4.8472e-30
8.431e-71
8.431e-71
8.431e-71
8.431e-71
8.431e-71
8.431e-71
8.431e-71
8.431e-71
1.4272e-36
2.7401e-43
8.431e-71
8.431e-71
5.659e-50
3.5429e-31
8.431e-71
4.7784e-43
2.5292e-44
4.7202e-44
8.431e-71
8.3338e-31
1.9452e-40
8.431e-71
8.431e-71
8.431e-71
8.431e-71
8.431e-71
8.431e-71
4.3295e-34
4.5276e-40
8.431e-71
8.431e-71
8.431e-71
1.3881e-31
8.431e-71
2.287e-39
8.431e-71
8.431e-71
8.431e-71
8.431e-71
2.5508e-33
8.431e-71
8.431e-71
8.431e-71
8.3798e-48
8.431e-71
7.6364e-48
8.431e-71
8.431e-71
8.431e-71
8.431e-71
8.431e-71
8.431e-71
1.6235e-35
8.431e-71
1.0127e-46
5.1042e-13
8.431e-71
8.431e-71
4.5322e-40
6.9954e-23
8.431e-71
8.1168e-44
7.0472e-49
2.6013e-44
8.431e-71
8.431e-71
8.431e-71
7.2985e-41
7.4607e-27
8.431e-71
8.431e-71
6.0647e-53
8.431e-71
8.431e-71
6.0191e-24
2.5382e-40
8.431e-71
8.431e-71
1.6125e-29
8.431e-71
2.047e-31
8.431e-71
8.431e-71
1.4607e-39
1.6357e-33
8.431e-71
8.431e-71
8.431e-71
2.3792e-32
9.5387e-36
8.431e-71
8.431e-71
2.9116e-34
8.431e-71
8.431e-71
9.1997e-26
1.6745e-32
8.431e-71
8.431e-71
2.7725e-24
2.0581e-49
2.6236e-42
8.431e-71
8.431e-71
8.431e-71
8.431e-71
8.431e-71
8.431e-71
5.2776e-37
9.4817e-31
8.431e-71
5.9159e-36
8.431e-71
8.431e-71
8.431e-71
8.431e-71
8.431e-71
8.431e-71
8.431e-71
8.431e-71
8.431e-71
8.431e-71
8.431e-71
4.0673e-35
8.431e-71
8.431e-71
3.5079e-35
8.431e-71
8.431e-71
8.431e-71
8.431e-71
8.431e-71
8.431e-71
8.431e-71
9.3071e-45
8.431e-71
1.0571e-38
8.431e-71
8.431e-71
5.2498e-49
2.4444e-40
1.615e-40
8.431e-71
8.431e-71
5.8727e-33
8.431e-71
8.431e-71
8.431e-71
1.8781e-45
8.431e-71
8.431e-71
8.431e-71
8.431e-71
8.431e-71
8.431e-71
8.431e-71
8.431e-71
8.431e-71
1.8494e-31
1.645e-36
8.431e-71
8.431e-71
6.5963e-47
3.4683e-39
2.8271e-38
8.431e-71
1.2414e-35
8.431e-71
8.431e-71
5.7917e-46
8.431e-71
8.431e-71
8.431e-71
4.9831e-32
8.431e-71
8.431e-71
2.2052e-31
8.431e-71
3.4472e-30
8.431e-71
8.431e-71
8.431e-71
8.431e-71
3.1783e-44
8.431e-71
8.431e-71
1.7924e-34
1.0672e-25
5.1583e-37
8.431e-71
1.4823e-35
8.431e-71
8.431e-71
4.9722e-34
8.431e-71
8.431e-71
5.3e-35
8.431e-71
8.431e-71
2.7434e-20
2.662e-25
5.0624e-40
1.3348e-17
3.3009e-44
8.431e-71
8.431e-71
3.8767e-41
8.431e-71
8.431e-71
8.431e-71
8.431e-71
8.431e-71
3.5916e-25
6.6244e-35
8.431e-71
8.431e-71
8.431e-71
6.0736e-46
1.1828e-43
8.431e-71
8.431e-71
1.5585e-45
3.9626e-30
1.078e-35
8.431e-71
8.431e-71
3.6991e-44
8.431e-71
4.5805e-44
6.0878e-26
1.3926e-49
8.431e-71
8.431e-71
8.431e-71
8.431e-71
8.431e-71
8.431e-71
4.5485e-29
8.431e-71
8.431e-71
8.431e-71
3.3969e-46
9.4261e-43
2.9637e-29
8.431e-71
8.431e-71
8.431e-71
9.8351e-50
8.431e-71
8.3233e-48
8.431e-71
8.431e-71
8.431e-71
8.431e-71
8.431e-71
8.431e-71
8.431e-71
8.431e-71
8.431e-71
8.431e-71
8.431e-71
8.431e-71
8.431e-71
8.431e-71
2.5871e-33
2.5832e-32
8.431e-71
8.431e-71
8.431e-71
8.431e-71
8.431e-71
1.6331e-40
3.0559e-31
6.7713e-43
8.431e-71
1.9384e-45
8.431e-71
8.431e-71
8.431e-71
8.431e-71
6.899e-32
8.431e-71
8.431e-71
8.431e-71
8.431e-71
8.431e-71
8.431e-71
8.431e-71
8.431e-71
8.431e-71
8.431e-71
9.5747e-35
5.6241e-32
8.431e-71
8.431e-71
1.7581e-50
8.431e-71
8.431e-71
8.431e-71
8.431e-71
8.431e-71
8.431e-71
8.431e-71
2.087e-46
8.431e-71
1.774e-44
3.0966e-25
8.431e-71
5.5239e-44
8.431e-71
8.431e-71
8.431e-71
8.431e-71
8.431e-71
8.431e-71
8.431e-71
8.431e-71
8.431e-71
9.4445e-41
8.431e-71
8.431e-71
8.431e-71
3.9563e-51
8.431e-71
8.431e-71
8.431e-71
1.8749e-44
8.431e-71
3.3259e-47
8.431e-71
3.9402e-37
1.1019e-39
8.431e-71
8.431e-71
4.6864e-32
2.035e-47
8.431e-71
8.431e-71
8.431e-71
8.431e-71
8.431e-71
8.431e-71
9.4093e-21
8.431e-71
8.431e-71
8.431e-71
5.1723e-33
8.431e-71
8.431e-71
2.8031e-28
8.431e-71
8.431e-71
8.431e-71
1.756e-47
8.431e-71
3.091e-36
8.431e-71
8.431e-71
8.431e-71
8.431e-71
8.431e-71
1.8271e-34
8.431e-71
8.431e-71
4.1493e-40
8.431e-71
4.9744e-25
2.0505e-37
2.5773e-46
6.2284e-40
8.431e-71
8.431e-71
8.431e-71
4.0616e-33
4.4324e-43
8.431e-71
8.431e-71
8.431e-71
8.431e-71
1.4967e-44
8.431e-71
8.431e-71
8.431e-71
9.6314e-27
8.431e-71
8.431e-71
8.431e-71
8.431e-71
8.431e-71
4.1679e-48
8.431e-71
8.431e-71
8.431e-71
8.431e-71
8.431e-71
8.431e-71
1.1626e-44
8.431e-71
5.5953e-28
4.3801e-13
8.431e-71
8.431e-71
1.3548e-30
8.431e-71
1.4973e-26
8.431e-71
8.431e-71
8.431e-71
8.431e-71
8.431e-71
8.431e-71
8.431e-71
8.431e-71
1.2125e-34
8.431e-71
1.1139e-43
8.431e-71
8.431e-71
8.431e-71
8.431e-71
2.2786e-48
8.431e-71
8.431e-71
2.7857e-46
8.431e-71
8.431e-71
8.431e-71
8.431e-71
8.431e-71
8.431e-71
8.431e-71
8.431e-71
8.431e-71
8.431e-71
8.431e-71
8.431e-71
8.431e-71
8.431e-71
1.0539e-30
1.5357e-41
8.431e-71
8.431e-71
8.431e-71
8.431e-71
3.6931e-40
8.431e-71
1.8915e-15
8.431e-71
8.431e-71
8.431e-71
2.6286e-25
8.431e-71
8.431e-71
8.431e-71
1.2972e-33
8.431e-71
8.431e-71
8.4908e-42
9.7005e-42
8.431e-71
8.431e-71
5.9057e-47
5.7055e-47
8.431e-71
8.431e-71
2.5701e-45
8.431e-71
8.431e-71
8.431e-71
8.431e-71
7.0569e-26
1.5402e-36
1.3824e-50
2.3989e-33
1.0932e-42
8.431e-71
7.4169e-35
8.431e-71
8.431e-71
8.431e-71
8.431e-71
8.431e-71
8.431e-71
8.431e-71
8.431e-71
8.431e-71
5.5334e-19
8.431e-71
8.431e-71
8.431e-71
3.4427e-23
8.431e-71
8.431e-71
8.431e-71
2.6933e-41
8.431e-71
8.431e-71
8.431e-71
8.431e-71
1.5953e-50
8.431e-71
8.431e-71
4.0952e-36
8.431e-71
2.5265e-26
7.6803e-36
8.431e-71
8.431e-71
8.431e-71
7.925e-28
8.7501e-43
8.431e-71
1.7903e-39
1.6974e-30
8.431e-71
8.431e-71
5.9706e-26
8.431e-71
6.3254e-49
9.4292e-39
8.431e-71
1.1945e-37
8.431e-71
8.431e-71
8.431e-71
1.1622e-42
8.431e-71
8.431e-71
8.431e-71
8.431e-71
8.431e-71
8.431e-71
8.431e-71
3.3749e-42
2.1247e-41
8.431e-71
1.3607e-48
1.2242e-36
8.431e-71
6.7654e-33
8.431e-71
8.431e-71
8.431e-71
5.4017e-32
8.431e-71
8.431e-71
8.431e-71
8.431e-71
7.4958e-35
2.5519e-39
5.8308e-39
8.431e-71
8.431e-71
8.431e-71
8.431e-71
8.431e-71
8.431e-71
8.431e-71
1.6095e-34
2.7076e-26
3.023e-41
8.431e-71
1.068e-41
3.9511e-21
8.431e-71
8.431e-71
8.431e-71
8.431e-71
4.0638e-33
8.431e-71
7.8252e-46
8.431e-71
6.7729e-40
8.431e-71
5.5559e-49
8.431e-71
8.4236e-40
8.431e-71
8.431e-71
2.2946e-29
8.431e-71
2.415e-38
8.431e-71
8.431e-71
8.431e-71
8.431e-71
8.431e-71
8.431e-71
8.431e-71
3.1443e-35
8.431e-71
1.2844e-39
8.431e-71
8.431e-71
8.431e-71
8.431e-71
8.431e-71
8.431e-71
8.431e-71
2.4467e-48
8.431e-71
8.431e-71
8.431e-71
8.431e-71
8.431e-71
1.3736e-41
8.431e-71
8.431e-71
7.7627e-39
1.0795e-33
8.431e-71
8.431e-71
8.431e-71
8.431e-71
8.431e-71
8.431e-71
1.4028e-47
8.4911e-41
8.431e-71
8.431e-71
8.431e-71
3.7123e-45
3.0984e-36
8.431e-71
8.431e-71
8.431e-71
8.431e-71
8.431e-71
8.431e-71
2.0339e-37
1.3674e-38
8.431e-71
8.431e-71
8.431e-71
2.5739e-28
2.3785e-33
8.431e-71
8.431e-71
8.431e-71
1.0278e-42
4.8675e-50
8.431e-71
8.431e-71
8.431e-71
8.431e-71
1.6603e-39
3.4168e-26
8.431e-71
8.431e-71
1.8261e-39
1.0381e-38
8.431e-71
8.431e-71
8.431e-71
8.431e-71
8.431e-71
8.431e-71
8.431e-71
2.9811e-36
8.4863e-41
8.431e-71
8.431e-71
8.431e-71
8.431e-71
8.431e-71
2.2144e-53
8.431e-71
8.431e-71
2.1599e-53
8.431e-71
1.9497e-34
3.0626e-43
8.431e-71
8.431e-71
8.431e-71
8.431e-71
8.431e-71
8.431e-71
1.1051e-36
1.8842e-38
8.431e-71
1.1324e-39
8.431e-71
8.431e-71
1.2302e-14
8.431e-71
8.431e-71
8.431e-71
8.431e-71
2.1958e-47
8.431e-71
8.431e-71
8.431e-71
8.431e-71
8.431e-71
7.047e-33
3.0962e-53
8.431e-71
8.431e-71
8.431e-71
2.4206e-44
8.431e-71
8.431e-71
8.431e-71
8.431e-71
3.7712e-38
8.431e-71
8.431e-71
8.431e-71
8.431e-71
2.6785e-16
8.431e-71
1.78e-27
8.431e-71
8.431e-71
3.3072e-35
8.431e-71
8.431e-71
8.431e-71
1.9814e-19
2.4594e-39
1.1406e-36
1.9077e-44
8.431e-71
8.431e-71
1.9445e-29
8.431e-71
1.5878e-37
1.3508e-35
8.431e-71
2.5735e-44
8.3166e-47
8.431e-71
8.431e-71
8.431e-71
8.431e-71
8.431e-71
8.431e-71
8.431e-71
5.7935e-24
8.431e-71
8.431e-71
3.276e-40
8.431e-71
8.431e-71
8.431e-71
8.431e-71
8.431e-71
8.431e-71
8.431e-71
6.0871e-40
3.3182e-34
2.9214e-41
8.431e-71
8.431e-71
3.4435e-51
8.431e-71
8.431e-71
8.431e-71
2.3952e-50
8.431e-71
1.4252e-18
2.5746e-27
8.431e-71
8.431e-71
8.431e-71
8.431e-71
8.431e-71
8.431e-71
5.4802e-28
8.431e-71
5.0421e-19
8.431e-71
8.431e-71
8.431e-71
8.431e-71
1.7033e-49
8.431e-71
8.431e-71
1.7569e-34
8.431e-71
2.0719e-43
2.0836e-44
8.431e-71
2.7424e-31
4.4291e-41
6.7336e-20
8.431e-71
8.431e-71
1.511e-32
1.3306e-44
8.431e-71
8.431e-71
8.431e-71
8.1476e-39
6.4166e-32
6.8963e-26
8.431e-71
8.9999e-31
8.431e-71
8.431e-71
1.1252e-38
8.431e-71
8.431e-71
3.4724e-25
3.4553e-40
8.431e-71
8.431e-71
8.431e-71
8.431e-71
8.431e-71
3.3155e-43
3.8911e-49
1.2545e-41
8.431e-71
8.431e-71
8.431e-71
1.4604e-49
8.431e-71
1.5389e-34
8.431e-71
8.431e-71
2.1778e-26
5.7459e-40
8.431e-71
8.431e-71
8.431e-71
8.431e-71
5.2549e-42
8.431e-71
1.0296e-27
8.431e-71
8.431e-71
8.431e-71
8.431e-71
8.431e-71
8.431e-71
1.6353e-30
1.0593e-20
8.431e-71
2.2409e-49
8.431e-71
8.431e-71
2.2606e-19
8.431e-71
8.431e-71
8.431e-71
8.431e-71
8.431e-71
8.431e-71
1.6382e-28
8.431e-71
8.431e-71
8.431e-71
1.14e-40
8.431e-71
8.431e-71
8.431e-71
4.0845e-46
8.431e-71
3.2967e-46
8.431e-71
1.0955e-39
8.431e-71
8.431e-71
7.4895e-20
8.431e-71
8.431e-71
8.431e-71
8.431e-71
8.431e-71
8.431e-71
8.431e-71
8.431e-71
8.431e-71
2.6896e-26
8.431e-71
8.431e-71
8.431e-71
1.3435e-29
8.431e-71
8.431e-71
8.431e-71
8.431e-71
8.431e-71
8.431e-71
8.431e-71
4.0884e-42
1.5225e-36
8.431e-71
4.8978e-46
8.431e-71
8.431e-71
8.431e-71
8.431e-71
8.431e-71
3.105e-32
2.8828e-23
8.431e-71
8.431e-71
8.431e-71
1.2609e-20
4.4454e-31
8.431e-71
8.431e-71
8.431e-71
8.431e-71
8.431e-71
8.431e-71
8.431e-71
3.0733e-33
8.431e-71
9.2869e-25
8.431e-71
8.431e-71
8.431e-71
8.431e-71
4.8212e-36
8.5202e-27
1.1642e-43
8.431e-71
8.431e-71
8.431e-71
8.431e-71
8.431e-71
8.431e-71
8.431e-71
8.431e-71
8.431e-71
8.431e-71
8.431e-71
8.431e-71
8.431e-71
8.431e-71
8.431e-71
8.431e-71
8.431e-71
1.4738e-40
2.5317e-36
8.431e-71
8.431e-71
1.8636e-29
8.431e-71
8.431e-71
8.431e-71
8.431e-71
8.431e-71
7.5522e-39
8.431e-71
8.431e-71
8.431e-71
7.2471e-44
8.431e-71
8.431e-71
3.0122e-27
8.431e-71
8.5952e-41
8.431e-71
8.431e-71
8.431e-71
8.431e-71
8.431e-71
8.431e-71
8.431e-71
8.431e-71
1.4432e-34
8.431e-71
8.431e-71
1.0404e-47
3.674e-43
8.431e-71
4.571e-38
1.3931e-12
8.431e-71
8.431e-71
8.431e-71
8.431e-71
8.431e-71
8.431e-71
6.0197e-47
2.097e-28
8.431e-71
8.431e-71
8.431e-71
8.431e-71
8.431e-71
8.431e-71
2.1565e-42
8.431e-71
4.2301e-24
8.431e-71
8.431e-71
8.431e-71
8.431e-71
8.431e-71
8.431e-71
8.431e-71
1.0829e-40
3.6649e-19
8.431e-71
8.431e-71
2.4433e-47
8.431e-71
8.431e-71
8.431e-71
8.431e-71
1.8313e-46
1.4779e-40
8.431e-71
8.431e-71
8.431e-71
8.431e-71
3.0737e-34
1.4103e-23
8.431e-71
8.431e-71
8.431e-71
2.3636e-23
8.431e-71
4.756e-25
8.431e-71
5.0756e-37
2.6217e-38
8.431e-71
8.431e-71
8.431e-71
8.431e-71
8.431e-71
2.0779e-35
8.431e-71
8.431e-71
8.431e-71
8.431e-71
8.431e-71
8.431e-71
8.431e-71
8.431e-71
8.431e-71
8.431e-71
6.3876e-33
8.431e-71
8.431e-71
1.6093e-38
8.431e-71
2.1414e-49
8.431e-71
2.4521e-34
8.431e-71
1.3062e-25
8.431e-71
8.431e-71
8.431e-71
8.431e-71
8.431e-71
8.431e-71
8.431e-71
8.431e-71
8.2196e-30
8.431e-71
8.431e-71
8.431e-71
9.8619e-34
8.431e-71
3.1038e-23
8.431e-71
2.2241e-48
1.4953e-50
8.431e-71
8.431e-71
8.431e-71
8.431e-71
8.431e-71
8.431e-71
8.431e-71
8.431e-71
3.7983e-35
8.431e-71
3.9547e-48
8.431e-71
8.431e-71
8.431e-71
3.5312e-38
8.431e-71
8.431e-71
1.3468e-24
8.431e-71
8.431e-71
8.431e-71
8.431e-71
8.431e-71
8.431e-71
1.7451e-47
8.431e-71
8.431e-71
8.431e-71
8.431e-71
5.2885e-36
8.431e-71
1.1341e-38
8.431e-71
1.1239e-26
8.431e-71
3.3372e-39
7.1049e-37
8.431e-71
2.0657e-21
8.431e-71
8.431e-71
8.431e-71
8.431e-71
8.431e-71
8.431e-71
8.431e-71
8.431e-71
2.8342e-32
8.431e-71
7.1229e-39
8.431e-71
4.9082e-29
8.431e-71
8.431e-71
8.431e-71
2.3477e-46
4.3151e-27
8.431e-71
8.431e-71
1.0999e-33
8.431e-71
1.375e-35
8.431e-71
8.431e-71
1.3138e-19
8.431e-71
2.7742e-49
8.431e-71
8.431e-71
8.431e-71
8.431e-71
8.431e-71
8.431e-71
8.431e-71
8.431e-71
4.3132e-44
8.431e-71
8.431e-71
8.431e-71
8.431e-71
2.7958e-40
8.431e-71
1.5775e-28
8.6273e-42
8.431e-71
6.3496e-11
5.6924e-39
8.431e-71
7.2775e-42
8.431e-71
8.431e-71
1.3229e-32
8.431e-71
8.431e-71
8.431e-71
6.2762e-30
1.2309e-48
1.3481e-39
8.431e-71
9.7235e-37
1.0282e-28
9.9023e-44
3.5083e-39
8.431e-71
9.4802e-40
3.6156e-30
3.5463e-35
4.2536e-28
8.431e-71
8.431e-71
8.431e-71
8.431e-71
1.7055e-32
8.431e-71
8.431e-71
8.431e-71
8.431e-71
8.8321e-56
8.431e-71
8.431e-71
8.431e-71
8.431e-71
8.431e-71
8.431e-71
8.431e-71
8.431e-71
1.2924e-27
8.431e-71
8.431e-71
8.431e-71
8.431e-71
8.431e-71
1.0302e-33
1.4108e-27
8.431e-71
8.431e-71
5.2508e-52
1.5471e-45
8.431e-71
8.431e-71
8.431e-71
1.9755e-30
2.1346e-32
8.431e-71
5.5719e-39
4.7364e-43
8.431e-71
8.431e-71
8.431e-71
8.431e-71
8.431e-71
8.431e-71
8.431e-71
8.431e-71
5.849e-44
8.431e-71
8.431e-71
8.431e-71
8.431e-71
8.431e-71
8.431e-71
8.431e-71
8.431e-71
8.431e-71
8.431e-71
8.431e-71
8.431e-71
8.431e-71
8.431e-71
8.431e-71
8.431e-71
3.4824e-44
8.431e-71
8.431e-71
8.431e-71
3.8454e-25
8.431e-71
8.431e-71
8.431e-71
3.4977e-34
8.431e-71
1.5648e-37
3.0014e-40
1.0316e-30
1.1354e-26
2.5515e-38
8.431e-71
8.431e-71
8.431e-71
3.741e-34
8.431e-71
8.431e-71
8.431e-71
8.431e-71
8.5142e-43
8.431e-71
2.052e-46
8.3511e-43
9.0779e-38
8.431e-71
1.3329e-45
8.431e-71
8.431e-71
1.9612e-49
1.9144e-12
4.0724e-35
8.431e-71
8.431e-71
8.431e-71
3.2384e-41
8.431e-71
8.431e-71
8.431e-71
8.431e-71
8.431e-71
8.431e-71
1.1199e-38
8.431e-71
4.7004e-31
8.431e-71
8.431e-71
1.2561e-44
2.4735e-45
8.431e-71
8.431e-71
8.431e-71
1.6844e-38
2.5992e-21
8.431e-71
3.7014e-33
8.431e-71
2.5143e-22
8.431e-71
6.4325e-32
2.8097e-31
1.1699e-49
5.9562e-28
8.431e-71
8.431e-71
8.431e-71
8.431e-71
8.431e-71
2.3796e-39
1.1614e-53
8.431e-71
8.431e-71
3.5723e-32
8.431e-71
1.1013e-42
8.431e-71
3.5824e-44
8.431e-71
8.431e-71
8.431e-71
8.431e-71
1.8836e-38
2.641e-38
8.431e-71
5.6236e-26
8.431e-71
8.431e-71
4.0795e-13
7.5832e-35
8.431e-71
3.0185e-26
5.8398e-47
8.431e-71
1.1527e-41
8.431e-71
8.431e-71
7.5988e-45
8.431e-71
8.431e-71
8.431e-71
1.5055e-44
8.431e-71
8.431e-71
8.431e-71
2.053e-42
8.431e-71
8.431e-71
7.9363e-42
7.4544e-26
8.431e-71
8.431e-71
8.431e-71
8.431e-71
2.7185e-46
6.0817e-41
4.0412e-43
8.431e-71
8.431e-71
1.5955e-29
8.431e-71
8.431e-71
8.431e-71
2.6531e-45
8.431e-71
8.431e-71
4.5115e-25
8.431e-71
8.431e-71
8.431e-71
8.431e-71
8.431e-71
5.3939e-45
8.431e-71
3.8167e-25
8.431e-71
8.431e-71
8.431e-71
8.431e-71
8.431e-71
3.1404e-39
8.431e-71
1.4723e-39
8.431e-71
8.431e-71
8.431e-71
5.2008e-46
8.431e-71
8.431e-71
5.6248e-48
8.431e-71
3.7589e-28
1.7823e-37
9.9079e-37
8.431e-71
1.0446e-50
2.7143e-35
8.431e-71
8.431e-71
8.431e-71
8.431e-71
1.5275e-40
8.431e-71
4.0181e-40
8.431e-71
8.4203e-28
8.431e-71
8.431e-71
8.431e-71
6.3104e-37
8.431e-71
8.431e-71
8.431e-71
4.6555e-41
8.431e-71
8.431e-71
8.431e-71
8.431e-71
8.431e-71
8.431e-71
3.9472e-42
8.431e-71
1.1373e-33
5.6635e-40
1.7264e-29
6.0248e-46
1.8531e-28
2.7608e-32
8.431e-71
5.2364e-35
3.4139e-26
8.2564e-41
9.3234e-31
8.2119e-34
8.431e-71
8.431e-71
8.431e-71
6.074e-41
9.5155e-42
8.431e-71
8.431e-71
8.431e-71
8.431e-71
8.431e-71
6.2885e-32
4.6175e-42
8.431e-71
1.0516e-32
8.431e-71
2.1072e-40
8.431e-71
1.8253e-40
8.431e-71
8.431e-71
8.431e-71
7.297e-38
5.2441e-43
8.431e-71
8.431e-71
8.431e-71
8.431e-71
8.431e-71
8.431e-71
8.431e-71
8.431e-71
8.431e-71
8.431e-71
3.5958e-51
4.4825e-32
4.9335e-29
7.8804e-28
8.431e-71
8.431e-71
8.431e-71
8.431e-71
3.2927e-49
1.4662e-45
8.431e-71
7.8351e-42
6.872e-27
8.431e-71
8.431e-71
8.431e-71
8.5587e-43
8.431e-71
7.0658e-35
8.431e-71
8.431e-71
8.431e-71
8.431e-71
6.3207e-39
8.431e-71
8.431e-71
8.431e-71
1.2801e-40
1.2369e-33
8.431e-71
8.431e-71
8.431e-71
3.1932e-30
8.431e-71
2.8105e-41
8.431e-71
8.431e-71
1.2616e-52
1.5457e-43
8.431e-71
8.431e-71
8.431e-71
8.431e-71
6.0436e-40
8.431e-71
8.431e-71
8.431e-71
5.3875e-31
8.431e-71
8.431e-71
4.7942e-43
8.2932e-39
1.3262e-10
1.8812e-18
8.431e-71
8.431e-71
8.431e-71
1.1939e-49
8.431e-71
8.431e-71
8.275e-42
8.431e-71
8.431e-71
1.54e-17
8.431e-71
4.2898e-42
8.431e-71
8.431e-71
8.431e-71
8.431e-71
6.6656e-42
4.2246e-40
7.7282e-37
8.431e-71
8.431e-71
7.0432e-41
8.431e-71
8.431e-71
1.404e-37
8.431e-71
2.4902e-46
7.1689e-45
8.431e-71
8.431e-71
3.2269e-43
8.431e-71
8.431e-71
8.431e-71
1.003e-28
8.431e-71
1.1557e-43
8.5227e-37
8.431e-71
8.431e-71
2.9833e-41
2.1975e-44
3.8865e-42
3.8917e-32
8.431e-71
8.431e-71
1.0373e-32
1.0435e-44
9.1541e-40
8.431e-71
7.393e-33
8.431e-71
8.431e-71
8.431e-71
8.431e-71
2.2938e-38
8.431e-71
8.431e-71
8.431e-71
4.4665e-30
8.431e-71
8.431e-71
8.431e-71
8.431e-71
2.4483e-33
8.431e-71
8.431e-71
8.431e-71
8.431e-71
4.455e-25
8.431e-71
8.431e-71
3.8803e-34
8.431e-71
8.1946e-44
8.431e-71
8.431e-71
4.8747e-38
8.431e-71
8.431e-71
8.431e-71
8.431e-71
4.9609e-40
2.575e-43
8.431e-71
8.431e-71
8.431e-71
8.431e-71
8.431e-71
8.431e-71
1.4258e-44
8.431e-71
8.431e-71
8.431e-71
5.5004e-35
8.431e-71
8.431e-71
8.431e-71
8.431e-71
8.431e-71
8.431e-71
1.6472e-36
8.431e-71
8.431e-71
3.2372e-37
8.431e-71
8.431e-71
8.431e-71
8.431e-71
8.431e-71
7.3154e-24
1.102e-28
8.431e-71
8.431e-71
8.431e-71
8.431e-71
8.431e-71
1.5251e-32
6.6868e-23
8.431e-71
8.431e-71
8.431e-71
8.431e-71
6.0909e-35
8.0261e-39
6.0502e-31
8.431e-71
8.431e-71
8.431e-71
8.431e-71
8.431e-71
8.431e-71
5.9849e-30
6.4401e-25
8.431e-71
8.431e-71
8.431e-71
8.431e-71
1.0029e-41
7.3538e-53
5.3803e-34
8.431e-71
8.431e-71
8.431e-71
8.431e-71
8.431e-71
8.431e-71
2.8758e-33
4.0471e-38
8.431e-71
4.1306e-43
8.431e-71
8.431e-71
1.1089e-49
8.431e-71
8.431e-71
7.3031e-33
2.9094e-32
8.431e-71
8.431e-71
2.0606e-27
8.431e-71
8.431e-71
1.3785e-31
4.6343e-32
5.6567e-34
3.7652e-46
8.431e-71
8.431e-71
8.431e-71
8.3836e-36
1.6783e-39
8.431e-71
8.431e-71
4.9561e-38
8.431e-71
7.5367e-50
8.431e-71
4.3133e-45
8.431e-71
8.431e-71
2.9157e-32
8.431e-71
8.431e-71
1.6222e-45
8.431e-71
5.3545e-32
3.7353e-43
8.431e-71
8.431e-71
8.431e-71
8.431e-71
8.431e-71
8.431e-71
8.431e-71
1.1779e-34
8.431e-71
8.431e-71
8.431e-71
8.431e-71
8.431e-71
8.431e-71
8.431e-71
7.0746e-38
1.9725e-43
1.6696e-43
8.431e-71
1.0747e-25
5.408e-48
2.6639e-43
4.2872e-26
8.431e-71
8.431e-71
8.379e-16
2.5735e-51
3.5694e-30
8.431e-71
8.431e-71
8.431e-71
8.431e-71
8.431e-71
8.431e-71
8.431e-71
6.7166e-43
8.431e-71
8.431e-71
2.7355e-35
8.431e-71
4.2957e-39
8.431e-71
8.431e-71
8.431e-71
8.431e-71
8.431e-71
4.1698e-23
8.431e-71
1.1966e-25
8.431e-71
8.431e-71
1.2684e-47
8.431e-71
3.1277e-31
8.431e-71
8.431e-71
4.2966e-52
1.8218e-28
8.431e-71
5.5306e-43
8.431e-71
8.431e-71
2.0672e-25
8.431e-71
8.431e-71
8.431e-71
8.431e-71
7.7559e-47
8.431e-71
8.431e-71
2.468e-40
1.3273e-50
8.431e-71
8.431e-71
8.431e-71
8.431e-71
8.431e-71
8.431e-71
8.431e-71
8.431e-71
2.2108e-23
8.431e-71
8.431e-71
8.431e-71
8.431e-71
8.4942e-38
3.6306e-42
3.0913e-32
8.431e-71
8.431e-71
8.431e-71
6.4711e-38
8.431e-71
2.0985e-43
8.431e-71
5.314e-42
1.67e-55
1.7052e-40
8.431e-71
2.7122e-44
8.431e-71
8.431e-71
8.431e-71
2.0273e-46
6.0755e-41
8.431e-71
8.431e-71
8.431e-71
8.431e-71
8.431e-71
3.1435e-41
8.431e-71
2.1939e-27
8.431e-71
3.0084e-35
8.9653e-32
8.431e-71
8.431e-71
8.431e-71
3.8306e-32
8.431e-71
5.9697e-43
4.088e-41
8.431e-71
8.4679e-44
8.431e-71
3.5822e-43
8.431e-71
8.431e-71
4.8566e-44
1.1354e-27
8.4475e-43
8.431e-71
8.431e-71
1.6518e-48
8.431e-71
8.431e-71
8.431e-71
8.431e-71
8.431e-71
8.431e-71
8.431e-71
8.431e-71
8.431e-71
8.431e-71
8.431e-71
8.431e-71
8.431e-71
8.431e-71
6.9692e-22
8.431e-71
8.431e-71
8.431e-71
8.431e-71
8.431e-71
8.431e-71
8.431e-71
2.3341e-34
1.1635e-41
8.431e-71
8.431e-71
4.0833e-47
8.4586e-22
8.431e-71
8.431e-71
8.431e-71
2.2404e-23
1.3089e-49
8.431e-71
1.1167e-42
8.431e-71
8.431e-71
8.431e-71
6.4051e-33
8.431e-71
2.3133e-32
8.431e-71
8.431e-71
8.431e-71
8.431e-71
1.5088e-45
8.431e-71
8.431e-71
8.431e-71
8.431e-71
8.431e-71
8.431e-71
3.7144e-28
8.431e-71
3.0234e-40
8.431e-71
8.431e-71
8.431e-71
9.0561e-24
8.431e-71
8.431e-71
8.8072e-49
8.431e-71
8.431e-71
1.11e-33
8.431e-71
2.9799e-38
8.431e-71
2.1478e-25
8.431e-71
2.4951e-30
2.2938e-50
2.8574e-34
8.431e-71
1.5398e-43
1.308e-26
8.431e-71
6.4885e-37
8.431e-71
8.431e-71
8.431e-71
8.431e-71
8.431e-71
8.431e-71
8.431e-71
8.431e-71
3.4537e-27
8.431e-71
1.3779e-46
8.431e-71
8.431e-71
8.431e-71
8.431e-71
8.431e-71
8.431e-71
8.431e-71
8.2142e-47
8.3825e-43
8.431e-71
8.431e-71
3.0233e-32
8.431e-71
8.431e-71
8.431e-71
3.75e-19
4.1393e-44
8.431e-71
8.431e-71
8.431e-71
8.431e-71
4.7006e-39
2.8784e-27
3.3823e-38
2.7235e-49
8.431e-71
1.0801e-38
8.431e-71
8.431e-71
8.431e-71
8.431e-71
8.431e-71
1.9729e-34
8.431e-71
8.431e-71
1.0109e-44
5.28e-30
8.431e-71
8.431e-71
7.4965e-45
5.8214e-46
8.431e-71
8.431e-71
3.8429e-46
8.431e-71
8.431e-71
8.431e-71
8.431e-71
8.431e-71
1.8346e-37
8.431e-71
8.431e-71
8.431e-71
8.431e-71
8.431e-71
8.431e-71
8.431e-71
8.431e-71
8.431e-71
8.431e-71
8.431e-71
1.9229e-52
8.431e-71
8.431e-71
8.431e-71
8.431e-71
6.4097e-17
4.7327e-35
8.431e-71
8.431e-71
8.431e-71
8.431e-71
8.431e-71
8.431e-71
8.431e-71
8.431e-71
1.0942e-25
8.431e-71
3.3768e-41
8.431e-71
1.0569e-24
9.3507e-38
8.431e-71
8.431e-71
3.0382e-43
1.2617e-40
8.431e-71
1.715e-37
8.431e-71
8.431e-71
8.431e-71
3.4223e-50
8.431e-71
9.7588e-26
8.431e-71
8.431e-71
8.431e-71
8.431e-71
8.431e-71
6.2639e-45
1.7986e-33
1.124e-35
8.431e-71
8.1017e-33
8.431e-71
8.431e-71
8.431e-71
8.431e-71
8.431e-71
8.431e-71
8.431e-71
8.431e-71
8.431e-71
6.584e-25
8.431e-71
4.479e-43
4.2485e-39
8.431e-71
1.9106e-43
8.431e-71
8.431e-71
3.4438e-28
7.7059e-20
8.431e-71
8.431e-71
8.431e-71
8.431e-71
8.431e-71
8.431e-71
8.431e-71
4.4427e-26
8.431e-71
8.431e-71
8.431e-71
8.431e-71
8.431e-71
8.431e-71
8.431e-71
8.431e-71
8.431e-71
8.431e-71
8.431e-71
8.431e-71
8.431e-71
8.431e-71
8.431e-71
8.431e-71
8.431e-71
7.4654e-45
8.431e-71
8.431e-71
8.431e-71
8.431e-71
4.9623e-44
3.9558e-41
8.431e-71
8.431e-71
8.431e-71
8.431e-71
1.4718e-40
4.3613e-40
8.431e-71
8.431e-71
1.6128e-33
8.431e-71
8.431e-71
1.6093e-48
1.1545e-40
8.431e-71
8.431e-71
8.431e-71
3.4637e-40
8.431e-71
8.849e-16
8.431e-71
8.431e-71
8.431e-71
8.431e-71
2.7809e-46
8.431e-71
8.431e-71
2.4694e-41
8.431e-71
8.431e-71
8.431e-71
8.431e-71
8.431e-71
8.431e-71
8.431e-71
8.431e-71
2.3875e-32
1.0314e-29
7.1965e-35
8.431e-71
8.431e-71
8.431e-71
8.431e-71
8.431e-71
8.431e-71
8.431e-71
8.431e-71
1.643e-26
5.9132e-37
1.4927e-41
8.431e-71
8.431e-71
8.431e-71
8.431e-71
7.3572e-38
8.431e-71
2.7831e-41
8.431e-71
8.431e-71
8.431e-71
2.0447e-43
8.431e-71
6.4615e-40
2.1833e-43
8.431e-71
8.431e-71
6.9124e-36
7.3666e-51
1.3419e-41
8.431e-71
8.431e-71
8.431e-71
8.431e-71
5.0014e-36
8.431e-71
8.431e-71
8.431e-71
8.431e-71
8.431e-71
8.431e-71
8.431e-71
6.088e-33
3.2043e-32
5.6059e-50
8.431e-71
8.431e-71
2.4235e-31
1.6791e-35
3.266e-44
8.431e-71
7.5558e-45
8.431e-71
8.431e-71
8.431e-71
6.4611e-27
8.431e-71
8.431e-71
8.431e-71
8.431e-71
8.431e-71
1.1267e-35
8.431e-71
3.6805e-46
1.4047e-15
8.431e-71
1.7309e-32
8.431e-71
9.6424e-38
1.0067e-43
8.431e-71
8.431e-71
1.1843e-34
8.431e-71
8.431e-71
8.431e-71
8.431e-71
8.431e-71
1.4587e-43
8.431e-71
8.431e-71
8.7744e-32
8.431e-71
8.431e-71
8.431e-71
7.8939e-29
1.7189e-33
8.431e-71
8.431e-71
1.8164e-28
8.431e-71
8.431e-71
1.3793e-34
8.431e-71
8.431e-71
8.431e-71
8.431e-71
8.431e-71
1.2786e-27
8.431e-71
9.4873e-43
8.431e-71
8.431e-71
4.1394e-44
2.3074e-23
8.431e-71
8.431e-71
8.431e-71
8.431e-71
8.431e-71
8.431e-71
6.3779e-48
8.431e-71
8.431e-71
8.431e-71
1.585e-43
8.431e-71
3.4094e-32
2.3522e-39
2.4999e-27
1.194e-42
8.431e-71
7.8566e-42
8.431e-71
8.431e-71
8.258e-36
8.431e-71
8.431e-71
8.431e-71
4.726e-45
8.431e-71
8.431e-71
8.431e-71
8.431e-71
8.431e-71
8.431e-71
8.431e-71
8.431e-71
2.5626e-38
8.431e-71
8.431e-71
8.431e-71
8.431e-71
8.431e-71
8.431e-71
8.431e-71
8.431e-71
8.431e-71
8.431e-71
8.431e-71
8.431e-71
8.431e-71
1.9197e-36
3.3802e-39
8.431e-71
5.7591e-36
4.5114e-25
1.7556e-33
8.431e-71
8.431e-71
6.1033e-33
8.431e-71
8.431e-71
8.431e-71
3.8987e-54
7.7554e-32
8.431e-71
8.431e-71
8.431e-71
8.431e-71
3.4166e-49
1.9418e-46
8.431e-71
2.102e-26
8.431e-71
2.7759e-41
8.431e-71
8.431e-71
8.431e-71
4.7651e-52
8.431e-71
8.431e-71
2.5554e-29
8.431e-71
8.431e-71
8.431e-71
1.8626e-31
8.431e-71
8.431e-71
2.2555e-37
8.431e-71
1.986e-47
8.431e-71
8.431e-71
6.2139e-38
8.431e-71
8.431e-71
8.431e-71
8.431e-71
8.431e-71
8.431e-71
8.431e-71
8.3035e-23
1.0392e-33
8.431e-71
8.431e-71
8.431e-71
1.2334e-41
8.6612e-47
8.431e-71
1.4177e-38
8.431e-71
8.431e-71
8.431e-71
8.431e-71
9.2978e-33
2.3672e-31
8.431e-71
8.431e-71
4.4681e-33
1.0425e-44
4.3768e-37
7.0099e-42
8.431e-71
8.431e-71
3.7299e-49
8.431e-71
8.431e-71
8.431e-71
8.431e-71
8.431e-71
6.3193e-20
8.431e-71
8.431e-71
8.431e-71
8.431e-71
8.431e-71
8.431e-71
6.1905e-39
1.1865e-43
7.7591e-29
8.431e-71
8.431e-71
8.431e-71
8.431e-71
8.431e-71
5.3321e-40
8.431e-71
8.431e-71
9.6993e-34
8.431e-71
1.3329e-49
8.431e-71
8.431e-71
8.431e-71
8.431e-71
1.5997e-40
1.2624e-46
8.431e-71
5.2242e-48
8.431e-71
1.721e-30
6.2524e-27
8.431e-71
8.431e-71
1.3692e-15
4.5327e-33
6.3557e-34
8.431e-71
1.3303e-31
5.0305e-41
4.3588e-34
8.431e-71
8.431e-71
6.5481e-17
3.1091e-39
8.431e-71
1.7276e-39
1.7893e-52
8.431e-71
8.431e-71
8.431e-71
8.431e-71
1.464e-37
1.637e-32
8.431e-71
8.431e-71
8.431e-71
2.5735e-25
1.108e-30
7.4083e-44
2.6047e-40
8.431e-71
8.431e-71
8.431e-71
8.431e-71
7.6678e-38
2.6246e-35
8.431e-71
8.431e-71
1.1309e-32
8.431e-71
8.431e-71
8.431e-71
3.6137e-39
8.431e-71
1.716e-24
6.5636e-38
8.431e-71
4.4872e-43
8.431e-71
8.431e-71
2.5717e-33
1.5413e-35
8.431e-71
8.431e-71
1.9221e-31
8.431e-71
1.6211e-16
8.431e-71
5.1386e-45
8.431e-71
8.8139e-36
8.431e-71
8.431e-71
8.431e-71
8.431e-71
2.0444e-32
8.431e-71
1.8354e-32
2.1601e-33
4.3729e-28
8.431e-71
1.8593e-30
8.431e-71
6.748e-22
7.7991e-54
8.431e-71
1.6139e-43
8.431e-71
8.431e-71
1.2092e-44
7.9898e-37
2.5654e-46
8.431e-71
8.431e-71
8.431e-71
8.431e-71
8.431e-71
3.7915e-43
1.2861e-22
8.431e-71
1.4679e-47
8.431e-71
8.431e-71
8.431e-71
8.431e-71
8.431e-71
7.3799e-33
4.1205e-36
8.431e-71
8.431e-71
7.2915e-25
4.7375e-42
4.2742e-41
8.431e-71
1.5496e-24
5.5993e-39
8.431e-71
8.431e-71
8.431e-71
8.431e-71
6.5326e-24
8.431e-71
1.9447e-39
4.3181e-40
8.431e-71
8.431e-71
8.431e-71
8.431e-71
4.6299e-44
2.6635e-31
8.431e-71
8.431e-71
1.2633e-32
8.431e-71
8.431e-71
2.9898e-30
8.431e-71
8.431e-71
8.431e-71
3.0813e-37
8.431e-71
2.6017e-27
8.431e-71
8.431e-71
8.431e-71
8.431e-71
9.0708e-42
8.431e-71
1.2411e-40
8.431e-71
8.431e-71
8.431e-71
8.431e-71
8.431e-71
8.431e-71
8.431e-71
1.369e-25
8.431e-71
8.431e-71
8.431e-71
8.431e-71
2.0183e-45
8.431e-71
3.6861e-33
8.431e-71
8.431e-71
8.431e-71
8.431e-71
8.431e-71
8.431e-71
8.431e-71
8.431e-71
1.2148e-26
8.431e-71
8.431e-71
8.431e-71
8.431e-71
1.65e-36
8.431e-71
8.431e-71
8.431e-71
5.4772e-39
8.431e-71
8.431e-71
8.431e-71
2.3005e-28
8.431e-71
8.431e-71
8.431e-71
8.431e-71
8.431e-71
8.0197e-43
8.431e-71
4.7165e-45
8.431e-71
4.4981e-39
1.4239e-51
1.0656e-20
2.7603e-49
8.431e-71
8.431e-71
8.431e-71
3.8733e-50
8.431e-71
8.431e-71
8.431e-71
8.431e-71
6.0238e-42
3.3627e-29
8.431e-71
2.1458e-24
4.2465e-36
8.431e-71
8.431e-71
8.431e-71
8.431e-71
8.9339e-46
1.0121e-43
8.431e-71
8.431e-71
3.3249e-23
5.354e-50
5.4136e-40
8.431e-71
8.431e-71
8.431e-71
1.6115e-34
1.2026e-28
2.3637e-31
8.431e-71
8.431e-71
7.1902e-37
8.431e-71
1.1359e-41
8.431e-71
8.431e-71
1.9126e-33
8.431e-71
8.431e-71
8.431e-71
8.431e-71
8.431e-71
4.3375e-38
8.431e-71
8.431e-71
3.1944e-53
1.2379e-44
6.3044e-40
8.431e-71
8.431e-71
8.431e-71
8.431e-71
8.431e-71
2.0061e-42
2.874e-33
8.431e-71
3.6522e-30
8.431e-71
8.431e-71
8.431e-71
8.431e-71
8.431e-71
2.9298e-36
8.431e-71
8.431e-71
8.431e-71
8.431e-71
2.5278e-30
8.431e-71
8.431e-71
8.431e-71
8.431e-71
1.5791e-40
8.431e-71
7.3472e-38
8.431e-71
8.431e-71
1.4924e-34
8.0512e-37
8.431e-71
1.9979e-18
2.6092e-36
1.4802e-48
8.431e-71
3.7096e-25
8.431e-71
8.431e-71
8.431e-71
4.0153e-35
8.0227e-28
8.431e-71
8.431e-71
8.431e-71
6.3529e-36
8.431e-71
8.431e-71
1.0356e-32
8.431e-71
8.431e-71
1.1572e-37
2.8628e-16
8.431e-71
8.431e-71
8.431e-71
8.431e-71
8.431e-71
6.8155e-43
3.3628e-35
8.431e-71
1.2606e-41
8.431e-71
8.431e-71
8.431e-71
8.431e-71
8.431e-71
8.431e-71
3.2938e-35
8.431e-71
6.7023e-47
8.431e-71
8.431e-71
1.739e-44
8.431e-71
8.431e-71
8.431e-71
8.431e-71
1.1914e-27
8.431e-71
8.431e-71
8.431e-71
8.431e-71
8.5277e-40
8.431e-71
8.431e-71
8.431e-71
5.4558e-38
8.431e-71
8.431e-71
8.431e-71
1.4562e-46
8.431e-71
2.3022e-46
6.1091e-39
2.1575e-48
8.431e-71
8.431e-71
8.431e-71
1.0095e-41
8.431e-71
8.431e-71
8.431e-71
4.9555e-28
3.1619e-40
4.002e-47
8.431e-71
8.431e-71
2.3888e-39
8.431e-71
8.431e-71
1.0949e-43
2.847e-35
1.2719e-42
8.431e-71
3.5362e-44
3.2988e-32
7.7519e-32
1.0821e-41
8.431e-71
3.2485e-36
8.431e-71
8.5169e-42
8.431e-71
8.431e-71
8.431e-71
8.431e-71
1.8692e-32
8.431e-71
8.431e-71
4.0147e-26
8.431e-71
8.431e-71
3.2142e-34
8.431e-71
8.431e-71
8.431e-71
8.431e-71
8.431e-71
4.9387e-37
9.4671e-35
8.431e-71
8.431e-71
8.431e-71
8.431e-71
8.431e-71
8.431e-71
1.0377e-34
8.431e-71
9.6856e-49
8.431e-71
8.431e-71
8.431e-71
8.431e-71
8.431e-71
8.368e-15
8.431e-71
8.431e-71
8.431e-71
2.6839e-39
2.5643e-44
3.3519e-47
8.431e-71
2.7537e-32
8.431e-71
8.7831e-46
8.431e-71
8.431e-71
8.431e-71
1.8854e-35
8.431e-71
2.8257e-29
4.4767e-30
1.1782e-52
8.431e-71
3.9498e-33
8.431e-71
8.431e-71
8.431e-71
8.431e-71
8.431e-71
5.8099e-35
8.431e-71
8.431e-71
2.1214e-39
8.431e-71
3.5389e-43
8.431e-71
8.431e-71
8.431e-71
8.431e-71
8.431e-71
3.9647e-23
8.431e-71
8.431e-71
1.6364e-36
8.431e-71
8.431e-71
8.431e-71
8.431e-71
8.431e-71
8.431e-71
8.431e-71
8.431e-71
8.431e-71
8.431e-71
2.4439e-44
1.8801e-40
8.431e-71
8.431e-71
8.431e-71
1.8687e-41
8.431e-71
8.431e-71
8.431e-71
8.431e-71
8.431e-71
8.431e-71
8.431e-71
2.1625e-20
5.7667e-31
8.431e-71
8.431e-71
8.431e-71
8.431e-71
9.6295e-41
1.7641e-30
6.1608e-28
8.431e-71
8.431e-71
8.431e-71
8.431e-71
8.431e-71
8.431e-71
8.431e-71
8.431e-71
8.431e-71
8.431e-71
1.1714e-37
8.431e-71
8.431e-71
8.431e-71
6.5597e-45
8.431e-71
8.431e-71
8.431e-71
8.431e-71
1
8.431e-71
8.431e-71
8.431e-71
4.748e-36
8.431e-71
8.431e-71
1.1772e-36
8.431e-71
8.431e-71
4.0768e-27
3.6328e-40
8.431e-71
1.3168e-32
8.431e-71
8.431e-71
5.3737e-31
8.431e-71
8.431e-71
8.431e-71
8.431e-71
3.3726e-56
8.431e-71
8.431e-71
8.431e-71
8.431e-71
1.3147e-42
5.1171e-34
8.431e-71
8.431e-71
8.431e-71
1.5216e-44
8.431e-71
8.431e-71
8.431e-71
8.431e-71
8.431e-71
1.1181e-31
8.431e-71
8.431e-71
9.7999e-37
8.431e-71
8.431e-71
8.431e-71
8.431e-71
8.431e-71
1.0401e-47
8.0266e-43
8.431e-71
8.431e-71
8.431e-71
2.935e-42
8.431e-71
8.431e-71
8.431e-71
8.431e-71
2.2888e-41
8.431e-71
8.431e-71
4.4169e-38
1.3565e-38
8.431e-71
8.431e-71
8.431e-71
8.431e-71
8.431e-71
8.431e-71
8.431e-71
4.5393e-46
8.431e-71
8.431e-71
8.431e-71
8.431e-71
8.431e-71
4.6544e-47
8.431e-71
8.431e-71
1.2356e-45
1.566e-44
8.431e-71
2.2237e-35
8.431e-71
1.3635e-39
8.431e-71
8.431e-71
8.431e-71
8.431e-71
8.431e-71
8.431e-71
8.431e-71
8.431e-71
1.4795e-39
8.431e-71
2.4683e-42
2.6932e-39
8.431e-71
8.431e-71
8.431e-71
8.431e-71
4.5642e-42
8.431e-71
8.431e-71
8.431e-71
8.431e-71
8.431e-71
1.5055e-37
1.2312e-27
4.2555e-34
1.4077e-42
8.431e-71
8.431e-71
8.431e-71
1.4549e-27
8.431e-71
8.431e-71
8.4548e-28
8.431e-71
5.9153e-33
8.431e-71
3.1794e-37
1.1773e-46
8.431e-71
8.431e-71
8.46e-42
4.5042e-41
8.431e-71
8.431e-71
8.431e-71
8.431e-71
8.431e-71
3.1651e-24
1.5293e-38
8.431e-71
1.4741e-39
8.431e-71
8.431e-71
8.431e-71
8.431e-71
3.1109e-46
8.431e-71
8.431e-71
1.3829e-21
3.4489e-34
8.431e-71
8.431e-71
8.431e-71
8.431e-71
8.431e-71
1.4671e-32
8.431e-71
8.431e-71
8.431e-71
8.431e-71
8.431e-71
3.0676e-36
1.125e-37
1.5776e-34
4.6479e-27
2.0109e-37
1.2124e-14
9.3719e-31
8.431e-71
8.431e-71
8.431e-71
8.1828e-36
8.431e-71
4.1122e-40
7.0343e-40
8.431e-71
8.431e-71
6.2826e-46
8.431e-71
8.431e-71
1.0881e-28
8.431e-71
1.0624e-42
8.431e-71
8.431e-71
8.431e-71
8.431e-71
8.431e-71
8.431e-71
8.431e-71
8.431e-71
8.431e-71
8.431e-71
8.431e-71
8.431e-71
8.431e-71
1.0936e-21
1.1917e-33
8.431e-71
1.2111e-35
1.1567e-46
8.431e-71
8.431e-71
8.431e-71
1.777e-41
7.3188e-37
8.431e-71
3.5987e-35
9.3824e-49
8.431e-71
8.431e-71
8.431e-71
9.9817e-45
8.431e-71
8.431e-71
8.431e-71
8.431e-71
8.431e-71
8.431e-71
8.431e-71
8.431e-71
8.431e-71
2.8207e-38
1.3891e-44
7.088e-27
8.431e-71
5.5278e-41
8.431e-71
8.431e-71
8.431e-71
8.431e-71
8.431e-71
8.431e-71
8.431e-71
8.431e-71
8.431e-71
8.431e-71
8.431e-71
8.431e-71
5.3729e-48
6.1305e-42
1.1483e-45
8.431e-71
2.4026e-49
8.431e-71
6.958e-24
4.8746e-32
1.195e-34
8.431e-71
8.431e-71
1.0661e-42
8.431e-71
7.7498e-39
8.431e-71
8.431e-71
8.431e-71
8.431e-71
8.431e-71
8.431e-71
1.8641e-28
8.431e-71
1.7976e-44
3.8698e-48
8.431e-71
8.431e-71
8.431e-71
1.0825e-32
8.431e-71
8.431e-71
1.3091e-27
8.431e-71
2.7692e-54
8.431e-71
8.431e-71
3.5126e-30
8.431e-71
8.431e-71
8.431e-71
8.431e-71
8.431e-71
8.431e-71
2.8234e-42
8.431e-71
8.431e-71
5.8383e-38
9.2536e-34
1.7651e-24
8.431e-71
8.431e-71
8.431e-71
8.431e-71
8.431e-71
4.5161e-25
8.431e-71
8.431e-71
8.431e-71
4.3135e-37
8.431e-71
1.4064e-34
1.0237e-31
9.2967e-33
8.431e-71
6.1356e-42
8.431e-71
8.431e-71
8.431e-71
2.4642e-47
7.3767e-27
8.431e-71
8.431e-71
8.431e-71
8.431e-71
8.431e-71
6.8732e-44
8.431e-71
2.535e-49
2.7362e-21
8.431e-71
8.431e-71
8.431e-71
8.431e-71
8.431e-71
5.3686e-16
8.431e-71
8.431e-71
8.431e-71
2.0462e-37
8.431e-71
8.431e-71
2.3053e-30
8.431e-71
8.431e-71
8.431e-71
8.431e-71
2.1494e-36
8.431e-71
8.431e-71
8.431e-71
1.0304e-41
8.431e-71
5.4266e-41
3.4513e-31
8.431e-71
8.431e-71
8.431e-71
2.3891e-47
4.4608e-41
8.431e-71
4.3922e-32
8.431e-71
2.1889e-38
8.431e-71
7.5118e-36
1.3544e-26
8.431e-71
8.431e-71
8.431e-71
8.431e-71
3.1916e-37
1.1716e-36
8.431e-71
8.431e-71
8.431e-71
8.431e-71
8.431e-71
8.431e-71
8.431e-71
8.431e-71
8.431e-71
8.431e-71
4.9385e-38
8.431e-71
8.431e-71
4.2448e-44
8.431e-71
8.431e-71
4.6907e-36
2.2229e-36
8.431e-71
2.6093e-45
8.431e-71
2.8122e-40
8.431e-71
8.431e-71
8.431e-71
5.2327e-37
1.5441e-45
3.7496e-46
8.431e-71
8.431e-71
1.4396e-48
8.431e-71
8.431e-71
8.431e-71
8.431e-71
7.3223e-39
8.431e-71
8.431e-71
8.431e-71
8.431e-71
4.7052e-37
8.431e-71
8.431e-71
8.431e-71
8.431e-71
8.431e-71
8.431e-71
9.0877e-32
1.7521e-44
8.431e-71
8.431e-71
4.0175e-43
8.431e-71
4.8393e-34
8.431e-71
8.431e-71
8.431e-71
8.431e-71
1.8013e-28
8.431e-71
8.431e-71
8.431e-71
8.431e-71
8.431e-71
4.1129e-39
8.431e-71
8.431e-71
6.5854e-45
8.3819e-19
8.431e-71
2.3081e-41
8.431e-71
8.431e-71
8.431e-71
1.1295e-29
6.2945e-45
8.431e-71
8.431e-71
8.431e-71
1.1422e-30
2.77e-24
8.431e-71
8.431e-71
9.8774e-36
8.431e-71
8.431e-71
2.528e-49
8.431e-71
8.431e-71
8.431e-71
6.44e-47
8.431e-71
8.431e-71
8.431e-71
3.4942e-40
8.431e-71
8.431e-71
8.431e-71
8.431e-71
4.1738e-42
8.431e-71
8.431e-71
5.677e-29
6.5454e-34
2.7444e-56
8.431e-71
1.1114e-42
8.431e-71
8.431e-71
6.6368e-43
8.431e-71
8.431e-71
8.431e-71
8.431e-71
1.7707e-41
4.6506e-40
8.431e-71
1.9983e-18
8.431e-71
8.431e-71
2.8521e-40
4.5139e-42
8.431e-71
8.431e-71
8.431e-71
8.431e-71
3.5422e-47
8.431e-71
3.5478e-26
8.431e-71
8.431e-71
8.431e-71
8.431e-71
1.3625e-46
4.3701e-52
2.0326e-36
8.431e-71
8.431e-71
8.431e-71
5.7695e-24
7.1022e-35
8.431e-71
8.431e-71
8.431e-71
8.431e-71
2.2224e-34
8.431e-71
8.431e-71
8.431e-71
8.431e-71
6.1202e-38
8.431e-71
8.431e-71
9e-39
8.431e-71
8.431e-71
8.431e-71
8.431e-71
8.431e-71
8.431e-71
8.431e-71
8.431e-71
8.431e-71
8.431e-71
1.6839e-37
1.127e-42
8.431e-71
8.431e-71
8.431e-71
8.431e-71
8.431e-71
4.2211e-29
1.6461e-34
3.1389e-29
8.431e-71
8.431e-71
3.6274e-32
4.3984e-43
8.431e-71
9.4026e-08
8.431e-71
8.431e-71
1.0593e-18
8.431e-71
8.431e-71
8.431e-71
8.431e-71
8.431e-71
1.1385e-41
2.0607e-29
8.431e-71
8.431e-71
1.2204e-29
1.5639e-37
8.431e-71
8.431e-71
8.9413e-42
8.431e-71
8.431e-71
8.431e-71
8.431e-71
3.1044e-38
8.431e-71
1.3544e-44
8.431e-71
8.431e-71
3.1303e-37
8.431e-71
8.431e-71
9.7806e-37
8.431e-71
3.7167e-36
8.431e-71
8.431e-71
8.431e-71
1.3146e-48
8.431e-71
4.3267e-43
8.431e-71
8.431e-71
8.431e-71
8.431e-71
8.431e-71
3.7171e-36
1.3091e-38
8.431e-71
8.431e-71
8.431e-71
2.8167e-32
8.431e-71
7.0378e-33
8.431e-71
4.2599e-30
1.3154e-15
8.431e-71
2.8906e-37
8.431e-71
4.4433e-36
2.044e-49
1.3624e-40
8.431e-71
3.1541e-48
8.431e-71
8.431e-71
7.5826e-30
8.431e-71
8.431e-71
4.1405e-44
1.2542e-44
8.431e-71
8.431e-71
1.6711e-22
8.431e-71
8.431e-71
8.431e-71
8.431e-71
8.431e-71
8.431e-71
3.921e-39
2.4441e-44
8.8558e-38
8.431e-71
8.431e-71
6.0893e-40
1.7234e-29
8.431e-71
4.5494e-44
4.3642e-38
8.431e-71
8.431e-71
8.431e-71
9.1352e-27
8.431e-71
8.431e-71
8.431e-71
8.431e-71
8.431e-71
8.431e-71
8.431e-71
5.0304e-41
8.431e-71
8.431e-71
8.431e-71
8.431e-71
8.431e-71
8.431e-71
8.431e-71
8.431e-71
3.1372e-23
8.431e-71
3.1735e-44
8.431e-71
1.2728e-25
8.431e-71
8.431e-71
8.431e-71
8.431e-71
8.431e-71
8.431e-71
8.431e-71
8.431e-71
1.0636e-35
8.431e-71
2.1278e-37
8.431e-71
8.431e-71
5.4241e-40
8.431e-71
8.431e-71
8.431e-71
8.431e-71
8.431e-71
8.431e-71
8.431e-71
1.5772e-39
8.431e-71
8.431e-71
1.0641e-52
5.4639e-30
8.431e-71
4.7685e-33
1.6525e-37
8.1848e-31
2.9406e-43
8.431e-71
8.431e-71
3.9803e-42
8.431e-71
8.431e-71
1.4702e-30
2.1434e-49
3.9337e-40
8.431e-71
8.431e-71
8.431e-71
5.3517e-31
1.0347e-34
8.431e-71
8.431e-71
6.9901e-44
8.431e-71
7.6263e-28
8.2377e-35
8.431e-71
3.9746e-28
2.8389e-36
8.431e-71
3.0387e-36
8.431e-71
8.431e-71
8.431e-71
8.431e-71
8.431e-71
8.431e-71
8.431e-71
3.0357e-41
8.431e-71
5.3803e-39
8.431e-71
8.431e-71
1.6051e-48
8.431e-71
7.7435e-36
8.431e-71
8.431e-71
8.431e-71
8.431e-71
8.431e-71
8.431e-71
9.6317e-30
8.431e-71
8.431e-71
8.431e-71
2.9447e-36
1.1103e-34
1.2251e-37
8.431e-71
1.1912e-37
9.464e-42
8.431e-71
1.9462e-27
1.8054e-37
8.431e-71
1.3521e-43
8.431e-71
8.431e-71
8.431e-71
4.6733e-43
2.3287e-36
8.431e-71
8.0436e-45
8.431e-71
2.8842e-41
8.431e-71
4.8829e-30
8.431e-71
8.431e-71
8.431e-71
8.431e-71
8.431e-71
1.8246e-43
8.431e-71
8.431e-71
8.431e-71
8.431e-71
8.431e-71
8.431e-71
8.431e-71
5.9905e-42
8.431e-71
8.431e-71
2.9828e-39
8.431e-71
8.431e-71
2.477e-26
8.431e-71
8.431e-71
8.431e-71
1.0687e-27
8.431e-71
8.431e-71
1.1804e-41
5.4377e-36
3.2702e-42
8.431e-71
1.5048e-39
8.8775e-48
8.431e-71
8.431e-71
1.6547e-45
8.431e-71
1.9506e-27
8.431e-71
8.431e-71
8.431e-71
8.431e-71
8.431e-71
8.431e-71
8.431e-71
8.431e-71
8.431e-71
8.431e-71
8.431e-71
8.431e-71
8.431e-71
8.0455e-32
8.431e-71
8.431e-71
1.2994e-36
8.431e-71
8.431e-71
2.1973e-39
2.5521e-46
8.431e-71
8.431e-71
8.431e-71
8.431e-71
1.9101e-32
8.431e-71
8.431e-71
4.8401e-41
1.1443e-39
8.431e-71
8.431e-71
5.9821e-27
2.5952e-35
2.377e-40
8.431e-71
3.7259e-47
8.431e-71
8.431e-71
8.431e-71
1.0043e-51
8.431e-71
1.5156e-36
8.431e-71
8.431e-71
8.431e-71
8.431e-71
3.4698e-24
1.9804e-29
8.431e-71
2.6804e-33
8.431e-71
8.431e-71
8.431e-71
8.431e-71
8.431e-71
8.431e-71
8.431e-71
8.431e-71
8.431e-71
2.9531e-41
8.431e-71
9.4739e-34
8.431e-71
1.4987e-44
8.431e-71
3.5756e-31
8.431e-71
9.5997e-46
2.3987e-30
6.4044e-42
8.431e-71
8.431e-71
8.431e-71
8.431e-71
6.2804e-37
8.431e-71
1.9655e-48
7.3001e-34
8.431e-71
2.5103e-38
8.431e-71
8.431e-71
2.0432e-40
8.431e-71
8.431e-71
1.7135e-22
8.431e-71
8.431e-71
8.431e-71
8.431e-71
8.431e-71
8.431e-71
1.585e-10
3.5364e-35
8.431e-71
8.431e-71
8.431e-71
8.431e-71
2.5428e-49
8.431e-71
8.431e-71
8.431e-71
8.431e-71
9.7183e-27
8.431e-71
4.4863e-28
8.431e-71
8.431e-71
8.431e-71
4.9853e-43
6.7567e-36
8.431e-71
8.431e-71
8.431e-71
6.6182e-41
8.431e-71
8.431e-71
8.431e-71
8.431e-71
8.431e-71
8.431e-71
1.4279e-24
8.431e-71
9.0371e-47
8.431e-71
8.431e-71
1.8733e-40
8.431e-71
8.431e-71
8.431e-71
3.2318e-37
8.431e-71
2.6516e-15
8.431e-71
8.431e-71
9.1024e-45
2.4319e-38
8.431e-71
2.2328e-33
1.3336e-29
1.2926e-13
8.431e-71
8.431e-71
8.431e-71
8.431e-71
8.431e-71
8.431e-71
8.431e-71
4.2936e-26
8.431e-71
8.431e-71
8.431e-71
8.431e-71
8.431e-71
8.431e-71
8.431e-71
2.4843e-25
1.5236e-23
8.431e-71
7.6605e-34
8.431e-71
8.431e-71
6.4781e-42
8.431e-71
3.4584e-34
8.431e-71
8.431e-71
4.8707e-34
2.7217e-48
8.431e-71
3.8075e-32
8.431e-71
9.3487e-16
8.431e-71
8.431e-71
3.1008e-41
9.6973e-28
3.8065e-33
2.0726e-42
8.431e-71
2.9985e-38
8.431e-71
7.2485e-33
8.431e-71
8.431e-71
8.431e-71
8.431e-71
8.431e-71
8.431e-71
8.431e-71
1.5266e-37
8.431e-71
8.431e-71
1.1782e-50
8.431e-71
8.431e-71
3.9435e-53
8.431e-71
6.9367e-37
8.431e-71
8.431e-71
8.431e-71
1.7067e-37
8.431e-71
8.431e-71
8.431e-71
8.431e-71
4.093e-23
1.6031e-47
8.431e-71
8.431e-71
8.431e-71
5.426e-50
8.431e-71
6.6391e-28
4.5075e-35
8.431e-71
8.431e-71
8.431e-71
8.431e-71
6.8052e-56
5.6596e-29
8.5749e-33
8.431e-71
8.431e-71
6.8946e-19
8.431e-71
8.431e-71
8.431e-71
3.1646e-37
8.431e-71
8.431e-71
8.431e-71
3.088e-39
7.3315e-46
8.431e-71
8.431e-71
8.431e-71
8.431e-71
8.431e-71
2.1328e-32
8.431e-71
3.0009e-45
8.431e-71
1.5006e-42
2.4913e-41
2.1212e-44
8.431e-71
4.5481e-27
8.431e-71
8.431e-71
8.431e-71
8.431e-71
8.431e-71
8.431e-71
8.431e-71
5.4664e-50
8.431e-71
8.9821e-38
6.4236e-39
8.431e-71
8.431e-71
