1
1
1
1
87232
1
1
1
1
5.8984e+07
66119
7.4011e+08
1
1
70398
1.2373e+07
1
1
1
1.0659e+05
2634.6
1
1
1
8637.1
1
5766.5
1
1
50436
1.7551e+07
1
1
1
6.1159e+06
1
1
1
1
4.3865e+05
1
1
1
1
1
1
1
84212
6.3005
1
1
1
1
1
1
1
1
2.6447e+05
1.2537e+07
1
1
5.7735e+05
1
2.685e+07
1
2.6853e+05
1
1
1
88192
1
1
1
1
1
1
1
1
1
1
1
1
1
1
1
1
1
943.47
1
32157
1
1
1
1
1
1
1
1
1
1.8685e+06
54193
1
1
1
146.44
1
1
1.7844e+05
1.9703e+05
1
1
1
1
1
1
1
1
1
1
1
1
1
1
238.37
1
1
1
1
1
1
4.9847e+05
1
1
1.1107e+10
1
1
1
1
1
1.0465e+09
4.2324e+05
4812.4
1
66592
1
1
1
1
1
7.4011e+08
5.0369e+09
1
1
1
1
1095.9
1
1
2306.2
1
1
1
2989.6
1
1
1
1
1
1
1
1
2341.4
1
1
344.2
1
1
1
14755
8.732e+06
1
1
44322
937.28
1
1
1141.8
29200
1
1
1448.7
1
5173
1
9926.6
1
1
1
1
1
1
1
8.2938e+09
1.841e+05
1
1
1
13864
1
1
1
13299
1
1
1
1660.2
1
286.05
1
1223.3
2.285e+06
1
1
1
1
2.8815e+05
1
1
26440
1
1
1
1
25081
132.15
1
1
1
1
1
1
1
1
1
1
1
1
1
1
1
5.3069e+08
1
1
0.19993
1
1
1
1
1
1
1
1
1
1
1
1
1.5522e+05
1.7735e+06
1
32622
1
1750.6
1
1
43349
1
1
7.2477e+05
1
21.547
1
1
1
1
1
3.9906e+06
1
1
1
2.8975e+05
1
16846
1
5.0943e+07
1
2.5969e+08
23136
1
1
4987.8
1
1
1
1
69927
1.5483e+09
1.2772e+07
1
1
148.67
1
1
1
1
1
1
1
1
2763.3
1
1
1
1
1
1
1
1
1
1
1
1
5.9946e+06
3438.1
1
69.977
1
86614
2847.8
1
1
1
1
1
1
1
3.2485e+12
1
1
1
1
5.6317e+05
19334
1
1
1
1
1
5.9449e+06
1
3.331e+07
1
1
1
23165
34.543
1
1
1
1
1
1346
84428
1
1
1
1
8690.8
1
1
1
1
1.4305e+07
2.9923e+05
1.0729e+05
1
1
1
1.2402e+08
1
1
1
1
5.9871e+06
1
1
190.95
1
1
1
1
1
1
2.4957e+05
1
1
1
6543.1
1.6229e+06
1
1.7146e+06
1
1
1
1.2492e+05
1
1
2388.8
1
1
1
1
1
1
1
1
1
1
1
1
104.59
1
1
1
1
1
1
1
1
999.24
1
1
1
1
52348
0.65722
1
1
1
1
1.6066e+08
1
1
1
1
1
1
2208
1
1
1
1
1
1
1
1
1
1
1
1
28.84
46921
1
1
1
1
52657
1
1
1
1
1
1
1
1
1
1
1
1
6.3545e+07
1
999.72
1
1
1
1
1
1
1
1
0.86681
208.89
1
1
2.4133e+05
8.4615e+06
1
2835.2
1
1
1
1
1
1
1
1
1
1
1
1
1
1
1
1
1
1
805.02
1
1
1
1
1
1
2.6804e+09
1
1
1
1
1
1
29452
1
85.074
1
1
1
1
1
1
1
1
1
1
1
7.8131e+05
1
1
1
1
1
1
1
1
1
1
1
1
1
1
1
1
1
1
1
1
2.1184e+05
1
1
1
1
1
1
1
1
1
1
1
1
1
1
1
1
1
44346
4788.7
1
1
34213
1
36323
1
1
1
1
1
1
2515.5
1
1
90.755
1
1
1.5237e+08
1
1
6033.5
1
1
1
1
1
9455.7
1
1
1
1
1
1
1
1
1
1
87.584
1
5540.1
1
1
6.0736e+05
26678
1
9324.4
88137
1
73.038
1
1
1
1
1
1
6.8761e+05
1
1
1
1
1
1
1
1
7843.3
1
1
6.0365e+05
1
1
1
1
1
1
4.2539e+06
1
1
1
1
1
47.839
1
1
1
1
1
1
1
8.5988e+05
1
1
1
1
1
1
6342.9
1
1.8059e+07
1
1
1
1.0363e+07
1
1
1
1
1
214.44
1
1
1
1
1
1.2474e+06
2.124e+06
1
7.2545e+08
1
1.7242e+07
1
1
1
1
1
1
19333
1
4.5584e+10
2.9921e+05
1
1
6.579e+06
1
1
1
1
1
85587
1
1
1
1
1
1
1
1
1
1
14540
1.3186e+09
1
1
1
1
1
8672.6
1
1
1
1
1.9175e+10
1.153e+05
1
3.2521e+07
1
1
1
1
1
1
1
169.05
1
2.3074e+05
1
1
1
1
1
1
1
1
1
1
1
1
1
1
1
1
1
1
1
1
1
1
1
1
1
32.289
1
1278.3
3.9899e+06
1
1
11929
1
5.0832e+06
1
1
7030.9
44025
1
1
1
45549
1
1
1
8707
1
44299
1
1
18955
2.2729e+07
8.6918e+06
1
1
1
1
9.6329e+05
1
1
65.688
1
3.0833e+05
1
1
1
1
1
1
1
3.1227e+07
1
1
1
1
1
1
9.7595e+06
1
1
1
1
1
1
2.4302
1
1
1
26734
440.01
16713
1.294e+05
1
1
1
1
1
1
1
1
1
684.18
1
1
1
1
1
1
1
1
4.222e+05
1
5657.9
1
2809.5
98125
1
1
81.411
1
1
1
1
1
1
1
3.2086e+07
1
1
1
1
1
2.2765e+05
1
1
76634
1
325.44
1.2057e+05
1
1
1
1
1
1
1
1
1
1
1
1
1
28184
1
1
5.0898e+06
1
1
1
2.4821e+05
2.4406e+06
1
1
1
1
2063.2
1
1
1
1
1
1
1
1263.8
1
1
6.4788e+06
1.4338e+06
1
1
1
1
77.704
1
1
1
1
1.7656e+06
1
1
1
1
1
1
57.298
1
43057
1
1
1
11655
1
1
1
15340
1
1
1
1
245.48
1
1
1
1
8.0715e+08
1
1
1
1
1
1
1
245.78
3.1677e+06
1
5.4254e+05
1
1
1
47736
1
1
1
1
1
1
1
1
1
1.3687e+06
1
1
1
1
1.0916e+05
1
1
1.9109e+06
1
589.49
1
1
1
1
1
1
1
5.1334e+06
1
1
1
7939
1
1
4.24e+07
1
1
1.8513e+05
1
1
644.07
1.2908e+06
9698.4
12633
1
1
1
1
8.2243e+06
3.9827e+08
1
1
1
1
1
1
1
1
5754.9
9303.1
1
1
5.2302e+07
1
1
1
1
1
1
1
68.671
1
403.06
77.745
1
1
1
1
1
1
2200.9
1
1
1
1
2.6657e+07
1
8.1382e+05
1
18575
1
1
2762.1
1
9.9722
1
1
1
1
1
1
1
1
1
5.2527e+06
1
1
1
1
4.147e+06
1
1
1
1
1
78955
6.3679e+05
1
1
25289
11043
3397.9
1
1
1
14041
1
14517
1
1
1
1
11.57
1
1
5.2972e+05
1
1
1
1
1
2595.6
1.203e+05
4.0506e+06
1
1
1
1
1
1
1
1
1
1
1
2.379e+06
1
1
4749.8
1
1
1
80.034
1
6.3965e+05
100.11
1
1
1
1
1.4491e+05
9.193e+05
1
1
29.19
1
1
1
3034.2
1
1
1
1
1
1
1
1
1
6.129e+05
1
1
1
1
6.3373e+07
1
1
1
1.8379e+05
1
1
1
1
1
1.5811e+08
1
2.2524e+09
1
1
1.4283e+05
1
1
1
1
1
1
1
2.6861e+05
4.2293e+09
1
1
2.0419e+05
1.5657e+05
1
1
1
1
1
1
1
5350
1
1
1
1
52738
1
1
1
1
1
5.6626e+05
1
1
1
1
2.4446e+07
26185
1
1.6237e+09
6.928e+06
1
1
1
1
1
1
1
3.0727e+06
5799.1
1
69804
1
1
13147
1
0.93543
1
1
1
1
1
1
1
1
50400
1
1
1
1
1
1
1
1
1
1
1
1
1
1
1
1
1
1
1
1
64.721
1
1
1
7.0507e+06
1
1.4513e+07
1
1
1.3061e+06
3.2827e+05
1
1
1
1
1
68519
1
1
1107.2
1
1
1252.7
1
195.56
1
34.081
1
1
1
694.17
1
1
1
1
1
1
1
1
1
1
1
1
1
1
13490
441.53
1
45978
1
1
1
1
1
1
1
1
1
1
1
5.9307e+05
1
1
1.7937e+05
1
1
11800
1
1
1
1.183e+05
1
1
1
1
1
1
1
1
1
1
1
1
1
1
583.35
1
1
1
1.1656e+07
1
1
1
9239.4
44447
1
1
1
1
1
2511
1
1
1
1
9.6785e+07
1
1
1.4099e+06
1
1
50001
1
1
1
1
1
1
1
1
1
3.8011e+08
85974
1
1
1
1
1
1
1
1
1925.6
1
1
1
3.5002e+06
1
8.3736e+05
1
1
7.9356e+05
1
1
1
1
5.5014e+06
1
1
1
1
1
1
7600.6
1
1
1
1
8.6893e+05
5.5982e+06
147.71
1
1
1.8601e+09
1
1
1
8.258e+05
16.886
1
1
1.6835e+05
71.521
4.0513e+07
1
1
1
85243
1
9434.6
1
1
1
7.3712e+05
1
1
6748.3
1
1
1
1
2821.2
6383.9
1
1
1
1
1
2.3009e+06
1
1.27e+05
1
1
1
1
1
252.79
632.25
1
1
1
1
1
1
1
3.0841e+05
1
1
9.574e+06
1
1
3.0883e+06
1
1
1
1
1
10958
5.0219e+07
1
1
33213
1
1
1
8.2005e+12
405.07
1
1
1
1
1
1
1
1
1
1.593e+05
1
1
1
1
1.065e+05
1
1
1
1
1
163.84
1
1
1
1
1
2.4446e+09
1
1
1
1
1
1
1
1
1
1001.1
1
1
1
1
57468
1.4623
1
1
31483
1
1
1
1
1
106.58
1
1
1
1
2973.3
1
11449
1
93.04
1
1
8.7288e+10
1
1
1
44983
1
1
1
1
1
1
1
2.8091e+06
43196
1
1
1
1
1
2.3243e+07
1
1
1
1
1
1
1
488.88
1
1
1
8.3431e+05
1
2.6706e+05
1
1.4744e+05
1
203.52
1
1
1
1
1
21006
1
1
1
1
1
1
1
1
1
1.258e+05
1
1
1
2.2069e+09
9.5603e+05
0.97304
1
94.278
1
2.341e+07
1
1
2.7721e+07
1
1
1
1
1
1
1
7.2508e+07
2.5067e+05
1
1
1
1
1
1
29074
1
1
1
1
1
2.8918e+05
1
1
33.308
284.47
1
1
2.67e+05
1
1
4.1152e+07
103.32
1
19194
1
816.98
1
1
1
1
1
1
1
1
1
1
1
1
2448
193.36
1
1
1
1
1
1
1
1
1
5.4401e+07
1
1
1
1
1
1
1
1
1
3.6881e+09
1
309.8
1
1
1
17476
1
9988.6
1
58.253
1
1
1
1
1
1
24695
1
1
1.0395e+08
1
1
1
1
10291
1
1
1
1
59.002
1
9759.5
9773.2
2990.7
1
1
1
1
1
1
1
1
1
1
437.64
1
1
1
1
1
1
1
1
4.0819
2.2665e+09
1
19923
3.3657e+06
1.8303e+08
1
1
1
1
1
1
1
1
1
1
1
1
3.6524e+07
5259.1
1.3661e+07
1.8283e+06
1
1
1
1
1
7143.6
1
1
1
1
1
6.7643e+05
1
1
1
1
18392
1.0711e+05
1
8738.9
9.0278e+06
1
10570
1
5.9356e+06
1
1
1.1237e+06
1
1
37.078
1
1
1.9054e+05
15575
877.97
11350
1.9481e+08
4973.8
1
1
1
1
1
1
1
1
1
12167
5.4216e+06
1
27.738
1
4589.7
53488
1
1
1
1
1
1
1
1
1
1
1
1
1
1
1
1
1
1
1
2.1593e+11
7830.1
1
1
1
1
6.8875e+08
1
1
1
1
1
1
1
1
1
1
9621.6
1
1
1
1
1.7624e+05
1
1
1
1
1
1
1
1
1
9.2945e+06
1
1
50822
1
1
1
1
75903
1
1
1
2.7019e+07
1
1
1.4161e+06
1
1
1979.3
1
1
1
1.3899e+09
1
1
3486.4
1
1
1
1
1
1
1
1
1
14890
1
1
1
1
1
1
1
1385.9
1
2.7638e+05
1
3.3218e+07
1
1
1
1
1
1
1
1.0496e+05
1
1
1
1
1
1
1
40184
1
1
205.01
1
1
1
1
1
23780
1
1
1
1.7649e+06
0.6513
1
1
1
8774.8
1
0.26474
1
2423.6
1
1
1
1
1
1
1
1
3273.8
1
1
1
1
1
1
1
1
1
1
1
1
1
1
1
1
1
1
1
1
1
1
1
1
1
3490.6
1
1
1
1
114.4
1
1
1
1
3.8082e+05
1
1
1
1
1.3309e+07
1
1
1
1
1
1
39097
1
10070
1
1
1
1
1
8.8852e+05
1
1
1
230.55
1549.1
1
1
1
1
590.72
1
1
1
1
1
1.0959e+05
1
1
1
1
1
17.989
1877.4
1
1
1
3.0709
3201.7
1
1
1
1
1
1
1
1.22e+08
6.5582e+05
1.3858e+06
1
1
1
1
1
1
3.2896e+06
1
1
1
2.0602e+05
1
1
3.9735e+05
1
1
1
1
1
1
1
1
1
1
1
1
1
1
2.2011e+05
1
1
1
1
1
1
1
1
1
1
1
1
1
6.7245e+06
11642
1
1
1
1
1
1
1
1
1
3.7454e+05
18010
1
1
1
1
1
1
1
1
3.7994e+05
1
1
3.2902e+05
1
1.4283e+09
1
1
1
3.4329e+05
1
1
1
1
1
6.1923
1
1
8464.2
1.4577e+05
1
1
1
1
3997.5
1
30634
1
271.75
1
1
1
1
1
1
1
1
1
1
1
1
1
1
1
1
1
1
3.3466e+05
1
1
1
1
1
1
1
2510.9
1
54252
1
2667.2
1
1
1
1
1
1
1
1
30303
1
1
1
1.269e+07
1
1
1
1
1
20823
1
1.3839e+06
15519
35.575
1
1
154.17
1
1
1
1
1
1
1
1
3.587e+08
1
1
1
1
15989
30038
1
1
1
1
1
1
1
1
1
1
1
11712
20797
1
1
1
1
1
1
1
1
1
1
1
1
1
1
1
1
1.224e+07
1
1
1
1
1
1
1
1
1
1
1
1
1
1
1
1
1
88615
1
2.3139e+05
1
3.0198e+05
1
1
1
1
1
1
1
1
1009.4
1
2.711e+08
1
1
1
62.216
1.9236e+07
1
1
1158.4
1
1
1
3.0635e+05
1
1
1
1
1
19730
1
1
1
50781
1
1
8143.2
2.0221e+07
1
1
1
1
1
1.2174e+06
116.59
1
1
1
1
3871.2
1
1
1
4.112e+05
1
1
1.1017e+06
1
1
13289
1
1
1
1
1
1.023e+05
1
1
1
1
1.2866e+10
10320
30596
1
1
1.0248
1
356.15
1.529e+07
348.92
1
3.9349e+06
5.6788e+05
1
1
1
1
1
1
1
1
1
1
1
1
1
1
1
1
1
1
1
1
17.804
1.0582e+05
38.433
12983
1
1
3.2348e+06
1
1
1
1
1
1
1
4.1342e+05
1
1
1
1
1
1
1
1
1
564.01
1
4.2256e+05
1
1
1
1
1
1
1
376.23
1
1
2.5143e+10
1
1
739.33
1
32059
1
1
1
1
1
1
5.2526e+06
1.8306e+05
1.2435e+06
1
1
1
1
1.3632e+08
1
1.3834e+08
1
1
1
1
1.718e+06
1
1
1
121.24
1
1
1
1
53048
64493
1
1
1
37.029
1360.7
3.7638e+05
29547
1
2.6558e+06
2.2246e+06
157.81
8.8297e+06
924.69
16586
1
1
3.6091e+07
1
1
1
3.115e+06
1
58942
1
1
2.3512e+07
1.5806e+09
2.1921e+05
1
1
1
1
3.2518e+05
1
1
1
1
1
1
1
3.4253e+08
78327
1
1
1
1
1
1
7.4984e+05
1
1
1
1
1
1
1
1
33093
1
1
4123.1
1
2387
1
1
9622.4
1
8.5506
1
1
1
1.863e+07
1
1.5291e+05
1
1
1
1
1.1586e+09
1
1
1
1
0.31814
1
1
1
1
1
1
1.5823e+11
1
1
1
45002
1
1
22782
1
1
8990.5
1
3377.2
1
1
7523.1
1
2.3273e+06
1
1
1
1
1
1
1
800.57
1
3.4501e+07
1
1
7.4755e+05
3.4428e+05
1.952e+06
1
1
1
1829.9
1.2948e+08
1
1
1
4.6376e+05
1
18036
5.615e+06
1
1
2.9849e+06
1
1.1187e+06
1
1
1
4.3855e+08
1
50940
1
1
1
1
1
69064
1
50056
1
1
1
1
3.2848e+07
1
1
1.3036e+05
1
1.21e+06
1643
1
1.9646e+07
1
1
5.6749e+10
1
1
1
2855.3
1
26709
1
22626
1
1
1
7650.9
1
1
1
1
1
1
1
1
1
319.84
1
1
41168
1
1
1
6.1998e+06
1
1
1
1
1
1
1
1
1
1
7.3278e+05
1
1.6431e+06
1
1
1
1
475.24
11415
1
1.7998e+05
1
1
1.2747e+06
1
1.4787e+05
1
1
1
1
1
1
1
1
1.68e+05
1
1
1
1
1
1
1
7823.8
1
1
1
52.115
1
28872
1
1
1
1
1
1
1
10443
1
1
1
1
1
1
1
1
28.002
1
1
4.7795e+05
1
8.4441e+08
3.0298e+06
1
1
1
1
1
1
1
1
1
1
1087.8
1
1
1
1
1706.6
1
1
1
3664.6
1
1
1
1
1
1.7907e+08
1
1
3.143e+09
1
1
1
15886
1
1
1
160.17
1
1
1
1
34645
1
1
1
1
1
1
210.86
1
1
2461
1
1
29.427
1
1
1
1
1
1
20991
1
1
1
1
1
1
4.0037e+05
1
1
1
1
1
13459
24573
1
759.55
1
1.5078e+08
1
6.7448e+07
1
1
1
284.4
1
1
7.6506e+09
18115
1
1
2.8421e+05
49.577
1
229.9
1
1
1
1
1
7.5127e+06
1.3665e+10
36784
1
486.69
1
1
1
1
1
36213
1
1
1
1
35127
93007
1
1
1
14326
9.4079
1
1
1
9.828e+06
1
1
1
1
2.0611e+05
1
1
1
1
1
1
69780
1
1
1
45502
5.5267e+09
1
1
176.57
1
88041
1
1.7709e+05
1
1
1
1
6.4573e+07
1
1
1
1
1
1
1
1
1
1
1
1
1
1
1
1
1
1
42.062
1
2510.7
1
1
1
19320
1
1
1
1.8977e+05
1
2.9087e+08
1
1
1
1
1
9478.8
1
436.8
1
1
2.5251e+07
1
1
1
1
1557.4
1
1
1
1
1
1
1
1
1
1
1
1
1.0252e+09
1
1
1
1
1
1
1.0334e+05
1
1
1
1
1
1
1
1
1
1
83.6
1
1
1
1
1
1
1
1
1
2.1077e+05
1
1
1
1
1
1188.6
1
1
1.3295e+07
7.1068e+06
1
3.0638e+05
373.91
1
4.2421e+06
1
1
1
2.6474e+07
1
3.5921e+05
1
421.44
1
1
1
2182.3
208.98
9537.4
1
1
24591
1
2.6025e+06
1
1
1
1
1
1
11.908
1
1
1
32378
1
1
1
1
1
1
1
1
1.4704e+08
1
2809.3
1762.1
1.4587e+06
7509.9
1
1965.1
1
1
1
1
3.7221e+05
1
656.51
1
1
1
1
1
1
2.2717e+10
1
1
1
1
1
1
9.1116e+13
1
1
1
6258.5
1
1
1
1
1.6809e+10
1
1
3730.3
1.6711e+06
1
1
1
1
1
1
1
1
1
1
1.2235e+05
382.65
5.162e+05
1
1
2.2622e+05
1
5883
1
1
1
1
1
1
1
1
1
1
1
3.888e+06
1
168.11
1
1
1
1
1
1
1
106.14
1
1
1
1
1.0538e+06
2136.7
1
1
1
1
1
1.8103e+05
1
441.93
4.0402e+10
1
241.16
1
1
1
1
43417
1
2.0662e+10
1
7.7712e+05
1
4.1263e+07
1
1
1
35795
1
1
1
3501.2
1
1.7249e+07
1
5.2532e+05
1
1
47381
1
1
6.6084e+05
1
1
1
1
1
1
1
1
1
1
1
14069
1
1
1
1
1
5599.5
1053.2
1
1
1
1
1
133.69
1
1
1
1
1
5.6676e+08
3314.6
64929
1
1
1
1
1
1
3610.4
1
1
1
1
1
1
1
1
1
16842
1
1
80783
3617.7
1
1.305e+05
1
1
1
1
1
1
67875
1
1
1
1
1.6882e+05
1
1
1
9.3359e+05
1
1
1
1
1
1
1
1
1
1
1
1
1
1
1
7030.8
1
1
1
1
1
1
1
1
1
1
4034.8
1
1
1
598.53
3.5082e+12
3.3035e+05
1.9985e+07
1
1
1
1.7779e+06
1
359.15
1
1
1
1
1
1
1
1
421.63
1
1
2503.9
1
1
68527
1
1
1
1
1
5310.3
1
23773
1
1
1
1
1.0408e+11
1
1
1
1
1
1
1
646.7
1
1
23.228
1.0477e+06
1
1
1
1
1
84532
1
1
1
39333
1
1
1
35947
1
1
1
1
1
1
2501.7
1
1
1
1
1
2.84e+09
1
1
2294.7
1
1
1
4.4584e+05
1
1
146.86
1
1
1
9.3334e+07
1
1
1
1
1
981.26
1
1
1
3923.4
5.217e+07
4.318e+09
1
1
1
1
1
1
1
1
1
1
1
1
1
1
1
1
31.623
535.06
1
11715
1
2.0865e+07
1
1
1
1
4125.3
1
1
1
8380.4
4817.8
1
1
1
5468.2
1
1
1
1.3383e+07
535.11
1
1
1
1
1
1
1
58.331
17464
1
1
1
1
1
34105
1
1
1
1
6.6938e+08
1
1
0.48629
1
1
1
1
1
1
1
1
7.782e+08
5.6362e+08
2.1006e+09
1
212.72
1
1
1.3619e+05
1
1
1
1
1
931.56
1
1
1
1
1
1
1
1
1
1
1
16.093
1
1
51613
1
1
1
1
1
1
1
1
1
1
2.0521e+06
1
1
1
1
1
1
1
1
4.01e+06
9.8339e+09
1
1.7039e+07
1
2.5955e+06
1
1
1
1
7.5703e+05
1
1
1
1
1
1
1
1
1.7969e+05
1
1
1
1
3.5098e+05
1
1
1
1
1
1
1
1
1
1
1.0614e+07
1
1
1
1
1
1
1
8576.6
695.96
1
1.1289e+05
1
8.8208e+06
1
1
1
1
1
1
1
1.4177e+05
1
1
1
1
1
1
2.0323e+08
1
1
1
1
1.9904e+06
1
1
1
8.1883e+06
1
1
1
1
1
1
1.4693e+05
539.23
1
1
1
1
1
11846
1
1
1
1
1
1
1
1
1
1
2.753e+07
1
1
1
283.44
1.2338e+08
1
1
31.598
1
1
2.5099e+06
1.7983e+05
1
1
6.124e+06
1
1
1
8.0763e+05
1
16138
1
1
1
1
1
3242.4
1
1
1
1
1
1
1
941.83
1
1
1
1
1
1
1
1
2.0643e+11
1
1
1
1
40766
9.517e+08
1
1
1
562.14
1
1
9604.3
1
1
9.8622e+05
1
1
1
8000.2
1
527.55
1
1
1.7775e+05
1
1
1
1
1
1
1
1
3.3183e+05
63.867
1
264.41
1
1
5.3061e+07
2.5288e+05
1
405.51
71.932
1
1
1
1
3.437e+05
1
1.1668e+06
1.4339e+05
1
8.83e+07
1064.9
20433
1
1
1
1
1
1
1
2.313e+09
1
1
8.2768e+05
79604
1
1.2895e+06
1
1
1
1
169.74
1
1
1
1
3.0835e+05
1
4.1474e+07
1
1
1
1
1
1
1
1.2223e+07
1
2267.1
1
1
1
1
1
1
1
1
1
1
1
1
1
1
26.654
1
1
1
1
1
1
1
1
1
1
1
2.9229e+05
230.61
1
5.7526e+05
728.37
1
1
1
1
1
3.2084e+05
1
1
1
1
1252.8
1
28.196
1
1
7.3572e+06
1
0.63379
1
34375
1
1
2.9908e+06
1
1
1
60060
1
1
1
1
1
6956.8
1
1
1
1
1
13724
1520.4
1
1
1
1
2.8061e+05
1
556.1
1
1
1
1
1
1
1
1
1
2.4623e+06
1
1
2.9085e+05
1
1
1
1
1
1
1
1
1
1
1
1
1
1
1
783.57
1
1
1
26.688
1
28838
1
7.1677e+05
1
1
1
1
5.8018e+05
1
5.5159e+05
1
1
1
1
1
1
1
1
1
1
1
508.06
1
1
5.1475e+06
1
1
1
1
1
1
1
12631
1
2.6529e+05
1
573.35
297.19
1
1
1
1
1
12706
1
1
1
1
7.3217e+07
116.82
1.2814e+08
1
1
1
1
1
1
1
1
1
1
1
1
1
349.85
1
6.4867e+06
1
730.26
1
1
8.4819e+05
1
1
1
1
246.24
1
1
1
1
1
1.095e+05
9.3949e+05
1
1
1
1
1
1.6423e+05
1
1
44277
1
1
1
1702
1
1
69116
1
1.7496e+05
1
1
1
1
7479.9
1
1
8.1451e+06
184.29
1.8262e+05
1
7299.3
1
1.2656e+06
2.8482e+08
1.6202e+07
1
1
1
26742
1
1
1
1229.9
1
1
14.821
1
1
342.18
1.3456e+06
1
1
1
1
230.98
76443
1
1
1
1.2055e+07
4.2418e+06
5439.5
1
30067
1
1
33.507
0.52496
1
1.345e+05
1
1.1957e+05
1
1
101.03
2.7261e+05
1
1
1
1
1
1
304.14
1
1
1
1
1
22987
1
1
1.762e+05
914.95
1.3088e+06
1
1
1
1
20634
1
1.1525e+09
1
1
1
0.82014
1
14755
1
1
1
1
1
1
1
1
1
1
1
425.27
1
7.8601e+07
2.2144e+09
1
5.4256e+07
1
1
1
29893
16210
1
1
1
1
1
1
1
1
1
1913.9
1
440.45
14.527
1
1
1
1
21224
1
1
1
1
2.3264
1
67106
1.105e+08
4.2865e+08
1
777.36
1
1
1
1
7.7068e+06
32698
1
92921
1
1
1
2662.1
1
4.2121e+10
1
1
1
1
1
117.99
1
1
105.79
1
1
1
1
1
1
1
49789
1
7.6897e+06
1
1
4.3896e+07
30972
1
1
1.8246e+07
3.8298e+06
1
12887
1365.6
1
1
1
1
49.17
1
1
1
24446
1202.8
1
1
1
1
21691
1
1.2539e+10
3721.2
1
1
1
1
3.524e+05
1.8906e+06
1
9.3272e+06
1
1
1
1
1
1
1
1
1
1
1
1
1
4.6342e+05
1
1
1
1
1
12.395
1
1
1
1
1
1
1
6.3523e+05
1
1
1.9193e+05
7273.9
5.9525e+10
1
1
19167
1
1
1
2.8969e+05
1
6800.1
1
4.1841e+07
1
1
8.711
1.4017e+06
1
1
1
1
1
1
1
1
1
1
1
1
1
169.77
1
1
1
4112.4
1
5813.2
2.8835e+05
1
1
1
1
1
1
1
1
1
1
1
1
1
1
1
2.4608e+05
1
1
1
1.059e+06
1
1
1
1
1
1
1
1
1
1
1
1
1
1
1
1
3.36e+05
1
1
1
1
1
1
1
1
1
1
1
1
1
1
1
1
1
1
1
1
1
29670
1
1
1
1
1
1
1
1
1
1
1
1
3.3656e+05
1
1
1
1
4977.3
49178
1
698.92
1
1
98.372
99125
1
1
1
1
70.783
23.773
1
1.3364e+05
149.28
1
1
1
1
1.4534e+05
1
1
1
1
1
1
1
4.171e+06
1
1
19634
1
41313
1
1
1
1
1
1
1
1
13.843
1
2.1357e+11
1
1
1
1
102.78
1
1
20.138
1
1
1460.2
1
1
1
1
1
43.321
1
1
4.8943e+05
1
1
1
1
1
2.7094e+07
4623.9
1
1
1
1
1
1
1
2.7474e+05
1
5.3057e+05
1
1
1
1
1
1
910.93
1
1
1
3.9673e+05
1
1
1
1
1
1
1
1
1
16241
1
1
1
1
1
4240.6
1
1
1
34017
1
1
20212
1
1.3095e+06
1
1
1.8371e+06
1
1
3.3049e+05
1
1
1
283
1
16885
1
1
1
1
1
1
1
1
7.0836e+05
1
1
1
1
330.47
1
1
1
1
1
1
1
2.2288e+06
1
1
1.3124e+05
1
1
1
1
1.8463e+05
1
1
1
1
6.6433e+05
1
1
7645.2
1
1
1
1
1
3.708e+06
1.3035e+06
1
1
1
1
4.0462e+07
1
1
1
1
1.9856e+06
1
1
1
3934.4
1
1
1
42465
4236.8
1
1
1
1
59.644
1
1
1
2.0512e+06
1
4813.8
1
5.3564e+07
4372.5
1
1
1
4.6899e+05
1
1
1194.3
1007.8
2972.4
1
1
1.5472e+05
1
1
1
577.9
1
1
32034
1
1
1
542.07
1
1
14.899
1
1
1.487e+06
1
1
1
309.57
1
1
3.3017e+06
1.298e+09
5.5603e+06
301.87
1
1
1
1
1
461.91
2899.7
15.201
2.3136e+05
1
1
3.0657e+05
1
1
1
1
1
2.2367e+05
5.0087e+08
1.6024e+09
1
1
1
1
743.39
1
1
1
1256.6
5946.8
407.16
56574
1
1
1
1
1
1.5922e+05
1.6052e+06
1
1
1
1
1
1
14136
1
1
1
6.0624e+06
1
95044
1175.1
2.8259e+11
1
5.9169e+05
6.2453e+07
1
1
3.3266e+06
1
1.782e+05
1
1
1
1
3.4617e+08
1
1
1
1.4052e+07
1
61718
1
26892
1
4.9821e+05
1
3.1198e+09
1
1534.6
3.0028e+06
1
1
49226
1
1
1
1
1
1
139.59
1
1
1
1
1
1
1
1
5036.1
1
1
1840.1
1
1
1
1
