1.1011e-10
1.1011e-10
0.00071856
1.1011e-10
1.1011e-10
1.1011e-10
1.1011e-10
0.00072012
0.00060517
0.00069888
1.1011e-10
1.1011e-10
0.0014505
0.00049382
0.00064317
0.00042759
1.1011e-10
1.1011e-10
1.1011e-10
1.1011e-10
0.0011443
1.1011e-10
1.1011e-10
0.00048719
0.00047895
0.00038517
1.1011e-10
0.00061471
1.1011e-10
1.1011e-10
1.1011e-10
1.1011e-10
1.1011e-10
1.1011e-10
1.1011e-10
1.1011e-10
0.0013172
1.1011e-10
1.1011e-10
0.0001468
1.1011e-10
1.1011e-10
0.00037092
1.1011e-10
1.1011e-10
0.00081825
1.1011e-10
1.1011e-10
0.0003504
0.00053332
1.1011e-10
1.1011e-10
1.1011e-10
1.1011e-10
1.1011e-10
0.00090044
0.0021753
0.0011425
1.1011e-10
0.00031986
1.1011e-10
1.1011e-10
1.1011e-10
0.00048545
1.1011e-10
0.0020649
1.1011e-10
1.1011e-10
0.0013228
0.00064253
0.00056623
1.1011e-10
0.00032345
0.00070393
0.00054265
0.00054115
0.00024628
1.1011e-10
0.001592
1.1011e-10
1.1011e-10
0.0012453
1.1011e-10
1.1011e-10
1.1011e-10
1.1011e-10
0.002141
1.1011e-10
1.1011e-10
0.00066638
0.00065537
1.1011e-10
1.1011e-10
0.00074768
1.1011e-10
1.1011e-10
1.1011e-10
0.00077579
1.1011e-10
1.1011e-10
0.0016879
1.1011e-10
0.00027735
0.00043155
1.1011e-10
0.00040407
1.1011e-10
0.0008828
0.00048072
1.1011e-10
1.1011e-10
1.1011e-10
1.1011e-10
0.00029856
1.1011e-10
1.1011e-10
0.00049697
0.00076401
1.1011e-10
1.1011e-10
1.1011e-10
1.1011e-10
1.1011e-10
0.00059749
1.1011e-10
1.1011e-10
0.00030221
0.0009211
1.1011e-10
1.1011e-10
1.1011e-10
1.1011e-10
0.00044425
1.1011e-10
1.1011e-10
0.00030317
0.00040654
1.1011e-10
1.1011e-10
1.1011e-10
0.00090855
0.00020077
1.1011e-10
1.1011e-10
0.0015205
1.1011e-10
1.1011e-10
1.1011e-10
1.1011e-10
0.00063259
1.1011e-10
0.0014181
0.00024699
1.1011e-10
1.1011e-10
1.1011e-10
0.0008686
0.00052664
1.1011e-10
1.1011e-10
0.00072756
1.1011e-10
0.00028163
1.1011e-10
1.1011e-10
1.1011e-10
1.1011e-10
1.1011e-10
1.1011e-10
1.1011e-10
0.0013414
1.1011e-10
1.1011e-10
0.00098358
0.00061347
1.1011e-10
1.1011e-10
1.1011e-10
0.00085057
1.1011e-10
1.1011e-10
1.1011e-10
1.1011e-10
0.00067614
0.00097913
0.0017107
1.1011e-10
1.1011e-10
1.1011e-10
1.1011e-10
0.0001982
1.1011e-10
1.1011e-10
0.00051316
1.1011e-10
0.00072287
0.0011737
1.1011e-10
1.1011e-10
1.1011e-10
0.00044892
1.1011e-10
1.1011e-10
0.00071743
1.1011e-10
1.1011e-10
1.1011e-10
0.00044414
1.1011e-10
1.1011e-10
0.00027079
1.1011e-10
1.1011e-10
1.1011e-10
1.1011e-10
1.1011e-10
1.1011e-10
1.1011e-10
0.00063436
1.1011e-10
1.1011e-10
0.0020833
1.1011e-10
0.0017908
0.00037261
1.1011e-10
1.1011e-10
1.1011e-10
1.1011e-10
1.1011e-10
0.00052418
1.1011e-10
0.00021581
1.1011e-10
0.00022308
0.00075254
1.1011e-10
1.1011e-10
1.1011e-10
0.0007249
0.00049072
1.1011e-10
0.00053858
0.00030844
1.1011e-10
1.1011e-10
1.1011e-10
0.00030626
1.1011e-10
1.1011e-10
0.0002695
1.1011e-10
0.00047373
1.1011e-10
0.00049004
0.00087921
0.00050141
1.1011e-10
0.00052301
0.00040811
1.1011e-10
0.0015313
0.00084944
0.00035631
0.0014998
1.1011e-10
1.1011e-10
1.1011e-10
0.00049101
1.1011e-10
1.1011e-10
1.1011e-10
1.1011e-10
1.1011e-10
0.00085915
1.1011e-10
0.00027933
0.00020977
0.00036043
0.00036848
1.1011e-10
1.1011e-10
1.1011e-10
1.1011e-10
1.1011e-10
1.1011e-10
1.1011e-10
1.1011e-10
1.1011e-10
1.1011e-10
0.00058696
0.00037148
0.00055046
0.0011432
0.00036793
0.00061478
1.1011e-10
1.1011e-10
0.00015663
1.1011e-10
0.00030139
1.1011e-10
1.1011e-10
0.00042614
0.00039974
0.00027108
0.00053931
1.1011e-10
0.00044418
0.00032811
1.1011e-10
1.1011e-10
1.1011e-10
0.0004883
0.00045173
0.00050285
1.1011e-10
1.1011e-10
1.1011e-10
1.1011e-10
0.00025636
1.1011e-10
1.1011e-10
0.00024182
1.1011e-10
1.1011e-10
1.1011e-10
0.00094108
1.1011e-10
1.1011e-10
0.0017252
1.1011e-10
1.1011e-10
0.0015253
0.00043004
0.00038241
1.1011e-10
0.00025537
1.1011e-10
0.00045188
0.00041996
1.1011e-10
0.0014061
1.1011e-10
1.1011e-10
0.00096737
0.00043152
1.1011e-10
0.00043467
0.00033417
1.1011e-10
1.1011e-10
0.00045613
0.00083296
0.00027636
1.1011e-10
1.1011e-10
1.1011e-10
0.0005127
1.1011e-10
0.00062904
1.1011e-10
0.00098317
0.0003895
1.1011e-10
1.1011e-10
1.1011e-10
0.00023874
0.00088489
1.1011e-10
1.1011e-10
0.00020734
0.00045622
0.00072333
0.00038726
1.1011e-10
1.1011e-10
1.1011e-10
0.00037716
0.00048024
0.00062176
1.1011e-10
1.1011e-10
1.1011e-10
1.1011e-10
1.1011e-10
1.1011e-10
1.1011e-10
1.1011e-10
0.00029228
1.1011e-10
0.00018854
1.1011e-10
0.00053216
0.00028982
1.1011e-10
1.1011e-10
1.1011e-10
1.1011e-10
1.1011e-10
1.1011e-10
0.0010644
1.1011e-10
0.00043038
1.1011e-10
1.1011e-10
1.1011e-10
0.00055481
0.00038124
1.1011e-10
0.00054503
1.1011e-10
1.1011e-10
0.00038471
1.1011e-10
1.1011e-10
0.00046861
1.1011e-10
1.1011e-10
1.1011e-10
0.0011551
1.1011e-10
1.1011e-10
0.00046562
0.0010901
0.00060539
1.1011e-10
0.00053861
0.0010305
1.1011e-10
1.1011e-10
0.00043743
0.00045773
1.1011e-10
1.1011e-10
1.1011e-10
0.00090161
1.1011e-10
0.00012637
1.1011e-10
1.1011e-10
0.00051236
0.00012386
0.00020037
0.00045322
1.1011e-10
0.00028093
0.00038427
0.00086957
1.1011e-10
1.1011e-10
0.00049414
1.1011e-10
0.00077484
1.1011e-10
0.00050392
1.1011e-10
1.1011e-10
0.0003453
1.1011e-10
0.00026148
1.1011e-10
1.1011e-10
1.1011e-10
1.1011e-10
1.1011e-10
1.1011e-10
0.00089916
0.0012024
1.1011e-10
0.00027314
1.1011e-10
0.00036915
0.00020654
1.1011e-10
1.1011e-10
1.1011e-10
0.00040618
0.00054266
0.00024435
0.00076133
0.0010367
0.00087633
0.00017429
1.1011e-10
0.00058984
1.1011e-10
1.1011e-10
1.1011e-10
0.0002712
0.00043847
0.00014666
1.1011e-10
0.00045711
1.1011e-10
0.00071573
1.1011e-10
1.1011e-10
1.1011e-10
1.1011e-10
1.1011e-10
1.1011e-10
0.00030631
1.1011e-10
0.00028896
1.1011e-10
0.00042159
0.00040856
0.00030057
1.1011e-10
1.1011e-10
0.00066921
1.1011e-10
1.1011e-10
0.0002334
0.00045197
1.1011e-10
0.00022156
1.1011e-10
0.00049503
0.00021194
0.00048849
1.1011e-10
1.1011e-10
1.1011e-10
1.1011e-10
0.00036322
0.000296
0.00030559
1.1011e-10
1.1011e-10
1.1011e-10
1.1011e-10
0.00057711
0.00041522
1.1011e-10
1.1011e-10
1.1011e-10
1.1011e-10
0.00046045
0.00051694
1.1011e-10
0.00053593
0.0007182
1.1011e-10
0.00036043
1.1011e-10
1.1011e-10
0.0009877
0.00078488
0.00046546
0.0010892
0.0013858
1.1011e-10
1.1011e-10
1.1011e-10
1.1011e-10
0.00032677
1.1011e-10
0.00035594
1.1011e-10
1.1011e-10
0.00077014
1.1011e-10
1.1011e-10
1.1011e-10
1.1011e-10
1.1011e-10
0.00048931
1.1011e-10
0.00022662
1.1011e-10
1.1011e-10
1.1011e-10
0.0002964
1.1011e-10
1.1011e-10
1.1011e-10
1.1011e-10
0.00018512
1.1011e-10
0.00021218
1.1011e-10
0.00055313
1.1011e-10
0.00040487
1.1011e-10
0.00019199
0.00038266
1.1011e-10
1.1011e-10
1.1011e-10
0.0011526
0.00031
0.00079026
1.1011e-10
1.1011e-10
0.00030519
1.1011e-10
0.00027998
1.1011e-10
1.1011e-10
0.00085003
0.00030219
0.00042579
1.1011e-10
1.1011e-10
1.1011e-10
1.1011e-10
0.00064415
0.00042999
1.1011e-10
0.00027846
0.00044607
0.00037956
0.00025568
0.00033424
0.00024286
1.1011e-10
0.00016095
0.00040411
1.1011e-10
0.00027942
0.00036137
1.1011e-10
1.1011e-10
0.000409
1.1011e-10
1.1011e-10
1.1011e-10
1.1011e-10
0.00039429
0.00086211
0.0003396
0.00054867
1.1011e-10
0.00024031
1.1011e-10
1.1011e-10
1.1011e-10
1.1011e-10
1.1011e-10
1.1011e-10
1.1011e-10
0.00035869
0.0010027
1.1011e-10
1.1011e-10
1.1011e-10
1.1011e-10
0.00039477
0.0007774
1.1011e-10
1.1011e-10
1.1011e-10
1.1011e-10
0.00057618
1.1011e-10
0.00030514
0.00051325
1.1011e-10
1.1011e-10
0.00033691
1.1011e-10
1.1011e-10
1.1011e-10
1.1011e-10
0.00018036
1.1011e-10
1.1011e-10
0.00053685
0.00052229
0.00025203
1.1011e-10
0.00072741
1.1011e-10
0.00035564
1.1011e-10
1.1011e-10
1.1011e-10
0.0003181
0.0010059
1.1011e-10
0.00085066
1.1011e-10
9.4775e-05
1.1011e-10
0.00032138
1.1011e-10
1.1011e-10
1.1011e-10
0.00027042
0.00044677
0.00032658
1.1011e-10
0.00034424
1.1011e-10
1.1011e-10
1.1011e-10
1.1011e-10
1.1011e-10
0.00076748
0.00082494
0.00036748
0.00013462
1.1011e-10
0.00043065
1.1011e-10
0.0016946
1.1011e-10
0.00081099
0.00040654
1.1011e-10
0.00030694
0.00075003
1.1011e-10
0.00036716
1.1011e-10
1.1011e-10
0.00062407
1.1011e-10
1.1011e-10
1.1011e-10
0.00035754
0.00039355
0.00054943
0.00055754
0.0011721
0.00099713
0.0019188
1.1011e-10
1.1011e-10
0.00023954
1.1011e-10
1.1011e-10
1.1011e-10
0.0013147
1.1011e-10
1.1011e-10
0.00031922
0.0003132
0.00021989
0.00020597
0.00053293
1.1011e-10
1.1011e-10
0.00079545
0.00031596
1.1011e-10
0.0003154
1.1011e-10
1.1011e-10
0.0016341
1.1011e-10
0.00045072
1.1011e-10
0.00046149
0.00075256
0.00053072
0.00032422
1.1011e-10
1.1011e-10
1.1011e-10
0.00059244
1.1011e-10
0.00046018
0.00012825
1.1011e-10
1.1011e-10
0.00051857
0.00052225
0.00010126
1.1011e-10
0.00057471
0.00070965
1.1011e-10
0.00042658
1.1011e-10
1.1011e-10
1.1011e-10
1.1011e-10
0.0002798
0.00014
1.1011e-10
1.1011e-10
1.1011e-10
1.1011e-10
1.1011e-10
1.1011e-10
0.00057295
0.00053129
0.00032437
1.1011e-10
1.1011e-10
0.00020652
0.0011333
1.1011e-10
0.00044404
1.1011e-10
1.1011e-10
0.00038887
0.00050346
0.00054753
0.00027613
1.1011e-10
1.1011e-10
0.00081413
1.1011e-10
0.0005102
0.00096362
0.00031
0.00022297
0.00035841
0.00033759
1.1011e-10
1.1011e-10
1.1011e-10
1.1011e-10
0.00030781
1.1011e-10
1.1011e-10
0.00099723
1.1011e-10
1.1011e-10
0.00063651
0.00037449
0.00035003
0.00049193
1.1011e-10
1.1011e-10
0.00072323
1.1011e-10
0.00092992
0.00068462
0.00054878
1.1011e-10
0.00032665
1.1011e-10
0.0003516
0.00044429
0.00021315
1.1011e-10
1.1011e-10
1.1011e-10
0.00030589
0.00027879
1.1011e-10
1.1011e-10
0.0009253
1.1011e-10
0.00032051
1.1011e-10
1.1011e-10
0.0028441
1.1011e-10
1.1011e-10
1.1011e-10
0.00067989
1.1011e-10
0.00059926
1.1011e-10
0.001121
0.00038752
1.1011e-10
0.00052049
0.0009234
0.0010572
0.0002342
1.1011e-10
1.1011e-10
0.0001975
1.1011e-10
1.1011e-10
1.1011e-10
1.1011e-10
0.00085552
0.0009909
0.0008562
1.1011e-10
0.00051868
0.00047316
0.00043957
1.1011e-10
0.0005632
0.00027945
1.1011e-10
1.1011e-10
0.00058845
0.00054307
0.00088168
1.1011e-10
1.1011e-10
1.1011e-10
0.00051508
1.1011e-10
0.00035589
0.00048893
1.1011e-10
0.00037118
0.00040633
1.1011e-10
1.1011e-10
1.1011e-10
0.00031669
1.1011e-10
1.1011e-10
0.00030439
1.1011e-10
1.1011e-10
0.00086647
1.1011e-10
1.1011e-10
1.1011e-10
0.001572
1.1011e-10
0.00054902
1.1011e-10
0.0013007
0.0014995
0.00034963
1.1011e-10
0.00047993
1.1011e-10
1.1011e-10
1.1011e-10
1.1011e-10
1.1011e-10
1.1011e-10
1.1011e-10
1.1011e-10
8.7721e-05
0.00038775
1.1011e-10
0.0006662
0.00035894
0.001023
1.1011e-10
1.1011e-10
1.1011e-10
1.1011e-10
0.00031014
1.1011e-10
1.1011e-10
0.00041836
1.1011e-10
0.00036501
1.1011e-10
0.00028761
1.1011e-10
1.1011e-10
0.00018323
1.1011e-10
1.1011e-10
0.00027301
1.1011e-10
1.1011e-10
1.1011e-10
0.00038803
1.1011e-10
0.00047745
1.1011e-10
0.00080413
0.00028339
0.00033621
0.00030076
1.1011e-10
0.00060625
0.00020045
1.1011e-10
0.00026216
1.1011e-10
0.00021415
1.1011e-10
0.00026383
0.00051616
0.00021556
0.00026839
1.1011e-10
1.1011e-10
0.00028903
0.0003226
1.1011e-10
1.1011e-10
1.1011e-10
1.1011e-10
1.1011e-10
1.1011e-10
0.00049101
0.00042805
0.00047977
1.1011e-10
0.0012901
1.1011e-10
0.0011265
0.0010831
1.1011e-10
1.1011e-10
0.00026741
1.1011e-10
1.1011e-10
0.00030392
1.1011e-10
0.00020736
1.1011e-10
1.1011e-10
0.00039232
0.00061696
0.00071872
0.0014058
1.1011e-10
0.00036927
1.1011e-10
1.1011e-10
0.00020343
0.00058835
0.00032989
0.00056277
1.1011e-10
1.1011e-10
1.1011e-10
1.1011e-10
1.1011e-10
0.00041319
1.1011e-10
1.1011e-10
0.00058656
0.00036103
0.00076156
1.1011e-10
0.00049241
0.00019223
1.1011e-10
1.1011e-10
0.00022814
0.0014083
1.1011e-10
0.0003671
1.1011e-10
1.1011e-10
1.1011e-10
1.1011e-10
1.1011e-10
0.00093116
0.00032078
1.1011e-10
0.0013498
0.00039782
0.00073058
0.0012955
1.1011e-10
1.1011e-10
0.00066445
1.1011e-10
0.00021042
1.1011e-10
0.00019338
1.1011e-10
1.1011e-10
1.1011e-10
0.00055951
1.1011e-10
1.1011e-10
1.1011e-10
1.1011e-10
1.1011e-10
0.00015904
0.00043891
1.1011e-10
0.00048536
1.1011e-10
1.1011e-10
0.00054684
1.1011e-10
0.00027311
1.1011e-10
0.00041449
1.1011e-10
0.00062746
1.1011e-10
1.1011e-10
0.0008446
0.0016463
1.1011e-10
1.1011e-10
0.0002488
0.0009159
1.1011e-10
1.1011e-10
1.1011e-10
1.1011e-10
0.00029253
0.00064569
1.1011e-10
0.00029054
1.1011e-10
0.00041345
0.00018353
1.1011e-10
0.00050747
0.00011951
0.00078941
1.1011e-10
1.1011e-10
1.1011e-10
0.0015125
1.1011e-10
1.1011e-10
1.1011e-10
0.00027328
0.00057786
1.1011e-10
0.00023751
0.00036454
1.1011e-10
1.1011e-10
1.1011e-10
0.0010708
1.1011e-10
0.00038832
0.00051396
0.00098839
1.1011e-10
1.1011e-10
1.1011e-10
1.1011e-10
0.00046192
0.0024758
1.1011e-10
1.1011e-10
0.00015968
1.1011e-10
1.1011e-10
0.00036034
0.00023346
0.00029667
0.00048776
1.1011e-10
0.00048393
1.1011e-10
0.0018435
1.1011e-10
1.1011e-10
1.1011e-10
0.00021141
1.1011e-10
1.1011e-10
1.1011e-10
0.00052462
1.1011e-10
0.0004521
1.1011e-10
1.1011e-10
1.1011e-10
0.00036413
0.00028167
1.1011e-10
1.1011e-10
1.1011e-10
1.1011e-10
1.1011e-10
1.1011e-10
1.1011e-10
0.00064901
0.00047069
0.00029639
0.00010874
0.0012292
1.1011e-10
1.1011e-10
0.00029899
0.001265
0.00036882
1.1011e-10
1.1011e-10
1.1011e-10
1.1011e-10
1.1011e-10
1.1011e-10
1.1011e-10
1.1011e-10
0.00029486
0.00052986
0.00034642
0.00074332
1.1011e-10
0.00042019
0.00046574
1.1011e-10
1.1011e-10
0.00043284
0.00032801
1.1011e-10
0.00036255
1.1011e-10
1.1011e-10
0.00052418
1.1011e-10
0.00087884
0.00024639
1.1011e-10
0.00025038
0.001217
0.00042925
1.1011e-10
0.00051622
1.1011e-10
0.00057045
1.1011e-10
1.1011e-10
0.0004569
0.0001791
0.00049394
0.00051724
1.1011e-10
1.1011e-10
0.00044103
1.1011e-10
0.00023821
1.1011e-10
0.00050974
0.00083657
1.1011e-10
1.1011e-10
0.00084619
1.1011e-10
0.0010793
1.1011e-10
0.0009538
0.00091626
0.00042617
1.1011e-10
1.1011e-10
0.00073635
0.00037661
0.00020907
0.0004587
1.1011e-10
1.1011e-10
1.1011e-10
1.1011e-10
1.1011e-10
0.00030197
0.00023214
1.1011e-10
0.00027885
1.1011e-10
0.00046413
1.1011e-10
1.1011e-10
1.1011e-10
1.1011e-10
1.1011e-10
0.00042422
1.1011e-10
0.00037506
0.00029531
1.1011e-10
0.00045828
1.1011e-10
0.00026964
1.1011e-10
0.0020594
0.0010885
0.00049336
0.00028814
0.00019441
0.0006183
0.00042559
0.00080997
0.00061492
1.1011e-10
1.1011e-10
1.1011e-10
1.1011e-10
1.1011e-10
1.1011e-10
0.00031538
0.00051205
1.1011e-10
0.00041423
0.00045512
1.1011e-10
1.1011e-10
1.1011e-10
0.00050125
0.00040688
1.1011e-10
1.1011e-10
1.1011e-10
1.1011e-10
0.00046336
0.00019402
0.0012906
1.1011e-10
1.1011e-10
1.1011e-10
1.1011e-10
1.1011e-10
1.1011e-10
1.1011e-10
0.00036624
1.1011e-10
1.1011e-10
1.1011e-10
0.00054924
1.1011e-10
1.1011e-10
1.1011e-10
0.00055007
0.0012631
0.00029233
0.0013872
0.00052669
1.1011e-10
1.1011e-10
1.1011e-10
0.00061474
0.00034774
1.1011e-10
0.00037164
0.0004924
0.0006929
0.00013183
0.00067468
0.00057461
0.00073053
0.000343
1.1011e-10
0.00035636
1.1011e-10
1.1011e-10
0.00056621
1.1011e-10
0.00073815
1.1011e-10
1.1011e-10
0.00071523
1.1011e-10
0.00029955
1.1011e-10
1.1011e-10
0.00015669
1.1011e-10
1.1011e-10
0.00039411
1.1011e-10
1.1011e-10
0.00030237
1.1011e-10
0.00045769
0.00071704
0.00026545
1.1011e-10
0.00033883
1.1011e-10
0.00030376
1.1011e-10
0.00023443
0.00088957
0.00072705
1.1011e-10
1.1011e-10
1.1011e-10
1.1011e-10
1.1011e-10
0.00018688
1.1011e-10
1.1011e-10
1.1011e-10
0.00036923
0.00027167
0.00044383
0.00040919
1.1011e-10
0.00044459
0.00048991
0.00040408
1.1011e-10
1.1011e-10
0.00022828
1.1011e-10
1.1011e-10
0.00045852
0.0002067
1.1011e-10
1.1011e-10
1.1011e-10
0.00047101
0.00036706
1.1011e-10
1.1011e-10
0.00039264
1.1011e-10
1.1011e-10
0.00064087
0.0004927
0.00023273
1.1011e-10
0.00045226
1.1011e-10
1.1011e-10
1.1011e-10
1.1011e-10
0.00041454
1.1011e-10
0.00081757
1.1011e-10
1.1011e-10
1.1011e-10
1.1011e-10
0.00067463
1.1011e-10
1.1011e-10
0.0002782
0.00015642
0.00032683
0.00092474
0.0011759
1.1011e-10
1.1011e-10
0.00017861
1.1011e-10
0.00069704
1.1011e-10
1.1011e-10
1.1011e-10
0.0004294
1.1011e-10
1.1011e-10
0.00055389
1.1011e-10
0.00066653
1.1011e-10
0.00021301
1.1011e-10
1.1011e-10
1.1011e-10
0.00053757
0.00045285
0.00020224
0.00083772
0.00038487
0.001289
1.1011e-10
1.1011e-10
1.1011e-10
1.1011e-10
0.00050299
0.00043139
0.0003938
0.0013166
1.1011e-10
1.1011e-10
1.1011e-10
0.00043457
1.1011e-10
0.00029435
1.1011e-10
1.1011e-10
1.1011e-10
0.00032879
0.00093004
0.00028165
0.00040768
1.1011e-10
0.00099162
0.00022985
0.00031203
1.1011e-10
1.1011e-10
1.1011e-10
0.00021798
0.00029583
1.1011e-10
0.00061175
1.1011e-10
0.00020054
1.1011e-10
1.1011e-10
0.00025721
0.00055422
1.1011e-10
1.1011e-10
1.1011e-10
1.1011e-10
1.1011e-10
0.00042051
1.1011e-10
0.00060812
0.0002817
0.0003353
1.1011e-10
1.1011e-10
1.1011e-10
0.00024928
1.1011e-10
0.00048501
0.00050281
1.1011e-10
1.1011e-10
1.1011e-10
1.1011e-10
1.1011e-10
1.1011e-10
1.1011e-10
1.1011e-10
0.00054054
1.1011e-10
0.0004169
0.00025466
0.00031984
1.1011e-10
0.00056164
1.1011e-10
1.1011e-10
0.00066379
0.00040327
1.1011e-10
1.1011e-10
1.1011e-10
0.00054369
1.1011e-10
0.00087944
1.1011e-10
0.00059681
1.1011e-10
0.00034407
1.1011e-10
1.1011e-10
1.1011e-10
1.1011e-10
1.1011e-10
1.1011e-10
0.0004787
0.0004442
1.1011e-10
0.0006105
1.1011e-10
0.00069102
0.001007
0.00024937
1.1011e-10
1.1011e-10
0.00023761
1.1011e-10
1.1011e-10
0.00048863
0.0011468
1.1011e-10
0.00039537
1.1011e-10
0.00027616
1.1011e-10
1.1011e-10
0.00032498
1.1011e-10
0.00059318
0.00050601
1.1011e-10
0.00068707
0.00026287
0.00087984
0.0002809
0.0023337
1.1011e-10
0.00038873
1.1011e-10
0.00065217
1.1011e-10
0.00064324
0.00013718
1.1011e-10
0.00024846
0.00021028
0.00055751
1.1011e-10
1.1011e-10
1.1011e-10
1.1011e-10
1.1011e-10
0.0004137
1.1011e-10
1.1011e-10
1.1011e-10
1.1011e-10
0.00024327
1.1011e-10
0.00087838
1.1011e-10
0.00034137
1.1011e-10
0.00041845
0.0002489
1.1011e-10
1.1011e-10
1.1011e-10
1.1011e-10
1.1011e-10
1.1011e-10
1.1011e-10
1.1011e-10
1.1011e-10
0.00099844
1.1011e-10
1.1011e-10
0.00060225
0.0005239
0.00098431
0.00034292
0.0009776
1.1011e-10
1.1011e-10
0.00036423
1.1011e-10
1.1011e-10
1.1011e-10
0.00055952
0.00072913
1.1011e-10
1.1011e-10
1.1011e-10
0.00032531
1.1011e-10
1.1011e-10
0.00026479
1.1011e-10
0.00039762
1.1011e-10
0.0013713
1.1011e-10
1.1011e-10
0.0004464
1.1011e-10
1.1011e-10
0.0012119
0.00022188
0.00022842
0.00072291
1.1011e-10
0.00026168
1.1011e-10
1.1011e-10
1.1011e-10
0.00017153
1.1011e-10
0.00053267
1.1011e-10
1.1011e-10
0.00042355
1.1011e-10
0.00041576
1.1011e-10
1.1011e-10
1.1011e-10
0.00075657
1.1011e-10
1.1011e-10
1.1011e-10
1.1011e-10
0.00045624
1.1011e-10
1.1011e-10
1.1011e-10
0.00033414
0.00028945
1.1011e-10
0.00055731
1.1011e-10
1.1011e-10
1.1011e-10
0.0015027
0.00026259
1.1011e-10
0.00036749
0.00039657
1.1011e-10
0.00045218
1.1011e-10
1.1011e-10
1.1011e-10
1.1011e-10
1.1011e-10
0.00026804
0.00037916
0.00090646
0.00024028
0.00055243
0.00042094
0.00042869
1.1011e-10
0.00083772
1.1011e-10
1.1011e-10
0.00020197
1.1011e-10
1.1011e-10
0.00030983
0.00072637
1.1011e-10
0.00062954
1.1011e-10
1.1011e-10
0.00062714
1.1011e-10
1.1011e-10
1.1011e-10
1.1011e-10
0.00067963
1.1011e-10
0.0003406
0.00059494
0.00055771
0.00036821
1.1011e-10
1.1011e-10
0.00054672
0.00045973
1.1011e-10
1.1011e-10
0.00032424
0.00046592
1.1011e-10
1.1011e-10
0.00033804
1.1011e-10
0.00070662
0.00020656
1.1011e-10
0.0010132
1.1011e-10
0.00026636
1.1011e-10
1.1011e-10
0.00034458
1.1011e-10
0.00024413
0.00040064
1.1011e-10
0.00092537
1.1011e-10
0.00020207
1.1011e-10
1.1011e-10
0.0004494
1.1011e-10
0.00049391
0.00021921
1.1011e-10
1.1011e-10
0.00083171
1.1011e-10
0.00023351
1.1011e-10
1.1011e-10
1.1011e-10
0.0009781
0.00027525
0.00022924
1.1011e-10
1.1011e-10
1.1011e-10
0.00088985
1.1011e-10
0.00031286
0.00034248
1.1011e-10
0.00016224
1.1011e-10
1.1011e-10
0.0010233
0.00094631
1.1011e-10
0.00035409
0.0010819
0.00065736
0.0003613
1.1011e-10
1.1011e-10
0.00063065
1.1011e-10
1.1011e-10
0.00069607
1.1011e-10
0.00069345
1.1011e-10
1.1011e-10
1.1011e-10
1.1011e-10
1.1011e-10
0.0012908
0.00095236
0.00066747
0.00017965
0.00076592
1.1011e-10
1.1011e-10
0.0003502
0.00062851
0.00046626
0.00025934
1.1011e-10
1.1011e-10
0.00023302
1.1011e-10
0.00028132
1.1011e-10
1.1011e-10
1.1011e-10
1.1011e-10
0.00034127
1.1011e-10
1.1011e-10
1.1011e-10
0.0004518
1.1011e-10
1.1011e-10
0.00052709
0.00019813
1.1011e-10
0.00061108
0.0010319
0.00045424
1.1011e-10
1.1011e-10
0.00075657
1.1011e-10
0.00051437
0.00030126
0.00026972
1.1011e-10
0.0002762
1.1011e-10
0.00020199
0.0017729
0.0002102
0.00071967
1.1011e-10
1.1011e-10
1.1011e-10
1.1011e-10
1.1011e-10
0.00013246
0.00043536
1.1011e-10
0.00044378
0.0009082
0.001643
0.00013001
0.0017978
1.1011e-10
1.1011e-10
1.1011e-10
0.00022708
0.0014744
0.00040549
1.1011e-10
0.00060931
1.1011e-10
0.00020476
0.0016152
1.1011e-10
1.1011e-10
0.00053129
1.1011e-10
1.1011e-10
0.00073065
0.0004003
1.1011e-10
1.1011e-10
1.1011e-10
0.00054395
1.1011e-10
0.00049914
1.1011e-10
1.1011e-10
1.1011e-10
0.0015762
1.1011e-10
1.1011e-10
0.00041056
1.1011e-10
1.1011e-10
0.00013239
0.0001972
0.00029742
0.00020302
0.00036182
0.00074689
0.00031447
0.0011243
0.00028129
1.1011e-10
0.00075745
0.00041187
0.0002602
1.1011e-10
1.1011e-10
0.0002012
1.1011e-10
0.00034341
1.1011e-10
1.1011e-10
0.00027498
1.1011e-10
0.00081454
0.00046209
0.00077251
1.1011e-10
0.00024531
0.00041176
1.1011e-10
1.1011e-10
1.1011e-10
0.00019211
0.00027469
0.0017406
0.00075698
1.1011e-10
0.00031407
1.1011e-10
1.1011e-10
1.1011e-10
0.00060694
0.0003796
0.00061494
1.1011e-10
1.1011e-10
1.1011e-10
0.0010906
0.00034601
1.1011e-10
0.00026364
1.1011e-10
0.00036367
1.1011e-10
1.1011e-10
0.00078362
0.00095497
0.00050053
0.00070396
1.1011e-10
0.00024287
1.1011e-10
0.00015992
1.1011e-10
1.1011e-10
0.00041077
0.00070806
1.1011e-10
0.00021589
0.00031416
1.1011e-10
0.00069836
1.1011e-10
1.1011e-10
0.00021753
1.1011e-10
0.00044871
1.1011e-10
1.1011e-10
0.0008342
0.00024516
1.1011e-10
0.00060187
1.1011e-10
0.00033912
1.1011e-10
1.1011e-10
0.00014406
1.1011e-10
0.00030761
0.00049416
0.00073544
1.1011e-10
1.1011e-10
0.00056546
0.00043699
1.1011e-10
1.1011e-10
0.00046279
1.1011e-10
1.1011e-10
1.1011e-10
0.00050778
1.1011e-10
0.00067142
1.1011e-10
1.1011e-10
1.1011e-10
1.1011e-10
0.00032702
1.1011e-10
0.00017207
1.1011e-10
1.1011e-10
1.1011e-10
0.00027259
0.00028165
0.0002274
1.1011e-10
1.1011e-10
1.1011e-10
1.1011e-10
0.0004524
1.1011e-10
0.00034223
1.1011e-10
0.00040689
1.1011e-10
0.00091633
1.1011e-10
1.1011e-10
1.1011e-10
0.00072303
0.00053618
0.00045253
1.1011e-10
0.0002239
1.1011e-10
0.00020768
0.00032119
0.00041502
0.00060173
0.00037746
1.1011e-10
1.1011e-10
0.00061755
1.1011e-10
1.1011e-10
1.1011e-10
1.1011e-10
1.1011e-10
1.1011e-10
1.1011e-10
0.00045204
1.1011e-10
1.1011e-10
1.1011e-10
1.1011e-10
1.1011e-10
0.0004639
0.00031264
0.00095279
1.1011e-10
0.00083961
0.00018837
1.1011e-10
1.1011e-10
0.00026938
0.00088445
0.00030159
0.00045349
0.0010507
0.00035141
1.1011e-10
0.00032275
0.00069644
1.1011e-10
1.1011e-10
0.00026812
0.00025199
0.0003972
1.1011e-10
1.1011e-10
0.00064774
1.1011e-10
0.00054583
1.1011e-10
0.00054632
0.00023438
0.00070888
1.1011e-10
0.00015417
0.00043952
1.1011e-10
0.00035921
1.1011e-10
1.1011e-10
0.00074708
0.00039744
0.00014313
1.1011e-10
1.1011e-10
0.00027224
1.1011e-10
0.00046142
1.1011e-10
1.1011e-10
1.1011e-10
1.1011e-10
0.0005062
1.1011e-10
1.1011e-10
1.1011e-10
1.1011e-10
1.1011e-10
1.1011e-10
1.1011e-10
1.1011e-10
1.1011e-10
1.1011e-10
1.1011e-10
1.1011e-10
0.00022143
1.1011e-10
0.0014568
0.00070672
0.00080279
0.00042435
1.1011e-10
1.1011e-10
1.1011e-10
0.00037069
0.0004383
0.0006148
0.00021376
0.00062471
1.1011e-10
0.0008298
1.1011e-10
0.00088786
1.1011e-10
1.1011e-10
1.1011e-10
1.1011e-10
1.1011e-10
1.1011e-10
0.00061693
9.3838e-05
1.1011e-10
1.1011e-10
0.00094498
1.1011e-10
1.1011e-10
1.1011e-10
1.1011e-10
1.1011e-10
1.1011e-10
0.00022361
0.00066158
0.00066078
1.1011e-10
0.00052119
0.00019241
1.1011e-10
1.1011e-10
0.00037422
0.0007723
1.1011e-10
1.1011e-10
1.1011e-10
0.00032817
1.1011e-10
1.1011e-10
0.00056745
0.00033402
0.00053917
1.1011e-10
0.00096659
0.0005153
1.1011e-10
0.00046549
1.1011e-10
1.1011e-10
0.0011493
1.1011e-10
0.00056167
1.1011e-10
1.1011e-10
0.00035928
1.1011e-10
1.1011e-10
1.1011e-10
0.00043526
0.00060259
1.1011e-10
0.00063157
1.1011e-10
1.1011e-10
0.00091662
0.00021409
0.00018916
0.00030096
0.00048173
1.1011e-10
1.1011e-10
0.00030942
0.00047296
0.0012186
1.1011e-10
1.1011e-10
1.1011e-10
0.00033987
1.1011e-10
1.1011e-10
1.1011e-10
1.1011e-10
1.1011e-10
1.1011e-10
0.00038497
1.1011e-10
0.00026459
1.1011e-10
0.00078817
0.00039024
0.00037667
1.1011e-10
1.1011e-10
0.00022075
1.1011e-10
0.0012194
1.1011e-10
1.1011e-10
0.00039613
1.1011e-10
0.00059439
1.1011e-10
1.1011e-10
1.1011e-10
0.00053659
0.00048027
1.1011e-10
0.00047101
1.1011e-10
0.00093604
1.1011e-10
0.00033491
0.00018881
0.0005399
0.00027453
1.1011e-10
0.00043478
0.0010378
1.1011e-10
1.1011e-10
1.1011e-10
1.1011e-10
0.0013087
1.1011e-10
0.00023491
0.0001491
1.1011e-10
0.00072705
1.1011e-10
1.1011e-10
1.1011e-10
0.000271
0.00092647
0.00033667
1.1011e-10
0.00024516
1.1011e-10
0.0006666
0.0033178
0.0005691
1.1011e-10
1.1011e-10
0.00048474
0.00036021
0.00056114
0.00026544
1.1011e-10
1.1011e-10
1.1011e-10
0.00035154
1.1011e-10
1.1011e-10
0.00028798
1.1011e-10
0.00096976
1.1011e-10
1.1011e-10
1.1011e-10
1.1011e-10
1.1011e-10
0.00039666
0.00050827
0.00029941
1.1011e-10
0.00044517
0.00024927
1.1011e-10
1.1011e-10
0.0006869
1.1011e-10
1.1011e-10
0.0014872
0.00042657
1.1011e-10
1.1011e-10
0.00055523
0.00040897
0.00043597
0.00022304
0.00026665
1.1011e-10
1.1011e-10
1.1011e-10
1.1011e-10
1.1011e-10
0.00015736
1.1011e-10
1.1011e-10
0.00039657
1.1011e-10
0.00021704
0.00041603
1.1011e-10
0.00046348
1.1011e-10
1.1011e-10
0.0016472
0.00098686
1.1011e-10
0.00054159
0.00064824
0.00048704
1.1011e-10
1.1011e-10
1.1011e-10
1.1011e-10
0.0012431
0.00028169
0.00065297
0.00039422
0.00093449
1.1011e-10
1.1011e-10
0.0005849
0.00045192
1.1011e-10
1.1011e-10
1.1011e-10
0.0004724
0.00035777
0.0011277
0.00074042
1.1011e-10
1.1011e-10
1.1011e-10
0.00050654
1.1011e-10
0.00075768
1.1011e-10
1.1011e-10
1.1011e-10
0.00064734
0.00048887
1.1011e-10
1.1011e-10
0.00048854
0.00041322
1.1011e-10
0.00041405
1.1011e-10
1.1011e-10
1.1011e-10
0.00068253
1.1011e-10
1.1011e-10
1.1011e-10
1.1011e-10
1.1011e-10
0.00058996
1.1011e-10
1.1011e-10
0.0012708
0.00066232
0.00030952
0.00034159
0.00044307
0.00046104
1.1011e-10
0.0002058
1.1011e-10
1.1011e-10
1.1011e-10
0.00094414
1.1011e-10
1.1011e-10
1.1011e-10
0.00037195
0.00043065
0.0003462
0.00032062
1.1011e-10
0.00092075
0.00041456
1.1011e-10
1.1011e-10
1.1011e-10
0.0011063
1.1011e-10
1.1011e-10
0.00042501
1.1011e-10
1.1011e-10
0.00060878
1.1011e-10
1.1011e-10
0.0003114
1.1011e-10
0.00042522
0.00027195
1.1011e-10
1.1011e-10
0.00025618
1.1011e-10
0.00025433
0.00028299
0.00082453
0.00082082
1.1011e-10
0.0006847
1.1011e-10
1.1011e-10
1.1011e-10
1.1011e-10
0.00076829
0.00027919
0.0014253
0.0003198
0.00026038
0.00094013
0.0001801
0.00035826
0.0007721
0.000318
0.00039263
0.00062725
1.1011e-10
1.1011e-10
0.00078565
0.0002278
1.1011e-10
1.1011e-10
1.1011e-10
0.00021096
1.1011e-10
1.1011e-10
0.00076002
1.1011e-10
1.1011e-10
1.1011e-10
1.1011e-10
0.00059362
1.1011e-10
0.00054384
1.1011e-10
0.00022633
1.1011e-10
0.00021721
1.1011e-10
0.00055063
1.1011e-10
1.1011e-10
0.0009154
1.1011e-10
1.1011e-10
0.00094999
1.1011e-10
0.0003827
0.00031503
0.00070516
1.1011e-10
1.1011e-10
0.00044283
0.00026135
0.00051869
0.0013865
1.1011e-10
0.00041816
1.1011e-10
1.1011e-10
1.1011e-10
0.0017191
0.00031871
1.1011e-10
0.00049465
1.1011e-10
1.1011e-10
1.1011e-10
1.1011e-10
1.1011e-10
1.1011e-10
0.00094775
1.1011e-10
0.00067494
0.00049738
1.1011e-10
0.00032749
0.00057443
1.1011e-10
1.1011e-10
1.1011e-10
1.1011e-10
1.1011e-10
1.1011e-10
1.1011e-10
1.1011e-10
1.1011e-10
0.00075549
1.1011e-10
1.1011e-10
1.1011e-10
0.0002857
0.00014273
1.1011e-10
0.00066846
1.1011e-10
0.00030812
1.1011e-10
0.00018742
1.1011e-10
1.1011e-10
0.00053324
0.00036508
0.00072334
1.1011e-10
1.1011e-10
0.00039898
1.1011e-10
0.00049598
1.1011e-10
1.1011e-10
0.00031587
0.00028109
1.1011e-10
0.00068008
0.00024876
0.000462
0.00074426
1.1011e-10
0.00022703
0.0002664
1.1011e-10
0.00023189
1.1011e-10
1.1011e-10
1.1011e-10
1.1011e-10
0.00054126
0.00040024
1.1011e-10
1.1011e-10
1.1011e-10
0.00019345
0.00038341
1.1011e-10
0.00077952
1.1011e-10
1.1011e-10
0.00044671
1.1011e-10
1.1011e-10
0.0002926
1.1011e-10
1.1011e-10
1.1011e-10
1.1011e-10
1.1011e-10
0.00025861
1.1011e-10
1.1011e-10
1.1011e-10
1.1011e-10
0.00039444
0.00077696
1.1011e-10
0.00050874
1.1011e-10
1.1011e-10
1.1011e-10
1.1011e-10
0.0010754
0.00058788
1.1011e-10
0.00042571
1.1011e-10
1.1011e-10
1.1011e-10
0.00027735
1.1011e-10
0.0010957
0.00015943
0.00015942
0.0011726
0.0003777
1.1011e-10
1.1011e-10
0.00054708
1.1011e-10
1.1011e-10
1.1011e-10
1.1011e-10
0.00086669
0.00067881
0.00040991
1.1011e-10
0.00066937
1.1011e-10
1.1011e-10
1.1011e-10
0.00073911
1.1011e-10
0.00017578
1.1011e-10
1.1011e-10
1.1011e-10
1.1011e-10
0.0002007
0.00044965
0.00078804
1.1011e-10
0.00045368
1.1011e-10
1.1011e-10
1.1011e-10
0.00097484
1.1011e-10
1.1011e-10
1.1011e-10
1.1011e-10
1.1011e-10
0.00027693
0.00027446
1.1011e-10
1.1011e-10
0.00092839
0.0003436
0.00021656
1.1011e-10
0.00036388
0.00057224
0.00067111
1.1011e-10
1.1011e-10
1.1011e-10
1.1011e-10
1.1011e-10
0.00018969
1.1011e-10
0.00033362
1.1011e-10
1.1011e-10
0.00017144
0.00022986
0.00020771
1.1011e-10
1.1011e-10
0.00030995
0.00014067
1.1011e-10
0.00037918
1.1011e-10
0.00046186
0.00047135
1.1011e-10
1.1011e-10
1.1011e-10
1.1011e-10
1.1011e-10
1.1011e-10
1.1011e-10
0.00027663
1.1011e-10
1.1011e-10
1.1011e-10
1.1011e-10
1.1011e-10
1.1011e-10
1.1011e-10
1.1011e-10
1.1011e-10
0.00082875
0.00035096
0.00087765
0.00032734
0.00053514
1.1011e-10
1.1011e-10
0.00030893
0.00066971
1.1011e-10
1.1011e-10
1.1011e-10
0.00050847
1.1011e-10
1.1011e-10
0.00085757
1.1011e-10
1.1011e-10
0.00022926
1.1011e-10
1.1011e-10
1.1011e-10
0.00017344
0.000228
1.1011e-10
1.1011e-10
0.00045367
1.1011e-10
0.00084245
1.1011e-10
0.000246
0.0005491
1.1011e-10
0.00032777
1.1011e-10
0.00037675
0.0005269
0.00044421
1.1011e-10
1.1011e-10
0.00064161
0.00040572
1.1011e-10
1.1011e-10
0.00067363
1.1011e-10
1.1011e-10
0.00023805
1.1011e-10
1.1011e-10
0.00028741
0.00080704
1.1011e-10
1.1011e-10
1.1011e-10
0.00040003
1.1011e-10
1.1011e-10
1.1011e-10
0.00023122
0.00022547
1.1011e-10
1.1011e-10
1.1011e-10
0.0004871
1.1011e-10
0.0004656
0.00031616
0.00020192
0.00033601
1.1011e-10
1.1011e-10
1.1011e-10
0.00037452
1.1011e-10
0.00067533
1.1011e-10
1.1011e-10
1.1011e-10
1.1011e-10
1.1011e-10
1.1011e-10
1.1011e-10
1.1011e-10
1.1011e-10
0.00016898
0.00026053
0.00042377
1.1011e-10
1.1011e-10
1.1011e-10
1.1011e-10
0.00034419
0.00021318
0.0011088
1.1011e-10
1.1011e-10
1.1011e-10
1.1011e-10
1.1011e-10
0.00045734
1.1011e-10
1.1011e-10
0.00041215
1.1011e-10
1.1011e-10
0.00035653
0.00037741
1.1011e-10
1.1011e-10
0.0011417
0.00026424
1.1011e-10
0.00028072
1.1011e-10
0.00033099
0.00013487
0.00060301
1.1011e-10
1.1011e-10
1.1011e-10
0.00037949
0.00063378
1.1011e-10
1.1011e-10
0.0003632
0.00063368
0.00026452
1.1011e-10
1.1011e-10
1.1011e-10
1.1011e-10
0.00073968
1.1011e-10
1.1011e-10
0.00071301
1.1011e-10
0.00070692
1.1011e-10
1.1011e-10
1.1011e-10
1.1011e-10
0.00016822
0.00034399
1.1011e-10
0.00022143
0.00056338
0.0022756
0.00042227
0.00031745
0.00043699
1.1011e-10
1.1011e-10
0.00010376
1.1011e-10
1.1011e-10
0.00021185
1.1011e-10
1.1011e-10
1.1011e-10
0.00015712
0.00069703
1.1011e-10
1.1011e-10
0.0015297
1.1011e-10
1.1011e-10
1.1011e-10
0.00019219
1.1011e-10
0.00050006
1.1011e-10
0.00026069
1.1011e-10
1.1011e-10
1.1011e-10
1.1011e-10
1.1011e-10
1.1011e-10
1.1011e-10
1.1011e-10
1.1011e-10
1.1011e-10
0.00070845
0.00026125
0.00024746
1.1011e-10
0.00035153
1.1011e-10
0.00045379
1.1011e-10
0.00061485
1.1011e-10
1.1011e-10
0.00037682
0.00088453
0.00065414
1.1011e-10
0.00045559
0.00067356
1.1011e-10
0.00035147
1.1011e-10
1.1011e-10
1.1011e-10
1.1011e-10
1.1011e-10
0.00038249
1.1011e-10
1.1011e-10
1.1011e-10
0.00059314
1.1011e-10
1.1011e-10
1.1011e-10
0.00041818
0.00025907
1.1011e-10
0.00056614
0.00022292
1.1011e-10
0.00066515
0.00054482
0.00037052
1.1011e-10
1.1011e-10
1.1011e-10
0.00022763
1.1011e-10
1.1011e-10
1.1011e-10
1.1011e-10
1.1011e-10
1.1011e-10
1.1011e-10
1.1011e-10
1.1011e-10
0.0011002
0.00077497
1.1011e-10
0.00040427
0.00080879
0.00024825
0.00033231
1.1011e-10
1.1011e-10
0.00074731
1.1011e-10
0.00050813
0.00032245
1.1011e-10
0.00031169
1.1011e-10
0.0002877
1.1011e-10
1.1011e-10
1.1011e-10
0.00036834
0.00067985
1.1011e-10
1.1011e-10
1.1011e-10
1.1011e-10
1.1011e-10
1.1011e-10
0.00042555
0.00038336
0.0013091
0.00071546
1.1011e-10
1.1011e-10
1.1011e-10
0.00047489
0.00075118
0.00044846
1.1011e-10
1.1011e-10
1.1011e-10
0.0012204
1.1011e-10
1.1011e-10
1.1011e-10
0.00037672
1.1011e-10
1.1011e-10
1.1011e-10
1.1011e-10
1.1011e-10
1.1011e-10
1.1011e-10
1.1011e-10
0.00031676
1.1011e-10
1.1011e-10
0.00030518
0.00068693
1.1011e-10
1.1011e-10
1.1011e-10
1.1011e-10
1.1011e-10
1.1011e-10
0.0002504
1.1011e-10
1.1011e-10
0.00034832
0.0009194
0.00038649
1.1011e-10
0.001184
0.00046026
0.00021215
0.0002252
1.1011e-10
1.1011e-10
1.1011e-10
0.00021749
0.0001819
0.00040302
1.1011e-10
0.00018807
0.0004149
0.00030865
0.00037343
1.1011e-10
1.1011e-10
0.00032497
1.1011e-10
1.1011e-10
0.0001352
1.1011e-10
1.1011e-10
1.1011e-10
1.1011e-10
1.1011e-10
1.1011e-10
0.00027903
1.1011e-10
1.1011e-10
0.00026491
1.1011e-10
1.1011e-10
0.00041551
0.00018204
1.1011e-10
1.1011e-10
1.1011e-10
1.1011e-10
1.1011e-10
1.1011e-10
1.1011e-10
0.00042588
0.00039984
1.1011e-10
0.0020038
1.1011e-10
0.00014274
0.00036726
1.1011e-10
1.1011e-10
0.00061127
0.00038808
1.1011e-10
1.1011e-10
1.1011e-10
0.00042089
1.1011e-10
0.00023735
1.1011e-10
1.1011e-10
1.1011e-10
1.1011e-10
0.00073579
1.1011e-10
1.1011e-10
1.1011e-10
0.00054594
0.00065604
0.00065993
1.1011e-10
0.00075313
1.1011e-10
1.1011e-10
1.1011e-10
1.1011e-10
0.00038957
0.00054536
1.1011e-10
0.00035795
0.00027601
1.1011e-10
0.00077642
1.1011e-10
1.1011e-10
0.00088464
0.00043845
0.0004073
0.00035655
1.1011e-10
1.1011e-10
0.0019489
0.00032377
0.00041819
0.00016897
0.0004097
0.00036348
0.00075054
0.00029249
0.00029177
0.00081492
0.00037097
0.00035766
1.1011e-10
1.1011e-10
0.00097381
1.1011e-10
0.00071456
1.1011e-10
1.1011e-10
1.1011e-10
1.1011e-10
1.1011e-10
1.1011e-10
1.1011e-10
0.00066702
0.00086546
1.1011e-10
1.1011e-10
1.1011e-10
0.00049938
0.00045229
0.00038551
1.1011e-10
1.1011e-10
1.1011e-10
1.1011e-10
1.1011e-10
1.1011e-10
0.00055967
1.1011e-10
0.00028129
1.1011e-10
0.00081957
0.00046899
1.1011e-10
1.1011e-10
0.00027862
1.1011e-10
0.00067663
0.0001583
1.1011e-10
0.00021943
0.00045589
0.00038033
1.1011e-10
1.1011e-10
0.0012614
1.1011e-10
0.00027947
1.1011e-10
1.1011e-10
1.1011e-10
0.00029331
1.1011e-10
0.00036003
1.1011e-10
0.00032782
1.1011e-10
1.1011e-10
1.1011e-10
1.1011e-10
1.1011e-10
1.1011e-10
1.1011e-10
0.00017724
1.1011e-10
1.1011e-10
1.1011e-10
0.00017867
0.0001172
1.1011e-10
1.1011e-10
1.1011e-10
1.1011e-10
1.1011e-10
0.00062942
1.1011e-10
0.00083751
1.1011e-10
1.1011e-10
0.00084606
0.00060002
1.1011e-10
1.1011e-10
0.00054595
1.1011e-10
0.00043713
1.1011e-10
0.00019633
1.1011e-10
0.00033392
0.00041705
0.00037394
1.1011e-10
1.1011e-10
0.00051595
1.1011e-10
0.00033421
0.00022601
0.00092559
1.1011e-10
1.1011e-10
0.00029933
0.00041377
1.1011e-10
1.1011e-10
0.00070044
0.00035753
0.00058658
1.1011e-10
1.1011e-10
1.1011e-10
0.00070243
0.00036089
0.00061877
1.1011e-10
0.00029023
0.00046917
0.00065509
0.00062863
0.00020333
0.000356
1.1011e-10
0.00064895
0.00033721
0.00037567
0.0008891
0.00032849
0.0010254
0.00055783
1.1011e-10
1.1011e-10
0.00040381
0.00050432
1.1011e-10
0.00058647
1.1011e-10
1.1011e-10
0.00078292
0.00039114
1.1011e-10
0.0013651
1.1011e-10
0.00080302
0.00056093
0.0001847
1.1011e-10
1.1011e-10
0.00056144
1.1011e-10
1.1011e-10
0.00026576
0.00039216
1.1011e-10
0.00074436
1.1011e-10
0.00032991
1.1011e-10
0.00025826
0.00032885
0.00027786
1.1011e-10
0.00037987
0.00022762
1.1011e-10
1.1011e-10
0.00035721
0.00052652
1.1011e-10
0.00076468
1.1011e-10
0.00017601
1.1011e-10
0.001254
0.00047993
1.1011e-10
0.00063765
1.1011e-10
0.00030408
0.0002341
1.1011e-10
1.1011e-10
0.00014795
1.1011e-10
1.1011e-10
0.00073758
0.00060347
0.00070751
1.1011e-10
0.00043136
1.1011e-10
1.1011e-10
1.1011e-10
0.00048923
0.00037626
1.1011e-10
1.1011e-10
0.0015282
1.1011e-10
1.1011e-10
1.1011e-10
0.00053817
1.1011e-10
1.1011e-10
0.00036289
0.00063096
1.1011e-10
0.00049571
0.00085553
1.1011e-10
0.00035646
0.00020477
1.1011e-10
0.00016107
1.1011e-10
1.1011e-10
1.1011e-10
1.1011e-10
1.1011e-10
0.00035701
0.00016857
0.00065533
0.00063262
1.1011e-10
1.1011e-10
1.1011e-10
1.1011e-10
1.1011e-10
0.00074097
1.1011e-10
0.00041938
1.1011e-10
0.00029655
1.1011e-10
0.00075327
0.00033593
1.1011e-10
0.0012724
1.1011e-10
0.00035181
1.1011e-10
0.00072604
1.1011e-10
1.1011e-10
1.1011e-10
0.0017779
1.1011e-10
0.00043662
0.0006326
0.0021818
0.00085539
0.00019448
1.1011e-10
1.1011e-10
0.0001874
9.2327e-05
0.00039926
0.00045397
1.1011e-10
0.00067004
0.0016094
0.00019591
1.1011e-10
1.1011e-10
0.0012155
1.1011e-10
0.00025535
1.1011e-10
1.1011e-10
0.00017606
1.1011e-10
0.00041957
0.00070354
1.1011e-10
1.1011e-10
0.00037682
1.1011e-10
0.00020772
0.0002477
0.00061934
0.00057896
0.00044593
1.1011e-10
0.00037012
1.1011e-10
1.1011e-10
1.1011e-10
1.1011e-10
1.1011e-10
1.1011e-10
0.00038571
1.1011e-10
0.00020274
0.00025638
1.1011e-10
0.0005272
1.1011e-10
1.1011e-10
0.00031405
0.00023626
0.0011298
1.1011e-10
1.1011e-10
1.1011e-10
1.1011e-10
1.1011e-10
1.1011e-10
0.0012746
0.00087952
0.00029476
0.00027498
1.1011e-10
1.1011e-10
0.00046621
1.1011e-10
0.00063287
1.1011e-10
0.00032716
1.1011e-10
0.00022677
1.1011e-10
1.1011e-10
0.00062009
1.1011e-10
1.1011e-10
0.00033787
0.00045996
0.00023021
0.00094523
1.1011e-10
0.00049186
1.1011e-10
0.00020803
0.00099281
1.1011e-10
1.1011e-10
1.1011e-10
0.00015462
0.00034884
1.1011e-10
1.1011e-10
1.1011e-10
1.1011e-10
1.1011e-10
0.0007781
1.1011e-10
0.00010852
1.1011e-10
1.1011e-10
1.1011e-10
0.00021165
0.0012816
0.00018473
1.1011e-10
1.1011e-10
1.1011e-10
1.1011e-10
1.1011e-10
1.1011e-10
1.1011e-10
1.1011e-10
1.1011e-10
1.1011e-10
0.00078131
1.1011e-10
0.00040948
1.1011e-10
0.00025867
1.1011e-10
0.00038139
0.00038783
1.1011e-10
1.1011e-10
0.001587
0.00047404
0.00031006
1.1011e-10
1.1011e-10
0.00046028
1.1011e-10
0.00023184
0.00065752
0.00080954
1.1011e-10
0.00023646
1.1011e-10
1.1011e-10
0.00025135
1.1011e-10
0.00035944
1.1011e-10
0.00031971
1.1011e-10
0.00034575
1.1011e-10
1.1011e-10
0.00045536
0.00018106
1.1011e-10
0.00038224
0.00025035
1.1011e-10
0.00033168
0.00020826
0.00073402
0.0012485
1.1011e-10
1.1011e-10
0.00021937
0.00039869
0.00082895
0.00022961
0.00045665
1.1011e-10
1.1011e-10
1.1011e-10
0.00049129
1.1011e-10
0.00053547
1.1011e-10
0.00034585
1.1011e-10
1.1011e-10
0.00031855
1.1011e-10
1.1011e-10
1.1011e-10
1.1011e-10
1.1011e-10
1.1011e-10
1.1011e-10
1.1011e-10
0.00019445
0.0002721
0.00067492
0.00037589
1.1011e-10
0.00025
1.1011e-10
0.00071977
0.0005096
0.00029189
0.00024347
0.00058384
0.00027764
1.1011e-10
0.00066099
1.1011e-10
1.1011e-10
1.1011e-10
1.1011e-10
1.1011e-10
1.1011e-10
1.1011e-10
1.1011e-10
1.1011e-10
1.1011e-10
1.1011e-10
1.1011e-10
1.1011e-10
1.1011e-10
1.1011e-10
0.00083521
1.1011e-10
1.1011e-10
0.00029031
0.00034827
0.00073426
1.1011e-10
0.00034899
1.1011e-10
1.1011e-10
1.1011e-10
0.0004437
0.00027239
0.00048279
0.00073894
1.1011e-10
0.00044008
1.1011e-10
0.00087245
0.00070358
0.0010665
0.00039583
0.0011082
1.1011e-10
0.00040234
1.1011e-10
0.00038345
1.1011e-10
0.00064325
0.00036129
1.1011e-10
0.00028858
0.00067446
0.00025362
1.1011e-10
1.1011e-10
1.1011e-10
0.00021715
0.00091519
0.00050877
1.1011e-10
1.1011e-10
1.1011e-10
1.1011e-10
1.1011e-10
1.1011e-10
0.00069499
0.00020983
1.1011e-10
1.1011e-10
0.00072076
1.1011e-10
1.1011e-10
1.1011e-10
0.0002487
0.00035471
0.00027389
1.1011e-10
1.1011e-10
1.1011e-10
1.1011e-10
1.1011e-10
1.1011e-10
1.1011e-10
1.1011e-10
1.1011e-10
0.0014144
1.1011e-10
0.00010156
1.1011e-10
1.1011e-10
0.0002249
1.1011e-10
1.1011e-10
1.1011e-10
1.1011e-10
1.1011e-10
0.0004156
1.1011e-10
1.1011e-10
0.00054955
1.1011e-10
0.00025899
0.00065961
1.1011e-10
0.00036825
0.00061667
1.1011e-10
1.1011e-10
1.1011e-10
0.00055347
0.00018442
0.00023532
0.00031036
0.0008537
0.00041278
0.00028711
1.1011e-10
1.1011e-10
1.1011e-10
1.1011e-10
0.00064145
0.00024029
0.00045978
1.1011e-10
0.00056983
1.1011e-10
1.1011e-10
1.1011e-10
1.1011e-10
1.1011e-10
1.1011e-10
0.00018699
1.1011e-10
0.0010075
0.00067455
0.00033066
0.00075282
1.1011e-10
1.1011e-10
0.00041259
0.00038137
1.1011e-10
0.0010021
1.1011e-10
0.00049355
0.00050928
1.1011e-10
1.1011e-10
1.1011e-10
1.1011e-10
0.00059854
0.00027024
0.0003956
0.0010806
0.00035295
0.00022334
0.0007369
0.00029468
1.1011e-10
1.1011e-10
0.00034004
1.1011e-10
0.0003754
0.00072063
1.1011e-10
1.1011e-10
1.1011e-10
0.0005809
1.1011e-10
1.1011e-10
0.00045696
0.00042118
1.1011e-10
1.1011e-10
0.00029585
0.00042844
1.1011e-10
1.1011e-10
1.1011e-10
0.00039485
1.1011e-10
0.00061565
1.1011e-10
1.1011e-10
0.00068479
0.00029082
0.00026197
1.1011e-10
0.00042415
1.1011e-10
0.00030207
0.00078551
1.1011e-10
0.00047266
0.00019926
1.1011e-10
0.0002726
1.1011e-10
1.1011e-10
0.00028555
0.00019817
1.1011e-10
1.1011e-10
0.00018843
1.1011e-10
1.1011e-10
0.00018819
1.1011e-10
1.1011e-10
1.1011e-10
1.1011e-10
0.00068779
1.1011e-10
0.00038118
1.1011e-10
0.00061694
0.00041321
1.1011e-10
1.1011e-10
0.00024992
1.1011e-10
0.00017734
1.1011e-10
0.00056439
1.1011e-10
1.1011e-10
0.0008078
0.0011047
0.00056477
1.1011e-10
0.0004233
1.1011e-10
1.1011e-10
1.1011e-10
1.1011e-10
0.00052934
0.00067908
1.1011e-10
0.00060933
0.00010204
0.00029659
1.1011e-10
0.0003118
1.1011e-10
0.00090998
1.1011e-10
1.1011e-10
1.1011e-10
0.00055969
0.00053896
1.1011e-10
0.00058613
0.00032942
0.00062199
0.00040565
1.1011e-10
0.00075973
0.00021778
0.0012427
0.00047496
0.00035037
0.00062802
1.1011e-10
1.1011e-10
1.1011e-10
0.00020299
1.1011e-10
0.00034679
0.00038814
0.00028682
1.1011e-10
0.00012057
1.1011e-10
1.1011e-10
0.00021312
1.1011e-10
1.1011e-10
1.1011e-10
1.1011e-10
0.0005292
0.00029395
1.1011e-10
0.00038717
1.1011e-10
0.00066085
0.00058097
0.00035494
0.00080352
1.1011e-10
1.1011e-10
0.00062056
1.1011e-10
0.0010548
1.1011e-10
1.1011e-10
0.000461
1.1011e-10
0.00056215
0.000319
0.0002782
1.1011e-10
1.1011e-10
0.0012067
1.1011e-10
1.1011e-10
1.1011e-10
0.00067366
0.00028898
1.1011e-10
0.0010552
1.1011e-10
0.00090405
0.00070107
0.00034479
1.1011e-10
1.1011e-10
1.1011e-10
0.00044456
1.1011e-10
0.00061731
0.00023313
1.1011e-10
1.1011e-10
0.00022495
0.00050624
1.1011e-10
1.1011e-10
1.1011e-10
0.00036059
1.1011e-10
1.1011e-10
0.0004079
1.1011e-10
1.1011e-10
1.1011e-10
0.0014877
1.1011e-10
1.1011e-10
1.1011e-10
1.1011e-10
1.1011e-10
1.1011e-10
0.00041145
0.00031165
1.1011e-10
0.00038429
1.1011e-10
1.1011e-10
1.1011e-10
1.1011e-10
0.00016078
1.1011e-10
0.00028451
0.00032179
1.1011e-10
1.1011e-10
1.1011e-10
1.1011e-10
0.00058729
1.1011e-10
1.1011e-10
1.1011e-10
0.00019245
1.1011e-10
1.1011e-10
1.1011e-10
0.00022457
1.1011e-10
0.00058815
1.1011e-10
1.1011e-10
0.00076453
1.1011e-10
0.00053683
1.1011e-10
0.00022196
1.1011e-10
0.00062968
1.1011e-10
0.00048253
0.00069999
1.1011e-10
0.00013571
0.00055897
1.1011e-10
0.00032651
1.1011e-10
1.1011e-10
1.1011e-10
0.00035733
1.1011e-10
1.1011e-10
1.1011e-10
1.1011e-10
1.1011e-10
0.00065358
1.1011e-10
1.1011e-10
0.00020717
0.00016939
1.1011e-10
0.00042398
0.00020342
1.1011e-10
0.00020462
0.00098095
0.00064808
1.1011e-10
1.1011e-10
1.1011e-10
1.1011e-10
0.00039971
1.1011e-10
0.00038
0.00024052
1.1011e-10
1.1011e-10
0.00048039
1.1011e-10
1.1011e-10
0.0005148
1.1011e-10
1.1011e-10
1.1011e-10
1.1011e-10
0.0005473
0.001374
1.1011e-10
0.00076848
0.00013296
0.0011525
1.1011e-10
0.00031995
0.00048787
1.1011e-10
0.00025111
0.00035279
0.00049752
0.0013833
1.1011e-10
1.1011e-10
1.1011e-10
1.1011e-10
1.1011e-10
0.00047785
1.1011e-10
0.00051016
1.1011e-10
1.1011e-10
0.00059652
1.1011e-10
1.1011e-10
1.1011e-10
1.1011e-10
0.0003724
1.1011e-10
0.00026961
1.1011e-10
0.00041201
0.00042488
0.00085859
1.1011e-10
1.1011e-10
0.00029404
1.1011e-10
1.1011e-10
0.00025244
0.0017638
1.1011e-10
0.00051939
0.00030904
0.0010361
0.00026631
1.1011e-10
1.1011e-10
0.00091183
1.1011e-10
0.00033384
0.00031668
0.00023422
1.1011e-10
1.1011e-10
1.1011e-10
1.1011e-10
1.1011e-10
1.1011e-10
0.0011219
1.1011e-10
1.1011e-10
0.0002237
0.00033593
0.00083158
0.00024973
0.00069984
1.1011e-10
0.00053843
1.1011e-10
1.1011e-10
0.00031596
0.0006899
1.1011e-10
1.1011e-10
1.1011e-10
0.00019237
1.1011e-10
1.1011e-10
0.00039445
0.00044646
1.1011e-10
1.1011e-10
0.0006132
1.1011e-10
1.1011e-10
1.1011e-10
1.1011e-10
1.1011e-10
0.00060128
1.1011e-10
0.00071617
0.00045992
0.00045077
1.1011e-10
1.1011e-10
1.1011e-10
1.1011e-10
1.1011e-10
0.00015561
1.1011e-10
0.00018987
1.1011e-10
0.00028257
1.1011e-10
0.0019171
0.00020795
1.1011e-10
0.00052863
1.1011e-10
1.1011e-10
1.1011e-10
0.00079909
0.0017917
0.00091423
0.00037836
0.00062306
1.1011e-10
0.00051375
1.1011e-10
1.1011e-10
0.00015117
1.1011e-10
0.00037593
1.1011e-10
0.00021303
1.1011e-10
0.0010795
1.1011e-10
0.00041203
1.1011e-10
0.00028706
0.00045392
1.1011e-10
