4.9296e-09
2.5329e-09
1.501e-32
1.8813e-32
1.8396e-32
3.0976e-58
1.4975e-26
3.2219e-15
3.5473e-20
1.1682e-08
0.0019525
1.7703e-26
8.3471e-45
2.9682e-27
8.537e-45
9.4865e-15
3.0976e-58
5.3767e-51
2.0144e-20
1.5172e-32
1.6499e-20
2.7674e-51
5.6743e-21
2.6111e-09
8.3703e-45
3.0976e-58
0.00094412
4.3261e-09
5.3369e-15
9.2021e-27
2.75e-20
6.6415e-27
3.0799e-32
3.0976e-58
0.00063895
4.2542e-51
8.8698e-15
1.6493e-32
8.3508e-21
4.1737e-15
7.5245e-27
3.0976e-58
3.1111e-09
8.2305e-39
0.0014043
1.5189e-44
3.1979e-09
3.1867e-09
1.8155e-26
0.00086539
1.9583e-26
1.6441e-09
0.0013405
0.00088003
1.217e-26
3.0976e-58
3.0976e-58
3.4711e-45
1.1852e-20
1.1307e-26
4.6532e-51
5.2968e-39
4.567e-09
1.4017e-38
5.7547e-15
0.0017249
2.7384e-09
3.6478e-15
4.5738e-15
0.0016071
1.7505e-32
2.7178e-09
1.3243e-26
7.314e-15
0.0010505
5.0135e-20
5.2549e-45
0.0010623
1.0851e-20
7.7376e-39
6.0961e-39
3.0976e-58
3.0976e-58
8.9621e-21
7.5878e-15
6.6338e-21
2.7656e-09
1.0535e-32
3.0976e-58
3.1303e-32
1.9567e-15
3.0976e-58
1.166e-38
2.8385e-09
0.0012029
0.0007732
5.9862e-27
0.0019117
2.5742e-45
0.0023439
3.8509e-51
2.1759e-26
1.585e-32
1.4894e-26
3.0976e-58
6.669e-26
3.728e-09
1.5323e-38
0.0016647
9.345e-33
3.0976e-58
0.0021982
0.0014945
4.5449e-39
4.2144e-20
1.7545e-51
1.3108e-14
2.7306e-51
3.0976e-58
3.0976e-58
3.0976e-58
0.0041701
3.0976e-58
0.0010794
2.8296e-26
0.0047021
0.00080682
4.2175e-39
0.0011922
3.0976e-58
3.8042e-09
6.1139e-39
7.9112e-09
1.935e-32
3.4929e-26
0.0022941
1.9823e-32
4.6638e-15
3.0976e-58
1.5704e-20
2.1514e-51
1.9214e-38
0.0036496
5.5514e-15
3.0976e-58
1.4871e-26
7.4569e-45
0.002211
1.3412e-20
1.1773e-26
3.6719e-09
3.0976e-58
2.0615e-09
1.1486e-26
3.0976e-58
1.3558e-51
6.2142e-15
7.0935e-15
1.9106e-26
0.0022088
1.449e-09
1.0224e-20
6.4126e-21
3.0976e-58
1.9586e-51
3.0976e-58
0.0010473
1.5088e-32
8.777e-39
3.0976e-58
3.3339e-45
9.1273e-15
9.3436e-45
2.951e-26
1.777e-26
1.3601e-51
3.0976e-58
1.0417e-26
2.6536e-51
2.7587e-32
8.6516e-45
7.7196e-32
2.7674e-32
3.0976e-58
3.0976e-58
3.0097e-32
0.001159
1.239e-20
1.9363e-09
6.9253e-39
1.7427e-14
0.0028839
1.9143e-09
3.0976e-58
2.8673e-26
7.5577e-15
0.00099176
0.0034152
9.9347e-39
3.7435e-20
1.0059e-26
1.3568e-38
7.9332e-27
3.0976e-58
1.5957e-09
0.0012859
3.0976e-58
3.0976e-58
3.0976e-58
5.3128e-09
1.9005e-26
3.1498e-09
3.016e-51
5.1633e-15
0.0020812
0.000386
1.4142e-26
1.1473e-32
1.6761e-20
0.00088606
2.5852e-15
3.0043e-09
3.7108e-09
1.6187e-26
2.5059e-08
1.567e-32
5.7834e-39
1.3327e-14
3.0976e-58
7.7012e-27
1.2886e-20
2.2152e-15
3.0976e-58
3.2211e-09
0.0014698
1.6863e-26
1.5273e-26
7.5191e-21
2.4855e-32
0.0035695
7.1172e-21
0.0016731
3.37e-51
4.53e-20
6.7354e-45
3.0976e-58
8.836e-21
3.5608e-51
1.4853e-26
6.966e-27
1.1695e-50
2.0258e-38
1.0845e-14
4.4968e-15
1.848e-20
6.5805e-09
0.0012696
2.2636e-09
4.7826e-09
2.2023e-32
0.00096699
0.0011036
3.0976e-58
0.00053989
8.6115e-33
3.5158e-45
3.0976e-58
3.6613e-32
3.0976e-58
5.261e-09
1.2922e-20
1.1862e-26
3.0976e-58
1.4182e-44
2.4187e-26
0.0018219
7.3773e-21
7.9985e-15
7.2544e-27
8.2618e-33
1.7804e-09
1.4294e-32
1.7726e-09
9.6635e-21
0.0023628
1.1259e-26
3.0976e-58
3.0976e-58
5.6932e-39
2.4892e-51
4.5916e-15
3.0111e-14
6.5905e-33
3.6433e-51
2.1788e-20
5.6886e-45
3.0976e-58
6.3674e-45
3.0976e-58
3.0976e-58
8.3348e-09
2.8555e-26
1.3773e-20
7.0339e-15
4.5057e-27
3.0976e-58
3.0976e-58
8.2661e-21
2.721e-09
7.3842e-15
3.0976e-58
1.6771e-20
3.7326e-45
0.00038698
4.343e-09
3.0976e-58
3.6352e-09
1.0528e-32
9.988e-10
2.6494e-26
3.5078e-15
3.437e-38
3.0976e-58
3.1114e-32
3.1217e-15
6.1425e-21
1.2667e-38
2.0551e-09
4.8061e-27
6.7054e-45
5.1664e-15
2.18e-32
1.1703e-14
8.5903e-15
3.0976e-58
3.0976e-58
1.8264e-38
3.0976e-58
2.7561e-15
3.0976e-58
9.5845e-21
0.0011627
2.8554e-51
1.1126e-38
8.6335e-21
3.0976e-58
7.2295e-15
1.5223e-32
8.8736e-15
1.2486e-14
0.00081316
2.0346e-32
0.00069569
1.114e-14
8.3898e-21
9.4109e-27
7.448e-33
1.4468e-32
1.4477e-38
1.1422e-20
2.9137e-32
9.8365e-27
1.4824e-26
3.0976e-58
6.4433e-21
3.2907e-15
6.4439e-45
7.5767e-33
4.9682e-51
0.00051362
5.1071e-27
4.8302e-45
5.1859e-33
3.0976e-58
3.9827e-09
3.0976e-58
3.0976e-58
1.0708e-26
1.6854e-20
2.6298e-26
6.2419e-33
3.0976e-58
1.8224e-09
1.8327e-32
5.5603e-09
3.466e-09
7.8863e-21
1.4119e-44
5.8905e-45
2.6818e-09
0.0010701
0.00088899
3.6705e-09
0.0015426
4.819e-39
2.659e-09
7.5855e-15
1.2641e-20
0.00045956
7.2387e-45
2.493e-32
3.0976e-58
1.4254e-09
5.9337e-15
0.00067708
1.8044e-20
1.4683e-20
5.741e-45
1.4113e-38
9.0108e-21
6.0878e-15
2.6085e-09
0.0010224
3.2277e-09
7.2745e-15
5.9867e-21
1.4954e-09
2.4736e-20
3.0976e-58
3.0976e-58
1.6491e-09
3.1503e-15
7.3429e-39
3.0976e-58
1.7219e-38
3.0472e-51
3.0976e-58
1.8663e-09
7.8181e-21
1.2812e-20
7.8906e-21
1.7577e-09
1.3154e-38
1.5704e-09
8.0487e-15
0.0015846
3.0976e-58
2.2929e-09
0.00069147
7.4163e-45
0.0021367
1.0085e-20
3.3574e-09
1.5085e-14
3.0976e-58
0.0012122
4.8998e-15
4.0772e-26
2.0025e-26
8.256e-15
2.538e-09
0.00051593
0.0010651
1.7061e-26
8.429e-39
3.0976e-58
4.7609e-09
0.00055081
1.2317e-38
6.0386e-27
6.728e-45
0.00064669
1.063e-20
4.8671e-27
2.2297e-09
1.5125e-09
3.0976e-58
1.3525e-38
6.2485e-33
1.4737e-26
2.697e-15
2.7703e-15
3.0976e-58
9.0792e-27
1.8902e-15
3.6561e-09
1.3047e-20
7.6494e-45
1.5678e-26
4.3828e-21
2.4409e-09
8.9389e-39
2.2044e-09
3.0976e-58
3.0976e-58
5.1137e-33
3.2895e-51
8.4136e-27
6.1629e-15
3.0976e-58
3.5645e-09
0.00079132
3.0976e-58
4.4679e-15
3.0976e-58
7.0714e-15
0.00057758
1.2721e-50
3.6768e-15
2.5021e-09
8.4522e-51
3.8469e-51
1.3483e-09
9.3582e-10
1.3611e-15
0.00042445
8.6098e-33
1.6589e-32
3.5106e-39
4.0193e-45
2.3081e-09
4.0548e-15
1.1776e-20
1.1155e-14
1.9666e-09
1.588e-20
1.56e-32
1.2996e-32
2.9919e-51
2.2707e-38
2.2343e-51
1.7844e-32
0.0018701
1.4139e-09
3.3806e-39
1.1926e-20
3.0976e-58
3.1941e-15
8.0129e-45
3.0017e-15
1.4829e-20
2.5795e-20
1.6472e-14
3.7773e-15
4.4816e-39
3.0976e-58
6.6753e-51
1.0085e-38
2.0959e-09
1.4106e-32
4.7769e-39
0.0008151
0.00077974
0.00088426
8.8919e-10
0.0015331
1.865e-09
0.00046809
4.3828e-33
1.4542e-09
9.8588e-27
9.5143e-51
0.00060676
0.00050249
7.2934e-21
3.0976e-58
3.0976e-58
1.048e-26
0.0015158
1.5712e-09
0.0012634
3.0976e-58
0.00067549
3.0976e-58
4.0746e-15
0.0007135
1.3585e-51
5.5339e-45
1.0739e-09
9.5229e-33
9.1482e-10
1.1761e-38
8.228e-27
3.0976e-58
0.0010927
3.0976e-58
5.7181e-39
4.0872e-15
1.7228e-20
4.1193e-09
0.0016727
2.7588e-15
6.3167e-27
2.144e-26
6.9861e-27
4.3851e-21
9.6601e-10
8.4737e-15
2.6688e-15
5.1289e-09
7.6385e-09
9.6959e-10
3.3193e-09
0.00066558
2.257e-51
0.00095896
0.001915
4.2473e-51
2.056e-09
3.0976e-58
1.1009e-26
7.9189e-10
2.6691e-15
5.0922e-51
1.2146e-20
3.8787e-09
2.3513e-15
0.0015367
0.0005031
3.0976e-58
1.1063e-09
6.7563e-09
5.4185e-15
1.3469e-26
2.7989e-21
0.00071495
8.0444e-39
3.468e-09
1.503e-09
0.00060801
3.0976e-58
1.0497e-26
7.326e-21
1.8948e-32
9.2797e-33
3.2002e-20
1.262e-20
1.4223e-32
8.7212e-10
6.0583e-45
1.0305e-44
1.0647e-44
2.313e-20
1.0304e-32
3.0976e-58
1.0404e-26
2.0499e-09
1.038e-20
3.5934e-51
9.5343e-51
2.9862e-09
4.9496e-39
1.4079e-51
6.5129e-15
1.4947e-26
2.1671e-09
4.9276e-15
2.6933e-09
3.1059e-15
2.3803e-15
3.0976e-58
8.5213e-33
1.894e-15
0.00031959
0.0018229
5.5689e-21
5.1026e-21
1.2581e-09
1.364e-09
4.7543e-26
2.512e-09
2.374e-15
5.6645e-45
3.0976e-58
0.0011264
0.00030934
3.5012e-15
3.5484e-27
4.5841e-15
1.0647e-38
7.8198e-33
5.1458e-15
3.3809e-27
1.227e-26
2.0401e-15
1.4541e-09
0.0013055
2.5104e-09
2.1227e-15
3.0976e-58
1.2776e-26
3.871e-15
1.5052e-09
9.4822e-27
2.2086e-38
4.1628e-15
0.00078014
3.0976e-58
7.652e-39
5.5611e-39
3.9474e-45
0.00077778
1.2663e-51
0.00091382
2.1083e-51
3.0976e-58
1.4861e-20
2.7777e-25
3.0976e-58
3.2205e-15
2.792e-09
4.015e-39
4.6678e-27
1.1633e-38
2.7226e-26
2.535e-15
6.2878e-15
1.7513e-15
2.2562e-15
2.6257e-39
6.1105e-52
3.3525e-15
3.0976e-58
8.2197e-09
3.0976e-58
3.0976e-58
1.0583e-15
2.9533e-09
3.1876e-15
7.2295e-15
6.7117e-15
0.00064183
1.9371e-09
1.6767e-15
2.2611e-09
5.7055e-39
8.5519e-27
8.9959e-21
0.0031028
0.0014889
1.7008e-44
8.0103e-39
2.6136e-32
1.3452e-09
5.5141e-21
0.0008818
4.229e-21
0.0011534
1.2657e-09
3.6017e-45
2.2858e-14
3.0773e-15
0.00072721
0.0012474
2.5406e-09
8.7069e-45
7.9327e-15
4.4558e-32
2.3628e-45
3.0976e-58
3.0976e-58
1.2606e-20
2.8141e-45
2.6156e-26
3.0976e-58
1.7914e-26
2.4019e-15
6.4387e-09
8.5281e-52
0.00042971
1.1205e-09
1.296e-20
1.0578e-32
2.3927e-51
3.0976e-58
0.00033289
8.3451e-10
3.0976e-58
0.00083645
2.7972e-09
3.9764e-15
9.9336e-33
7.3773e-15
8.5808e-33
7.8341e-10
3.0976e-58
7.5815e-15
8.9056e-27
3.0976e-58
1.2802e-20
1.1123e-09
3.0976e-58
5.4577e-21
3.0976e-58
5.4434e-21
4.4573e-15
7.9195e-21
4.308e-27
1.4066e-09
0.00054108
6.2325e-09
2.6563e-45
0.00081361
2.5304e-51
3.4075e-21
1.7213e-32
1.9671e-09
7.3215e-15
0.00038109
3.4935e-45
3.0976e-58
0.00051706
3.0976e-58
0.0014405
0.0012699
4.455e-21
5.098e-45
5.1492e-21
0.00063393
3.0976e-58
1.4755e-09
1.4865e-51
3.6295e-15
4.3046e-15
2.4395e-09
4.7219e-21
7.6594e-27
2.657e-09
7.5145e-33
1.6397e-15
1.4717e-09
0.0012742
7.383e-45
9.3413e-15
8.547e-21
1.637e-09
5.7914e-21
3.0976e-58
1.6573e-32
5.0066e-51
0.00093481
9.9548e-45
0.0014408
3.0976e-58
8.258e-39
2.7822e-09
1.0408e-20
4.8388e-09
1.2834e-20
1.6202e-09
3.0976e-58
1.9117e-20
0.0012017
8.0776e-27
1.1226e-38
3.0054e-51
1.3309e-20
3.4562e-15
5.1037e-21
1.447e-26
0.0017983
3.0114e-15
3.7386e-21
0.0022778
3.0976e-58
3.0332e-15
7.835e-27
5.0536e-51
3.0976e-58
1.3262e-32
1.0407e-26
5.383e-33
2.0394e-20
3.2185e-15
3.0976e-58
3.641e-45
5.3271e-09
1.6073e-51
9.4905e-21
1.7019e-51
2.9109e-51
1.2791e-32
3.2334e-45
5.1856e-45
2.4706e-45
5.1467e-39
6.5662e-21
5.7819e-21
3.0976e-58
0.001085
1.0903e-32
2.5154e-51
1.42e-09
4.3496e-15
9.0448e-27
9.7085e-21
4.7225e-09
9.6947e-33
0.00075894
1.1785e-38
3.8586e-09
1.654e-26
1.006e-38
3.311e-26
1.8017e-09
3.0976e-58
3.0976e-58
0.00056618
4.6048e-15
1.4151e-09
0.0010534
0.00090029
3.8985e-21
1.8114e-39
1.9993e-15
1.615e-32
8.5846e-15
4.2462e-15
7.2395e-27
1.8093e-26
0.0012563
1.1307e-09
4.1654e-09
7.353e-15
1.7381e-26
8.8323e-21
1.3654e-26
6.4791e-15
9.8709e-21
3.0976e-58
1.6689e-51
1.6312e-09
3.889e-09
2.8425e-51
7.8003e-39
3.0976e-58
3.3296e-08
1.6113e-20
1.0065e-26
0.00041918
3.2305e-15
1.7062e-32
1.9079e-32
4.5833e-27
1.2759e-32
3.893e-39
2.2706e-09
0.00071969
3.0976e-58
1.2944e-26
1.0058e-09
2.3298e-51
4.5257e-45
0.00036976
4.6111e-45
1.1983e-32
2.3853e-15
0.00059846
1.3248e-20
5.6144e-39
3.0338e-51
1.6364e-51
1.7367e-09
0.0010426
1.5006e-09
1.2551e-09
0.00029235
3.0976e-58
3.3969e-09
1.4475e-38
6.4828e-39
2.2701e-45
3.0976e-58
3.0976e-58
0.0010189
0.00091714
1.3674e-15
3.0976e-58
2.6184e-51
2.5861e-09
0.0010388
1.0004e-26
3.309e-15
4.1327e-45
1.0341e-09
1.1434e-32
0.00085514
8.018e-27
3.0976e-58
3.0976e-58
1.7248e-09
1.2469e-26
4.2719e-21
0.00094913
0.00040315
1.2254e-32
2.6617e-09
2.6732e-26
3.0976e-58
1.2519e-32
6.5249e-21
0.00088234
7.2318e-27
1.6475e-26
5.3761e-21
6.0434e-21
3.0976e-58
1.6436e-09
1.54e-09
8.9326e-15
1.7146e-09
3.0976e-58
3.4932e-15
3.2778e-45
1.3077e-09
0.0013426
0.00081724
2.0194e-09
9.2654e-27
8.1733e-33
9.8654e-10
7.0995e-15
0.0035912
7.7276e-39
1.0648e-09
3.2242e-21
2.1283e-51
5.564e-21
3.0976e-58
0.00083314
3.0976e-58
3.5147e-27
2.5879e-32
1.5181e-09
1.4889e-20
3.0976e-58
0.0023451
8.1515e-27
3.4259e-15
7.322e-21
3.018e-09
1.2378e-38
1.1114e-32
0.0013768
7.6832e-21
3.0976e-58
1.3918e-26
3.0976e-58
1.0032e-32
0.0014205
7.961e-39
2.4484e-15
3.3256e-51
8.1377e-21
1.0119e-09
3.586e-15
0.0012239
2.4159e-09
3.0976e-58
3.0976e-58
8.7596e-15
1.09e-15
3.8412e-45
8.4955e-10
1.0824e-09
8.4892e-21
7.153e-33
2.3966e-51
1.4499e-09
4.6409e-15
1.979e-32
3.3457e-15
2.357e-38
7.5724e-27
3.4857e-15
2.5832e-09
5.4076e-21
1.2437e-20
0.0043373
3.0976e-58
1.13e-26
6.4986e-27
8.1916e-27
0.00074516
2.1515e-09
1.3023e-09
1.503e-32
8.2701e-21
3.0976e-58
3.0976e-58
6.0071e-15
1.8447e-09
3.2881e-39
2.7753e-09
1.9543e-09
3.3219e-32
2.8954e-26
2.5283e-20
1.4699e-38
4.8216e-21
6.6401e-21
0.0007245
2.0928e-26
3.0976e-58
0.001924
4.9937e-15
6.0795e-39
6.052e-27
4.6772e-15
3.6258e-45
5.2272e-21
1.7315e-20
1.2973e-09
6.9775e-27
2.9335e-26
9.1846e-21
3.5164e-09
5.1134e-33
1.0362e-32
1.9794e-38
1.2375e-09
3.0976e-58
9.1268e-27
2.0302e-51
2.6917e-09
4.9261e-20
4.9482e-09
1.0861e-26
2.7851e-15
2.0132e-15
7.6732e-52
1.073e-26
0.00066338
8.9031e-39
1.4635e-26
8.5846e-10
1.6865e-15
2.2555e-38
7.6351e-21
6.4651e-10
1.0964e-09
1.9982e-09
2.2691e-09
3.0976e-58
5.3443e-39
5.7404e-27
1.0561e-38
1.459e-15
1.2916e-26
4.3372e-21
2.2825e-15
4.0603e-09
3.9795e-45
2.7306e-26
4.1602e-15
6.2296e-15
1.1096e-38
1.5027e-26
2.544e-15
4.9049e-21
5.9956e-27
9.1336e-21
0.00051315
6.8766e-09
3.0976e-58
7.9478e-33
1.8872e-09
7.3183e-45
5.8226e-51
7.6442e-39
1.3011e-32
7.0356e-33
2.7065e-15
8.4986e-27
1.0284e-32
4.4535e-15
0.00039424
3.2887e-09
0.00052228
9.3018e-39
0.00084065
2.0042e-09
0.00076432
3.4456e-45
1.6756e-09
8.4015e-45
3.0976e-58
1.9677e-09
4.0371e-33
3.0976e-58
1.0592e-20
4.2141e-15
2.6691e-09
8.0217e-39
8.1163e-15
3.5104e-09
0.00085215
1.5156e-20
2.0661e-45
3.0976e-58
1.5329e-20
1.4044e-38
0.0010905
8.8214e-27
1.8015e-26
3.757e-15
2.8831e-09
3.9638e-15
0.0007082
1.3226e-26
5.9844e-39
2.1396e-09
5.698e-33
3.3122e-45
2.0602e-09
0.00042596
1.8038e-09
0.00061868
6.8927e-45
3.0976e-58
0.0005969
2.7119e-09
1.3912e-20
2.7522e-09
3.5659e-45
3.0343e-15
9.2791e-33
3.0976e-58
3.0976e-58
1.7641e-38
3.1692e-15
2.0195e-26
0.00093978
1.9735e-09
1.0249e-26
2.7016e-51
0.0015811
4.2296e-09
4.253e-45
0.00064617
7.025e-33
2.1771e-14
2.7208e-15
1.3436e-26
0.00085554
6.0959e-21
3.0976e-58
2.369e-20
7.9206e-45
6.3336e-15
2.1652e-20
1.0865e-20
0.00055935
5.3898e-21
4.3115e-15
0.00043226
2.4787e-15
8.5084e-10
3.0976e-58
2.5688e-51
8.1094e-21
1.5707e-32
4.487e-33
6.1652e-27
2.4176e-15
1.7995e-26
6.5971e-09
9.6303e-27
3.425e-15
1.502e-32
7.4707e-15
3.761e-45
1.5225e-15
0.001517
2.1613e-26
1.1684e-38
2.9332e-09
4.5254e-15
1.9971e-32
2.8367e-26
0.0010775
9.0056e-10
1.4166e-15
4.6108e-21
6.1847e-21
1.5339e-26
0.00069626
4.0583e-15
2.4187e-51
0.0027884
0.00069883
5.5568e-45
3.0976e-58
2.1664e-26
3.0976e-58
9.9717e-33
4.2015e-21
2.5904e-15
0.0019933
3.0976e-58
3.0976e-58
1.0542e-20
0.00059532
2.8099e-21
9.5297e-39
3.4831e-27
6.0518e-10
0.00093493
2.223e-09
7.1991e-15
0.00037972
2.3234e-45
6.2892e-21
5.3446e-39
1.1464e-38
7.1754e-27
6.1666e-39
1.7837e-15
0.0010104
5.3712e-27
3.1976e-21
0.001531
1.0528e-38
7.9842e-27
1.0264e-20
1.1513e-51
1.2065e-20
1.2939e-38
3.0976e-58
7.6305e-33
2.6684e-51
0.00031638
9.4364e-33
1.907e-09
5.0458e-09
2.1091e-15
2.2234e-15
3.529e-15
0.0003188
1.1831e-09
2.1876e-09
5.379e-15
0.0006472
2.4777e-45
0.0019449
1.1622e-38
6.862e-39
0.00082422
2.3836e-45
0.00057028
3.9603e-32
0.0010023
4.3484e-27
1.4711e-20
1.0077e-20
4.0883e-27
1.2836e-20
1.3419e-32
5.5428e-45
4.4799e-39
1.8988e-32
4.2121e-15
1.2488e-32
0.00024475
3.6438e-45
2.9206e-15
5.0693e-09
6.5009e-21
5.8249e-15
4.8001e-15
8.1526e-39
5.9993e-15
4.0611e-09
0.00060195
4.6348e-45
3.7086e-15
4.1685e-15
3.5089e-15
6.3657e-21
3.3273e-15
3.0976e-58
6.3419e-21
3.0976e-58
0.0019249
5.9893e-27
0.0025846
6.5799e-27
0.00095425
2.6113e-09
1.5922e-15
1.8185e-09
0.00096175
6.1732e-39
0.0004226
3.9881e-09
3.0976e-58
1.0755e-14
6.7403e-33
3.1111e-15
2.1809e-51
3.0976e-58
2.7636e-09
0.00037494
0.00053205
1.7359e-09
2.4679e-15
6.8689e-27
7.5045e-27
2.0174e-09
2.7871e-09
6.3009e-33
3.0976e-58
4.7611e-27
5.0739e-15
4.4636e-21
1.1554e-32
9.7981e-45
2.5891e-09
1.0614e-26
5.7968e-21
8.765e-21
3.1079e-15
8.6653e-15
0.0016023
2.5265e-09
8.9601e-45
3.0976e-58
9.5624e-21
3.6106e-20
3.252e-09
1.9828e-15
2.2951e-09
2.3048e-32
1.1572e-32
0.00075805
0.0013445
2.1889e-15
3.0976e-58
6.7028e-21
1.9056e-15
5.6943e-21
0.00069772
2.9513e-09
3.0976e-58
6.8377e-21
0.0015872
0.00037243
5.8447e-10
2.3113e-51
3.0976e-58
5.902e-15
9.9479e-27
3.299e-09
4.5692e-21
6.1646e-15
3.0976e-58
4.5581e-45
7.1963e-21
6.1666e-45
1.2322e-14
4.8611e-21
4.1445e-33
7.1442e-21
8.6361e-33
1.7518e-09
0.0007814
2.5885e-38
3.0976e-58
1.2878e-09
7.0935e-39
0.00051086
4.3158e-21
1.0966e-20
1.3851e-14
1.0167e-26
9.498e-33
6.7329e-39
3.3405e-45
1.4755e-09
3.3024e-26
3.0976e-58
3.0976e-58
1.83e-32
0.00064091
4.9347e-21
7.9163e-27
5.417e-27
2.5139e-51
3.0976e-58
1.6128e-09
6.2119e-15
2.902e-09
0.00075122
1.995e-15
0.00047679
6.0065e-15
1.074e-09
1.1722e-09
2.685e-26
7.2387e-15
4.0311e-15
3.0976e-58
7.91e-33
1.1172e-20
5.2704e-45
8.7006e-21
3.0976e-58
1.9527e-26
1.21e-38
2.8782e-45
3.0976e-58
3.657e-15
2.6017e-09
0.00073263
1.3097e-09
1.1963e-09
0.0012618
6.7137e-09
6.6538e-27
0.00067212
0.00035752
0.0008605
3.9832e-15
4.6245e-45
0.000876
9.162e-21
6.9236e-39
4.4309e-27
9.0171e-15
2.0543e-14
6.0434e-21
0.00074546
0.0018613
1.8459e-51
5.1644e-15
0.0011493
3.93e-09
1.8457e-09
4.6944e-09
1.2046e-20
4.9536e-51
9.7042e-10
1.6243e-32
2.8492e-09
0.002527
0.00095917
4.7233e-45
3.254e-32
9.4896e-10
0.0017322
0.00031026
9.2702e-27
0.0015682
1.0469e-51
2.7189e-15
3.0976e-58
1.6115e-51
0.00063351
3.0976e-58
1.9195e-20
3.0976e-58
1.9406e-15
5.792e-09
1.6972e-38
4.1797e-15
1.2951e-51
5.9687e-27
5.7249e-27
1.1203e-51
4.862e-27
8.8587e-33
0.00048954
4.3604e-15
7.469e-33
1.4963e-14
0.0018873
0.0010686
8.5545e-27
0.0006779
4.9785e-33
1.2799e-09
1.2089e-32
0.00093511
1.6668e-26
7.485e-51
0.0010452
2.8115e-38
8.7086e-27
9.8156e-45
2.4093e-26
7.7207e-15
9.3645e-33
9.4693e-10
2.6846e-39
8.8561e-21
4.3762e-45
8.3013e-39
9.807e-45
5.2082e-39
5.2793e-15
1.0449e-26
3.1452e-32
1.9719e-32
7.3911e-27
9.2158e-33
7.6119e-27
1.529e-51
0.00088775
1.2955e-26
3.0976e-58
4.5102e-21
1.073e-51
3.9334e-09
1.6901e-20
3.0976e-58
8.0799e-33
0.00048398
7.8118e-21
1.4352e-32
7.1963e-15
1.0423e-14
2.8799e-51
0.0016059
3.0976e-58
8.2305e-27
8.3872e-21
6.0483e-09
6.9769e-39
5.5081e-15
0.0010815
0.00068041
8.6461e-39
0.00082372
1.1448e-32
1.9252e-15
3.0976e-58
9.5275e-27
1.2072e-26
7.4584e-10
0.00070567
3.038e-20
3.0976e-58
2.6156e-20
1.7315e-51
5.8805e-15
0.00073898
6.7844e-21
0.0021378
6.5493e-21
5.5465e-45
4.235e-15
0.0010654
2.3171e-09
4.5615e-39
1.8964e-15
5.7656e-27
7.8424e-39
7.495e-45
6.7993e-45
4.4908e-27
3.4542e-21
1.4954e-09
8.4875e-39
1.3362e-32
1.2568e-26
0.0006331
3.0976e-58
8.1019e-21
3.0976e-58
1.7327e-26
3.6418e-15
2.0916e-09
1.6066e-26
1.8138e-38
9.0666e-27
5.7894e-15
0.0020768
6.2288e-21
2.3565e-09
3.0976e-58
0.00075956
4.7325e-21
5.4531e-33
1.39e-09
3.8002e-15
5.9297e-33
6.6289e-21
0.00043464
0.00044924
1.5144e-15
0.0016979
1.1633e-20
7.6073e-39
0.00052866
2.3317e-09
2.0537e-09
0.00082899
1.0188e-32
1.5694e-20
2.2725e-09
0.00049874
1.2692e-32
3.2108e-26
7.1052e-45
0.0012479
5.1412e-51
9.7423e-27
0.0014726
0.0015799
8.8504e-45
3.0976e-58
3.0976e-58
1.8391e-09
1.2642e-26
8.0919e-33
4.7107e-09
4.5641e-39
2.7631e-15
8.9538e-45
1.8591e-09
3.6086e-09
1.7803e-26
3.0976e-58
7.7797e-33
1.3121e-09
1.7256e-32
0.00088887
1.0559e-20
1.9097e-32
0.0014158
0.00089671
0.00074993
2.5788e-51
5.4815e-45
4.0047e-27
3.0976e-58
8.5319e-15
2.4247e-09
2.2349e-09
1.305e-38
3.0612e-51
3.0976e-58
2.9026e-26
0.00066849
2.9931e-15
5.7324e-27
5.4317e-51
1.2679e-26
8.1045e-21
6.602e-39
1.1594e-26
7.6511e-21
0.00089842
0.0015363
3.0976e-58
4.9594e-15
9.8866e-33
1.0863e-26
0.001271
0.00049536
6.4144e-27
7.0494e-45
0.00084142
1.2147e-51
2.2132e-32
0.0012194
9.6114e-33
4.4487e-09
8.4348e-21
8.6894e-33
1.5591e-26
5.8172e-15
9.1319e-33
3.4468e-21
2.5865e-09
3.0976e-58
3.9497e-33
1.1816e-26
1.6554e-20
0.00069814
1.862e-09
6.3425e-15
4.2442e-15
7.7385e-33
3.4221e-09
0.0015297
3.0976e-58
5.1538e-21
4.2287e-15
6.8199e-21
2.7148e-15
0.0011524
4.3324e-15
3.0976e-58
1.2287e-32
0.00093455
5.1089e-15
3.0976e-58
2.0524e-26
4.8027e-27
3.0976e-58
1.1391e-09
0.0011719
9.1637e-27
2.5802e-51
1.8864e-15
3.0976e-58
4.4659e-21
1.883e-45
2.6758e-45
4.1164e-15
0.00056718
3.0976e-58
7.9771e-33
0.00091685
1.6267e-20
6.4533e-33
1.4094e-09
0.00060377
1.6088e-20
1.8824e-09
3.5267e-15
5.1793e-45
2.8429e-20
7.4707e-10
1.6834e-09
2.3747e-15
6.573e-27
1.3973e-38
0.0053522
1.4962e-09
1.7862e-09
2.7588e-26
9.5618e-39
3.0976e-58
2.1751e-15
3.0976e-58
0.00075608
3.0976e-58
3.5072e-15
8.6373e-10
3.0976e-58
1.1452e-32
4.5632e-45
0.0012776
0.00024769
3.0976e-58
1.7646e-26
1.1291e-20
3.0976e-58
6.2603e-21
3.0976e-58
3.0976e-58
1.8547e-15
6.9554e-15
4.7717e-15
0.0020874
1.4783e-38
3.7381e-39
6.3061e-45
3.0976e-58
3.5908e-27
0.0010608
3.0976e-58
1.0357e-38
2.2018e-09
6.0237e-33
1.0656e-26
3.0976e-58
7.0525e-21
7.4395e-21
0.00066431
4.0093e-15
4.2593e-21
1.1657e-20
1.7923e-15
1.8878e-26
3.7005e-09
2.0138e-15
0.00056417
6.3147e-21
5.4729e-51
1.3077e-20
1.9668e-26
1.5255e-26
9.1242e-27
0.00097067
1.6252e-26
1.5736e-32
2.1381e-51
3.0976e-58
9.9127e-10
1.2215e-32
1.0762e-26
7.2249e-39
2.1991e-26
4.831e-27
4.8133e-20
1.4062e-38
3.0976e-58
0.0011524
0.00092134
5.8389e-27
1.2074e-09
1.5016e-09
0.00040475
2.3174e-09
3.7154e-21
1.3418e-26
5.812e-21
4.9722e-21
7.0803e-15
1.5056e-09
1.2291e-09
3.0976e-58
1.1707e-38
1.2916e-26
3.0976e-58
6.1678e-33
1.7014e-09
9.117e-10
5.7648e-15
2.1781e-20
3.0976e-58
2.1627e-51
3.1563e-21
4.2525e-21
0.0016882
4.0483e-39
4.1826e-39
0.0019758
7.7207e-21
1.0128e-09
0.0023092
0.00056738
3.2566e-09
1.7904e-09
4.1794e-15
1.7363e-09
5.678e-27
4.9954e-15
0.00054362
6.5473e-27
1.8505e-38
6.0704e-32
6.8689e-15
8.4216e-27
6.5166e-21
2.904e-15
3.4915e-09
2.1296e-09
6.9179e-33
0.0016457
3.0976e-58
6.5556e-09
3.0504e-38
2.858e-09
3.3491e-45
4.6214e-21
1.773e-15
1.7468e-26
7.949e-21
5.3818e-45
6.6999e-09
4.6136e-33
2.1991e-51
2.4357e-45
3.0395e-15
6.602e-39
3.1011e-39
9.3361e-45
1.0601e-32
1.0777e-38
0.000584
3.0976e-58
2.738e-15
1.0571e-38
9.6039e-27
3.0842e-27
3.0976e-58
6.3731e-27
9.8056e-27
4.2107e-15
3.0976e-58
9.3232e-10
6.0343e-39
1.8426e-09
5.7086e-09
1.0311e-32
3.0976e-58
2.6377e-26
3.0976e-58
4.1219e-21
6.718e-15
4.933e-21
0.00083501
3.0484e-09
2.3997e-51
5.9366e-15
8.8979e-15
4.6357e-39
3.0976e-58
5.1564e-21
5.4328e-15
1.1923e-20
3.1423e-26
0.00062927
4.9416e-15
1.2921e-09
0.00038101
0.00046727
5.8006e-21
2.6284e-09
1.5296e-26
1.4582e-32
6.4997e-21
5.2017e-51
4.4742e-15
3.2225e-27
3.0976e-58
1.0737e-20
3.0976e-58
3.0976e-58
4.8379e-27
1.3858e-20
2.5031e-09
4.4736e-39
3.1993e-09
0.00077051
4.4326e-51
5.8833e-15
1.5865e-15
0.0007143
4.542e-15
1.2831e-32
2.4811e-51
9.567e-33
7.2771e-39
5.413e-39
2.592e-51
0.00044928
3.0976e-58
2.6046e-15
8.8999e-27
0.00035132
3.256e-26
1.1947e-26
0.00031507
2.8966e-51
8.0487e-51
5.7622e-33
0.0015428
2.8719e-45
1.5076e-32
5.3088e-21
3.0976e-58
2.2166e-09
1.1183e-09
0.0010355
1.2988e-51
1.2325e-51
3.0976e-58
3.7796e-45
5.3068e-15
0.00089502
3.0976e-58
1.4858e-26
7.9126e-21
3.0976e-58
0.00060002
3.7088e-09
1.1174e-20
9.6346e-39
0.00069505
1.3849e-09
8.5665e-27
2.9421e-15
8.3388e-27
3.0976e-58
2.7812e-15
1.1991e-51
6.8695e-27
0.00086607
3.0976e-58
5.3002e-45
1.4369e-26
0.0013706
5.2564e-15
4.8075e-09
9.8952e-27
7.8573e-21
9.0861e-27
3.9328e-09
2.0187e-09
8.2987e-33
0.0013971
2.7302e-09
3.0976e-58
0.00046836
1.2206e-26
0.0021211
0.00054469
3.0976e-58
3.0976e-58
5.0304e-15
0.00069652
4.931e-51
1.9195e-15
5.6029e-21
0.0011934
1.1998e-44
6.0463e-39
3.0976e-58
1.7837e-09
0.0011739
2.9527e-09
1.7242e-15
1.0628e-38
0.0012144
3.1414e-15
0.00065077
0.0011495
4.5002e-15
3.0976e-58
9.7738e-21
3.3273e-15
4.0792e-45
4.4203e-39
1.8947e-09
1.1289e-32
8.997e-33
3.0976e-58
3.1185e-51
1.6056e-09
0.0005983
0.00030784
0.00186
2.8951e-45
0.0011043
3.0976e-58
0.00091504
5.4649e-21
1.6421e-26
5.5288e-15
1.3433e-09
5.4987e-15
2.2573e-09
8.2661e-15
3.2259e-09
9.3235e-52
1.687e-44
1.3019e-38
1.5086e-20
2.4372e-51
0.0016054
0.00071884
3.0976e-58
2.7411e-15
1.2719e-38
2.0881e-32
2.3836e-38
3.0423e-15
6.3173e-39
1.0336e-20
2.6775e-45
0.0021506
1.8837e-26
2.6988e-32
3.1581e-15
1.0998e-50
4.3776e-21
4.7738e-15
1.3524e-32
5.1129e-09
0.0017836
3.8455e-45
6.7675e-15
0.00064721
6.4702e-39
2.9312e-51
1.7727e-09
1.8682e-09
1.4291e-20
1.6514e-09
0.0016944
6.3198e-21
3.0976e-58
4.0528e-51
3.1088e-26
1.4383e-09
7.9301e-27
0.00073116
9.6039e-21
2.8802e-09
8.0481e-27
1.3375e-26
2.8521e-09
1.2984e-38
0.0005739
7.7677e-10
3.0976e-58
3.8234e-09
6.5203e-33
2.8871e-45
3.0976e-58
3.0976e-58
9.402e-15
0.0011777
4.9969e-33
1.0817e-38
7.1127e-39
3.3797e-15
0.00025386
1.1186e-32
1.1117e-26
0.0022332
6.1944e-21
3.0976e-58
7.9427e-15
2.4283e-09
8.5946e-33
1.2053e-32
6.5178e-09
5.6047e-33
3.0976e-58
6.0735e-21
3.0976e-58
0.001669
0.0028976
7.6056e-27
2.1438e-15
7.4939e-33
4.4976e-39
2.583e-32
5.1822e-27
2.9135e-51
2.7061e-38
0.00035027
5.0398e-45
8.0091e-15
1.0341e-38
3.0976e-58
2.6166e-45
3.0976e-58
1.7926e-09
3.5247e-15
2.8538e-45
1.301e-20
3.6705e-09
2.2616e-45
7.3747e-21
2.9435e-15
1.8262e-32
2.1198e-51
8.1188e-21
1.1364e-38
7.7992e-21
2.4498e-32
5.7762e-21
3.1036e-51
3.4737e-51
9.7764e-27
7.4148e-15
1.0233e-09
6.3963e-15
3.9927e-51
2.4453e-51
1.4237e-20
7.5128e-21
3.0976e-58
1.3743e-32
1.1908e-26
1.0204e-26
9.5956e-10
4.799e-39
0.0035812
0.00051164
3.0976e-58
7.8614e-15
0.0012602
6.4722e-33
1.9881e-45
1.522e-15
0.00055825
7.9733e-33
0.00065753
1.5845e-09
5.2661e-39
2.013e-32
1.3368e-32
1.4401e-51
0.00094641
3.0378e-09
3.0976e-58
2.8656e-51
2.415e-32
1.7153e-09
4.3653e-15
3.9179e-15
2.4395e-15
0.00088344
1.1357e-38
3.0025e-27
6.7936e-27
3.8913e-09
6.4043e-39
2.4683e-15
2.2442e-15
6.7503e-21
1.3506e-32
0.00091101
0.0016678
2.1073e-45
9.6979e-21
0.0011259
3.3849e-15
3.0976e-58
7.1891e-27
3.0976e-38
2.5083e-15
3.057e-09
2.6396e-38
9.8689e-45
3.5284e-27
8.9343e-45
2.0439e-26
2.1356e-39
0.0010677
1.7174e-32
0.0018683
7.5987e-10
1.1689e-38
0.00075274
3.3703e-15
1.042e-20
6.4158e-15
3.0976e-58
0.0012203
6.1096e-33
7.6752e-21
7.7972e-33
4.174e-45
1.0891e-26
2.5523e-27
5.4841e-21
7.3088e-15
1.0493e-20
6.0317e-33
4.0818e-21
1.4993e-09
3.0976e-58
1.0202e-38
2.5143e-09
3.0976e-58
0.0012763
6.3009e-33
3.0976e-58
3.901e-27
1.17e-09
1.1126e-26
5.2936e-45
4.0136e-15
0.0021135
3.4413e-15
5.474e-15
3.0976e-58
0.00077632
9.1273e-27
2.522e-51
1.7375e-38
6.309e-10
0.00087321
4.1625e-15
3.0976e-58
1.0455e-38
6.1105e-27
3.0713e-15
0.0010839
9.2178e-33
7.8218e-27
1.8841e-26
0.00073188
4.1511e-21
9.3951e-39
1.8805e-14
7.9347e-27
2.7356e-09
0.00065727
1.359e-09
2.5687e-09
1.5952e-15
0.002157
0.00075978
3.9563e-21
1.7154e-14
6.8414e-45
3.5046e-45
3.0976e-58
1.1892e-51
6.5329e-33
4.7878e-27
6.4891e-21
3.0976e-58
0.0012409
4.6893e-51
3.0976e-58
9.1952e-21
3.0976e-58
3.0976e-58
0.0016121
1.9872e-09
3.1815e-15
3.0976e-58
0.0012406
1.4412e-38
1.7614e-26
1.9465e-51
6.8632e-21
2.3554e-09
1.7414e-32
1.9259e-09
2.4512e-51
0.00080037
3.5536e-09
1.4575e-32
9.9648e-33
5.4569e-39
0.00041258
2.2069e-15
0.0011313
2.6228e-09
1.5925e-51
2.704e-09
3.1595e-15
3.6745e-21
2.787e-45
2.922e-32
0.0015825
0.00088422
8.3334e-39
2.0477e-20
1.8013e-20
4.2393e-27
0.0010116
8.8103e-15
1.1137e-20
3.0976e-58
2.4819e-09
1.6315e-09
9.2448e-15
1.3054e-09
0.00057199
2.3745e-32
1.0631e-20
1.0737e-26
3.8002e-45
0.00079373
9.827e-10
4.2507e-45
3.7409e-45
3.3081e-27
6.854e-27
6.7449e-39
3.0976e-58
0.00070764
5.1381e-21
4.8703e-45
6.3906e-33
3.0976e-58
3.0976e-58
3.7693e-15
0.00085074
0.00050695
3.1171e-15
1.0099e-51
3.0976e-58
1.2527e-51
3.303e-09
1.0329e-20
7.7677e-27
0.00054488
1.094e-26
3.0976e-58
9.5501e-27
3.0976e-58
3.4095e-15
0.0006931
3.0976e-58
1.8026e-09
6.3737e-27
1.1482e-32
0.0014423
0.002993
1.6062e-09
5.1091e-09
2.2834e-15
7.3341e-27
2.4844e-09
1.4003e-26
9.1004e-21
0.00071215
7.3974e-33
3.5336e-15
4.8883e-45
1.2465e-15
4.2616e-15
2.169e-09
1.0451e-09
3.0976e-58
1.1106e-32
1.7761e-09
3.2855e-15
1.3972e-32
6.3135e-21
3.2234e-15
2.0083e-45
0.00072513
3.0976e-58
2.9438e-09
8.5296e-27
3.0976e-58
1.2236e-09
1.5063e-20
4.1577e-39
3.0976e-58
3.4253e-45
2.3353e-09
9.4896e-21
0.0012307
8.6785e-10
1.6475e-15
0.00086598
2.0697e-51
0.00089107
2.3695e-39
8.0575e-21
6.4765e-21
3.0976e-58
6.9806e-27
3.0976e-58
5.8094e-33
0.00062203
6.8397e-09
3.1386e-15
0.00059583
6.1646e-39
9.2728e-21
2.1913e-20
2.7852e-32
1.2415e-14
3.0976e-58
3.0976e-58
3.3442e-21
7.3567e-15
3.0976e-58
9.6873e-15
3.1701e-09
0.00093581
0.0017208
6.0417e-45
6.6401e-21
2.3345e-20
5.2372e-21
4.2207e-39
5.3792e-09
7.1682e-09
5.0284e-15
6.2394e-45
7.5039e-21
8.2807e-33
3.0976e-58
2.4758e-15
1.5271e-32
5.3251e-39
5.1146e-21
1.5133e-20
0.0042361
1.257e-20
5.4775e-15
3.0976e-58
7.7345e-27
3.0515e-09
4.2198e-27
7.1659e-21
9.2797e-45
5.1997e-21
4.2737e-09
4.5827e-15
3.0976e-58
4.0036e-09
0.0012595
0.0009171
6.8494e-21
5.069e-45
4.581e-27
1.8483e-26
0.00076482
2.1335e-51
4.4627e-39
1.2489e-32
8.9151e-27
2.3394e-15
1.6037e-09
6.0764e-09
2.4918e-45
1.3524e-26
6.2288e-15
0.00064028
4.4229e-15
4.7497e-15
8.1721e-21
3.0976e-58
8.0667e-15
1.5263e-20
8.6662e-52
0.00091542
8.2623e-15
7.0167e-09
6.6214e-39
9.7205e-15
7.1427e-21
9.8044e-27
3.0976e-58
3.0976e-58
0.00057764
3.0976e-58
7.4595e-45
3.2772e-09
9.39e-33
1.6034e-26
9.1714e-21
1.1336e-26
0.0011304
3.966e-09
3.0272e-15
7.7454e-21
2.0759e-09
3.0976e-58
2.1575e-26
1.6656e-09
0.00085253
6.805e-39
1.4189e-32
3.0976e-58
7.8868e-33
1.087e-26
2.3128e-32
6.5868e-39
9.229e-33
3.244e-15
0.00069269
2.0397e-21
3.0564e-51
0.00070551
4.7053e-27
1.9425e-32
1.4636e-51
0.00050304
3.0976e-58
9.1156e-33
2.4092e-09
0.00037893
3.0277e-20
2.1471e-09
0.0030518
3.4156e-26
7.8906e-21
2.7992e-09
2.4047e-15
3.9907e-33
3.6009e-21
2.5386e-15
0.00044722
3.0976e-58
1.1387e-26
3.7527e-15
2.2696e-15
2.9796e-32
3.0976e-58
0.00057743
6.4184e-15
0.0015446
7.1742e-45
2.5052e-15
1.0343e-14
4.7053e-33
5.9759e-15
7.4944e-15
3.0976e-58
6.4602e-15
2.3075e-09
8.9801e-21
3.1191e-15
0.00060313
8.5064e-45
2.2651e-09
5.2483e-09
3.0085e-15
3.1529e-21
3.6759e-15
1.2338e-14
3.5751e-27
7.7084e-39
3.9701e-21
1.6341e-32
9.1182e-39
5.3397e-15
2.6457e-09
1.7114e-32
5.6273e-27
2.3189e-09
1.7153e-15
1.9809e-38
1.2149e-38
2.1621e-09
0.00073844
7.1261e-09
2.7093e-21
3.0976e-58
5.733e-15
1.1072e-38
9.9949e-52
6.0062e-51
0.00095571
0.0005037
2.537e-09
3.2282e-27
2.2368e-51
1.6412e-20
1.4018e-26
2.5581e-32
2.4886e-32
4.8889e-15
0.00036656
1.4204e-20
3.0976e-58
4.2931e-15
2.552e-38
4.988e-39
3.0976e-58
1.4023e-20
9.4742e-39
3.8675e-45
7.1459e-27
1.0056e-26
1.3042e-38
8.6267e-45
1.5234e-32
1.9863e-15
2.607e-32
6.3705e-27
3.0976e-58
3.0976e-58
3.5333e-45
2.4333e-38
7.9301e-39
0.0010473
3.0976e-58
3.0976e-58
9.3983e-15
5.3913e-51
1.2313e-32
1.8961e-15
0.0011323
9.6366e-15
0.0014366
5.9037e-15
6.2729e-27
2.7192e-15
4.1482e-27
2.8911e-09
1.428e-26
0.0010365
5.8195e-15
6.6515e-15
0.00050473
7.6537e-27
6.5988e-21
1.986e-32
0.0011667
3.0976e-58
1.1027e-38
3.0976e-58
5.0221e-27
5.0822e-09
5.0991e-39
2.513e-51
9.2058e-21
9.3482e-33
8.2529e-33
2.2765e-15
8.4459e-21
3.0976e-58
1.6586e-20
6.9311e-27
3.0976e-58
0.00041728
3.0312e-09
3.004e-09
8.3334e-33
8.6161e-27
0.0010195
4.3859e-09
1.0266e-14
3.0976e-58
3.0976e-58
2.4654e-51
5.9157e-33
1.081e-44
3.315e-45
1.6438e-15
1.2598e-26
2.4887e-09
0.0010937
1.8301e-20
3.0475e-15
5.3346e-15
4.131e-15
2.5952e-15
5.1745e-39
0.0012081
5.8444e-45
2.7521e-45
5.7006e-21
0.0013302
4.5727e-33
3.4365e-15
8.8478e-45
0.0009115
0.00095304
0.00092929
6.7065e-21
3.0976e-58
0.0022899
7.9616e-21
3.0976e-58
1.1058e-32
0.00074623
2.1377e-45
1.0985e-32
0.0018081
1.9267e-51
9.343e-39
2.5988e-15
6.9354e-21
1.7589e-09
1.8565e-44
6.6088e-15
1.8169e-09
2.9415e-09
4.5005e-21
1.711e-15
2.7087e-09
4.7483e-09
0.00039652
2.3885e-20
0.00052073
3.7043e-51
7.5291e-21
3.2497e-15
1.4298e-20
1.0829e-32
3.0976e-58
1.7749e-09
4.3161e-21
8.2454e-45
0.0004143
1.7796e-51
2.9934e-21
0.0010426
3.0976e-58
0.00094185
2.648e-45
0.0017476
0.00065979
3.0976e-58
9.0712e-10
2.8651e-15
1.1385e-26
4.2539e-09
9.471e-27
1.2839e-51
3.0976e-58
7.7754e-33
3.0976e-58
2.836e-21
2.9049e-51
1.7566e-20
0.00032382
6.3943e-33
0.0011285
7.672e-39
1.6507e-26
3.6123e-09
4.0225e-45
9.3536e-45
4.2963e-39
1.396e-09
1.2541e-15
3.0976e-58
3.2973e-45
2.4325e-32
4.7528e-27
1.5141e-09
1.9456e-38
4.1479e-15
1.4175e-32
1.1699e-38
3.0976e-58
0.00051942
1.78e-51
1.4019e-32
2.0602e-09
0.00077576
1.6272e-09
5.4947e-45
3.0976e-58
3.5264e-21
5.5442e-15
0.00045346
5.3094e-09
0.0013991
1.1395e-38
5.0839e-15
2.2237e-09
0.00034896
4.6526e-15
1.0794e-20
3.0976e-58
6.516e-15
1.5806e-20
7.9247e-15
1.8078e-32
8.8392e-21
8.1217e-10
2.2534e-09
3.7532e-45
0.0010402
0.0012459
3.0976e-58
6.2308e-45
1.8227e-51
2.748e-15
0.00076256
0.0020565
5.2223e-21
5.0533e-32
0.0012775
0.00025465
0.00051313
2.9656e-21
0.0003579
5.4755e-15
3.0976e-58
1.1823e-14
2.5028e-15
7.3372e-39
1.0062e-38
8.8398e-27
1.4299e-26
3.0976e-58
0.0016141
6.6383e-15
3.0976e-58
2.0789e-09
1.5769e-45
7.6199e-15
4.7256e-45
3.9686e-27
6.2494e-39
1.5087e-26
6.211e-45
0.000547
2.9023e-09
6.612e-21
3.9752e-27
1.3262e-09
0.0007909
3.0953e-15
1.9135e-15
1.6569e-32
7.0001e-33
6.9165e-39
3.0976e-58
0.00075297
3.0976e-58
3.0976e-58
2.5097e-39
1.0107e-32
0.00073401
0.0008911
3.9403e-45
0.0013419
3.0976e-58
3.0976e-58
5.3652e-27
6.5931e-15
1.1648e-26
6.4089e-39
1.8325e-32
2.4089e-09
0.00058094
0.00071203
6.0646e-21
3.0885e-38
1.4021e-38
2.078e-45
4.772e-39
3.0976e-58
9.6357e-33
7.9553e-27
4.9748e-39
1.5642e-09
0.0011543
2.6641e-09
5.6173e-15
1.3729e-32
0.00072886
3.0976e-58
5.1624e-27
0.00046294
0.00099373
0.00080269
1.6037e-09
4.7617e-33
5.4586e-39
9.4034e-09
0.001688
3.0976e-58
1.3799e-26
0.00084426
3.0976e-58
1.5066e-51
2.4988e-26
0.0020614
3.118e-51
0.0028089
1.3574e-09
5.1109e-27
5.7582e-20
1.8022e-20
6.9222e-33
5.5792e-45
3.0976e-58
0.00075036
3.0976e-58
4.9628e-39
1.6928e-38
7.1699e-21
0.00062658
2.4674e-09
1.3517e-51
3.3205e-27
5.3179e-15
8.9483e-27
3.7521e-15
2.116e-20
3.0976e-58
5.5849e-15
2.7347e-15
1.8531e-09
2.6583e-15
1.1186e-26
1.5014e-09
9.2823e-33
3.734e-09
3.0976e-58
3.7699e-15
0.002731
2.3675e-15
3.0412e-32
2.6111e-51
0.00062272
1.3773e-26
1.9914e-09
6.3256e-45
7.6402e-10
1.374e-38
1.8849e-09
3.0976e-58
1.4905e-32
0.0009668
1.0648e-20
8.0349e-45
8.307e-09
3.0976e-58
5.7954e-15
0.00071336
0.00092071
1.0069e-26
3.0976e-58
1.9103e-15
3.0257e-09
5.3148e-09
7.7084e-27
2.3609e-20
2.1719e-15
1.5621e-20
3.0976e-58
4.0623e-45
1.1016e-20
1.4064e-15
2.9808e-15
7.7064e-39
0.0010566
1.6357e-45
1.2197e-20
1.1504e-09
3.0976e-58
3.0976e-58
1.4595e-32
2.5745e-09
3.0976e-58
6.3098e-21
4.5839e-09
2.0444e-26
3.8429e-45
4.4077e-09
2.0986e-09
4.3218e-21
7.5804e-39
5.1206e-51
5.4162e-52
0.0014253
1.0802e-20
3.0733e-09
0.00048476
8.7765e-45
7.0393e-39
2.728e-51
1.8998e-09
1.3732e-51
2.9103e-15
5.8011e-15
7.8757e-15
9.39e-21
7.2888e-33
0.00059624
2.3668e-09
1.1532e-38
4.3318e-45
4.6915e-15
0.00087879
3.0498e-32
8.3709e-27
0.001249
3.4021e-15
8.9921e-21
2.2064e-15
4.6838e-27
2.2259e-26
3.0976e-58
2.341e-09
0.00045936
2.457e-26
7.9679e-33
1.7557e-15
8.3156e-33
6.9586e-21
2.1034e-15
7.2132e-21
3.0976e-58
0.00085913
3.5791e-15
3.7509e-45
4.2149e-39
7.351e-33
9.9817e-10
8.8899e-15
3.0976e-58
2.5297e-15
1.0539e-26
4.8766e-21
4.4956e-39
3.2351e-51
1.4734e-32
0.00063398
2.625e-15
2.9968e-15
6.5682e-09
7.1104e-09
5.8959e-39
4.9545e-21
3.077e-45
0.0015845
0.00082224
9.7932e-33
0.0002656
0.0021062
5.334e-21
8.9669e-15
2.2893e-15
3.2617e-09
1.199e-20
6.7518e-39
0.00052234
5.1389e-39
3.0976e-58
7.2212e-33
5.6304e-45
8.2222e-45
5.9346e-10
1.2222e-09
2.2754e-15
1.4824e-38
1.0498e-26
0.00054421
2.4537e-09
9.5544e-33
4.7543e-15
5.4239e-39
6.0538e-27
3.6919e-20
1.4366e-09
9.7231e-21
9.0334e-33
2.0733e-15
1.757e-09
0.00071422
7.7307e-15
3.0976e-58
1.3494e-38
0.0013248
0.00049818
7.6431e-21
1.8625e-09
3.0976e-58
4.3014e-09
2.5639e-09
3.5121e-09
0.00073484
4.9479e-33
5.053e-39
0.0017336
1.4328e-20
3.1916e-15
8.3425e-21
2.4723e-09
3.0976e-58
3.0976e-58
1.2481e-38
1.1042e-26
7.6463e-27
1.3577e-51
0.0011147
1.4761e-38
6.724e-09
5.1813e-39
4.3235e-27
3.0976e-58
3.0976e-58
6.8827e-39
2.6752e-15
5.4102e-27
8.464e-10
0.00048614
8.4674e-27
0.0011364
2.1771e-15
7.5039e-27
9.4828e-10
0.00074075
0.0018029
8.8409e-33
0.00066912
4.1007e-21
0.0016555
1.1195e-26
1.0131e-20
2.9321e-09
2.5951e-09
1.8252e-15
8.201e-21
2.9842e-51
1.0232e-32
0.0013643
7.4269e-39
0.0021772
1.0044e-44
1.6946e-09
3.3471e-15
7.8281e-39
0.0019994
1.4938e-32
1.4044e-38
6.1526e-21
9.0804e-39
3.8692e-27
0.0012842
3.0378e-51
1.9021e-26
2.0199e-09
1.9921e-09
3.3852e-15
3.0976e-58
2.3391e-09
4.9158e-45
9.7268e-33
4.9379e-09
3.7235e-21
1.0672e-32
3.9449e-39
1.0335e-32
9.5524e-15
7.1573e-39
6.8953e-33
3.6269e-45
6.0858e-27
4.4879e-09
4.0841e-15
2.7566e-15
8.4236e-27
0.00024879
1.9549e-15
2.9561e-15
5.9793e-21
6.7824e-27
3.0976e-58
3.0976e-58
8.5132e-27
0.0008424
3.256e-15
1.1207e-26
1.7239e-15
1.6587e-09
3.8795e-15
8.399e-21
0.0008272
3.1452e-51
3.0976e-58
2.0434e-15
4.7156e-09
5.0424e-21
1.1684e-20
1.3295e-14
1.4079e-32
4.758e-15
1.9764e-51
1.2144e-32
9.8313e-27
1.1484e-26
0.00042642
7.7227e-15
3.0976e-58
1.7521e-38
0.0018315
3.9185e-45
3.4783e-15
6.1718e-45
1.8858e-20
1.5279e-20
3.0976e-58
3.0976e-58
0.00040495
2.0934e-20
0.0015955
2.3704e-09
1.0725e-20
7.7316e-27
0.00086733
7.2496e-45
1.2322e-32
3.2973e-15
4.3745e-39
0.0010048
3.0976e-58
2.9378e-45
3.2314e-51
2.803e-09
8.9738e-39
0.00067969
4.2851e-39
5.6628e-21
0.0010872
0.00085674
2.6168e-09
1.3787e-20
1.1983e-51
1.1253e-20
7.1636e-45
1.9192e-38
1.0215e-38
2.9195e-09
8.3609e-27
1.1948e-32
1.4002e-32
1.2904e-09
9.0798e-33
3.3322e-21
4.3378e-09
1.5001e-09
3.0976e-58
2.5734e-09
3.2669e-15
4.3035e-15
3.3153e-45
6.8978e-21
4.6689e-45
1.0566e-51
1.9685e-15
1.2341e-32
7.3816e-27
1.1731e-51
0.00040702
5.9349e-10
1.5663e-26
7.7053e-27
1.0715e-14
8.5413e-27
2.5193e-09
7.5391e-21
3.2715e-32
8.6184e-27
0.00085192
3.0177e-09
6.4602e-45
1.5462e-32
6.3104e-21
9.5644e-21
2.965e-21
4.4922e-09
2.222e-26
3.4852e-51
0.00091511
1.0345e-20
2.0547e-15
2.2956e-32
3.0976e-58
2.5527e-51
0.00078142
0.0013581
6.1635e-15
7.8831e-39
3.0976e-58
1.0733e-32
8.2938e-33
1.0504e-08
0.00061173
3.0976e-58
1.029e-20
3.0976e-58
7.6984e-33
0.00060126
0.00060873
1.0634e-20
3.0976e-58
9.526e-33
1.8288e-32
2.1477e-15
2.4305e-09
1.2265e-14
1.7112e-09
0.00096793
3.7452e-09
3.0976e-58
1.2801e-38
2.1241e-09
1.0415e-26
4.288e-39
3.0976e-58
4.8691e-32
3.0976e-58
1.4519e-20
6.8483e-21
1.1007e-14
9.7004e-27
1.0025e-38
3.3167e-09
2.1554e-15
2.4291e-45
3.5161e-26
2.9347e-26
9.2442e-21
6.1514e-39
0.00097565
1.4021e-38
4.8863e-45
1.3368e-09
0.0017611
5.5402e-15
1.1201e-20
1.6103e-32
3.0976e-58
9.152e-33
3.0976e-58
1.4403e-32
2.1833e-26
5.3675e-45
1.0895e-32
5.1249e-09
3.0976e-58
1.5775e-20
3.0976e-58
1.9815e-09
3.0976e-58
3.0976e-58
1.4095e-51
2.0444e-32
7.2043e-32
8.698e-33
2.4523e-26
3.0976e-58
4.4137e-21
8.6579e-27
2.3942e-09
4.023e-33
4.6984e-15
5.7951e-39
3.0976e-58
5.6917e-45
1.0907e-38
4.4719e-09
1.2434e-14
2.2983e-38
4.1748e-15
3.0976e-58
2.3587e-09
6.2147e-15
1.3143e-44
2.7654e-32
1.6978e-15
1.925e-51
3.0976e-58
3.0976e-58
3.7979e-15
0.00073152
1.4583e-20
8.2228e-27
9.3599e-21
2.4116e-15
1.0915e-32
0.00075349
8.4021e-39
0.0013659
3.0976e-58
2.5291e-26
1.4679e-09
3.0976e-58
1.5872e-38
0.00078796
2.4222e-51
3.0976e-58
1.0905e-26
2.0083e-09
3.0976e-58
3.3179e-45
6.2411e-45
1.8817e-15
1.8392e-38
0.00075928
8.8183e-33
3.0097e-45
8.5456e-33
1.2719e-09
0.00058149
2.6062e-20
1.3889e-09
4.2505e-15
6.7266e-15
3.0976e-58
7.2481e-15
3.6733e-15
4.8923e-27
5.8578e-45
2.9573e-15
8.0154e-33
2.1115e-32
3.0976e-58
3.0976e-58
3.0976e-58
1.9267e-51
4.6469e-21
8.112e-39
4.1803e-45
3.946e-45
9.2356e-10
6.0961e-39
1.1088e-26
1.6849e-38
9.8989e-10
1.0445e-20
1.3019e-26
4.7772e-15
6.2608e-21
9.7944e-27
5.0407e-33
3.0976e-58
2.9616e-45
5.4417e-09
0.00044631
9.3187e-21
0.00038524
4.711e-09
1.6919e-09
7.9808e-09
2.4426e-09
1.2707e-26
2.7975e-09
0.00049188
7.5941e-27
1.1137e-20
6.1025e-21
9.9259e-10
4.2674e-15
2.1282e-09
8.8993e-33
1.1915e-26
0.00040286
1.1786e-26
2.4633e-15
1.189e-09
7.6147e-39
2.5991e-51
4.2224e-09
6.6438e-15
2.0579e-21
1.5555e-26
0.0017104
5.6144e-27
1.3721e-20
0.0013383
0.00088564
8.3007e-33
1.1303e-38
4.1783e-20
0.0012142
0.0013753
4.0471e-45
3.0976e-58
4.7801e-15
0.00086871
1.0036e-14
0.0012677
3.0976e-58
4.9843e-15
0.0013153
7.5328e-39
5.733e-27
5.3821e-27
0.00082778
4.0548e-39
3.6404e-09
1.2868e-13
0.0013829
0.00039584
2.5221e-09
1.853e-09
0.002437
6.1606e-27
1.1609e-32
6.1348e-33
1.1063e-32
2.1581e-32
3.0976e-58
3.3757e-15
8.0086e-21
3.8489e-09
3.0976e-58
2.8108e-09
6.0414e-27
1.5961e-26
9.2402e-15
2.8602e-15
2.2518e-32
0.0029323
1.3475e-20
8.1463e-33
1.0169e-38
9.7869e-10
5.1607e-45
0.00099651
1.1458e-32
3.0976e-58
0.00074177
0.00099526
3.0976e-58
4.0586e-15
7.4813e-33
3.9872e-09
0.0008098
4.0428e-21
6.4484e-15
3.0976e-58
1.7916e-51
0.00083228
3.0976e-58
0.0011954
7.035e-15
0.0014056
0.00052515
1.1099e-26
0.0011926
1.832e-09
0.00028066
9.4885e-27
3.0976e-58
0.0005442
7.3043e-10
6.6859e-27
2.1836e-32
6.4344e-27
3.0976e-58
4.7437e-27
4.6105e-51
8.8492e-27
4.974e-39
2.6791e-15
2.9255e-45
2.4749e-38
1.2146e-38
0.00042868
1.2537e-26
6.449e-45
3.7464e-26
4.3716e-45
2.6874e-26
3.6885e-09
1.6924e-26
2.0405e-15
0.00029155
2.2723e-09
2.3135e-15
5.2595e-21
0.0010493
0.00081217
9.5701e-27
1.5938e-32
9.5475e-39
0.00043141
5.2876e-27
0.0014817
0.00049303
5.2976e-15
8.1472e-52
5.3452e-09
4.9158e-15
5.7358e-09
2.4688e-09
6.9173e-21
1.0981e-26
2.5933e-38
2.3089e-14
3.9534e-15
3.0976e-58
3.4256e-15
2.0248e-09
9.2006e-27
7.7577e-21
3.0976e-58
8.6974e-21
5.9085e-15
3.0976e-58
7.6073e-21
3.0942e-51
8.4499e-39
1.731e-32
1.6182e-09
2.341e-09
5.6324e-15
7.6248e-27
1.3803e-09
3.0976e-58
3.0976e-58
0.00046007
3.1787e-15
0.00054638
3.0976e-58
2.8252e-09
1.6263e-09
0.0012545
3.0976e-58
3.7879e-45
1.0929e-08
7.326e-21
5.3592e-27
1.9995e-26
3.238e-27
7.6056e-10
0.00068689
3.0976e-58
6.62e-09
5.8833e-09
0.00073755
5.6216e-33
0.0019078
2.4646e-26
7.7491e-33
5.1e-33
9.3668e-52
3.0976e-58
2.2611e-51
1.9269e-15
2.549e-15
2.5962e-38
2.0938e-15
5.053e-21
1.5746e-20
2.0771e-20
1.5712e-09
0.00085651
4.768e-33
2.0597e-39
1.9106e-26
3.1638e-15
1.6789e-09
1.0982e-26
0.00039743
0.0010663
1.6805e-38
7.5572e-15
1.1315e-09
3.0976e-58
7.4681e-33
3.7088e-09
8.8223e-21
6.8878e-39
3.0976e-58
3.0976e-58
8.9933e-39
1.3148e-38
2.5501e-38
6.4877e-33
0.00083473
0.00067698
1.4082e-26
5.1971e-45
4.1012e-45
4.1565e-15
1.8773e-51
1.4128e-38
3.0976e-58
5.069e-21
1.4965e-09
1.3071e-26
7.1963e-45
1.5962e-20
4.2929e-33
3.0976e-58
3.0976e-58
2.3626e-15
4.1594e-39
1.8575e-26
1.6192e-09
0.0011402
7.5159e-33
7.0594e-15
1.1841e-26
0.00068082
3.0976e-58
2.9687e-09
1.2181e-26
0.0010741
0.0012795
3.0976e-58
6.6478e-27
6.0371e-39
3.0976e-58
3.2428e-09
2.2627e-45
1.3031e-51
1.5303e-09
1.3944e-26
3.0976e-58
2.0527e-51
4.6076e-39
2.5718e-15
6.0011e-21
1.257e-38
6.8652e-45
4.756e-15
1.1035e-32
3.0976e-58
2.1459e-20
2.5912e-15
1.2366e-26
4.872e-15
3.0976e-58
4.0717e-15
3.3096e-09
3.0976e-58
2.3423e-09
0.0012639
2.8455e-15
4.2333e-15
3.0976e-58
4.2287e-20
0.0082512
2.945e-09
1.163e-32
5.9048e-09
2.1784e-32
4.9218e-27
5.8725e-21
5.454e-09
1.7897e-09
7.6125e-45
0.00071953
2.8197e-39
4.3387e-09
3.0976e-58
1.9262e-15
7.5091e-21
0.00087945
1.1707e-26
3.0976e-58
4.6555e-27
9.9826e-33
3.0976e-58
1.6639e-51
4.6566e-21
2.4437e-09
0.0019787
1.8671e-26
8.0707e-27
0.0019425
1.763e-09
0.00044272
1.9586e-26
2.0364e-09
7.4922e-21
3.0976e-58
1.131e-44
2.7427e-09
3.0976e-58
4.1084e-15
3.0976e-58
1.2947e-09
0.00097754
1.1525e-09
2.6974e-38
1.0915e-26
5.6926e-09
3.2391e-09
1.7984e-15
3.8498e-39
4.6219e-45
1.5903e-09
1.2139e-09
9.3799e-39
3.7223e-09
6.8131e-45
6.9812e-15
1.2964e-32
3.0896e-15
1.5302e-09
4.5475e-21
7.4008e-10
1.8552e-15
1.9739e-38
6.4917e-21
1.7391e-09
1.9761e-51
1.8665e-15
3.0478e-15
9.7274e-21
1.0388e-51
1.4722e-51
4.4309e-39
0.00054411
3.0976e-58
5.2309e-39
9.8164e-33
2.7807e-21
4.1912e-15
3.0976e-58
3.2228e-32
2.1783e-15
1.3546e-32
0.00088218
1.4801e-15
0.0011431
0.003163
3.0976e-58
2.2846e-09
6.8617e-10
1.9019e-15
2.3171e-15
1.3886e-38
4.6162e-15
2.2974e-32
1.0577e-38
0.0009164
0.00052322
2.9092e-15
9.5839e-39
0.001097
1.3192e-32
1.1814e-09
4.2768e-21
4.5228e-45
6.6601e-45
1.093e-09
3.0976e-58
3.0976e-58
1.9377e-09
4.0451e-39
1.638e-32
7.554e-21
1.7421e-15
1.4561e-09
6.8526e-33
4.3112e-15
0.00085476
3.0976e-58
0.00058201
9.8162e-10
5.5184e-09
3.0976e-58
2.8343e-09
1.83e-32
5.5614e-09
4.0173e-45
2.262e-09
0.0012217
9.6973e-15
0.00061853
2.653e-09
6.3241e-21
3.0976e-58
0.0010293
2.5531e-32
4.0288e-51
6.0208e-39
5.4497e-27
3.1329e-26
1.7553e-26
3.0976e-58
0.00078875
0.00074514
3.907e-15
1.3062e-38
3.0976e-58
3.0976e-58
1.2482e-38
6.8268e-15
1.492e-32
0.0011137
1.5895e-09
8.1452e-45
8.2317e-33
3.9503e-21
3.0976e-58
0.00099534
9.5575e-33
2.6731e-15
0.0012506
1.9114e-15
9.8081e-27
1.0592e-26
1.4021e-51
1.1513e-26
9.6784e-10
3.0976e-58
0.001166
3.0976e-58
4.4195e-15
1.8105e-32
4.2888e-09
1.5069e-26
1.7493e-15
1.2627e-20
3.7899e-45
6.7735e-45
8.8498e-52
2.6388e-09
3.8446e-15
3.2405e-15
2.0809e-32
2.1995e-45
3.0976e-58
6.4238e-21
3.2975e-21
6.3009e-33
1.5114e-26
1.4424e-09
9.8571e-33
3.2185e-15
7.5577e-15
6.2136e-27
0.00067897
0.00049461
4.2651e-09
1.0364e-38
1.5954e-38
3.2108e-15
3.0976e-58
0.00070395
2.1043e-15
2.7663e-15
1.5515e-09
1.3025e-14
1.1347e-44
1.4072e-09
5.704e-45
9.2465e-39
4.5059e-51
2.1767e-09
3.966e-45
1.5188e-09
3.8412e-21
3.0976e-58
1.7639e-32
8.5513e-45
4.5312e-26
6.5756e-33
0.0011672
1.1111e-38
1.6705e-44
1.0157e-38
7.0061e-27
0.0012641
1.0066e-32
3.0976e-58
5.2146e-45
1.6503e-20
1.8803e-09
0.00095577
3.7839e-09
2.6383e-09
3.0976e-58
1.1541e-14
4.1482e-26
4.5515e-15
8.1031e-39
1.0419e-26
1.1492e-26
3.0976e-58
4.6171e-45
6.689e-39
6.109e-21
3.0976e-58
9.5197e-33
1.6197e-09
3.0976e-58
3.0976e-58
6.6074e-15
2.1654e-15
0.0010465
1.1333e-32
0.0013376
1.3482e-32
2.2343e-32
6.9474e-21
1.2532e-32
3.0976e-58
3.4101e-15
6.2428e-27
2.0524e-26
2.4981e-09
0.00089714
5.2289e-15
1.2258e-09
3.2626e-51
1.3107e-09
6.4966e-39
2.1805e-45
2.3433e-32
1.3178e-32
7.7144e-21
6.5392e-33
1.1615e-44
1.1052e-09
7.2639e-21
0.00078279
1.0971e-09
8.0461e-39
3.0976e-58
3.0976e-58
1.3089e-38
0.0011611
5.861e-39
1.3886e-32
1.2098e-32
4.6847e-51
2.5142e-09
0.0027419
2.4641e-26
9.8196e-45
0.00085943
0.0010997
2.8977e-26
4.8651e-15
7.6199e-39
4.7841e-27
3.9446e-09
0.00078896
5.9564e-21
3.0976e-58
1.2899e-15
5.4248e-15
5.6233e-21
2.4135e-45
1.7534e-15
1.5916e-09
7.7459e-21
7.3868e-27
1.2637e-26
4.0883e-15
1.439e-32
3.1125e-15
1.8328e-09
3.4605e-15
3.0976e-58
4.4753e-15
0.0005655
4.2843e-21
6.2683e-45
3.5032e-45
8.8604e-39
3.0976e-58
1.781e-32
2.1011e-15
3.1286e-15
1.0165e-09
1.0942e-14
1.4002e-51
5.7481e-09
3.0976e-58
3.348e-15
5.0613e-15
2.4201e-21
4.5807e-21
0.00043224
1.7765e-09
0.0017585
7.6041e-15
8.8028e-33
9.7864e-33
2.155e-15
2.5406e-51
2.5199e-09
0.0011765
1.0221e-26
3.1059e-09
5.1043e-27
6.7698e-15
1.4465e-14
1.0883e-44
1.3062e-20
3.0166e-09
4.0875e-39
1.3535e-26
4.9934e-39
1.4843e-26
1.0689e-32
3.0976e-58
3.0976e-58
3.0976e-58
3.0976e-58
6.3135e-51
6.199e-21
1.446e-20
1.0801e-14
1.0532e-26
5.2257e-33
2.0879e-26
4.9605e-09
8.6261e-27
2.7297e-15
4.0059e-09
1.3407e-14
6.4344e-45
2.4577e-09
2.4824e-09
1.3481e-26
1.1059e-26
8.6172e-39
1.15e-44
1.0494e-26
2.5989e-09
0.0029862
2.2777e-09
9.3731e-33
0.00076158
6.7543e-45
6.0744e-39
3.0976e-58
0.0010515
1.7489e-20
1.9826e-32
0.0015176
2.156e-09
6.0646e-09
3.5081e-21
0.0014396
6.1709e-21
1.2716e-51
5.6568e-15
3.0976e-58
1.033e-26
4.2923e-09
4.1236e-21
2.3844e-09
1.2349e-20
0.0022349
8.6653e-39
2.7743e-26
3.0976e-58
5.5898e-27
3.0464e-15
1.6357e-32
1.6539e-38
1.8416e-09
5.2713e-20
5.1753e-39
5.7676e-21
6.1686e-15
4.6672e-15
0.00054174
4.638e-15
0.0024771
6.3135e-21
4.7279e-09
1.6555e-32
2.2878e-15
6.0274e-39
1.0001e-14
6.0835e-15
9.0718e-39
4.2233e-15
5.615e-39
2.8472e-45
9.7411e-52
2.5631e-09
4.2668e-45
3.1432e-09
1.4887e-32
5.171e-15
5.8209e-15
8.4537e-15
8.6748e-27
4.4094e-27
1.3943e-26
1.2034e-44
1.5672e-09
0.0015262
3.0976e-58
1.4647e-32
2.1157e-32
9.2665e-15
3.8188e-45
2.1004e-51
3.0976e-58
4.9467e-45
5.859e-27
4.4349e-45
6.9692e-39
2.1269e-15
1.6618e-38
0.00063674
1.0033e-14
3.0976e-58
3.0976e-58
0.0009108
7.949e-27
0.0010303
4.0173e-45
4.6941e-45
4.5566e-32
3.6106e-21
1.0923e-26
1.033e-32
0.00080203
2.8244e-45
3.6112e-39
1.6074e-09
3.0976e-58
9.9416e-21
1.2729e-32
7.2788e-39
2.5371e-09
3.4342e-09
1.5138e-51
6.6515e-15
0.001146
6.6979e-15
0.00092839
8.1094e-10
3.0976e-58
0.0013446
1.8698e-20
3.3296e-15
6.7899e-21
0.0010227
0.00052522
6.7549e-15
3.0976e-58
3.3107e-09
1.5142e-26
5.4895e-15
1.5441e-26
1.2995e-20
6.0051e-09
7.326e-33
3.0976e-58
7.3701e-09
3.2517e-15
7.0419e-33
2.1655e-15
3.4287e-15
2.947e-09
3.787e-45
4.4e-39
3.0976e-58
2.0905e-51
6.9792e-39
7.371e-15
4.2336e-15
2.6594e-09
0.00099428
1.7828e-09
0.00093362
7.1035e-45
1.273e-32
6.6257e-27
0.0008676
0.00068995
1.494e-32
5.7003e-27
1.6902e-09
1.8936e-09
3.2437e-21
1.3447e-09
3.1011e-15
0.0022567
3.0976e-58
6.5742e-21
6.7028e-27
6.6183e-27
0.0015422
5.3443e-15
4.6884e-21
0.00054894
0.00088249
3.0976e-58
8.0713e-27
3.0976e-58
1.875e-15
1.5014e-51
4.1196e-15
3.0976e-58
2.1373e-15
0.00080867
8.1077e-21
5.1154e-09
4.276e-15
1.4587e-09
2.8765e-45
4.5804e-15
6.8383e-33
3.0976e-58
7.3853e-33
3.0976e-58
3.4018e-45
2.8928e-09
0.0013878
0.00076029
0.00075386
3.9523e-15
0.0019417
3.0976e-58
5.2673e-15
2.3544e-09
3.0976e-58
2.2266e-15
1.7392e-26
1.3443e-32
1.6851e-38
1.9399e-20
3.0976e-58
1.2411e-26
4.0588e-09
8.8455e-27
0.00080199
1.8675e-26
0.00088589
2.0739e-15
4.3653e-39
5.4663e-15
1.018e-14
1.4445e-51
4.1293e-15
4.2634e-51
9.6495e-27
1.733e-26
3.0976e-58
9.6194e-21
8.5714e-39
0.00061554
0.0015457
1.0635e-32
2.4777e-15
2.0124e-20
2.7133e-51
2.0573e-09
0.0019042
2.2368e-38
3.0976e-58
3.7057e-45
1.8414e-26
0.0014619
1.2907e-20
1.4456e-51
4.3868e-09
9.1895e-21
1.8475e-15
7.2206e-21
1.2336e-32
7.19e-15
1.3399e-26
3.7604e-45
7.8255e-39
1.1958e-26
1.2454e-50
3.661e-15
2.3895e-15
3.0976e-58
1.9411e-20
3.0976e-58
3.0976e-58
2.5303e-51
6.6527e-39
3.2426e-15
1.3116e-26
4.5475e-33
3.0263e-51
4.7162e-51
3.0976e-58
1.2751e-26
9.988e-15
9.3845e-39
6.5461e-33
4.392e-15
0.00085194
0.00097452
0.0012588
1.2939e-26
4.4046e-26
1.255e-20
3.4814e-45
1.2896e-09
3.0976e-58
1.6033e-38
4.4495e-39
1.5754e-32
1.6537e-32
1.9366e-32
8.3256e-39
1.0848e-26
7.3968e-15
1.4419e-32
1.629e-45
1.0041e-26
3.5367e-26
1.2145e-26
1.7209e-20
5.6087e-15
0.00083313
9.5043e-45
3.1987e-38
3.0976e-58
1.396e-38
5.8705e-21
3.6135e-14
1.0024e-09
5.1541e-21
3.0976e-58
6.9153e-33
5.7229e-21
3.0976e-58
3.0976e-58
4.6076e-15
1.5054e-32
0.0010159
1.9586e-51
1.5262e-20
0.00092859
1.0639e-20
1.3181e-26
6.8331e-15
9.7669e-21
3.6155e-15
5.2655e-21
4.6165e-45
1.217e-51
1.3926e-20
8.6994e-15
3.0976e-58
6.5699e-39
2.9412e-38
0.0015443
3.0976e-58
2.155e-09
8.7074e-10
0.0022517
1.3434e-38
3.0976e-58
2.7456e-09
1.8874e-09
5.877e-21
2.2075e-09
6.8858e-27
0.0013807
2.543e-09
1.0356e-38
1.0563e-38
0.0006338
1.3023e-26
5.1527e-33
4.1688e-15
2.1082e-09
4.0311e-09
7.5128e-15
3.7106e-51
2.006e-26
2.1111e-15
1.358e-09
1.7244e-09
1.6914e-14
3.0976e-58
2.2213e-09
1.1437e-14
2.5279e-45
7.3046e-15
0.0021635
3.0976e-58
1.217e-09
6.0603e-15
0.00038944
5.3979e-51
7.3484e-27
9.9906e-15
1.4918e-51
1.0291e-26
6.1282e-21
4.4802e-15
5.4065e-33
9.0228e-45
7.8336e-27
3.6539e-27
3.8317e-27
2.1529e-20
0.00086905
3.0976e-58
0.0014591
0.00037135
3.7971e-45
9.266e-21
6.4645e-33
7.477e-21
0.00042623
2.7053e-39
0.00082321
1.1273e-38
5.8043e-33
1.5341e-32
1.7494e-09
6.0589e-39
3.0976e-58
3.0976e-58
1.035e-38
1.4371e-26
2.0893e-15
5.2415e-33
0.00029265
8.5364e-45
5.0089e-39
4.3676e-45
0.0010872
0.00091996
3.0976e-58
8.2643e-45
8.1157e-15
4.7889e-33
1.0493e-38
0.0015907
3.0976e-58
6.8827e-21
5.2819e-15
6.7781e-27
3.6685e-09
1.9485e-45
3.0976e-58
6.0649e-09
1.285e-15
2.7601e-09
4.3911e-45
4.1998e-09
2.1098e-45
2.3506e-15
3.6095e-09
2.1687e-09
3.0976e-58
1.0392e-38
9.9642e-21
7.8851e-10
0.00031658
0.0042533
0.00099939
3.0976e-58
3.0976e-58
2.3138e-09
1.3902e-26
8.1647e-10
8.2724e-27
3.7025e-15
3.0976e-58
5.6293e-15
7.1046e-45
4.7485e-45
4.1067e-45
1.9964e-26
5.7295e-21
9.9743e-27
9.9147e-15
4.2147e-21
6.1128e-21
9.7861e-10
9.5893e-39
3.3067e-39
7.3653e-21
1.7327e-26
3.9549e-15
3.0976e-58
1.6302e-51
9.7059e-21
8.293e-21
7.7433e-15
3.3565e-09
3.0976e-58
5.1902e-39
4.0875e-15
0.0016842
3.0976e-58
1.6003e-32
0.00089044
0.00056598
1.0094e-14
1.9914e-26
3.0971e-39
2.2021e-45
4.6895e-51
8.7026e-33
1.3414e-09
2.4101e-26
6.2477e-21
2.024e-09
5.0839e-09
2.0473e-51
8.7395e-15
2.4306e-15
1.393e-20
3.3806e-09
1.0885e-38
1.6281e-51
1.1612e-38
1.129e-26
7.4105e-39
3.0976e-58
1.1302e-26
3.0976e-58
5.8896e-52
5.58e-33
2.7003e-45
0.0014729
6.284e-21
9.506e-39
2.6177e-15
0.00084525
1.4982e-38
2.5954e-51
1.5395e-09
1.0511e-32
3.0976e-58
8.0681e-33
2.8788e-09
3.0976e-58
2.1966e-26
2.801e-26
3.0976e-58
3.6659e-15
0.0024159
0.00081975
3.0976e-58
6.891e-21
5.9727e-21
8.7564e-33
1.8089e-32
0.001419
6.5255e-39
4.3055e-45
4.9098e-27
0.00089419
4.4034e-26
2.1322e-09
0.00088494
1.6349e-09
7.8837e-39
2.0628e-45
4.4495e-39
1.8746e-15
1.7022e-15
5.58e-21
4.2777e-15
2.9773e-09
6.0197e-27
3.655e-39
6.573e-39
7.9232e-33
0.00048498
3.0976e-58
5.1432e-15
1.0082e-32
0.0012193
4.8402e-21
0.00070424
5.1624e-09
7.9307e-45
1.2107e-09
0.00047597
5.9693e-45
3.9489e-09
2.6656e-09
5.2973e-27
8.2672e-09
0.0011025
3.0976e-58
1.7491e-51
3.9497e-27
6.229e-39
0.00056927
0.0014281
3.0976e-58
3.0976e-58
2.1411e-15
1.4278e-26
3.0976e-58
3.2841e-21
2.6893e-15
0.00041526
5.3509e-15
1.8239e-26
2.8115e-51
2.031e-20
1.1748e-32
1.6961e-51
3.0976e-58
4.7995e-15
2.7982e-45
3.2489e-09
1.1618e-20
8.1332e-33
3.0976e-58
3.1211e-09
4.6285e-21
6.9637e-45
3.0976e-58
5.0347e-45
2.3891e-45
4.4567e-39
1.8228e-09
9.3218e-39
0.0010668
2.3738e-45
2.8616e-09
5.692e-27
2.7074e-09
1.014e-38
5.0499e-27
7.2633e-39
4.0611e-09
3.0976e-58
9.2565e-10
0.00076701
0.00029754
9.5406e-10
0.0010232
1.0409e-38
4.2705e-21
1.488e-09
3.0976e-58
5.857e-15
2.6179e-45
0.0024279
2.7678e-09
2.8569e-15
1.0533e-20
1.5148e-09
6.2666e-27
1.0187e-44
1.0406e-26
0.00080607
8.8879e-15
4.8027e-45
5.6975e-15
0.00099032
0.0018108
3.0976e-58
4.1723e-45
1.655e-32
6.8546e-27
7.8668e-21
9.9385e-33
9.1677e-27
5.3569e-09
3.4654e-45
0.0015894
3.5685e-09
7.3435e-21
1.4772e-15
3.1784e-15
4.1643e-26
3.0976e-58
7.5872e-33
3.0976e-58
1.3158e-09
1.4769e-26
3.0976e-58
3.8366e-20
0.0008054
5.1112e-15
0.0032892
1.7709e-51
7.9496e-21
2.1717e-32
6.0575e-45
2.5595e-32
6.8758e-45
2.7099e-09
1.0512e-38
0.0024667
2.896e-51
3.0976e-58
3.0976e-58
1.6121e-51
0.00031765
8.8547e-33
5.5835e-27
6.2872e-21
7.0138e-21
3.0976e-58
5.3572e-27
6.2525e-15
3.0976e-58
8.2744e-21
5.9644e-21
3.3016e-09
8.5081e-21
7.6964e-39
3.36e-51
1.9674e-38
1.1407e-38
1.0371e-26
0.0014603
0.0017732
0.00076665
7.8281e-21
5.8696e-45
5.6897e-21
1.0048e-38
3.0976e-58
0.00091863
5.1745e-15
8.873e-45
0.00041372
8.7123e-10
1.5995e-32
3.8383e-21
3.3405e-15
3.0976e-58
0.001044
2.4954e-51
2.3909e-26
8.8661e-15
0.00056745
3.0976e-58
1.882e-09
3.2205e-09
1.7611e-32
5.0573e-15
0.0015762
6.4676e-15
1.0784e-26
1.1257e-26
1.351e-26
1.4149e-09
3.0976e-58
8.5614e-33
8.1426e-39
4.4392e-51
3.0976e-58
8.4585e-33
5.928e-15
7.4727e-27
3.0976e-58
2.1676e-32
1.167e-26
1.9101e-45
9.6858e-21
0.0011064
3.0976e-58
2.2427e-09
3.0976e-58
1.375e-20
3.5499e-45
3.0269e-51
8.9157e-39
4.4329e-32
0.00062708
5.4468e-45
3.0976e-58
2.5107e-09
7.42e-39
1.2889e-32
7.7929e-33
1.4795e-09
6.728e-39
5.391e-15
8.3477e-15
1.6602e-32
3.1962e-15
1.497e-44
3.1234e-38
0.00054774
3.0976e-58
0.00077631
1.2016e-09
0.00095173
1.4139e-20
4.5266e-09
1.7293e-32
0.00048858
3.9142e-33
7.3229e-15
7.6657e-21
0.00046399
6.1383e-33
2.8573e-45
3.0976e-58
1.2709e-20
1.7661e-09
6.6383e-45
3.3797e-39
3.0976e-58
3.0976e-58
3.0976e-58
0.001066
1.8225e-15
3.0976e-58
1.6512e-26
1.1776e-32
4.1654e-09
3.1148e-32
0.0016375
3.7206e-39
3.1669e-09
3.0976e-58
2.9719e-09
2.5257e-15
0.00063753
9.6658e-39
2.6998e-09
0.00049445
9.2533e-45
5.0928e-15
4.9634e-21
9.7004e-27
0.0011226
1.3379e-32
1.8873e-09
0.008549
2.1363e-15
0.0014155
6.8388e-33
6.3161e-45
2.9679e-21
1.0249e-20
7.8805e-39
3.0976e-58
0.0023511
1.2468e-09
9.3768e-45
1.3161e-38
0.00049655
5.47e-45
2.6888e-45
1.93e-26
1.431e-32
1.631e-09
1.8052e-20
0.00082319
2.284e-09
1.9124e-15
4.487e-45
2.7393e-45
4.2095e-15
3.0976e-58
1.7096e-38
5.0905e-21
4.2086e-15
0.0011223
4.7379e-15
1.7149e-09
2.8284e-09
5.611e-45
7.4733e-15
9.3267e-33
3.0976e-58
0.00032387
9.2502e-33
3.5805e-39
3.999e-15
3.0976e-58
0.00097032
3.5467e-15
0.00053349
0.0013629
3.4018e-45
4.5592e-39
3.2669e-15
1.7958e-09
8.1942e-33
8.0303e-15
0.00057373
0.00059021
1.682e-09
1.5601e-09
3.2302e-39
0.00044321
1.5761e-09
4.2739e-15
7.4644e-21
4.229e-09
1.6302e-51
0.0012871
5.7504e-32
5.0092e-21
2.8182e-15
3.6722e-15
0.00059393
1.1181e-32
5.9295e-09
1.2064e-14
1.5021e-20
6.555e-45
1.7653e-08
7.2556e-10
0.00048846
7.9891e-39
1.4964e-38
9.6234e-52
2.4519e-51
9.2485e-15
3.5038e-15
3.0976e-58
3.773e-45
3.0976e-58
1.0019e-26
1.2687e-38
4.2782e-09
1.3793e-09
2.5131e-15
4.9516e-39
6.3788e-15
0.00087438
0.00027105
0.0011303
3.8924e-15
1.3863e-51
4.3304e-45
5.5749e-39
0.00057253
3.0976e-58
3.8151e-51
0.0014421
3.0976e-58
1.6067e-15
1.3199e-38
1.1439e-38
1.3375e-32
4.4103e-15
2.3881e-15
6.2339e-39
2.4401e-09
2.4305e-15
0.00064042
3.0976e-58
3.0976e-58
0.00083095
1.3974e-26
1.0819e-14
1.1568e-32
3.0976e-58
4.1915e-45
1.0041e-32
3.484e-38
0.00068941
3.2646e-45
1.4237e-26
1.3359e-38
3.0993e-09
3.0976e-58
4.3785e-15
1.9954e-09
3.1363e-45
2.8714e-38
2.3746e-09
3.0976e-58
1.9969e-09
1.0667e-14
5.6468e-09
5.2862e-39
2.971e-09
3.0976e-58
3.0976e-58
2.4736e-51
2.0012e-26
0.00066025
9.9041e-39
1.4892e-09
4.4779e-27
3.1074e-09
1.8119e-15
4.2058e-32
4.4435e-21
2.9281e-09
0.0020008
0.0006954
7.7992e-21
1.1837e-44
0.0015056
7.9954e-15
3.3906e-15
4.0577e-45
1.2178e-20
8.063e-39
2.2711e-51
3.8085e-27
3.4946e-09
3.0976e-58
6.3287e-33
4.4186e-15
9.3482e-15
1.8064e-38
1.3879e-51
2.0337e-38
8.4379e-27
2.1247e-09
1.0877e-26
0.00033171
3.0976e-58
7.2627e-27
1.4448e-32
7.1135e-21
2.1546e-15
7.9948e-39
1.1168e-38
4.4968e-27
9.3868e-52
3.0976e-58
0.0019652
1.6607e-15
4.4048e-45
3.0976e-58
3.0976e-58
0.00076397
6.0721e-39
6.5642e-45
3.0976e-58
0.0010332
7.7038e-15
3.0976e-58
3.9222e-21
6.3562e-15
2.5589e-26
4.9201e-51
1.8182e-51
3.0976e-58
1.4234e-20
3.0976e-58
5.8249e-39
3.0976e-58
3.4614e-15
2.0862e-51
2.6124e-15
1.0117e-14
1.7298e-15
8.0126e-09
3.0976e-58
0.0016336
3.0976e-58
9.1505e-33
8.0687e-33
0.00056385
1.0784e-20
3.0976e-58
2.5844e-09
3.0976e-58
5.9575e-21
1.4577e-32
1.3704e-38
4.0729e-15
6.8368e-27
2.7717e-09
1.624e-09
9.4937e-21
0.0035631
4.8806e-15
6.3319e-33
1.0661e-20
0.00021614
2.5986e-20
0.0010891
1.3496e-09
6.1583e-21
6.0589e-21
3.0976e-58
1.3816e-14
0.0016569
2.3309e-32
9.5403e-10
3.7587e-45
9.6245e-15
0.0024661
0.00094244
0.001137
1.269e-38
1.0893e-09
2.7837e-09
1.363e-26
2.0827e-20
1.7424e-09
0.00072089
4.9711e-45
5.324e-21
9.8445e-33
0.00045433
2.6659e-32
1.4078e-51
1.6767e-09
4.4942e-32
5.0708e-15
4.3112e-45
5.9478e-15
0.0013899
8.2543e-21
0.00067829
0.00042593
9.3361e-27
7.2576e-45
1.3408e-26
9.5613e-33
2.0631e-20
2.3555e-09
3.0976e-58
1.3579e-38
3.8707e-33
0.0003873
1.1534e-26
0.00044042
4.6638e-51
1.8144e-26
0.0010751
0.0019347
0.0019193
1.057e-20
4.587e-51
3.7108e-32
5.9844e-33
1.6123e-09
0.00078746
1.1765e-38
3.0976e-58
9.0861e-27
2.8098e-15
4.9571e-27
3.2331e-45
3.1844e-45
5.9928e-15
6.5309e-45
3.0976e-58
1.206e-20
3.7338e-09
9.8972e-39
8.0487e-33
8.535e-21
1.2977e-26
1.9028e-15
0.0011198
7.0081e-39
0.0029278
3.1709e-15
0.00093123
3.1747e-15
6.1311e-21
3.205e-09
1.2754e-51
3.0976e-58
1.1051e-26
0.0015137
3.6415e-15
1.8808e-38
0.0026561
3.7481e-26
3.0799e-09
1.0823e-14
0.00072433
1.9129e-32
0.00084944
6.0939e-39
5.9409e-45
1.5484e-26
2.4913e-45
1.1558e-32
1.0507e-14
3.0976e-58
1.5991e-26
9.9631e-27
1.624e-15
4.0193e-09
3.9156e-39
1.2594e-32
1.2217e-45
3.0976e-58
6.1448e-45
1.5084e-38
4.4899e-39
3.0976e-58
4.4936e-21
0.0012247
1.3557e-20
1.0889e-32
9.3651e-33
3.6324e-09
3.0976e-58
5.9337e-39
9.498e-39
2.3408e-09
9.3103e-15
2.3915e-38
5.9696e-21
3.3517e-45
9.1551e-27
3.5765e-45
1.8315e-09
8.3351e-27
0.0010719
3.0976e-58
3.73e-26
1.8552e-32
1.3185e-14
3.0976e-58
6.5831e-45
1.7544e-09
0.0020555
5.3801e-33
3.3399e-15
4.9636e-15
4.77e-45
1.503e-20
0.0024959
4.5057e-45
3.928e-33
1.5524e-09
5.8281e-15
0.001043
1.0023e-32
0.00072408
0.001146
5.9948e-33
5.9644e-09
6.03e-27
0.0027468
8.9764e-21
1.1739e-15
3.0976e-58
3.0976e-58
0.00068298
6.9511e-33
1.9718e-09
1.6021e-20
3.7544e-45
2.0524e-20
1.9649e-09
0.00042098
1.9104e-09
2.0916e-09
7.2092e-27
1.6186e-15
2.9301e-09
1.1172e-26
1.833e-20
5.7673e-45
1.4376e-45
6.9448e-45
2.4608e-09
8.4479e-33
7.4317e-21
1.4659e-15
5.1306e-15
3.6315e-26
2.2517e-51
8.7702e-15
2.8444e-20
3.0976e-58
0.00042886
3.9537e-21
6.5054e-21
0.00058032
0.0012234
1.3698e-09
8.1114e-21
1.3605e-20
7.2052e-09
7.1467e-15
6.0681e-09
9.5971e-27
2.6764e-15
4.0001e-21
5.4497e-21
5.2352e-33
1.8326e-51
3.0976e-58
4.009e-45
3.0976e-58
9.5633e-10
7.3979e-27
3.0976e-58
5.967e-15
2.7729e-09
4.0385e-21
3.6372e-15
1.0622e-44
6.1847e-39
0.0028294
3.7779e-21
2.3885e-09
0.00093675
0.00094954
0.00092355
1.5017e-26
7.6494e-33
1.7906e-09
1.504e-26
1.3918e-09
3.0976e-58
0.0015999
7.1135e-45
8.0636e-45
0.00095527
0.0010338
3.0976e-58
9.0749e-52
1.3695e-09
6.8683e-15
4.5332e-51
1.0167e-20
3.0976e-58
2.6969e-09
3.2191e-15
1.0911e-20
0.0010106
0.0016808
1.9755e-44
5.277e-15
3.0206e-38
6.4264e-51
1.8956e-09
0.0026373
2.5136e-09
6.6289e-27
4.6354e-33
3.6659e-51
4.3934e-21
2.1862e-09
3.0976e-58
3.0976e-58
3.0976e-58
5.696e-51
1.5847e-32
2.5439e-09
3.7676e-15
8.4141e-33
7.996e-21
1.2773e-32
4.7216e-21
2.7415e-09
4.9404e-33
0.0012231
1.0309e-38
1.3971e-51
8.5697e-45
6.9296e-21
7.1974e-21
0.0020619
3.2927e-15
0.0010335
1.2114e-32
5.847e-21
1.3346e-37
5.5557e-39
6.0801e-27
1.6607e-09
1.7211e-26
5.0209e-15
0.00073179
9.7411e-33
1.3933e-14
3.0976e-58
2.7126e-09
5.6175e-15
1.1035e-14
1.3458e-26
1.6991e-32
0.00062476
0.0014078
6.8941e-33
9.6526e-21
2.7476e-15
3.7057e-45
4.5947e-09
0.00058309
6.4012e-21
1.361e-14
0.0014224
3.0976e-58
3.0976e-58
8.5934e-10
1.1979e-32
1.7778e-45
3.773e-51
1.4573e-15
3.0976e-58
7.5746e-45
1.3008e-14
3.0976e-58
6.5805e-21
2.4741e-15
1.7362e-09
3.724e-21
1.5269e-32
2.9074e-15
4.5426e-15
3.5622e-09
1.0375e-08
0.00058355
3.4539e-15
3.9844e-45
8.8509e-39
1.2082e-32
0.00033699
7.7316e-15
0.00050045
3.9683e-09
3.0976e-58
1.6602e-44
1.0222e-26
1.8413e-09
3.9297e-39
3.1658e-15
7.025e-33
1.76e-38
6.6971e-21
3.0976e-58
1.763e-09
0.001561
0.0012175
8.2179e-45
1.8007e-32
1.4073e-15
1.3093e-14
4.2719e-33
7.208e-21
0.00077445
0.00074247
1.1401e-20
3.0976e-58
1.0105e-14
3.5946e-15
0.0036676
3.0976e-58
0.00083317
3.0976e-58
8.3308e-27
9.3187e-21
0.00057076
3.9818e-15
1.1477e-26
3.0091e-21
3.0976e-58
1.3233e-38
2.9083e-15
1.5748e-09
0.0011162
4.2487e-15
4.5761e-45
1.2237e-32
1.0858e-14
2.0043e-09
1.4159e-20
0.002102
5.7857e-09
0.0016927
9.0027e-21
0.00075938
3.2615e-09
2.4931e-15
0.0020666
7.2771e-27
3.7068e-32
3.2471e-15
4.314e-45
9.4132e-45
4.9642e-15
0.00039951
2.8118e-09
5.8707e-09
0.00066685
3.0976e-58
3.7229e-45
1.0486e-32
6.8514e-21
7.7101e-21
3.0976e-58
9.0692e-33
1.7998e-20
3.0976e-58
1.1996e-09
7.2043e-39
9.7723e-10
1.1427e-32
1.8099e-09
4.4842e-21
6.1838e-27
2.7733e-51
7.3902e-10
1.1333e-26
1.3138e-26
1.3108e-09
0.0012599
6.4358e-45
1.712e-32
3.5691e-45
1.8703e-09
2.7739e-09
0.00088033
5.3025e-15
0.0010426
7.9639e-39
1.2637e-14
5.5236e-15
3.0976e-58
0.00090644
6.9305e-39
3.9815e-15
1.8101e-51
1.0952e-14
3.0976e-58
1.164e-38
1.33e-32
9.3731e-39
1.0777e-38
5.9922e-33
3.4239e-21
2.6448e-15
1.0751e-44
0.0011538
2.578e-09
9.2791e-15
8.9506e-21
3.0976e-58
9.298e-27
0.0025221
2.72e-09
2.3521e-15
3.987e-45
2.7736e-15
1.4616e-09
1.6318e-32
2.4786e-32
2.0019e-09
1.7168e-38
3.2297e-33
0.0024639
3.0976e-58
2.6715e-15
7.8625e-21
1.2914e-20
1.7969e-27
1.8495e-09
5.2131e-27
3.0976e-58
8.5101e-39
5.7393e-15
0.00070934
1.3729e-26
2.6618e-51
2.4241e-09
4.4355e-09
2.4933e-15
2.0369e-09
1.0614e-09
3.0976e-58
3.0976e-58
7.9458e-39
2.1451e-32
1.2783e-38
3.0976e-58
9.3235e-27
7.0456e-39
1.2635e-51
1.391e-51
3.1973e-09
1.0127e-20
3.0976e-58
6.3244e-10
1.8927e-26
4.7385e-27
6.0624e-15
3.0827e-09
6.0131e-15
0.0014359
2.2413e-20
0.00048511
3.0323e-32
3.0976e-58
0.0017012
6.8887e-09
6.9717e-15
3.7544e-39
0.00056831
9.8038e-39
1.4865e-26
1.0101e-20
0.001375
1.7085e-09
3.0976e-58
2.6359e-09
9.1494e-39
7.5314e-27
0.0019653
1.5258e-26
9.9468e-15
1.1902e-32
7.1066e-21
3.0976e-58
9.7549e-15
6.4201e-26
6.0059e-27
1.264e-26
1.6832e-51
1.0846e-26
2.3276e-09
5.2441e-21
0.00098513
6.0558e-21
8.1821e-15
3.6034e-45
3.0976e-58
6.9179e-33
7.6454e-09
0.0012527
6.1629e-15
2.3754e-26
2.9284e-32
1.3218e-26
2.1649e-15
6.976e-45
3.0976e-58
3.0939e-09
0.0012873
0.00072596
6.2986e-45
1.3305e-20
3.7681e-15
5.9741e-45
1.1054e-26
0.00037641
0.0011059
2.2204e-09
0.00063842
4.2748e-45
4.7975e-45
3.0976e-58
0.0013477
8.6774e-27
0.00097944
1.0805e-32
8.4499e-33
1.2469e-20
0.0009909
3.0976e-58
2.9349e-27
2.7655e-09
2.9885e-09
4.2132e-51
1.3546e-09
1.1589e-32
3.0976e-58
1.9829e-15
8.523e-10
4.2444e-20
0.0010316
1.5055e-20
4.4744e-45
0.00062071
5.5282e-21
0.00048353
3.0976e-58
3.0976e-58
7.6079e-33
3.0976e-58
5.4105e-45
4.992e-21
2.0196e-09
1.01e-14
6.7449e-27
1.8193e-26
6.4006e-21
1.1718e-51
6.7861e-27
2.7373e-09
1.3706e-51
3.0976e-58
0.0024494
5.4431e-21
9.1124e-39
1.6969e-32
8.0518e-21
2.3679e-09
8.2706e-09
3.0976e-58
5.0616e-45
1.1783e-20
1.8157e-09
5.6548e-51
1.7593e-26
2.4654e-09
1.1427e-20
0.0016307
7.0038e-09
1.0572e-20
0.0054341
3.0976e-58
6.1245e-21
3.9056e-39
1.3273e-32
1.4227e-14
3.0976e-58
4.188e-45
1.2197e-26
3.0976e-58
6.6627e-33
6.1022e-45
3.5278e-09
4.7554e-15
1.4237e-20
4.8517e-39
3.0976e-58
9.3112e-15
4.5847e-15
3.0976e-58
0.00099523
2.6265e-26
0.0011794
8.4147e-21
2.1879e-26
8.3007e-45
3.1924e-15
6.7165e-45
6.449e-51
7.8487e-27
0.0013702
3.0976e-58
3.0976e-58
0.00059672
0.0027995
3.0976e-58
0.00069324
3.0976e-58
3.3978e-32
1.4066e-38
9.6604e-15
0.00064637
0.0011449
9.1901e-51
0.00045609
4.0886e-15
3.2088e-45
1.9607e-32
8.5476e-33
4.8511e-27
2.5127e-09
0.00064289
5.1392e-27
3.0976e-58
6.0288e-33
4.6784e-39
1.7387e-15
1.5234e-26
2.0908e-20
5.4079e-39
3.0976e-58
9.4573e-10
3.6252e-45
1.0814e-51
1.1567e-32
1.8553e-15
3.0976e-58
1.8637e-26
7.4137e-39
4.5675e-15
6.3906e-27
4.6311e-39
3.5553e-09
2.0299e-51
4.5836e-45
4.9407e-15
1.1176e-09
3.0976e-58
2.6535e-45
4.7196e-15
0.0004291
8.3803e-21
1.5509e-09
1.256e-38
2.0327e-20
9.4352e-27
1.7562e-32
1.6364e-32
5.6989e-51
6.2076e-21
9.1732e-15
2.1435e-09
3.0976e-58
1.398e-38
5.5505e-21
4.8136e-27
3.0976e-58
3.0976e-58
0.00058214
1.7499e-08
0.0014427
1.7799e-09
0.00045635
2.3858e-15
0.0017979
2.4186e-09
4.5426e-09
0.00042325
2.0918e-09
9.4685e-27
1.7846e-20
0.0019592
2.8817e-20
3.2133e-15
3.6521e-09
7.7164e-21
2.0478e-09
1.1912e-32
7.5151e-21
6.4416e-21
2.0614e-51
5.4062e-27
6.9374e-27
1.8889e-21
2.5871e-21
8.3405e-09
2.7082e-09
2.3989e-45
1.1686e-32
8.3503e-15
8.0624e-21
5.3767e-15
3.6762e-39
4.1236e-39
6.2376e-27
1.3764e-32
0.0012635
3.1414e-32
7.5314e-33
4.6211e-21
0.00083817
1.0427e-20
5.8473e-21
0.00088569
0.0055211
5.7186e-09
6.9697e-09
5.2655e-45
0.00093635
3.6636e-45
3.0976e-58
3.0976e-58
2.8415e-15
1.9525e-09
3.0976e-58
3.0976e-58
3.0976e-58
1.2204e-14
5.8464e-27
2.7353e-32
1.1163e-32
9.9367e-52
1.0839e-38
6.718e-33
4.4888e-15
3.0976e-58
2.262e-20
1.7031e-32
3.8586e-15
4.6366e-15
3.0976e-58
2.5507e-44
7.0482e-15
6.8592e-09
4.7812e-15
9.2247e-21
2.6089e-09
0.00093142
3.0976e-58
2.2923e-09
8.7132e-39
4.7906e-51
4.0743e-21
6.6739e-15
7.9453e-21
1.2378e-26
1.7254e-26
1.9747e-09
3.4496e-21
3.2196e-15
3.4367e-21
5.3881e-15
5.2939e-15
2.4228e-15
0.0020011
0.0013859
8.9569e-21
1.6789e-38
1.4093e-38
1.2445e-09
