-800.99
-1143.6
-1255.1
-1355.5
-1520
-1579.6
-1886.7
-2102.9
-2375.7
-2405.6
-2547.5
-2562
-2885
-3184.7
-3189.8
-3256.1
-3277.6
-3322.6
-3352.3
-3369.6
-3437.1
-3459.5
-3540.9
-3594
-3617.1
-3718.1
-3773.1
-3913.8
-3992.1
-4058.5
-4132.9
-4151.8
-4214.4
-4300.5
-4468.3
-4554.2
-4630.6
-4670.7
-4739.2
-4849
-4864.8
-4876
-4925.9
-4951.2
-5091.5
-5109.1
-5186.3
-5306.4
-5437
-5506.9
-5539
-5557.4
-5692.8
-5697
-5771.1
-5795.2
-5910.3
-5935.1
-6025.8
-6218.6
-6247.7
-6267.5
-6343.1
-6351
-6393.5
-6394.6
-6398.5
-6405.4
-6458.1
-6468.2
-6489.6
-6528.4
-6575.6
-6686.3
-6790.7
-6797.6
-6803.5
-6808.7
-6829.9
-6855.5
-7028.6
-7102
-7103.2
-7205.1
-7227.6
-7289
-7829.3
-7834.5
-7948.6
-8163.3
-8181.5
-8293.7
-8329.1
-8430
-8480.9
-8481.2
-8528.5
-8570
-8615.7
-8639.4
-8720.4
-8792.7
-8936.3
-8975.3
-9048.4
-9106.9
-9114.8
-9201.2
-9270.5
-9278.8
-9316.8
-9529.2
-9584.3
-9588.3
-9626.4
-9661.9
-9665.1
-9712.2
-9801.2
-9872
-9976.6
-9985.7
-10111
-10183
-10233
-10248
-10256
-10264
-10321
-10359
-10404
-10412
-10423
-10440
-10468
-10475
-10607
-10629
-10669
-10677
-10761
-10908
-10926
-10931
-10975
-11003
-11118
-11166
-11229
-11231
-11279
-11332
-11349
-11360
-11422
-11426
-11460
-11525
-11567
-11575
-11576
-11616
-11646
-11669
-11676
-11680
-11689
-11768
-11779
-11795
-11795
-11796
-11806
-11887
-11905
-11911
-11976
-11989
-12051
-12061
-12135
-12159
-12179
-12211
-12220
-12276
-12292
-12303
-12328
-12351
-12443
-12486
-12497
-12530
-12572
-12605
-12606
-12614
-12630
-12638
-12724
-12732
-12749
-12778
-12810
-12838
-12841
-12915
-12921
-12933
-12952
-12953
-12955
-12962
-13025
-13044
-13048
-13057
-13061
-13066
-13129
-13199
-13215
-13386
-13415
-13418
-13438
-13470
-13503
-13512
-13530
-13530
-13575
-13576
-13605
-13650
-13654
-13657
-13677
-13741
-13753
-13781
-13813
-13817
-13837
-13878
-13908
-13910
-13914
-13917
-13940
-13949
-13969
-13971
-13982
-13985
-13988
-13991
-14040
-14063
-14073
-14099
-14117
-14126
-14141
-14191
-14214
-14264
-14288
-14294
-14298
-14311
-14330
-14331
-14355
-14390
-14421
-14432
-14456
-14490
-14513
-14540
-14564
-14610
-14616
-14678
-14733
-14737
-14761
-14782
-14789
-14792
-14817
-14837
-14903
-14904
-14912
-14912
-14924
-14947
-14951
-14951
-14972
-15058
-15080
-15081
-15086
-15087
-15107
-15109
-15121
-15122
-15127
-15127
-15130
-15130
-15133
-15145
-15158
-15159
-15170
-15180
-15234
-15248
-15260
-15289
-15339
-15356
-15367
-15392
-15395
-15433
-15437
-15448
-15448
-15491
-15492
-15492
-15516
-15532
-15542
-15552
-15604
-15631
-15650
-15653
-15700
-15706
-15710
-15710
-15714
-15730
-15731
-15744
-15745
-15773
-15783
-15790
-15798
-15802
-15804
-15806
-15821
-15821
-15850
-15869
-15921
-15922
-15952
-15975
-15991
-15997
-16004
-16037
-16048
-16071
-16096
-16099
-16103
-16105
-16107
-16136
-16139
-16181
-16188
-16198
-16218
-16235
-16248
-16259
-16259
-16287
-16299
-16306
-16312
-16314
-16317
-16320
-16388
-16407
-16408
-16419
-16433
-16433
-16450
-16456
-16461
-16509
-16510
-16545
-16561
-16565
-16571
-16578
-16604
-16605
-16606
-16612
-16614
-16627
-16629
-16642
-16670
-16671
-16694
-16708
-16778
-16814
-16821
-16822
-16834
-16852
-16860
-16876
-16889
-16889
-16889
-16917
-16922
-16946
-16959
-16961
-16995
-17007
-17019
-17025
-17025
-17046
-17060
-17061
-17064
-17076
-17111
-17128
-17149
-17172
-17183
-17200
-17214
-17232
-17258
-17279
-17325
-17335
-17337
-17340
-17342
-17351
-17368
-17408
-17429
-17447
-17450
-17459
-17461
-17466
-17467
-17473
-17475
-17485
-17494
-17530
-17537
-17566
-17567
-17583
-17588
-17595
-17602
-17620
-17627
-17654
-17661
-17706
-17723
-17734
-17748
-17753
-17756
-17770
-17786
-17788
-17813
-17819
-17824
-17845
-17879
-17892
-17898
-17903
-17908
-17909
-17912
-17932
-17940
-17959
-17962
-18012
-18013
-18017
-18044
-18067
-18068
-18117
-18150
-18165
-18180
-18188
-18211
-18216
-18229
-18234
-18247
-18255
-18256
-18265
-18301
-18302
-18331
-18336
-18346
-18359
-18372
-18374
-18393
-18404
-18417
-18418
-18434
-18446
-18447
-18468
-18489
-18492
-18519
-18521
-18544
-18553
-18557
-18564
-18571
-18592
-18608
-18609
-18614
-18620
-18623
-18626
-18638
-18657
-18670
-18675
-18680
-18690
-18703
-18710
-18711
-18712
-18721
-18735
-18743
-18744
-18752
-18781
-18793
-18818
-18831
-18839
-18846
-18847
-18847
-18888
-18935
-18939
-18959
-18971
-19004
-19007
-19014
-19017
-19021
-19037
-19047
-19062
-19063
-19074
-19079
-19087
-19092
-19093
-19094
-19127
-19131
-19153
-19157
-19161
-19162
-19175
-19192
-19195
-19203
-19215
-19223
-19223
-19231
-19231
-19235
-19235
-19237
-19254
-19255
-19257
-19278
-19279
-19300
-19303
-19306
-19307
-19309
-19328
-19334
-19346
-19355
-19359
-19375
-19384
-19387
-19391
-19395
-19398
-19403
-19412
-19415
-19417
-19428
-19439
-19454
-19466
-19481
-19482
-19483
-19485
-19488
-19489
-19491
-19495
-19496
-19503
-19507
-19510
-19513
-19515
-19515
-19515
-19515
-19517
-19517
-19518
-19518
-19519
-19520
-19520
-19521
-19521
-19521
-19521
-19521
-19521
-19521
-19521
-19521
-19521
-19521
-19525
-19542
-19544
-19584
-19590
-19603
-19610
-19615
-19657
-19657
-19662
-19683
-19688
-19688
-19694
-19695
-19707
-19711
-19727
-19742
-19748
-19751
-19751
-19755
-19756
-19762
-19768
-19776
-19778
-19780
-19793
-19799
-19800
-19871
-19938
-19954
-19966
-19977
-19987
-20027
-20035
-20037
-20052
-20092
-20114
-20114
-20119
-20121
-20129
-20129
-20132
-20135
-20151
-20153
-20161
-20162
-20164
-20168
-20178
-20192
-20196
-20207
-20226
-20229
-20237
-20246
-20253
-20258
-20260
-20260
-20279
-20330
-20364
-20364
-20383
-20385
-20393
-20404
-20411
-20411
-20411
-20415
-20431
-20446
-20455
-20459
-20465
-20465
-20486
-20498
-20536
-20545
-20556
-20575
-20598
-20620
-20626
-20641
-20643
-20659
-20662
-20662
-20699
-20727
-20737
-20738
-20741
-20762
-20764
-20777
-20785
-20787
-20810
-20816
-20818
-20820
-20821
-20835
-20854
-20872
-20881
-20887
-20888
-20904
-20908
-20971
-20978
-20988
-20997
-21023
-21039
-21056
-21067
-21068
-21072
-21074
-21093
-21112
-21121
-21142
-21145
-21163
-21189
-21199
-21224
-21239
-21262
-21272
-21273
-21277
-21284
-21297
-21299
-21318
-21334
-21397
-21419
-21423
-21452
-21452
-21457
-21482
-21575
-21587
-21618
-21624
-21638
-21638
-21658
-21701
-21718
-21725
-21731
-21742
-21751
-21753
-21760
-21765
-21771
-21789
-21794
-21811
-21846
-21861
-21864
-21884
-21902
-21903
-21904
-21923
-21926
-21929
-21970
-21973
-21977
-21979
-21983
-21992
-22032
-22037
-22041
-22056
-22064
-22065
-22067
-22067
-22077
-22094
-22104
-22116
-22117
-22118
-22121
-22127
-22168
-22182
-22191
-22198
-22202
-22204
-22219
-22234
-22239
-22244
-22252
-22270
-22276
-22281
-22315
-22316
-22326
-22335
-22349
-22354
-22354
-22393
-22473
-22534
-22540
-22549
-22554
-22554
-22559
-22563
-22584
-22613
-22618
-22623
-22624
-22627
-22631
-22644
-22654
-22660
-22668
-22669
-22683
-22699
-22708
-22709
-22711
-22714
-22721
-22730
-22731
-22740
-22747
-22750
-22760
-22762
-22762
-22764
-22775
-22779
-22788
-22791
-22818
-22820
-22828
-22836
-22844
-22863
-22864
-22867
-22871
-22887
-22889
-22911
-22913
-22923
-22924
-22935
-22988
-22996
-22999
-23024
-23069
-23072
-23078
-23106
-23108
-23124
-23131
-23142
-23150
-23151
-23153
-23179
-23186
-23235
-23262
-23266
-23280
-23289
-23296
-23309
-23329
-23332
-23333
-23334
-23359
-23368
-23374
-23374
-23378
-23382
-23393
-23415
-23447
-23454
-23469
-23481
-23484
-23500
-23509
-23511
-23526
-23537
-23544
-23552
-23552
-23559
-23617
-23618
-23630
-23636
-23637
-23646
-23646
-23660
-23702
-23715
-23723
-23725
-23729
-23735
-23760
-23767
-23767
-23771
-23782
-23805
-23815
-23818
-23818
-23821
-23883
-23891
-23912
-23927
-23957
-23969
-23973
-23980
-23984
-24005
-24040
-24057
-24058
-24066
-24087
-24110
-24117
-24139
-24192
-24203
-24220
-24227
-24231
-24235
-24238
-24240
-24242
-24270
-24271
-24281
-24300
-24304
-24308
-24319
-24326
-24332
-24332
-24336
-24343
-24350
-24351
-24396
-24410
-24415
-24453
-24466
-24469
-24480
-24484
-24506
-24513
-24528
-24529
-24533
-24537
-24544
-24561
-24568
-24574
-24580
-24592
-24593
-24599
-24603
-24614
-24650
-24662
-24666
-24666
-24689
-24689
-24695
-24696
-24699
-24702
-24720
-24734
-24765
-24771
-24772
-24781
-24786
-24796
-24805
-24817
-24824
-24829
-24837
-24844
-24870
-24871
-24903
-24911
-24916
-24923
-24925
-24963
-24983
-24983
-24991
-25006
-25033
-25036
-25041
-25068
-25069
-25070
-25076
-25079
-25094
-25095
-25098
-25114
-25115
-25124
-25126
-25152
-25156
-25157
-25174
-25211
-25216
-25223
-25226
-25244
-25266
-25277
-25289
-25290
-25308
-25312
-25315
-25323
-25331
-25344
-25375
-25377
-25381
-25397
-25408
-25425
-25454
-25468
-25469
-25485
-25487
-25498
-25499
-25508
-25534
-25540
-25547
-25578
-25579
-25595
-25613
-25614
-25640
-25655
-25676
-25705
-25719
-25722
-25722
-25729
-25742
-25757
-25765
-25772
-25775
-25781
-25783
-25808
-25823
-25828
-25838
-25851
-25854
-25857
-25864
-25877
-25885
-25922
-25950
-25950
-25959
-25997
-26027
-26034
-26043
-26048
-26062
-26063
-26075
-26078
-26084
-26089
-26099
-26100
-26107
-26108
-26122
-26124
-26131
-26136
-26141
-26145
-26162
-26171
-26183
-26191
-26206
-26239
-26248
-26251
-26260
-26279
-26282
-26286
-26286
-26327
-26340
-26349
-26404
-26404
-26412
-26437
-26459
-26462
-26464
-26480
-26488
-26496
-26501
-26506
-26524
-26526
-26540
-26559
-26569
-26598
-26607
-26613
-26644
-26648
-26655
-26656
-26694
-26703
-26709
-26715
-26732
-26734
-26744
-26765
-26788
-26789
-26806
-26815
-26838
-26842
-26852
-26854
-26888
-26899
-26909
-26935
-26962
-26967
-27003
-27004
-27010
-27038
-27040
-27053
-27093
-27097
-27102
-27118
-27127
-27153
-27155
-27160
-27170
-27171
-27176
-27177
-27192
-27206
-27227
-27234
-27248
-27257
-27284
-27306
-27329
-27353
-27381
-27389
-27391
-27392
-27407
-27423
-27438
-27447
-27454
-27469
-27480
-27499
-27507
-27515
-27537
-27547
-27582
-27594
-27597
-27609
-27611
-27620
-27622
-27624
-27643
-27673
-27674
-27675
-27677
-27698
-27702
-27722
-27722
-27739
-27743
-27771
-27797
-27807
-27827
-27828
-27830
-27840
-27842
-27846
-27881
-27895
-27904
-27954
-27956
-27958
-27981
-27986
-27989
-28015
-28047
-28057
-28075
-28100
-28111
-28114
-28116
-28126
-28129
-28175
-28181
-28187
-28217
-28233
-28279
-28297
-28297
-28297
-28299
-28309
-28309
-28315
-28320
-28339
-28353
-28354
-28361
-28375
-28392
-28392
-28418
-28420
-28440
-28441
-28444
-28449
-28468
-28477
-28480
-28481
-28486
-28488
-28492
-28495
-28517
-28520
-28521
-28538
-28539
-28547
-28567
-28570
-28576
-28581
-28583
-28589
-28598
-28607
-28638
-28651
-28652
-28670
-28701
-28703
-28713
-28715
-28726
-28728
-28735
-28746
-28758
-28819
-28831
-28844
-28873
-28874
-28877
-28879
-28903
-28912
-28912
-28928
-28930
-28931
-28949
-28962
-28964
-28970
-28979
-28982
-28987
-28993
-29036
-29039
-29052
-29072
-29073
-29088
-29142
-29158
-29159
-29160
-29168
-29191
-29192
-29196
-29201
-29203
-29215
-29222
-29237
-29251
-29259
-29285
-29287
-29293
-29301
-29311
-29324
-29328
-29334
-29338
-29351
-29385
-29416
-29442
-29450
-29454
-29482
-29499
-29516
-29524
-29527
-29542
-29547
-29555
-29565
-29570
-29572
-29585
-29594
-29597
-29606
-29608
-29609
-29619
-29620
-29630
-29638
-29643
-29648
-29672
-29674
-29677
-29679
-29687
-29690
-29701
-29705
-29735
-29739
-29748
-29758
-29769
-29781
-29784
-29786
-29833
-29839
-29850
-29852
-29853
-29877
-29878
-29887
-29891
-29923
-29936
-29950
-29957
-29966
-29968
-29970
-29984
-30041
-30048
-30051
-30063
-30066
-30074
-30081
-30082
-30087
-30096
-30103
-30104
-30113
-30120
-30123
-30168
-30171
-30172
-30173
-30182
-30198
-30201
-30205
-30207
-30208
-30212
-30222
-30225
-30242
-30248
-30251
-30259
-30275
-30287
-30298
-30318
-30350
-30363
-30376
-30383
-30392
-30409
-30413
-30414
-30414
-30415
-30416
-30419
-30420
-30432
-30450
-30462
-30469
-30469
-30474
-30479
-30484
-30517
-30526
-30533
-30543
-30560
-30562
-30566
-30576
-30577
-30580
-30590
-30606
-30608
-30609
-30659
-30701
-30711
-30715
-30744
-30755
-30760
-30776
-30785
-30805
-30814
-30831
-30864
-30865
-30865
-30867
-30876
-30890
-30895
-30903
-30913
-30964
-30974
-30977
-30978
-31013
-31021
-31038
-31041
-31044
-31058
-31064
-31107
-31111
-31115
-31122
-31128
-31142
-31167
-31169
-31179
-31181
-31191
-31195
-31225
-31235
-31237
-31255
-31282
-31287
-31327
-31330
-31330
-31342
-31354
-31361
-31367
-31367
-31386
-31398
-31405
-31413
-31429
-31457
-31464
-31470
-31471
-31478
-31478
-31483
-31484
-31507
-31550
-31550
-31559
-31573
-31598
-31628
-31632
-31648
-31669
-31670
-31672
-31689
-31692
-31705
-31712
-31712
-31734
-31738
-31778
-31780
-31785
-31787
-31798
-31799
-31834
-31855
-31869
-31919
-31925
-31938
-31943
-31954
-31972
-31987
-31990
-31996
-32011
-32023
-32039
-32050
-32065
-32065
-32077
-32100
-32113
-32115
-32125
-32132
-32167
-32179
-32205
-32210
-32225
-32248
-32258
-32266
-32274
-32292
-32292
-32301
-32310
-32316
-32335
-32354
-32375
-32392
-32406
-32427
-32432
-32445
-32463
-32468
-32489
-32495
-32514
-32542
-32551
-32569
-32570
-32575
-32584
-32589
-32602
-32606
-32626
-32627
-32649
-32651
-32659
-32676
-32717
-32727
-32744
-32745
-32753
-32759
-32762
-32802
-32818
-32826
-32845
-32853
-32854
-32857
-32858
-32913
-32934
-32975
-32985
-33028
-33067
-33069
-33075
-33091
-33105
-33122
-33130
-33134
-33136
-33150
-33159
-33174
-33187
-33200
-33204
-33206
-33208
-33217
-33236
-33237
-33272
-33274
-33297
-33303
-33304
-33320
-33321
-33343
-33348
-33359
-33368
-33370
-33381
-33393
-33399
-33428
-33449
-33450
-33466
-33498
-33499
-33519
-33525
-33551
-33556
-33564
-33591
-33638
-33648
-33650
-33655
-33663
-33692
-33726
-33737
-33747
-33750
-33755
-33764
-33770
-33796
-33887
-33904
-33933
-33972
-33978
-33979
-33979
-33981
-33985
-33994
-33996
-34003
-34022
-34023
-34024
-34037
-34046
-34066
-34090
-34102
-34141
-34141
-34162
-34189
-34201
-34218
-34223
-34225
-34231
-34236
-34239
-34247
-34266
-34279
-34300
-34305
-34310
-34314
-34348
-34357
-34384
-34384
-34386
-34408
-34419
-34421
-34441
-34445
-34505
-34520
-34534
-34552
-34557
-34579
-34580
-34617
-34627
-34640
-34669
-34672
-34674
-34680
-34681
-34686
-34691
-34700
-34744
-34748
-34754
-34780
-34793
-34803
-34817
-34862
-34888
-34890
-34909
-34959
-34981
-34989
-34996
-35003
-35015
-35020
-35021
-35023
-35034
-35044
-35045
-35048
-35055
-35059
-35068
-35079
-35102
-35104
-35125
-35171
-35171
-35176
-35178
-35196
-35208
-35220
-35236
-35256
-35271
-35272
-35285
-35291
-35297
-35297
-35307
-35315
-35316
-35356
-35370
-35372
-35387
-35404
-35407
-35410
-35430
-35430
-35442
-35445
-35452
-35458
-35471
-35481
-35496
-35519
-35552
-35553
-35555
-35591
-35599
-35603
-35604
-35605
-35614
-35618
-35631
-35642
-35678
-35708
-35713
-35723
-35731
-35756
-35782
-35796
-35802
-35817
-35817
-35827
-35835
-35842
-35846
-35848
-35865
-35869
-35873
-35936
-35937
-35975
-35976
-36002
-36006
-36048
-36092
-36096
-36122
-36132
-36153
-36159
-36161
-36169
-36177
-36238
-36294
-36317
-36333
-36341
-36346
-36377
-36393
-36422
-36428
-36430
-36433
-36446
-36461
-36472
-36496
-36517
-36538
-36540
-36555
-36608
-36618
-36626
-36644
-36681
-36682
-36686
-36705
-36731
-36763
-36767
-36803
-36815
-36824
-36834
-36875
-36882
-36898
-36939
-36941
-36974
-37014
-37014
-37017
-37055
-37066
-37078
-37083
-37110
-37115
-37118
-37121
-37177
-37183
-37189
-37231
-37231
-37236
-37255
-37276
-37296
-37312
-37331
-37340
-37355
-37357
-37361
-37375
-37442
-37451
-37453
-37456
-37496
-37506
-37562
-37569
-37581
-37587
-37590
-37595
-37608
-37609
-37644
-37667
-37693
-37699
-37711
-37716
-37728
-37788
-37802
-37840
-37847
-37850
-37853
-37854
-37854
-37874
-37874
-37889
-37913
-37927
-37935
-37968
-38013
-38033
-38058
-38071
-38081
-38113
-38120
-38140
-38150
-38173
-38176
-38202
-38212
-38217
-38233
-38234
-38235
-38257
-38270
-38273
-38281
-38285
-38310
-38310
-38334
-38380
-38397
-38430
-38433
-38462
-38501
-38516
-38522
-38536
-38549
-38554
-38573
-38626
-38665
-38671
-38680
-38685
-38702
-38706
-38707
-38715
-38730
-38733
-38734
-38734
-38754
-38761
-38772
-38784
-38835
-38842
-38851
-38909
-38910
-38914
-38980
-38998
-39052
-39064
-39101
-39112
-39123
-39177
-39216
-39239
-39245
-39246
-39264
-39275
-39319
-39358
-39365
-39394
-39402
-39405
-39472
-39500
-39508
-39516
-39523
-39556
-39621
-39649
-39649
-39650
-39667
-39672
-39683
-39717
-39726
-39726
-39735
-39745
-39746
-39747
-39748
-39770
-39771
-39788
-39821
-39866
-39889
-39947
-39987
-40030
-40042
-40045
-40103
-40103
-40106
-40114
-40123
-40124
-40135
-40140
-40157
-40243
-40274
-40294
-40314
-40332
-40451
-40484
-40496
-40518
-40526
-40575
-40584
-40624
-40646
-40656
-40660
-40661
-40662
-40662
-40664
-40679
-40683
-40695
-40706
-40729
-40730
-40735
-40744
-40745
-40783
-40797
-40810
-40822
-40887
-40894
-40895
-40900
-40901
-40902
-40939
-40946
-40948
-40949
-40978
-40985
-40992
-40996
-41027
-41032
-41053
-41081
-41084
-41087
-41142
-41167
-41174
-41179
-41201
-41212
-41229
-41229
-41244
-41252
-41299
-41307
-41346
-41367
-41396
-41411
-41415
-41470
-41515
-41516
-41537
-41552
-41559
-41597
-41601
-41615
-41636
-41641
-41642
-41652
-41686
-41707
-41710
-41759
-41770
-41783
-41803
-41803
-41822
-41855
-41884
-41885
-41885
-41938
-41984
-41997
-42006
-42058
-42087
-42088
-42099
-42101
-42106
-42139
-42155
-42188
-42196
-42202
-42227
-42246
-42252
-42262
-42267
-42270
-42270
-42279
-42305
-42309
-42326
-42328
-42338
-42363
-42382
-42390
-42395
-42412
-42441
-42465
-42468
-42487
-42502
-42558
-42586
-42587
-42614
-42680
-42706
-42710
-42723
-42730
-42758
-42778
-42784
-42812
-42817
-42844
-42849
-42877
-42902
-42906
-42907
-42909
-42913
-42948
-42966
-42979
-42984
-42994
-43007
-43049
-43054
-43111
-43118
-43122
-43127
-43176
-43209
-43231
-43238
-43277
-43318
-43324
-43337
-43338
-43338
-43341
-43381
-43393
-43408
-43424
-43443
-43473
-43504
-43511
-43515
-43551
-43560
-43578
-43588
-43595
-43630
-43632
-43634
-43638
-43682
-43731
-43736
-43746
-43766
-43788
-43833
-43846
-43941
-43946
-43971
-44010
-44022
-44027
-44066
-44071
-44073
-44084
-44092
-44164
-44181
-44201
-44327
-44344
-44345
-44361
-44380
-44477
-44507
-44509
-44562
-44602
-44607
-44610
-44618
-44646
-44726
-44726
-44766
-44787
-44843
-44849
-44896
-44922
-44967
-44980
-44990
-45028
-45030
-45036
-45037
-45043
-45055
-45072
-45101
-45160
-45194
-45215
-45221
-45238
-45243
-45249
-45274
-45285
-45312
-45312
-45406
-45462
-45482
-45493
-45502
-45572
-45581
-45646
-45650
-45675
-45675
-45677
-45691
-45696
-45724
-45726
-45825
-45882
-45884
-45909
-45912
-45922
-45934
-45956
-46009
-46028
-46038
-46075
-46087
-46103
-46114
-46202
-46222
-46246
-46254
-46271
-46282
-46319
-46378
-46399
-46399
-46400
-46409
-46426
-46436
-46474
-46480
-46492
-46505
-46516
-46541
-46543
-46578
-46605
-46606
-46622
-46630
-46633
-46633
-46674
-46681
-46687
-46694
-46705
-46743
-46761
-46798
-46822
-46840
-46858
-46877
-46880
-46902
-46922
-46933
-46946
-46951
-46965
-46978
-46997
-47003
-47054
-47055
-47079
-47107
-47110
-47154
-47166
-47215
-47225
-47303
-47355
-47356
-47357
-47375
-47391
-47409
-47412
-47413
-47419
-47473
-47485
-47512
-47534
-47534
-47552
-47584
-47621
-47641
-47681
-47695
-47705
-47744
-47768
-47811
-47873
-47875
-47910
-47917
-47921
-47921
-47927
-47935
-47956
-48079
-48086
-48123
-48140
-48158
-48166
-48207
-48232
-48237
-48243
-48277
-48312
-48343
-48396
-48438
-48470
-48495
-48545
-48582
-48601
-48624
-48708
-48715
-48765
-48765
-48826
-48859
-48895
-48973
-48995
-49009
-49018
-49082
-49084
-49089
-49092
-49121
-49143
-49176
-49194
-49199
-49206
-49226
-49284
-49298
-49303
-49304
-49304
-49315
-49326
-49329
-49333
-49345
-49373
-49375
-49376
-49408
-49445
-49448
-49508
-49556
-49557
-49562
-49562
-49562
-49590
-49596
-49617
-49636
-49644
-49683
-49692
-49698
-49714
-49723
-49733
-49747
-49780
-49786
-49840
-49859
-49902
-49908
-49957
-49982
-49990
-50056
-50070
-50071
-50078
-50079
-50091
-50106
-50157
-50183
-50192
-50198
-50240
-50252
-50275
-50281
-50289
-50381
-50385
-50401
-50403
-50463
-50470
-50518
-50518
-50527
-50530
-50533
-50559
-50614
-50624
-50646
-50736
-50749
-50754
-50775
-50787
-50792
-50814
-50815
-50819
-50820
-50837
-50888
-50916
-50925
-51014
-51018
-51063
-51083
-51096
-51114
-51117
-51121
-51170
-51179
-51227
-51241
-51283
-51318
-51318
-51338
-51338
-51363
-51365
-51381
-51400
-51408
-51434
-51456
-51472
-51481
-51483
-51499
-51512
-51525
-51542
-51546
-51619
-51631
-51648
-51655
-51718
-51724
-51738
-51783
-51784
-51798
-51823
-51828
-51832
-51838
-51863
-51888
-51924
-51949
-51952
-51975
-51978
-51985
-51988
-52019
-52036
-52061
-52100
-52109
-52153
-52159
-52205
-52222
-52239
-52264
-52288
-52308
-52321
-52334
-52354
-52372
-52380
-52385
-52412
-52425
-52462
-52595
-52639
-52650
-52673
-52683
-52700
-52709
-52712
-52715
-52756
-52831
-52843
-52870
-52875
-52933
-52937
-52953
-53040
-53055
-53094
-53104
-53154
-53180
-53275
-53312
-53370
-53380
-53413
-53464
-53468
-53475
-53480
-53484
-53505
-53527
-53566
-53584
-53587
-53591
-53611
-53612
-53620
-53630
-53635
-53654
-53681
-53684
-53695
-53709
-53715
-53734
-53756
-53758
-53769
-53861
-53882
-53912
-53939
-53940
-53952
-53960
-54027
-54075
-54077
-54094
-54099
-54125
-54180
-54189
-54196
-54231
-54234
-54250
-54261
-54282
-54284
-54330
-54348
-54373
-54391
-54395
-54396
-54397
-54427
-54468
-54476
-54486
-54515
-54574
-54585
-54587
-54680
-54729
-54742
-54767
-54771
-54788
-54887
-54940
-54950
-54967
-54975
-54987
-55005
-55024
-55075
-55086
-55162
-55164
-55192
-55201
-55205
-55222
-55235
-55237
-55253
-55318
-55348
-55365
-55366
-55404
-55426
-55457
-55556
-55558
-55625
-55628
-55665
-55669
-55699
-55763
-55771
-55815
-55827
-55850
-55864
-55883
-55914
-55946
-55951
-55957
-56064
-56066
-56081
-56091
-56112
-56129
-56131
-56289
-56308
-56325
-56338
-56373
-56379
-56386
-56401
-56406
-56411
-56435
-56435
-56441
-56444
-56451
-56454
-56477
-56513
-56542
-56566
-56571
-56586
-56587
-56601
-56607
-56638
-56639
-56660
-56685
-56758
-56805
-56821
-56844
-56848
-56863
-56880
-56903
-56906
-57024
-57051
-57054
-57060
-57068
-57094
-57097
-57127
-57138
-57155
-57161
-57176
-57176
-57197
-57223
-57341
-57463
-57487
-57513
-57518
-57525
-57549
-57585
-57623
-57631
-57642
-57663
-57663
-57665
-57681
-57696
-57697
-57727
-57733
-57740
-57741
-57742
-57754
-57759
-57804
-57826
-57838
-57903
-57923
-57954
-57955
-57960
-58008
-58054
-58076
-58097
-58108
-58116
-58119
-58159
-58184
-58225
-58236
-58239
-58240
-58242
-58271
-58289
-58305
-58307
-58321
-58399
-58416
-58437
-58460
-58501
-58509
-58518
-58547
-58549
-58569
-58584
-58606
-58615
-58640
-58666
-58690
-58703
-58713
-58719
-58757
-58784
-58805
-58817
-58818
-58827
-58842
-58863
-58872
-58875
-58918
-58936
-58958
-58958
-58960
-58966
-58994
-59060
-59122
-59141
-59144
-59170
-59177
-59179
-59195
-59213
-59236
-59251
-59263
-59264
-59281
-59283
-59323
-59350
-59368
-59422
-59439
-59452
-59469
-59502
-59542
-59567
-59579
-59583
-59587
-59628
-59629
-59650
-59700
-59701
-59712
-59727
-59751
-59756
-59763
-59764
-59787
-59845
-59857
-59864
-59867
-59887
-59887
-59894
-59907
-59929
-59935
-59942
-59951
-59990
-59990
-59995
-60027
-60027
-60028
-60049
-60053
-60096
-60107
-60179
-60186
-60267
-60278
-60354
-60382
-60398
-60419
-60459
-60481
-60542
-60568
-60574
-60596
-60615
-60617
-60630
-60655
-60659
-60682
-60696
-60732
-60780
-60835
-60851
-60870
-60880
-60925
-60930
-60932
-61002
-61035
-61118
-61176
-61191
-61225
-61225
-61232
-61254
-61254
-61315
-61341
-61343
-61343
-61345
-61370
-61409
-61439
-61447
-61472
-61480
-61515
-61554
-61565
-61577
-61737
-61763
-61855
-61889
-61916
-61931
-61999
-62007
-62015
-62050
-62061
-62164
-62176
-62201
-62202
-62206
-62261
-62287
-62341
-62378
-62410
-62411
-62442
-62496
-62533
-62540
-62592
-62635
-62705
-62759
-62782
-62785
-62909
-62956
-62968
-62988
-62999
-63033
-63061
-63082
-63101
-63151
-63169
-63209
-63215
-63246
-63247
-63261
-63262
-63267
-63281
-63284
-63299
-63304
-63310
-63336
-63527
-63591
-63613
-63626
-63646
-63649
-63658
-63705
-63731
-63731
-63763
-63768
-63808
-63817
-63820
-63821
-63836
-63903
-63926
-63932
-63984
-63992
-64014
-64084
-64100
-64169
-64283
-64286
-64292
-64324
-64350
-64393
-64394
-64404
-64450
-64457
-64508
-64568
-64591
-64605
-64611
-64710
-64724
-64750
-64782
-64785
-64803
-64891
-64918
-64954
-64996
-65054
-65061
-65065
-65140
-65152
-65171
-65215
-65220
-65252
-65305
-65339
-65343
-65349
-65352
-65356
-65360
-65365
-65365
-65372
-65398
-65407
-65421
-65469
-65472
-65529
-65564
-65574
-65627
-65661
-65675
-65684
-65692
-65722
-65776
-65795
-65854
-65867
-65868
-65925
-65957
-65967
-65972
-65978
-65994
-66019
-66056
-66066
-66088
-66108
-66114
-66144
-66255
-66257
-66284
-66316
-66334
-66347
-66396
-66428
-66428
-66437
-66495
-66503
-66549
-66567
-66609
-66640
-66644
-66656
-66762
-66770
-66788
-66814
-66832
-66868
-66891
-66910
-66915
-66920
-66983
-67005
-67112
-67119
-67120
-67125
-67227
-67250
-67253
-67306
-67321
-67385
-67415
-67458
-67521
-67537
-67595
-67637
-67657
-67673
-67682
-67702
-67702
-67708
-67722
-67763
-67792
-67833
-67913
-67935
-67940
-67947
-67957
-67993
-67994
-68022
-68027
-68049
-68161
-68196
-68216
-68226
-68229
-68275
-68290
-68297
-68323
-68353
-68356
-68379
-68409
-68503
-68545
-68586
-68640
-68674
-68709
-68710
-68729
-68738
-68789
-68800
-68838
-68871
-68903
-68903
-68908
-68913
-68941
-69012
-69018
-69038
-69146
-69160
-69174
-69203
-69208
-69228
-69234
-69238
-69368
-69375
-69412
-69441
-69490
-69500
-69597
-69629
-69632
-69650
-69686
-69687
-69708
-69761
-69804
-69875
-69877
-69888
-69900
-69931
-69944
-69967
-69982
-70012
-70031
-70070
-70071
-70098
-70099
-70101
-70207
-70223
-70254
-70292
-70321
-70348
-70373
-70403
-70466
-70492
-70540
-70575
-70608
-70631
-70653
-70684
-70718
-70764
-70766
-70791
-70841
-70861
-70899
-70916
-70959
-70959
-70987
-70994
-71043
-71060
-71081
-71166
-71268
-71275
-71310
-71348
-71369
-71379
-71420
-71486
-71490
-71511
-71513
-71581
-71610
-71616
-71645
-71652
-71710
-71721
-71780
-71795
-71832
-71861
-71907
-71988
-72009
-72062
-72075
-72113
-72150
-72238
-72244
-72287
-72301
-72426
-72478
-72485
-72485
-72492
-72496
-72504
-72581
-72581
-72586
-72613
-72621
-72685
-72715
-72767
-72776
-72825
-72862
-72888
-72906
-72983
-73042
-73138
-73188
-73249
-73317
-73432
-73517
-73575
-73606
-73609
-73627
-73631
-73659
-73719
-73723
-73724
-73751
-73780
-73803
-73840
-73911
-73947
-73952
-74041
-74058
-74130
-74167
-74181
-74216
-74226
-74266
-74299
-74301
-74309
-74357
-74407
-74442
-74475
-74546
-74557
-74611
-74615
-74615
-74618
-74697
-74804
-74839
-74886
-75003
-75082
-75109
-75124
-75126
-75135
-75183
-75240
-75265
-75295
-75374
-75388
-75414
-75418
-75423
-75438
-75479
-75525
-75754
-75774
-75790
-75810
-75833
-75839
-75886
-75902
-75954
-75995
-76009
-76080
-76102
-76112
-76174
-76226
-76275
-76315
-76325
-76373
-76454
-76480
-76493
-76504
-76661
-76693
-76775
-76809
-76831
-76834
-76900
-76941
-76976
-77024
-77025
-77103
-77133
-77133
-77175
-77207
-77207
-77236
-77250
-77289
-77361
-77527
-77622
-77630
-77677
-77788
-77794
-77844
-77858
-77865
-77899
-77915
-77954
-77958
-77959
-77963
-78012
-78015
-78149
-78259
-78272
-78299
-78389
-78399
-78469
-78472
-78485
-78524
-78545
-78613
-78620
-78664
-78690
-78701
-78800
-78922
-78987
-79010
-79032
-79038
-79041
-79054
-79105
-79140
-79145
-79176
-79182
-79221
-79224
-79248
-79263
-79288
-79299
-79305
-79306
-79404
-79418
-79431
-79495
-79495
-79508
-79519
-79605
-79694
-79746
-79882
-79919
-79928
-79940
-79987
-80035
-80068
-80080
-80096
-80246
-80272
-80315
-80324
-80358
-80364
-80452
-80476
-80549
-80559
-80597
-80603
-80634
-80658
-80741
-80791
-80795
-80807
-80830
-80848
-80858
-80946
-80952
-80958
-81011
-81032
-81091
-81161
-81181
-81258
-81334
-81353
-81389
-81428
-81491
-81598
-81632
-81657
-81665
-81674
-81716
-81716
-81781
-81882
-81892
-81897
-81910
-81919
-81934
-82123
-82152
-82242
-82244
-82309
-82309
-82317
-82338
-82363
-82372
-82382
-82421
-82422
-82435
-82448
-82488
-82509
-82511
-82573
-82592
-82655
-82665
-82707
-82725
-82787
-82893
-82894
-82916
-82924
-82956
-83005
-83065
-83072
-83080
-83087
-83113
-83262
-83262
-83309
-83358
-83382
-83495
-83496
-83553
-83558
-83568
-83571
-83584
-83585
-83636
-83661
-83683
-83720
-83765
-83809
-83814
-83823
-83835
-83928
-83957
-83994
-83999
-84025
-84039
-84226
-84282
-84313
-84330
-84409
-84484
-84510
-84516
-84518
-84526
-84530
-84609
-84682
-84682
-84727
-84743
-84768
-84783
-84821
-84881
-84899
-84914
-84915
-84954
-85011
-85021
-85036
-85054
-85092
-85167
-85180
-85184
-85229
-85257
-85270
-85321
-85391
-85395
-85460
-85473
-85498
-85628
-85659
-85667
-85684
-85728
-85774
-85781
-85793
-85801
-85801
-85892
-85897
-85899
-85950
-85966
-86019
-86039
-86078
-86220
-86263
-86277
-86296
-86320
-86348
-86353
-86364
-86415
-86427
-86432
-86479
-86546
-86588
-86606
-86614
-86614
-86676
-86687
-86688
-86701
-86737
-86745
-86756
-86850
-86871
-86887
-86887
-86926
-86941
-86964
-86969
-86981
-87019
-87035
-87043
-87160
-87234
