0.00019873
0.00060626
1.2614e-10
1.2614e-10
0.0013086
1.2614e-10
0.00017695
1.2614e-10
1.2614e-10
0.00042978
1.2614e-10
0.0011605
0.00048808
0.00040382
1.2614e-10
1.2614e-10
0.00042906
0.00052827
1.2614e-10
1.2614e-10
1.2614e-10
1.2614e-10
1.2614e-10
1.2614e-10
1.2614e-10
1.2614e-10
0.0007335
0.00057243
0.0001469
1.2614e-10
1.2614e-10
1.2614e-10
0.00054011
0.00049501
0.00088286
1.2614e-10
1.2614e-10
1.2614e-10
0.00060768
1.2614e-10
1.2614e-10
0.00028224
1.2614e-10
1.2614e-10
1.2614e-10
1.2614e-10
1.2614e-10
1.2614e-10
0.00066722
0.00035051
1.2614e-10
0.00086223
0.00043722
0.00055473
1.2614e-10
0.0017298
1.2614e-10
1.2614e-10
1.2614e-10
0.00059087
0.00030341
0.00029666
0.00038764
0.00069685
0.00025886
0.00051572
0.00043885
0.00029036
1.2614e-10
1.2614e-10
1.2614e-10
0.00051709
1.2614e-10
1.2614e-10
0.00053871
0.0008397
1.2614e-10
1.2614e-10
0.00010197
1.2614e-10
0.00094563
0.0004935
1.2614e-10
1.2614e-10
0.00095311
1.2614e-10
0.00052889
0.00041052
1.2614e-10
0.0011623
1.2614e-10
0.00039547
1.2614e-10
1.2614e-10
1.2614e-10
1.2614e-10
0.0017272
0.0011369
0.00056704
0.00036802
1.2614e-10
1.2614e-10
0.0007251
0.00077564
1.2614e-10
1.2614e-10
0.00033725
1.2614e-10
1.2614e-10
0.0005298
0.0011323
0.00074244
1.2614e-10
1.2614e-10
1.2614e-10
1.2614e-10
1.2614e-10
0.00043318
0.00065542
1.2614e-10
1.2614e-10
0.00092069
1.2614e-10
0.00099802
0.00040949
1.2614e-10
0.00082896
1.2614e-10
0.00064898
1.2614e-10
1.2614e-10
0.00061459
1.2614e-10
0.00016896
1.2614e-10
1.2614e-10
0.0006209
1.2614e-10
1.2614e-10
1.2614e-10
1.2614e-10
0.00063165
0.00031304
1.2614e-10
1.2614e-10
1.2614e-10
0.0012429
0.0010869
0.001216
1.2614e-10
1.2614e-10
1.2614e-10
0.0013052
1.2614e-10
0.00037849
1.2614e-10
1.2614e-10
1.2614e-10
1.2614e-10
0.00016542
1.2614e-10
0.0004981
0.00030268
1.2614e-10
0.00076416
1.2614e-10
0.00078888
1.2614e-10
1.2614e-10
1.2614e-10
0.00058127
1.2614e-10
0.00044141
1.2614e-10
0.00028246
1.2614e-10
1.2614e-10
1.2614e-10
0.00016339
0.00024334
0.00062817
0.0017151
1.2614e-10
1.2614e-10
0.00033019
0.00053338
1.2614e-10
0.00051135
0.0033141
1.2614e-10
0.0007384
0.00046246
1.2614e-10
1.2614e-10
1.2614e-10
0.0012312
0.00042197
1.2614e-10
1.2614e-10
1.2614e-10
1.2614e-10
0.0010739
1.2614e-10
0.00053163
1.2614e-10
1.2614e-10
0.00051539
1.2614e-10
0.00039537
1.2614e-10
0.00049004
1.2614e-10
1.2614e-10
1.2614e-10
0.00036384
1.2614e-10
1.2614e-10
1.2614e-10
1.2614e-10
0.00095399
1.2614e-10
1.2614e-10
0.00056051
1.2614e-10
1.2614e-10
1.2614e-10
1.2614e-10
1.2614e-10
0.0014467
0.00051607
1.2614e-10
0.00041914
0.00042546
1.2614e-10
1.2614e-10
1.2614e-10
1.2614e-10
1.2614e-10
1.2614e-10
1.2614e-10
1.2614e-10
1.2614e-10
0.0005343
0.00051542
1.2614e-10
0.0003309
1.2614e-10
0.00045932
1.2614e-10
0.0012643
0.0003126
0.00036402
1.2614e-10
1.2614e-10
0.001119
1.2614e-10
0.00032271
0.00070091
1.2614e-10
0.0015565
1.2614e-10
0.00045394
1.2614e-10
0.00023206
1.2614e-10
1.2614e-10
0.00013985
0.00031634
0.00039978
0.00012748
0.00096915
1.2614e-10
1.2614e-10
1.2614e-10
0.0010951
1.2614e-10
0.00032068
1.2614e-10
1.2614e-10
1.2614e-10
1.2614e-10
0.00051407
1.2614e-10
1.2614e-10
0.0002641
0.0003783
1.2614e-10
1.2614e-10
0.00057206
1.2614e-10
0.00089984
1.2614e-10
1.2614e-10
0.0010212
1.2614e-10
0.00035614
1.2614e-10
1.2614e-10
1.2614e-10
1.2614e-10
1.2614e-10
1.2614e-10
1.2614e-10
1.2614e-10
1.2614e-10
0.00030301
1.2614e-10
0.00052057
0.0006074
1.2614e-10
0.00064186
0.00050011
0.00021771
1.2614e-10
0.00035045
1.2614e-10
1.2614e-10
1.2614e-10
1.2614e-10
0.00066521
0.00064199
0.0003068
1.2614e-10
1.2614e-10
0.00046586
1.2614e-10
1.2614e-10
1.2614e-10
1.2614e-10
1.2614e-10
0.00040512
1.2614e-10
1.2614e-10
0.00048693
1.2614e-10
0.00027041
1.2614e-10
1.2614e-10
0.00022439
1.2614e-10
1.2614e-10
1.2614e-10
1.2614e-10
1.2614e-10
0.00097251
0.00029959
0.00037456
1.2614e-10
1.2614e-10
0.00031566
0.00064022
1.2614e-10
1.2614e-10
1.2614e-10
0.00083455
1.2614e-10
1.2614e-10
1.2614e-10
1.2614e-10
0.00039005
0.0020964
0.0003798
1.2614e-10
1.2614e-10
1.2614e-10
1.2614e-10
0.00011298
1.2614e-10
1.2614e-10
0.00068357
1.2614e-10
1.2614e-10
1.2614e-10
0.00090164
1.2614e-10
0.00073015
1.2614e-10
1.2614e-10
1.2614e-10
0.0012934
0.00037876
0.00076147
1.2614e-10
1.2614e-10
0.00084113
1.2614e-10
0.00077518
0.00098947
1.2614e-10
1.2614e-10
0.00024889
0.00073919
1.2614e-10
0.00044669
1.2614e-10
0.00030044
1.2614e-10
1.2614e-10
1.2614e-10
1.2614e-10
1.2614e-10
0.0011487
0.00048987
1.2614e-10
1.2614e-10
0.00042454
1.2614e-10
0.00089957
0.00051993
0.00064243
1.2614e-10
0.00079616
1.2614e-10
1.2614e-10
0.00048759
1.2614e-10
1.2614e-10
0.00055753
1.2614e-10
0.00058103
0.00066851
1.2614e-10
0.00024472
0.0010238
0.0010147
1.2614e-10
0.00043169
1.2614e-10
1.2614e-10
0.00034407
1.2614e-10
1.2614e-10
0.00067916
0.00080955
1.2614e-10
1.2614e-10
0.0010648
0.0013611
1.2614e-10
1.2614e-10
1.2614e-10
0.00047817
1.2614e-10
0.00097713
0.0010621
1.2614e-10
1.2614e-10
0.00047641
1.2614e-10
0.00077446
0.0014798
1.2614e-10
0.0005506
1.2614e-10
0.00034364
0.00083218
1.2614e-10
0.0006542
0.00045808
0.00051027
0.00031762
0.00043167
0.0003973
1.2614e-10
1.2614e-10
1.2614e-10
0.00023133
1.2614e-10
1.2614e-10
1.2614e-10
1.2614e-10
0.00062304
1.2614e-10
0.00074785
0.0010051
1.2614e-10
0.00032699
0.000396
0.00021487
0.00064521
0.00047165
1.2614e-10
1.2614e-10
0.0012466
1.2614e-10
1.2614e-10
0.001748
1.2614e-10
1.2614e-10
1.2614e-10
1.2614e-10
1.2614e-10
0.0013074
1.2614e-10
1.2614e-10
1.2614e-10
1.2614e-10
0.00038409
0.00028852
0.00039681
0.00046522
0.00070781
0.00020928
1.2614e-10
0.00081243
0.00060993
1.2614e-10
1.2614e-10
1.2614e-10
1.2614e-10
1.2614e-10
1.2614e-10
0.00059632
0.00083268
0.0005981
1.2614e-10
0.00061527
1.2614e-10
1.2614e-10
0.00059767
1.2614e-10
0.0007238
0.0013371
0.00013158
0.0010568
0.0010377
1.2614e-10
1.2614e-10
1.2614e-10
1.2614e-10
1.2614e-10
1.2614e-10
1.2614e-10
0.00024417
0.00058414
1.2614e-10
0.00192
1.2614e-10
1.2614e-10
1.2614e-10
0.00056828
1.2614e-10
1.2614e-10
0.00074915
1.2614e-10
0.00055864
0.00045512
1.2614e-10
1.2614e-10
0.0005855
0.00062491
1.2614e-10
1.2614e-10
0.00033576
0.00047864
1.2614e-10
1.2614e-10
0.00074753
1.2614e-10
1.2614e-10
1.2614e-10
1.2614e-10
1.2614e-10
0.00023867
1.2614e-10
1.2614e-10
1.2614e-10
0.0003618
1.2614e-10
1.2614e-10
1.2614e-10
0.00031783
1.2614e-10
1.2614e-10
1.2614e-10
0.00061644
1.2614e-10
1.2614e-10
1.2614e-10
1.2614e-10
1.2614e-10
0.0013559
1.2614e-10
1.2614e-10
1.2614e-10
0.00024118
1.2614e-10
1.2614e-10
1.2614e-10
0.001284
1.2614e-10
1.2614e-10
1.2614e-10
0.0012453
1.2614e-10
1.2614e-10
1.2614e-10
0.00068431
1.2614e-10
0.00027338
1.2614e-10
1.2614e-10
1.2614e-10
1.2614e-10
0.00095195
1.2614e-10
1.2614e-10
1.2614e-10
0.00036669
1.2614e-10
1.2614e-10
1.2614e-10
0.00058457
1.2614e-10
0.00047513
0.00027958
1.2614e-10
0.0014417
1.2614e-10
0.00062759
1.2614e-10
0.0001929
0.00051025
0.00077981
1.2614e-10
1.2614e-10
0.00038314
0.00052855
0.00045157
1.2614e-10
0.00052218
1.2614e-10
1.2614e-10
1.2614e-10
1.2614e-10
1.2614e-10
1.2614e-10
0.00080017
1.2614e-10
1.2614e-10
1.2614e-10
1.2614e-10
0.00075235
1.2614e-10
0.00040588
1.2614e-10
1.2614e-10
1.2614e-10
0.00074075
1.2614e-10
1.2614e-10
1.2614e-10
1.2614e-10
0.00054627
0.00023599
1.2614e-10
1.2614e-10
0.00035458
0.0007791
1.2614e-10
1.2614e-10
1.2614e-10
1.2614e-10
1.2614e-10
0.00067171
1.2614e-10
1.2614e-10
1.2614e-10
1.2614e-10
0.00082762
0.0012704
0.00075872
1.2614e-10
1.2614e-10
0.0005918
1.2614e-10
1.2614e-10
0.00098385
0.00040059
1.2614e-10
0.000271
0.00047189
1.2614e-10
1.2614e-10
0.00030679
0.0006041
0.00079722
0.00017594
0.0015133
0.0009152
1.2614e-10
1.2614e-10
1.2614e-10
1.2614e-10
0.00059632
0.00052605
1.2614e-10
0.00033384
0.00049504
1.2614e-10
1.2614e-10
0.00023911
0.00052875
1.2614e-10
1.2614e-10
0.00016454
1.2614e-10
0.00089907
1.2614e-10
0.00076229
1.2614e-10
1.2614e-10
0.00058235
0.00063243
1.2614e-10
1.2614e-10
1.2614e-10
1.2614e-10
1.2614e-10
0.00036059
0.00042562
0.00024067
0.00028648
1.2614e-10
0.0004889
1.2614e-10
1.2614e-10
1.2614e-10
1.2614e-10
0.00099251
0.00036238
1.2614e-10
1.2614e-10
0.00023623
1.2614e-10
1.2614e-10
1.2614e-10
1.2614e-10
0.00042488
0.00055683
0.00064212
1.2614e-10
0.0005227
1.2614e-10
1.2614e-10
0.00043929
1.2614e-10
0.00016288
1.2614e-10
1.2614e-10
1.2614e-10
1.2614e-10
1.2614e-10
1.2614e-10
1.2614e-10
0.00053185
1.2614e-10
0.00033049
0.00024398
1.2614e-10
1.2614e-10
1.2614e-10
1.2614e-10
0.00036445
0.00038618
0.00011968
1.2614e-10
1.2614e-10
0.00042602
0.00060746
1.2614e-10
1.2614e-10
1.2614e-10
1.2614e-10
1.2614e-10
1.2614e-10
1.2614e-10
0.00055067
0.00027414
1.2614e-10
0.00073249
1.2614e-10
1.2614e-10
1.2614e-10
1.2614e-10
0.00074395
1.2614e-10
0.00076929
0.00084778
0.00042019
0.00070471
0.0012534
0.00065929
1.2614e-10
1.2614e-10
1.2614e-10
1.2614e-10
1.2614e-10
1.2614e-10
0.00073213
0.00053502
1.2614e-10
1.2614e-10
0.0004419
0.00036908
0.00031046
1.2614e-10
1.2614e-10
1.2614e-10
0.0014267
1.2614e-10
1.2614e-10
0.00076465
1.2614e-10
1.2614e-10
1.2614e-10
0.000446
1.2614e-10
0.00024771
0.00083466
1.2614e-10
0.00017108
0.00042664
0.00057837
0.00032262
1.2614e-10
0.0028052
0.00084497
1.2614e-10
1.2614e-10
1.2614e-10
0.00031423
1.2614e-10
1.2614e-10
0.00030909
0.00041293
0.00014413
0.00026708
1.2614e-10
1.2614e-10
0.00028614
1.2614e-10
1.2614e-10
0.00028695
1.2614e-10
0.00052599
0.00057191
0.0002403
0.00050043
1.2614e-10
1.2614e-10
1.2614e-10
1.2614e-10
1.2614e-10
1.2614e-10
1.2614e-10
1.2614e-10
1.2614e-10
1.2614e-10
0.00059871
0.00044187
1.2614e-10
0.00045062
0.00044616
0.00069075
1.2614e-10
0.00056582
0.00053823
1.2614e-10
0.00038668
1.2614e-10
0.00070097
0.00021037
1.2614e-10
1.2614e-10
0.00098361
1.2614e-10
1.2614e-10
1.2614e-10
1.2614e-10
1.2614e-10
1.2614e-10
0.00033241
1.2614e-10
0.00031984
0.0001928
0.00048933
1.2614e-10
1.2614e-10
1.2614e-10
1.2614e-10
1.2614e-10
0.0004374
1.2614e-10
1.2614e-10
1.2614e-10
0.0011198
0.0016011
1.2614e-10
0.00015341
1.2614e-10
0.00062029
0.0010666
1.2614e-10
0.0014047
1.2614e-10
0.00047204
0.001381
0.0014558
1.2614e-10
0.0004419
0.00040663
0.00031462
1.2614e-10
1.2614e-10
0.00038673
0.00073529
1.2614e-10
1.2614e-10
0.00042619
1.2614e-10
0.00057495
0.00021902
0.00040678
0.00035812
1.2614e-10
1.2614e-10
1.2614e-10
1.2614e-10
1.2614e-10
0.00023704
1.2614e-10
0.0003479
1.2614e-10
1.2614e-10
1.2614e-10
1.2614e-10
0.00040904
1.2614e-10
1.2614e-10
1.2614e-10
0.00026075
0.00025308
1.2614e-10
1.2614e-10
0.00022884
1.2614e-10
1.2614e-10
1.2614e-10
0.0003025
0.00028822
0.00026101
0.00095316
0.0005242
1.2614e-10
1.2614e-10
0.00034897
1.2614e-10
0.0005402
0.00039406
0.00022216
1.2614e-10
1.2614e-10
0.00081514
1.2614e-10
1.2614e-10
1.2614e-10
1.2614e-10
0.00043313
1.2614e-10
0.00039766
0.00042256
1.2614e-10
1.2614e-10
1.2614e-10
1.2614e-10
1.2614e-10
0.00030337
1.2614e-10
0.00057958
0.0018217
1.2614e-10
0.00053684
1.2614e-10
0.00070952
0.00021795
1.2614e-10
0.00073023
1.2614e-10
1.2614e-10
1.2614e-10
1.2614e-10
0.00030593
1.2614e-10
0.0023231
1.2614e-10
0.00029571
0.00037394
1.2614e-10
1.2614e-10
0.0003681
1.2614e-10
0.00025312
0.00038883
1.2614e-10
1.2614e-10
1.2614e-10
1.2614e-10
0.0004634
0.00022354
1.2614e-10
0.00048183
0.00016241
0.00036474
0.00099495
1.2614e-10
1.2614e-10
1.2614e-10
0.00029926
1.2614e-10
1.2614e-10
0.00061508
0.00036058
1.2614e-10
0.00083613
0.00056376
1.2614e-10
1.2614e-10
0.0003552
0.0013301
0.00035956
1.2614e-10
1.2614e-10
1.2614e-10
0.0010124
0.00065889
1.2614e-10
0.00054478
1.2614e-10
1.2614e-10
1.2614e-10
1.2614e-10
0.00040398
1.2614e-10
1.2614e-10
0.00033045
0.00061473
1.2614e-10
1.2614e-10
0.0019229
1.2614e-10
0.00051862
1.2614e-10
1.2614e-10
1.2614e-10
0.00024205
0.00036924
0.00019022
0.0007012
1.2614e-10
1.2614e-10
1.2614e-10
0.00091938
1.2614e-10
0.00082387
1.2614e-10
0.00046951
1.2614e-10
0.00020524
0.00026058
1.2614e-10
0.0003373
1.2614e-10
1.2614e-10
1.2614e-10
1.2614e-10
0.00057391
1.2614e-10
0.00080726
0.00039256
1.2614e-10
1.2614e-10
1.2614e-10
1.2614e-10
1.2614e-10
0.00026223
0.00063424
1.2614e-10
1.2614e-10
0.00082787
0.00040134
1.2614e-10
0.00043458
0.00028727
0.00028029
0.0007172
1.2614e-10
0.00045772
0.00043904
0.0014799
0.0002601
1.2614e-10
0.00044548
0.0010047
0.0010798
1.2614e-10
0.0007957
1.2614e-10
0.00053218
0.00036989
0.00016853
1.2614e-10
0.00053844
0.00027572
1.2614e-10
1.2614e-10
0.00022522
0.00061373
1.2614e-10
1.2614e-10
1.2614e-10
1.2614e-10
0.00053717
0.00027169
0.0014975
0.00035829
1.2614e-10
1.2614e-10
1.2614e-10
1.2614e-10
0.000488
0.00038991
1.2614e-10
0.00042943
1.2614e-10
0.00056877
1.2614e-10
0.00044
0.00046628
0.0009658
1.2614e-10
1.2614e-10
0.00058055
1.2614e-10
1.2614e-10
0.00056668
0.00058005
1.2614e-10
1.2614e-10
1.2614e-10
1.2614e-10
1.2614e-10
0.00066815
0.00049539
1.2614e-10
0.00023648
0.00043178
1.2614e-10
1.2614e-10
0.00033788
1.2614e-10
0.00064275
0.00026089
1.2614e-10
1.2614e-10
1.2614e-10
0.00039069
1.2614e-10
1.2614e-10
0.00021284
0.00022241
1.2614e-10
1.2614e-10
0.00068714
0.00019433
0.0013209
1.2614e-10
0.00090925
0.00074483
1.2614e-10
0.0010027
0.00056256
0.00065283
1.2614e-10
0.00021363
0.00029618
1.2614e-10
1.2614e-10
0.00023946
1.2614e-10
1.2614e-10
1.2614e-10
0.00071944
0.00019302
1.2614e-10
1.2614e-10
0.00066133
0.00066743
0.00050801
1.2614e-10
1.2614e-10
1.2614e-10
0.00029764
1.2614e-10
0.00019479
1.2614e-10
1.2614e-10
1.2614e-10
1.2614e-10
1.2614e-10
1.2614e-10
1.2614e-10
1.2614e-10
0.00033052
1.2614e-10
0.002056
1.2614e-10
0.0002615
0.0024722
1.2614e-10
1.2614e-10
0.00050272
1.2614e-10
0.00021135
0.00027127
0.00032548
1.2614e-10
0.00027913
0.00043191
1.2614e-10
0.00022468
1.2614e-10
1.2614e-10
0.00025574
1.2614e-10
1.2614e-10
1.2614e-10
0.00029769
0.0013716
1.2614e-10
1.2614e-10
0.00085854
1.2614e-10
1.2614e-10
1.2614e-10
0.00022265
1.2614e-10
1.2614e-10
0.00044097
0.00081547
1.2614e-10
1.2614e-10
1.2614e-10
0.00020465
1.2614e-10
0.00049463
1.2614e-10
1.2614e-10
1.2614e-10
0.000233
0.00039084
1.2614e-10
1.2614e-10
1.2614e-10
1.2614e-10
0.00023747
0.00055453
1.2614e-10
0.00026361
0.001717
0.0010586
1.2614e-10
0.0008102
0.00046887
1.2614e-10
0.00015078
1.2614e-10
1.2614e-10
0.00040845
1.2614e-10
1.2614e-10
0.00083553
1.2614e-10
1.2614e-10
1.2614e-10
1.2614e-10
0.00022862
1.2614e-10
0.0017778
1.2614e-10
1.2614e-10
1.2614e-10
1.2614e-10
0.00041162
1.2614e-10
1.2614e-10
1.2614e-10
1.2614e-10
0.00011509
1.2614e-10
1.2614e-10
1.2614e-10
1.2614e-10
1.2614e-10
1.2614e-10
1.2614e-10
1.2614e-10
1.2614e-10
1.2614e-10
1.2614e-10
1.2614e-10
1.2614e-10
1.2614e-10
1.2614e-10
0.00037164
1.2614e-10
1.2614e-10
1.2614e-10
0.00065898
0.0015945
1.2614e-10
1.2614e-10
0.0003103
0.0002597
1.2614e-10
0.00033754
0.00019179
0.00053171
1.2614e-10
0.00024664
1.2614e-10
0.00032696
1.2614e-10
1.2614e-10
0.00055191
0.0003417
1.2614e-10
1.2614e-10
1.2614e-10
1.2614e-10
1.2614e-10
0.00022609
0.00034736
1.2614e-10
1.2614e-10
1.2614e-10
0.00064326
0.0002981
1.2614e-10
0.00069884
0.00030077
0.00026053
0.00029284
0.00051133
0.00011836
1.2614e-10
1.2614e-10
1.2614e-10
0.00017298
1.2614e-10
1.2614e-10
0.00047754
1.2614e-10
0.0001824
1.2614e-10
1.2614e-10
1.2614e-10
1.2614e-10
0.00027116
0.00036252
0.00051914
1.2614e-10
1.2614e-10
1.2614e-10
0.00045218
0.00014938
1.2614e-10
1.2614e-10
1.2614e-10
1.2614e-10
0.0023247
1.2614e-10
0.00016417
1.2614e-10
0.00065656
1.2614e-10
0.00029043
1.2614e-10
0.00035704
0.00029641
0.00031715
0.0002593
0.00077425
1.2614e-10
1.2614e-10
1.2614e-10
0.00087452
0.00019203
0.00067514
0.0001309
1.2614e-10
1.2614e-10
0.0004568
1.2614e-10
0.00023915
1.2614e-10
1.2614e-10
1.2614e-10
1.2614e-10
0.00056377
1.2614e-10
0.0002238
0.00033746
0.00045394
0.00020037
1.2614e-10
1.2614e-10
1.2614e-10
0.00043779
0.0027789
0.00010731
1.2614e-10
1.2614e-10
1.2614e-10
1.2614e-10
1.2614e-10
1.2614e-10
1.2614e-10
1.2614e-10
1.2614e-10
0.00068962
1.2614e-10
1.2614e-10
0.00071548
0.00019847
0.00057063
1.2614e-10
1.2614e-10
1.2614e-10
1.2614e-10
0.00023097
1.2614e-10
1.2614e-10
1.2614e-10
0.00065972
1.2614e-10
1.2614e-10
0.0006513
0.0013422
0.0003151
1.2614e-10
0.00046168
1.2614e-10
1.2614e-10
0.00026796
1.2614e-10
0.00035389
1.2614e-10
1.2614e-10
0.00040884
1.2614e-10
1.2614e-10
1.2614e-10
0.00031595
0.00026727
1.2614e-10
0.00026733
0.00066815
0.00045834
1.2614e-10
1.2614e-10
0.00024798
0.00017543
1.2614e-10
1.2614e-10
0.00056075
1.2614e-10
1.2614e-10
0.00037149
0.00041599
1.2614e-10
1.2614e-10
0.00074715
0.0011671
0.00078524
1.2614e-10
1.2614e-10
0.0002228
1.2614e-10
1.2614e-10
1.2614e-10
1.2614e-10
1.2614e-10
0.00041249
0.0013206
1.2614e-10
1.2614e-10
0.00019754
0.00031358
0.00016456
1.2614e-10
0.00030611
1.2614e-10
1.2614e-10
0.00053345
1.2614e-10
0.00029151
0.00025149
1.2614e-10
1.2614e-10
0.0001927
1.2614e-10
1.2614e-10
0.00022642
0.0012436
1.2614e-10
1.2614e-10
0.0003986
0.00044902
0.00035734
1.2614e-10
1.2614e-10
0.00034328
0.00068467
0.00017661
1.2614e-10
1.2614e-10
1.2614e-10
0.00011548
0.00027238
1.2614e-10
0.00038028
0.00044298
1.2614e-10
0.00021273
1.2614e-10
1.2614e-10
1.2614e-10
1.2614e-10
1.2614e-10
0.00048741
1.2614e-10
1.2614e-10
1.2614e-10
0.000429
0.00022986
1.2614e-10
1.2614e-10
0.00010294
0.0006564
1.2614e-10
0.00047356
1.2614e-10
0.00042135
1.2614e-10
1.2614e-10
0.00061975
0.00087993
1.2614e-10
0.00028165
1.2614e-10
1.2614e-10
0.00022412
1.2614e-10
0.00045324
1.2614e-10
0.0002724
0.00062964
1.2614e-10
1.2614e-10
0.00030883
0.0002435
0.00043765
0.0002084
1.2614e-10
1.2614e-10
1.2614e-10
0.00089834
0.00053718
1.2614e-10
1.2614e-10
1.2614e-10
1.2614e-10
0.00032011
1.2614e-10
0.0006426
1.2614e-10
1.2614e-10
0.00027743
0.00031445
1.2614e-10
0.00039628
0.00022569
0.00020241
0.00027493
0.00065781
0.00032697
0.00054341
1.2614e-10
1.2614e-10
0.00021696
1.2614e-10
1.2614e-10
1.2614e-10
1.2614e-10
1.2614e-10
1.2614e-10
0.00028346
1.2614e-10
0.00024543
0.00012292
1.2614e-10
0.0016632
0.00023064
1.2614e-10
0.00031174
1.2614e-10
0.0006768
1.2614e-10
0.00023362
0.00035951
1.2614e-10
1.2614e-10
0.00027944
0.00021078
1.2614e-10
1.2614e-10
1.2614e-10
0.00017528
1.2614e-10
1.2614e-10
1.2614e-10
0.00094867
1.2614e-10
1.2614e-10
1.2614e-10
0.00031369
1.2614e-10
1.2614e-10
1.2614e-10
1.2614e-10
1.2614e-10
1.2614e-10
1.2614e-10
1.2614e-10
1.2614e-10
0.00037605
0.00046587
0.00044118
0.00037304
0.00070608
1.2614e-10
1.2614e-10
0.00033808
1.2614e-10
0.00019587
1.2614e-10
1.2614e-10
1.2614e-10
1.2614e-10
0.00015373
1.2614e-10
1.2614e-10
0.00041257
1.2614e-10
0.00051487
0.00071459
1.2614e-10
0.0012932
1.2614e-10
1.2614e-10
0.00056626
1.2614e-10
1.2614e-10
0.00042914
1.2614e-10
1.2614e-10
0.0003712
0.00025213
0.00075765
1.2614e-10
0.00037368
1.2614e-10
1.2614e-10
1.2614e-10
0.00037096
0.00054485
1.2614e-10
0.00015929
1.2614e-10
1.2614e-10
0.00031825
1.2614e-10
0.00028254
0.00013681
0.00080062
0.00048897
1.2614e-10
1.2614e-10
0.00021803
0.00030653
0.00031795
1.2614e-10
0.00018669
1.2614e-10
0.00039664
1.2614e-10
0.00029313
1.2614e-10
1.2614e-10
1.2614e-10
0.00019088
0.00021734
0.00034112
1.2614e-10
0.00078345
1.2614e-10
1.2614e-10
1.2614e-10
0.00074388
1.2614e-10
0.00055729
0.00032139
1.2614e-10
1.2614e-10
1.2614e-10
0.000123
1.2614e-10
1.2614e-10
1.2614e-10
1.2614e-10
0.00022523
1.2614e-10
0.0002702
0.0002226
0.00091938
0.00025288
1.2614e-10
0.00049688
0.00036334
1.2614e-10
1.2614e-10
1.2614e-10
1.2614e-10
1.2614e-10
1.2614e-10
1.2614e-10
0.00019854
0.00027339
1.2614e-10
1.2614e-10
0.00015704
1.2614e-10
1.2614e-10
0.00061342
0.00079783
1.2614e-10
1.2614e-10
1.2614e-10
1.2614e-10
0.00050148
1.2614e-10
0.00039213
0.00063273
1.2614e-10
0.00018114
1.2614e-10
0.00063147
1.2614e-10
0.00019143
0.00020136
0.00019539
0.00045124
1.2614e-10
1.2614e-10
0.00016927
0.00029994
0.00044384
0.00086581
1.2614e-10
1.2614e-10
0.00043085
1.2614e-10
0.00014502
1.2614e-10
1.2614e-10
0.00041999
0.0010885
1.2614e-10
1.2614e-10
0.00022034
1.2614e-10
0.00016261
1.2614e-10
0.00064369
0.0004217
0.00026729
0.00066084
1.2614e-10
0.00025814
1.2614e-10
0.00017196
1.2614e-10
0.0013252
0.00026729
0.00048978
1.2614e-10
1.2614e-10
0.00052792
1.2614e-10
0.00016504
1.2614e-10
1.2614e-10
0.00043322
1.2614e-10
1.2614e-10
0.00069125
1.2614e-10
0.00022163
1.2614e-10
0.00040926
1.2614e-10
0.00030141
0.00014185
1.2614e-10
1.2614e-10
1.2614e-10
0.00027543
1.2614e-10
1.2614e-10
0.00071758
1.2614e-10
1.2614e-10
0.00031647
1.2614e-10
0.000658
0.00083006
1.2614e-10
0.00053402
1.2614e-10
1.2614e-10
1.2614e-10
1.2614e-10
1.2614e-10
0.0017478
1.2614e-10
0.00087552
1.2614e-10
1.2614e-10
0.0010314
0.00039383
1.2614e-10
0.00029426
0.0008102
0.00027195
0.00066117
0.00054356
1.2614e-10
1.2614e-10
1.2614e-10
1.2614e-10
1.2614e-10
1.2614e-10
0.00032791
1.2614e-10
1.2614e-10
0.00075339
1.2614e-10
0.00023313
0.00021909
0.00025949
1.2614e-10
0.00080098
0.00031802
0.00022771
1.2614e-10
1.2614e-10
1.2614e-10
0.00030309
1.2614e-10
1.2614e-10
0.00022413
1.2614e-10
0.00030738
1.2614e-10
1.2614e-10
1.2614e-10
0.00037813
1.2614e-10
0.00046583
0.00083825
1.2614e-10
1.2614e-10
1.2614e-10
0.00055584
1.2614e-10
0.0013966
0.00029356
1.2614e-10
1.2614e-10
0.00030083
0.0005727
1.2614e-10
1.2614e-10
1.2614e-10
1.2614e-10
1.2614e-10
0.00019335
0.00018365
1.2614e-10
1.2614e-10
1.2614e-10
0.0003422
1.2614e-10
1.2614e-10
1.2614e-10
0.00026232
1.2614e-10
0.00021673
1.2614e-10
0.00021435
1.2614e-10
0.00049605
0.00013613
1.2614e-10
0.0002065
0.00052233
1.2614e-10
1.2614e-10
1.2614e-10
0.00038807
1.2614e-10
0.00060668
1.2614e-10
0.00020128
0.00046647
1.2614e-10
0.00028451
0.0006241
0.00023468
0.00025717
0.00029006
0.00064319
1.2614e-10
1.2614e-10
1.2614e-10
1.2614e-10
1.2614e-10
1.2614e-10
1.2614e-10
1.2614e-10
1.2614e-10
0.00040663
1.2614e-10
0.00104
1.2614e-10
1.2614e-10
0.00016626
1.2614e-10
1.2614e-10
1.2614e-10
0.00017293
1.2614e-10
1.2614e-10
1.2614e-10
0.00044185
0.0023837
1.2614e-10
1.2614e-10
0.0017183
1.2614e-10
0.00036718
0.00023994
0.00054744
1.2614e-10
0.00023078
1.2614e-10
0.00034657
0.00025446
1.2614e-10
1.2614e-10
1.2614e-10
0.00035254
1.2614e-10
1.2614e-10
1.2614e-10
1.2614e-10
0.001013
1.2614e-10
1.2614e-10
0.00034353
0.00035276
1.2614e-10
1.2614e-10
0.00042574
0.00028562
1.2614e-10
1.2614e-10
1.2614e-10
1.2614e-10
0.00037919
1.2614e-10
1.2614e-10
1.2614e-10
1.2614e-10
0.00073627
0.0002627
0.00030141
1.2614e-10
1.2614e-10
0.0014555
1.2614e-10
0.00038327
0.0002525
0.00022379
0.00094196
0.00045849
1.2614e-10
0.00059588
1.2614e-10
0.00038178
1.2614e-10
0.00037308
0.00037642
0.00060113
1.2614e-10
1.2614e-10
1.2614e-10
1.2614e-10
1.2614e-10
1.2614e-10
1.2614e-10
0.00086061
1.2614e-10
0.00035262
0.00024929
1.2614e-10
0.0003075
1.2614e-10
1.2614e-10
0.00021511
0.00020469
0.00028375
0.00065332
1.2614e-10
0.00030384
1.2614e-10
0.00043413
0.00046809
1.2614e-10
1.2614e-10
0.0017666
0.00032726
1.2614e-10
1.2614e-10
0.00065758
0.00046641
1.2614e-10
0.00048393
1.2614e-10
0.00062806
1.2614e-10
0.00043908
0.00043006
1.2614e-10
1.2614e-10
1.2614e-10
1.2614e-10
0.00057211
1.2614e-10
1.2614e-10
0.0003673
0.00053038
1.2614e-10
0.0004793
1.2614e-10
0.00025708
0.00025823
0.00017923
0.00027482
0.00075128
1.2614e-10
0.00024313
1.2614e-10
1.2614e-10
0.00034667
0.00011362
0.0005346
0.00072759
1.2614e-10
1.2614e-10
1.2614e-10
1.2614e-10
1.2614e-10
1.2614e-10
0.00027896
0.00020136
0.00020493
0.00043331
0.00064592
0.00082041
0.00026493
0.00086935
1.2614e-10
1.2614e-10
1.2614e-10
1.2614e-10
0.00090127
0.0013799
0.00030733
1.2614e-10
1.2614e-10
0.00046907
1.2614e-10
0.0002576
0.00037407
1.2614e-10
0.00046403
1.2614e-10
0.00028647
1.2614e-10
1.2614e-10
1.2614e-10
0.00056783
0.00035075
0.00050225
1.2614e-10
1.2614e-10
0.00030861
0.00065798
1.2614e-10
1.2614e-10
0.00074993
1.2614e-10
1.2614e-10
1.2614e-10
1.2614e-10
0.00058409
0.00025665
0.00032019
0.00034474
0.00024726
1.2614e-10
1.2614e-10
0.0014481
0.00047225
1.2614e-10
0.00031413
0.00024465
0.00025824
1.2614e-10
1.2614e-10
1.2614e-10
0.00097451
0.00079297
1.2614e-10
1.2614e-10
1.2614e-10
1.2614e-10
0.00068061
1.2614e-10
0.00026656
1.2614e-10
0.00041232
1.2614e-10
0.00023115
0.00040565
1.2614e-10
0.00013253
0.00052239
1.2614e-10
1.2614e-10
1.2614e-10
0.00027721
0.00025554
1.2614e-10
1.2614e-10
0.00091
0.00031877
0.0003069
0.0018754
1.2614e-10
1.2614e-10
1.2614e-10
1.2614e-10
1.2614e-10
0.00043918
0.00028728
1.2614e-10
0.00034426
1.2614e-10
1.2614e-10
0.00031291
1.2614e-10
0.00028327
0.00036282
0.00022887
1.2614e-10
0.00046623
1.2614e-10
1.2614e-10
1.2614e-10
1.2614e-10
1.2614e-10
1.2614e-10
1.2614e-10
1.2614e-10
0.0016016
0.0003144
0.00095254
0.00018656
1.2614e-10
1.2614e-10
1.2614e-10
1.2614e-10
0.00036043
0.00043901
1.2614e-10
0.00045594
0.00055894
1.2614e-10
1.2614e-10
0.00080586
1.2614e-10
0.00017369
1.2614e-10
1.2614e-10
1.2614e-10
1.2614e-10
1.2614e-10
0.00041079
0.00031557
1.2614e-10
0.00079584
1.2614e-10
0.00026533
1.2614e-10
0.0019376
0.00034213
1.2614e-10
0.00020923
0.00040355
0.00056288
1.2614e-10
1.2614e-10
1.2614e-10
0.00024269
1.2614e-10
1.2614e-10
0.0004174
0.00087025
0.00040971
1.2614e-10
0.0019423
1.2614e-10
1.2614e-10
0.00026975
1.2614e-10
0.00011618
1.2614e-10
0.00021776
0.00022129
1.2614e-10
1.2614e-10
0.00070621
1.2614e-10
1.2614e-10
0.0003586
1.2614e-10
0.00015108
0.00071042
0.00074379
1.2614e-10
1.2614e-10
0.00041463
1.2614e-10
1.2614e-10
0.00016991
0.00064897
1.2614e-10
0.00055578
1.2614e-10
0.00028208
0.0003486
0.00016818
1.2614e-10
1.2614e-10
0.00050253
1.2614e-10
0.001258
0.0013145
1.2614e-10
0.00029357
0.00015546
1.2614e-10
1.2614e-10
1.2614e-10
1.2614e-10
0.00024971
1.2614e-10
0.00056451
1.2614e-10
0.00037044
1.2614e-10
0.00026157
0.00060875
0.00016301
1.2614e-10
1.2614e-10
1.2614e-10
0.00057792
1.2614e-10
0.00022047
1.2614e-10
0.00040363
1.2614e-10
0.00015639
0.00038634
1.2614e-10
1.2614e-10
0.00033381
1.2614e-10
1.2614e-10
0.00037675
1.2614e-10
0.000248
0.00049374
1.2614e-10
1.2614e-10
1.2614e-10
0.00025882
0.00078675
1.2614e-10
0.00034579
1.2614e-10
1.2614e-10
0.00049734
0.00071927
0.00085894
0.00036297
1.2614e-10
0.0010715
1.2614e-10
1.2614e-10
1.2614e-10
1.2614e-10
0.00050322
0.00018255
0.00029996
0.00027114
1.2614e-10
1.2614e-10
1.2614e-10
1.2614e-10
0.0005142
0.00062434
1.2614e-10
0.00021892
0.00079241
1.2614e-10
0.00033181
1.2614e-10
0.0007895
1.2614e-10
1.2614e-10
1.2614e-10
0.00028696
1.2614e-10
0.00030184
0.00024111
1.2614e-10
1.2614e-10
1.2614e-10
1.2614e-10
1.2614e-10
1.2614e-10
1.2614e-10
1.2614e-10
1.2614e-10
0.0010935
1.2614e-10
1.2614e-10
1.2614e-10
0.00037172
1.2614e-10
1.2614e-10
1.2614e-10
0.00042301
0.00035618
0.00019894
1.2614e-10
1.2614e-10
1.2614e-10
1.2614e-10
1.2614e-10
0.00066449
1.2614e-10
0.00078084
1.2614e-10
0.0012435
1.2614e-10
1.2614e-10
0.00050207
1.2614e-10
0.00046597
0.0013052
1.2614e-10
0.0004172
0.0011613
1.2614e-10
0.00054047
1.2614e-10
1.2614e-10
0.00059568
1.2614e-10
1.2614e-10
0.00033433
1.2614e-10
0.00020625
0.0015553
0.00034842
1.2614e-10
1.2614e-10
1.2614e-10
0.00026632
1.2614e-10
0.00048813
1.2614e-10
0.00014277
0.00017825
0.00055021
1.2614e-10
1.2614e-10
1.2614e-10
1.2614e-10
0.0019211
1.2614e-10
1.2614e-10
0.00053432
0.0015855
0.00018506
1.2614e-10
1.2614e-10
0.0003316
1.2614e-10
0.00014486
0.00049048
0.00030897
1.2614e-10
1.2614e-10
1.2614e-10
0.00089495
1.2614e-10
0.00043614
1.2614e-10
1.2614e-10
1.2614e-10
1.2614e-10
0.00023032
0.00046805
0.00044179
1.2614e-10
1.2614e-10
0.00057432
1.2614e-10
0.00033102
1.2614e-10
1.2614e-10
0.00043883
1.2614e-10
0.0009116
1.2614e-10
1.2614e-10
1.2614e-10
1.2614e-10
0.00056974
1.2614e-10
0.00055519
1.2614e-10
0.00036383
1.2614e-10
1.2614e-10
1.2614e-10
1.2614e-10
1.2614e-10
0.00062974
1.2614e-10
0.00010963
1.2614e-10
1.2614e-10
1.2614e-10
0.0007285
0.001317
1.2614e-10
1.2614e-10
1.2614e-10
1.2614e-10
1.2614e-10
0.00026863
0.0002524
0.00042677
1.2614e-10
0.00021867
1.2614e-10
0.0003445
1.2614e-10
0.0014739
0.00068531
1.2614e-10
1.2614e-10
1.2614e-10
0.0012039
0.00038453
0.00060976
0.00082045
0.00098057
0.00068708
1.2614e-10
1.2614e-10
1.2614e-10
1.2614e-10
1.2614e-10
0.00018143
1.2614e-10
0.00021435
0.00014205
1.2614e-10
1.2614e-10
0.00034305
0.00018537
0.00053063
0.00057778
0.00033403
1.2614e-10
1.2614e-10
1.2614e-10
0.00031181
0.00052927
1.2614e-10
0.00018001
1.2614e-10
0.00087792
0.00024549
1.2614e-10
0.00024818
1.2614e-10
0.00034237
1.2614e-10
1.2614e-10
0.00030406
0.00039736
0.00022309
1.2614e-10
1.2614e-10
1.2614e-10
1.2614e-10
0.00035104
0.0014509
0.00035242
0.00029607
0.00040145
1.2614e-10
1.2614e-10
1.2614e-10
0.0004376
1.2614e-10
1.2614e-10
1.2614e-10
1.2614e-10
1.2614e-10
0.00085299
0.00026669
0.00029412
1.2614e-10
1.2614e-10
1.2614e-10
0.00043084
0.00028765
1.2614e-10
0.00027666
0.00012253
1.2614e-10
0.00013409
1.2614e-10
0.00072119
0.0038455
1.2614e-10
1.2614e-10
1.2614e-10
0.0010149
1.2614e-10
0.0002243
0.001122
1.2614e-10
0.0012729
1.2614e-10
1.2614e-10
1.2614e-10
0.0010308
0.00058156
1.2614e-10
0.0003978
1.2614e-10
0.00040662
0.00028823
1.2614e-10
1.2614e-10
0.00031428
0.00058314
0.00047979
0.00063181
1.2614e-10
1.2614e-10
1.2614e-10
1.2614e-10
1.2614e-10
1.2614e-10
1.2614e-10
1.2614e-10
1.2614e-10
0.00017662
0.00050275
1.2614e-10
0.00016301
0.00035072
1.2614e-10
1.2614e-10
1.2614e-10
1.2614e-10
1.2614e-10
0.00090161
0.00032446
1.2614e-10
0.00055242
1.2614e-10
1.2614e-10
0.00017103
0.00083754
1.2614e-10
1.2614e-10
1.2614e-10
1.2614e-10
1.2614e-10
1.2614e-10
1.2614e-10
0.00063301
0.00057563
1.2614e-10
0.00026962
1.2614e-10
0.00012558
1.2614e-10
0.00038013
0.0020372
1.2614e-10
0.00030229
0.0012466
0.00027501
1.2614e-10
1.2614e-10
0.00049694
1.2614e-10
0.00024381
0.00075139
1.2614e-10
0.00056524
0.00082919
0.00086914
1.2614e-10
1.2614e-10
0.00051219
1.2614e-10
1.2614e-10
0.00043123
1.2614e-10
0.00029377
0.00078144
0.00038439
1.2614e-10
1.2614e-10
0.00039805
0.00053339
1.2614e-10
0.00031641
0.00022682
0.00026869
0.00059787
1.2614e-10
1.2614e-10
1.2614e-10
1.2614e-10
1.2614e-10
0.00061066
1.2614e-10
0.00026668
0.0014414
0.00019869
1.2614e-10
1.2614e-10
0.00032737
0.00033962
0.00083398
0.00019382
0.00046838
1.2614e-10
0.0002154
1.2614e-10
1.2614e-10
1.2614e-10
1.2614e-10
1.2614e-10
0.00062996
0.00034807
1.2614e-10
0.00042252
1.2614e-10
0.00096713
1.2614e-10
0.00029028
1.2614e-10
0.00036336
0.0012465
0.0010504
1.2614e-10
1.2614e-10
1.2614e-10
1.2614e-10
1.2614e-10
1.2614e-10
1.2614e-10
0.00046648
0.00012662
1.2614e-10
1.2614e-10
1.2614e-10
0.00037484
1.2614e-10
1.2614e-10
1.2614e-10
1.2614e-10
0.00024394
0.00027349
1.2614e-10
0.00058393
1.2614e-10
1.2614e-10
1.2614e-10
1.2614e-10
0.00021383
1.2614e-10
0.00076056
0.00045811
0.00030759
1.2614e-10
0.0004366
0.0015608
0.00059979
0.0002813
0.00071578
1.2614e-10
0.00018827
1.2614e-10
1.2614e-10
0.00047408
1.2614e-10
0.00021846
1.2614e-10
0.00084561
0.00044179
0.00060278
0.00034705
0.00038393
1.2614e-10
0.00033826
1.2614e-10
0.00026807
0.0010569
0.00072657
0.00018777
0.00058636
0.00026112
0.00045048
1.2614e-10
1.2614e-10
0.00044238
1.2614e-10
1.2614e-10
1.2614e-10
1.2614e-10
1.2614e-10
1.2614e-10
1.2614e-10
1.2614e-10
1.2614e-10
1.2614e-10
1.2614e-10
0.00075668
1.2614e-10
0.00047097
0.001078
0.00056555
1.2614e-10
1.2614e-10
0.0010006
0.00027243
1.2614e-10
0.00038917
1.2614e-10
0.00023439
0.00036699
1.2614e-10
0.00070693
1.2614e-10
0.00089837
0.00034361
1.2614e-10
0.001051
1.2614e-10
1.2614e-10
0.00042441
1.2614e-10
1.2614e-10
1.2614e-10
0.000692
1.2614e-10
0.00068723
1.2614e-10
1.2614e-10
0.00013952
0.00043241
1.2614e-10
1.2614e-10
1.2614e-10
1.2614e-10
1.2614e-10
0.00043043
1.2614e-10
1.2614e-10
0.0020619
0.0003616
1.2614e-10
1.2614e-10
0.0012072
0.00082582
0.00057973
1.2614e-10
1.2614e-10
1.2614e-10
0.00050372
0.00043915
1.2614e-10
1.2614e-10
0.00022626
1.2614e-10
1.2614e-10
1.2614e-10
1.2614e-10
0.00027741
0.00044417
1.2614e-10
1.2614e-10
1.2614e-10
1.2614e-10
0.00037053
0.00034134
1.2614e-10
1.2614e-10
1.2614e-10
0.00030394
0.00083114
1.2614e-10
1.2614e-10
1.2614e-10
1.2614e-10
1.2614e-10
0.00052957
1.2614e-10
1.2614e-10
0.00077715
0.00056234
0.00024758
0.00050315
1.2614e-10
1.2614e-10
1.2614e-10
0.00027697
1.2614e-10
0.00027854
0.00053955
0.00027339
1.2614e-10
0.00084363
1.2614e-10
0.000462
1.2614e-10
1.2614e-10
0.00023725
0.00035597
1.2614e-10
0.0003797
0.0005432
1.2614e-10
0.0005906
0.00036101
1.2614e-10
0.00034947
0.0003655
1.2614e-10
1.2614e-10
1.2614e-10
0.00027053
1.2614e-10
0.00056598
0.00042193
1.2614e-10
0.00022598
1.2614e-10
1.2614e-10
1.2614e-10
1.2614e-10
0.00034619
1.2614e-10
1.2614e-10
1.2614e-10
1.2614e-10
1.2614e-10
1.2614e-10
1.2614e-10
0.00047574
1.2614e-10
1.2614e-10
1.2614e-10
1.2614e-10
1.2614e-10
1.2614e-10
1.2614e-10
1.2614e-10
1.2614e-10
0.0019052
1.2614e-10
1.2614e-10
0.00034762
0.00022885
0.00015526
1.2614e-10
1.2614e-10
0.0012491
1.2614e-10
0.00028234
1.2614e-10
1.2614e-10
1.2614e-10
1.2614e-10
1.2614e-10
0.00041533
0.00038092
1.2614e-10
1.2614e-10
1.2614e-10
1.2614e-10
0.0013265
0.00055366
1.2614e-10
0.0011001
1.2614e-10
0.00056545
0.00065786
1.2614e-10
0.00078892
1.2614e-10
0.00052773
0.00063408
0.00029409
0.00044335
1.2614e-10
0.00060498
1.2614e-10
0.00090096
1.2614e-10
1.2614e-10
1.2614e-10
1.2614e-10
1.2614e-10
0.00033159
0.00054627
1.2614e-10
1.2614e-10
0.00052225
0.00029631
0.00017275
0.0011925
1.2614e-10
1.2614e-10
0.00068893
1.2614e-10
1.2614e-10
1.2614e-10
1.2614e-10
0.00060855
0.00058097
0.00017229
0.00025713
0.00047979
0.00065182
0.00015805
1.2614e-10
0.00029462
1.2614e-10
1.2614e-10
0.00019345
0.0010505
1.2614e-10
0.00020883
1.2614e-10
1.2614e-10
1.2614e-10
0.0010149
1.2614e-10
0.00054527
1.2614e-10
0.00099611
1.2614e-10
0.00058566
0.00046988
1.2614e-10
1.2614e-10
0.00028958
0.00060012
1.2614e-10
0.00045403
0.00033785
1.2614e-10
1.2614e-10
0.00021771
0.00083155
1.2614e-10
1.2614e-10
1.2614e-10
1.2614e-10
1.2614e-10
0.00072557
0.00063905
1.2614e-10
0.00027242
1.2614e-10
0.00033305
1.2614e-10
0.00060603
0.00032158
0.00044823
1.2614e-10
1.2614e-10
0.00039072
0.00032904
1.2614e-10
1.2614e-10
1.2614e-10
0.00068212
1.2614e-10
0.00029405
1.2614e-10
0.00024439
0.00037095
1.2614e-10
0.00036857
1.2614e-10
1.2614e-10
0.00029091
1.2614e-10
1.2614e-10
0.00034263
0.00043718
0.0003579
0.00020713
0.00054623
1.2614e-10
1.2614e-10
0.00040046
1.2614e-10
1.2614e-10
1.2614e-10
0.00070134
1.2614e-10
1.2614e-10
0.00018013
0.00073251
1.2614e-10
1.2614e-10
1.2614e-10
0.00022727
1.2614e-10
0.00050566
1.2614e-10
1.2614e-10
1.2614e-10
0.0010047
0.00024694
1.2614e-10
1.2614e-10
0.0006251
0.0012325
0.00031293
0.00023621
1.2614e-10
0.00027926
1.2614e-10
1.2614e-10
0.00042916
0.00038888
0.00028987
0.00072575
1.2614e-10
1.2614e-10
1.2614e-10
0.00069786
1.2614e-10
1.2614e-10
0.00025891
0.00017004
0.001132
1.2614e-10
1.2614e-10
0.00032822
1.2614e-10
0.00093905
1.2614e-10
0.00050367
0.00114
0.0005389
1.2614e-10
0.00060256
1.2614e-10
0.00041602
1.2614e-10
1.2614e-10
0.0003267
1.2614e-10
1.2614e-10
1.2614e-10
1.2614e-10
0.00015746
1.2614e-10
0.00038811
1.2614e-10
1.2614e-10
0.00050425
1.2614e-10
1.2614e-10
1.2614e-10
0.00021759
1.2614e-10
0.00097498
1.2614e-10
1.2614e-10
1.2614e-10
0.00034824
1.2614e-10
1.2614e-10
1.2614e-10
1.2614e-10
0.0010571
0.00025583
0.00049066
0.00090345
0.00035691
0.00045527
0.00060436
1.2614e-10
0.00057639
1.2614e-10
1.2614e-10
0.00051047
1.2614e-10
1.2614e-10
0.00047709
1.2614e-10
1.2614e-10
1.2614e-10
1.2614e-10
0.00066521
0.00027203
0.00073384
0.00024144
1.2614e-10
1.2614e-10
1.2614e-10
1.2614e-10
0.00024907
1.2614e-10
0.00025164
0.00059092
0.00083194
0.00082166
1.2614e-10
1.2614e-10
1.2614e-10
1.2614e-10
1.2614e-10
1.2614e-10
0.00035004
1.2614e-10
0.0013309
0.00042885
0.00091916
0.00028706
1.2614e-10
1.2614e-10
0.00035349
1.2614e-10
1.2614e-10
0.00017855
0.00022679
0.00041937
1.2614e-10
0.00033994
0.0013873
0.00061188
0.00071078
0.00016385
0.00042508
1.2614e-10
1.2614e-10
1.2614e-10
0.00043204
1.2614e-10
0.00038855
0.0015994
1.2614e-10
1.2614e-10
0.00052695
1.2614e-10
1.2614e-10
1.2614e-10
0.00018576
1.2614e-10
1.2614e-10
1.2614e-10
1.2614e-10
1.2614e-10
1.2614e-10
1.2614e-10
1.2614e-10
1.2614e-10
1.2614e-10
0.00065201
1.2614e-10
0.00035897
0.00027477
0.00039145
0.00094852
1.2614e-10
0.00027675
1.2614e-10
1.2614e-10
1.2614e-10
1.2614e-10
1.2614e-10
1.2614e-10
0.0011145
0.00079417
1.2614e-10
1.2614e-10
1.2614e-10
0.00029665
1.2614e-10
1.2614e-10
0.00023347
0.00074601
1.2614e-10
1.2614e-10
1.2614e-10
0.00021342
0.00096
0.00075944
0.00057845
0.00075128
0.00032906
1.2614e-10
0.0002174
1.2614e-10
0.00025516
1.2614e-10
1.2614e-10
1.2614e-10
0.00029503
0.00034139
0.00094485
1.2614e-10
1.2614e-10
1.2614e-10
0.00029367
1.2614e-10
0.00056969
1.2614e-10
0.0011361
1.2614e-10
1.2614e-10
0.00017832
0.00028888
0.00057024
1.2614e-10
0.00035656
1.2614e-10
1.2614e-10
0.00045398
1.2614e-10
0.00027034
1.2614e-10
1.2614e-10
1.2614e-10
0.0011943
1.2614e-10
1.2614e-10
0.00027885
1.2614e-10
1.2614e-10
0.00053998
1.2614e-10
0.0003857
0.00033332
0.0011111
1.2614e-10
0.0002036
0.0011213
0.00019911
0.00048651
1.2614e-10
0.00083174
0.00055558
0.0015216
1.2614e-10
1.2614e-10
0.00048744
1.2614e-10
1.2614e-10
0.00069771
1.2614e-10
1.2614e-10
0.00027748
1.2614e-10
1.2614e-10
1.2614e-10
1.2614e-10
1.2614e-10
1.2614e-10
1.2614e-10
0.00031043
0.00041255
0.00049413
1.2614e-10
0.00024247
1.2614e-10
0.0010083
0.00064478
0.00030442
1.2614e-10
1.2614e-10
1.2614e-10
1.2614e-10
1.2614e-10
1.2614e-10
0.0017034
0.00065753
1.2614e-10
1.2614e-10
0.00029508
1.2614e-10
1.2614e-10
0.00037013
1.2614e-10
1.2614e-10
1.2614e-10
1.2614e-10
1.2614e-10
0.0013467
1.2614e-10
0.00039639
0.00063381
1.2614e-10
1.2614e-10
1.2614e-10
1.2614e-10
1.2614e-10
0.00028005
1.2614e-10
0.00021667
1.2614e-10
0.00018093
1.2614e-10
1.2614e-10
0.00069081
1.2614e-10
0.00045799
0.0006717
0.00058286
1.2614e-10
1.2614e-10
0.00023193
1.2614e-10
0.0012216
1.2614e-10
0.00033747
0.0004582
0.0004059
0.00060317
0.00044713
1.2614e-10
0.00078884
0.00043472
1.2614e-10
1.2614e-10
0.00040933
0.00064942
0.00024723
0.0034109
1.2614e-10
1.2614e-10
1.2614e-10
1.2614e-10
1.2614e-10
1.2614e-10
0.00022098
1.2614e-10
1.2614e-10
0.00077531
0.00067408
0.00029874
0.0007249
1.2614e-10
1.2614e-10
1.2614e-10
1.2614e-10
1.2614e-10
1.2614e-10
0.0013174
0.00016756
0.00059974
0.0017309
1.2614e-10
0.00040256
0.00040895
1.2614e-10
1.2614e-10
1.2614e-10
0.00025133
1.2614e-10
1.2614e-10
1.2614e-10
1.2614e-10
0.00022964
1.2614e-10
1.2614e-10
1.2614e-10
1.2614e-10
0.0004851
1.2614e-10
1.2614e-10
0.00061978
0.0001776
1.2614e-10
1.2614e-10
1.2614e-10
1.2614e-10
0.00059424
1.2614e-10
1.2614e-10
0.00052226
0.00037884
0.00027981
1.2614e-10
0.0012668
1.2614e-10
1.2614e-10
1.2614e-10
0.0013923
1.2614e-10
0.0002487
1.2614e-10
1.2614e-10
1.2614e-10
1.2614e-10
0.00029295
0.0013012
0.00029564
1.2614e-10
0.00033243
0.00043456
0.00067699
1.2614e-10
0.00020591
1.2614e-10
1.2614e-10
0.00051193
1.2614e-10
1.2614e-10
1.2614e-10
1.2614e-10
1.2614e-10
1.2614e-10
1.2614e-10
0.001362
0.0003156
0.00049305
1.2614e-10
0.0017249
0.00028133
0.00020384
1.2614e-10
0.00044255
1.2614e-10
0.0011383
1.2614e-10
1.2614e-10
1.2614e-10
0.00027378
1.2614e-10
1.2614e-10
0.0018398
1.2614e-10
1.2614e-10
1.2614e-10
1.2614e-10
0.0009454
1.2614e-10
0.00024815
1.2614e-10
1.2614e-10
1.2614e-10
1.2614e-10
1.2614e-10
1.2614e-10
1.2614e-10
1.2614e-10
1.2614e-10
0.00019444
1.2614e-10
1.2614e-10
0.00020112
1.2614e-10
1.2614e-10
0.00058584
1.2614e-10
1.2614e-10
1.2614e-10
0.00044512
0.00048816
0.00034877
0.0004378
0.0018775
0.00020956
0.0002751
1.2614e-10
1.2614e-10
1.2614e-10
1.2614e-10
0.00013629
0.00069778
0.00018824
1.2614e-10
1.2614e-10
1.2614e-10
0.00019342
0.00036629
1.2614e-10
1.2614e-10
1.2614e-10
1.2614e-10
0.0004215
0.00031232
1.2614e-10
0.00032936
1.2614e-10
0.00029092
0.00035807
1.2614e-10
1.2614e-10
0.00043371
0.00034951
1.2614e-10
1.2614e-10
1.2614e-10
0.001113
0.00049486
0.00052827
1.2614e-10
0.00061273
0.00037995
1.2614e-10
1.2614e-10
0.0010633
0.00049158
1.2614e-10
1.2614e-10
1.2614e-10
0.00035645
0.00022808
0.00021292
1.2614e-10
1.2614e-10
1.2614e-10
1.2614e-10
0.00056927
0.00023561
1.2614e-10
0.00025591
0.00027122
1.2614e-10
1.2614e-10
1.2614e-10
1.2614e-10
0.00088774
0.00094428
0.00039061
0.00038699
1.2614e-10
0.00050865
1.2614e-10
1.2614e-10
0.00056751
0.00050871
1.2614e-10
0.000471
1.2614e-10
0.00051652
0.00089516
0.00065306
0.00096385
1.2614e-10
0.00065008
1.2614e-10
1.2614e-10
0.00019513
1.2614e-10
0.00020736
0.00046032
1.2614e-10
0.00023701
0.00030368
0.00032987
1.2614e-10
0.00074003
0.0010356
0.000956
0.0011301
1.2614e-10
1.2614e-10
1.2614e-10
0.00023298
0.00046679
1.2614e-10
0.00023133
1.2614e-10
0.00031872
0.00079513
0.00029783
1.2614e-10
1.2614e-10
0.0011582
0.00085985
1.2614e-10
0.00029871
1.2614e-10
1.2614e-10
0.00012216
1.2614e-10
0.00031516
1.2614e-10
1.2614e-10
0.00032063
1.2614e-10
0.00072039
0.00042786
1.2614e-10
0.00048377
0.00021644
1.2614e-10
1.2614e-10
0.00037507
1.2614e-10
0.00022476
1.2614e-10
0.0012199
1.2614e-10
0.0003701
0.00047877
1.2614e-10
0.00057823
0.00011835
1.2614e-10
1.2614e-10
0.0005557
0.00062169
0.00033476
0.0001895
0.00044959
0.00055383
0.00045744
1.2614e-10
1.2614e-10
1.2614e-10
0.0010954
1.2614e-10
0.00083379
0.00027996
0.00041386
1.2614e-10
0.00053288
0.00029536
1.2614e-10
0.00049301
1.2614e-10
0.00021894
1.2614e-10
1.2614e-10
0.00033187
0.00025602
1.2614e-10
0.0010618
1.2614e-10
1.2614e-10
1.2614e-10
1.2614e-10
1.2614e-10
0.00061283
1.2614e-10
0.00032774
1.2614e-10
0.00058522
1.2614e-10
1.2614e-10
1.2614e-10
1.2614e-10
1.2614e-10
1.2614e-10
0.00036078
0.00015863
1.2614e-10
1.2614e-10
1.2614e-10
0.00022057
1.2614e-10
0.00078804
1.2614e-10
0.0015603
0.00029696
1.2614e-10
1.2614e-10
1.2614e-10
1.2614e-10
1.2614e-10
1.2614e-10
1.2614e-10
0.00059816
0.00070267
0.00034021
1.2614e-10
1.2614e-10
0.00033309
0.00021918
0.00020294
1.2614e-10
0.001176
1.2614e-10
1.2614e-10
1.2614e-10
0.00061198
1.2614e-10
0.0004733
0.00090947
0.00027807
0.00057719
0.00019765
0.00037748
1.2614e-10
0.00013937
1.2614e-10
1.2614e-10
1.2614e-10
1.2614e-10
1.2614e-10
0.00020937
1.2614e-10
0.00035653
1.2614e-10
0.00018735
0.00036641
0.0011917
1.2614e-10
1.2614e-10
0.00040619
1.2614e-10
1.2614e-10
0.00036811
1.2614e-10
0.00081685
0.00027942
0.00041202
1.2614e-10
0.00018562
1.2614e-10
0.00026554
0.0011012
0.00086996
1.2614e-10
0.0010649
0.0003731
0.00025467
1.2614e-10
1.2614e-10
0.00025428
0.00034613
1.2614e-10
0.00040937
1.2614e-10
0.0003747
1.2614e-10
0.00025189
1.2614e-10
0.00040966
0.00097443
1.2614e-10
1.2614e-10
1.2614e-10
0.0002994
1.2614e-10
0.00092291
0.00027628
0.00021373
0.00047251
1.2614e-10
1.2614e-10
1.2614e-10
0.00027201
0.0010702
1.2614e-10
1.2614e-10
0.0034733
1.2614e-10
0.0005111
0.00049614
0.000373
1.2614e-10
1.2614e-10
1.2614e-10
1.2614e-10
0.00026278
1.2614e-10
1.2614e-10
0.00064349
1.2614e-10
0.00036457
1.2614e-10
1.2614e-10
1.2614e-10
1.2614e-10
0.00019852
0.00092945
1.2614e-10
0.0004812
1.2614e-10
1.2614e-10
1.2614e-10
0.00057391
0.00069475
1.2614e-10
0.00073666
1.2614e-10
0.00036108
0.0005573
0.00034105
1.2614e-10
1.2614e-10
1.2614e-10
1.2614e-10
1.2614e-10
1.2614e-10
1.2614e-10
1.2614e-10
1.2614e-10
0.00040346
1.2614e-10
0.00056268
0.00053769
1.2614e-10
1.2614e-10
1.2614e-10
1.2614e-10
0.00074819
1.2614e-10
0.00039829
0.001018
0.00059549
1.2614e-10
1.2614e-10
0.00014608
1.2614e-10
1.2614e-10
0.00035612
1.2614e-10
0.00072513
1.2614e-10
0.00034715
0.00045473
0.00060598
0.00066567
1.2614e-10
1.2614e-10
1.2614e-10
1.2614e-10
1.2614e-10
0.00051739
0.00035207
1.2614e-10
1.2614e-10
0.0015066
1.2614e-10
1.2614e-10
0.0013224
1.2614e-10
1.2614e-10
1.2614e-10
1.2614e-10
0.00031533
0.00054118
1.2614e-10
1.2614e-10
0.00034933
1.2614e-10
1.2614e-10
1.2614e-10
1.2614e-10
1.2614e-10
1.2614e-10
1.2614e-10
1.2614e-10
1.2614e-10
0.0017843
0.00023679
1.2614e-10
0.00019486
1.2614e-10
1.2614e-10
1.2614e-10
0.00055691
0.00050853
0.00035087
0.00072045
0.00042568
0.00051777
1.2614e-10
0.00042806
0.0004258
0.0009994
1.2614e-10
1.2614e-10
1.2614e-10
1.2614e-10
0.00026432
0.00032415
0.00031249
0.00060874
1.2614e-10
0.00034004
1.2614e-10
1.2614e-10
0.00021808
1.2614e-10
0.00046603
0.00029706
1.2614e-10
1.2614e-10
1.2614e-10
0.0001138
0.00023573
1.2614e-10
1.2614e-10
1.2614e-10
1.2614e-10
1.2614e-10
1.2614e-10
1.2614e-10
1.2614e-10
0.00020087
1.2614e-10
1.2614e-10
1.2614e-10
1.2614e-10
1.2614e-10
1.2614e-10
1.2614e-10
1.2614e-10
0.00086319
0.00065114
1.2614e-10
0.00041695
1.2614e-10
1.2614e-10
1.2614e-10
1.2614e-10
8.3898e-05
0.00050968
0.00023315
0.00089847
1.2614e-10
0.00065947
0.00098108
0.00053292
1.2614e-10
1.2614e-10
0.00080311
0.00089765
1.2614e-10
1.2614e-10
1.2614e-10
0.0001391
0.00021969
1.2614e-10
1.2614e-10
1.2614e-10
0.00034557
1.2614e-10
1.2614e-10
1.2614e-10
1.2614e-10
0.00047014
1.2614e-10
0.00028842
0.00035886
0.001155
0.00064208
1.2614e-10
1.2614e-10
1.2614e-10
1.2614e-10
0.00062787
1.2614e-10
1.2614e-10
0.00039753
1.2614e-10
0.00074221
0.00035991
1.2614e-10
1.2614e-10
0.00087882
0.00039138
1.2614e-10
0.00022393
0.00077256
1.2614e-10
0.00038678
0.0024467
0.0012959
0.00017199
1.2614e-10
0.00041608
1.2614e-10
0.0018589
0.0002164
0.00022265
0.00011844
0.00031712
1.2614e-10
0.00040455
1.2614e-10
1.2614e-10
1.2614e-10
0.00059686
1.2614e-10
0.0014405
0.00043126
0.0012138
1.2614e-10
0.001737
1.2614e-10
0.00045007
0.00064365
1.2614e-10
1.2614e-10
1.2614e-10
0.00047242
1.2614e-10
0.00034278
1.2614e-10
0.00089814
0.00052041
0.00023254
1.2614e-10
0.00043398
