1.0626e-08
1.8131e-08
2.4996e-14
1.604e-30
4.8154e-09
2.6297e-09
8.2414e-31
4.8839e-54
1.0792e-19
6.1215e-54
5.9854e-54
5.0591e-09
1.0079e-79
0.0010798
4.8727e-48
1.0483e-36
1.1542e-41
3.8011e-30
3.9886e-20
6.353e-25
5.7605e-48
2.7159e-66
9.6579e-49
0.00084718
2.7777e-66
1.1974e-19
3.0868e-36
3.9722e-09
0.002245
1.0079e-79
1.7495e-72
8.1382e-20
6.5543e-42
0.002859
4.9367e-54
5.3683e-42
9.778e-20
5.7611e-09
2.945e-09
0.0018893
9.0048e-73
1.8778e-14
1.8464e-42
0.0039258
8.496e-31
1.2951e-08
2.7235e-66
1.0079e-79
8.2029e-20
3.0721e-25
2.8189e-20
1.4077e-30
1.7365e-36
0.0011202
2.2572e-19
9.1948e-09
7.9174e-14
2.9943e-48
8.9473e-42
2.161e-48
1.0022e-53
1.0079e-79
3.453e-14
1.7406e-08
2.079e-25
1.3842e-72
7.0882e-20
2.8861e-36
5.3668e-54
2.7173e-42
2.3885e-19
1.3581e-36
2.4482e-48
1.0079e-79
0.0049131
0.002749
1.0381e-19
1.0123e-30
2.678e-60
1.8888e-14
4.5695e-25
4.9423e-66
7.8486e-19
1.0405e-30
9.8468e-09
3.1459e-14
1.0369e-30
5.9074e-48
2.8159e-25
6.372e-48
5.3498e-31
4.3618e-25
1.092e-08
5.5203e-14
1.5098e-14
2.8635e-25
3.96e-48
0.0010857
1.0079e-79
1.0079e-79
1.1294e-66
0.0020644
3.8565e-42
5.2225e-20
3.679e-48
1.5141e-72
5.835e-09
1.7235e-60
1.486e-30
4.5609e-60
1.8725e-36
4.576e-09
5.6127e-25
8.0001e-09
8.9104e-31
1.187e-36
1.4216e-14
1.4882e-36
5.2292e-25
5.6959e-54
8.8431e-31
4.309e-48
2.3798e-36
3.4182e-25
1.6313e-41
1.7099e-66
0.0011109
3.4565e-25
7.7962e-09
3.5307e-42
2.5177e-60
1.2107e-19
4.0072e-14
5.6856e-09
5.0659e-20
4.506e-14
5.5829e-09
1.3461e-14
1.9836e-60
2.0411e-19
0.00076672
1.0079e-79
0.0014049
9.4294e-20
1.0079e-79
6.1543e-20
7.6925e-09
2.9161e-42
7.3023e-20
2.4689e-36
0.00096813
0.0012142
2.1586e-42
8.9987e-31
1.9026e-14
0.0019719
3.4279e-54
1.0079e-79
1.0185e-53
6.3669e-37
0.0015761
1.0079e-79
5.8632e-09
0.0012086
3.794e-60
9.4828e-20
9.2359e-31
3.9142e-25
2.5159e-25
1.9478e-48
6.2201e-25
8.3759e-67
2.1641e-14
0.0011844
3.727e-09
7.6268e-25
5.719e-14
9.0403e-20
1.2529e-72
3.0151e-14
9.4551e-20
7.08e-48
5.1573e-54
0.00077683
4.8462e-48
7.3722e-09
1.2912e-19
2.6345e-14
1.0079e-79
2.17e-47
3.3656e-14
1.213e-30
1.9883e-14
1.7581e-14
4.9857e-60
5.4166e-25
2.4089e-14
3.0407e-54
4.8806e-14
1.0079e-79
0.0023611
7.1524e-25
4.9308e-09
8.3133e-20
4.8627e-25
1.4789e-60
1.3713e-41
2.1513e-19
3.8711e-09
0.00070141
5.7087e-73
3.4716e-14
8.5843e-14
1.7173e-19
5.2702e-09
4.2651e-36
8.8852e-73
1.6845e-09
2.6578e-14
2.9435e-20
1.0079e-79
1.0079e-79
1.0079e-79
3.5853e-14
3.3229e-09
2.3608e-14
1.3569e-24
1.0079e-79
5.5162e-20
3.8488e-14
3.5121e-25
2.2991e-19
9.2071e-48
9.7144e-15
3.8113e-09
1.53e-24
2.6252e-25
1.3724e-60
3.8793e-25
1.0079e-79
1.2378e-30
1.9894e-60
6.927e-20
1.2272e-19
2.5743e-30
0.00077983
1.4935e-19
6.296e-54
1.1366e-47
4.3588e-14
7.4646e-25
6.4501e-54
3.1112e-20
5.3139e-14
1.5175e-36
1.0079e-79
1.0718e-19
5.1099e-42
0.0022062
0.0013925
5.3478e-14
7.0005e-73
6.2519e-60
1.0406e-19
1.1875e-24
1.0192e-08
1.8063e-36
2.1985e-14
1.0079e-79
4.8388e-48
2.4264e-66
8.2871e-09
7.194e-25
4.3639e-42
3.8307e-48
6.0907e-09
1.1948e-30
4.8206e-20
3.4472e-09
1.0079e-79
6.7078e-31
7.5642e-20
3.7374e-48
1.0079e-79
4.4116e-73
7.9544e-08
2.022e-36
3.6156e-14
2.3081e-36
6.217e-48
7.1868e-25
4.7148e-31
3.3268e-42
2.0865e-42
1.0079e-79
7.7079e-09
6.3731e-73
1.0079e-79
3.4077e-25
4.9095e-54
2.5328e-14
2.8559e-60
4.8009e-14
4.1756e-19
1.8051e-19
1.0079e-79
1.0848e-66
2.9698e-36
3.0403e-66
8.1289e-09
9.6019e-48
5.7821e-48
4.4256e-73
1.1034e-08
1.0079e-79
3.3895e-48
8.6341e-73
8.9761e-54
1.7581e-14
9.5393e-20
2.8152e-66
2.5196e-14
2.5119e-53
9.0048e-54
1.0079e-79
1.8635e-19
1.0079e-79
0.0010336
9.7934e-54
3.7712e-25
3.9923e-19
8.933e-09
4.0314e-42
6.3001e-31
0.0030309
2.2534e-60
5.6702e-36
9.3837e-25
0.0012736
6.2288e-31
9.2857e-08
1.2781e-19
1.0079e-79
9.3293e-48
2.4592e-36
7.9138e-09
3.227e-25
1.1112e-24
3.2326e-60
7.3511e-09
1.2181e-41
3.273e-48
2.0867e-09
4.4148e-60
2.5813e-48
1.0079e-79
5.1922e-31
1.4211e-08
1.2158e-19
4.1841e-25
1.0079e-79
1.0079e-79
1.0079e-79
1.7287e-30
6.1841e-48
1.0249e-30
9.814e-73
1.6801e-36
2.6626e-19
1.9513e-08
0.0028018
6.772e-25
1.256e-25
4.6016e-48
3.7333e-54
2.1864e-08
5.4535e-42
2.8831e-25
8.2003e-09
8.4118e-37
9.7755e-31
1.2075e-30
5.2666e-48
0.0010766
8.1536e-30
0.00096663
5.0988e-54
1.2611e-08
3.6867e-14
4.3058e-20
5.9238e-20
3.6049e-20
1.4353e-19
1.8818e-60
4.3362e-36
1.0079e-79
2.5059e-48
4.193e-42
0.0022181
7.2079e-37
3.0168e-09
1.0079e-79
1.0481e-30
4.7825e-25
5.4869e-48
4.9697e-48
6.8675e-09
2.4466e-42
8.0874e-54
2.9354e-09
1.1615e-24
0.0030407
2.3158e-42
2.8796e-14
5.4443e-25
1.0966e-72
1.474e-41
2.1915e-66
1.0079e-79
4.0432e-14
2.8749e-42
1.1586e-72
7.3183e-20
5.0011e-14
4.833e-48
0.0022063
2.2666e-48
3.8053e-72
0.0016126
6.5918e-60
3.5288e-36
0.0007612
1.4632e-36
3.2333e-08
6.0131e-42
2.1413e-30
4.1311e-25
7.3655e-31
1.5436e-19
7.7583e-20
1.5561e-30
7.1658e-54
3.1465e-25
3.5909e-25
9.2225e-09
1.0079e-79
1.7567e-25
8.8883e-20
4.0051e-20
2.8021e-54
1.0317e-13
0.00091222
1.1439e-66
4.1311e-20
1.0079e-79
3.916e-09
7.02e-20
1.1913e-53
1.9954e-08
1.0079e-79
1.7118e-30
4.9164e-09
1.0224e-19
4.2046e-42
0.00090236
3.8598e-48
0.0018257
1.1194e-08
1.0079e-79
0.001598
9.4679e-14
4.6146e-66
7.8702e-48
5.9284e-25
2.4005e-42
2.6026e-36
5.8139e-20
2.3605e-48
2.6882e-54
5.5634e-20
9.4284e-20
5.7929e-31
4.6511e-54
1.792e-14
5.7677e-31
3.1442e-42
7.6879e-25
1.9116e-14
1.2136e-14
3.6635e-48
6.2842e-09
1.0079e-79
2.4933e-14
1.0079e-79
7.9446e-20
1.8524e-60
8.0997e-73
4.5848e-14
1.494e-36
9.7981e-36
0.0024712
3.9304e-09
2.1444e-54
0.0014103
6.5887e-19
1.1854e-72
7.0893e-42
1.851e-66
1.0079e-79
2.0718e-66
1.0079e-79
1.0079e-79
3.0147e-14
2.7122e-30
9.2908e-48
1.9984e-09
4.4816e-42
2.2887e-36
5.8365e-09
1.4661e-48
4.6411e-20
1.0079e-79
1.0079e-79
2.6896e-42
2.0864e-19
8.8534e-31
2.4026e-36
1.0079e-79
5.4571e-42
1.6911e-14
0.0015422
5.5747e-14
4.432e-09
1.2145e-66
0.0010566
1.2591e-25
1.4131e-30
1.0079e-79
8.7317e-09
2.078e-14
1.1829e-30
2.5649e-14
3.4256e-54
3.25e-31
8.6208e-48
1.1414e-36
2.628e-09
1.1183e-59
1.0079e-79
1.0124e-53
1.0157e-36
1.9987e-42
4.1216e-60
3.7731e-09
0.002823
6.6873e-31
1.5638e-48
2.1818e-66
1.5966e-14
1.681e-36
7.0934e-54
3.8079e-36
0.0019716
2.7951e-36
1.0079e-79
0.0036225
4.8784e-09
1.0079e-79
5.9428e-60
1.0079e-79
8.9684e-37
0.00078399
0.0015983
1.0079e-79
5.8694e-20
3.1187e-42
3.7833e-25
2.6154e-14
9.1902e-20
2.6336e-14
9.2908e-73
5.5126e-09
4.6553e-20
0.0017509
2.1133e-14
3.6203e-60
4.899e-13
6.0737e-09
2.8091e-42
2.477e-19
1.0079e-79
4.8659e-09
5.8175e-09
4.3223e-14
2.3524e-36
6.1749e-20
4.9532e-54
2.8873e-36
0.0010533
4.0628e-36
2.6459e-25
8.7928e-20
6.6205e-54
9.4823e-15
2.2636e-25
4.6488e-20
3.6247e-36
2.7298e-42
6.7494e-09
3.0621e-48
1.85e-14
2.4233e-54
4.7076e-54
4.7107e-60
1.5991e-14
4.2883e-09
0.00069715
3.7165e-42
9.4803e-54
3.2005e-48
4.8234e-48
1.0079e-79
2.0965e-42
4.257e-14
5.7795e-20
1.0707e-36
9.0495e-09
1.1447e-08
0.00087142
4.8757e-09
2.3202e-19
2.0967e-66
1.0798e-19
2.4654e-54
0.00075784
1.6165e-72
1.6712e-25
1.6618e-48
0.0053863
1.5717e-66
1.6874e-54
1.0079e-79
1.2959e-30
2.3664e-09
6.7807e-20
8.475e-20
7.748e-09
1.0079e-79
1.0079e-79
3.4842e-48
5.4843e-42
8.5571e-48
2.031e-54
1.0079e-79
5.93e-31
1.8945e-14
4.797e-09
0.00097078
5.9633e-54
1.8092e-30
1.1278e-30
9.2913e-15
2.5661e-42
4.5941e-66
0.0025321
1.9167e-66
8.726e-31
0.0013352
3.4819e-25
7.7459e-09
2.8926e-25
1.1944e-30
2.2793e-14
5.0194e-25
1.568e-60
5.8062e-09
8.6521e-31
0.0008371
4.1001e-09
0.0004784
2.4682e-36
4.1132e-42
1.4953e-25
2.3555e-66
1.6976e-19
8.112e-54
1.0079e-79
4.6381e-31
8.4524e-20
0.0015391
1.9308e-36
2.2031e-25
5.8714e-42
4.7776e-42
1.8681e-66
4.5921e-60
1.8029e-14
2.9319e-42
8.3528e-20
1.9809e-36
1.0697e-14
5.9336e-09
8.4878e-31
9.8843e-20
3.3268e-25
1.0503e-30
2.3671e-36
7.539e-20
1.948e-42
0.0012164
4.8658e-31
8.0488e-42
2.8473e-14
1.0079e-79
1.0079e-79
3.9967e-14
2.2868e-14
5.3657e-31
5.7775e-20
2.2041e-14
3.3387e-20
1.025e-36
2.3891e-60
1.0079e-79
5.6029e-60
6.5589e-15
9.9146e-73
9.1548e-20
1.0079e-79
0.0013723
6.0727e-31
2.9077e-14
6.8623e-15
0.00061735
0.00096651
2.5438e-42
4.1688e-42
5.4504e-20
2.5675e-42
5.7195e-31
5.7154e-08
4.2802e-60
0.0018346
5.1099e-31
1.0554e-19
2.6189e-36
5.1557e-25
1.0079e-79
4.3072e-09
7.4605e-31
2.2499e-25
2.4131e-66
6.9527e-25
5.3262e-09
7.5709e-09
3.2814e-42
1.0925e-30
4.9083e-36
2.4468e-14
1.0079e-79
3.9444e-25
2.493e-09
1.5943e-36
1.3267e-47
6.5158e-48
2.8003e-14
2.9328e-19
2.6864e-36
1.7347e-19
8.2583e-31
0.00083613
0.00034728
1.6787e-25
0.0029068
0.0014926
3.4656e-25
1.3773e-19
2.5394e-14
5.5516e-48
2.7426e-60
2.7624e-14
1.0079e-79
1.5491e-30
1.7922e-25
4.0076e-60
0.00079206
1.9648e-48
1.1181e-14
1.1458e-14
2.1892e-66
2.1042e-25
5.8566e-20
4.8312e-09
3.4588e-42
1.5581e-19
0.0068536
5.0109e-09
1.5837e-48
7.2551e-31
8.3831e-20
4.9213e-31
1.0079e-79
1.2004e-14
1.3317e-14
4.4009e-60
0.00094513
2.0332e-54
4.7953e-48
8.7753e-37
4.5992e-14
9.0136e-37
1.0079e-79
2.9543e-48
0.0013877
0.0037243
7.3835e-20
6.1502e-37
1.1896e-30
0.0011248
2.0839e-14
4.2453e-42
6.1348e-09
3.5705e-20
2.4889e-66
0.0005501
5.1013e-48
1.4261e-42
3.0182e-19
7.9421e-31
2.2984e-20
0.0014371
1.0273e-14
2.8228e-14
1.9091e-14
2.9087e-60
7.173e-31
1.0079e-79
3.3046e-09
0.0019042
1.0079e-79
3.8481e-20
1.6639e-54
1.0739e-08
0.0016947
1.0704e-72
2.7377e-48
2.0054e-36
1.0079e-79
1.1598e-30
2.5747e-25
1.0079e-79
6.295e-20
5.7369e-09
1.4538e-36
1.0079e-79
2.3009e-36
1.6271e-08
1.8794e-25
0.0016963
5.3621e-20
4.1393e-72
1.1964e-36
9.0269e-09
8.1413e-31
0.001221
7.8635e-15
0.00040194
2.7503e-72
1.2517e-72
4.3872e-31
1.0495e-14
4.1058e-20
2.1679e-09
3.0449e-31
4.4288e-37
0.00076125
1.3811e-25
2.8015e-54
5.3976e-54
1.1423e-60
1.5951e-14
1.3078e-66
1.6905e-09
1.0044e-19
7.5103e-31
1.3194e-36
9.9274e-15
0.00080586
3.8316e-42
2.165e-14
0.0011044
5.7169e-14
4.1872e-20
3.6296e-36
6.3987e-31
5.167e-42
2.5066e-14
6.1862e-20
5.076e-54
2.1346e-14
1.1282e-19
4.2286e-54
9.7354e-73
2.074e-14
7.3886e-60
0.0020565
4.8113e-20
7.27e-73
0.00046564
5.8062e-54
6.085e-25
4.6006e-31
4.7731e-09
2.3861e-14
5.0462e-14
9.8499e-09
0.00062067
3.7282e-09
2.4825e-09
2.6122e-14
1.0999e-60
6.3315e-20
3.8805e-42
1.0079e-79
1.2842e-09
5.7272e-14
1.4873e-14
4.9867e-14
1.0393e-36
0.0016671
2.6073e-66
2.509e-09
5.5624e-09
2.3593e-09
2.504e-09
9.7667e-37
0.0013099
4.825e-42
8.3934e-42
5.3596e-36
1.2291e-36
2.3643e-14
4.3039e-20
9.3498e-09
0.0050768
8.0997e-20
1.4583e-60
2.7482e-09
1.0079e-79
1.9514e-14
2.172e-72
0.00086355
3.2814e-60
6.8197e-31
4.59e-54
1.5543e-60
2.6522e-25
3.0982e-14
2.5373e-25
2.8772e-25
2.8933e-31
2.3228e-20
4.9885e-25
2.7191e-09
3.8028e-09
1.7507e-14
2.5075e-20
6.0686e-31
1.5232e-25
1.4261e-54
0.0031649
4.7318e-31
1.225e-14
3.2079e-48
7.1036e-09
3.0959e-72
1.9743e-25
1.635e-25
0.00069013
7.9739e-09
2.3731e-42
0.0010021
4.1693e-14
1.0079e-79
1.0079e-79
0.0005313
3.41e-48
4.9322e-25
5.1125e-31
4.1109e-25
1.8165e-14
1.0079e-79
2.198e-25
1.0079e-79
1.3258e-36
0.00080257
2.3216e-25
3.0775e-20
4.4202e-73
0.0013632
5.7241e-20
0.0025362
0.0010923
1.8007e-66
3.4942e-31
6.2334e-14
2.0345e-14
3.0986e-54
0.00057915
1.7667e-14
2.9765e-31
4.6493e-20
0.0015488
3.8268e-60
2.6773e-48
1.0079e-79
3.5556e-25
1.0079e-79
1.8606e-60
1.3299e-36
2.6219e-14
1.7179e-13
5.6055e-42
1.2792e-08
1.3403e-30
5.5552e-20
5.4427e-25
0.00074741
4.5884e-09
8.9771e-37
7.1699e-09
2.0553e-48
1.8846e-19
0.0029099
6.9763e-48
0.0019151
2.2732e-48
3.5211e-09
1.4268e-42
9.3627e-15
3.1433e-31
2.7573e-36
5.5357e-09
8.6839e-37
1.6688e-30
0.0022333
1.7632e-09
2.4854e-30
0.00099315
0.0020023
0.0018788
3.1549e-31
0.0012685
1.5075e-14
1.6097e-14
2.0051e-14
1.0801e-30
2.1657e-25
7.3439e-73
3.1202e-25
6.2308e-25
1.382e-72
2.1588e-14
3.6763e-14
6.6898e-31
1.0945e-14
3.6632e-20
1.0079e-79
3.0845e-14
3.5821e-48
2.5766e-31
7.4153e-15
8.7302e-09
1.8982e-14
8.685e-37
1.657e-72
3.9521e-42
0.0066504
0.00045231
1.2621e-30
7.6504e-37
5.0002e-25
6.9168e-20
2.2441e-14
0.0019876
1.1315e-19
1.637e-25
0.00089258
1.0079e-79
3.5998e-31
2.1984e-30
1.8602e-14
1.7631e-36
1.3276e-14
0.00099682
4.3825e-48
9.1075e-43
2.3263e-25
4.7978e-20
0.0016073
2.6175e-60
8.5294e-14
1.1284e-30
1.7248e-09
9.7503e-15
4.8904e-31
6.83e-09
3.7651e-20
4.895e-20
9.299e-09
1.9784e-25
1.0079e-79
3.4156e-48
2.3838e-42
0.00051866
6.1656e-54
5.8206e-09
3.0196e-54
1.0413e-41
1.086e-19
4.1063e-42
4.6278e-54
2.8377e-31
3.667e-09
1.9713e-66
3.353e-66
3.4644e-66
1.7462e-08
0.00063365
0.0010299
6.2391e-20
7.5262e-42
3.3528e-54
1.0079e-79
3.3854e-48
6.6698e-31
3.3775e-42
1.1692e-72
3.1024e-72
4.2907e-14
0.00070007
0.00090343
9.7164e-31
1.6105e-60
4.5811e-73
2.4608e-09
2.6084e-09
2.0655e-09
2.3429e-09
0.0017944
2.1192e-36
4.8634e-48
7.0513e-31
1.6034e-36
6.6549e-09
3.5294e-09
1.7503e-14
8.7635e-31
1.0106e-36
7.7449e-37
0.00048169
4.8935e-09
1.2339e-14
0.00086141
1.0079e-79
1.2164e-08
2.7726e-54
2.7726e-14
6.1626e-37
1.0399e-25
5.9315e-25
2.3163e-20
1.812e-42
1.6603e-42
4.0937e-31
0.00078245
4.4383e-31
1.5469e-47
1.0805e-14
7.2685e-20
0.00061735
8.1736e-31
4.7941e-09
0.0023547
7.7249e-37
1.8431e-66
1.5025e-19
0.0010544
8.8308e-20
7.3367e-09
1.0079e-79
3.6651e-25
0.00034659
1.0066e-25
8.2645e-15
2.1185e-14
9.834e-09
5.3585e-20
1.1392e-36
1.1546e-48
1.4916e-36
0.0025533
3.4644e-60
0.00096002
2.5445e-54
1.6744e-36
1.1e-48
3.9925e-48
6.638e-37
4.8722e-09
4.7313e-31
4.2479e-25
8.1685e-31
2.8401e-14
6.907e-37
5.1578e-09
1.0079e-79
4.1572e-48
1.2596e-36
4.6365e-09
1.2896e-14
4.8976e-31
1.3759e-08
0.0007033
3.0854e-48
3.007e-09
0.00081447
7.1863e-60
1.3545e-36
1.2813e-08
0.0016893
2.3296e-14
2.5384e-25
6.926e-20
2.997e-14
0.0010467
1.0079e-79
2.4898e-60
1.8095e-60
1.2844e-66
6.7412e-20
0.0019459
2.5308e-25
4.1204e-73
0.00071354
2.9735e-25
6.5759e-15
6.8603e-73
1.0079e-79
0.00059884
7.4528e-15
1.4142e-19
3.0452e-14
6.0583e-09
4.8355e-42
9.0377e-47
1.4074e-14
1.0079e-79
1.509e-19
3.0278e-09
1.0479e-36
1.4648e-14
9.0849e-31
1.3064e-60
1.5188e-48
1.7676e-09
1.8904e-14
1.4989e-14
2.3671e-14
8.648e-15
3.5142e-14
3.7851e-60
6.5979e-09
3.7142e-20
1.5616e-14
8.859e-48
0.0012065
3.9781e-20
0.00048631
8.2486e-37
2.0459e-36
1.9764e-14
0.00051688
4.2486e-20
5.6984e-37
6.6472e-20
0.0011781
7.3414e-37
2.9583e-09
8.0961e-15
4.8706e-20
8.5438e-61
1.9882e-73
6.8839e-09
0.0016064
1.0909e-36
1.0079e-79
9.623e-15
2.6745e-30
1.0079e-79
1.0079e-79
3.4435e-37
2.6251e-09
9.6096e-31
1.0372e-36
0.0009299
2.3524e-36
1.6538e-19
4.4586e-20
2.1839e-36
2.0884e-25
6.3027e-31
0.0014983
5.4556e-37
1.1251e-19
7.3573e-31
1.8565e-60
2.7826e-48
0.001574
1.9219e-14
7.1735e-20
2.9273e-42
4.9527e-20
1.2396e-14
1.2e-14
1.0096e-24
5.4474e-15
9.9511e-09
4.8446e-25
8.6362e-15
5.5341e-66
1.0387e-08
2.6064e-60
8.5043e-54
0.0005752
4.3769e-31
6.0255e-09
3.6891e-20
6.446e-09
1.7955e-14
0.0024213
1.7942e-42
2.8693e-25
1.376e-42
6.6108e-20
1.8813e-19
3.753e-25
4.1183e-31
2.448e-14
1.172e-66
5.473e-09
7.4379e-36
1.0013e-36
2.3661e-25
2.6145e-09
3.9849e-09
4.0588e-25
8.2665e-31
2.8331e-66
2.5813e-36
1.4499e-53
7.6879e-67
5.0852e-14
2.9008e-09
7.6022e-15
1.0079e-79
1.3464e-14
1.0079e-79
4.1018e-42
1.3628e-14
0.00042874
0.0013457
0.0025953
9.1563e-67
8.5109e-48
1.0079e-79
5.8288e-48
7.8152e-37
2.095e-30
0.0011752
2.7749e-73
1.3982e-25
2.8668e-20
0.00067769
3.6458e-31
4.217e-42
1.116e-14
3.4419e-54
3.0328e-09
2.6427e-09
7.7855e-73
1.9552e-09
1.0079e-79
5.7929e-20
1.0832e-25
7.2222e-09
0.0010502
2.7154e-31
1.1983e-19
1.0079e-79
4.2336e-09
2.7217e-25
9.1019e-31
1.2938e-36
3.2324e-54
3.7529e-09
2.4005e-36
2.5921e-20
2.0753e-20
6.2678e-20
2.7922e-54
2.5491e-31
5.3827e-20
3.5674e-20
2.7112e-09
1.483e-14
1.0079e-79
1.2018e-09
2.4668e-36
2.8977e-48
1.0079e-79
4.1656e-42
4.5878e-20
7.0682e-15
3.6193e-31
2.5029e-09
0.00031955
1.0079e-79
1.7759e-42
0.013945
2.4475e-14
1.0079e-79
1.7711e-42
0.00095554
5.9022e-09
6.8259e-20
1.4503e-36
2.5768e-42
1.4018e-48
1.0564e-19
0.0029955
0.0012153
2.6219e-20
4.5769e-31
0.001272
1.7606e-25
4.2522e-09
2.0279e-30
8.6434e-67
2.5954e-09
2.6473e-25
8.2337e-73
2.8866e-20
1.1242e-14
1.1087e-42
2.8914e-09
5.6009e-54
1.0043e-08
6.4008e-31
2.3824e-36
1.2401e-25
0.0014189
1.2484e-14
1.1367e-66
1.0079e-79
1.6825e-25
4.2204e-09
1.0079e-79
7.9267e-15
4.6871e-25
4.1321e-25
4.9656e-09
1.4496e-42
0.00067659
1.6588e-66
3.1785e-09
1.6754e-42
0.00077991
0.00046098
1.6264e-19
2.8811e-09
1.4007e-08
2.0627e-25
1.0079e-79
0.0016643
4.8011e-31
4.8369e-73
1.181e-36
6.8274e-20
1.4007e-36
7.9374e-31
1.5364e-42
6.5394e-20
2.4922e-48
8.6454e-31
2.6782e-14
0.00084051
2.4452e-54
5.3354e-37
4.7887e-31
4.146e-25
4.4109e-20
2.4022e-66
3.0396e-36
0.00041361
1.0558e-14
0.0019948
1.6113e-19
0.0010262
4.2348e-09
9.7827e-15
2.781e-42
9.4366e-20
5.3262e-31
0.00044861
1.8844e-42
5.5613e-09
1.0079e-79
0.0011032
1.1285e-19
6.7027e-14
5.3929e-54
1.629e-72
3.0417e-25
0.0015774
0.00056391
1.6239e-14
3.2391e-66
3.1963e-14
1.8273e-14
8.8852e-20
5.1973e-20
4.6881e-25
1.5093e-14
0.0011263
1.0079e-79
2.687e-60
0.0015996
9.0531e-31
3.3866e-42
1.5744e-30
8.4781e-20
5.4171e-20
4.176e-42
5.2718e-31
1.0079e-79
6.2201e-42
3.9102e-25
1.8721e-09
3.8288e-20
2.6284e-48
3.6528e-60
9.7791e-73
4.3304e-42
0.00074472
1.1246e-36
2.7784e-09
1.6607e-42
4.7083e-48
2.2354e-14
6.4526e-09
5.8514e-25
1.8242e-19
9.7986e-37
1.2165e-42
6.0953e-09
7.4117e-25
1.0079e-79
9.8694e-37
3.9242e-20
2.5494e-48
1.8259e-19
6.3084e-09
1.6444e-72
7.3465e-20
1.0079e-79
4.3153e-54
3.3863e-48
1.7515e-54
6.6359e-42
1.6389e-13
4.347e-20
1.0472e-36
3.694e-09
2.8196e-20
1.0079e-79
1.1847e-66
6.7694e-09
3.2765e-14
1.7515e-09
1.7333e-30
3.9474e-20
3.8693e-14
3.275e-09
0.0031513
1.9516e-14
2.2579e-20
5.2297e-73
3.088e-42
2.0241e-09
5.5377e-73
3.7714e-14
0.0014408
3.5374e-20
9.471e-73
4.1621e-54
8.7142e-15
1.052e-66
2.4043e-14
1.065e-19
1.6873e-66
8.0386e-67
3.7731e-09
1.6746e-60
2.1491e-14
2.1365e-42
1.8813e-42
3.9209e-20
1.0079e-79
3.5305e-25
7.7413e-15
0.0019737
3.5477e-54
8.1844e-73
4.4162e-09
5.9377e-20
4.6204e-31
1.4152e-36
1.2971e-14
2.9431e-48
4.8157e-09
0.0026169
3.1591e-42
1.5366e-30
5.3431e-09
3.1544e-54
2.4694e-25
0.0070636
3.8347e-60
3.3677e-09
4.3951e-09
3.3295e-09
1.2556e-30
0.0011693
5.3816e-48
2.464e-14
3.2733e-60
0.0016211
8.2214e-20
0.00069174
1.0773e-47
7.9077e-14
5.8622e-31
1.105e-19
3.4447e-14
2.3594e-14
1.0079e-79
1.0079e-79
2.3244e-20
3.0412e-09
0.00049126
1.8422e-25
1.4983e-36
0.00033087
4.6046e-31
3.4275e-25
2.9294e-25
1.2685e-42
1.9614e-14
0.0012591
5.894e-61
9.8299e-20
1.4666e-14
6.5055e-37
2.9142e-14
5.2548e-54
2.7933e-36
1.3817e-36
2.3557e-48
0.00044966
1.4031e-08
0.0012658
5.8868e-48
1.2377e-14
2.9596e-20
0.00047051
4.0879e-25
3.679e-31
3.1405e-09
1.3553e-30
2.3926e-36
5.6553e-48
2.6365e-09
2.8738e-42
4.4428e-48
2.1082e-36
3.2119e-42
1.0079e-79
5.4304e-73
2.3725e-09
0.00071613
5.3077e-31
1.2654e-30
1.4351e-14
9.2492e-73
3.7895e-09
3.7553e-14
2.538e-60
1.0079e-79
1.0834e-29
5.243e-42
3.2749e-48
8.4154e-20
3.0338e-14
6.4511e-09
0.00096548
3.1142e-14
1.3639e-25
1.0512e-36
5.5516e-54
6.2077e-54
0.0012512
1.4914e-48
5.837e-09
4.1516e-54
0.0011719
0.0017771
1.2667e-60
7.3881e-31
2.1721e-09
2.3417e-25
3.6058e-09
1.0079e-79
4.9813e-20
4.2118e-48
7.3367e-15
6.7602e-20
3.2726e-31
7.5806e-73
1.4726e-66
1.2031e-25
1.5004e-66
0.00081726
3.899e-54
7.7613e-37
1.9473e-25
2.0086e-14
4.3107e-42
1.8268e-60
9.871e-73
5.3247e-73
5.6512e-31
3.3924e-25
4.8827e-31
4.0839e-31
0.00061013
9.5126e-26
1.0079e-79
1.1053e-30
2.2013e-09
4.7099e-60
2.1094e-60
1.2356e-08
0.00072008
7.3865e-67
1.0079e-79
1.0079e-79
3.2603e-20
3.3154e-25
2.9842e-25
8.2445e-20
1.2094e-14
5.0265e-09
6.5836e-09
2.2502e-14
4.4493e-37
1.0079e-79
8.5202e-73
1.6992e-09
4.9932e-20
8.4149e-31
3.38e-25
0.0017441
7.9231e-20
5.7308e-20
5.2964e-14
7.8286e-20
3.2551e-48
7.9492e-20
1.0767e-36
0.00055956
1.3447e-66
0.0012074
3.3647e-31
3.7205e-54
6.5194e-14
0.00044926
0.00085298
0.00059959
2.7826e-25
0.00054994
2.6089e-48
5.8786e-20
1.0079e-79
1.0079e-79
5.6122e-31
9.3601e-15
4.0572e-48
1.39e-42
6.5517e-19
1.9746e-08
3.0882e-25
1.3118e-25
3.9872e-54
8.6608e-31
8.6978e-48
1.0079e-79
4.0735e-54
2.1231e-42
3.8062e-09
2.871e-25
0.00089269
2.3531e-48
5.3606e-48
1.7493e-42
0.0037336
1.9664e-42
1.0079e-79
0.00060155
2.34e-09
4.3346e-14
1.0702e-14
0.00073412
8.668e-20
5.3483e-31
5.0109e-31
2.2597e-14
2.9066e-36
5.5788e-31
1.0079e-79
4.5799e-14
1.1366e-36
0.00057141
1.0665e-66
4.1344e-20
4.2551e-31
0.00032928
3.8426e-14
4.3686e-25
2.6591e-25
6.5707e-31
3.0149e-48
2.6596e-54
3.21e-31
2.31e-36
1.1685e-24
1.2285e-14
2.5145e-60
3.4646e-31
3.1036e-09
1.0491e-42
6.925e-73
1.8104e-42
1.0079e-79
2.1678e-14
1.8127e-14
2.711e-25
2.3371e-14
8.9078e-15
1.0079e-79
1.1436e-48
8.4206e-54
1.4682e-19
4.9397e-31
4.8446e-42
1.0079e-79
7.6304e-25
1.3283e-14
8.5212e-09
0.00076286
4.7937e-09
3.1718e-09
2.6524e-48
1.1147e-36
2.3824e-42
9.8201e-31
3.0551e-14
0.001406
4.0277e-60
3.9498e-14
3.6163e-54
0.00075974
9.3519e-14
0.0013912
2.1297e-14
4.4799e-25
0.001154
2.5001e-42
1.0079e-79
1.2786e-19
8.9407e-20
4.5288e-48
0.0014958
1.0079e-79
6.2442e-20
3.3327e-09
2.2219e-14
3.2642e-54
8.3466e-15
4.622e-25
9.029e-20
2.8652e-09
2.5903e-60
7.9667e-37
1.0821e-72
2.648e-42
3.2926e-31
4.5316e-20
1.9356e-14
0.0068073
1.1668e-36
2.6128e-14
3.9823e-25
7.8609e-31
0.0024232
1.0079e-79
1.6551e-14
1.0079e-79
6.545e-09
0.0011553
0.00076769
2.8503e-36
3.5467e-37
1.2499e-66
0.00095202
1.9948e-14
6.6621e-09
2.3833e-20
3.4749e-14
2.7642e-31
0.00051534
3.5219e-31
0.00073062
2.7624e-42
2.3275e-54
7.7983e-73
4.7178e-31
1.7174e-14
0.0015759
1.8046e-14
1.1102e-19
1.5101e-36
6.4393e-54
1.0887e-36
3.5487e-09
7.6694e-60
4.7267e-14
2.464e-48
1.1342e-36
8.4052e-31
5.6964e-14
1.474e-08
1.4514e-14
1.7596e-42
4.0467e-42
1.4112e-24
1.0079e-79
9.3483e-09
1.3856e-14
8.6685e-20
3.6767e-48
2.1146e-48
2.6654e-48
4.0376e-09
2.4245e-25
2.6091e-14
7.001e-31
0.00066543
4.2374e-31
4.8904e-54
2.691e-42
1.0079e-79
4.4397e-20
6.6452e-09
1.0079e-79
7.7105e-09
3.6306e-09
1.9546e-36
6.0024e-31
2.2381e-14
0.0053314
0.0032008
0.0011126
1.0699e-60
9.0305e-31
6.3587e-31
1.0808e-53
9.4217e-48
3.9184e-20
1.8347e-08
8.2265e-42
4.7827e-60
1.4826e-14
5.1696e-20
1.5689e-42
2.1606e-42
2.3573e-25
6.8095e-48
1.0079e-79
6.2601e-25
1.6248e-36
0.00073599
1.088e-08
1.9781e-60
4.2924e-09
1.9692e-48
1.5219e-36
5.3549e-09
9.1178e-15
1.1798e-66
1.7009e-42
5.6342e-42
3.0733e-09
3.0294e-09
4.2211e-31
1.8389e-09
2.2703e-48
1.5913e-14
9.5455e-48
2.9884e-42
5.8843e-20
1.1442e-30
1.6638e-54
4.556e-20
3.3717e-54
6.4403e-60
2.5066e-20
4.0265e-31
8.035e-14
1.0927e-14
1.0079e-79
1.6275e-09
2.6358e-09
5.2399e-20
2.9698e-48
3.6738e-09
6.6056e-73
8.7584e-31
1.6029e-41
0.00050332
1.61e-30
3.534e-48
5.0045e-09
5.4309e-20
3.187e-14
9.0618e-37
2.1154e-09
2.1109e-09
6.5507e-37
2.4968e-73
0.0005528
1.0992e-14
2.8319e-14
3.4914e-48
2.1586e-25
6.6698e-20
2.8968e-60
4.7621e-48
1.8686e-09
2.7933e-31
5.4874e-37
0.0022928
1.9057e-14
7.3393e-60
2.4843e-42
2.1037e-31
3.5674e-31
3.4061e-20
6.5019e-31
4.1651e-20
7.3835e-31
0.0012919
4.7372e-09
1.0079e-79
1.7389e-60
8.3579e-20
1.8679e-48
6.4454e-09
8.1094e-20
3.4363e-60
5.3344e-09
0.0010747
4.7474e-37
7.3614e-20
4.2027e-48
1.4112e-42
7.4266e-37
1.3211e-30
1.2949e-66
2.223e-14
8.8852e-48
1.3537e-36
1.3822e-14
2.027e-36
3.6105e-60
4.8895e-48
8.2778e-37
1.596e-42
1.9508e-48
2.9719e-42
1.6697e-25
2.2375e-30
0.00039071
3.3633e-09
1.6907e-14
1.0079e-79
0.00064395
2.5861e-54
0.00039359
1.0907e-19
7.8445e-09
2.291e-19
1.7731e-14
6.1405e-31
1.3711e-19
4.5464e-09
2.3812e-66
1.8945e-72
4.1491e-09
2.4873e-60
4.2334e-54
0.0004273
2.2892e-54
8.8067e-37
2.7654e-48
3.3463e-54
7.2407e-09
1.4491e-36
1.2828e-25
1.0701e-30
8.4714e-15
1.1347e-19
2.3039e-09
1.6994e-25
3.0265e-60
2.7354e-25
3.7852e-09
6.5214e-31
3.7835e-09
2.6038e-14
1.0941e-19
2.487e-25
1.1211e-66
5.452e-31
1.0938e-08
2.0987e-14
2.7338e-66
1.0079e-79
2.282e-14
6.4028e-31
1.3136e-54
1.0079e-79
3.4465e-42
1.0285e-14
1.6922e-14
4.2458e-20
3.6061e-09
1.6346e-14
1.3712e-36
1.8014e-19
3.8461e-09
8.685e-31
2.6101e-60
2.641e-36
5.7333e-09
0.0011614
1.1423e-30
0.00087072
1.0888e-14
2.7726e-25
4.9315e-42
2.2858e-14
0.00076726
6.7227e-67
1.0079e-79
0.0013865
0.0019701
1.7629e-09
1.6468e-19
3.4126e-09
4.9878e-42
1.5495e-08
8.1906e-09
4.5697e-60
0.0021063
2.8869e-09
3.5484e-25
2.8703e-48
5.8617e-48
3.3897e-09
9.9747e-20
1.2224e-36
5.3303e-20
9.3812e-31
0.0017629
1.2898e-36
2.3044e-25
4.3035e-48
1.9473e-60
9.8977e-20
1.8652e-14
8.7764e-09
7.5318e-09
6.58e-09
6.9619e-31
1.854e-54
3.5328e-09
1.0778e-66
6.7037e-31
6.8901e-09
1.386e-25
7.3706e-09
0.0031642
5.8694e-31
2.0131e-25
2.2428e-66
1.2452e-19
1.0079e-79
0.001128
5.4227e-09
0.00090881
1.9422e-25
8.8241e-31
9.606e-09
1.9149e-09
1.8987e-20
0.00031307
4.5267e-42
8.955e-31
1.1603e-66
9.873e-37
3.0194e-54
1.0079e-79
2.8056e-14
3.3547e-20
3.1479e-09
1.0079e-79
5.4936e-20
5.74e-60
1.0311e-36
6.5712e-48
2.3203e-09
3.058e-25
6.4213e-31
3.3349e-48
8.7907e-73
5.1444e-25
1.3763e-30
1.3839e-66
2.1025e-25
3.7323e-14
2.2858e-54
7.0841e-36
8.8529e-37
4.3718e-48
2.7838e-25
1.2353e-08
3.4417e-09
1.9835e-42
1.0079e-79
5.3729e-09
7.7085e-42
1.7817e-09
2.5773e-66
2.0609e-36
7.0451e-42
3.5353e-42
1.8201e-25
1.7537e-42
1.8822e-14
2.3468e-14
3.6321e-14
1.4029e-36
1.1274e-19
1.4065e-25
8.0653e-37
1.4192e-14
0.0014728
2.7685e-31
1.0079e-79
3.2384e-20
7.5811e-20
1.4181e-14
8.3584e-73
0.00103
7.2782e-20
2.6387e-42
3.7219e-14
5.1108e-54
0.0013863
1.46e-54
2.0061e-48
7.8666e-37
8.7743e-20
5.855e-48
2.1466e-30
0.0034502
6.562e-20
3.1335e-48
1.1144e-36
1.3534e-14
0.002134
1.0834e-19
4.8874e-54
8.7789e-09
2.4308e-36
2.2116e-09
1.2238e-66
6.6914e-20
1.9454e-09
4.9541e-37
5.5701e-20
4.9359e-25
7.0328e-48
3.8019e-60
2.867e-20
9.5444e-31
1.4724e-36
3.1082e-09
6.4983e-54
9.2307e-48
3.5061e-25
2.9303e-31
0.0020676
4.6093e-37
1.8823e-09
1.5003e-42
2.0124e-42
1.4324e-19
1.7152e-19
0.0025685
7.1088e-15
4.9911e-48
2.2655e-25
3.9232e-09
3.1731e-09
1.3205e-36
6.81e-09
0.0013234
7.8702e-73
9.0726e-25
3.347e-20
2.2739e-25
0.00074233
4.3992e-09
1.8081e-66
1.0079e-79
3.297e-14
1.6221e-08
0.0014292
7.0492e-48
1.0079e-79
0.00049702
3.2447e-54
1.3671e-42
8.4288e-37
6.486e-25
1.0079e-79
1.0079e-79
3.4302e-42
0.00044898
1.9371e-25
0.002076
9.1429e-43
3.6916e-09
2.6794e-14
3.1007e-60
9.8869e-15
1.2953e-14
1.5719e-14
1.1333e-48
1.9691e-31
3.0422e-25
7.233e-31
2.3424e-36
1.2356e-25
4.4231e-09
7.5601e-67
2.0464e-42
0.0051444
0.00058977
0.0012507
0.00055929
4.5772e-20
4.7404e-20
5.3878e-09
1.3446e-14
1.739e-60
3.7302e-60
2.3347e-48
2.0065e-60
0.00079381
4.9788e-09
4.5086e-14
5.8037e-37
3.2877e-25
1.7477e-48
1.0404e-42
4.0176e-14
3.1231e-20
4.9815e-25
3.888e-09
3.4256e-60
6.8629e-20
2.598e-48
1.2232e-14
2.7051e-09
3.3398e-42
3.7463e-73
0.0010482
3.9258e-42
1.436e-14
2.9428e-09
4.2102e-60
1.877e-14
1.0079e-79
2.4829e-54
5.1984e-20
8.6824e-73
1.0295e-25
0.0043616
2.2153e-14
3.0705e-54
6.2052e-31
3.317e-09
1.6418e-30
0.00074883
1.7746e-19
6.8623e-37
7.2346e-37
6.7386e-20
1.1483e-36
6.2267e-20
0.00069988
2.6781e-09
1.0373e-25
3.8495e-31
1.957e-14
7.118e-31
8.4257e-20
4.3425e-20
2.3068e-14
1.7503e-36
2.1059e-25
1.6049e-14
8.3143e-14
8.0622e-67
6.3284e-25
3.7816e-60
2.2328e-60
0.00058085
0.00062585
2.6819e-25
5.663e-09
3.1328e-19
0.0021923
7.7557e-67
1.8555e-25
0.00072526
1.2886e-53
0.00078411
8.9073e-20
3.2614e-25
3.5012e-14
7.6674e-09
2.0718e-14
6.8182e-14
2.003e-19
1.4149e-48
7.5729e-20
0.0022831
0.00051207
5.1527e-09
6.3972e-20
8.819e-20
4.7867e-42
3.2788e-42
1.3303e-48
4.1767e-42
4.3663e-54
1.8035e-66
7.4682e-15
1.4576e-60
1.2764e-19
6.1785e-54
0.0010389
3.2349e-09
1.3706e-36
1.3464e-14
4.6811e-09
4.0634e-54
8.266e-20
7.9636e-26
1.1856e-66
9.5034e-37
1.6495e-30
2.1153e-42
7.346e-20
5.2333e-20
1.1053e-19
1.8953e-36
1.5619e-36
1.4506e-14
2.6526e-60
0.0048113
1.9521e-36
1.3214e-30
4.9148e-20
1.9587e-25
0.00045108
1.5081e-66
1.0873e-19
1.2067e-36
3.764e-14
0.001572
1.3564e-36
0.0010175
4.9163e-09
5.6584e-09
2.8508e-14
6.0527e-20
0.0011285
1.1417e-36
2.0713e-42
1.3422e-08
1.0826e-36
1.0079e-79
2.0635e-42
1.0079e-79
6.2632e-25
1.0193e-14
1.6002e-08
0.0012816
1.9488e-48
8.4098e-25
8.0591e-20
2.141e-48
0.00059507
3.1049e-25
8.4965e-31
5.1809e-37
5.9171e-31
3.1293e-25
4.1863e-09
2.6247e-14
7.3023e-09
2.0086e-60
1.3751e-25
1.2977e-30
2.7235e-14
1.0539e-08
1.0079e-79
2.2967e-14
3.4996e-36
2.1932e-54
1.0123e-36
7.0965e-73
0.0007046
1.0079e-79
8.992e-31
9.2651e-15
0.0013658
1.22e-25
1.7312e-25
6.4008e-09
5.6481e-31
0.00069499
8.0304e-37
2.235e-48
1.0167e-08
2.4417e-48
6.564e-31
1.1348e-14
9.069e-31
4.6518e-09
2.0502e-54
0.00062401
1.0079e-79
2.4026e-14
1.9132e-14
1.5492e-48
3.1644e-20
1.6509e-36
0.0016098
3.3515e-09
1.6574e-14
1.385e-19
1.1558e-14
0.00047013
1.4524e-42
3.2859e-09
3.7596e-54
3.0648e-09
3.1882e-66
8.4247e-31
0.0011713
3.4535e-48
5.166e-09
1.8861e-42
2.8519e-42
1.0113e-36
2.8196e-36
7.3537e-20
0.00072153
5.2138e-25
8.2208e-31
2.328e-20
2.8667e-09
2.9154e-66
1.0079e-79
7.8763e-09
3.1114e-42
1.1748e-41
1.5214e-19
6.3176e-09
1.0581e-30
3.9886e-20
6.4516e-37
7.4677e-31
7.4995e-54
3.7654e-54
2.4666e-25
4.3748e-25
2.1869e-09
1.35e-19
0.0023416
7.1221e-37
1.0079e-79
2.181e-42
2.4189e-13
8.5299e-20
6.2005e-37
1.8528e-42
2.2702e-25
9.6035e-31
1.0079e-79
0.00093284
2.2249e-42
5.1645e-25
1.2119e-25
2.6806e-14
1.9018e-31
6.9825e-20
7.5205e-73
1.0079e-79
6.0809e-09
1.821e-14
1.9204e-36
3.237e-48
1.0735e-30
1.5543e-19
1.4867e-42
2.0059e-36
3.5184e-20
0.0011314
5.9721e-20
1.0079e-79
3.1162e-09
1.4832e-66
4.0076e-20
2.3415e-42
2.0065e-66
2.2839e-14
3.7058e-20
2.0447e-14
0.0029397
4.0093e-36
6.484e-20
1.5817e-42
3.4425e-09
1.3485e-54
2.3245e-42
2.81e-54
4.9322e-09
0.00057633
2.7463e-14
5.7e-31
1.9982e-14
2.5426e-25
8.4226e-60
1.0079e-79
6.5635e-20
3.2756e-09
4.1902e-31
2.3081e-60
0.0031497
5.1737e-20
1.6622e-25
2.1616e-14
1.4043e-42
3.5682e-42
0.002276
1.3071e-14
1.8902e-09
0.002331
3.6309e-20
4.5069e-36
3.3082e-48
3.0905e-54
2.1908e-60
1.087e-66
4.8011e-31
1.0745e-47
1.8264e-19
2.0928e-09
1.0654e-08
1.0079e-79
1.0079e-79
0.001155
7.0236e-14
5.9546e-54
2.0854e-25
6.0794e-15
3.9211e-20
3.0682e-20
1.6057e-42
2.5759e-48
6.7088e-09
5.0896e-09
0.00054363
1.7626e-48
8.1798e-73
1.0079e-79
5.2476e-31
0.0021568
2.1916e-14
0.0011149
2.0212e-36
9.4428e-31
5.4571e-20
2.4445e-25
2.8673e-09
6.4917e-37
1.5514e-25
0.00052763
1.9544e-36
3.0326e-14
0.0016112
3.4947e-31
4.177e-09
0.0014283
0.0045556
0.0010945
3.8142e-31
8.7368e-48
0.0008865
0.0013313
0.00048926
2.3555e-36
1.3117e-36
1.0079e-79
2.5738e-54
3.6351e-42
1.7149e-66
2.831e-42
3.46e-09
1.0079e-79
6.3535e-48
0.00049394
3.9372e-60
9.3653e-67
3.7548e-09
1.0079e-79
4.622e-20
2.4698e-20
1.1899e-36
8.4657e-31
2.3838e-25
4.2616e-31
3.8925e-31
4.1058e-25
1.5223e-14
0.00087668
2.1845e-30
4.7713e-14
2.165e-48
2.187e-25
1.1633e-25
2.7998e-25
1.2961e-36
1.5047e-66
2.8503e-25
2.9812e-42
5.1069e-20
0.0024634
2.2528e-60
0.0011438
1.4418e-48
2.7738e-19
8.2973e-20
2.0811e-09
2.934e-36
1.5524e-14
6.6847e-36
1.9664e-42
2.4256e-25
6.0563e-25
6.006e-73
1.6804e-36
3.7398e-25
1.2788e-30
1.6953e-14
6.0054e-31
5.4042e-14
1.5411e-14
1.5275e-30
2.1573e-14
7.92e-09
5.451e-09
0.0010141
3.9195e-42
1.6118e-72
3.1577e-31
0.00099945
5.2851e-54
9.2708e-31
8.2224e-25
3.121e-25
1.5369e-66
5.8406e-20
4.8285e-20
4.5451e-14
3.9533e-20
1.0588e-53
1.7054e-14
3.0877e-31
5.6363e-25
1.0095e-25
3.0163e-48
5.1027e-25
0.00098981
3.4065e-73
2.2371e-08
0.00056616
8.8467e-37
1.0079e-79
4.1546e-20
8.5736e-09
5.0076e-09
0.0018487
1.7307e-14
5.2435e-73
2.0614e-25
1.0079e-79
3.7016e-19
6.2457e-42
1.3989e-14
1.0079e-79
6.3145e-37
1.1112e-19
3.0275e-20
1.8846e-30
5.0794e-20
5.5223e-60
4.3788e-20
1.36e-36
4.5402e-20
1.8975e-20
4.2139e-73
1.9421e-48
1.8628e-48
2.8202e-09
3.6454e-73
1.582e-48
2.8824e-54
8.5638e-15
1.5929e-25
1.4188e-36
2.4303e-54
1.6499e-19
2.0627e-14
4.8687e-36
1.4812e-14
0.0009387
6.141e-25
3.477e-25
0.0018727
3.8206e-09
2.7835e-48
7.3665e-20
2.6239e-09
2.2057e-25
0.00058976
1.6199e-54
0.00055079
0.0011651
4.1646e-31
3.9335e-54
9.4017e-20
3.0426e-25
5.4232e-48
2.4354e-72
3.4009e-25
7.672e-15
1.1794e-08
9.0972e-09
9.1486e-60
0.00049432
2.8336e-48
3.1938e-66
7.8394e-48
2.5122e-36
3.047e-54
3.0812e-31
2.6528e-09
8.7353e-61
2.8817e-42
6.5805e-20
0.00091643
1.4239e-66
2.701e-60
3.1909e-66
1.6947e-60
1.7178e-36
3.4e-48
2.3924e-09
0.00080846
4.0216e-09
1.0234e-53
3.1705e-20
5.8632e-09
6.4162e-54
3.798e-09
2.405e-48
0.00069461
2.9987e-54
3.6214e-14
2.4768e-48
4.975e-73
0.0018535
2.8886e-25
4.2153e-48
1.2228e-08
4.2716e-14
5.3272e-20
1.5887e-14
1.3435e-09
1.0079e-79
1.4676e-42
3.4914e-73
1.2798e-30
3.7592e-09
7.347e-20
5.4992e-42
2.1068e-09
0.00037923
1.0079e-79
0.0024335
0.00086806
2.1876e-14
2.6292e-54
1.5748e-25
2.5417e-42
4.6699e-54
2.3415e-36
6.8156e-09
3.8216e-20
3.185e-09
3.3914e-36
9.3704e-73
5.2251e-25
1.8535e-14
2.0485e-14
0.0026095
1.0079e-79
2.678e-48
2.7291e-42
1.9681e-30
2.8383e-09
2.2701e-60
1.7922e-36
3.5191e-25
2.2139e-25
2.8133e-60
2.6803e-25
0.00067491
3.7251e-54
6.2642e-37
1.0079e-79
3.1e-48
4.2334e-14
1.8284e-14
0.00052233
4.7385e-09
4.5344e-14
3.9279e-48
1.8557e-14
2.3215e-14
2.1165e-14
0.00040551
2.4268e-31
2.2961e-25
9.8853e-42
1.0079e-79
8.5109e-42
9.1614e-15
7.3886e-20
5.0443e-20
5.6342e-73
1.0019e-14
4.1328e-20
1.9135e-36
2.4045e-25
2.2075e-42
6.9563e-25
2.131e-42
1.8047e-66
9.1106e-09
1.378e-36
3.4668e-25
7.5395e-31
1.4842e-60
6.1708e-37
0.00050975
1.8761e-48
2.5517e-60
2.4387e-66
2.2124e-66
1.4612e-48
1.4122e-19
1.124e-42
4.8658e-31
0.00068383
1.6856e-14
9.127e-20
2.7617e-60
1.5053e-14
4.3479e-54
4.0893e-48
2.06e-25
1.0079e-79
2.6361e-42
7.5955e-20
3.9248e-09
1.0079e-79
9.0906e-20
5.6378e-48
1.185e-36
6.8059e-31
5.2276e-48
5.9017e-60
1.6416e-14
2.95e-48
1.8837e-36
6.7576e-25
2.0268e-42
0.0036412
1.7799e-14
3.4016e-09
6.4978e-09
7.6679e-31
0.0013722
8.0021e-09
1.0079e-79
2.4715e-25
1.5399e-42
1.7744e-54
1.7302e-20
0.0018932
2.8168e-14
4.5227e-31
1.2366e-36
1.9294e-54
2.1569e-42
1.4143e-25
1.4618e-25
0.0007752
0.00092217
1.1763e-14
6.6462e-09
4.9276e-37
5.5249e-25
3.7851e-42
4.7978e-14
2.4752e-60
1.7202e-25
7.5868e-31
6.9866e-15
6.6821e-31
0.0016059
2.6975e-25
1.822e-14
3.3149e-54
5.1067e-42
0.0015334
7.3942e-31
0.0010515
1.6228e-25
4.1297e-54
6.0999e-20
1.8738e-09
1.0448e-47
2.3119e-66
4.0605e-25
0.0020776
7.5991e-20
3.7126e-20
1.6728e-72
1.5942e-19
3.17e-48
4.7916e-25
5.1409e-25
2.8798e-66
1.0079e-79
1.0079e-79
1.6892e-08
5.9839e-31
0.0017421
4.1135e-48
0.00075152
2.6331e-54
1.5328e-30
1.4851e-60
8.9905e-37
2.9133e-66
5.8293e-09
5.0723e-20
6.0491e-31
1.1742e-30
5.7929e-48
6.3592e-09
1.0079e-79
2.5315e-54
4.2693e-31
5.6147e-54
8.5551e-15
2.8924e-25
3.4356e-42
9.6204e-09
0.0010011
0.00080988
6.2139e-54
4.6067e-25
0.0019773
2.9177e-25
2.4401e-25
1.5031e-14
8.3913e-73
1.7836e-66
1.3031e-48
0.0034396
3.9644e-09
1.0079e-79
2.7761e-36
8.6809e-09
0.00046501
1.722e-14
0.00090991
2.6375e-14
7.8897e-31
7.272e-31
4.2462e-60
3.1384e-14
9.9603e-73
7.2695e-09
1.0079e-79
9.4443e-48
3.1208e-20
2.1751e-25
9.739e-37
1.8652e-48
1.7674e-72
0.0014008
8.5309e-20
4.1256e-48
2.6371e-42
2.1482e-60
3.7725e-48
2.4896e-42
4.2081e-20
2.9233e-25
4.9987e-25
1.0079e-79
1.6137e-36
3.217e-54
3.5347e-48
2.016e-09
4.1356e-25
0.00085119
1.6118e-25
2.0871e-48
2.5784e-09
2.2938e-66
2.7377e-25
3.9525e-73
4.9146e-09
7.2012e-54
3.9676e-25
1.868e-09
1.6862e-14
3.1272e-54
1.5921e-14
1.4476e-30
3.9604e-09
2.7445e-42
3.7611e-20
0.0014402
2.8275e-54
9.6076e-20
2.305e-14
0.0013251
2.3447e-09
5.0729e-48
1.8928e-36
2.9715e-54
1.1216e-42
5.3765e-20
8.4159e-31
1.0079e-79
1.2852e-54
3.8446e-48
5.3863e-42
1.1405e-14
0.00038233
2.2717e-25
7.7429e-15
6.0588e-31
2.0638e-36
1.381e-36
2.518e-54
1.1136e-30
0.00082178
5.3303e-20
4.7651e-09
4.9774e-25
0.0016117
2.0009e-09
1.3169e-19
0.0010434
1.0079e-79
4.9363e-09
1.6769e-42
1.3759e-36
1.5382e-19
2.3841e-14
1.4937e-09
2.2191e-42
8.8339e-37
3.7497e-25
1.4097e-36
1.0079e-79
9.9603e-20
3.9981e-54
3.041e-25
1.2481e-14
5.7672e-09
3.1131e-09
1.6624e-36
1.0079e-79
2.6016e-09
2.8019e-09
6.678e-48
1.5627e-48
1.0079e-79
1.9935e-14
0.0013441
3.7065e-31
0.0072887
3.8133e-25
2.9817e-48
8.3954e-73
3.618e-09
3.5431e-09
0.0016296
6.7566e-09
2.3101e-14
6.1379e-37
1.0079e-79
5.1322e-09
2.2526e-14
1.4531e-42
6.1266e-67
5.8329e-20
4.0309e-20
0.00086109
0.0010517
4.553e-20
1.9205e-14
2.4892e-14
3.9268e-09
0.0013201
7.233e-20
3.2482e-14
1.7158e-08
8.7065e-67
1.3394e-36
1.8455e-25
1.0079e-79
2.5956e-54
2.9833e-25
5.2928e-42
2.0998e-54
4.586e-31
0.0027634
8.1238e-20
4.5241e-20
8.7214e-09
0.0015297
8.5505e-09
1.9646e-25
1.8626e-08
3.7396e-09
3.7729e-09
0.0010111
0.00081334
5.2348e-42
6.1251e-31
1.1475e-36
6.4121e-09
1.6852e-66
1.6578e-14
9.2502e-42
8.5612e-15
6.4732e-09
2.4308e-31
1.2066e-08
5.4777e-31
7.7269e-37
4.027e-09
2.1387e-48
4.5465e-60
1.7416e-24
1.0114e-19
4.5125e-20
2.3121e-14
3.4221e-14
4.8683e-31
3.9417e-09
5.8119e-31
0.0014707
3.9872e-09
8.9771e-48
3.1112e-60
7.692e-09
2.701e-09
0.0016521
5.5588e-20
1.0079e-79
1.4903e-14
4.5904e-14
3.763e-20
7.0775e-37
7.2967e-20
5.1034e-20
3.3401e-09
6.0173e-09
1.0079e-79
2.4601e-25
1.7106e-19
6.7037e-20
1.0079e-79
1.1412e-36
2.8105e-31
1.0079e-79
1.1553e-08
5.8473e-20
4.4004e-20
5.7837e-20
0.00097805
1.4051e-14
3.7263e-54
1.4848e-66
2.0795e-14
1.8554e-09
4.1572e-25
9.3031e-09
1.7185e-19
8.0596e-26
1.0079e-79
5.7416e-48
8.1613e-20
2.2774e-14
2.1861e-20
3.674e-42
1.0079e-79
2.0812e-14
4.0144e-20
2.037e-42
1.4189e-08
1.0079e-79
0.001007
2.2329e-14
1.0079e-79
6.0352e-37
2.2632e-36
0.0015561
1.5526e-36
0.00072089
1.5635e-14
6.792e-25
0.00098187
4.4087e-09
4.8102e-60
9.9957e-20
1.3673e-14
1.2163e-60
0.002126
0.0011349
1.8932e-14
9.986e-20
2.0519e-66
0.00094956
1.0079e-79
0.00064586
1.1684e-48
0.00091082
2.418e-14
3.4517e-25
0.00065155
1.0079e-79
4.4575e-09
3.37e-60
7.1642e-31
3.4118e-09
1.96e-54
3.4672e-48
1.0079e-79
5.6753e-20
2.2948e-42
2.4206e-42
2.1615e-25
1.2463e-19
1.3045e-36
1.3859e-42
3.793e-42
7.7557e-20
0.0095917
5.8319e-37
8.0437e-20
6.1425e-48
1.2041e-30
2.059e-19
1.0911e-14
3.3396e-14
6.5528e-37
8.1906e-20
2.1466e-14
1.5659e-14
3.5197e-09
1.8357e-25
2.0547e-42
1.7808e-72
4.2551e-42
2.498e-14
8.1818e-09
6.3998e-48
4.9636e-48
6.5897e-09
0.0012247
0.0023035
2.9689e-48
3.1584e-25
6.9147e-09
5.2882e-48
5.1202e-54
0.00098158
2.7966e-14
6.9568e-73
1.0079e-79
3.2254e-31
3.9746e-54
3.5019e-48
1.6019e-14
2.3508e-60
7.1555e-48
1.5719e-48
0.0028928
6.0296e-20
1.5661e-41
4.5755e-60
0.00066905
3.9753e-09
8.0355e-09
1.0079e-79
3.7497e-25
4.5304e-20
1.9638e-09
0.0010805
2.9979e-25
4.4449e-20
1.8999e-48
3.9286e-31
0.00072499
4.886e-31
1.317e-25
7.5406e-31
1.2089e-42
3.1278e-09
4.366e-48
6.2088e-20
2.5637e-09
1.8912e-42
1.6179e-42
9.9444e-20
2.3038e-36
1.3011e-14
6.4809e-20
9.1342e-20
4.899e-31
3.9993e-31
1.4943e-08
1.0079e-79
3.8093e-60
4.2027e-48
0.0012481
1.0079e-79
2.0069e-54
1.5935e-14
5.4689e-09
5.5362e-31
7.2623e-20
0.00098226
2.9666e-31
2.382e-14
1.8758e-36
7.0872e-42
1.0079e-79
7.0369e-73
1.027e-42
1.3837e-42
0.0025055
2.5152e-09
5.4931e-25
1.3172e-60
0.0005539
2.6338e-09
1.3609e-60
0.0021011
6.429e-25
2.5122e-42
3.2954e-31
1.1423e-19
3.2133e-20
7.5139e-25
1.8462e-25
5.8771e-09
1.0596e-30
5.8258e-31
1.3599e-36
3.7263e-09
5.6496e-31
1.8475e-48
0.00073836
1.6255e-36
9.2215e-09
6.0825e-09
1.1105e-19
1.7688e-25
2.1603e-19
2.1303e-48
6.0214e-60
1.4666e-19
2.3148e-14
0.0011422
1.3445e-14
1.9752e-53
2.235e-36
0.00081708
8.324e-20
2.7403e-48
2.1204e-42
9.4489e-37
1.1361e-30
1.4167e-08
6.9291e-31
2.251e-54
5.9428e-09
2.6459e-20
5.3549e-25
1.0079e-79
2.1331e-30
3.1133e-09
9.9254e-60
9.299e-31
1.0897e-66
1.5037e-42
4.7418e-14
5.7693e-37
5.684e-48
9.087e-15
2.5866e-42
1.1408e-14
4.3739e-20
1.7512e-66
0.0020415
2.18e-30
1.5012e-54
7.1555e-73
7.9251e-67
6.2806e-20
4.495e-09
9.89e-37
2.1482e-60
1.0091e-60
3.0377e-66
3.4493e-54
1.4768e-14
3.5065e-60
2.2464e-14
1.9003e-25
1.0079e-79
4.3681e-14
8.9088e-37
6.2688e-20
0.0012926
3.4395e-60
3.1249e-48
1.0035e-48
4.4446e-09
1.0079e-79
2.0737e-48
3.1905e-48
1.3359e-14
1.3701e-36
1.0079e-79
0.00090164
3.0335e-31
1.3992e-14
1.9634e-60
5.9957e-31
1.8575e-30
3.3551e-54
1.0079e-79
2.7645e-20
8.5828e-48
1.0079e-79
3.3191e-20
3.1745e-20
1.3412e-42
2.1859e-36
1.6051e-42
0.00036174
3.9667e-09
2.4696e-09
2.7171e-25
4.1251e-14
0.0014085
3.1138e-14
0.00098977
9.9192e-31
7.8086e-73
1.9316e-36
2.1638e-19
2.8952e-36
1.5084e-60
0.0012395
1.0079e-79
1.6778e-42
1.1532e-19
0.00225
1.7677e-36
3.8795e-42
1.0224e-47
2.0476e-25
1.5031e-14
1.6079e-36
4.2044e-31
1.2397e-25
1.5204e-25
1.8874e-42
8.5525e-31
6.4264e-09
0.00079942
7.6581e-09
0.0006283
3.9889e-09
4.9771e-48
4.7448e-54
2.1149e-42
1.3198e-19
1.6925e-72
1.2472e-19
3.2607e-20
1.4558e-36
1.0486e-48
1.0079e-79
3.4938e-42
1.0079e-79
1.0079e-79
1.5741e-48
4.5092e-42
8.1449e-31
5.0597e-14
1.4557e-60
1.4161e-14
1.041e-30
2.5071e-25
1.4423e-72
0.0023092
1.9143e-36
5.1624e-37
1.638e-08
1.5238e-13
2.3242e-25
1.4779e-36
4.1751e-54
1.2658e-14
8.073e-73
9.0269e-14
3.1129e-54
2.3678e-60
1.7613e-60
3.0268e-09
0.00080131
8.4339e-73
1.462e-25
8.2984e-09
2.6009e-09
0.00049242
1.0079e-79
8.475e-37
3.5602e-09
2.8959e-48
1.3974e-14
0.00081597
1.1431e-25
1.0595e-47
3.992e-09
3.8874e-48
3.6392e-09
6.6298e-20
0.00063722
1.0252e-25
9.4248e-73
2.6189e-72
5.0965e-09
7.7788e-09
1.8749e-54
1.2801e-14
5.0199e-25
9.3447e-67
4.9055e-54
1.7274e-42
0.00065034
1.0079e-79
7.2125e-31
3.9093e-09
1.8018e-14
3.6388e-31
3.3693e-25
1.0974e-14
4.226e-73
4.0105e-73
4.7813e-20
4.7509e-14
1.0079e-79
1.2298e-66
4.4539e-20
1.7267e-36
4.7586e-20
1.5916e-08
2.9122e-25
1.0079e-79
3.3775e-09
5.5921e-09
4.8346e-48
1.16e-08
2.5747e-42
1.0079e-79
1.9523e-25
1.2067e-30
3.6358e-42
1.9705e-14
3.1349e-60
2.2616e-25
0.00073859
1.8466e-14
4.3181e-14
0.0015522
4.5062e-31
4.9301e-14
1.6e-14
2.7875e-48
0.001208
0.00049516
9.5732e-37
2.7133e-48
1.0079e-79
1.3999e-08
9.0495e-37
3.9016e-73
8.6911e-20
2.8267e-09
0.00031397
6.792e-09
2.2353e-48
5.9438e-09
0.0010891
2.8179e-25
1.0079e-79
1.3911e-14
1.7246e-66
4.6755e-48
4.4597e-25
1.5722e-08
0.00052625
4.0219e-09
5.3046e-20
7.0307e-20
1.0153e-14
1.7393e-14
2.6543e-09
1.7103e-36
1.5642e-30
1.1741e-19
4.1567e-19
3.2198e-48
2.5566e-42
2.9566e-48
1.2796e-30
6.5687e-31
2.7003e-54
5.0434e-20
1.5414e-14
3.1865e-20
4.546e-25
4.8155e-20
8.8837e-31
1.0079e-79
5.9551e-20
1.5239e-25
2.611e-14
6.5368e-09
3.4944e-09
2.7158e-09
3.9716e-48
6.9019e-25
1.7723e-25
7.0164e-20
1.8433e-14
9.4484e-15
1.0079e-79
4.5388e-20
7.3763e-09
4.5883e-20
4.6299e-19
4.2051e-09
0.00062805
1.1155e-19
1.0079e-79
0.0010257
3.6179e-09
1.6368e-36
2.2664e-25
1.6045e-72
0.0028122
1.1849e-19
6.2457e-37
1.5165e-08
1.234e-14
1.8231e-42
0.0032211
3.883e-25
1.2194e-14
1.2135e-19
3.9039e-66
1.9674e-60
1.0079e-79
0.0017023
5.7107e-20
5.8037e-31
3.8198e-25
9.6076e-31
5.6101e-37
3.4582e-60
3.9514e-25
4.5074e-09
1.0133e-08
0.0019545
1.0222e-36
2.1175e-25
3.7402e-25
1.4643e-36
1.0079e-79
3.1803e-42
0.0024685
1.0826e-36
1.3273e-66
0.0039444
1.4383e-60
5.6081e-20
1.7636e-14
0.00067504
6.1651e-31
3.7242e-09
3.6732e-54
8.0961e-20
2.9275e-54
1.0103e-14
0.001576
1.4257e-19
1.0079e-79
1.0147e-72
5.2245e-31
4.7775e-09
3.8986e-20
1.9467e-25
1.0017e-25
6.0522e-25
9.4207e-67
1.9608e-14
3.5933e-25
1.2899e-19
4.6893e-09
7.3198e-14
1.0079e-79
3.5893e-09
0.00049348
2.5117e-14
3.7874e-20
0.0007822
0.0019877
1.4166e-09
1.4006e-14
2.9775e-25
1.7782e-42
1.687e-14
5.3431e-48
1.799e-36
4.3709e-31
1.7892e-36
3.5924e-09
7.345e-31
3.081e-09
0.00099746
2.6896e-36
1.0496e-30
1.1582e-08
3.0338e-73
5.4889e-66
5.6409e-09
4.2363e-60
4.2785e-09
6.5399e-20
3.0522e-09
7.0959e-09
4.4162e-20
2.672e-08
4.9088e-42
7.9302e-73
5.2235e-25
2.3389e-25
1.0079e-79
4.1452e-09
8.9191e-37
4.1386e-60
6.5456e-09
8.0242e-20
6.7941e-54
1.39e-14
0.00096872
1.4569e-14
0.0010235
7.7557e-60
9.8987e-37
2.7919e-19
2.0556e-60
2.0298e-14
0.0011648
2.2896e-09
0.00087407
7.4564e-09
3.363e-42
8.7122e-67
6.9979e-25
6.1292e-48
8.7815e-54
7.3604e-09
1.0276e-36
3.5786e-72
6.8957e-20
1.2995e-14
1.4244e-42
1.5533e-36
8.7337e-20
4.8667e-14
4.9446e-20
4.4004e-54
1.6636e-30
5.8037e-25
7.3752e-20
1.2513e-66
1.4742e-14
2.202e-36
3.846e-20
2.1059e-25
2.1053e-60
9.5372e-73
0.00078454
3.8746e-09
3.0942e-09
5.7682e-31
6.0789e-31
4.6499e-42
5.3734e-31
5.5136e-25
2.0564e-42
1.0079e-79
2.2016e-14
0.0015948
3.4021e-20
4.4271e-20
1.3187e-72
1.0115e-47
4.68e-31
2.5803e-48
1.4137e-14
2.3792e-25
7.9364e-09
7.2361e-09
5.0653e-20
2.8493e-09
0.00080823
0.0021346
7.1488e-09
3.1249e-42
0.00084843
9.3714e-31
2.6187e-48
4.352e-48
0.0014365
0.0010539
9.2805e-31
4.2249e-60
1.8674e-25
2.5275e-31
1.0079e-79
4.3308e-09
1.2441e-30
6.4696e-20
2.1216e-54
9.394e-67
1.0079e-79
1.0079e-79
3.0594e-36
9.8047e-15
5.9633e-09
1.4035e-14
3.8321e-25
1.6259e-54
3.5195e-60
2.3143e-60
1.1908e-19
1.0997e-36
8.2604e-26
3.6398e-54
3.6172e-48
1.1176e-19
1.9641e-09
7.2664e-25
0.00052351
2.0155e-42
1.0079e-79
2.5845e-36
7.9015e-31
2.7966e-54
0.00087761
3.9218e-54
2.184e-14
2.1208e-30
1.8237e-54
1.0079e-79
0.00055714
2.246e-20
0.00039401
1.9762e-42
1.0079e-79
4.7292e-20
5.4304e-25
5.4664e-20
1.3549e-14
9.4284e-25
2.4747e-48
6.9758e-37
4.8503e-09
3.8792e-09
2.4384e-54
0.002393
1.4634e-60
8.4046e-54
1.6862e-48
9.4803e-73
8.8051e-60
1.1398e-25
1.6398e-66
2.6061e-36
5.2492e-15
3.9828e-09
3.923e-14
3.3647e-60
1.2998e-19
1.0079e-79
4.4682e-09
0.0015384
8.514e-67
1.0079e-79
5.8329e-31
0.0022298
5.6964e-20
1.1469e-36
0.0021215
9.2857e-67
6.1025e-20
0.0015327
4.2332e-42
0.0012396
1.1944e-30
7.3588e-67
2.3996e-42
9.5773e-37
5.9423e-54
1.8939e-14
6.8973e-73
0.00055657
1.19e-19
3.6825e-09
5.5352e-20
7.3044e-20
2.6417e-42
3.6977e-60
2.5378e-42
4.9336e-20
4.9937e-09
7.9713e-54
1.8795e-42
1.0098e-72
1.1303e-72
3.4215e-09
3.181e-48
2.4127e-36
3.1147e-20
1.3309e-19
3.3296e-31
2.0812e-36
1.2992e-72
2.6955e-09
0.0012162
7.9569e-73
4.6325e-42
2.4445e-42
0.0021789
1.0079e-79
4.4718e-54
3.8747e-48
9.6122e-09
2.6361e-09
3.3203e-48
3.1223e-31
1.5615e-60
1.1653e-24
1.6648e-25
2.1467e-14
1.0079e-79
0.0013225
2.558e-36
4.1005e-25
2.106e-54
6.4691e-67
0.0023173
4.9522e-37
0.00058315
1.8165e-25
6.1492e-14
2.5942e-54
0.00081044
2.1396e-25
5.1557e-31
1.7135e-60
6.5497e-54
2.8524e-19
4.3497e-54
0.0016803
5.1132e-14
1.0231e-14
4.6858e-73
3.0793e-25
9.8843e-31
1.0079e-79
0.0026478
1.3371e-08
8.0478e-09
9.3242e-73
7.8579e-54
6.3387e-14
5.5814e-31
1.0764e-14
0.0012757
1.4204e-36
1.5521e-09
0.00073813
0.0026417
1.9279e-14
1.2748e-36
0.00041712
7.9374e-37
7.4209e-20
2.8747e-25
3.6953e-60
6.5682e-09
6.5892e-09
2.3775e-09
2.341e-14
6.0896e-20
9.7693e-49
2.2106e-48
1.2662e-30
2.0839e-60
2.2971e-14
2.6469e-09
8.2896e-09
8.0314e-37
7.3023e-37
7.4322e-15
2.1965e-42
4.3946e-54
2.9642e-25
9.6569e-20
5.4268e-25
6.8567e-67
0.00096587
3.1556e-42
3.6635e-25
1.4031e-09
1.1014e-36
1.0079e-79
2.3391e-48
6.6595e-09
4.8748e-14
1.0079e-59
8.1618e-37
7.7742e-20
2.0558e-20
2.9905e-14
0.00088382
3.2463e-14
4.6628e-09
8.6336e-20
9.947e-31
8.589e-60
3.2112e-66
1.1481e-48
9.1476e-09
4.66e-09
4.1016e-14
4.683e-20
2.907e-66
0.0020608
2.5977e-14
6.6503e-48
6.9491e-61
1.6752e-14
3.4742e-25
6.1507e-20
5.588e-54
6.0794e-25
6.1282e-20
4.1992e-09
2.4724e-31
3.8035e-60
0.00064753
1.5688e-14
2.4494e-25
1.0967e-36
5.0185e-09
1.2202e-14
0.0009521
2.0974e-14
3.3905e-42
3.7211e-20
2.0876e-36
1.0079e-79
3.9707e-25
1.8005e-14
1.988e-54
2.4973e-42
0.0007429
2.5371e-54
1.3582e-66
1.3436e-08
4.1797e-20
3.5437e-48
8.305e-49
3.1407e-20
9.2641e-20
1.7844e-42
2.3782e-36
4.8111e-14
2.4661e-09
3.4142e-42
6.0881e-20
1.2441e-14
0.0018632
2.4092e-14
5.9649e-20
1.639e-14
2.9191e-09
6.1554e-09
6.8593e-09
9.0048e-09
1.1115e-19
0.001696
1.9626e-54
1.3282e-42
4.8785e-31
1.0079e-79
3.3196e-60
0.0019871
8.1813e-31
1.0079e-79
4.153e-25
0.0005709
2.0502e-54
1.0079e-79
4.7565e-20
1.2693e-48
1.0358e-19
3.807e-31
3.6203e-48
0.0012864
1.7224e-66
1.306e-36
6.8772e-25
1.1198e-36
7.1493e-14
1.5493e-09
1.8761e-14
3.7844e-20
1.7811e-36
1.813e-14
1.0079e-79
1.1219e-19
2.2333e-09
2.5261e-25
3.6954e-09
2.9698e-48
8.2065e-73
5.6538e-60
2.0528e-31
2.8412e-25
1.3544e-36
1.0079e-79
3.4019e-60
0.0020624
4.6707e-09
1.9882e-48
2.7024e-20
0.00078318
8.6557e-20
1.6685e-14
9.9932e-37
3.5268e-25
2.9993e-54
2.5452e-48
6.1307e-48
4.2023e-14
3.2773e-08
0.0014371
2.3815e-25
1.3506e-42
3.057e-60
6.1189e-36
2.5817e-48
0.00063394
6.1338e-09
0.0014784
0.0032079
2.2291e-09
8.9011e-31
2.1386e-25
4.4221e-31
6.81e-15
8.3579e-31
1.3602e-14
5.1907e-37
0.001272
3.4405e-09
7.0184e-25
2.4722e-25
1.2873e-42
5.5819e-36
4.4648e-09
2.2261e-66
0.0019378
1.2154e-08
1.1404e-66
1.0079e-79
5.7308e-09
3.8695e-73
6.4829e-20
7.8615e-20
9.8612e-20
2.1257e-54
3.1398e-14
2.5715e-14
0.0023583
1.5578e-48
8.3107e-09
2.1114e-42
4.923e-20
1.0079e-79
4.0377e-25
2.7937e-09
1.5258e-72
1.0079e-79
2.9919e-42
8.0848e-15
1.0079e-79
1.0079e-79
5.2456e-25
3.3119e-09
6.466e-31
1.0352e-36
0.0011752
1.0079e-79
4.0367e-25
5.3796e-15
1.5911e-14
1.4134e-19
4.6895e-60
5.7313e-48
6.3335e-73
3.3764e-09
2.2332e-42
7.6643e-31
0.0017925
0.000484
5.6661e-54
6.2668e-31
7.9759e-73
2.6043e-25
3.268e-09
1.1563e-30
4.7425e-54
3.2423e-54
1.7756e-60
0.0013257
1.3424e-25
7.1812e-37
3.6809e-25
8.534e-31
1.0722e-19
2.5517e-14
0.00097011
0.00074283
5.1819e-73
8.7984e-31
0.0025717
1.0281e-36
9.7898e-20
0.0010373
2.7612e-20
1.1956e-42
9.068e-67
9.508e-54
1.1299e-14
5.1491e-25
4.4381e-09
0.0010324
1.0589e-14
0.0012612
2.877e-25
9.7021e-09
1.355e-14
2.7115e-60
6.6626e-42
5.8612e-42
1.3794e-48
3.2917e-25
1.1968e-08
2.8668e-36
3.6237e-42
1.0079e-79
8.0755e-31
5.3087e-31
4.6558e-14
3.008e-36
4.2477e-31
7.444e-20
1.8611e-25
7.7264e-54
2.8983e-09
3.4591e-42
3.4938e-48
1.2366e-66
2.5826e-25
0.00071601
0.0014038
2.8278e-14
3.1975e-31
1.3831e-66
3.0621e-09
2.6619e-14
1.2172e-66
2.3402e-09
1.0404e-19
1.8571e-09
2.97e-09
1.0764e-48
2.2302e-48
2.1947e-60
1.0079e-79
2.3025e-25
1.6718e-42
5.1809e-20
3.6363e-14
1.5847e-66
2.0794e-54
1.0079e-79
1.0079e-79
3.6242e-09
1.2265e-36
2.522e-19
3.9242e-09
1.3165e-19
2.7682e-25
2.9838e-19
1.6496e-25
1.0143e-36
3.2861e-73
1.0079e-79
4.076e-73
8.993e-09
2.6921e-09
0.00096611
1.0747e-30
3.3609e-42
0.0011656
2.5275e-48
1.7729e-25
0.0013609
2.9119e-14
1.2978e-14
2.4222e-14
3.5598e-48
1.0079e-79
3.1075e-48
1.0079e-79
8.1659e-09
0.0010515
1.1094e-36
4.8374e-20
2.5877e-14
3.0814e-20
2.2552e-25
1.0079e-79
5.8653e-31
2.0738e-48
3.736e-54
4.6929e-25
0.0020478
0.0010649
9.739e-25
0.00072722
7.1796e-20
5.2261e-31
1.6624e-30
7.4297e-37
2.3864e-48
0.0023495
0.00074085
5.3375e-09
3.5879e-20
8.0838e-31
3.5348e-09
4.5565e-48
2.8148e-09
2.9612e-42
2.3173e-25
2.4071e-54
1.1497e-36
0.0024266
1.5906e-66
4.056e-37
1.3866e-36
7.0574e-31
3.4007e-31
1.0079e-79
3.6137e-54
5.779e-31
1.069e-36
7.92e-20
4.5462e-54
2.0543e-42
1.0489e-36
6.5348e-67
2.3594e-25
1.0079e-79
2.6495e-09
0.0015736
9.5783e-31
2.7754e-48
2.5392e-20
1.0079e-79
6.9845e-20
3.9814e-31
4.9013e-42
1.5828e-09
1.3528e-60
1.0079e-79
1.1145e-66
7.5986e-31
0.001557
6.4911e-20
0.0011348
3.7351e-20
3.0877e-42
4.0044e-25
2.8238e-31
5.3606e-37
2.8177e-25
6.7345e-73
1.284e-14
7.3506e-20
2.8994e-25
7.71e-61
2.6217e-42
0.00074778
2.1073e-42
1.0079e-79
1.8074e-14
6.9589e-09
1.1952e-14
2.2714e-48
2.8471e-14
1.0079e-79
1.8902e-54
2.024e-25
2.2255e-30
1.0213e-36
1.9387e-25
2.0059e-60
3.0173e-42
7.1298e-42
9.0628e-54
2.0133e-14
1.1404e-14
4.0395e-36
0.0013677
1.0079e-79
1.0079e-79
1.0882e-42
3.188e-14
0.00097939
2.3938e-36
1.0079e-79
8.1505e-15
2.416e-09
3.1521e-36
3.0965e-14
1.0316e-30
3.0449e-25
4.1164e-09
5.5993e-25
0.00083152
0.00035037
1.9658e-66
2.1606e-42
7.596e-42
1.704e-42
1.3733e-60
0.0037441
1.7503e-30
6.5404e-09
2.3324e-30
1.6362e-36
2.0303e-66
5.3591e-09
5.1027e-09
8.0909e-20
7.2033e-14
1.4325e-19
3.2182e-14
1.1175e-14
2.4417e-42
6.3777e-20
2.6945e-54
1.0079e-79
8.0555e-37
4.969e-54
1.7327e-60
1.6642e-42
1.1759e-19
4.9241e-42
1.3783e-24
2.6835e-19
3.7684e-20
1.0131e-19
0.00077573
4.0902e-42
1.7823e-36
2.2775e-09
5.0111e-20
1.0079e-79
2.5166e-48
1.5033e-14
6.122e-20
9.929e-31
1.373e-48
2.3317e-42
3.0196e-66
3.1324e-14
5.6173e-20
9.9239e-20
0.0014949
2.7943e-09
1.6919e-42
1.3905e-30
1.4911e-36
1.0079e-79
1.3026e-30
0.0010598
2.9761e-20
0.00079407
2.1668e-14
3.0543e-09
0.0007431
1.0777e-13
2.0477e-14
4.3346e-14
4.0981e-25
2.984e-25
2.2286e-42
6.6688e-20
1.6413e-14
1.6494e-66
1.4906e-48
6.0142e-48
7.0949e-09
2.3814e-09
0.0027086
2.4887e-25
6.9419e-73
1.4521e-60
7.1016e-20
8.7322e-09
1.0649e-08
4.0637e-54
2.9008e-48
7.6119e-37
0.0007668
0.0018744
5.2184e-31
1.9772e-30
8.1079e-67
4.4004e-48
2.0268e-36
2.0833e-25
5.0453e-20
1.4392e-36
1.5454e-36
7.4933e-14
2.6591e-42
1.0079e-79
2.6247e-36
2.0399e-14
4.9662e-42
2.8198e-73
3.9479e-20
4.809e-20
4.6276e-09
2.9786e-25
2.6885e-36
2.2831e-30
2.0492e-14
2.1545e-60
3.1628e-36
8.3918e-20
1.1928e-14
0.0028283
2.3241e-42
3.1903e-48
7.0939e-20
3.2672e-20
3.5887e-09
3.3522e-09
1.0079e-79
1.0079e-79
1.8796e-25
3.4496e-09
4.6269e-20
4.6967e-20
1.0079e-79
1.6838e-08
7.8538e-20
2.4271e-66
1.0663e-30
3.0554e-54
5.2174e-48
2.9842e-42
3.6886e-48
3.6781e-25
1.2905e-30
5.2066e-20
9.8494e-37
1.7935e-14
2.5203e-42
6.7545e-31
5.2086e-20
1.3886e-08
1.9498e-14
3.0572e-09
1.0079e-79
7.02e-48
5.4196e-31
0.00094119
2.774e-25
5.5721e-20
2.2142e-60
4.6169e-54
5.6697e-09
1.0079e-79
2.5664e-54
3.537e-48
7.5252e-54
1.3043e-19
2.1433e-60
5.1208e-20
8.5566e-15
3.0031e-54
5.6111e-20
0.0026885
1.0555e-36
5.337e-09
0.0012956
6.6585e-20
2.2539e-25
6.637e-43
9.0983e-15
8.6916e-20
9.9454e-73
9.2492e-20
3.5803e-09
2.2956e-25
2.2167e-14
1.5311e-48
1.4348e-19
0.0010783
1.4038e-14
2.8433e-14
6.3207e-54
9.7888e-20
4.7623e-73
1.6368e-25
0.00066051
4.8974e-09
1.0079e-79
2.9661e-54
8.7302e-09
7.8389e-31
1.1512e-14
2.2213e-14
0.00051123
1.233e-25
9.8515e-42
6.9861e-31
9.93e-25
0.0017178
1.6658e-14
1.1114e-47
2.5675e-42
9.108e-31
7.8245e-37
2.461e-14
0.00057416
0.0010203
1.2985e-54
1.1717e-42
0.0010551
4.6099e-20
8.2604e-37
1.4551e-25
3.0919e-14
1.0079e-79
3.7051e-48
1.2211e-36
0.00112
1.9751e-14
2.1339e-14
7.385e-37
9.6954e-54
1.0079e-79
4.4048e-20
1.8789e-25
2.534e-14
2.0884e-36
1.0803e-19
1.9415e-14
5.0259e-25
3.6677e-09
2.3343e-66
8.1515e-37
3.3654e-36
4.2634e-09
1.5311e-54
7.4179e-09
0.0034195
7.7762e-20
1.9445e-36
0.00080249
5.165e-14
2.4387e-36
1.0079e-79
3.9572e-20
2.102e-36
0.0017783
1.4416e-08
8.6608e-20
2.1934e-20
1.2162e-08
4.6404e-09
7.5082e-31
2.9219e-42
1.0149e-36
1.8638e-09
1.9625e-25
2.7677e-66
7.3701e-31
8.283e-09
0.00080079
1.7077e-30
7.5745e-20
8.1751e-20
9.7888e-37
3.2889e-09
1.0259e-42
1.1961e-36
6.6246e-20
0.00084762
4.879e-14
1.3219e-14
4.0146e-36
3.1103e-14
4.532e-09
1.1633e-48
5.8987e-20
4.8657e-09
2.5082e-60
1.2918e-42
0.0012786
5.317e-54
3.6188e-20
3.5772e-09
2.967e-60
0.00067731
1.7374e-36
8.6085e-31
5.5685e-54
1.831e-48
7.5452e-31
4.5149e-09
5.5814e-37
4.5088e-14
1.196e-14
6.4454e-60
3.953e-60
7.0354e-31
2.4026e-25
1.6471e-14
0.00061088
4.1393e-15
2.3187e-30
8.8154e-43
1.0079e-79
8.0915e-09
1.8655e-36
3.6025e-60
0.0012048
3.2521e-73
1.9543e-72
3.1096e-25
1.6389e-25
0.0016793
8.2552e-31
2.5294e-14
1.0503e-48
7.2782e-73
6.4937e-09
5.3401e-42
4.5614e-48
0.0021915
2.8782e-14
8.3235e-54
0.002239
3.0647e-14
8.0976e-54
1.5908e-36
1.1928e-25
4.6218e-42
5.4504e-20
0.0016021
0.00055042
1.0079e-79
1.03e-08
1.3969e-36
8.3035e-60
1.6231e-60
9.3658e-09
0.0011768
1.0079e-79
1.2224e-08
4.5629e-42
7.1499e-20
5.3267e-20
3.0828e-60
1.2584e-66
2.3252e-48
3.2721e-48
4.2437e-60
2.807e-66
4.9569e-54
6.4629e-37
8.4827e-54
3.9935e-14
2.0729e-48
1.0079e-79
1.0079e-79
1.1496e-66
7.9174e-60
2.5803e-60
7.5277e-20
3.4077e-25
1.0079e-79
0.00072437
1.0079e-79
3.058e-36
1.7542e-72
4.0065e-54
6.1697e-37
3.6844e-25
7.576e-20
3.1356e-36
0.0018214
2.3912e-14
0.0011726
1.0136e-19
4.6746e-25
1.921e-36
7.4677e-09
1.2782e-19
2.0411e-48
2.7468e-20
5.2225e-14
8.8477e-37
1.3498e-48
9.4068e-31
4.6911e-14
5.4166e-09
1.818e-14
1.4887e-14
4.6464e-48
3.3726e-25
7.1026e-09
1.8935e-36
0.0016591
1.4304e-09
2.1643e-36
3.2262e-09
1.6423e-25
2.4903e-48
1.4331e-19
4.8345e-09
1.9048e-14
0.00090782
2.1471e-42
0.0016324
0.00052403
9.8155e-20
6.4624e-54
0.00090457
0.00088439
3.7963e-25
1.0079e-79
1.356e-14
0.00095632
3.5879e-60
1.0079e-79
1.6341e-48
1.56e-14
3.6563e-09
1.6536e-30
6.5219e-09
0.0046039
1.6592e-60
8.1767e-73
2.9954e-42
5.8596e-20
3.0419e-54
2.6854e-54
7.4071e-37
2.7482e-42
4.3346e-09
0.0011492
1.0079e-79
5.397e-42
1.7005e-14
2.2552e-48
1.0079e-79
4.7974e-20
1.3577e-25
9.8633e-31
0.00082389
3.7833e-20
1.0252e-14
9.775e-31
0.0015881
5.6897e-20
2.7115e-54
0.0012732
2.8036e-48
3.3172e-25
4.0716e-20
1.4271e-30
3.3405e-36
1.0079e-79
1.0079e-79
0.0034721
8.0222e-73
1.7257e-14
1.7197e-14
1.9249e-54
1.1194e-08
2.0489e-14
0.00097455
3.5175e-66
1.0786e-66
5.3483e-37
4.0993e-48
8.0976e-31
3.5586e-25
4.9051e-09
5.9546e-42
9.9156e-37
3.4359e-09
1.7358e-36
1.3441e-36
8.4442e-37
4.3371e-20
6.7499e-15
1.6837e-60
3.9309e-25
7.9811e-20
0.0013386
4.5769e-14
1.9056e-14
1.9016e-66
8.955e-67
1.8548e-42
4.9325e-20
2.1949e-14
4.3283e-25
1.1382e-19
3.6147e-20
1.4879e-54
0.0014183
1.1182e-36
2.8789e-66
2.9659e-25
4.8132e-14
0.0014268
3.101e-25
1.6436e-08
1.072e-08
1.1119e-07
1.6625e-14
3.0238e-25
1.8431e-14
2.1822e-42
1.0079e-79
7.4507e-25
2.5906e-42
1.0079e-79
3.5981e-54
3.1381e-09
1.9005e-09
2.4282e-25
6.9558e-67
3.5744e-54
5.8833e-25
6.2693e-73
3.04e-60
8.456e-37
1.0697e-14
3.311e-09
2.2567e-42
1.1736e-14
5.7231e-31
1.1207e-08
6.0409e-66
2.1504e-36
5.912e-31
9.5711e-31
2.5919e-14
0.0017296
4.9234e-20
1.4644e-42
5.5675e-37
8.8138e-31
6.3361e-14
1.545e-30
5.6168e-20
1.2902e-25
7.7716e-42
1.6943e-25
3.056e-09
1.2054e-72
2.4498e-42
1.0574e-36
2.8969e-09
4.6523e-42
3.5235e-54
1.0079e-79
0.001687
5.7754e-31
0.0023521
1.4044e-42
9.7647e-15
2.6829e-66
1.0382e-19
2.734e-14
1.3481e-25
5.7903e-73
9.74e-43
3.3924e-25
1.0079e-79
4.2216e-09
3.0647e-25
8.6162e-67
0.0029126
8.2003e-20
5.6866e-25
0.00074858
0.0013281
6.6282e-20
2.1469e-25
1.0079e-79
2.9517e-31
9.3226e-37
3.7044e-48
1.3841e-30
3.0817e-48
4.1776e-73
1.0079e-79
2.5299e-54
1.1229e-19
4.5249e-09
6.0999e-14
1.0079e-79
9.2277e-43
7.8435e-20
9.4515e-73
5.7159e-42
1.0536e-25
0.00060795
0.0015219
2.0806e-54
3.6719e-25
0.00049575
8.1315e-20
2.4963e-60
2.4524e-20
1.6221e-14
1.1633e-08
4.2535e-20
5.3709e-48
7.1509e-20
1.1754e-30
1.3088e-66
0.0012364
9.1044e-09
8.723e-09
5.7626e-09
3.0435e-66
2.5318e-09
4.9389e-09
1.3979e-60
4.2337e-14
4.5423e-31
0.00066943
4.0807e-37
3.0403e-19
1.0079e-79
9.4222e-09
6.7294e-15
2.0753e-14
1.0728e-66
7.9148e-54
1.5465e-48
0.0005786
4.9267e-31
5.0257e-14
6.3304e-60
2.236e-14
2.1363e-14
0.002226
3.3255e-09
1.3497e-36
4.6123e-54
3.8067e-60
1.0079e-79
1.6902e-25
5.7919e-73
4.5616e-54
6.7037e-31
3.687e-20
5.0515e-09
4.2731e-09
2.5243e-25
1.5962e-14
6.1163e-09
5.2944e-31
1.7879e-66
2.276e-19
1.0079e-79
8.3738e-15
0.00060892
0.0013988
1.1474e-42
1.804e-36
1.4755e-25
0.0028327
0.0012161
1.7276e-30
4.5525e-25
8.5638e-09
3.7077e-60
1.6542e-36
7.2356e-31
6.6929e-20
1.1355e-25
1.5139e-36
3.5121e-42
1.0079e-79
1.2255e-19
2.1202e-36
5.1429e-42
2.5787e-36
4.0155e-14
5.8822e-54
2.8761e-42
2.6426e-31
7.3321e-31
0.00065527
1.2212e-66
3.3847e-25
5.3508e-09
2.3684e-14
4.0539e-25
1.0079e-79
3.1828e-14
2.0274e-66
3.974e-09
5.931e-73
7.0595e-09
8.9807e-09
8.9412e-37
2.4812e-25
7.8846e-09
0.00079778
6.3412e-20
4.0022e-09
1.0507e-14
6.6914e-25
1.6993e-42
1.6443e-53
4.1567e-25
8.0073e-15
7.0723e-09
2.3301e-20
9.4561e-20
3.5035e-14
8.286e-26
1.6696e-25
6.9676e-09
9.6497e-43
1.1645e-25
1.7817e-36
7.1406e-20
1.837e-14
1.7575e-14
1.0079e-79
6.5045e-20
3.847e-36
8.1438e-37
2.3873e-60
0.00086304
8.6362e-09
1.1324e-19
3.274e-60
1.7198e-14
3.3549e-20
2.8763e-48
6.353e-09
3.3352e-09
8.6542e-20
0.00066875
0.0012677
8.6716e-20
4.6527e-48
1.2063e-14
1.9196e-09
7.7239e-20
1.0079e-79
5.2517e-25
2.5913e-09
2.1599e-36
1.8243e-14
1.0079e-79
9.7524e-20
1.0613e-14
1.2038e-14
1.0594e-14
6.7643e-31
5.1311e-67
1.8714e-14
2.4794e-36
0.00091617
1.5377e-66
0.0011014
3.2633e-09
1.2913e-48
2.0334e-60
0.0016884
3.4736e-09
4.909e-48
3.0798e-09
4.0167e-14
2.021e-66
8.1423e-15
1.7798e-25
9.4438e-31
2.1514e-42
1.2935e-48
4.3153e-31
4.3046e-20
9.775e-15
0.00077928
4.5878e-20
2.5736e-25
1.0072e-36
6.2262e-37
5.3914e-54
0.0010679
2.2777e-54
2.2505e-60
9.7524e-20
1.0079e-79
2.4501e-25
9.6363e-09
0.0016863
9.489e-15
2.7491e-20
1.0079e-79
1.0079e-79
0.0016693
8.1659e-61
6.6205e-14
3.2886e-54
2.3885e-25
0.0021558
5.0483e-09
0.0014316
2.8996e-25
1.9215e-14
1.2822e-66
0.00044529
0.00058172
4.3663e-25
9.8119e-15
0.00088909
1.0079e-79
1.0079e-79
1.7457e-48
4.1544e-14
2.4113e-14
2.1452e-36
3.79e-48
2.0854e-60
2.1623e-14
1.8717e-08
3.2866e-09
5.9628e-54
7.8383e-31
2.3324e-14
1.8902e-25
2.3168e-25
0.00081698
1.9733e-42
5.5634e-09
2.4557e-19
1.005e-59
4.5623e-60
3.8426e-20
0.00098976
5.3093e-14
6.7612e-67
1.5527e-60
6.5225e-20
1.1105e-08
0.001501
0.00089821
1.0079e-79
3.1354e-54
4.1439e-09
6.4059e-20
2.5887e-48
1.6187e-60
5.0897e-31
3.7558e-25
8.6685e-31
1.8278e-36
4.4671e-54
3.5589e-14
0.0018936
4.8994e-20
0.0032072
7.2531e-14
2.3715e-25
1.0079e-79
9.5116e-20
1.6798e-48
1.5064e-25
3.2335e-25
6.5086e-20
0.00080634
5.8709e-09
2.4289e-14
2.6119e-25
3.4117e-20
5.2184e-31
1.5493e-54
1.7762e-60
3.0598e-30
5.4925e-25
1.0079e-79
4.4899e-48
0.0016221
0.00043859
2.747e-25
3.4771e-09
5.244e-14
1.3087e-14
0.00054062
0.0024652
1.0079e-79
6.8254e-09
0.0044136
4.9023e-73
8.1305e-48
7.3871e-14
6.7073e-25
0.0017161
6.3864e-09
0.00031534
8.094e-20
1.0146e-72
9.1393e-25
4.4167e-31
1.663e-48
1.8737e-41
5.8643e-42
2.2524e-54
1.6383e-14
6.1456e-20
1.8154e-66
1.0079e-79
2.7084e-14
2.4415e-25
1.0079e-79
1.6149e-60
2.4294e-19
6.3659e-09
0.00095759
5.5079e-60
1.6795e-14
2.3329e-42
2.9803e-09
2.0388e-25
8.0283e-31
4.3981e-73
9.9244e-20
1.0804e-48
1.7304e-36
0.0015432
0.000662
2.9117e-48
3.14e-14
1.2209e-36
6.8849e-42
3.7852e-09
8.9833e-09
1.0079e-79
1.8173e-36
5.7641e-20
8.898e-37
6.0296e-31
8.6495e-37
3.6398e-48
8.5818e-20
3.663e-14
8.4914e-15
5.3365e-20
4.8853e-31
3.0203e-54
1.215e-30
1.0079e-79
1.2267e-36
8.8862e-25
2.0761e-20
0.00075444
7.7033e-37
1.2692e-13
1.1105e-19
9.8951e-54
2.9949e-14
8.496e-73
7.462e-09
2.0262e-25
4.4816e-48
6.4798e-31
2.0582e-66
2.4859e-31
0.0073899
9.9942e-20
4.4709e-60
0.0011226
6.1333e-31
6.9594e-20
1.0079e-79
1.2619e-08
0.00059536
1.7316e-14
2.7073e-14
1.0251e-19
3.5102e-14
4.8499e-54
3.1459e-25
2.3166e-19
0.00063034
8.3061e-15
3.4646e-42
1.4805e-19
2.6145e-66
0.0018027
5.894e-20
0.00099335
1.2944e-19
2.7028e-30
1.0079e-79
7.3229e-09
1.8857e-36
4.9567e-20
9.7909e-09
2.3212e-25
2.9958e-25
2.7033e-14
3.2763e-48
1.0079e-79
6.2159e-37
7.6453e-20
2.8735e-09
1.6263e-14
9.8453e-31
2.9375e-09
1.9222e-14
1.7293e-30
3.9371e-09
2.5082e-48
4.1816e-20
7.6823e-42
6.4285e-09
7.0672e-37
9.3478e-15
5.0829e-42
1.0079e-79
1.4664e-19
1.3217e-66
3.5844e-42
4.5762e-37
7.6335e-20
1.6008e-14
9.699e-37
2.5075e-60
3.4379e-25
0.0022812
5.3221e-67
3.9686e-42
3.7433e-31
1.0079e-79
1.0079e-79
0.0017525
0.00080249
4.749e-54
0.00073766
1.7524e-19
8.3769e-31
1.0079e-79
2.0531e-42
1.4915e-30
6.6524e-48
1.2504e-66
0.0010147
1.4342e-30
6.8285e-31
9.4751e-20
1.4063e-42
2.4666e-60
1.6661e-72
1.7623e-73
4.6376e-25
4.9206e-20
5.375e-20
3.5149e-42
1.547e-14
2.3843e-19
0.00091633
1e-30
1.5774e-25
2.8556e-66
2.2905e-60
1.0649e-09
3.2124e-14
6.2847e-20
0.0004991
8.8765e-73
6.1815e-31
4.4681e-73
6.0424e-20
9.4695e-37
2.2303e-14
1.8876e-36
2.5626e-36
3.0554e-42
2.3717e-54
1.9401e-25
0.0011437
1.7978e-19
7.7013e-31
3.7523e-60
1.4095e-66
1.5265e-36
2.8594e-25
3.5328e-09
2.3675e-09
9.9002e-09
9.9239e-54
2.7238e-48
4.0639e-25
1.3281e-08
1.9586e-09
1.107e-36
2.9259e-42
7.1791e-37
0.0043953
1.3365e-08
6.8947e-09
1.515e-09
0.00046093
1.524e-48
7.2428e-48
1.0079e-79
3.3135e-20
0.000902
7.6171e-31
1.4947e-25
7.9944e-48
1.571e-08
1.5889e-14
2.5278e-14
1.6572e-14
0.00053125
6.1836e-09
0.0020794
2.5926e-54
5.7128e-37
2.7059e-54
3.1698e-09
2.2642e-42
1.5058e-08
6.8439e-37
2.347e-42
1.0079e-79
3.04e-14
0.0016489
2.7954e-25
7.327e-15
0.0012156
1.1645e-36
1.2205e-66
1.3714e-60
0.0012784
2.392e-54
2.495e-14
3.2479e-31
2.8926e-36
4.4042e-09
1.0079e-79
6.9573e-09
3.8846e-14
8.2311e-37
3.4291e-48
1.5867e-42
8.3446e-20
1.4628e-60
1.0527e-72
4.7941e-54
2.0629e-25
8.5412e-37
9.7513e-37
2.1372e-30
2.3136e-30
1.9184e-60
1.6121e-42
0.00092431
1.0012e-66
5.1557e-25
2.6754e-25
3.1865e-54
5.1717e-09
8.6424e-26
6.8531e-25
1.7356e-42
2.9177e-36
1.2709e-19
0.0011137
2.441e-20
7.4492e-37
1.0613e-30
3.9014e-42
2.1969e-60
1.6996e-25
0.00094927
1.6722e-60
1.0079e-79
0.0015919
2.3496e-54
1.832e-66
3.8549e-20
1.3886e-19
0.0021052
3.8615e-09
2.6754e-66
1.931e-31
3.9767e-31
0.0018584
7.4035e-37
4.8234e-60
3.4158e-48
1.7708e-25
1.9304e-14
7.9842e-31
3.1089e-54
1.5469e-36
0.0023288
1.7648e-60
1.9698e-48
8.5956e-09
1.2013e-41
4.6746e-31
4.5832e-09
1.4324e-14
9.2867e-09
3.1637e-42
0.00081963
2.9394e-54
0.0005709
6.7463e-37
7.7033e-15
3.7625e-09
9.5321e-20
5.7169e-31
9.3848e-20
2.3239e-25
2.5154e-36
1.0079e-79
4.3906e-60
0.0013474
0.0022236
7.29e-20
3.2071e-09
1.2798e-19
4.9064e-20
4.3107e-25
1.621e-25
0.00059397
2.487e-42
6.0604e-31
6.2729e-20
1.0079e-79
1.3996e-30
8.3425e-31
1.1428e-30
2.391e-25
1.0108e-08
8.5859e-15
1.6163e-14
6.9707e-09
3.8351e-14
1.0323e-09
1.309e-19
1.6099e-54
1.7332e-14
4.1221e-09
1.6442e-60
5.6409e-25
0.00081095
4.662e-42
1.0385e-36
2.7145e-42
8.0442e-31
1.0079e-79
9.68e-20
1.0079e-79
4.0611e-60
3.5928e-48
0.0021987
2.488e-48
4.4177e-73
3.627e-25
4.803e-60
2.1879e-30
2.9026e-09
1.686e-60
0.0013537
1.4068e-48
6.0696e-09
0.0012925
1.0079e-79
1.0079e-79
9.2544e-20
2.2395e-60
8.7045e-37
1.7604e-48
2.754e-31
1.5818e-25
2.7552e-48
3.6977e-25
7.0841e-37
2.4417e-48
3.0856e-31
2.4103e-25
5.8663e-25
2.8766e-54
0.0009453
2.1772e-25
1.3343e-42
1.681e-14
5.3868e-25
2.1308e-14
0.00052823
3.6425e-48
3.2963e-42
9.5408e-31
8.4442e-31
5.9387e-37
1.7586e-14
7.5457e-09
2.6684e-42
4.1962e-09
9.7108e-73
0.0012616
4.8281e-14
3.3293e-54
4.4393e-25
1.7513e-14
2.4166e-60
6.6026e-20
7.0841e-25
1.419e-14
0.00049025
7.8271e-09
9.3252e-20
3.2682e-66
5.5136e-31
3.4139e-09
0.00065026
6.1959e-09
4.0674e-20
1.0891e-36
2.5473e-60
6.5055e-25
3.5323e-20
4.8606e-54
4.5697e-60
2.6387e-14
2.002e-42
2.9547e-60
1.259e-48
4.2813e-20
4.1786e-25
9.8843e-73
6.1893e-48
2.0504e-09
6.5723e-31
6.4819e-31
1.1015e-36
7.5128e-20
1.0079e-79
1.2518e-14
7.6109e-31
1.8742e-14
1.5995e-66
3.413e-09
3.1649e-54
1.1897e-09
1.6067e-30
1.827e-14
1.2116e-42
3.4726e-54
3.0323e-14
2.934e-09
1.2836e-60
3.3628e-54
3.1082e-36
2.3289e-60
2.2436e-54
1.7795e-14
0.00067546
1.8421e-09
1.1802e-66
1.9802e-48
1.4603e-30
1.3289e-36
8.9699e-37
0.00231
2.7408e-48
8.0951e-26
0.0018685
0.0018836
6.3612e-37
9.6184e-37
1.9456e-42
2.2069e-48
1.0079e-79
9.2585e-15
0.0047203
1.8148e-20
2.7577e-14
1.0079e-79
2.77e-48
2.741e-25
0.00090233
1.0595e-36
3.6465e-48
0.00099694
5.6091e-37
5.397e-31
1.2623e-36
2.7329e-42
2.6917e-25
1.0234e-72
1.0079e-79
6.6488e-37
1.5343e-30
1.6407e-42
3.8019e-42
1.4116e-19
0.0054831
0.0010871
0.0010934
4.326e-36
4.5811e-54
1.5482e-36
6.4311e-73
3.9514e-54
3.1988e-48
7.8132e-20
3.7368e-48
2.0628e-14
1.3875e-25
5.3334e-20
6.6606e-20
0.0014039
1.3774e-19
5.4366e-20
0.0012121
1.3089e-19
2.5129e-36
1.0079e-79
5.701e-60
5.9592e-25
3.4165e-14
1.275e-66
0.0031293
1.1318e-36
8.2342e-20
2.0082e-66
6.1364e-42
1.4634e-14
2.4612e-14
4.9715e-42
1.6024e-19
1.8148e-19
0.0014523
0.00036127
0.0010052
3.6798e-20
1.0079e-79
1.0079e-79
0.0013152
1.3177e-25
6.8115e-42
5.1917e-25
7.7126e-31
3.4898e-42
2.5156e-48
0.00091394
2.8222e-25
0.0010895
2.3589e-66
4.0093e-54
1.6233e-19
1.4026e-14
9.6209e-09
1.0728e-36
0.00067187
0.0012686
1.4234e-60
1.4707e-14
9.5809e-15
7.8779e-14
3.2695e-25
4.1046e-14
