0.0010417
2.5179e-11
2.5179e-11
2.5179e-11
0.00041052
2.5179e-11
2.5179e-11
0.00039564
2.5179e-11
2.5179e-11
0.00016215
5408.2
8180.1
5768
2066.1
5276.5
2.5179e-11
2135.9
3136.6
2.5179e-11
2.5179e-11
3937.5
2.5179e-11
0.0015559
6414
2.5179e-11
0.00048568
2.5179e-11
0.00074612
0.00035
2.5179e-11
2.5179e-11
4449.2
2.5179e-11
0.001038
4951.1
2.5179e-11
2.5179e-11
2.5179e-11
2.5179e-11
0.00067139
3061.8
3819.9
2.5179e-11
0.0020972
2.5179e-11
5808.1
6584.8
6077.1
3763.8
0.00030017
7653.7
2.5179e-11
2.5179e-11
2.5179e-11
2.5179e-11
4820.9
0.00083311
2.5179e-11
5878.4
0.00052241
0.0004663
2.5179e-11
2.5179e-11
4864.6
0.001009
2.5179e-11
2.5179e-11
6153.2
2.5179e-11
4822.2
2.5179e-11
2.5179e-11
2.5179e-11
5022.7
2.5179e-11
2.5179e-11
3720.1
10128
2.5179e-11
0.00035687
6074.7
2.5179e-11
1372.1
2.5179e-11
2.5179e-11
2.5179e-11
4913.1
1707.1
2.5179e-11
10805
0.00035148
0.0004533
5314.9
0.00065527
2.5179e-11
10611
3463.3
2.5179e-11
10131
0.00016989
0.00022363
0.00037491
1528.3
2.5179e-11
2.5179e-11
3549.9
2.5179e-11
0.00044025
0.00014501
2.5179e-11
2.5179e-11
2.5179e-11
2.5179e-11
0.00029904
0.00069894
2514.1
0.00080622
2.5179e-11
0.0018213
2.5179e-11
2.5179e-11
0.00032164
0.00057859
5809.6
0.00028577
2.5179e-11
2.5179e-11
6018.4
1341.5
2.5179e-11
2.5179e-11
2.5179e-11
2.5179e-11
0.00095835
2.5179e-11
0.0011492
4459.1
3218
6325.4
4260.3
2.5179e-11
17504
0.001916
2.5179e-11
2.5179e-11
2.5179e-11
7872.5
2.5179e-11
0.00091227
2.5179e-11
0.0027863
2.5179e-11
0.0011969
2.5179e-11
3631.3
2.5179e-11
7875.3
2.5179e-11
4038.1
0.00020363
2.5179e-11
2.5179e-11
2.5179e-11
0.00031545
2300
0.00019668
2.5179e-11
2.5179e-11
0.00037697
2.5179e-11
0.00043475
2.5179e-11
2394.5
2.5179e-11
0.00057161
0.00035258
0.0003553
4952.1
0.00034181
0.0005308
7627.1
3166.9
2.5179e-11
11150
4198.4
9806.6
2.5179e-11
2.5179e-11
5372.1
2.5179e-11
5232.5
2.5179e-11
0.0010435
0.00088564
2807
2.5179e-11
0.00026259
0.00033895
2150.9
9950.8
2.5179e-11
2.5179e-11
2.5179e-11
0.0013901
0.00027922
2222.2
0.0010884
0.0057222
2.5179e-11
4334.5
0.00039861
0.00023347
2.5179e-11
0.00053964
2.5179e-11
6615.3
0.00032172
0.00042809
2.5179e-11
0.00044255
16096
0.0014779
8819.7
6079
2.5179e-11
3750.8
0.00021476
2.5179e-11
2.5179e-11
2031.1
2.5179e-11
0.00032709
0.00087518
2.5179e-11
0.00042387
1846.8
14418
0.00072335
3885.2
0.00099919
9865.7
8327.7
0.00021724
0.0010289
2.5179e-11
0.00077417
0.00030963
0.00043443
7933.4
2.5179e-11
5709.7
7203.1
2.5179e-11
4339.6
2.5179e-11
0.0007138
6665.1
19382
7476.8
5515.9
2.5179e-11
0.00034607
2.5179e-11
2.5179e-11
2.5179e-11
4576.5
7218.2
2.5179e-11
2.5179e-11
0.00034314
2.5179e-11
2.5179e-11
2.5179e-11
3649.9
3178
2.5179e-11
2.5179e-11
2.5179e-11
0.00014879
2.5179e-11
0.0019539
8836.4
0.00019435
2.5179e-11
2.5179e-11
0.00095518
0.00018323
0.00058348
2.5179e-11
2.5179e-11
0.0011805
2.5179e-11
2.5179e-11
0.00049585
2.5179e-11
3154.4
2.5179e-11
2.5179e-11
4718.7
3012.4
2.5179e-11
2.5179e-11
2.5179e-11
2.5179e-11
0.0057859
3128.1
3703.2
12070
2.5179e-11
2.5179e-11
5004.6
0.00064116
5372
0.00028847
0.0004365
3627.1
1689.6
3420.1
0.00047785
0.00068431
2.5179e-11
0.0010077
2.5179e-11
2.5179e-11
2.5179e-11
1488.1
2.5179e-11
2.5179e-11
0.00065282
0.00084058
2586
2.5179e-11
6869.4
2.5179e-11
0.00037419
2.5179e-11
0.0002687
0.00057214
5778.7
0.0013516
17902
2.5179e-11
4991.2
9226.1
2.5179e-11
2789
0.00022385
2.5179e-11
0.00043538
0.00093624
2.5179e-11
0.00065692
2.5179e-11
4960.7
0.00054537
5307.2
2.5179e-11
4339.1
2.5179e-11
2.5179e-11
2.5179e-11
2317
2.5179e-11
2.5179e-11
12409
0.00047118
1304.3
5690.6
2.5179e-11
1796.2
2.5179e-11
2.5179e-11
2.5179e-11
2.5179e-11
2.5179e-11
6002.1
0.00039537
5249.4
2701.5
3698.6
2.5179e-11
0.0011656
2.5179e-11
4480.5
2815.9
2.5179e-11
3161.9
0.00070565
2.5179e-11
6708.3
2.5179e-11
0.00050481
1394.6
0.00031164
2.5179e-11
0.00048886
2.5179e-11
2.5179e-11
2.5179e-11
0.00047182
5030.2
4958
2812.1
2.5179e-11
2.5179e-11
2.5179e-11
2085.9
2.5179e-11
0.00077255
7359.7
3730.2
2.5179e-11
2.5179e-11
2.5179e-11
0.00039232
2.5179e-11
2523.3
1701.5
0.00037456
2.5179e-11
4138.5
2.5179e-11
2.5179e-11
10578
2.5179e-11
0.0022304
0.00024008
0.00042094
3417.7
4194.5
0.00016207
2.5179e-11
2.5179e-11
0.00021004
5856.5
0.00051355
0.00026444
3815
0.00073011
2.5179e-11
2.5179e-11
7084.2
2.5179e-11
4994.5
8101.7
2.5179e-11
2.5179e-11
2.5179e-11
2.5179e-11
2.5179e-11
11011
0.00069649
2.5179e-11
2.5179e-11
17058
11407
2.5179e-11
0.00050287
2.5179e-11
2.5179e-11
0.00021554
2.5179e-11
2.5179e-11
6866.1
2791.1
5301.1
2.5179e-11
2.5179e-11
2.5179e-11
0.00052795
12365
2.5179e-11
2.5179e-11
2.5179e-11
9842.8
2.5179e-11
0.00039744
0.00034608
2084.1
6429.6
2.5179e-11
0.00042648
0.00050237
5786.6
3105.7
0.00053947
2.5179e-11
0.00024603
1793.5
4387
3713.9
2.5179e-11
5133.3
0.0005408
2.5179e-11
2.5179e-11
0.0004068
0.00034327
6790.6
12615
0.00023166
2.5179e-11
0.00028453
2.5179e-11
2.5179e-11
0.0029037
2.5179e-11
0.0001967
0.00039791
2.5179e-11
2954.8
2.5179e-11
3519.1
1413.1
4505.4
10172
2.5179e-11
2.5179e-11
0.00039781
2.5179e-11
3824.1
2.5179e-11
3379
0.0004376
2.5179e-11
2.5179e-11
12208
3958.1
4120.8
7041
2.5179e-11
14651
35010
2.5179e-11
0.00022622
2.5179e-11
3846.2
0.00060082
0.0018419
2.5179e-11
2.5179e-11
3379.7
5901.2
8518.7
6370.4
1480.5
0.00030858
0.001162
2.5179e-11
0.00039179
2.5179e-11
0.0011755
0.00013235
7373.3
2.5179e-11
2.5179e-11
2.5179e-11
2.5179e-11
0.00107
0.001165
0.0013146
1534.6
0.00018283
2.5179e-11
2.5179e-11
2.5179e-11
2.5179e-11
8472.2
8161.3
1525.6
0.00038765
2.5179e-11
0.00068091
3755.3
2.5179e-11
2.5179e-11
4261
0.00065359
6002.2
3585.9
2.5179e-11
1806.8
2.5179e-11
2.5179e-11
3978.1
7777.6
2.5179e-11
2.5179e-11
0.0013872
2.5179e-11
7791.6
0.00017735
7956.5
2566.2
2.5179e-11
0.00037608
2.5179e-11
2.5179e-11
2.5179e-11
2.5179e-11
4649.3
2.5179e-11
2.5179e-11
0.00022002
14738
2.5179e-11
5572.2
0.00028921
2305.2
3626.7
1451.3
2.5179e-11
0.00073239
6033.7
0.00070115
2030.6
0.0010547
0.00075179
2557.5
2.5179e-11
5191
0.0017783
2.5179e-11
2.5179e-11
0.00060437
2.5179e-11
5245.1
2.5179e-11
0.001071
1236.4
0.0005209
0.00059404
2083.7
0.00018123
5416.7
0.00023569
2.5179e-11
6734.8
0.00064912
2.5179e-11
2.5179e-11
0.00027275
2804.9
5466.6
0.00081504
0.0012035
28898
2.5179e-11
8855.6
0.00099796
2.5179e-11
2.5179e-11
2.5179e-11
0.00042269
2.5179e-11
0.0022564
2.5179e-11
2.5179e-11
2.5179e-11
2.5179e-11
0.00048354
9689.3
2.5179e-11
2.5179e-11
0.00019753
0.00012824
4514.5
3232.1
2.5179e-11
6297.1
3425.5
2712
2623.1
0.00026328
1669.7
2.5179e-11
3698.4
24237
11038
2.5179e-11
6006.4
2.5179e-11
2.5179e-11
2.5179e-11
15089
2.5179e-11
2.5179e-11
2237.7
2.5179e-11
2.5179e-11
2.5179e-11
2.5179e-11
0.00088267
2.5179e-11
7424.6
2.5179e-11
2.5179e-11
2.5179e-11
0.00076024
2.5179e-11
5036.9
8008
1849
2.5179e-11
2.5179e-11
0.00055356
2.5179e-11
2.5179e-11
3988.2
2.5179e-11
2.5179e-11
2.5179e-11
2.5179e-11
2.5179e-11
2.5179e-11
1630.1
2.5179e-11
0.00016252
0.00053018
2.5179e-11
3582.3
0.00036098
0.00038763
6067.9
2.5179e-11
2.5179e-11
3076.4
2.5179e-11
7433.3
2385.6
2.5179e-11
58452
12248
2.5179e-11
2.5179e-11
2.5179e-11
2.5179e-11
2.5179e-11
2.5179e-11
0.00037864
0.00024587
3855.9
2.5179e-11
2.5179e-11
1983.9
2.5179e-11
0.00075845
2600.6
2944.8
2160.6
2.5179e-11
2.5179e-11
3070.2
5782.8
0.00047141
0.00018034
8062.4
2.5179e-11
0.00038633
0.00049703
3176.8
0.00076814
0.00044885
0.00036997
2.5179e-11
0.0024006
0.0014867
2.5179e-11
2.5179e-11
0.00028239
8000.4
0.00046033
4007.1
0.0010517
0.00028463
0.00028258
9597.7
1853.8
0.0004985
5663.4
0.00033864
2.5179e-11
3694.4
0.0014721
0.00025666
0.0010198
9344.8
2.5179e-11
2.5179e-11
5299
8617.5
2.5179e-11
2.5179e-11
2.5179e-11
4910.4
14015
2.5179e-11
23371
0.00047533
2237.7
0.00037457
3080.9
2.5179e-11
2.5179e-11
2.5179e-11
2.5179e-11
4478
0.001105
6937.4
2.5179e-11
21452
4160.3
9127
2.5179e-11
5148.7
2.5179e-11
0.00081574
2702.4
2.5179e-11
5819.8
0.0014967
2.5179e-11
2.5179e-11
2.5179e-11
2410.1
5999.4
0.00075512
2.5179e-11
4966
2.5179e-11
0.00013562
2.5179e-11
0.0011317
0.00053367
2.5179e-11
2.5179e-11
4568.5
2.5179e-11
2.5179e-11
0.00077106
2.5179e-11
24280
1804.4
0.00066473
2.5179e-11
2.5179e-11
1778.1
2.5179e-11
0.00020699
2.5179e-11
2375.8
2.5179e-11
2333.9
2.5179e-11
0.00077341
2634.1
0.00018598
5616.9
1535.2
2.5179e-11
2.5179e-11
0.00039556
2.5179e-11
2.5179e-11
2.5179e-11
2.5179e-11
2.5179e-11
0.00085267
5699.8
2.5179e-11
0.00042835
0.0066706
0.001068
2.5179e-11
2.5179e-11
2.5179e-11
0.00039999
1382.3
2.5179e-11
0.00043415
6252.6
6259.3
0.00031581
0.00027887
3951.2
0.00071042
0.00049411
2.5179e-11
2.5179e-11
3491.6
2.5179e-11
0.00045449
2.5179e-11
0.0002439
0.00037661
3614.5
2.5179e-11
0.00032697
2.5179e-11
2.5179e-11
2.5179e-11
0.00016216
0.0014612
2.5179e-11
2.5179e-11
2.5179e-11
2.5179e-11
2.5179e-11
3877.3
2.5179e-11
2.5179e-11
2.5179e-11
10464
2999.5
2.5179e-11
5712.4
2.5179e-11
1244.5
0.00065669
6834.8
0.00054955
6209.1
2.5179e-11
6946.1
0.0014937
2.5179e-11
2.5179e-11
9507.6
14348
2.5179e-11
0.00028359
15834
2.5179e-11
0.00029691
8509.6
2.5179e-11
0.0005001
4462.8
2.5179e-11
0.0011061
0.00021225
772.7
2503.3
7638.5
0.00048154
2.5179e-11
0.00058025
6097.8
2.5179e-11
2.5179e-11
2.5179e-11
2.5179e-11
0.00035455
0.00015084
2.5179e-11
2780.7
2.5179e-11
2.5179e-11
9406.5
0.00040951
4192.1
0.00054105
0.00043522
2.5179e-11
0.00079826
2.5179e-11
0.00092206
2.5179e-11
2.5179e-11
2163
3339.2
5956.8
0.00047856
2.5179e-11
23466
0.0011888
2.5179e-11
2.5179e-11
1561.4
2.5179e-11
2.5179e-11
2.5179e-11
2.5179e-11
2.5179e-11
1946.4
2.5179e-11
2.5179e-11
0.0024903
0.00021511
5185.6
2.5179e-11
0.00027706
2.5179e-11
2.5179e-11
7628.6
2.5179e-11
2.5179e-11
0.00055641
2.5179e-11
2.5179e-11
2.5179e-11
6745.7
2.5179e-11
0.00075917
0.00049061
0.0021237
0.00020088
2.5179e-11
2.5179e-11
6966.2
4094.5
4286.1
0.00026032
5414.4
2.5179e-11
0.00043308
14374
0.0024899
0.00055095
1686.6
0.00052547
8414.1
2.5179e-11
2633.8
2.5179e-11
2.5179e-11
2.5179e-11
2.5179e-11
2.5179e-11
1118.9
0.00030641
2.5179e-11
4230.6
2.5179e-11
0.00053307
2.5179e-11
9508.1
4185.7
12959
0.00070217
0.0008728
2.5179e-11
0.00077101
2.5179e-11
7159.4
2.5179e-11
0.00025573
2.5179e-11
2.5179e-11
15812
0.00026727
0.00072295
0.00020847
6500.9
2.5179e-11
2.5179e-11
10897
19475
6003.1
0.00070916
2.5179e-11
0.00024855
0.00086746
2.5179e-11
2.5179e-11
2.5179e-11
2464.6
2781.4
3456
3692.7
2.5179e-11
0.00089184
2.5179e-11
15918
0.00088379
0.0017315
2.5179e-11
2.5179e-11
2.5179e-11
2.5179e-11
2.5179e-11
28545
0.0010119
2.5179e-11
2.5179e-11
4997.9
2.5179e-11
2.5179e-11
8706.7
0.0001176
0.00049231
3965.5
2.5179e-11
1539.7
2.5179e-11
2.5179e-11
3991.2
0.00089019
0.00037844
2.5179e-11
7283.6
0.00043791
45603
2272.3
0.0003497
2.5179e-11
0.0004952
0.0017941
2259.6
2.5179e-11
0.00040329
7702.6
2.5179e-11
0.00053832
2.5179e-11
5429.4
3472.4
2.5179e-11
4361.9
2.5179e-11
0.0012535
0.00029166
6059.1
6505.4
0.00039427
0.0004345
0.00050017
5550.1
4267.8
2.5179e-11
8093
0.00058483
0.0011984
2.5179e-11
0.00018147
1604.3
0.00063364
6346.8
0.0012014
3776.9
2.5179e-11
2737.6
2.5179e-11
2.5179e-11
2.5179e-11
2.5179e-11
2.5179e-11
0.00029102
0.00055498
2.5179e-11
0.00051223
6010
0.00039754
4221.1
2.5179e-11
8748.3
0.00038103
0.00059151
2.5179e-11
0.0010132
0.00031639
13594
0.00064785
2415.5
0.00045235
2.5179e-11
0.00023504
0.00045426
0.00025728
2.5179e-11
2.5179e-11
0.00021954
3535.1
2.5179e-11
2.5179e-11
0.0002725
0.00038799
5615.6
2.5179e-11
7706.3
2.5179e-11
9664.5
0.00090072
2.5179e-11
9334
3517.3
1966.6
0.00035785
4315.5
9046.1
8635.5
2782
0.00068032
0.00057301
2.5179e-11
2.5179e-11
6643.3
2.5179e-11
2.5179e-11
0.00033038
3149.6
2721.2
2.5179e-11
0.00074904
2078.3
0.00042358
0.00080031
2.5179e-11
0.00045912
0.00031108
5494.3
0.000498
2.5179e-11
2.5179e-11
5090.5
0.00010451
0.00069131
2610.8
5528.6
2.5179e-11
0.00078762
2.5179e-11
0.00043428
7586
0.00016449
3729.1
3287.9
7299.6
2621.6
2.5179e-11
2.5179e-11
0.000204
4962.3
2.5179e-11
4766.5
2.5179e-11
7011.4
0.0011857
8764.4
2.5179e-11
6523.1
8360.6
0.00031045
2.5179e-11
0.00043291
0.0026045
2.5179e-11
2.5179e-11
0.00024414
2284.6
2.5179e-11
1772.1
0.00045291
2.5179e-11
2.5179e-11
2.5179e-11
2.5179e-11
4404.1
2.5179e-11
0.00036027
2753.9
4916.3
2.5179e-11
0.00044557
2.5179e-11
0.00035209
2.5179e-11
2.5179e-11
6116.6
2.5179e-11
2.5179e-11
2.5179e-11
2351.7
4465.7
2.5179e-11
9464.7
14993
0.00047835
2.5179e-11
0.0007981
2916.5
2.5179e-11
4399.3
0.00031919
2737.5
2.5179e-11
2.5179e-11
2.5179e-11
2.5179e-11
8843.1
2601
2.5179e-11
2571.2
2.5179e-11
2.5179e-11
2.5179e-11
15190
6396.3
0.00034104
2.5179e-11
4326.6
8554.3
2.5179e-11
2.5179e-11
3605.9
2.5179e-11
2.5179e-11
2.5179e-11
2.5179e-11
0.00017938
0.00059245
3590.8
2178.3
2.5179e-11
2.5179e-11
0.00090804
4232.1
2.5179e-11
0.00024722
2028.8
3342.4
2.5179e-11
2.5179e-11
0.00035666
0.00077035
0.00032521
2.5179e-11
4156.5
2.5179e-11
23269
2.5179e-11
0.00041599
5415.8
1592.6
2221.7
0.00051961
5008.5
4473
8833.3
0.00015186
0.00021007
4953.1
2.5179e-11
3539.9
3623.3
1492.2
0.00094035
2.5179e-11
0.0014336
0.00032117
2.5179e-11
5399.4
5932.7
25507
2.5179e-11
2.5179e-11
2.5179e-11
2.5179e-11
0.001854
6208.7
1974.8
0.0015009
0.0011794
2.5179e-11
6582.8
2.5179e-11
2.5179e-11
4234.2
2.5179e-11
0.00032546
0.00086082
4980.2
3967.5
2.5179e-11
0.00042986
2.5179e-11
0.00035986
2.5179e-11
2.5179e-11
2.5179e-11
0.00066568
4552.8
1859.4
12923
10468
1150.7
2.5179e-11
2.5179e-11
4475.4
2.5179e-11
0.00039618
2.5179e-11
0.00017767
2.5179e-11
2.5179e-11
2.5179e-11
2.5179e-11
2.5179e-11
2891.3
0.00086806
2.5179e-11
2.5179e-11
0.00020358
2.5179e-11
2.5179e-11
0.00016404
5619.7
2.5179e-11
2.5179e-11
0.00087782
2678.7
7123.3
2.5179e-11
2380.4
0.00019674
2.5179e-11
2.5179e-11
2.5179e-11
0.0002436
2.5179e-11
2.5179e-11
2.5179e-11
0.00097965
2403.6
2.5179e-11
917.49
2.5179e-11
1782.1
2.5179e-11
0.00020389
0.00043057
7711.8
0.00063957
1771.6
2838.4
2.5179e-11
2.5179e-11
2190.5
0.00035497
0.00057825
0.00026206
5159.3
2.5179e-11
2.5179e-11
2861.2
10002
0.00093814
0.00043998
6163.2
2.5179e-11
27937
2.5179e-11
11465
0.00039336
2.5179e-11
2.5179e-11
6165.3
0.00061692
2.5179e-11
3355.9
1176.2
0.00029241
0.00016387
0.0005163
2.5179e-11
0.00014229
9179.6
2.5179e-11
2.5179e-11
2323.1
2.5179e-11
1676
0.00056397
2.5179e-11
4008.2
0.00057872
3274.5
5477.8
0.00051469
2.5179e-11
2.5179e-11
1818.6
2.5179e-11
1658.4
11142
6414.4
4310.9
0.00023054
1856.9
2.5179e-11
2.5179e-11
2939.8
0.00087614
8128.3
11840
0.00021589
5554.5
2.5179e-11
0.0012968
2.5179e-11
4410.7
2.5179e-11
2.5179e-11
9731.7
2.5179e-11
0.00024825
0.00050723
9849.2
0.00073939
2.5179e-11
2.5179e-11
1338.9
2.5179e-11
0.00017355
0.00052884
4208.2
0.00016217
2.5179e-11
2.5179e-11
5367.7
2.5179e-11
2833
4075.6
3157.8
6217.5
2.5179e-11
0.00050962
2.5179e-11
2492.4
0.0005846
2.5179e-11
0.0022333
2708
7125.1
1545.4
4252.8
2.5179e-11
0.00083815
0.00044023
2175.5
0.00011529
2.5179e-11
0.0011237
2522.3
0.00042008
0.00070533
4038.8
2.5179e-11
4196
2.5179e-11
0.00033371
2.5179e-11
0.00058691
2.5179e-11
0.00030238
2.5179e-11
0.00031262
2.5179e-11
2.5179e-11
0.00056529
2.5179e-11
7514.9
0.0011029
3803.3
2.5179e-11
2158.3
0.00022351
4800.8
5709.9
10829
5586.8
3508.6
13943
2.5179e-11
10448
2.5179e-11
0.000461
2.5179e-11
5088.6
2.5179e-11
2.5179e-11
0.00042764
3851.5
2.5179e-11
2.5179e-11
0.00021557
2.5179e-11
11187
51431
2.5179e-11
2.5179e-11
9470.5
2.5179e-11
2.5179e-11
0.0002597
2.5179e-11
5646.9
20868
2870.8
6193.9
2.5179e-11
0.00021469
0.00079602
0.00042148
4169
2.5179e-11
1916.3
0.00045687
0.00027112
1015
4670.3
0.0010768
2.5179e-11
0.0005388
5907.8
0.0003656
3397.1
2.5179e-11
0.00013168
3226.1
0.00023799
2.5179e-11
2.5179e-11
2.5179e-11
0.00096641
0.00053603
2.5179e-11
2.5179e-11
0.00022658
1506.5
0.00024824
3643.5
0.00043033
3859.9
0.00072658
0.0011746
2613.2
2968.3
0.00043271
0.00015189
2943.6
2.5179e-11
0.00044018
6774.9
0.00080141
1506.4
2.5179e-11
1573.8
2.5179e-11
1486.4
0.00026588
0.00082173
0.00051797
0.0019502
0.00039598
3179
0.00071885
0.00026339
0.00042503
0.000593
0.00019952
20661
3368.6
2.5179e-11
2.5179e-11
2364.5
2.5179e-11
2.5179e-11
4806.4
1949.5
2.5179e-11
6698.2
0.00038249
2725.9
4593.3
2.5179e-11
3813
2.5179e-11
2.5179e-11
0.00017225
4735.3
0.00023809
2.5179e-11
0.0010214
1495.8
5191.6
11341
0.0005785
0.00091906
2.5179e-11
0.00047443
2.5179e-11
0.00093055
2.5179e-11
2.5179e-11
6182.9
2.5179e-11
3192.1
3049.7
9986.2
5486
2.5179e-11
2.5179e-11
0.00076324
2.5179e-11
2977.8
0.00028424
0.00065192
0.00037186
0.00063745
2.5179e-11
5289
8384.1
2.5179e-11
0.00018639
4440.4
2.5179e-11
5655.8
7881.4
2.5179e-11
4112.4
2.5179e-11
4407.6
4142.3
0.00049842
2904.8
0.00043172
2.5179e-11
8582.8
2.5179e-11
2.5179e-11
0.0002192
0.00031476
2.5179e-11
0.00040848
0.00060004
2.5179e-11
0.00014969
0.00074223
2.5179e-11
2401.3
0.00075571
0.00027356
0.0088379
0.00056386
5261.3
0.00069726
2.5179e-11
2.5179e-11
6208
2.5179e-11
4849.6
2.5179e-11
2.5179e-11
2.5179e-11
6262.2
1952
0.00053301
0.00030812
2.5179e-11
4259.7
2.5179e-11
2.5179e-11
2468.4
2490.2
2.5179e-11
0.00058172
2.5179e-11
4475.7
2.5179e-11
2.5179e-11
0.00080003
2145.9
0.0011631
2.5179e-11
3456.8
5366.1
2.5179e-11
14205
5985.1
2016.8
0.00027712
0.00047734
2.5179e-11
0.00030581
0.00016307
0.00044824
0.00056187
2.5179e-11
4432.5
2.5179e-11
2.5179e-11
0.00075271
5404.2
4143.5
2446.9
2.5179e-11
0.0001649
0.00069867
2220.2
2.5179e-11
2.5179e-11
0.0010652
1953
0.00083588
12989
1631.2
3421
2.5179e-11
2726.6
2221.5
0.00028236
0.00047438
929.9
2.5179e-11
2.5179e-11
2203.2
0.00017903
2.5179e-11
2.5179e-11
2.5179e-11
0.00038842
2.5179e-11
2.5179e-11
0.00029472
2.5179e-11
0.00037269
2.5179e-11
0.00038208
2.5179e-11
2.5179e-11
2.5179e-11
21136
2.5179e-11
2711
0.0006877
0.0003246
0.0008337
8307.1
2.5179e-11
2.5179e-11
2.5179e-11
3056.2
2.5179e-11
0.00011118
2074.3
2510.4
2.5179e-11
2.5179e-11
2.5179e-11
0.00039593
2301.6
0.0006836
0.00015489
3245.2
0.00085552
2.5179e-11
9483.2
5706.2
0.00081204
2031.2
8859.3
0.00016254
2.5179e-11
3224.5
2.5179e-11
0.00023765
0.00040056
2.5179e-11
0.00032865
2.5179e-11
7866.8
0.0010291
6637.6
1180.3
2.5179e-11
0.00017889
5519
0.0020469
2.5179e-11
4075.2
2.5179e-11
3321.8
2.5179e-11
2.5179e-11
2264.3
2.5179e-11
0.00087941
2.5179e-11
2.5179e-11
2.5179e-11
0.00036255
2018.8
11548
2.5179e-11
0.00034334
8454.8
2.5179e-11
0.00018648
2817.5
4986.8
5290.2
2954.9
5663.4
0.00015685
2.5179e-11
3049.9
2.5179e-11
2.5179e-11
3606.5
5470.2
2737.3
2.5179e-11
5084
0.00027653
5229.2
2299.6
4563
0.00044817
2.5179e-11
2.5179e-11
1761.5
0.00014806
2.5179e-11
0.00036561
0.00042444
3310.9
9.1955e-05
20000
4439.6
4306.9
1686.6
2.5179e-11
2.5179e-11
2.5179e-11
0.00023014
2.5179e-11
0.00013099
2.5179e-11
2.5179e-11
3580.3
4128.1
0.00065794
2.5179e-11
5750.3
2.5179e-11
3031.5
0.00012547
0.00027711
2.5179e-11
0.00087478
0.00081199
2.5179e-11
0.00078094
2099.5
0.00023982
7394
2.5179e-11
2.5179e-11
2.5179e-11
2330.2
4403.5
0.00038871
2498.8
0.00035045
0.00088985
0.00012914
7875.4
0.00080347
2.5179e-11
0.00061786
2.5179e-11
0.00030163
2.5179e-11
3988.9
3375.2
12283
2641
0.00030631
2043.9
0.00048261
0.00026732
2.5179e-11
0.00063147
2.5179e-11
1180.5
2213.1
0.00062476
0.00027436
3197.1
0.00094636
0.00028472
0.00057593
3892.2
2.5179e-11
0.00086919
0.00053725
2.5179e-11
2.5179e-11
0.00033498
0.00053534
5240.3
1004.5
2.5179e-11
3681.9
2.5179e-11
0.00049019
2.5179e-11
0.00042586
2.5179e-11
0.00040789
0.00039764
0.00077853
2.5179e-11
4804.1
0.00029113
2.5179e-11
3077.2
0.00025987
2.5179e-11
2967.1
0.00016117
0.0020333
4370.1
2590.1
0.0004459
0.0014928
2.5179e-11
15319
2.5179e-11
2.5179e-11
0.00044872
0.00039969
2.5179e-11
0.00065209
2.5179e-11
2356.6
2.5179e-11
0.00035111
0.00079006
1380.5
0.00059522
0.00068098
2.5179e-11
0.00023728
0.00033423
0.00058484
0.00035445
2.5179e-11
0.00094376
2.5179e-11
4967.1
0.0011265
1845.4
8.6426e-05
0.00021697
0.0010001
2.5179e-11
2.5179e-11
0.00073894
2.5179e-11
2.5179e-11
0.00041642
0.00042591
0.0003835
2.5179e-11
4579.6
0.00049998
3710.2
0.00033978
2.5179e-11
3065.9
2553.3
2.5179e-11
3293.5
2.5179e-11
0.00041002
2.5179e-11
3520.2
2998.6
2.5179e-11
2.5179e-11
2.5179e-11
0.00024374
2.5179e-11
0.00055345
2.5179e-11
1671.2
2.5179e-11
2712.6
0.00058325
5380.8
0.00034723
2.5179e-11
2852.7
13433
2.5179e-11
0.0006245
2.5179e-11
2.5179e-11
4138.9
2.5179e-11
2.5179e-11
0.00044682
4343.4
5384.9
4021.5
0.00033193
3509.6
2215.7
2.5179e-11
6434
2.5179e-11
0.00030911
2.5179e-11
0.0007549
13652
0.00054991
2.5179e-11
0.00018436
2.5179e-11
3104.3
2.5179e-11
2.5179e-11
0.00044447
0.00064856
0.0017449
1205
0.00025097
2786
2.5179e-11
8505.4
1705.9
2.5179e-11
0.0011469
0.00071096
0.00059258
0.0002986
4420.7
0.00016622
2.5179e-11
2.5179e-11
2.5179e-11
2.5179e-11
2.5179e-11
0.00047416
4659.9
2.5179e-11
0.00012704
2.5179e-11
6399.8
2.5179e-11
0.00076389
0.00031721
0.0012296
2.5179e-11
2.5179e-11
2.5179e-11
6941.3
2817.9
2.5179e-11
0.0003617
0.00035816
0.00034607
2.5179e-11
2.5179e-11
0.00078575
7614.1
3735
2.5179e-11
0.00031832
2491.9
2.5179e-11
0.00094706
2.5179e-11
1529.4
6540.4
4060.3
0.00030833
2.5179e-11
2.5179e-11
2.5179e-11
2.5179e-11
2.5179e-11
2.5179e-11
0.00039116
0.00023753
2.5179e-11
2.5179e-11
7999
2112.9
2.5179e-11
0.00013762
3203.5
2.5179e-11
0.00024377
2.5179e-11
2464.7
2.5179e-11
2.5179e-11
4255.3
2.5179e-11
5844.5
9.0658e-05
2034.2
10674
2.5179e-11
2.5179e-11
2755.4
0.00053654
3146.4
0.00056894
2541.3
2.5179e-11
2.5179e-11
2531.9
2.5179e-11
0.00032382
3645.6
2.5179e-11
4555.5
2.5179e-11
2347.5
2269.9
3595.1
2.5179e-11
2.5179e-11
4521.1
2.5179e-11
2.5179e-11
2.5179e-11
2.5179e-11
1726.2
9921.2
1192.5
0.00027613
4710.9
0.00028719
2.5179e-11
2.5179e-11
0.000735
6487.5
2.5179e-11
2441.5
2.5179e-11
2655.9
0.00038304
2747.5
0.00026203
2.5179e-11
1282.4
2.5179e-11
1992
0.00013744
2.5179e-11
2.5179e-11
2.5179e-11
2.5179e-11
2.5179e-11
1772.5
0.00024938
2190
0.00042164
2075.5
0.00063525
11302
4006.1
3048.5
2.5179e-11
3760.2
2.5179e-11
2.5179e-11
7026.1
2273
0.00021899
2.5179e-11
0.00024172
0.00037618
4133.2
2.5179e-11
2.5179e-11
2232.6
2.5179e-11
2.5179e-11
13265
4559.8
2824.7
1506.6
0.0010686
2.5179e-11
6687
11382
2.5179e-11
0.0011258
2.5179e-11
2.5179e-11
3889
2.5179e-11
2.5179e-11
0.00057892
0.00088798
2.5179e-11
2.5179e-11
2.5179e-11
2.5179e-11
2762.8
2.5179e-11
2.5179e-11
0.00055311
2.5179e-11
2.5179e-11
7452.1
2235.1
0.00016043
2.5179e-11
0.00039935
2.5179e-11
0.0007101
2.5179e-11
1488.4
5798.1
2.5179e-11
0.00018122
0.00024681
2.5179e-11
2.5179e-11
2735.9
2.5179e-11
3579.9
2.5179e-11
2.5179e-11
1479
2.5179e-11
1773.8
5353.4
0.00063962
2.5179e-11
2587.3
0.00015997
2.5179e-11
2.5179e-11
0.00047258
0.00033202
0.0004996
2.5179e-11
2982.2
12491
0.00051428
0.0002536
2.5179e-11
0.0013806
5838.7
2.5179e-11
2.5179e-11
1801.4
0.00012494
1862
2.5179e-11
0.00037244
16416
2.5179e-11
9730.4
0.0002568
4842.3
3422.8
2.5179e-11
0.00028196
5660.3
5562.5
1319.3
4697.4
2.5179e-11
0.00053963
2.5179e-11
3119.5
0.00050267
1907.1
2.5179e-11
2.5179e-11
0.00036121
0.0014868
2.5179e-11
16969
4518.8
2.5179e-11
2.5179e-11
2.5179e-11
4152.6
2586.5
2.5179e-11
10357
2.5179e-11
3068.5
0.00032312
2.5179e-11
2.5179e-11
2516.3
0.00028647
0.00036053
0.00019177
2.5179e-11
2.5179e-11
2.5179e-11
2.5179e-11
0.00016879
1632.3
2.5179e-11
3401.9
0.00011882
6885.9
2576.4
2.5179e-11
11750
1294.7
4979.9
0.00027261
0.00060753
0.00058469
0.00020204
0.00048566
2.5179e-11
0.00029681
2.5179e-11
3764.3
2.5179e-11
1656.9
2653.3
4859.9
1983.7
2.5179e-11
2.5179e-11
2.5179e-11
0.00016417
4649.3
2.5179e-11
0.00019665
2.5179e-11
2.5179e-11
2.5179e-11
0.00054116
14156
0.00067719
0.00077243
2.5179e-11
2.5179e-11
1796.4
1852.1
5298.7
0.00016429
1980.2
2.5179e-11
5128
2.5179e-11
4466.8
3023.4
2.5179e-11
2.5179e-11
0.00027855
2.5179e-11
4422.9
4216.7
0.00044253
0.00053409
0.00042369
3372.5
2.5179e-11
0.0007983
2.5179e-11
5374.4
0.0003375
4446
0.00050929
0.00053294
0.00041348
1332.2
2027
7319.3
16511
1227.3
0.00080304
2.5179e-11
2.5179e-11
0.0005505
2.5179e-11
3698.7
0.00084991
1930.8
3950.2
0.000666
2.5179e-11
3696.8
2.5179e-11
0.00041317
0.0010717
0.00067427
0.00079267
2.5179e-11
0.0001954
3116.1
2405.5
3781
0.00011577
2.5179e-11
2.5179e-11
2.5179e-11
0.00069939
2.5179e-11
4305.8
2.5179e-11
1830.3
2197
2.5179e-11
0.00053255
5253.7
0.00072695
0.00032109
2.5179e-11
2.5179e-11
4592.7
2.5179e-11
4212.6
2.5179e-11
3193.3
2.5179e-11
0.00068956
2.5179e-11
2971.2
0.00038173
2.5179e-11
2.5179e-11
2.5179e-11
2313
2.5179e-11
5186.3
6907.7
15026
0.00074995
1186.4
1719.3
0.00032927
5808.7
0.00014121
2632
2.5179e-11
0.00044785
7657.3
2.5179e-11
5400.3
3205
2296.1
0.00037959
0.0001995
5836.6
3650.5
2.5179e-11
2208.7
2656.7
9241.6
2442.4
0.00026205
4594
2.5179e-11
0.00043261
3725.4
2.5179e-11
1947
2.5179e-11
0.00062745
2.5179e-11
2.5179e-11
2742.9
0.00033065
3049.7
0.00017561
0.00011462
2.5179e-11
2448.1
5956.8
0.00066549
2725.9
2000
2823.9
2.5179e-11
0.00085362
3952.9
3190.2
5445.6
2.5179e-11
0.000147
17554
2669.8
2.5179e-11
2.5179e-11
1278.2
5067.6
2.5179e-11
5707.9
4457.6
0.0002947
3459
0.00096054
0.00039358
2.5179e-11
2.5179e-11
2044.2
0.00064743
3168
0.00027437
6023.1
8059.3
2658.9
2.5179e-11
2745.2
5713.2
2.5179e-11
11623
4753.2
2.5179e-11
2.5179e-11
0.00057056
2.5179e-11
2.5179e-11
2.5179e-11
5686.2
2382.3
0.00020163
2.5179e-11
2.5179e-11
1976.9
5717.5
2.5179e-11
0.00079154
2.5179e-11
2.5179e-11
13487
4006
0.00065705
0.00040643
3784.4
2.5179e-11
0.0019044
2.5179e-11
3915.1
2632.5
0.00033717
0.00064186
2291.4
0.00063167
0.00039188
0.00020115
0.0018483
2.5179e-11
0.00024776
2135.8
2.5179e-11
2.5179e-11
0.00051833
2.5179e-11
4050.3
0.00047944
5471.5
0.00065615
2.5179e-11
0.00042987
0.0010766
4531.4
1595.5
2.5179e-11
0.00028968
3333.2
0.00071646
2064.5
0.00071646
4846
0.00022428
2317.6
12094
0.00049548
2.5179e-11
4677.1
6412.6
0.0023984
2.5179e-11
2.5179e-11
9150.1
0.00076396
2.5179e-11
0.00025768
2.5179e-11
2.5179e-11
0.00039167
0.00034935
2.5179e-11
2.5179e-11
0.00038271
10597
2.5179e-11
3351.1
4302.2
2.5179e-11
2271.6
2535.4
3065.1
0.00027565
2.5179e-11
0.00038373
0.00030221
2.5179e-11
2.5179e-11
0.00022308
2.5179e-11
2.5179e-11
0.00079173
2.5179e-11
2.5179e-11
0.00031575
0.00052338
0.00033626
2171.2
4798.1
2.5179e-11
0.00038082
2.5179e-11
0.00056301
2.5179e-11
6027.3
2.5179e-11
2.5179e-11
1072.6
3328.1
5349.9
2.5179e-11
2.5179e-11
1926.3
2.5179e-11
2043.7
3699.1
0.00054339
1602.1
0.00039928
2.5179e-11
2.5179e-11
2.5179e-11
2.5179e-11
2.5179e-11
2.5179e-11
4825.5
5680.1
7003.9
2.5179e-11
1406.5
2.5179e-11
4626.1
0.00032493
0.00020298
4026.4
2.5179e-11
2.5179e-11
0.0015928
2546.8
2.5179e-11
2.5179e-11
2915.4
0.00016711
4786
0.00024468
2.5179e-11
0.000964
2.5179e-11
0.00029833
2428.4
2.5179e-11
0.0018226
2.5179e-11
2847.5
0.00081606
2.5179e-11
0.00032608
0.00021405
0.00060558
0.0011239
0.0036618
2.5179e-11
2.5179e-11
2.5179e-11
5714.2
2005.9
2.5179e-11
4483.1
2333.2
2.5179e-11
0.00017729
0.0012072
1303.2
1542.5
0.00021915
1377
8.9975e-05
2.5179e-11
2.5179e-11
2687.4
2083.7
2.5179e-11
2.5179e-11
7015.3
2.5179e-11
2.5179e-11
3091.4
2.5179e-11
2712.9
2.5179e-11
2.5179e-11
0.00026701
4280.5
0.00028449
9181.6
4282
0.00043013
0.00038741
0.00069249
1346.5
2.5179e-11
0.0003137
3853.1
3052.2
4074
2.5179e-11
2.5179e-11
0.00035172
3324.1
4449.2
2.5179e-11
2.5179e-11
5878
2311.5
0.00032811
6667
0.00055008
0.00073903
2.5179e-11
2445.6
0.00075429
2.5179e-11
2.5179e-11
2.5179e-11
2.5179e-11
2108.3
7761
2.5179e-11
2.5179e-11
2.5179e-11
0.00059673
0.00016215
2319.7
0.00028798
0.00060651
2.5179e-11
0.00039023
1475.9
2043.9
2.5179e-11
0.00036938
10400
0.00032507
2418.4
4994.2
7817.4
4094.6
2.5179e-11
2.5179e-11
2.5179e-11
3021.7
2.5179e-11
4749.8
2795.3
0.00013655
2.5179e-11
0.00024382
15021
1883.9
0.00056651
9066.9
2.5179e-11
2.5179e-11
2.5179e-11
0.00018946
2032.5
2.5179e-11
0.00026926
5072.2
0.0005209
2.5179e-11
0.00029508
7859.8
2307.1
0.00074008
3418.8
0.00051796
0.000848
0.0014434
0.0001684
2.5179e-11
0.00056164
2.5179e-11
2.5179e-11
2425.3
2430.1
4551.9
2.5179e-11
2921.1
12414
2.5179e-11
2.5179e-11
0.0002271
2.5179e-11
2.5179e-11
4685.7
2.5179e-11
0.0012636
1241.5
0.00030023
4355.5
1738
2660.7
4579.4
6334.9
2.5179e-11
2.5179e-11
2.5179e-11
2.5179e-11
2.5179e-11
2.5179e-11
2.5179e-11
2.5179e-11
3591.7
0.00038745
8269.5
0.00049873
2.5179e-11
2.5179e-11
2080.7
0.00051597
5482.7
3449.2
0.00066445
2.5179e-11
0.00094257
0.00031426
0.00018618
9416.1
1590.2
2.5179e-11
11068
4595.7
2.5179e-11
3182.2
2260.4
0.0018578
4500.9
0.00036022
2.5179e-11
0.0003134
0.00039783
917.29
12337
0.00012417
0.00013975
2.5179e-11
2.5179e-11
7833
5560.6
0.00064134
2155.8
0.00056837
2.5179e-11
2.5179e-11
2.5179e-11
3817.6
2.5179e-11
2.5179e-11
0.00055758
2.5179e-11
2.5179e-11
1940.7
0.00061536
0.00030491
3683.5
2.5179e-11
2.5179e-11
2.5179e-11
0.00042136
2.5179e-11
0.0004885
3637.9
14653
719.59
2.5179e-11
2.5179e-11
2.5179e-11
0.0012862
2.5179e-11
2.5179e-11
9322
10586
3777.8
2081.8
2.5179e-11
0.00033687
3458.7
0.00043002
4426.3
0.0003843
2.5179e-11
0.0006404
2.5179e-11
0.00033594
0.00040342
2.5179e-11
0.00040872
2.5179e-11
0.0005109
0.00030771
7367.5
5957
9203.5
1855.1
15522
2.5179e-11
2.5179e-11
2.5179e-11
0.00033155
2.5179e-11
0.00058048
0.00016415
2.5179e-11
2.5179e-11
0.00060874
2.5179e-11
2.5179e-11
0.00079942
2771.5
2.5179e-11
0.00043775
2.5179e-11
0.00031037
4118.3
1075.6
2.5179e-11
2.5179e-11
2.5179e-11
2.5179e-11
2648
2.5179e-11
2.5179e-11
2.5179e-11
0.00020811
2.5179e-11
1228.5
2.5179e-11
5389.7
4274.4
0.00035281
2.5179e-11
0.00023404
2.5179e-11
2.5179e-11
2.5179e-11
2520.4
8490.1
2085
1484.6
2.5179e-11
1933.5
2.5179e-11
0.00031958
2.5179e-11
0.0002925
3683.7
0.00024731
4888.8
2.5179e-11
11043
1407.1
2.5179e-11
2821.5
2.5179e-11
0.00058399
2.5179e-11
2.5179e-11
3042.8
3077.4
3559.1
8119.5
0.00041126
3292.6
2480.6
3301.1
0.00040722
0.00049306
0.00056864
2.5179e-11
5044.9
13310
2.5179e-11
14713
1097.5
2.5179e-11
2.5179e-11
2.5179e-11
0.00015126
0.00064863
2.5179e-11
4023.8
2.5179e-11
2.5179e-11
0.0002814
0.0001427
2.5179e-11
0.00032108
3730.1
2.5179e-11
6037.3
2.5179e-11
3136
0.00051171
0.00022769
0.0002551
2.5179e-11
2.5179e-11
2.5179e-11
0.00058783
4146.8
2.5179e-11
0.00022605
2.5179e-11
0.00055535
2.5179e-11
2.5179e-11
2.5179e-11
0.0002761
3855.3
2819
2.5179e-11
0.00013771
0.00022969
0.00097473
5007.3
2.5179e-11
0.00051029
2.5179e-11
2308.6
12532
2.5179e-11
2.5179e-11
2.5179e-11
0.00019109
2838.1
2.5179e-11
7583.3
0.00035198
0.0003191
0.00024276
0.00031387
0.0001822
0.00034472
2.5179e-11
0.00031434
0.00024335
1643.8
1450.6
2.5179e-11
0.0013529
1911.6
0.0010804
2.5179e-11
2.5179e-11
5481.8
2.5179e-11
2.5179e-11
2.5179e-11
3587.5
2.5179e-11
0.00024641
0.00020453
0.00013612
2216.6
2.5179e-11
0.00038929
0.00034047
0.00046909
5935
2.5179e-11
2.5179e-11
2.5179e-11
5069.7
2933.9
2.5179e-11
2.5179e-11
0.00066488
2.5179e-11
3031.2
0.00018563
0.00086855
2.5179e-11
0.00027605
6341.1
2.5179e-11
2.5179e-11
2770.8
0.00079646
2.5179e-11
2.5179e-11
2.5179e-11
10492
1773.8
4911.7
9777.6
2.5179e-11
0.00025671
5934.7
7594.1
2.5179e-11
2.5179e-11
0.00031418
0.00017588
7185.5
2.5179e-11
3454.6
2.5179e-11
2.5179e-11
4396
10673
0.0008635
2.5179e-11
0.00022942
0.00046207
0.00035255
2.5179e-11
2.5179e-11
2.5179e-11
5528.7
3382.2
0.00027974
2.5179e-11
0.00031093
3163.7
2.5179e-11
0.00053473
2.5179e-11
2.5179e-11
3840.7
2.5179e-11
2.5179e-11
0.0003056
8350.1
5372.3
36140
9293
0.00034072
3445.3
0.00027519
2733.6
0.00023177
2.5179e-11
1662.2
0.00054031
2.5179e-11
4758.1
4454.9
0.00012568
2.5179e-11
2.5179e-11
2.5179e-11
2883.5
2.5179e-11
2449.4
2.5179e-11
4498.3
3640.9
8265.2
2.5179e-11
5238.5
3044.2
0.00058927
6695.1
5204.4
6167.2
2.5179e-11
0.0026142
2.5179e-11
2.5179e-11
25127
2.5179e-11
2.5179e-11
6.8904e-05
2.5179e-11
2.5179e-11
0.00055244
2074.1
12549
2.5179e-11
5988
2145
3048.2
3424.8
3589.2
2.5179e-11
2.5179e-11
2.5179e-11
2.5179e-11
3600.2
0.00026533
2646.1
2.5179e-11
2.5179e-11
4076.4
0.0013701
2.5179e-11
0.0015945
0.00031144
2.5179e-11
2.5179e-11
0.00050333
2178.5
3244.6
2.5179e-11
5469.4
8069.8
2.5179e-11
2.5179e-11
0.0010884
0.0012209
0.00050325
3503.3
3296.3
0.00031601
2914.2
2.5179e-11
2.5179e-11
0.00022452
0.00039926
2.5179e-11
0.00076135
3040.9
10549
2315.8
0.00031611
8760.4
0.000277
2.5179e-11
0.00054368
5282
0.00035895
2.5179e-11
2.5179e-11
2.5179e-11
2.5179e-11
13629
2.5179e-11
6290.1
2482.3
0.00040965
0.00041651
5762.6
2162.2
0.000849
0.00012261
2.5179e-11
0.00029194
2881.3
0.00086993
2.5179e-11
2.5179e-11
0.00056167
2.5179e-11
0.00036575
2.5179e-11
3186.4
3132.3
6093.1
5503.6
2699
2.5179e-11
2.5179e-11
3870.8
0.00010718
6239
2.5179e-11
0.0003372
0.0007758
2623.6
2.5179e-11
2916.5
13129
0.00011922
0.0002433
2.5179e-11
4075.6
2.5179e-11
2.5179e-11
2642.2
12559
6573.3
2.5179e-11
0.00049968
4450
0.001173
2546.5
0.00025628
1146.1
2951.5
2.5179e-11
19289
6265.2
0.00025375
2.5179e-11
0.00042718
0.00039731
0.00097567
2113.7
2636.6
2.5179e-11
8327.8
4748.8
2.5179e-11
2.5179e-11
0.0013306
3004.8
0.00022077
0.00075616
0.00020295
2.5179e-11
0.00052068
2.5179e-11
0.00094067
0.00057147
0.00036426
4636.2
14153
4533.1
2648.3
2.5179e-11
0.00015842
2.5179e-11
2389.7
1919
2.5179e-11
2.5179e-11
2.5179e-11
8472.4
2.5179e-11
2.5179e-11
3811.5
9716
0.00016965
0.002879
4107.3
1717.4
2.5179e-11
2.5179e-11
0.00027418
1867.2
12404
9379.1
2.5179e-11
2.5179e-11
0.00019681
3182.1
2.5179e-11
2.5179e-11
2.5179e-11
2.5179e-11
2977.4
0.00012324
6717.9
0.0002251
5182.9
14544
2.5179e-11
6293.3
2193.9
0.00035357
1705
2.5179e-11
2299.3
2275.9
0.00042853
7467.4
0.00047064
0.00021098
0.00010519
2604.5
0.00018281
5462.5
0.00044857
0.001073
0.00057557
0.00032983
8.2845e-05
2.5179e-11
1676.6
2.5179e-11
2.5179e-11
0.00065948
2.5179e-11
0.0005101
2.5179e-11
0.00027666
2.5179e-11
2.5179e-11
2.5179e-11
4445.6
7132.3
2.5179e-11
2.5179e-11
2.5179e-11
3411.9
2.5179e-11
0.00020658
3389
0.00039872
0.00035112
0.00042095
0.0003422
2.5179e-11
2.5179e-11
2.5179e-11
2.5179e-11
2.5179e-11
2.5179e-11
2.5179e-11
0.00028977
1859.4
4086.9
2.5179e-11
0.00089923
4827.7
2496.3
2.5179e-11
4020.8
2.5179e-11
3474.6
2.5179e-11
2.5179e-11
2.5179e-11
6119.8
0.00029875
0.0014658
2.5179e-11
2466.2
2.5179e-11
2.5179e-11
2.5179e-11
0.00048456
0.00020713
12987
2.5179e-11
7212.4
7281.2
2.5179e-11
8281.6
0.00069881
2.5179e-11
0.00017126
2.5179e-11
2.5179e-11
2.5179e-11
2.5179e-11
0.00028492
2.5179e-11
1308.9
0.0003597
2394.8
0.00022358
0.00018413
0.00058002
0.0002326
3245.4
2.5179e-11
3203.8
0.00028989
6499.4
2047
5718.2
2.5179e-11
1453.3
0.00023364
0.0010815
0.00050413
2460.3
0.00085537
2.5179e-11
3576.7
0.00016706
2.5179e-11
0.00025352
0.00038992
2771.7
2.5179e-11
2.5179e-11
2.5179e-11
2650.8
2.5179e-11
0.00061801
4203.5
0.00064442
2.5179e-11
2.5179e-11
2183.6
0.001651
2.5179e-11
5525.8
2750.2
0.00021528
7822.5
2.5179e-11
8883.7
0.00072496
2.5179e-11
10010
2.5179e-11
0.00080678
3194.9
2.5179e-11
2.5179e-11
0.00054081
2.5179e-11
9810.7
7409.7
2.5179e-11
6799.3
2.5179e-11
2.5179e-11
2985.9
0.0011905
4301
2.5179e-11
6902
7592.2
2.5179e-11
2.5179e-11
0.00040666
0.00020098
0.000254
2.5179e-11
8020.3
2.5179e-11
2.5179e-11
2.5179e-11
4027
6830.8
5954.3
4973.4
3957.8
0.000347
1452.9
2.5179e-11
3814
2.5179e-11
6329.6
0.0022017
1506.2
30643
7193.5
2.5179e-11
2.5179e-11
0.00026752
0.00029025
7557.3
2.5179e-11
0.00020812
10228
2.5179e-11
0.00034299
8201.5
2.5179e-11
5821
2610.4
10755
2.5179e-11
0.00046321
4368.5
2.5179e-11
16520
2.5179e-11
2.5179e-11
2.5179e-11
0.00020452
2.5179e-11
2.5179e-11
6818.2
3375.1
2182.1
15360
2.5179e-11
1185.7
1107.1
1973.4
0.00045866
0.00085332
2.5179e-11
2.5179e-11
2.5179e-11
3557.6
2.5179e-11
0.00072645
2.5179e-11
3243.4
0.00044246
3736.1
2659.9
3328.5
2.5179e-11
2028.1
3270.7
0.0003998
0.00054666
0.0001465
2.5179e-11
0.00072038
0.0010666
4409.5
2522.8
0.00026545
0.00077035
0.00064538
0.00082566
0.00071034
4589.1
2.5179e-11
4089.4
2617.6
2.5179e-11
0.00041987
2.5179e-11
3176.8
0.00048379
2.5179e-11
2.5179e-11
3352
8646.2
1555.5
2.5179e-11
1318.4
2.5179e-11
2.5179e-11
2.5179e-11
2.5179e-11
0.00016272
0.00051324
4364.9
2.5179e-11
2.5179e-11
4301.3
0.00015939
2.5179e-11
2.5179e-11
0.0011117
2796.4
2124.6
2.5179e-11
1591.1
2.5179e-11
3686.8
3731.9
6741.1
2.5179e-11
2.5179e-11
0.0006335
0.0003976
0.00022466
2.5179e-11
0.00052173
2897.8
0.00072867
0.00056021
0.0010034
2.5179e-11
2.5179e-11
0.0010398
2014.2
2.5179e-11
0.00019642
3799.8
1193.1
2.5179e-11
2.5179e-11
3038.7
0.00027106
0.00058764
0.00028329
12947
12245
2.5179e-11
2.5179e-11
2.5179e-11
6840.5
0.00030355
1334.9
0.0010888
2.5179e-11
2.5179e-11
18146
2.5179e-11
8211.6
0.00057507
2.5179e-11
4849.9
0.00051689
0.00058496
2.5179e-11
4114.9
2.5179e-11
0.00064527
2.5179e-11
0.00054456
2.5179e-11
6392.8
2.5179e-11
0.00015565
2.5179e-11
2.5179e-11
0.00047455
0.00035102
1528.8
8986.2
14301
2506
0.00047182
1542.2
6786.5
0.0016604
2.5179e-11
6081.2
0.00062806
2610.7
0.00029845
0.00023232
2344.8
2.5179e-11
2.5179e-11
11450
2.5179e-11
1715.4
2.5179e-11
0.00037317
2.5179e-11
0.00086505
5618.4
5230
0.0005987
5995.1
8539.8
0.00025817
0.00055967
2.5179e-11
0.00076927
2.5179e-11
2.5179e-11
8003.3
2.5179e-11
1804.6
2.5179e-11
0.00056123
6008
3884.7
2.5179e-11
2.5179e-11
2.5179e-11
0.00068874
2.5179e-11
0.0016366
0.00027177
2.5179e-11
2.5179e-11
0.00061935
2.5179e-11
2.5179e-11
0.00062221
0.00034201
2646.7
2.5179e-11
8849.3
2.5179e-11
2.5179e-11
2.5179e-11
0.00071734
0.00030723
2.5179e-11
0.00092523
2.5179e-11
2.5179e-11
2.5179e-11
4150.9
2.5179e-11
0.001114
5017.4
0.00054473
0.00038217
2.5179e-11
5754.3
6486.3
2.5179e-11
2.5179e-11
3098.8
0.00070926
0.0003068
0.0005301
2.5179e-11
2.5179e-11
2.5179e-11
2.5179e-11
2.5179e-11
0.00016833
2.5179e-11
0.00044149
11195
2.5179e-11
2.5179e-11
0.0015076
12410
0.00011909
2.5179e-11
11004
2.5179e-11
2.5179e-11
0.00023572
1790.6
4025
6944.9
4772.1
0.00038876
0.00037082
15416
2244
2.5179e-11
0.00080619
0.00035079
6735.8
4736.7
0.00054677
2.5179e-11
2849.2
2305.5
2.5179e-11
2.5179e-11
7018
6969.1
2.5179e-11
0.00031544
2.5179e-11
2.5179e-11
0.00025433
2.5179e-11
0.00030741
0.00013797
2.5179e-11
2.5179e-11
48507
2.5179e-11
2.5179e-11
0.00091714
0.00026968
2.5179e-11
2.5179e-11
0.00020767
2.5179e-11
2.5179e-11
6580.4
6270.1
2.5179e-11
2.5179e-11
1682
5316.2
2.5179e-11
4463.8
2.5179e-11
52167
0.00028603
0.00060996
0.0015164
2.5179e-11
9.1226e-05
2.5179e-11
3939
2.5179e-11
2.5179e-11
0.00015217
2.5179e-11
4728.1
0.00033067
2.5179e-11
6712.8
2.5179e-11
4688.5
2609.5
1457.4
6385.3
5242
2.5179e-11
2.5179e-11
2.5179e-11
4201.8
0.00045219
2.5179e-11
0.00022483
2.5179e-11
0.00084217
3175
2.5179e-11
6454.1
0.00083776
0.00045135
0.0005169
1574.9
6811.1
4371.2
2.5179e-11
2.5179e-11
0.00027592
2.5179e-11
0.00037873
0.00040198
2.5179e-11
0.00039456
0.00017264
0.0043836
3450
5084.7
0.0008635
2.5179e-11
2.5179e-11
5181.8
2.5179e-11
2799.9
2.5179e-11
9156.7
3302.1
2.5179e-11
2.5179e-11
0.0007382
0.00022668
3381.2
21531
0.00046241
2.5179e-11
2.5179e-11
6735.5
1444.3
2.5179e-11
2.5179e-11
2.5179e-11
2.5179e-11
0.00048899
0.00029852
2.5179e-11
2.5179e-11
2.5179e-11
0.00031861
0.00029879
2.5179e-11
2.5179e-11
0.00056804
0.00042028
2.5179e-11
0.00026734
2.5179e-11
2344.4
2.5179e-11
0.0005093
2.5179e-11
4615.7
0.00012997
0.0026891
11246
2.5179e-11
0.00059915
2446.8
2.5179e-11
0.0006893
2.5179e-11
2.5179e-11
0.00056043
0.00068181
3151.9
0.00014381
0.00064732
