1
1
1
1
87232
1
1
1
1
1.3941e+16
1.2071e+12
5.8984e+07
66119
7.4011e+08
1
1
70398
1.2951e+05
1.2373e+07
7.686e+11
1
1
1
1.1622e+17
1.0659e+05
2634.6
6.1722e+10
1
8.9083e+07
1
1
8637.1
1
5766.5
1
1.4405e+08
1
50436
1.7551e+07
1
1
1
6.1159e+06
1
1
1
1.4048e+19
1
4.3865e+05
1
4.7899e+21
1
1
1
2.2063e+13
1
1
1
84212
7.3619e+19
6.3005
1
1
2.2273e+18
1
1
1
1
1
1
2.6447e+05
1.2537e+07
1
1.5653e+20
1
6.8686e+17
5.7735e+05
1
2.685e+07
1.1098e+12
1
2.6853e+05
1
1
1
88192
1
1
1
1
1
4.4346e+12
1
1
1.8712e+10
1
1
1
1
1
4.0659e+10
1
1
1
1
1
943.47
1
32157
0.00025
1
1
1
1
1
1
1
1
1
1.8685e+06
54193
1
1
1
146.44
1
1
1.7844e+05
1.9703e+05
1
1
1
1
1
6.7357e+10
1
1
1
1
2.4646e+13
1
1
1
3.7059e+17
1
1
238.37
1
1
1
1
1
1
4.9847e+05
1
1
1.0049e+19
1.1107e+10
1
1
1
1
1
1.0465e+09
4.2324e+05
4812.4
1
66592
1
1.2685e+08
1
1.2128e+12
1
1
1
7.4011e+08
5.0369e+09
1
1
1
1
1095.9
1
1
2306.2
1
1
1
2989.6
1
1.5014e+14
1
1
1
1
1
1
1
2341.4
1
1
344.2
1
1
1
14755
8.732e+06
1
1
44322
937.28
1
1
1141.8
29200
1
1
1448.7
1
5173
1
9926.6
1
1
3.2216e+16
1
1
1
1
1
8.2938e+09
1.841e+05
1
1
1
13864
1
1
1
13299
1
1
1.4732e+12
1
1660.2
1
286.05
1
1.2878e+20
1223.3
2.285e+06
9.8963e+08
1
2.2715e+07
1
2.5997e+14
1
1
1.0685e+17
2.8815e+05
1
1
26440
1
1
1
1
25081
132.15
1
1
1
1
1
1
1
1
1
4.7061e+13
1
1
1
1
1.2852e+18
1
1
1.7159e+18
5.3069e+08
1
1
1.0783e+10
0.19993
1
1
15653
4.5045e+18
1
1
1
1
1
1
1
1
1
1
1.5522e+05
1.7735e+06
1
32622
1
1750.6
1
1
43349
1
2.081e+11
4.7902e+17
1
7.2477e+05
1
21.547
1
1
3.2047e+25
1
1
1
3.9906e+06
7.916e+17
1
1
1
2.8975e+05
1
7.9007e+12
16846
1.3407
1
5.0943e+07
1
2.5969e+08
23136
1
1
4987.8
1
1
1
5.0345e+11
1
69927
1.5483e+09
2.3424e+27
1.2772e+07
1
1.6175e+26
1
148.67
1
3.8086e+06
1
1
2.867e+19
1
1
1
1
1
2763.3
1
1
1
8.8158e+15
1
1
1
4.6542e+07
1
1
1
1
1
1
5.9946e+06
3438.1
2.2283e+19
1
0.011197
69.977
1
86614
2847.8
1
1
7.57e+08
1
1
1
1
1
3.2485e+12
1
6.9515e+06
1
1
2.5115e+14
1
5.6317e+05
19334
1
4.9052e+20
1
1
1
1
5.9449e+06
1
3.331e+07
1
1
1
23165
34.543
1
1
1
1
1
1346
84428
1
1
1
1
8690.8
1
1
36003
1
1
1.4305e+07
2.9923e+05
1.0729e+05
1
4.6941e+11
1
1
1.2402e+08
1.7778
1
1
1
1
3.1982e+08
5.9871e+06
1
1
190.95
1
4.8268e+17
1
1
1
1
1
2.4957e+05
1
6.2929e+33
1
1
6543.1
1.6229e+06
1
1.7146e+06
1.103e+15
1
1
1
1.2492e+05
1
1
2388.8
1
1
1
1
1
1
1
1
1
1
1
1
104.59
1
1
1
1
12642
1
1
1
1
999.24
1
3.1321e+07
1
1
3.7788e+12
1
2.3883e+06
52348
0.65722
3.0871e+18
1
6.7289e+17
1
1
1
1.6066e+08
1
1
1
1
1
1
9019.8
2208
1
1
1
1
1
1
1
1.6754e+20
1
1
1
1
1
28.84
46921
1
1.458e+07
1
1.5604e+08
1
1
1.4347e+11
52657
7.9965e+15
1.2209e+23
1
1
1
1
1
1
1
1
1
1
1
8.8893e+15
1
6.3545e+07
1
999.72
7.6445e+17
1.2377e+31
1
1
1
1
1
1
1
1
0.86681
208.89
1
1
2.4133e+05
5.4482e+06
8.4615e+06
1
2835.2
1
1
1
1
1
1
1
1
1
1
1
1
1
1
1
1
1
1
805.02
1
1
1
2.9749e+05
1
9.5127e+17
1
1
2.6804e+09
1.645e+13
1
1
1
1
1
2.0936e+16
1
29452
1
2.1177e+13
85.074
1
1
1
1
1.036e+13
1
1
1
1
1
6.5898e+11
1
1
7.8131e+05
1
1
3.4552e+17
1
1
1
1
1.3243e+09
1
1
1
1
0.15774
1
1.7377e+12
1
1
1
1
1
1
1
1
1
2.1184e+05
1
1
2.7957e+08
1
1
6.6624e+09
1
1
5.5186e+12
1
1
1
1
1
1
1
1.3818e+16
1
6.0702e+18
1
1
1
7.5493e+16
44346
4788.7
1
1
34213
1
8.3775e+11
36323
48702
1
1
1
5.5635e+17
1
1
1
2515.5
1
1
90.755
1
2.2017e+18
1
2.4919e+20
1.5237e+08
1
1
6033.5
1
1
1
1
1.3295e+24
1
9455.7
1
1
1
653.67
1
1
1
1
1
7.429e+14
1
1
1.337e+19
87.584
1
5540.1
1
3.4237e+23
1
6.3417e+21
6.0736e+05
26678
1
1.2485e+14
9324.4
88137
1
1.4925e+13
894.7
73.038
1
1
1
1
1
1
6.8761e+05
1
6.6824e+26
1
1
1
1
6.4606e+16
1
1
1
7843.3
1
1
7.1277e+15
5.1547e+14
6.0365e+05
1
1
1
1
1
1
4.2539e+06
1
1
1
1
1.9786e+17
1
47.839
1
1
1
1
2.3899e+07
3.4096e+09
1
1
1
8.5988e+05
1
1
1
1
1
1
3.4058e+16
6342.9
2.101e+12
1
1.8059e+07
1
1
1
1.0363e+07
1
1
8.3249e-07
1
1
1
1.1113e+24
214.44
1
1
1
1
1
1.2474e+06
2.124e+06
1
7.2545e+08
7.197e+08
1
1.7242e+07
1
1
1
1
1
1
19333
1
4.5584e+10
2.9921e+05
1
1
6.579e+06
3.4536e+16
1
1
1
1
4.1228e+19
1
85587
1
1.0527e+17
1
1
1
1
1
1
2.1899e+35
1
6.6239e+08
1
1
14540
1.7162e+24
1.3186e+09
1
1
1
1
1
8672.6
3.2171e+11
1
1
1
1
1.9175e+10
1.153e+05
1
3.2521e+07
1
4.1786e+19
1.8035e+10
1.9153e+22
1
1
1
1
1
6.8763e+21
1
169.05
1
2.3074e+05
1
1
1
1
1.6022e+18
1
1
1
1
1
1
1
1
1
1
1
1
1
1
1
1
1
1
1
1
1
1.0525e+10
32.289
1
1278.3
263.72
3.9899e+06
1
1
11929
1
5.0832e+06
1.8144e+07
1
1
7030.9
44025
1
1
1.829e+21
1
45549
1
1
1
7.5969e+14
8707
1
44299
1.3682e+14
1
1
18955
2.2729e+07
8.6918e+06
1
1
1
2.8013e+08
1
5.3994e+09
2.1016e+09
9.6329e+05
1
1
65.688
1
3.0833e+05
1
5.2549e+11
1
1
1
1
1
1.6163e+06
1
3.1227e+07
4.5271e+09
1
5.7686e+08
1
1.4756e+18
1
1
1
1
9.7595e+06
1
1
1.5898e+06
1
1
1
1
4.7326e+09
4.8256e+27
2.4302
1
1.3102e+07
1
1.3314e+10
1
26734
440.01
5.1454e+11
16713
1.294e+05
1
1
1
1
1
1
1
3.4476e+10
1
61.036
1
684.18
1
5.805e+09
1
1
1
2.986e+12
1
1
1
1
4.222e+05
1
1.7794e+10
5657.9
1
2809.5
98125
1
1
81.411
1
1
1
1
4.7145e+09
1
1
4.7692e+13
2.4826e+21
2.887e+15
1
3.2086e+07
1
1
1
1
1
2.2765e+05
1
1
76634
1
325.44
1.2057e+05
1
1
1
1
1
1
1
1
1
1
1
1
1
28184
1
1
5.0898e+06
1
1
1
2.4821e+05
1.3932e+16
2.4406e+06
1
1
1
1
2063.2
1
1
1
4.5729e+18
1
1
1
2.3599e+22
1
1263.8
1
1
6.4788e+06
1.4338e+06
1
1
1
1
77.704
1
2.1386e+08
1
1
1
1.7656e+06
1.0647e+14
1
1
1
2.1781e+10
1
1
1
57.298
1.0844e+20
1.6833e+20
1
43057
2.6666e+10
1
1
1
11655
1
6.3673e+11
1
1
15340
1
1
5.8527e+13
1
1
245.48
1
1
1
1
8.0715e+08
1
1
3.9359e+11
1
1
3.7937e+11
1
1
1
245.78
3.1677e+06
1
5.4254e+05
1
3.835e+07
6.3803e+12
1
1
4.5541e+23
47736
1
1
5.3038e-06
1
4.602e+18
1
1
1
22306
1
1
1
1.3687e+06
1.005e+21
1.7471e+14
1
1
51.44
1
1.2553e+12
1
1.0916e+05
4.014e+13
1
1
1.1059e+21
1.9109e+06
1
589.49
1
7.1102e+12
1
1
1
2.9896e+05
3.1673e+06
1
1.1311e+07
1
1
5.1334e+06
1
4.8783e+15
1
7.2775e+09
1
7939
1
1
7.489e+17
4.24e+07
1.2101e+28
1
1
1.8513e+05
1
1.1763e+13
1
644.07
1.2908e+06
9698.4
12633
1
1
1
1
8.2243e+06
3.9827e+08
2.7294e+19
1
1
1
3.7697e+09
1
1
1
1
6.0384e+13
6.909e+12
1
5754.9
9303.1
1
1
2.231e+11
5.2302e+07
1
1
1
1.2954e+22
1
1
1
1
68.671
1
403.06
77.745
1
1
1.3466e+17
1
1
1
1
7.3129e+20
2200.9
6.3007e+17
1
1
1
1
2.6657e+07
4.2367e+18
1
8.1382e+05
1
18575
1
1
2762.1
1
9.9722
1
6.5728e+08
1
3.826e+13
1
1
9.3244e+09
1
4.4979e+06
1
1
1
1
5.2527e+06
1
1.6445e+12
1
1
1
4.147e+06
1
1
1
1
1.9508e+18
1
3.2671e+16
1.5042e+06
78955
6.3679e+05
1
1
25289
6.8331e+24
6.4398e+07
11043
2.7917e+14
3397.9
1
1.1101e+15
1
1
6.0476e+12
14041
1
14517
1.8472e+20
1
1
1
1
11.57
1
1
5.2972e+05
1
1
3.0817e+13
1
1
1
2595.6
3.2129e+10
1.203e+05
4.0506e+06
1.6832e+11
1
1
1.0699e+12
1
1
1
1
1
1
1
1
8.0694e+13
4.5556e+15
1
2.379e+06
1
1
4749.8
3.4414e+08
1
1
1
8.3036e+09
80.034
1
6.3965e+05
4.2157e+26
100.11
1
1.6096e+15
1
1
1.2547e+20
1
1.4491e+05
9.193e+05
1
1
53387
29.19
1
1
4.1887e+06
5.2643e+17
1
3034.2
1
1
1
1
1
1.2532e+05
1
1
1
1
4.2864e+06
2.7917e+13
6.129e+05
1
5.4776e+14
4.3645e+11
1
2.8316e+12
1
1
6.3373e+07
2.616e+08
1
1
1
1.8379e+05
3.2927e+15
3.1768e+10
1
1.4191e+12
1.6001e+16
1
1
1
1
1.5811e+08
1
2.2524e+09
1
1
1.4283e+05
1
1
1
5.9394e+14
1
1
1
1
2.6861e+05
4.2293e+09
1
4.6672e+19
1
20836
2.0419e+05
1.5657e+05
1
1
1
1
1
1
1
5350
1
1
1
1
52738
1
1
1
5.0119e+28
1
9.0954e+11
1
5.6626e+05
1
1
1
1
6.5353e+24
2.4446e+07
26185
1
9.0154e+13
1.6237e+09
6.928e+06
1
1
1
1
7.068e+21
1
1
1
1.8092e+08
3.0727e+06
5799.1
4507.5
1
69804
1
1
6.5667e+16
2.4134e+12
13147
1
0.93543
1
1
1.4495e+08
1
2.5137e+15
1
1
1
1
1.9613e+19
1
50400
1
1
1
1
1
3.5663e+11
1
369.56
1
1
1
1
1.6443e+18
1
1
1
2.7715e+07
3.7637e+18
1
1.2391e+07
1.2802e+07
1
1
1
1
1.0761e+09
2.3392e+05
1
5.2662e+28
1
64.721
1
1
1
7.0507e+06
1
1.4513e+07
1
1
1.3061e+06
1.6553e+22
3.2827e+05
1
1
1
1.6564e+16
1
1
68519
2.6014e+15
1
1
1107.2
1
1
1252.7
1
195.56
1
1.7409e+09
34.081
1
1
1
694.17
6.8262e+13
1
1
4.1456e+05
1
1
1
1
1
1.4688e+11
1.6567e+18
1
1
1
1
1
1
1
13490
7.9101e+11
441.53
3.0464e+14
1
45978
1
1
1
1
1
1
1
1
8.2405e+09
1.4058e+12
1
1
5.2751e+29
1
5.9307e+05
1
1
1.7937e+05
1
1
11800
1
2.5152e+18
1
1
1.183e+05
2.4461e+12
1
7.4116e+17
1
3.4026e+20
7.0921e+06
1
1.3739e+15
1.0143e+05
7.1523e+09
1
1
1
1
2.8851e+22
6.5583e+21
1
0.21098
1
1
1
1
1
1
583.35
1
1
1
1.1656e+07
1
1
2.9103e+09
1
9239.4
44447
1
1
9.3911e+16
1
1
6.6393e+24
1
2511
1
4.781e+19
1
1
1
9.6785e+07
1
1
1.4099e+06
1
1
50001
1
2.8857e+06
4.3112e+10
1
2.6486e+10
227.36
1
1
2.6606e+16
1
1
1.8741e+06
1.8587e+34
1
1
1
3.8011e+08
85974
1
2.2776e+28
1
1
1
1
1
1110.3
1
1
1925.6
2.9209e+07
1
1
1
3.5002e+06
4.7517
1
8.3736e+05
1
1
7.9356e+05
1
1
1
1
5.5014e+06
1
1
1
1
1
1
7600.6
1.1152e+07
1
4.9254e+19
1
1
1
8.6893e+05
1.8528e+06
5.5982e+06
147.71
1
1
1.7982e+12
4.2049e+25
1.8601e+09
1
1
1
8.258e+05
16.886
1
1
1.6835e+05
1.0828e+09
71.521
4.0513e+07
4.1558e+15
2.0832e+09
1
1.7504e+18
1
40983
1
4.9532e+12
85243
2.7699e+05
1
9434.6
1
1.2673e+10
1.5854e+16
1
1
7.3712e+05
1
1.4335e+29
1
1.1193e+12
6748.3
1
1
1
1
2821.2
2.417e+14
6383.9
5.9678e+13
1
1
35196
1
1.4803e+08
1
5.6351e+16
1
2.3009e+06
5.1139e+11
1
1.27e+05
1
6.326e+21
1
1
1
1
252.79
632.25
1
71765
4.9119e+05
1
1.3052e+19
1
1.755e+14
1
3.6436e+09
1
1
1
3.0841e+05
1
1
9.574e+06
1
1
3.0883e+06
1
1
1
1
3.6208e+24
1
10958
5.0219e+07
1
1
33213
1
1.5833e+16
1
5.6737e+14
1
8.2005e+12
405.07
1
1
1
1
1
1
1
1
1
1.593e+05
7.1045e+08
1
1
1.8737e+14
2.7309e+12
1
1
1.065e+05
1
2.3558e+12
1
1
1
1
5.7756e+09
163.84
1
4.0319e+16
1
1
1
1.0198e+18
1.2806e+11
3.2062e+13
3.0117e+08
8.3921e+14
1
2.4446e+09
1
1
1.4901e+20
1
1
1
1
1
1
6.8883e+05
1
2.2385e+09
1001.1
1
1
1.1455e+21
1
1
57468
1.4623
1
1
31483
1
1
1
1
1.8808e+05
1.1089e+09
1
106.58
1
1
1
1
7.076
2973.3
1
5.8791e+23
11449
3.6735e+21
1
93.04
1
3.9529e+16
1
8.7288e+10
1
1
1
44983
1
1
2.363e+16
1
1
1
4.3565e+17
1
1
2.8091e+06
43196
1
1
1
1.6019e+10
1
1
2.3243e+07
9.1309e+20
1
1
1
1
1.0866e+09
1.7416e+08
1
1
1
3.7713e+15
2.2281e+21
488.88
1
1
1
8.3431e+05
1
2.6706e+05
1
1.4744e+05
1
203.52
2.2356e+17
1
6.827e+18
1
2.0459e+15
1
1.968e+16
1
1
21006
5.2713e+14
1
1
1
3.6704e+13
5.813e+11
1
3.1946e+13
1
0.011412
2.8753e+19
1
3.5962e+26
1
1
1
9.3504e+05
1.258e+05
1
1
9.557e+15
1
2.2069e+09
9.5603e+05
1.3728e+12
0.97304
1
9.7304e+09
94.278
1
2.341e+07
1
1
20711
2.7721e+07
2.5621e+08
1
1487.1
1
1
1
1
1
1
7.2508e+07
3.8968e+17
2.5067e+05
1
1
7.9165e+08
1
1
1
1
29074
1
1
1
1
1
2.8918e+05
1
1
33.308
2.2413e+22
284.47
1
1
2.67e+05
1
1
4.1152e+07
103.32
3.1945e+08
1
6.5577e+19
9.3645e+15
19194
1
1.0708e+15
816.98
1
1
1
2.2544e+10
4.5498e+11
2.9219e+10
3.8344e+09
1
3.9308e+13
1
1
1
1
1
1
1
1
2448
193.36
1
5.6045e+06
1.7568e+15
1.165e+18
3.1107e+10
2.1452e+20
6.719e+18
1
1
1
1
1.7863e+17
1.9011e+16
1
8.3706e+14
2.4737e+23
1
1.0544e+22
1
1.0844e+18
1
5.4401e+07
1
1
5.4605e+15
1
1
1
1
1
1
19185
1
3.6881e+09
1
309.8
1
1
1
17476
1
9988.6
1
58.253
1
2.4903e+23
1
1
1
1
1
24695
8.4778e+22
1
1
1.0395e+08
1
1
4.6118e+11
1.2541e+17
1
1
10291
1.4639e+14
1
1
1
5.3536e+20
1
3.6352e+08
59.002
1
9759.5
9773.2
2990.7
2.2542e+06
1
3.3484e+18
1
1
1
1
1
1
1
1
1
437.64
1
1
1
1
1
1
1
1
4.0819
2.2665e+09
1
19923
3.3657e+06
1.8303e+08
1
1
3.1881e+22
1.6451e+09
5.5007e+15
1
5.3161e+21
1
1
1
1
1
1
1
1
1
3.6524e+07
5259.1
5.0592e+13
1.3661e+07
176.49
1.8283e+06
1
1
1
1
1
7143.6
1
1
0.084013
1
1
1
6.7643e+05
3.9884e+07
4.3767e+15
1
1
1
1
2.5764e+12
18392
1.0711e+05
4.4869e+05
1
7.2199e+13
8738.9
9.0278e+06
7.7237e+19
1
10570
1
5.9356e+06
1
1
1.1237e+06
1
1.3072e+07
1
37.078
1
1
3.5432e+18
1.2812e+09
1.9054e+05
15575
877.97
11350
1.9481e+08
4973.8
8601.9
1
1
1
1
1
1
1
1
1
21368
12167
5.4216e+06
1
27.738
1
4589.7
53488
1
2.3249e+17
1
1
1
1
1
1
1
1
2.9648e+05
1
1
1
1
1.5614e+17
1
1
1
1
1
1.0552e+15
1
2.1593e+11
7830.1
1
1
1
1
6.8875e+08
1
1
1
1
1
1
1
1
1.6594e+11
1
1
9621.6
1
1
1
1
1.8812e+07
1.7624e+05
1
1
1
1
6.129e+10
1
1.9754e+14
1
1
6.1279e+24
1.0444e+06
1
1
9.2945e+06
1
1
50822
1
1
1
1
2.4963e+12
75903
7.4549e+16
3.1557e+14
1
1
1
2.7019e+07
1
1
0.067105
6.5131e+12
3.9413e+08
1.4161e+06
1
1
1979.3
1
1.0647e+16
1
1
1.3899e+09
1
1.6062e+12
1
3486.4
1
1
1.923e+09
1
1
1
1
1
1
1.0068e+17
1
3.8482e+13
14890
1
1
3.7243e+05
2.8539e+26
4.7373e+09
1
1.4373e+11
1
1
1
1
1385.9
1.5595e+27
1
1.2492e+06
2.7638e+05
1
3.3218e+07
1
1
1
1
8.8804e+12
1.9338e+07
1
2.6607e+21
1
1
1.0496e+05
1
1
1.6204e+13
1
1
1
1
1
9.1322e+12
40184
1
1
205.01
1
1
1
1
1
3.827e+24
23780
1
1
1
6.8698e+11
5.4641e+09
1.7649e+06
0.6513
1
1
1
3.6483e+09
5.8595e+07
8774.8
1
0.26474
4.088e+18
1
2423.6
1
1.4564e+08
1
1
1.0642e+13
1
1
1
1
1
59667
3273.8
1
1
1
3.6887e+12
2.4072e+15
1
1
1
1
2.4232e+14
1
1
1
1
1
1
1
1
1
1.1493e+07
1
1.0777e+16
3.3684e+13
1.3107e+10
1
2.8804e+15
1
1
1
1
1
1
1
3490.6
1
3.9169e+14
1
9.4479e+19
1
1
114.4
2.2776e+14
4.5794e+17
1
1
1
0.21129
17413
4.7717e+12
1
3.8082e+05
4.8897e+09
1
8.3023e+13
1
1
6.2679e+09
8.4542e+10
1.1959e+07
2.1498e+18
1
1.3309e+07
1
1
1
1
1
5.2327e+12
3.9306e+17
1
39097
1
10070
1.9381e+09
7.0259e+12
1
1
1
1
1
8.8852e+05
1
1
1
230.55
1549.1
5.5351e+18
3.3457e+22
1
1
8.27e+14
1
1
590.72
1
1
1
1
1
2.7511e+18
6.8125e+14
1.0863e+13
1.0959e+05
8.2359e+12
1
1
1
1
1
17.989
307.59
1877.4
1.2606e+13
1
1
5.4838e+20
1
4.5077e+14
3.0709
1.8869e+14
3201.7
1
1.4877e+11
1
1
1
1.4558e+19
1
1
1
1.22e+08
2.1541e+08
6.5582e+05
2.2105e+09
6.1275e+15
1.2718e+17
1.3858e+06
1
1
1
3.7939e+19
1
6.0828e+21
1
1
3.2896e+06
2.2632e+11
1
1
1
7.7169e+21
2.0602e+05
1
1
3.9735e+05
3.6628e+19
1
1
1
1.2394e+15
1
1
1
1
1
2.7658e+09
1
1
1.0448e+10
3.2191e+22
1.0086e+23
1
1.5668e+23
1
1
1
4.0157e+12
2.1429e+07
6.1981e+16
2.2011e+05
1
1.854e+13
8.8725e+21
1
1
3.5547e+11
2.8285e+15
1
1
1
1
9.1271e+15
2.7753e+09
1
9.8954e+14
2.0681e+14
6.394e+19
1
1
4.5819e+19
1
1
1
6.7245e+06
11642
1
1
3.3804e+07
1
1.6597e+12
1
1
1
1
1
8.4169e+06
1.4961e+18
1
3.7454e+05
18010
1
25805
1
0.02078
1
1
1
1
1
1
3.7994e+05
4.7051e+18
1
1
3.2902e+05
1
1.4283e+09
1
1
4.5564e+10
1
3.4329e+05
2.6127e+15
1.5485e+12
0.00013454
1
1
1.6442e+13
1
1
1
6.1923
8.9089e+17
1
6.3971e+13
1.5887e+13
1
1.2875e+22
9.3074e+12
8464.2
7.533e+12
5.4889e+14
1.4577e+05
1
1
1
163.28
1
3997.5
1.0076e+15
1
30634
5.858e+05
2.8676e+17
1
271.75
1
1
6.1707e+16
1
1
1.5318e+13
1
1.5674e+23
1.0852e+19
6.9219e+17
1
1
1
1.3798e+12
2.673e+18
1
1
9.0344e+15
2.1613e+11
1
4.4587e+05
2.0215e+10
1
7.2887e+22
5.9846e+22
2.5702e+09
1
2.1893e+19
0.51854
4.4669e+18
1
4.974e+10
1
4.4884e+07
1
1
1
3.3466e+05
1
2.7805e-06
1
1
5.7214e+18
1
1
1
1
2510.9
1
54252
1.2015e+21
1
2667.2
1
1
1
1
1
1
1
1
6.7659e+21
30303
1
1
1
1.269e+07
3.2291e+15
1
1
1
1
1
20823
1
1.3839e+06
3.6205e+14
15519
35.575
1
4.8513e+05
1
154.17
1
1
4.5617e+15
1
1
1
3.4708e+09
1.0302e+13
1
1.6786e+13
1
1
1.3892e+05
3.587e+08
1
4.5015e+06
1
1
1
1.5734e+13
15989
4.5589e+09
30038
1
1
1
1
1.2631e+11
1
1
1
1
1
1
1
11712
20797
1
3.042e+17
1
1
1
1
2.3854e+12
1.6029e+17
8.7163e+16
1
3.803e+12
1
1.142e+17
1
1
1
1
1
7.8168e+24
1
1
3.352
1
1
1.224e+07
1
1
1
2.7055e+07
1
1
1
2.2443e+06
3.803e+07
1
1
1
1
1
7.9637e+11
1
1
2.7803e+10
1
1.7861e+22
1
7.3409e+10
1
7.2928e+16
1
5.6839e+18
88615
1
2.3139e+05
1
3.0198e+05
1
1
1
1
1
1
1
1
1009.4
3.2494e+27
1
2.711e+08
1
1.0427e+21
1
1
62.216
6.0977e+09
1.1581e+08
1.9236e+07
1
1
1158.4
1
1
1
3.0635e+05
1.9536e+14
1
1
1
1
1
19730
6.0843e+05
1
1
1
50781
1
1
1.5591e+17
1.3727e+19
8143.2
2.0221e+07
1
1
7750.8
1
1
1
1.2174e+06
3.2943e+26
116.59
1.593e+10
3.4646e+08
1
1
1
1
3871.2
1.203e+13
5.8196e+08
4.5226e+14
1
1
1
4.112e+05
23833
1
1
1.1017e+06
1
2.9998e+16
1
13289
2.2822e+10
2.4056e+24
1
1
4.9041e+14
1
1
1
3.6664e+11
1.6702e+16
1.023e+05
1.5407e+19
4.9104e+09
1
1
1
1
2.0091e+21
1.2866e+10
10320
30596
1
4.1114e+18
1
1.0248
1
356.15
1.529e+07
348.92
2.8948e+16
1
3.9349e+06
5.6788e+05
1
1
1
1.0885e+12
1
1
1
1
1
3.0709e+08
1
1
1
1
1
1
1
1
1
1
1
1
17.804
1.0582e+05
4.5959e+11
38.433
12983
1
66.457
1
3.2348e+06
1
1
2.1047e+05
2.0679e+21
1
1
1
1
3.6741e+08
3.0433e+13
1
4.1342e+05
2.5779e+10
1
1
1.1497e+23
1
1
1
5.1861e+11
1
1
3.8062e+17
1
6.353e+15
1
564.01
1.3361e+21
9.0301e+11
1
4.2256e+05
2.393e+11
3.1395e+10
1
1.4555e+11
1
1
1
1
1
1
376.23
1
1
2.5143e+10
1
1
739.33
8.7025e+09
3.2917e+07
2.2769e+11
1.2545e+15
1
5.258e+19
3.1343e+15
32059
1
2.7614e+15
9.335e+17
1
1
1
1
1
5.2526e+06
1.8306e+05
1.3941e+11
1.2435e+06
1
1
1
1
1.3632e+08
1
3.2488e+12
8.323e+20
1.3834e+08
2.0176e+15
1
1.3234e+13
1
1
4.5432e+14
1
1.718e+06
1
1
2.5572e+13
1
121.24
1
1
1
1.6817e+11
1
2.8739e+05
53048
64493
1
1
1
1.0675e+08
37.029
1360.7
3.7638e+05
29547
1
2.6558e+06
5.0721e+08
2.2246e+06
157.81
8.8297e+06
924.69
1.0533e+13
1.3233e+10
16586
1.5885e+20
1.2613e+06
1
1
3.6091e+07
1
1
1
3.115e+06
0.00051991
1
58942
1
1
2.3512e+07
1.5806e+09
2.1921e+05
1
1
1
1
3.2518e+05
1
1
1.3456e+14
1
1
1
1
1
3.4253e+08
78327
1.7836e+07
3.4584e+13
9.9684e+16
2.2941e+18
1.6644e+23
1
1
1
111.09
1
1
1
7.4984e+05
1
1
1
1
1
1
1
1.4762e+17
1
33093
1
1.5644e+20
1
4123.1
1
2387
1
1
9622.4
3.9821e+11
1
8.5506
9.6196e+11
1
1
1.8962e+20
5.3818e-05
1
1.863e+07
3.6721e+15
4.7009e+16
1
1.5291e+05
1
1
1
1
1.1586e+09
3.2146e+08
1
1
1
1
3.3437e+18
0.31814
1
1
6.3081e+29
3.2775e+15
4.1821e+12
1
1
1
1.9931e+13
1
5.0816e+12
1.5823e+11
3.0757e+18
1
1
1
45002
1
1
22782
4.4919e+17
1
1
6.8687e+19
1.0142e+19
8990.5
1
1.3647e+07
3377.2
2.1471e+11
1
1
7523.1
1
37771
2.3273e+06
5.3805e+07
9.7007e+14
1
1
1
1
1
1
1
1.3006e+19
800.57
8.3922e+14
1
0.26108
3.4501e+07
1
1
7.4755e+05
3.4428e+05
1.952e+06
4.4955e+20
1.2417e+20
4.9288e+23
1
1
1
1829.9
1.2948e+08
6.1373e+18
2.7257e+08
1
1
1
8.836e+19
3.3863e+05
4.6376e+05
4.8293e+15
1
4845.1
18036
2.0537e+28
5.615e+06
1
1
2.9849e+06
1.494e+11
1
4.8747e+23
1.1187e+06
4.3113e+13
1
1
1
4.3855e+08
1
50940
3.2325e+20
6.2833e+19
1
1
1
1.7145e+23
1.0256e+07
1.0415e+14
1
1
1.0782e+23
69064
1
4.8408e+15
1.0821e+22
50056
1
1
1
1
3.2848e+07
1
3.3411e+11
1
1.3036e+05
4.2622e+07
2.077e+06
2.4471e+09
1
2.4339e+17
1.21e+06
1643
1
1.9646e+07
4.3472e+15
1
3.1913e+15
1
5.6749e+10
1
1
1
2855.3
2.2089e+19
1
26709
1
1.24e+17
22626
1
2.2549e+22
1
1
7650.9
4.3592e+13
1
1
1
1
1
1
1
5.5838e+19
3.4839e+28
1
1
319.84
1
5254.5
9.4699e+17
6.7775e+15
1
1.0072e+16
41168
1
1.1351e+14
5.205e+09
1.511e+13
4.8939e+12
1
1
46852
6.1998e+06
4.1669e+20
1
1
0.92216
2.2412e+10
1
1
1
1
1
9.6954e+07
1
1
1.5531e+17
1
7.3278e+05
1
1.4521e+16
1.6431e+06
1.1782e+25
1
1
1
2.4413e+19
1
475.24
263.11
11415
1
929.89
1.7998e+05
1
1
1.2747e+06
1
6.3779e+28
1.3416e+05
1.8003e+11
7.2366e+17
1.4787e+05
1.2754e+14
1
1
1
1
1
1
1330.6
1
1
1.68e+05
1
1
1
1
1
5.2964e+11
2.7953e+25
1
1
1.1064e+11
1.5052e+18
7823.8
1
1.7227e+11
1
1
52.115
1.0674e+18
1
28872
9.3374e+17
1
1
1
1
1
85949
1
1
10443
1
1
1.6344e+10
8.0316e+08
2.0918e+12
1
1
1
1
1
9.1992e+05
1
3.3755e+08
4.2796e+09
8.0016e+12
28.002
1
1.7231e+22
1
4.7795e+05
1
8.4441e+08
3.0298e+06
1.7816e+22
1
4.1562e+08
1
2.0904e+09
9549
14291
1
1
1
1
1
1
1
1
1087.8
1
1
1
1
1706.6
1
1
1.3911e+20
1
3.5007e+15
7.6511e+11
3664.6
1
1
1
2.6236e+07
1
1
1.7907e+08
1
4.0272e+14
99.009
1
3.143e+09
5.5334e+15
1
1
1
1.7583e+17
1.8804e+16
4.0928e+14
20565
15886
1
3.176e+09
1.9859e+11
1.56e+09
1
1
160.17
8.669e-08
1
1
1
3.1833e+21
1
34645
1
1
1.4723e+08
1
1
1
1.3792e+20
1
210.86
8.4672e+21
1
1
2461
4.342e+18
1
1
29.427
8.961e+09
1
1
1
1
1
1
6.4811e+16
20991
1
6.0232e+18
2.4399e+08
1
1.837e+11
1
1
1
1
4.0037e+05
1
2.0882e+20
1
1
1
5.7296e+10
1
13459
24573
1
3.4343e+12
759.55
1
2.9541e+12
1.5078e+08
1
6.7448e+07
1
1
1
284.4
1
1
7.6506e+09
18115
1
1
1.6176e+16
3.3744e+21
3.7989e+17
2.8421e+05
49.577
1
229.9
8.0075e+22
1
1
1
1
0.21502
1
7.5127e+06
1.3665e+10
36784
1
486.69
1.2791e+08
1
49271
1
1
1
8.282e+15
5.1627e+11
1
36213
1.7407e+10
1
4.6833e+12
1
1
1.4026e+10
1
35127
1.0075e+12
93007
4.1847e+09
3.1348e+06
2.6745e+10
1
1.0211e+05
1
1
14326
9.4079
1
6.1388e+25
1
5.6145e+10
1
1.8127e+11
9.828e+06
1
1
1
1
2.0611e+05
4.9318e+08
1
1
2.8681e+19
1
1
1
1
69780
1
1.3732e+06
5.4993e+14
1
4.3093e+20
1
45502
5.5267e+09
1
1
176.57
1
3.9725e+14
88041
1
7.3886e+19
1.7709e+05
1286.7
1
1
1.4186e+20
9.0578e+25
1
1
6.4573e+07
1
1
1
1
1
1
6.9794e+18
4.4261e+17
1
1
1
1.4177e+14
1
5.2037e+05
1
1
1.0059e+13
1.2163e+13
1
1.8184e+13
1
1
4.2508e+09
1
1
1
42.062
1
1.6118e+12
2510.7
1
1
1
19320
1.0249e+16
1
1
7.7034e+11
1
5.5424e+08
1.8977e+05
1
2.9087e+08
1
1
1
1
1
9478.8
1
436.8
2.8042e+18
1.4096e+17
1
1
1.1785e+16
678.76
2.5251e+07
5.1083e+07
1
1
2.1328e+30
1
8.3587e+16
1
1557.4
6.6591e+10
1
9.4065e+11
1
1
1
1
1
1.7886e+13
2.1693e+14
4.2792e+18
1
5.0153e+13
1.9567e+13
1
1
1
1.5193e+08
1
1
1.0252e+09
1
1
1
1
1
1
1.0334e+05
4.4644e+18
1.0946e+10
8.6862e+19
2.6482e+05
1
1
4.2319e+16
1
1
1.1017e+10
7.4472
1.1489e+06
1
2.354e+08
3.9342e+18
1
1
468.25
1
1
1
83.6
7.5423e+06
1
1
1
1
1
5.54e+24
1
1
1
8.0387e+19
1
2.1077e+05
6.3036e+20
1.4483e+13
1
1
1
3.365e+10
1.3121e+11
1
1
1188.6
1.2023e+09
1
1
1.3295e+07
1.2957e+21
7.1068e+06
2.6573e+11
1
3.0638e+05
1.5513e+15
373.91
1
4.2421e+06
1
1
1
2.6474e+07
1
3.5921e+05
3.3282e+05
1
3.8653e+09
421.44
1
5.6426e+13
1
1
2182.3
208.98
9537.4
3.9104e+12
7.5264e+22
3.3531e+12
5757.3
1
2.6708e+10
1
1.9166e+08
24591
1
2.6025e+06
2.6638e+10
1
1
2.2199e+24
1
1
1
8.6706e+08
3.9244e+11
1
6.3675e+13
11.908
1
1
2.0016e+06
9.819e+14
1
2.856e+07
32378
1
1
1
7.4069e+14
1
1
1
1
1
1.4704e+08
1
2809.3
1762.1
1.2998e+16
1.4587e+06
7509.9
1
1965.1
1
3.0467e+12
1
1
2.4901e+10
1
3.7221e+05
4.0504e+25
5.7683e+10
1.5235e+16
3.1923e+14
1
656.51
1
1
4.738e+10
1.9018e+17
1.852e+12
1
1
1
4.6761e+08
1
2.2717e+10
1
1
7.3856e+07
1
1
1
1
6.981e+12
9.1116e+13
2.0412e+25
1
1
1
6258.5
1
1.1688e+13
1
1
2.9057e+21
1
7.9575e+20
1.6809e+10
1.6785e+15
3.7754e+17
1
1
1.7147e+06
3730.3
1.6711e+06
1
1
1
1
1
1
1
1
1
1
3.1638e+11
1.2235e+05
1.0488e+21
382.65
3.6349e+08
2.2929e+12
5.162e+05
1
7.8848e+06
1
2.2622e+05
1
5883
1
1
1
1
1
3.3231e+05
1
1
1.0925e+13
1
1
1
1
3.888e+06
1.4536e+18
1
168.11
1
1
1
1
1
1.0454e+12
1
1
106.14
1
1
1.7286e+06
1
1
1.6898e+12
1.0538e+06
2136.7
167.4
1
1
1
1
1.047e+16
1
1.8103e+05
1
5.1096e+15
441.93
4.0402e+10
1.0537e+16
1
241.16
8.2716e+22
1
5.2284e+11
1
3.3433e+15
1
1
43417
1
2.0662e+10
1
7.7712e+05
1
4.1263e+07
1.6019e+14
1
1
1
35795
1
1
1
2.8389e+11
2.2208e+15
4.2016e+13
3501.2
1
1.7249e+07
4.9437e+16
1
5.2532e+05
1
1
47381
1.9466e+18
1.088e+15
3.8735e+16
1
1
6.6084e+05
1
1
1
1
1.4992e+08
1
2.573e+12
1
1
1
1
1
1
14069
1
2.2946e+17
2.3634
1
1
1
2.2286e+08
2.5911e+13
1
5599.5
1053.2
4.3357e+21
1.0064e+13
1
1
1
1
1
133.69
1
1
1
1
1
5.6676e+08
3314.6
1.0761e+15
3.1043e+20
64929
1
3.1289e+07
1
6.9243e+13
1
1.9551e+21
7.9722e+24
5.9895e+17
1
1
3.5914e+13
1
3610.4
1
3.0312e+26
1
1
8.4333e+16
1
1
5.1223e+05
1
1
1
1
16842
1
2.9913e+12
1
80783
2.4374e+21
3617.7
1
1.305e+05
1
1
1
6.4505e+21
3.8466e+20
1
1
1
3.3118e+15
67875
1
1
1
1
1.6882e+05
1
3.6011e+15
7.2824e+14
1
1.5374e+12
1
20997
9.3359e+05
1
1
2.5404e+16
1
1
1
1.114e+24
1
1
1
1
1
1
1
1
1
1
7030.8
7.7462e+13
1
7.4984e+18
1
1
5.6905e+11
2.4008e+25
1
1
1.0491e+13
1
1
1
1
1
4034.8
26.001
2.1704e+19
1
1
1
598.53
3.5082e+12
3.6315e+07
3.3035e+05
1.9985e+07
1
1.3802e+18
1
1
1.7779e+06
1.4152e+09
1
359.15
1
1
1
1
5.4399e+14
1
1
1
8.1692e+11
4.1846e+16
1
421.63
1
1
2503.9
1
6.6634e+18
1
68527
1
1
1
1
1
9.6802e+21
5310.3
1
23773
1
1
1
1
1.0408e+11
9.2023e+13
1
1.1397e+11
1
2.7141e+10
1
1
5.7107e+06
4.4136e+08
1
6.5494e+05
1
1.488e+09
1
646.7
4.4359e+22
1
1
23.228
2.0132e+06
1.0477e+06
1
1
6.5829e+25
1
1
1
84532
1
1
1
7.8784e+11
3.4316e+08
1.7613e+08
39333
1
1
1
35947
1
1
1
1
1
1.2753e+26
1
27.221
2501.7
2.02e+05
1
1
1
1
1
2.84e+09
1
1
2294.7
9.3594e+17
1
1
1
4.4584e+05
1
1
146.86
1
1
1.5208e+16
1
9.3334e+07
1
9.9305e+05
1
1
1
1
981.26
1
1
1
8.9117e+33
3923.4
5.217e+07
4.318e+09
1
1
2.3162e+09
1
1
1
1
7.8198e+21
1
1.9112e+14
7.2062e+19
1
1
3.7783e+07
1.9609e+20
1.2858e+17
1
3.5518e+17
1.6396e+19
1
1
1
39269
1
1
1
31.623
2.8043e+09
535.06
1
1.7032e+16
4.2761e+08
11715
1
2.0865e+07
3.2545e+21
1
1
1.3912e+24
1.9742e+13
1
1
4125.3
1
1
1
8380.4
4817.8
1
1
1
5468.2
1.1845e+19
1
1
6.5591e+31
1
1.3383e+07
5.0932e+05
535.11
1
1
1.0764e+17
1
1
1.383e+11
1
4.4091e+08
2.354e+09
1
2.9292e+17
1
58.331
17464
5.0997e+24
1.5498e+07
1
3.1081e+11
1
1
1
1
1.3146e+14
34105
3.0296e+11
1
1
1
1
6.6938e+08
1
1
0.48629
6.8289e+14
1
8.4298e+06
1
1
1
3.0979e+13
1
1
1.2749
1.1837e+15
2.0692e+35
1
1
7.782e+08
5.6362e+08
2.1006e+09
1
212.72
1
1.4674e+15
3.679e+25
3.0914e+10
1
1.5871e+07
8.8301e+16
8.0747e+05
1.3619e+05
1
1
1
1
1
931.56
8.3981e+08
3.0294e+20
1
1
1
27020
1
5.2932e+11
1
1
1
1
1
1
1
16.093
0.035892
1
1
51613
1.0163e+22
1.6881e+09
1
1
1
3.6165e+12
1
1
1
5.9576e+17
1.7675e+19
1
1
1
1
4.5536e+09
6.7768e+14
2.0521e+06
1
1.4237e+12
2.1293e-06
1
1
1
28362
1
1
1
1
4.01e+06
7.281e+33
9.8339e+09
1
4.5119e+27
1.7039e+07
1
2.5955e+06
1
1
1
1
5.1498e+10
7.5703e+05
1
5.2669e+16
1
1
2.6105e+18
3.5666e+15
1
1
1
1
1
1.7969e+05
1
1
1
1
1.2073e+20
1.8336e+10
3.5098e+05
1
1
1.0622e+11
2.2402e+05
1
2.8583e+20
1
0.00030933
1
1
1.2112e+15
1.2722e+09
1
1
1
