
2129
-26744.9257
-13671.8569
-48286.7364
-36357.4038
2133
-26256.1718
-35050.535
-63049.5
-12421.3038
2137
-30954.6488
-22970.1172
-49267.7484
-32346.1233
2141
-35221.0827
-36688.1501
-27144.4221
-24454.6713
2145
-55456.9435
-28286.3082
-71768.8649
-40002.2461
2149
-22963.7399
-24505.3096
-27503.6567
-51028.202
2153
-50187.0504
-80493.5833
-23483.8684
-36666.3745

2101
-44586.1434
-46150.6872
-33089.3507
-42905.3089
2105
-80360.6585
-19190.8053
-19558.0209
-43436.3514
2109
-74720.2399
-135352.265
-140240.824
-35705.4343
2113
-64666.6732
-21327.6625
-54138.0054
-16296.3954
2117
-35855.351
-14568.752
-35459.5861
-32548.8881
2121
-48841.2656
-16584.2616
-38245.3466
-32306.6531
2125
-74929.3183
-154087.249
-39988.4915
-42000.8924

533
-67236.9328
-30154.6967
-31029.1944
-30227.5867
537
-39262.1736
-174508.858
-69964.1888
-54963.0736
541
-104515.919
-33501.8032
-25209.3027
-9894.14097
545
-116943.436
-57256.5709
-30301.1197
-18995.2433
549
-38270.4217
-84387.8628
-85471.2448
-27108.4475
553
-26764.2477
-50708.7924
-19288.3328
-11420.1467
557
-39609.0707
-29176.2422
-97524.1928
-25794.4848

645
-23046.1716
-10669.9913
-66476.8133
-76720.4055
649
-53009.9351
-15994.2178
-16902.407
-25872.8888
653
-27551.0407
-34868.6928
-27194.8748
-75409.8938
657
-36721.7726
-22201.7788
-116158.682
-42061.4551
661
-32094.4624
-67305.1036
-43308.3413
-110702.946
665
-22869.9025
-25083.2173
-96092.492
-36502.0564
669
-79652.4296
-32173.946
-21755.5253
-103361.394

813
-64568.4322
-78548.1314
-17266.2184
-24490.3179
817
-48564.4274
-96797.861
-46225.4218
-124782.329
821
-123927.854
-33127.3167
-24678.6323
-13071.2785
825
-33502.6837
-93400.1147
-52449.395
-30226.9492
829
-23067.4815
-56999.9366
-83673.653
-6910.78653
833
-63349.8608
-19388.2321
-94096.3543
-29680.0048
837
-86759.9041
-23016.2246
-31062.1473
-80923.8719

1037
-34791.0849
-21918.2351
-66247.61
-20837.084
1041
-65281.4417
-36003.3531
-20656.1867
-67947.1946
1045
-66789.3655
-32746.0069
-47926.7693
-76056.7845
1049
-21364.2751
-35486.4743
-15455.1551
-80540.4284
1053
-45730.0153
-20493.6942
-94439.2629
-49947.084
1057
-36166.422
-48397.4704
-89927.9045
-24652.9194
1061
-99685.3451
-42151.2915
-45638.7782
-22129.8604

561
-212493.996
-98257.9212
-44791.1398
-31540.671
565
-72322.0208
-18119.559
-93351.0364
-84925.0679
569
-12150.0713
-50267.3787
-102533.439
-73260.7495
573
-91829.6392
-23816.0612
-124641.06
-49079.0842
577
-69056.5955
-146072.392
-51353.0188
-46156.41
581
-32015.7662
-146706.376
-41216.9257
-21632.9635
585
-83992.9471
-51838.1153
-47974.8733
-44524.54

1737
-51189.8603
-65359.8408
-33021.2557
-23142.4024
1741
-27500.0485
-20909.321
-36403.0764
-64551.8541
1745
-25985.635
-30334.5517
-45244.2321
-38391.4507
1749
-164992.868
-36837.9411
-68604.0718
-45427.7487
1753
-18632.7734
-63917.1155
-84064.9298
-23979.0146
1757
-45271.7056
-19549.1091
-25921.7195
-56381.3312
1761
-34295.7396
-65356.0247
-74840.9487
-25838.9332

785
-31067.1936
-58609.8382
-80572.1536
-25030.6994
789
-19978.8863
-121750.036
-32576.4798
-22051.7568
793
-49563.134
-65888.0024
-30969.2886
-31481.3652
797
-199423.429
-38167.63
-88654.8607
-71334.3595
801
-46380.3722
-27560.4122
-43842.7691
-58899.8104
805
-116104.552
-97377.3387
-18857.0758
-28295.4332
809
-64592.3726
-47081.2767
-27192.8369
-153239.563

701
-40559.1637
-37957.7177
-96598.6001
-23255.1614
705
-18300.0571
-28140.4657
-19353.7079
-44239.3434
709
-31124.5352
-57660.7665
-101287.046
-30029.4448
713
-57538.3954
-42367.9394
-77936.9756
-29145.2273
717
-40086.6221
-29101.846
-54073.6423
-48262.4721
721
-75016.4952
-26565.7079
-148118.586
-22408.9158
725
-24176.5539
-62533.5698
-35009.1404
-92612.9274

953
-52155.9613
-35808.2919
-93188.8767
-17015.8442
957
-20787.557
-28992.82
-32708.072
-24584.1263
961
-58946.9203
-203201.584
-17421.9437
-83562.9395
965
-53795.9633
-84666.2724
-128985.015
-27173.9912
969
-53569.6878
-30622.2299
-25466.1313
-32688.7903
973
-42263.9909
-92153.0483
-15570.3179
-35635.1239
977
-29168.3879
-30557.2351
-22595.9702
-79521.3195

1177
-55682.0019
-13163.6214
-81392.953
-32731.8388
1181
-78940.8284
-67445.7286
-12548.6403
-109471.88
1185
-37737.5154
-47025.931
-17604.5994
-19508.6585
1189
-92068.78
-22380.9384
-23340.0943
-47409.4313
1193
-52259.4869
-75201.6949
-29766.3642
-50799.0298
1197
-66734.3708
-34452.8703
-85815.0495
-30992.2762
1201
-21198.584
-52960.6152
-120870.705
-193064.669

589
-40625.7328
-33904.2929
-121459.762
-70123.0264
593
-18099.4798
-35148.6207
-34199.9514
-140619.679
597
-14719.9969
-57549.2616
-41227.8019
-43295.8978
601
-35517.3728
-25632.4202
-33736.8744
-84786.4611
605
-64635.1832
-67493.5152
-25100.9821
-76760.1433
609
-40164.3193
-22909.6909
-144106.484
-88996.1599
613
-68842.3355
-50455.8163
-40507.7317
-27760.3704

1429
-71265.2662
-23247.8849
-21958.5408
-43618.7284
1433
-46494.7723
-29776.4105
-71109.3912
-53033.6617
1437
-68443.3636
-21556.969
-54675.6817
-30908.6576
1441
-24235.7811
-54121.0923
-15067.7018
-22131.906
1445
-52649.9883
-43525.0198
-116898.768
-154902.441
1449
-34674.1662
-16795.267
-53799.8241
-35149.5515
1453
-120362.798
-37954.1032
-89493.611
-157239.468

617
-39653.108
-44834.8601
-44745.4574
-72893.9345
621
-54919.241
-27355.0815
-61696.9974
-69211.2031
625
-19975.5028
-24897.3197
-48277.3576
-73891.8877
629
-37638.9027
-28995.8994
-63730.4619
-55545.3441
633
-69910.6223
-92892.8801
-36963.9591
-16509.2617
637
-31673.264
-78340.5463
-46574.752
-32693.8888
641
-34165.3308
-35898.8942
-20022.5326
-49432.9841

1009
-30096.4814
-23958.5979
-89999.6767
-40690.7857
1013
-32849.8827
-38922.038
-32585.8567
-52687.2881
1017
-48387.1748
-28634.4547
-96230.0849
-93140.8079
1021
-73319.1458
-73117.5261
-13341.3137
-38900.5508
1025
-32233.1488
-18189.1638
-196667.008
-44980.0158
1029
-115899.607
-58405.1486
-26414.2896
-119374.044
1033
-45123.6812
-57285.5905
-32263.8025
-119629.986

1373
-27206.2339
-37050.2777
-34771.0006
-39895.8624
1377
-77163.2803
-23882.5126
-60820.769
-105114.846
1381
-78343.1617
-34503.6504
-20762.4663
-43386.5868
1385
-34396.3426
-85522.6235
-16707.7623
-59122.283
1389
-17257.7375
-47510.5231
-49375.8335
-72270.6766
1393
-20824.7206
-73230.4906
-123082.555
-49794.615
1397
-75311.7907
-49953.1234
-49328.3074
-41223.0191

841
-54111.6453
-53802.9274
-90952.313
-36681.8273
845
-185662.646
-36011.3495
-29862.8685
-30887.9079
849
-32002.0393
-51017.0596
-17723.4067
-16927.8538
853
-22001.8058
-25543.684
-49356.4211
-43898.3356
857
-39730.0529
-30645.8703
-22977.5089
-20370.5322
861
-72111.6155
-41754.3744
-32961.1542
-42095.5483
865
-44445.8961
-56799.0617
-33284.2814
-48917.2526

673
-35808.7485
-176900.872
-29634.0317
-40051.3271
677
-36119.9211
-15753.3234
-51109.9323
-76326.9186
681
-81048.6045
-38640.661
-55488.8557
-134653.683
685
-129490.465
-123221.271
-20609.5125
-39675.6327
689
-27982.2459
-20517.966
-16632.9786
-21496.8516
693
-22108.9325
-54493.0308
-67892.1722
-102471.071
697
-67591.1596
-83434.5821
-23892.7962
-89302.1393

1205
-121481.546
-25408.6211
-21850.1957
-101974.039
1209
-25733.0469
-64660.5251
-46618.0702
-32055.9092
1213
-187063.216
-77464.9694
-72892.8018
-15569.591
1217
-68991.2674
-76975.7584
-32973.2129
-71500.1142
1221
-23531.9441
-26915.8702
-68750.0726
-222552.115
1225
-57658.0028
-26140.7523
-43531.8369
-41447.9863
1229
-135992.627
-15969.8459
-51865.0096
-27891.9245

1149
-33825.1418
-99597.1457
-165185.25
-82087.8752
1153
-25771.8435
-94498.3999
-12936.1957
-37586.3875
1157
-68507.0598
-54626.1619
-133645.661
-30351.0644
1161
-45583.5183
-40580.1383
-100605.375
-116569.416
1165
-193491.947
-102474.675
-27909.5472
-34514.618
1169
-39599.0055
-22716.9469
-26091.2814
-30988.7799
1173
-49330.0303
-127876.668
-30168.985
-105066.21

1261
-56656.4189
-19990.9263
-42374.0139
-27456.9656
1265
-37906.6099
-116305.05
-26368.3075
-51629.0587
1269
-54500.5965
-111830.674
-24337.769
-64049.4645
1273
-84380.4775
-54530.3444
-26813.6524
-21070.3866
1277
-81194.5404
-75024.6035
-32921.3911
-62186.8892
1281
-58381.3789
-49199.4387
-109916.451
-34229.9764
1285
-122896.494
-34455.7423
-128170.936
-57361.079

1709
-37716.8587
-134164.904
-31207.2457
-27219.4612
1713
-48981.329
-23934.4416
-47947.0691
-81900.5238
1717
-52093.7492
-84100.7123
-29178.0834
-43228.1499
1721
-70304.3112
-56840.9668
-19259.111
-36016.6558
1725
-114794.742
-35031.7865
-33854.9589
-128036.57
1729
-34694.0213
-72846.5178
-23747.1613
-51591.1239
1733
-17941.8393
-132806.926
-77271.0735
-18459.9667

1625
-26467.0853
-47308.2461
-35218.1806
-59871.1792
1629
-46473.9426
-22359.9385
-23535.5988
-75669.941
1633
-62349.2103
-24233.3923
-26399.3577
-25849.4693
1637
-61712.8661
-37187.3339
-53604.8446
-26926.9932
1641
-55509.3149
-59426.6184
-23166.9463
-35609.9881
1645
-89729.9414
-15339.3092
-14481.0012
-69617.0116
1649
-40295.7892
-81659.8451
-62877.4412
-41864.5494

1485
-42616.0178
-24777.8242
-63443.4197
-48709.0732
1489
-26136.9974
-88143.914
-86535.1957
-29185.8122
1493
-21330.9532
-29997.644
-28088.8088
-53639.9816
1497
-30933.0894
-47150.7075
-40880.4076
-65431.7211
1501
-28436.4691
-49861.4432
-22453.9798
-13553.3445
1505
-32363.4697
-18491.827
-31780.8873
-16820.5607
1509
-38551.811
-47323.9588
-21038.5206
-57933.2431

1513
-50998.0383
-31200.5613
-17372.1227
-27286.512
1517
-90455.5887
-33604.9152
-41000.5037
-42943.1475
1521
-20086.3092
-45531.3723
-84005.6649
-29255.1166
1525
-78605.2871
-61930.3849
-93433.5671
-69385.0622
1529
-56890.4302
-37822.3252
-21933.0367
-93759.2966
1533
-93253.4534
-51819.102
-62217.4687
-108358.066
1537
-21420.3105
-63838.7048
-19376.7186
-9827.80035

1765
-38505.8473
-30013.5277
-76850.8544
-45557.2529
1769
-35227.8958
-57099.1432
-52454.3558
-77128.9291
1773
-46821.4469
-30627.3226
-16932.8628
-118704.438
1777
-191274.89
-43038.7012
-65681.6588
-217263.373
1781
-25296.5627
-15692.5686
-13702.1965
-28744.4404
1785
-114032.479
-45143.492
-55743.5387
-107455.518
1789
-30223.1378
-34175.6031
-26184.38
-15200.1149

1345
-39812.5406
-105980.003
-27898.333
-28765.0806
1349
-33185.585
-39037.2632
-15920.5702
-57471.438
1353
-36316.1614
-37904.5304
-41733.1207
-32638.7556
1357
-31474.8915
-65860.4595
-33706.5223
-49257.3689
1361
-30390.7423
-18477.4058
-60790.136
-67530.5515
1365
-34725.2584
-34073.9116
-28431.0549
-37432.9819
1369
-11165.8596
-96916.8612
-25745.449
-19761.2165

1289
-88317.8525
-59914.2336
-36919.7413
-40732.5891
1293
-79575.8838
-139576.608
-43208.3148
-29901.2167
1297
-87622.4218
-49125.8503
-85092.2516
-14958.2035
1301
-31179.183
-36595.238
-48565.1449
-44953.4423
1305
-48947.8836
-46396.4876
-25858.1559
-40396.9928
1309
-19117.9912
-58703.5118
-29846.7324
-60860.9166
1313
-31181.5516
-89127.5322
-60572.4388
-57858.8158

1065
-45975.351
-57438.7976
-42913.152
-32011.1853
1069
-48016.4544
-144814.602
-96989.2864
-78796.7835
1073
-109884.548
-44523.8097
-43483.924
-36770.7889
1077
-56765.898
-43742.0226
-104597.405
-28718.2467
1081
-40654.7854
-38756.4064
-75058.1923
-15497.148
1085
-42749.5942
-46763.0723
-30898.9314
-53149.1081
1089
-39254.8061
-194630.19
-49883.6733
-62107.4421

1233
-19378.1957
-28198.8727
-35622.9601
-15250.9762
1237
-84224.9171
-55891.9357
-17528.1057
-32203.753
1241
-15084.277
-16238.2553
-29427.4664
-141758.964
1245
-34851.4846
-82938.1768
-68733.7382
-37223.3125
1249
-41065.7077
-23658.7456
-49879.3681
-180738.431
1253
-48770.8272
-33058.2335
-32497.9799
-28874.8575
1257
-157884.624
-88439.1239
-21108.67
-51084.78

1569
-44025.3298
-44897.4227
-19458.518
-92515.0691
1573
-38675.2765
-69756.7454
-38844.5916
-51885.5242
1577
-38972.3246
-106656.522
-98450.54
-103429.2
1581
-30541.7871
-54850.4676
-99535.2279
-47436.1456
1585
-89649.8531
-33942.6485
-100078.771
-42446.3687
1589
-33353.2015
-54688.8059
-55881.8413
-41962.7711
1593
-64810.4668
-28790.3516
-12105.9234
-31567.411

1821
-52880.3299
-49999.8204
-22307.5789
-15240.9193
1825
-91147.7728
-28299.6424
-40808.6969
-86963.4413
1829
-41242.1143
-34449.7506
-29612.1489
-40249.2903
1833
-88964.847
-64587.7802
-43445.3266
-108656.034
1837
-6864.11694
-201381.738
-104048.713
-45505.8805
1841
-32853.5082
-88948.7699
-19001.6412
-35414.5445
1845
-115548.867
-183000.664
-37930.8133
-52640.0413

1541
-20274.0041
-36752.3443
-196599.268
-25861.3681
1545
-101801.425
-40791.526
-27553.6289
-123942.328
1549
-38963.6939
-22270.988
-43506.5639
-42866.0063
1553
-66822.4354
-67759.3015
-43810.7577
-21170.7498
1557
-25989.5019
-22363.9593
-123475.07
-17349.007
1561
-158331.746
-17285.9807
-20211.4037
-13055.8086
1565
-73102.8478
-179055.001
-29436.1488
-32696.8538

869
-16604.3888
-19265.457
-28301.6542
-37127.0324
873
-63091.0778
-20935.7819
-58965.3014
-37806.8348
877
-121612.398
-39613.6101
-33017.8023
-19379.7053
881
-21650.4161
-72712.4805
-19240.3564
-38592.0244
885
-179173.626
-63727.2594
-57812.9024
-75251.8347
889
-70842.7118
-55126.4465
-12363.6071
-252917.368
893
-19272.1405
-22757.011
-136137.214
-22017.6633

1401
-65565.6797
-29981.8426
-79198.6586
-28254.0079
1405
-34505.8522
-41527.8407
-48181.0114
-31468.6662
1409
-51978.6597
-8248.59565
-134371.187
-71403.4825
1413
-96524.7749
-76288.3855
-114782.496
-57821.1132
1417
-66367.7848
-64512.9096
-28469.4749
-45148.0515
1421
-23384.8131
-57066.5498
-32113.1851
-62511.2506
1425
-32165.4123
-76534.8933
-106997.2
-41738.0027

1989
-23056.7833
-29177.9537
-40305.651
-31273.9423
1993
-39802.2437
-27443.6661
-144129.057
-13207.0337
1997
-25679.6566
-51838.1546
-50637.8654
-26844.6826
2001
-104651.303
-17959.576
-15953.7571
-23048.6319
2005
-42210.0975
-27809.8561
-50384.2853
-56671.1804
2009
-16022.3949
-15865.0032
-20546.7116
-49751.9741
2013
-52285.7537
-87435.3226
-246856.166
-27762.0804

1933
-40472.6504
-87754.9235
-43883.8973
-59605.472
1937
-41006.3947
-260785.767
-35054.7629
-101125.19
1941
-41559.8972
-96787.5393
-64925.6189
-87760.201
1945
-46133.479
-31209.2478
-92538.1503
-31275.2527
1949
-28072.1423
-21647.7188
-22977.8821
-15836.9997
1953
-80598.4566
-53992.1242
-77215.8008
-33698.0597
1957
-62246.7685
-27419.7866
-22409.205
-54963.8391

2073
-89632.1662
-58243.5237
-25213.0106
-93779.7343
2077
-37016.5334
-29185.6187
-66689.5
-24164.9015
2081
-21012.7195
-38000.1607
-25902.0502
-113551.797
2085
-22333.4927
-37890.5182
-44443.7509
-20402.3055
2089
-101939.254
-41826.4568
-78788.7392
-18201.2222
2093
-36959.6253
-15485.6897
-81072.9941
-53564.0765
2097
-28632.404
-40034.0463
-25690.3166
-31737.5919

1093
-37567.1104
-20590.4508
-57854.7222
-22958.5121
1097
-24925.3018
-8525.7721
-25226.1826
-46558.0853
1101
-41292.9699
-24430.8649
-29586.3741
-73121.8375
1105
-214882.895
-94112.829
-22940.6591
-24810.0722
1109
-4859.05784
-46103.2622
-56329.8141
-58468.7628
1113
-65145.505
-40881.6231
-323348.108
-15106.5996
1117
-80617.6562
-47276.3787
-34521.9362
-28597.0393

2045
-63330.4727
-23629.1563
-50157.1566
-150350.521
2049
-26416.5864
-151856.021
-41088.007
-41585.2812
2053
-73788.2788
-78830.5299
-46113.7361
-176283.261
2057
-56371.9476
-23126.287
-35952.9952
-34250.8862
2061
-44007.2755
-17225.6921
-80500.2679
-41956.61
2065
-49000.9187
-36031.1661
-79774.543
-59155.0014
2069
-83084.3785
-78129.5085
-173695.431
-21954.3872

1961
-27821.6501
-240574.078
-28348.2655
-38299.5817
1965
-42915.9983
-24518.1477
-50839.5573
-41784.2126
1969
-48406.0228
-55406.9701
-46555.3039
-31315.1969
1973
-39202.2716
-17449.8285
-85554.2296
-70806.0084
1977
-39767.8385
-227634.549
-64837.3256
-136640.979
1981
-38714.6829
-43829.2112
-30077.1311
-24225.7151
1985
-110347.878
-43750.2956
-50667.4335
-115811.928

1793
-65457.3803
-24498.7742
-38893.2575
-31427.5894
1797
-72332.7504
-93156.9092
-43199.2549
-69107.6416
1801
-34656.8051
-60971.1035
-35905.4875
-34572.5592
1805
-31097.3496
-18927.7839
-45761.984
-52827.8369
1809
-74771.1237
-29208.6555
-23252.2595
-82243.1077
1813
-84033.3121
-42544.993
-57237.5844
-42872.8526
1817
-110334.749
-82354.0201
-13443.1529
-68634.0312

1849
-14910.0084
-27168.123
-91095.0291
-53068.956
1853
-52866.8094
-246516.655
-43427.91
-20464.7527
1857
-39697.8227
-20240.3248
-44919.7073
-36290.8196
1861
-71404.1664
-28502.3062
-95112.1079
-27454.2686
1865
-15623.2668
-70327.2317
-29838.4478
-188536.455
1869
-38704.6263
-14249.3635
-60717.4452
-52083.0792
1873
-87443.3251
-34549.5682
-36021.8859
-46655.3384

1905
-24962.8826
-64319.4637
-33468.4016
-33530.6003
1909
-91766.3283
-23415.286
-17395.0633
-35785.7529
1913
-24253.7683
-84974.8276
-88004.9936
-27598.4619
1917
-86418.0271
-59874.0122
-96006.8416
-94489.647
1921
-31537.648
-45573.2014
-28999.6209
-167720.339
1925
-26061.589
-35698.6417
-55918.5317
-97599.3478
1929
-59722.4812
-40091.0876
-32222.1441
-240705.647

2017
-17647.0457
-37718.3616
-85773.1176
-64919.7476
2021
-88585.973
-95192.663
-151160.462
-71608.8192
2025
-46033.6874
-28456.4781
-31837.6391
-61445.4439
2029
-25950.3555
-27226.805
-60173.3681
-37707.8847
2033
-26861.325
-93878.3464
-34706.374
-31936.6489
2037
-20537.9946
-34351.3473
-52737.582
-27270.4389
2041
-33398.6069
-31517.2515
-22002.9026
-48882.5435

2213
-72939.2093
-18085.3941
-121970.365
-68183.1802
2217
-36777.4673
-155569.292
-48733.0353
-92736.8749
2221
-51627.1519
-47777.0103
-67604.4085
-34564.0674
2225
-28110.8027
-136780.56
-131758.867
-39607.0892
2229
-33416.3425
-38539.9655
-31521.9103
-36156.2168
2233
-37653.5414
-27407.1385
-44415.1986
-25745.9273
2237
-98472.895
-30799.5111
-76799.2884
-32248.2911

729
-68721.5971
-15512.2253
-53198.4883
-19693.8489
733
-65389.005
-106255.326
-40268.9114
-25389.7375
737
-23673.4973
-32745.6769
-67610.1299
-20153.6801
741
-89287.481
-19302.2239
-45878.1876
-64232.036
745
-18836.2855
-17020.1451
-22863.6647
-37823.905
749
-25973.7145
-27307.1974
-130957.079
-21592.1288
753
-51950.3493
-12133.4757
-23228.9351
-29195.2036

1457
-21907.0344
-24933.3785
-23913.1719
-15095.8696
1461
-32217.8344
-22687.5442
-27480.9166
-23203.7531
1465
-30318.9947
-88332.8576
-89955.1422
-81402.8772
1469
-24755.8174
-48593.277
-66428.0147
-44394.9102
1473
-116621.229
-49438.7033
-43701.7318
-16456.1712
1477
-75605.3473
-61897.0156
-21460.4321
-64704.5804
1481
-75753.1929
-27728.8296
-81964.4974
-44045.4067

897
-30744.3599
-88320.4724
-49819.5891
-27595.1056
901
-145267.511
-20122.7038
-27220.5638
-20901.2975
905
-31081.5013
-64911.2743
-34398.4704
-44329.1059
909
-75084.0742
-103549.703
-76022.7063
-32103.9878
913
-64622.322
-39086.7349
-33398.9879
-22660.9373
917
-20895.2188
-38345.0261
-23993.7221
-118214.471
921
-17976.8468
-26623.0239
-33399.4761
-81625.9649

1877
-87767.6444
-52656.4655
-51443.1149
-114899.46
1881
-19141.6778
-49153.8129
-35640.9807
-37821.2094
1885
-33533.3725
-112849.632
-28189.1726
-62589.1945
1889
-56902.5997
-31936.2593
-54150.1399
-24292.4072
1893
-52418.0288
-24848.155
-30052.1558
-12307.8219
1897
-47145.8947
-62923.3611
-37001.5059
-85433.9982
1901
-28259.0091
-60795.2646
-62941.7335
-38354.6186

1597
-41639.1336
-26046.6913
-29997.8962
-44599.5657
1601
-55948.3909
-29621.6902
-54805.0308
-103919.483
1605
-82254.2844
-31041.7423
-82771.4075
-29419.887
1609
-85859.3432
-17018.641
-29518.6526
-41218.8572
1613
-48932.64
-175025.123
-83913.9662
-29664.304
1617
-38484.5701
-42115.3532
-42341.1262
-43970.1376
1621
-112464.402
-30344.1666
-142498.381
-35647.7791

925
-31027.2175
-33195.9386
-124528.512
-94456.5621
929
-71177.398
-56155.241
-24663.7274
-96660.5317
933
-30869.5916
-34804.8452
-63967.3485
-29919.8915
937
-114100.122
-24386.3801
-86365.8379
-34914.3054
941
-22092.5195
-27391.5284
-39723.2256
-14785.7746
945
-17900.6969
-51771.3641
-184889.319
-42457.9341
949
-49510.6971
-39359.477
-22347.3538
-53339.624

1317
-120876.005
-153679.423
-179020.265
-49532.5895
1321
-27177.1957
-113940.126
-66587.1014
-65400.7043
1325
-23523.4797
-17519.9688
-126963.471
-20464.0051
1329
-19058.8476
-75060.2736
-59600.9311
-34896.8664
1333
-59612.5758
-58667.4257
-45073.8058
-152056.704
1337
-28951.4595
-74918.8415
-24698.6936
-50460.4674
1341
-48636.088
-33849.8452
-86852.4153
-20897.1214

1681
-17762.4005
-34152.2144
-109852.38
-39880.1908
1685
-122713.541
-83793.0912
-90854.3837
-55989.7665
1689
-25799.017
-20566.3709
-43018.3986
-82811.3253
1693
-222661.931
-40707.2265
-33340.1328
-51105.5853
1697
-15305.809
-92841.2141
-189991.913
-32212.2019
1701
-87440.9206
-41060.4399
-85737.8028
-20855.8222
1705
-39033.5223
-23046.6741
-33237.1314
-45922.0049

2185
-45563.9902
-86266.7196
-16244.7248
-59003.9106
2189
-36142.8202
-21600.4226
-28963.2951
-27797.0052
2193
-64119.4707
-50154.5255
-27877.8036
-79209.9469
2197
-60935.0059
-26390.8306
-54541.9657
-125667.933
2201
-142315.191
-76316.5891
-32197.2872
-54329.1383
2205
-49442.3859
-37390.781
-98531.0247
-26575.493
2209
-20466.5395
-23029.1895
-71513.135
-39546.757

1653
-68191.3577
-34611.3792
-54020.8628
-9174.61241
1657
-42788.7886
-41363.4802
-42967.2333
-20045.4241
1661
-18470.9382
-27828.0604
-41719.4437
-39117.3748
1665
-107950.695
-25618.491
-126821.091
-67839.9177
1669
-73575.4688
-29239.4837
-48171.8814
-56608.5221
1673
-71830.4632
-131308.05
-30559.518
-43506.4938
1677
-36023.3275
-60525.8413
-61673.3301
-49250.1991

2157
-45666.5096
-13806.3881
-24286.8585
-65104.7374
2161
-40857.8813
-26425.8745
-56147.4108
-188038.769
2165
-55445.639
-23378.7907
-117594.857
-45733.6641
2169
-79930.0419
-173302.872
-45598.0361
-22946.8497
2173
-42846.8318
-39636.8299
-40476.0525
-109387.388
2177
-62718.4711
-49916.0533
-55214.5277
-58951.8665
2181
-26666.2147
-109229.515
-63013.5081
-31640.9478

29
-19748.0967
-40216.7109
-126923.88
-31505.0303
33
-35593.9178
-22457.7391
-21797.7073
-145734.915
37
-41193.0974
-41047.618
-27066.4714
-47066.2014
41
-23710.3202
-14919.9931
-50532.0861
-46136.8105
45
-62507.234
-38331.4598
-105965.759
-25576.5715
49
-35351.4698
-35925.8031
-16375.4847
-226563.994
53
-36030.2597
-100310.237
-20423.466
-34192.0895

981
-23518.6972
-47930.9956
-41684.2439
-59396.4147
985
-107233.271
-98985.6222
-32620.4439
-59576.8348
989
-84260.9249
-53249.3729
-55476.3222
-66010.5478
993
-63382.61
-79126.1282
-34791.37
-22288.2001
997
-34249.1367
-15218.2538
-37040.6039
-48559.4972
1001
-44943.875
-30070.9738
-88254.2274
-17836.6999
1005
-50560.7338
-45182.3464
-54819.2847
-34139.5216

1121
-20933.9351
-19157.5908
-52641.4557
-72866.6043
1125
-38673.0259
-34420.411
-26789.1484
-30481.5818
1129
-43814.9253
-76287.6526
-49686.7372
-27129.0956
1133
-46055.7885
-119583.647
-22482.0744
-32987.3951
1137
-21435.4412
-19988.9424
-78913.6535
-34204.6626
1141
-28230.3569
-37009.2114
-60364.6171
-68718.3652
1145
-23379.6509
-42177.2865
-86519.0385
-53439.8757

281
-25367.6921
-229451.213
-36956.4466
-24125.8217
285
-62189.5311
-20375.3971
-10729.4647
-30104.5608
289
-30154.0156
-25504.4977
-43384.2245
-102171.657
293
-122930.625
-37004.1991
-44841.3692
-66138.3167
297
-50067.346
-124422.812
-64755.8904
-53934.1901
301
-81973.6766
-56784.4595
-28482.7521
-51342.4067
305
-82811.0673
-25899.8692
-97316.0931
-279825.886

57
-56564.6035
-20317.5536
-176371.755
-35853.1758
61
-71155.5711
-8583.41975
-67972.5886
-30124.9161
65
-194511.966
-51390.1667
-122393.968
-43140.8946
69
-44189.1603
-25368.9148
-29594.1934
-58700.3487
73
-47318.4775
-19389.3483
-30363.0911
-109470.028
77
-69212.2027
-52625.4538
-41912.676
-15331.6085
81
-84744.0634
-23768.6636
-13454.3542
-59612.4306

113
-31245.8889
-19431.9648
-44411.3476
-19414.52
117
-19175.1235
-119856.896
-35429.5156
-39480.6483
121
-63923.1133
-72938.0149
-29961.5589
-38262.7942
125
-120809.213
-83580.5713
-44194.6244
-44707.7356
129
-21841.0108
-44895.5104
-32780.6691
-75435.2379
133
-45273.9824
-28362.5803
-25413.6102
-91425.1348
137
-85331.7508
-39505.9417
-69687.7955
-25552.0988

253
-78286.6346
-64567.3898
-20317.8882
-113848.928
257
-63270.0793
-23342.6906
-57448.6044
-53543.7162
261
-40420.7509
-40099.7758
-26464.6059
-159170.993
265
-32792.3253
-156060.19
-21223.7279
-44431.8436
269
-44551.7236
-63357.6355
-63422.0251
-34558.1584
273
-111923.673
-148677.494
-48698.0032
-74356.7857
277
-55795.0157
-69094.8286
-106499.394
-9949.5204

197
-29339.9473
-53952.308
-40662.6208
-69743.3404
201
-45941.131
-24897.9512
-125298.886
-64548.3858
205
-43103.2121
-21910.8393
-31275.8158
-98772.0721
209
-29265.9248
-20029.4619
-28044.6597
-23156.0558
213
-51028.405
-35032.8791
-33697.4875
-22858.5623
217
-40888.2942
-43511.7213
-23754.4392
-58880.2492
221
-41481.2351
-54555.3606
-218916.519
-15009.2677

505
-53164.4053
-44894.0917
-80020.4406
-62065.722
509
-32055.9061
-73163.8715
-62507.345
-47399.5158
513
-40391.3964
-43023.0575
-57332.1279
-62094.9014
517
-112282.364
-38837.746
-56342.2741
-78937.5114
521
-71993.2058
-29100.4716
-92038.2205
-76395.5438
525
-36139.4746
-71276.081
-110121.764
-51239.611
529
-90249.3919
-45702.0089
-51042.2298
-40091.568

449
-69179.7985
-28750.6563
-109704.975
-15522.8564
453
-51389.5356
-19797.6157
-60243.3945
-247658.188
457
-33484.7672
-18809.0125
-166100.35
-40506.9369
461
-47461.3776
-22746.8116
-24381.9547
-33932.5721
465
-30344.8339
-21293.3889
-23644.2402
-258797.452
469
-36442.7096
-46722.2088
-25689.7012
-14710.1493
473
-39242.9805
-31695.6329
-46311.2693
-80059.1355

421
-97720.4547
-47294.5467
-12234.0403
-25586.6477
425
-50333.5668
-40911.9615
-12213.5146
-93496.2238
429
-60284.4675
-80774.8634
-30803.2173
-60799.9963
433
-72364.2295
-36238.3266
-53403.3842
-44533.5525
437
-26096.8308
-37860.2905
-24151.5279
-43813.1652
441
-25855.7831
-43662.4018
-69502.9914
-83377.3067
445
-35979.6825
-40496.2739
-35391.2014
-30044.2254

85
-91941.4716
-31209.3778
-45950.6813
-76427.9643
89
-24832.4477
-73188.6301
-14109.868
-43268.3028
93
-73762.8394
-25718.3945
-54092.2851
-30380.0497
97
-38938.2498
-34222.5898
-29116.6054
-36155.4349
101
-18304.5136
-25094.2748
-22466.2206
-20514.7918
105
-31200.4107
-31711.4851
-31818.96
-23420.8994
109
-16769.8781
-36497.7702
-39206.9459
-26018.4241

225
-27190.3612
-72331.7084
-54658.7912
-18613.719
229
-66597.5311
-81205.0824
-22814.3594
-18195.3511
233
-60498.0338
-42146.752
-21277.5762
-47964.0398
237
-22845.6338
-72984.0582
-21832.865
-103074.675
241
-27885.9031
-30338.4097
-40673.2686
-19967.3466
245
-61373.755
-37488.4379
-16151.6864
-38628.5022
249
-51427.6451
-34323.2488
-42916.8312
-49312.1615

393
-44496.3692
-13367.2601
-19073.9551
-20106.7977
397
-29839.6455
-56808.4404
-75566.2321
-25153.0715
401
-41308.9537
-88199.9826
-144144.26
-89459.5746
405
-52913.8075
-15979.3609
-25888.7435
-46014.3446
409
-27168.5782
-18457.9857
-116290.014
-34897.6644
413
-25094.4729
-39295.847
-76481.6376
-60298.7364
417
-25956.0234
-66590.5901
-58328.0902
-59248.4696

169
-39984.8702
-36729.4685
-12872.1835
-31176.8818
173
-24693.3686
-23638.7151
-21007.5913
-23647.4837
177
-23577.487
-21543.0211
-37977.6271
-51804.4176
181
-19102.2249
-113343.114
-32963.5788
-75955.1381
185
-18214.6756
-25161.6782
-49589.5952
-173993.132
189
-90024.6069
-25965.9226
-47166.8638
-36753.398
193
-42408.3408
-53613.6674
-46286.7289
-22040.1198

477
-35534.5955
-77207.9614
-27722.4452
-64440.2821
481
-38395.7227
-221231.734
-151462.462
-90064.1677
485
-35989.5638
-148861.894
-63923.9538
-61766.9013
489
-92390.2591
-30576.5551
-65969.162
-28201.9045
493
-75667.2649
-26050.6727
-34987.8987
-90009.6293
497
-53736.7935
-39179.7788
-75705.9778
-18819.0768
501
-136219.011
-64856.4622
-74184.2281
-36882.3735

141
-37922.4272
-24694.8699
-30047.6025
-29259.8601
145
-65394.5692
-33484.7118
-63831.228
-46024.3778
149
-27117.0974
-26916.8902
-15091.397
-33780.6001
153
-128350.861
-23470.1853
-50850.9045
-40769.7503
157
-58365.5106
-137794.477
-25053.5078
-20007.4581
161
-32919.4986
-46351.6021
-15832.8493
-92459.2105
165
-50381.8771
-46878.2726
-45169.3629
-201102.191

309
-54448.3715
-21563.5883
-79716.9371
-96018.1303
313
-54641.4502
-26582.6385
-41309.5046
-28547.9489
317
-23536.2213
-69681.6501
-27952.6277
-88461.5656
321
-25768.0597
-32761.8752
-110070.02
-16159.1485
325
-53767.5833
-16487.9403
-51055.6756
-28899.1785
329
-34613.9383
-68067.658
-54061.8727
-66085.3484
333
-59714.312
-61055.2364
-44106.4817
-26728.4893

2577
-56447.9771
-27447.8271
-62171.4903
-30843.0186
2581
-37308.6403
-37761.1073
-26468.457
-39474.7704
2585
-78183.1311
-83930.7256
-79061.662
-48209.69
2589
-84623.411
-30633.5836
-24174.7424
-82020.8489
2593
-75907.887
-87882.5443
-77266.6436
-80983.4454
2597
-47974.9022
-347599.108
-64693.0589
-54422.7696
2601
-16424.6509
-122342.776
-3740.12147
-49228.4715

2605
-146574.874
-43380.1484
-177271.715
-37654.4619
2609
-23132.4757
-26134.8576
-41199.8162
-53364.5097
2613
-46267.8822
-51217.5406
-23898.9804
-38832.7446
2617
-45920.826
-52789.1548
-51465.1708
-25114.2917
2621
-117937.436
-50282.8877
-53957.9841
-21726.9159
2625
-130706.946
-33090.5336
-47306.9961
-20083.0338
2629
-76399.7483
-129557.627
-53362.4762
-35765.8516

2521
-25183.4548
-27774.369
-35780.9334
-51040.1175
2525
-24789.5418
-35124.8259
-50490.2922
-36971.5256
2529
-26532.8172
-47779.16
-82486.0134
-33593.5705
2533
-134390.505
-64115.5869
-34689.0647
-40725.935
2537
-32823.5109
-107695.053
-75767.2076
-37211.0353
2541
-31422.2076
-24193.1331
-26245.722
-173357.245
2545
-47075.0795
-6356.81783
-43826.4619
-25178.8866

2493
-22547.6019
-24885.2004
-71897.5489
-156829.995
2497
-64738.1224
-24292.4689
-24834.7824
-22268.8906
2501
-140420.092
-95800.1475
-30388.1452
-15833.0258
2505
-91975.7194
-49514.6445
-91860.9649
-32883.4285
2509
-74281.0221
-44576.8239
-27807.9849
-47285.8263
2513
-42684.4354
-22044.4518
-32184.2839
-24738.9609
2517
-21887.6456
-23486.9583
-36360.3587
-45709.5659

2297
-36084.9964
-22802.5641
-44023.0206
-83603.1537
2301
-41915.1166
-16875.5601
-46416.2497
-20596.9234
2305
-40311.0539
-53517.6708
-105474.691
-52856.12
2309
-27110.5582
-69391.763
-19377.7863
-95742.3092
2313
-56368.1603
-88283.4808
-47216.0087
-28895.0897
2317
-29376.2009
-167053.807
-48547.6312
-25002.2281
2321
-25460.441
-49132.3394
-99026.0142
-23349.7629

2325
-42888.4726
-22328.544
-101592.345
-28927.4044
2329
-47700.2371
-69486.7248
-27131.1204
-14338.6129
2333
-33502.7785
-31523.8201
-68366.2404
-89403.5257
2337
-78622.7743
-73763.1568
-49970.3766
-40371.308
2341
-56099.7394
-50493.9504
-49107.6373
-48266.3
2345
-23508.9451
-26423.4778
-72611.6076
-183135.856
2349
-70774.2292
-59822.6095
-79096.6678
-58337.0472

2269
-93850.6375
-25112.4167
-49734.5067
-37470.6665
2273
-59638.3376
-41778.8753
-109394.295
-188149.021
2277
-20400.2077
-91859.2392
-40963.4744
-47865.9329
2281
-18843.5959
-155588.1
-18744.1374
-26595.3079
2285
-75151.2544
-28055.9638
-36750.2116
-76000.6563
2289
-45746.9996
-12666.7522
-119925.774
-107754.318
2293
-131698.221
-18780.4428
-15704.4301
-59316.7307

2465
-65232.4577
-39809.4988
-28310.514
-20123.6751
2469
-20160.0758
-20090.9407
-63181.1419
-22232.9045
2473
-46917.9076
-33835.3275
-60281.4047
-130233.03
2477
-130687.935
-39450.833
-44085.6696
-169020.14
2481
-36054.7071
-69552.8169
-51956.0308
-23770.8067
2485
-36061.0499
-16972.0397
-204198.016
-59668.1901
2489
-27730.3871
-65288.7104
-51148.6939
-25417.0507

2549
-81494.846
-63436.4015
-46610.0895
-30954.81
2553
-25418.9571
-193605.055
-62707.3152
-124640.696
2557
-28185.911
-203478.029
-226339.659
-34025.5797
2561
-55070.0884
-53627.5268
-116015.399
-55532.3379
2565
-27860.5905
-73545.7695
-64972.1471
-59778.0508
2569
-44910.6818
-31453.0587
-41228.9735
-42113.9604
2573
-23379.7152
-36111.0316
-12672.391
-16390.697

2437
-43851.7802
-52500.3545
-23300.7518
-60835.0332
2441
-26715.5662
-55275.1798
-14485.4475
-24008.264
2445
-52331.7007
-21060.937
-28709.3241
-68480.4395
2449
-47090.2463
-43410.9822
-59622.8175
-140668.385
2453
-34816.4205
-71965.616
-66104.0496
-196733.183
2457
-26795.6997
-30768.0107
-86730.7565
-19964.4349
2461
-72062.549
-19217.5221
-60159.8024
-70647.394

2241
-151809.947
-67454.9661
-147519.76
-68083.9898
2245
-31956.8771
-42216.3621
-16419.6851
-92758.5651
2249
-27631.2289
-37939.3975
-84134.9947
-53608.3016
2253
-13962.4312
-32520.3982
-180655.207
-191172.255
2257
-91428.5797
-164098.09
-35486.8103
-24495.5776
2261
-26100.4245
-48785.8426
-19963.8391
-33038.3356
2265
-34415.2029
-55915.9793
-27903.1671
-127822.142

3193
-32470.4514
-75362.0684
-57566.345
-12529.4173
3197
-36802.442
-93725.6606
-80206.2198
-44152.2196
3201
-68158.1329
-37107.2394
-38958.8255
-24390.5322
3205
-37173.5732
-18980.2439
-44359.2852
-249901.763
3209
-32511.6671
-31674.8245
-53362.5983
-30235.7296
3213
-33406.2928
-99228.1628
-44711.8139
-37816.5456
3217
-56923.6667
-155873.398
-93509.6987
-58845.4457

3137
-48536.8381
-39887.5313
-40308.4612
-44486.4896
3141
-147960.758
-35536.8382
-44957.132
-41140.6381
3145
-72471.0274
-53705.3298
-22331.9275
-87112.723
3149
-54586.2679
-51119.7608
-45509.206
-37408.5183
3153
-77037.1617
-54838.5749
-32448.5403
-45843.0814
3157
-20667.3315
-77683.9532
-80968.6432
-23448.8437
3161
-43520.3068
-16243.8205
-39904.0052
-22717.6301

2969
-40017.227
-35873.3402
-48353.2007
-24363.6298
2973
-82936.2627
-147272.599
-19748.3897
-20724.142
2977
-20830.1872
-21112.2809
-104021.635
-42996.3951
2981
-75739.9944
-42253.4068
-19691.774
-63766.8508
2985
-18419.2883
-29386.0397
-37995.6605
-73034.2678
2989
-26467.5159
-27716.493
-54208.3852
-36352.7161
2993
-81523.9829
-36043.8498
-62588.238
-46197.1177

2941
-40538.0944
-19148.2172
-28430.2734
-19873.2576
2945
-19709.4217
-47403.14
-25069.6431
-86802.5227
2949
-16189.693
-77378.2302
-49567.0499
-32661.3564
2953
-25730.0569
-36272.8338
-31859.958
-26816.1766
2957
-49001.0603
-21773.026
-28841.5321
-44832.757
2961
-70863.1504
-33886.7009
-24644.4123
-98181.7605
2965
-54653.8786
-29782.3196
-73645.6327
-43617.4255

3165
-51181.6816
-23974.2084
-58209.2493
-78839.7761
3169
-24147.9759
-45353.3723
-25242.265
-19676.5351
3173
-50060.7974
-45431.9457
-47485.1867
-32545.4631
3177
-27273.6545
-55579.9182
-21669.6821
-136452.279
3181
-39711.7493
-14504.2829
-109596.578
-36254.8735
3185
-38232.7817
-36343.5873
-20184.3682
-68337.2493
3189
-41861.6813
-192922.991
-84601.8966
-18916.6942

3277
-67159.8219
-25118.8742
-67491.244
-28672.7846
3281
-57323.9782
-68923.0493
-59981.5324
-58554.5858
3285
-16874.8035
-65764.4968
-43402.7107
-13255.4379
3289
-36757.8175
-130544.665
-81954.8229
-29446.0006
3293
-39491.635
-29873.7447
-15140.59
-180378.684
3297
-37918.356
-34632.0654
-59594.8088
-22920.7893
3301
-24560.0754
-55541.6078
-23990.4928
-66026.9009

3221
-38089.1333
-51570.6214
-104844.183
-28268.5276
3225
-85208.9027
-106118.726
-72986.7456
-25359.6875
3229
-156560.476
-19405.5041
-25320.919
-50065.777
3233
-59345.9745
-76384.1453
-32080.0414
-90564.0146
3237
-46279.9838
-64226.8672
-49996.2972
-54815.5497
3241
-31258.0278
-167052.387
-24185.2903
-33552.6672
3245
-19068.1557
-40094.4956
-17499.6955
-92631.9168

2997
-27183.627
-101044.628
-91532.3923
-126582.009
3001
-29814.7234
-40049.5401
-137733.537
-52044.5948
3005
-20581.8497
-76025.0752
-51123.4523
-32595.3646
3009
-18099.8239
-24132.3891
-64996.2785
-51946.0142
3013
-35106.579
-39806.9211
-128445.181
-135411.054
3017
-35585.5695
-31163.6818
-21010.5318
-54454.1358
3021
-119756.603
-97548.3152
-33198.07
-83191.5772

2829
-33176.8412
-22792.4486
-77464.5775
-54470.8282
2833
-55403.8911
-44267.9486
-103052.075
-24189.7304
2837
-53409.0282
-31031.7177
-55833.7026
-49822.1265
2841
-66610.5137
-18331.6462
-17820.0336
-59906.7667
2845
-65461.5689
-33739.7394
-33688.9247
-58852.9044
2849
-58598.9754
-40555.358
-42447.1463
-100635.926
2853
-27471.4032
-53274.2758
-39627.4471
-63864.6059

3109
-37899.6686
-25680.2817
-276521.862
-22096.5382
3113
-28427.3839
-37344.7838
-49586.2182
-19770.9517
3117
-112180.793
-40572.5955
-31763.0117
-23202.2075
3121
-259699.502
-18436.5066
-24554.2406
-47562.2648
3125
-29226.689
-43966.2887
-112304.314
-231529.962
3129
-30019.8462
-31372.4876
-137503.805
-54259.9527
3133
-17514.545
-22734.007
-50571.161
-3117.95572

3025
-46586.7584
-34580.7759
-89701.3291
-63723.8353
3029
-49301.0061
-40497.8358
-30492.414
-46497.8779
3033
-74113.0717
-77454.6342
-51967.1706
-15117.919
3037
-45584.1288
-33250.4011
-30334.6198
-78296.1378
3041
-47068.7757
-127944.916
-94861.671
-17890.8543
3045
-55357.8522
-28145.1363
-81885.1415
-50233.3165
3049
-26988.1402
-34364.1633
-45899.9308
-58637.9534

3249
-26046.9144
-36781.3898
-75735.5869
-34722.7411
3253
-24860.0172
-191705.763
-31384.4249
-27691.3409
3257
-41236.984
-84519.5981
-21275.404
-20321.6689
3261
-42585.8096
-95637.7491
-74022.9051
-61152.2762
3265
-49740.5541
-52436.2182
-36122.8743
-24897.4657
3269
-112734.979
-26096.3005
-39687.7824
-55705.1787
3273
-24460.3034
-22612.8405
-56689.7576
-60663.7504

3361
-14608.7143
-24385.0484
-85847.3809
-18467.9838
3365
-32044.382
-58354.1592
-47173.6902
-15107.3829
3369
-28130.87
-112982.056
-33853.6012
-61858.992
3373
-44599.8521
-39446.4833
-69321.4412
-39422.5409
3377
-30742.1279
-14501.8456
-140322.685
-37819.2221
3381
-44000.5846
-33644.6275
-13511.2713
-13857.2314
3385
-46844.346
-59249.8571
-33631.8583
-23385.1422

3445
-73989.2728
-46613.5179
-26410.5045
-44527.0197
3449
-47599.7714
-49476.046
-30520.7392
-54397.4318
3453
-21524.8235
-17750.0394
-34297.82
-19548.9232
3457
-125162.158
-55150.9105
-44089.9351
-38054.263
3461
-78137.5581
-88506.9102
-44938.1259
-45055.0504
3465
-25832.3476
-123929.042
-17205.4047
-60953.559
3469
-168518.269
-21278.0701
-129309.54
-243242.058

3417
-161359.782
-72685.0895
-62707.5196
-21782.657
3421
-72222.8112
-128000.948
-22676.3091
-13629.7921
3425
-16838.1736
-21641.7854
-49061.7477
-22113.0425
3429
-18223.7073
-51604.6746
-74237.2177
-52872.2801
3433
-31547.5014
-59718.4537
-41162.2203
-45180.6882
3437
-30513.2478
-31502.6625
-22481.7749
-89610.5463
3441
-38324.1198
-40202.8689
-43976.7607
-43282.0025

3389
-49593.8671
-39442.8308
-36862.5138
-145034.541
3393
-39131.7156
-101434.544
-31172.0158
-19832.5304
3397
-90496.936
-27043.2623
-43822.7637
-91409.3905
3401
-25716.5126
-188654.426
-24485.9381
-46359.5064
3405
-27794.9637
-39132.7891
-19891.4952
-23466.8287
3409
-62700.367
-65650.6423
-19601.0372
-73849.9557
3413
-30347.2135
-76283.5029
-34750.1762
-16352.2918

3613
-31635.0592
-48756.6258
-64862.0214
-29590.5212
3617
-19050.0674
-59926.8165
-48966.8587
-195546.238
3621
-58541.5115
-53996.5397
-28979.6578
-37559.3721
3625
-102757.264
-54773.9946
-43662.8859
-13306.3759
3629
-40624.6935
-93938.6247
-73097.2119
-38290.5544
3633
-32657.5199
-257790.28
-38225.7138
-36784.7897
3637
-60932.3183
-57503.6364
-47600.1149
-114382.57

3669
-204032.216
-42151.5574
-79596.0353
-53705.5754
3673
-26278.6142
-35934.7783
-90866.0627
-40265.4724
3677
-108825.343
-63871.0047
-25709.6285
-91437.3788
3681
-138993.503
-32299.4642
-50141.1044
-42694.7085
3685
-84849.4699
-37021.3815
-68827.1207
-30763.5472
3689
-19887.3189
-31519.0221
-172879.037
-40105.5679
3693
-37234.2849
-36029.9535
-39171.0475
-57713.763

3641
-56870.0947
-42186.7924
-25846.6509
-71225.9707
3645
-34083.2296
-73905.537
-61550.931
-60322.049
3649
-23840.3436
-25631.7816
-57078.873
-39543.2835
3653
-105987.736
-38152.4392
-46519.329
-20929.3206
3657
-64274.1794
-45717.4979
-99924.9696
-33012.9188
3661
-20301.427
-31934.872
-25175.2314
-34792.0961
3665
-39025.362
-46520.0724
-34747.9462
-54067.4441

3529
-36792.8554
-57997.421
-47568.375
-30051.8515
3533
-45640.2279
-60790.3842
-38727.9667
-84525.1727
3537
-71569.4372
-74954.9358
-35157.9003
-74141.3263
3541
-68754.4365
-29809.782
-43443.4931
-31420.3919
3545
-43192.5736
-37973.5785
-33511.2118
-53867.0482
3549
-57976.8729
-24226.9499
-23113.4433
-80828.5967
3553
-65711.8602
-38306.8593
-42505.0627
-50832.9311

3697
-71611.0151
-25516.3934
-49990.2904
-44037.4292
3701
-101350.635
-127548.567
-42595.7112
-87096.9509
3705
-42181.929
-21914.7131
-17502.7277
-28844.0658
3709
-160130.079
-145270.241
-28402.598
-25896.7809
3713
-47971.2052
-65202.3482
-62537.502
-100410.263
3717
-46123.704
-40775.819
-69062.8255
-29564.9841
3721
-58835.7327
-67966.4516
-123548.537
-38860.6372

3585
-132552.648
-45711.3045
-83878.6285
-23043.2201
3589
-62516.7595
-96230.8302
-17915.279
-70037.0788
3593
-24109.407
-28168.3907
-60767.5271
-44075.8852
3597
-34487.3199
-41360.7649
-31451.4788
-107626.869
3601
-219047.511
-139257.352
-36911.3866
-93300.4999
3605
-64437.7269
-14585.7099
-39550.3945
-85495.5899
3609
-18278.6112
-38953.9102
-31427.6513
-29113.7044

3557
-78308.2047
-28877.3377
-26552.1449
-36244.2188
3561
-72785.2947
-63903.6155
-70560.7021
-28545.2258
3565
-50801.7532
-29983.0504
-41914.4871
-69794.4394
3569
-43917.3526
-15225.4385
-72377.7407
-144879.714
3573
-51662.8449
-156078.437
-28541.4349
-46984.3051
3577
-7779.78909
-38984.9523
-19913.7109
-36023.2464
3581
-27700.3652
-33687.4629
-106492.937
-76805.1538

3921
-34309.9821
-49466.4905
-133048.956
-12152.6561
3925
-151172.394
-61836.7527
-40676.7482
-76220.0856
3929
-20573.3519
-28223.6611
-59251.626
-44783.9879
3933
-27896.8409
-144925.091
-24242.8468
-17073.6973
3937
-26979.5785
-59797.0663
-51508.6474
-25389.3516
3941
-80895.5798
-31779.4821
-15331.8902
-72537.0509
3945
-21805.9664
-32449.6539
-38341.2911
-31466.9919

3865
-87823.1955
-52495.2866
-43149.0143
-27333.983
3869
-73535.7421
-36488.1769
-178889.092
-45318.893
3873
-22401.6102
-50102.1046
-43626.248
-18992.1517
3877
-66396.4073
-24780.096
-81436.5494
-39234.1502
3881
-141351.899
-32542.2155
-57921.2008
-27155.192
3885
-80401.4821
-20988.2882
-32696.9996
-78099.1978
3889
-53279.9767
-16658.0778
-26391.7539
-43133.8669

3753
-145263.681
-32483.4112
-50249.1544
-48367.5283
3757
-114746.074
-49370.1549
-99371.1403
-214367.44
3761
-61335.7034
-26473.5598
-132999.225
-17771.3996
3765
-24078.8156
-76058.455
-50455.4984
-39954.6663
3769
-42111.3315
-56503.8628
-40379.2278
-66924.0645
3773
-13521.2299
-56760.7156
-121541.346
-28376.3804
3777
-75855.0335
-27463.725
-77197.3777
-46962.9157

3949
-30968.6251
-14455.9884
-34950.7331
-22396.1052
3953
-51638.2437
-51678.8809
-15335.9011
-109243.953
3957
-137913.432
-147359.524
-121393.304
-26370.3673
3961
-49544.7609
-38239.2753
-63388.4947
-62994.3822
3965
-63631.1399
-36029.7189
-40031.6288
-47613.6291
3969
-85922.1546
-37932.4351
-22133.499
-21738.9968
3973
-27423.6293
-58730.9045
-32295.1346
-20805.8498

3809
-20161.0685
-14680.4562
-50111.4948
-42729.8782
3813
-40398.2376
-45241.0098
-68317.5009
-208034.325
3817
-67601.4062
-73250.2921
-33999.0437
-46589.7628
3821
-40517.7271
-184457.464
-15117.2112
-36670.5227
3825
-25406.8714
-45036.4904
-33927.2167
-50371.1618
3829
-113330.654
-29215.9133
-110047.15
-31230.2056
3833
-30934.4652
-69381.0737
-149289.92
-110854.571

3893
-49904.6267
-15365.1453
-108822.85
-30546.5999
3897
-28821.7659
-132210.625
-28741.944
-59294.4073
3901
-14394.6029
-62311.5824
-29226.5711
-55125.5162
3905
-74352.9164
-81357.0627
-17840.5658
-98703.0592
3909
-38670.5541
-13520.9073
-43279.2541
-35942.9447
3913
-34222.0322
-50216.8101
-27561.6228
-14046.4615
3917
-33674.8872
-75859.2976
-57171.9741
-71269.7137

3837
-41951.611
-17596.3406
-16489.7078
-144369.324
3841
-38828.3658
-158774.728
-25477.8247
-81551.1041
3845
-58855.9628
-61720.952
-30577.728
-27529.5048
3849
-87636.8219
-64856.271
-41222.551
-17146.4886
3853
-30941.3594
-55699.3704
-18533.8722
-131282.771
3857
-19721.8091
-22058.9255
-29251.8878
-101850.938
3861
-48250.7798
-32945.8762
-14556.9861
-58148.0275

3781
-123932.44
-33438.7774
-42230.3546
-70126.5193
3785
-78104.9848
-65497.3896
-83979.9706
-67032.3245
3789
-104252.828
-58944.497
-55258.7679
-57243.1761
3793
-29327.9586
-20421.8762
-29526.6675
-57994.2284
3797
-26914.3683
-48648.465
-41494.615
-14741.2527
3801
-25586.833
-48612.4915
-104846.655
-66275.3214
3805
-58271.2052
-49993.4583
-92833.8174
-36865.9542

3977
-79617.2804
-22884.1853
-62918.3852
-28052.5825
3981
-49516.8294
-25980.2327
-145738.106
-128131.254
3985
-43900.0559
-33448.5007
-15321.6563
-36239.9338
3989
-21458.0916
-16505.4949
-37564.5389
-24690.8569
3993
-52727.9383
-38497.0841
-12687.3936
-109607.069
3997
-47313.2723
-70592.4035
-29662.283
-118366.46
4001
-20658.9729
-30573.479
-28760.3433
-67550.0353

4005
-61114.7535
-32729.5563
-15989.8605
-24529.3474
4009
-24853.9377
-59965.5332
-81696.9508
-162201.472
4013
-50060.233
-31834.7971
-39339.1884
-44474.0858
4017
-28404.3253
-73313.0196
-130902.345
-36532.8025
4021
-38735.3243
-37984.5661
-36933.3595
-22694.5954
4025
-41664.5024
-35576.2476
-40117.6316
-25941.927
4029
-15259.7008
-80697.0983
-17541.7748
-111304.981

4033
-27306.4409
-19006.9474
-24166.3093
-65401.6458
4037
-41320.2764
-35246.6381
-29218.6085
-254331.85
4041
-31909.3957
-30358.052
-43635.4169
-112118.889
4045
-69748.6992
-23624.8845
-22348.7464
-51833.0156
4049
-17540.3454
-39540.6125
-31395.7652
-167735.171
4053
-78738.1752
-28810.6154
-19548.6058
-31770.2802
4057
-23276.1159
-56467.5011
-53816.7914
-34417.3774

2661
-38242.3438
-36389.8322
-46062.1984
-115116.641
2665
-21732.5031
-168326.359
-26540.0151
-22157.3095
2669
-32093.3789
-42526.1887
-41664.4785
-110589.21
2673
-55602.2817
-85624.9563
-26641.2887
-78759.3851
2677
-31315.0024
-34751.2874
-22883.4679
-37183.0877
2681
-171864.555
-28674.0649
-35182.0342
-21685.0686
2685
-30308.3006
-58272.1245
-30168.0069
-49310.4926

337
-74801.9574
-50067.3199
-49355.9408
-41478.2388
341
-24364.9789
-60379.9889
-20563.8222
-93541.0049
345
-15367.0883
-26167.5096
-52717.4641
-298550.645
349
-196188.959
-48977.742
-31226.9639
-106700.479
353
-78792.2786
-17318.5274
-114992.914
-25352.1476
357
-23909.2501
-41202.6012
-52409.5895
-59225.7564
361
-24297.3554
-40246.5743
-168594.906
-29743.3772

1
-74749.6082
-73743.0518
-27425.4048
-29941.6787
5
-38072.1656
-18761.9615
-58791.597
-59602.7171
9
-57121.7997
-50084.3961
-19654.4313
-62866.2979
13
-20269.1353
-65009.3186
-31103.4738
-24759.882
17
-93276.7986
-95993.5575
-41458.6899
-79749.5808
21
-30305.7622
-44072.2574
-83073.5562
-116172.411
25
-84393.5288
-38312.2195
-37338.1207
-34913.2805

757
-99753.744
-134952.436
-97535.9682
-51289.5592
761
-27504.0198
-35204.6655
-18123.1916
-15507.0401
765
-38232.1199
-60741.2967
-53449.9239
-76460.3565
769
-22904.2818
-21416.1795
-150366.776
-36535.323
773
-95910.0304
-61881.5851
-37076.1499
-28500.9784
777
-32694.5969
-46125.8797
-84765.6632
-50433.2803
781
-28307.4135
-59880.8389
-44166.25
-33836.1246

365
-18164.4076
-87038.7897
-18672.6703
-64546.0258
369
-23463.6474
-17642.4274
-43056.3962
-47901.6206
373
-81148.8636
-29925.0798
-31637.9814
-39344.5195
377
-150275.001
-100972.122
-67703.3665
-14465.0526
381
-17903.1828
-61791.0994
-43364.0463
-33261.6232
385
-51065.3003
-34680.6972
-59268.9585
-49578.2999
389
-27191.4069
-29023.2124
-22024.5933
-33470.0848

2773
-33643.2845
-23028.5298
-45898.1108
-27070.6355
2777
-54504.872
-26039.9832
-31834.1025
-52331.3376
2781
-17626.484
-42361.1936
-29230.3016
-251394.735
2785
-52925.6265
-59436.4662
-72977.0822
-118152.518
2789
-37451.0371
-122173.981
-56843.9663
-20235.847
2793
-35994.6433
-79743.8661
-61042.5938
-49970.4788
2797
-38826.6021
-23428.2738
-61362.5227
-32609.9203

2633
-86733.8844
-75662.0685
-108462.701
-85653.315
2637
-40751.7865
-144457.404
-76350.8264
-125952.609
2641
-67258.7041
-48710.1467
-44841.9304
-29765.7882
2645
-22145.6792
-27839.3642
-29213.4523
-35132.3787
2649
-26527.7195
-32526.722
-38219.9366
-55462.6884
2653
-34020.7894
-64037.5055
-148463.841
-18711.5077
2657
-16054.4288
-40137.2467
-55103.8525
-90006.6538

2857
-311324.736
-23155.2924
-141966.234
-164212.211
2861
-25223.0635
-40609.818
-38785.1788
-28103.7546
2865
-38609.9386
-81215.3529
-68133.8217
-68759.2572
2869
-42591.0527
-49007.5221
-113479.779
-198603.075
2873
-28595.1134
-19591.774
-54067.4178
-91910.4715
2877
-36408.9658
-14527.9795
-19618.501
-21628.9223
2881
-92777.6767
-56856.4166
-47053.6537
-34964.541

2885
-42835.7694
-40688.0596
-32083.2503
-40445.6817
2889
-38740.1597
-90336.9283
-32468.769
-57013.8758
2893
-57666.3781
-46982.4009
-92730.1336
-53372.3461
2897
-66472.4771
-127367.87
-43005.5633
-27187.3933
2901
-94420.6935
-18216.2698
-105608.019
-28849.7645
2905
-41173.3952
-63337.7459
-45946.1466
-73272.6936
2909
-64017.9652
-15743.169
-67019.0334
-31556.9939

2381
-97326.7768
-13342.4529
-57512.0102
-26204.1771
2385
-24298.5238
-28567.4676
-78879.3818
-47497.1275
2389
-40190.9895
-56844.3355
-44978.0686
-14122.5516
2393
-20476.0262
-40698.1739
-74934.1933
-23832.9245
2397
-93463.2858
-13338.2332
-38793.3063
-147973.726
2401
-166213.222
-28095.9677
-22944.2313
-63211.869
2405
-64602.5208
-19998.8281
-146475.649
-203205.254

4061
-45173.9087
-44184.208
-11777.5448
-23200.0863
4065
-33365.0111
-131378.63
-14717.3243
-65186.8195
4069
-295658.427
-35338.947
-142915.08
-33290.8258
4073
-124569.162
-25342.3662
-24313.4682
-27347.4668
4077
-41969.6129
-43843.2244
-40452.6735
-44126.2977
4081
-127651.538
-41304.5077
-35223.7136
-130350.062
4085
-32291.0384
-145368.221
-40257.3114
-95832.8755

2409
-24177.8952
-31922.8899
-34315.7943
-26556.1157
2413
-133240.685
-19861.4189
-94803.4638
-19814.3377
2417
-247208.608
-122903.949
-44836.7061
-63019.2288
2421
-21963.2767
-50385.7946
-27718.5241
-46814.6359
2425
-43347.2939
-75167.1946
-36363.366
-33114.3543
2429
-24667.6136
-43101.6778
-123248.882
-34414.9598
2433
-60224.0453
-77296.0203
-12523.2656
-59247.2622

3081
-27626.8213
-56574.4978
-21979.4238
-36635.9763
3085
-24057.1035
-45781.1903
-57049.3712
-16473.1537
3089
-38687.7139
-82220.734
-154362.6
-50180.4378
3093
-62257.0548
-26254.228
-24289.8491
-25268.4026
3097
-26017.4098
-33574.0555
-80053.1709
-34973.3016
3101
-89453.4731
-85258.7501
-32027.7306
-28018.12
3105
-85119.8256
-20163.9237
-20873.053
-42959.7871

3305
-61535.3177
-29394.1748
-111481.853
-33328.8987
3309
-68026.8391
-35748.6189
-34543.6135
-40543.184
3313
-36697.5844
-94317.7038
-52930.7253
-40129.2549
3317
-23297.8485
-90619.1232
-103911.217
-81007.5833
3321
-37800.8278
-117149.392
-27299.6956
-36908.6905
3325
-65993.6724
-17741.5536
-51891.4048
-31050.5643
3329
-13793.4518
-46631.3785
-68433.7046
-25879.9882

2353
-96811.9976
-18672.4673
-25051.7217
-82691.9601
2357
-100727.541
-30270.0859
-17109.6693
-32234.8667
2361
-24144.8351
-39050.4069
-45198.0931
-33837.4532
2365
-88885.4572
-78248.9499
-62500.8296
-30170.9904
2369
-32238.083
-40889.0702
-38484.9691
-116268.755
2373
-18761.3613
-24028.1117
-22356.0461
-35696.7143
2377
-34804.5592
-181919.419
-76794.5486
-33409.5855

2913
-76094.0666
-79663.0305
-95653.6911
-21241.0454
2917
-98921.0249
-56426.9542
-33031.4213
-40428.9898
2921
-75551.2907
-46569.4165
-51196.6918
-41354.6334
2925
-43681.5824
-70359.4672
-13284.305
-37515.2655
2929
-90314.7282
-125484.517
-42795.556
-45677.5708
2933
-22135.0349
-16237.738
-55215.1038
-48135.6256
2937
-103213.591
-106182.169
-43864.8492
-28676.7117

3333
-23761.8135
-51328.9346
-22344.1765
-15047.7096
3337
-40828.5654
-44662.5157
-123417.028
-50592.1749
3341
-30755.5217
-75223.8215
-79010.3021
-108646.302
3345
-41704.3441
-78008.7301
-40701.966
-85262.792
3349
-24344.9272
-27720.4114
-68700.8359
-66245.285
3353
-23977.1035
-63058.9709
-35026.3305
-72465.4236
3357
-23574.8665
-27466.0379
-44937.9938
-28002.3643

2801
-76173.8374
-39359.9334
-36362.1545
-30867.0702
2805
-31167.6905
-92357.6241
-21711.9118
-108406.718
2809
-34790.2257
-35946.0101
-46449.271
-30928.1333
2813
-38140.3545
-33416.617
-82117.2414
-49459.6378
2817
-28741.5731
-19180.4974
-49680.1212
-83041.0201
2821
-36055.9096
-114897.718
-60003.2353
-16170.2613
2825
-53219.319
-33172.0159
-186652.039
-18886.0998

3473
-35888.3878
-49424.6518
-39190.6166
-22250.9999
3477
-28416.154
-134396.812
-27902.407
-85768.3375
3481
-57853.695
-109162.309
-69825.8117
-30399.4851
3485
-109279.294
-20484.7193
-2769.35676
-20421.1561
3489
-119990.386
-29860.838
-17099.2778
-111073.974
3493
-36113.6144
-53475.9501
-67636.3263
-94654.2447
3497
-36577.02
-22626.2545
-71544.1325
-38611.2492

3053
-29403.4722
-12868.3736
-51892.1589
-32602.6145
3057
-35014.5505
-42789.5694
-35237.9846
-35643.1929
3061
-48150.4157
-66893.7251
-107781.628
-32684.8956
3065
-25625.9975
-42085.5453
-61563.3308
-20166.0822
3069
-64408.9
-39766.1495
-59396.7012
-44165.908
3073
-28468.4254
-44517.3626
-193353.005
-34579.6296
3077
-34218.6225
-47066.7921
-61387.8841
-23132.5925

3501
-20447.8992
-22765.8019
-27474.6309
-20923.235
3505
-19114.3041
-90420.3887
-23657.2724
-39396.8091
3509
-36881.0587
-47154.6862
-171373.871
-103890.01
3513
-68713.7599
-31761.621
-19773.8051
-78450.7281
3517
-86774.9533
-31466.0645
-42504.5243
-47712.9498
3521
-37443.4071
-48679.1711
-84327.2538
-58353.2215
3525
-36120.4889
-42165.0715
-78598.5866
-21203.0773

3725
-73542.372
-88225.7831
-73308.255
-31728.8266
3729
-54999.5636
-17754.7506
-58045.2544
-20551.6763
3733
-215183.899
-85228.7559
-24105.9505
-124917.634
3737
-59293.3446
-28092.5374
-100823.927
-122333.908
3741
-37451.8734
-48343.2397
-45107.4527
-43243.8061
3745
-64094.6267
-18659.373
-121404.99
-55999.8881
3749
-48047.6379
-63015.3926
-32363.5152
-20268.3561

2689
-33293.1038
-39285.5733
-98228.988
-43865.1764
2693
-60037.0428
-48414.6902
-53673.2011
-31212.0483
2697
-40155.8813
-47459.2599
-27450.4786
-88019.7311
2701
-73294.5358
-40184.3604
-61732.256
-63685.2312
2705
-302747.231
-15176.8204
-35866.13
-22224.5792
2709
-30113.6772
-31779.926
-72039.5226
-25686.2952
2713
-47127.3467
-38800.0599
-53511.7972
-26093.5004

2717
-23420.6113
-60130.092
-66516.9478
-33689.8825
2721
-48604.5115
-101231.297
-157683.369
-44959.3017
2725
-83597.3634
-68251.9604
-30007.1772
-75107.5585
2729
-40750.0371
-15901.5333
-89431.5188
-45403.6434
2733
-54217.9888
-65578.725
-103257.961
-8040.05079
2737
-80833.7398
-150662.409
-20764.8489
-41844.7473
2741
-13990.5412
-93573.0514
-35532.4886
-46844.8706

2745
-29213.3714
-114851.511
-50255.8375
-37929.8062
2749
-50212.4612
-226662.384
-26489.5619
-55264.216
2753
-26076.3099
-74704.457
-103960.005
-35572.6927
2757
-46394.9273
-17533.8998
-75825.5598
-19355.006
2761
-58959.6416
-125659.633
-43985.3548
-138277.997
2765
-43598.2259
-34187.2646
-28226.2474
-25565.0169
2769
-20738.2884
-36875.4166
-34777.1908
-38598.4365
