
1
-31787.4381
-17202.8313
-32200.1058
-18605.7857
5
-29613.5201
-78711.9611
-28684.6817
-108032.495
9
-135858.348
-23181.6515
-23252.1454
-22690.7702
13
-31042.2565
-18089.5531
-18351.8718
-16412.0313
17
-32488.3854
-15718.3807
-23420.0992
-41118.9444
21
-2202.5373
-25607.3843
-41722.528
-24843.5497
25
-22551.1562
-24667.2501
-34699.6282
-29889.2222

85
-32450.636
-18832.8521
-56938.3742
-31536.9259
89
-19717.079
-26696.9859
-20940.1294
-31406.3604
93
-35255.0914
-20639.8974
-29025.4642
-17096.8907
97
-39027.5666
-37769.7844
-41571.9706
-28294.2835
101
-125558.066
-33859.9971
-35530.4519
-27712.5173
105
-23788.2053
-20868.3155
-21493.0026
-163680.928
109
-39561.5157
-27405.7026
-14658.8311
-17054.7989

113
-31288.5358
-39842.4174
-23763.0254
-15382.2421
117
-40858.2831
-26840.3499
-38238.0462
-47831.5428
121
-25987.1975
-29606.2667
-17408.8087
-21657.0591
125
-9886.3722
-21491.405
-30591.5059
-42890.7555
129
-81698.403
-21220.3487
-23700.7358
-11720.1137
133
-20782.4466
-34137.5134
-8474.97487
-22561.4534
137
-45586.8617
-32979.1524
-55392.1247
-14994.6718

141
-16538.8411
-23731.0044
-29791.1896
-204306.041
145
-36518.8413
-109885.716
-48531.6304
-10287.6798
149
-42154.8999
-35759.8496
-31263.0878
-22189.2638
153
-12507.7792
-80517.7052
-63620.8598
-33482.778
157
-29139.8754
-21106.9947
-20400.7809
-36971.726
161
-38818.3551
-22978.5443
-43290.6236
-26456.009
165
-24780.3643
-70742.506
-19948.9006
-50078.5486

169
-17279.1033
-5506.37372
-20635.1186
-79906.9605
173
-15342.3745
-28745.1179
-32971.8688
-35920.5011
177
-35535.5542
-19347.0115
-28996.6999
-21678.4719
181
-19655.179
-85815.0946
-9640.61523
-34936.7394
185
-20060.3904
-32061.7806
-21772.516
-23573.6415
189
-21515.006
-44324.2905
-21050.8423
-20343.6096
193
-16962.5402
-12070.1812
-62957.3857
-13247.3962

57
-34001.7535
-152985.495
-63211.7939
-26578.1597
61
-16402.3219
-36338.5097
-18749.459
-53667.6337
65
-18384.4398
-18717.7875
-55455.3051
-31828.9815
69
-18725.9476
-78188.1127
-23335.9866
-49015.6229
73
-23703.1493
-29727.5738
-34462.238
-42202.1989
77
-20169.3997
-89709.0663
-22382.5099
-98978.8752
81
-70825.7786
-30293.9341
-36861.0262
-22342.7104

29
-64593.6377
-24821.0386
-16463.9077
-21652.487
33
-5495.37723
-14180.3939
-25787.6111
-18657.7828
37
-23896.2857
-79004.3846
-10313.3324
-39675.832
41
-24832.3718
-94575.6599
-59822.0746
-70520.8807
45
-30258.0459
-41627.0086
-39295.845
-14466.8398
49
-19032.8665
-14449.1721
-46481.1657
-23046.6258
53
-92913.18
-71726.6407
-22250.8093
-57487.2355

561
-68034.1924
-15113.1485
-29252.5912
-100207.539
565
-33479.9912
-89096.9281
-17246.9128
-18837.1746
569
-67971.3058
-20112.5407
-38249.2992
-6972.33879
573
-95904.1429
-15093.4017
-17680.5929
-23620.41
577
-37552.6824
-34958.3041
-18722.0459
-16987.9948
581
-17630.5449
-68048.0887
-38782.5504
-19126.4556
585
-33057.0923
-18735.5623
-16936.4453
-17868.1969

225
-12926.8568
-18336.2192
-75247.7707
-25648.4331
229
-91795.751
-55572.3996
-18840.6641
-25071.5891
233
-28353.1845
-23320.2617
-51037.5377
-36136.3719
237
-24029.5406
-25056.2986
-25228.8361
-18128.4672
241
-28299.7058
-49249.2068
-61247.9165
-42810.8222
245
-24724.8869
-14011.7206
-15261.2043
-14789.8487
249
-29453.1597
-30480.3922
-51470.5774
-19530.3787

253
-18487.9797
-34959.5204
-16772.7772
-44548.4173
257
-74608.0581
-34971.8112
-12167.0895
-41348.3003
261
-16160.7022
-17919.1464
-51901.1885
-18491.1978
265
-29544.8787
-88591.3587
-70819.8952
-20483.7891
269
-62182.0956
-17590.1332
-47703.4654
-28585.988
273
-43398.1357
-109780.401
-27520.886
-15043.3292
277
-27360.2909
-44155.0237
-33943.1088
-14716.6219

337
-44275.9559
-17585.6171
-14666.5135
-30975.9428
341
-71023.3213
-16592.1693
-32020.0653
-16591.6859
345
-17900.3922
-43826.2561
-33120.794
-26917.5658
349
-38064.7344
-31026.2524
-31256.4033
-32910.3544
353
-15886.7523
-19323.4563
-33220.9634
-31399.5684
357
-58866.4216
-25541.5415
-55946.6628
-12662.3652
361
-63336.3154
-26717.9337
-59876.5534
-28907.2963

281
-17520.6792
-12081.3188
-3110.87993
-17037.5959
285
-19836.5725
-25653.983
-24008.9301
-71709.6899
289
-80229.249
-26389.6676
-30809.0898
-106138.891
293
-22352.3119
-31843.477
-14727.5374
-62798.9949
297
-33127.5071
-38387.8226
-19846.1382
-39301.9146
301
-21044.5364
-58361.2061
-22100.4812
-21988.264
305
-14757.3521
-18174.5199
-17605.8354
-32169.7899

449
-31095.8007
-16046.8912
-45655.2862
-256876.794
453
-14783.6394
-42179.2909
-18310.8389
-14709.8803
457
-62405.5806
-27243.7215
-16051.693
-53481.9694
461
-20479.1702
-56787.2318
-16179.6023
-18981.0529
465
-75193.8812
-26220.8987
-29178.8311
-33685.6278
469
-86879.2668
-18650.1475
-18177.7879
-16469.53
473
-39071.7369
-65836.9593
-61962.2851
-15130.198

393
-42673.5043
-6397.49148
-43311.1054
-103191.207
397
-40417.1266
-24851.302
-202980.655
-21463.5578
401
-44684.0227
-28561.6664
-31800.124
-13946.2705
405
-66543.0014
-19324.1989
-107670.363
-8284.92985
409
-22619.1687
-28884.0178
-19811.5792
-52195.0991
413
-21574.8144
-40611.7517
-22107.9674
-21598.6477
417
-14645.7909
-20922.6005
-16139.7969
-16035.5312

421
-17582.4744
-68088.2083
-34809.5567
-33791.7928
425
-46419.0175
-23726.1017
-92770.4187
-19038.9681
429
-31404.3827
-31774.2316
-91527.6046
-22842.2836
433
-15664.0911
-24295.1444
-49731.8759
-6428.56002
437
-15690.0818
-34785.3247
-35620.8921
-44122.9866
441
-32392.291
-16447.1276
-32430.6884
-23937.6207
445
-19115.1201
-16291.3121
-53077.6226
-39274.2831

533
-60298.1347
-25695.7254
-43205.5531
-27358.8696
537
-68343.3818
-28415.951
-58027.6836
-34402.6137
541
-60551.1189
-22965.9865
-56535.6843
-10577.8437
545
-20499.7549
-28675.4106
-70368.3288
-102498.304
549
-17772.2606
-55036.8056
-25995.9491
-25064.0325
553
-48863.2777
-36896.9062
-39070.3881
-246588.659
557
-110544.822
-26702.5149
-78032.7152
-28927.6089

365
-25810.9878
-66469.6742
-31334.6468
-148527.01
369
-40612.7108
-25190.7326
-15454.9449
-28088.6246
373
-17828.1705
-35972.7719
-18817.1751
-13819.4784
377
-22687.1879
-13880.6327
-16319.6368
-11682.1014
381
-112766.693
-26676.3512
-21908.575
-39621.2403
385
-16820.6283
-13552.035
-31307.6002
-78735.6197
389
-59050.1744
-13587.072
-27475.8456
-73250.7635

645
-16201.6123
-86206.7721
-49054.0342
-28638.5706
649
-47125.6733
-32223.6659
-31862.8444
-26084.5358
653
-111027.223
-16433.9011
-64474.9747
-16679.0537
657
-56001.1836
-44845.7427
-24804.3686
-32234.8947
661
-67998.4286
-21656.9433
-33838.3303
-35869.4604
665
-40651.8596
-44474.0512
-40010.7236
-14784.2602
669
-28310.9507
-21457.5859
-33508.0222
-18710.1931

673
-26251.5059
-38573.3529
-25970.0036
-32201.5085
677
-30921.97
-26001.2058
-26853.6555
-36185.7281
681
-113616.798
-48979.7354
-13488.5321
-18110.5703
685
-18548.7436
-35398.8824
-18066.0876
-43639.6281
689
-14856.1714
-24721.3618
-36913.6077
-76294.8115
693
-34120.6802
-31597.4464
-30951.2303
-28979.9853
697
-14666.1713
-34538.0637
-111516.727
-26323.6994

617
-23068.1264
-33348.7533
-27100.866
-48502.1524
621
-18878.4254
-33526.9771
-30858.0782
-14693.9454
625
-39228.6894
-23912.5863
-15488.2191
-19183.5967
629
-24834.9879
-15308.6063
-20956.0279
-46245.0139
633
-22945.4959
-23255.9371
-123166.327
-20638.3095
637
-14154.1092
-55054.9311
-17740.8712
-30443.7751
641
-114718.034
-49851.6685
-21651.6284
-19675.5707

981
-5061.046
-55854.1508
-77645.7622
-15858.0572
985
-23218.9226
-35563.0786
-20810.4431
-21400.9551
989
-111900.795
-24867.1262
-31295.889
-22169.0987
993
-16545.5503
-17485.367
-18528.6274
-24981.5347
997
-62544.023
-33635.2966
-40256.004
-58794.3994
1001
-24300.3978
-15042.5984
-15732.6157
-19391.3914
1005
-28545.2027
-18996.397
-20966.3571
-32876.7751

1037
-21740.9607
-16924.7178
-37202.7106
-16176.4126
1041
-37871.5015
-46299.2284
-20575.6161
-116827.667
1045
-24453.3235
-17150.0208
-2292.42631
-13677.9547
1049
-17346.9943
-31337.8072
-24494.345
-31863.7479
1053
-22968.1928
-15513.758
-78938.2755
-31588.4616
1057
-29123.0546
-21871.25
-51726.0272
-16441.799
1061
-23526.9228
-22585.6597
-24554.1354
-21051.9146

1009
-18966.498
-20092.4215
-18220.8593
-10062.0067
1013
-30367.3162
-21273.6993
-20052.1705
-27676.162
1017
-41340.5974
-33332.9884
-88954.5174
-137462.938
1021
-19449.576
-23209.4213
-62065.9538
-39549.42
1025
-26022.481
-15396.3808
-35975.1985
-34929.5625
1029
-171223.819
-13030.4584
-21874.8331
-16414.361
1033
-31694.1654
-22050.6399
-33663.4028
-14203.5599

1065
-31719.5473
-23235.9291
-10338.6307
-67998.4255
1069
-123901.486
-35875.1108
-162762.927
-47530.549
1073
-51424.1165
-25007.245
-85689.3962
-33860.7899
1077
-33567.9285
-16948.7312
-24091.5141
-15878.933
1081
-22641.7178
-18583.2078
-39748.1775
-12624.1369
1085
-16334.7387
-56374.474
-42355.1615
-97264.0744
1089
-4290.55736
-31817.8999
-88873.0373
-58810.8862

1093
-54581.1969
-146189.671
-55002.7552
-27528.0585
1097
-28193.6924
-35639.5224
-19764.4344
-16852.1874
1101
-23037.6353
-39147.2775
-90972.7795
-39486.6094
1105
-22221.4094
-22690.0274
-16890.4132
-45366.4471
1109
-48745.4697
-40940.3802
-16802.7934
-34847.0672
1113
-21872.1366
-22605.7442
-30986.9561
-40302.0046
1117
-20887.7775
-32181.2333
-24898.0167
-22615.9659

1121
-30255.4582
-39208.599
-7474.51
-37900.5697
1125
-26785.0405
-21677.9578
-109593.482
-34261.5062
1129
-17771.1332
-9886.91742
-6260.24539
-43326.342
1133
-26208.1123
-46141.4648
-45702.3944
-28773.2447
1137
-18972.9634
-21498.8138
-38100.7237
-43841.6563
1141
-40740.6263
-33615.984
-53991.9864
-17202.3778
1145
-30183.6022
-48238.3209
-23318.2884
-23703.7394

1149
-30594.4346
-17151.4772
-9549.86108
-19282.0656
1153
-41172.7314
-22144.8157
-33259.5672
-56835.9674
1157
-70981.223
-74563.766
-97175.5041
-24162.2404
1161
-70756.4609
-21780.3708
-15296.2607
-32797.3631
1165
-17948.0758
-79424.4427
-204294.101
-55023.3716
1169
-23784.4856
-23856.832
-21844.6612
-11772.1983
1173
-69534.1374
-19270.8169
-55137.4059
-14855.6814

1177
-65150.4385
-18339.5726
-54874.2113
-16546.6295
1181
-21225.0356
-26154.6155
-165418.426
-82327.8679
1185
-23143.0554
-30619.796
-26037.911
-127901.871
1189
-3397.01821
-59938.7474
-21345.8385
-53430.2174
1193
-6244.86987
-25064.1301
-54838.5812
-55535.3532
1197
-48649.0668
-85917.6903
-26554.4552
-52514.6683
1201
-6145.4576
-64535.3305
-46447.1267
-30580.0213

1373
-68682.2595
-31014.4259
-16810.7961
-55153.151
1377
-98834.701
-17708.9937
-23106.482
-62017.822
1381
-18005.5776
-26680.9916
-20743.2731
-40835.7671
1385
-32417.8488
-17099.494
-58885.2601
-17610.7354
1389
-23397.6602
-15074.9499
-31096.3277
-56783.74
1393
-11596.6181
-15749.141
-34908.5042
-11135.3968
1397
-44751.0371
-66916.5632
-40106.8135
-12960.6149

1345
-41595.5849
-28026.8774
-33418.748
-26182.1613
1349
-153739.184
-14780.9354
-18776.8337
-33612.622
1353
-12706.8063
-80483.2562
-63257.2276
-43110.4026
1357
-55634.6825
-31396.3798
-37374.2478
-23773.504
1361
-19654.4318
-18278.9705
-30219.9038
-18574.6039
1365
-19162.5466
-65483.3667
-137985.212
-3606.92019
1369
-33667.7488
-26050.7504
-22597.0042
-1932.91125

2045
-56172.6906
-23564.8682
-18564.9905
-15258.8416
2049
-81672.2721
-20247.756
-52475.4637
-17426.8637
2053
-22810.0744
-57017.5586
-55432.1672
-27903.4684
2057
-45422.2344
-29610.2054
-41716.2455
-64808.4712
2061
-69125.0589
-38427.4705
-15835.8416
-12801.9674
2065
-24184.0495
-38761.9386
-19243.7929
-24040.4359
2069
-52201.9813
-29982.3999
-28064.4589
-51443.1881

2073
-21975.5636
-29544.8372
-14593.5671
-43778.3685
2077
-89598.3908
-50834.7162
-20431.3983
-8953.3469
2081
-57973.4839
-45012.4186
-13489.2454
-18642.7109
2085
-53740.5575
-19658.2931
-43091.296
-22370.1278
2089
-16895.3135
-29446.1218
-23573.2627
-80728.2807
2093
-35196.8747
-56692.2694
-38058.7107
-195437.348
2097
-19426.9312
-50966.3847
-40930.6475
-28362.8472

1653
-48587.8023
-87395.5121
-32431.9207
-20156.649
1657
-19205.4959
-65877.9582
-31301.3833
-28465.7484
1661
-26866.5208
-15620.1656
-37535.564
-11167.2208
1665
-26627.4197
-69683.7036
-31178.881
-56049.7156
1669
-31032.4611
-84815.2863
-22488.8551
-47305.0574
1673
-16892.1174
-19905.9123
-38873.9595
-26534.8918
1677
-59222.5883
-53998.0471
-16487.3755
-6205.79349

1569
-52808.6158
-19513.8266
-62818.7828
-29535.0454
1573
-23100.8613
-37234.2351
-32430.1822
-17985.757
1577
-23446.9902
-18371.9327
-19665.632
-36443.4831
1581
-16948.7345
-158641.848
-7872.94286
-17042.454
1585
-31023.1386
-59109.9089
-77963.7568
-37353.0824
1589
-40666.7087
-40595.6141
-135012.658
-22577.3071
1593
-63024.6832
-17700.4744
-58223.3434
-31532.8483

1849
-69009.7413
-36146.5571
-51346.8643
-19578.4678
1853
-33561.3195
-17123.8257
-72744.908
-65440.0206
1857
-56785.0529
-22621.6438
-16063.6314
-32434.9976
1861
-13383.1749
-39867.8118
-21813.8967
-25620.2887
1865
-34944.1585
-31819.7912
-35657.8382
-64251.7786
1869
-23405.4331
-37764.0871
-58183.3869
-19279.0813
1873
-16205.4883
-11735.1232
-25254.1449
-19182.205

1429
-25103.1723
-18585.7513
-21030.0171
-14953.4686
1433
-11894.134
-15801.8063
-28718.124
-81078.276
1437
-36712.1453
-110082.909
-72307.826
-65856.9296
1441
-43003.9116
-44295.6423
-16202.3009
-59627.4397
1445
-57894.1605
-44607.0732
-36229.5142
-14546.7882
1449
-18619.7492
-23243.3657
-82444.5754
-19434.8745
1453
-46993.5568
-13317.8718
-20439.5242
-31527.7932

2101
-15338.871
-39248.7042
-28341.0445
-12135.5776
2105
-23908.0661
-55480.803
-53896.5249
-31628.829
2109
-20704.3255
-20157.8545
-34921.1558
-37170.6005
2113
-25805.9464
-18490.486
-79752.3632
-39875.6235
2117
-31528.0263
-15161.2552
-45390.2979
-30808.6215
2121
-256630.645
-15315.2177
-46197.654
-31856.0993
2125
-39174.4895
-14921.613
-93640.7613
-17790.9978

1681
-21879.213
-24183.0629
-45621.2514
-15660.3254
1685
-16795.1845
-26048.4373
-21344.4055
-13056.7818
1689
-23744.276
-26089.8942
-35331.2686
-78560.6007
1693
-15818.0273
-34714.0673
-28087.6215
-13915.2339
1697
-31430.6492
-22530.4465
-38816.4798
-74354.2445
1701
-22366.0112
-22473.7681
-19305.3813
-87258.0758
1705
-26548.2756
-14515.4669
-16754.9324
-41050.373

2129
-21367.3292
-17469.6643
-36005.6005
-115864.705
2133
-48282.5706
-21531.7519
-39182.0694
-59098.3921
2137
-33019.4232
-26115.2365
-26444.5744
-86196.6503
2141
-62602.5784
-89787.1144
-19020.9273
-23241.5688
2145
-35069.9513
-39054.4541
-39427.0514
-28123.2642
2149
-31624.1654
-50566.8584
-65644.0538
-57447.804
2153
-38393.3333
-14480.0447
-140139.241
-15386.5335

2157
-33849.5112
-29346.8227
-69869.7348
-18452.6737
2161
-36370.1141
-13731.838
-2659.31033
-17419.1318
2165
-17509.9063
-55099.0783
-26878.2689
-41069.9665
2169
-47962.1309
-16708.2093
-40063.4245
-76670.9436
2173
-32221.2099
-101169.364
-18122.5302
-106982.668
2177
-37638.3665
-58337.2964
-49484.132
-25157.4629
2181
-16085.3008
-30234.7949
-34253.7814
-15478.9638

1877
-31473.8222
-19230.1845
-23217.3354
-25612.563
1881
-21374.8578
-38313.5679
-61949.2611
-20875.4328
1885
-14215.32
-18332.148
-36927.0163
-24857.3808
1889
-60192.764
-56613.3384
-84947.3296
-30499.488
1893
-21111.08
-19734.0067
-14814.3321
-25791.233
1897
-49717.9048
-23507.9906
-12537.7757
-14460.7338
1901
-23824.9256
-67660.9106
-31546.4715
-26218.7419

1625
-38390.6938
-43563.3979
-65641.1474
-19796.2963
1629
-28637.7993
-125324.539
-31026.3457
-84573.5116
1633
-13304.2514
-29788.7951
-26028.7097
-110595.889
1637
-126452.966
-36290.506
-83376.1697
-15206.0441
1641
-24270.3436
-20883.8119
-25496.7652
-14866.8805
1645
-98037.7756
-104351.632
-23891.2507
-59279.032
1649
-47573.4957
-25140.6839
-37144.8572
-26514.1112

1513
-25675.2433
-26047.4006
-38170.191
-130819.338
1517
-41333.116
-27648.8555
-6275.84652
-37867.5669
1521
-43721.7123
-21134.5276
-101113.085
-27792.8025
1525
-13955.9133
-84336.2189
-40425.3906
-29493.0855
1529
-18427.1799
-100158.976
-28392.2278
-24190.015
1533
-41717.7533
-101307.756
-57100.1152
-14425.3611
1537
-43958.4808
-31943.9554
-56019.6051
-50397.4568

1401
-21047.9713
-22573.1652
-14575.176
-18154.7415
1405
-24981.9002
-16119.1413
-37724.8748
-12362.0993
1409
-29566.7761
-20663.7417
-102000.116
-114276.78
1413
-72772.3471
-32960.8977
-25295.4623
-62185.3016
1417
-41376.8447
-20855.7832
-10194.4535
-46075.0737
1421
-16288.9669
-25207.9056
-21153.0729
-17740.6874
1425
-27117.8048
-14973.2716
-21836.2164
-47063.1928

1765
-28666.4855
-19930.345
-38567.9903
-30310.1683
1769
-21975.8582
-33875.8445
-45837.3048
-25684.6189
1773
-75352.7239
-68918.7221
-18382.2283
-20284.3886
1777
-36083.177
-17952.9473
-48960.2444
-37043.7136
1781
-27816.8294
-47311.8262
-19794.0866
-31478.1428
1785
-24171.6082
-22826.5313
-28313.3249
-25765.6357
1789
-16274.7532
-7041.18405
-31424.4254
-22618.0019

1737
-29925.3454
-22916.5129
-18622.5122
-37970.9796
1741
-27179.9823
-14937.0583
-54654.1233
-26169.3952
1745
-30622.2045
-47037.1102
-147997.408
-15060.5395
1749
-37282.6309
-21049.0567
-13710.3736
-18880.7574
1753
-33140.5066
-13994.966
-32932.5913
-21755.4399
1757
-19053.675
-16822.9078
-88583.1838
-31438.1171
1761
-17242.4724
-31354.3036
-29305.4496
-39049.2763

1457
-16180.1366
-33355.5537
-23569.6509
-34104.1602
1461
-46296.2442
-18472.0448
-40008.9296
-110638.536
1465
-18339.5325
-31186.8346
-44015.093
-45087.7201
1469
-17846.1302
-19167.5319
-2495.75964
-15030.4327
1473
-23738.5573
-39706.6472
-19723.7016
-41448.3138
1477
-22741.8174
-40886.8252
-36144.0855
-28892.6099
1481
-13946.6682
-81225.9829
-21598.271
-69012.2403

1933
-22454.4354
-15410.39
-84098.8289
-20029.2314
1937
-17316.8972
-17973.3777
-22517.7555
-35672.5842
1941
-21997.4873
-27697.0652
-15422.8204
-47267.1305
1945
-18913.2766
-68874.6726
-14963.9724
-25683.0475
1949
-34927.9528
-21379.0408
-30394.1778
-40950.2679
1953
-26813.5596
-39288.5832
-28060.3787
-27614.9684
1957
-40318.3764
-58635.6989
-19341.7951
-17004.9529

1597
-92493.1085
-81933.2295
-86335.9386
-20103.7874
1601
-36575.5352
-25308.2291
-30194.7224
-20789.9674
1605
-18072.1876
-26442.4842
-23321.0391
-19653.2103
1609
-15195.1816
-38290.1483
-26278.4457
-26332.056
1613
-23013.9351
-57644.6863
-21962.1361
-25167.8845
1617
-25035.6015
-20567.1981
-21568.8365
-73372.5402
1621
-29739.3281
-31434.1242
-89492.3669
-38592.2123

1821
-22887.1742
-15047.2072
-31769.867
-23678.7434
1825
-100568.06
-26392.1961
-86898.4479
-51634.1664
1829
-19502.2534
-96041.2252
-20697.7394
-14959.8694
1833
-22363.1604
-23649.2792
-64637.8972
-26017.6765
1837
-33675.8719
-24724.1388
-25958.971
-39003.3885
1841
-25018.4696
-24832.6221
-78702.3743
-32937.1255
1845
-29689.637
-104345.298
-16948.6557
-26660.46

2017
-36372.2855
-20710.5065
-46374.3598
-32105.3438
2021
-38510.1608
-13744.0715
-40356.7176
-15702.2737
2025
-51049.0476
-19437.0976
-18621.9113
-23376.9733
2029
-18567.3606
-37188.3038
-25919.3733
-27867.5642
2033
-11914.6258
-15942.8881
-17541.0378
-36135.185
2037
-20084.2629
-17038.5947
-23977.6948
-24625.2415
2041
-30624.3599
-39432.3865
-13456.0004
-66162.3895

1961
-75535.7559
-33555.8088
-23235.6515
-19135.6802
1965
-34969.7377
-14978.6923
-18187.2403
-37516.7554
1969
-49757.4698
-24399.8341
-32112.7745
-21771.2847
1973
-75733.279
-12944.7462
-24165.1494
-19812.0639
1977
-29621.5598
-33978.4824
-51425.7469
-55691.0866
1981
-21850.027
-53280.9009
-31198.9685
-36370.5492
1985
-56363.8147
-23942.5817
-33196.1334
-29864.5563

1989
-22626.2089
-56772.4642
-123481.541
-53531.9525
1993
-13751.9395
-40853.8545
-19881.4756
-31644.0018
1997
-22109.636
-28466.8195
-13252.8182
-41521.051
2001
-26103.212
-49906.5109
-35160.8981
-8332.77928
2005
-21861.0094
-37075.8805
-20476.1807
-20184.4476
2009
-203738.331
-12027.7538
-70389.7936
-90748.5574
2013
-20149.77
-34582.0215
-24477.8342
-29425.4865

1541
-93314.6075
-26259.9764
-15765.711
-39647.2286
1545
-33212.9546
-24879.2122
-50848.3903
-61583.7748
1549
-17278.2032
-103139.294
-17464.9519
-16412.6604
1553
-13096.7997
-22794.0311
-14644.3995
-59196.0484
1557
-16243.5978
-48373.304
-20757.2952
-61175.3655
1561
-85845.298
-31073.1689
-12354.5711
-30325.2666
1565
-70466.2425
-23295.1564
-68388.2938
-30933.6725

1485
-15779.8368
-46199.7164
-19514.5741
-41376.2572
1489
-41790.6688
-14164.1393
-30082.7681
-22328.3936
1493
-23744.0388
-47917.4451
-32565.418
-35787.1798
1497
-35233.7397
-30001.8889
-29818.2434
-22265.2855
1501
-30924.5936
-30600.1292
-48215.9511
-42293.2523
1505
-16659.8666
-25758.4441
-15423.581
-46007.6781
1509
-21116.2177
-32073.2182
-63529.5301
-23596.6811

1905
-39705.9191
-35844.7712
-72005.8516
-15930.3513
1909
-14028.4932
-25875.4185
-33744.0358
-28317.3751
1913
-24941.8353
-27631.9127
-37718.5809
-42200.4229
1917
-24798.1985
-46505.3285
-28019.2747
-27495.8208
1921
-21447.7698
-61922.4532
-18540.1369
-49475.2234
1925
-25879.5169
-4648.67429
-25589.9031
-13871.7198
1929
-80189.7677
-15577.0915
-6519.9753
-47169.8741

1709
-52973.6945
-72713.8582
-25941.9326
-15983.3467
1713
-46119.3109
-30004.1062
-31959.5177
-23119.7173
1717
-34087.2834
-146332.167
-35236.4099
-71513.0544
1721
-19091.8547
-43529.5914
-24199.934
-38736.2524
1725
-56509.4012
-63662.1844
-25801.3863
-12104.5794
1729
-47880.9313
-28420.7104
-17291.6079
-37212.6338
1733
-157852.034
-17087.9242
-26075.4866
-52137.8596

2745
-30325.4681
-33120.2776
-36678.4892
-32415.1177
2749
-41420.2322
-20582.812
-12643.2744
-27936.0566
2753
-35168.802
-17900.8578
-43807.1935
-58101.6122
2757
-14271.1744
-20877.3704
-45843.9624
-30868.8848
2761
-34389.8269
-57377.6578
-35008.1151
-31005.5631
2765
-15982.049
-28787.7585
-42323.601
-35915.1069
2769
-24154.4586
-38366.3955
-27083.5587
-32769.6287

2409
-12913.9006
-22133.8404
-32389.5177
-15958.6921
2413
-32645.8945
-36155.9488
-15506.9018
-19512.895
2417
-15655.1222
-32902.8164
-17401.3256
-21844.4677
2421
-39238.5666
-74938.708
-102345.421
-17571.8098
2425
-29248.0709
-57609.0384
-24480.0455
-14533.297
2429
-84422.1811
-221592.848
-71917.3596
-13124.4786
2433
-13900.1949
-58844.0484
-17726.508
-20327.6798

2325
-20857.0443
-17775.5791
-51417.1817
-56434.1923
2329
-16529.1945
-32414.9117
-14019.2661
-24790.7844
2333
-96431.3905
-9298.08161
-29874.0683
-20382.3793
2337
-42414.2211
-19134.9558
-74168.3973
-29359.6085
2341
-15622.6921
-28946.2317
-14662.7125
-88466.0933
2345
-14178.796
-25822.4178
-41352.6324
-21512.2092
2349
-19865.7987
-40945.2333
-18415.8542
-20602.2044

2661
-27696.1309
-17505.7941
-58184.4849
-25215.1715
2665
-63297.2542
-21934.0651
-21839.3947
-21732.738
2669
-15873.7576
-18447.5359
-39616.3331
-30064.3302
2673
-57647.1408
-49186.1674
-22901.1408
-28683.3969
2677
-29732.2867
-27995.1907
-100090.959
-116916.438
2681
-40831.765
-28949.8907
-26091.005
-24367.3249
2685
-12158.7362
-49026.6064
-49821.2115
-28496.8211

2381
-46292.2877
-38599.0598
-62595.9736
-19116.9019
2385
-21203.7618
-33186.883
-25726.1865
-16761.2785
2389
-30594.0972
-17477.3402
-40597.759
-45977.2721
2393
-32272.896
-28452.1255
-16954.927
-30744.8909
2397
-123939.777
-36753.0188
-13985.4762
-36475.2385
2401
-28904.9788
-25351.7509
-22542.7157
-76624.196
2405
-34346.9186
-30450.7048
-45853.5463
-24265.8671

3837
-25721.147
-33367.5783
-17803.0385
-24588.7065
3841
-29671.39
-25373.1939
-31346.4281
-18882.0347
3845
-19436.5156
-190980.478
-80233.3498
-40800.0803
3849
-54932.1841
-57698.988
-42020.6595
-70847.37
3853
-25744.6205
-56567.7646
-67733.5923
-13223.01
3857
-129168.665
-53607.8334
-18996.4401
-51182.4542
3861
-28819.6655
-35580.1304
-55576.2019
-17340.9413

3501
-20768.5742
-16673.2518
-15513.6003
-33445.566
3505
-10545.1942
-48468.2783
-35158.1806
-4268.48048
3509
-17636.7449
-17142.6498
-82358.7413
-30933.4527
3513
-16561.0806
-33102.1447
-47727.8165
-20885.8109
3517
-32680.6768
-60280.5708
-103925.356
-61926.452
3521
-36173.7842
-31794.9022
-13387.2078
-42344.2552
3525
-16263.4847
-17297.2244
-16117.1312
-14426.1938

3305
-43081.3768
-14519.2004
-83022.9736
-83403.7275
3309
-63056.7121
-24422.2274
-21649.5326
-31654.9324
3313
-37950.7451
-32095.7776
-37205.8639
-12075.1426
3317
-72515.2134
-25245.718
-29317.8452
-21528.5332
3321
-21023.5665
-36081.8678
-16216.7331
-19253.8575
3325
-26138.3866
-23714.6089
-23370.9179
-81973.1169
3329
-31390.4763
-37976.2327
-74940.3921
-38816.2017

2689
-32570.4786
-29665.3258
-23459.1409
-25564.9696
2693
-40333.9561
-16871.2074
-13396.5997
-67920.1574
2697
-17673.1246
-26472.3915
-20530.4276
-22923.7696
2701
-68205.9917
-27866.8564
-3991.16062
-94399.1582
2705
-21932.418
-23439.4968
-41130.903
-14685.3371
2709
-14946.5292
-19281.9973
-118196.358
-29392.2515
2713
-27487.202
-15709.9817
-86263.2203
-43643.2902

3333
-32397.9538
-78732.7113
-23374.7444
-45251.836
3337
-39881.4991
-18645.7276
-27426.1654
-18636.1855
3341
-26981.9431
-15876.0505
-13470.0369
-15998.3469
3345
-40623.2549
-77611.5053
-33805.0468
-22865.6898
3349
-23128.0728
-53143.393
-30448.7075
-29713.6557
3353
-44612.534
-27094.9102
-27694.2802
-27735.3952
3357
-34076.6106
-13190.9207
-33611.0253
-49546.5798

2577
-27668.7138
-25951.445
-59495.151
-17603.8093
2581
-27192.4938
-41937.8451
-59743.5752
-92920.4676
2585
-75002.2158
-18554.2859
-33762.1181
-29075.8727
2589
-18669.0115
-27223.2128
-20522.7071
-17064.704
2593
-34125.0945
-23051.3932
-16546.9698
-19941.4084
2597
-80339.9616
-23263.7454
-17713.0414
-25200.5234
2601
-29570.7033
-53242.8082
-21099.3067
-14758.4365

3137
-32813.7173
-74268.371
-17099.623
-46983.7378
3141
-50176.711
-38910.4614
-113722.644
-48583.3468
3145
-36030.7388
-24797.9038
-12676.6921
-32953.4144
3149
-11591.167
-26428.7437
-32204.0183
-23816.6429
3153
-35566.4369
-54955.099
-83871.3363
-27496.1004
3157
-28800.5156
-20487.5937
-21766.2242
-12866.8198
3161
-23049.6205
-33030.0012
-13025.3898
-32292.4777

3809
-63152.0416
-31666.8674
-55357.8444
-28186.2277
3813
-19988.9268
-38154.1023
-47395.9236
-44997.0691
3817
-40691.0319
-21931.585
-25102.4611
-18120.9809
3821
-77375.5533
-13716.532
-47791.3373
-24140.3662
3825
-153360.507
-35236.1836
-32947.2896
-50701.3693
3829
-22417.4894
-79958.2618
-104948.205
-29544.1467
3833
-24527.1391
-15480.469
-25250.0116
-20724.9723

3557
-17437.8536
-67473.8354
-21463.5704
-34477.7119
3561
-28516.0997
-25750.0581
-23990.2267
-109258.808
3565
-14065.1273
-28718.4746
-54156.1937
-2589.23167
3569
-65179.6433
-37358.0873
-60975.4836
-16573.6466
3573
-109148.933
-12495.7087
-19226.7508
-32860.3726
3577
-32908.2402
-15903.816
-35529.8138
-59568.622
3581
-52920.7928
-21411.354
-20282.8567
-23979.7729

3641
-114943.35
-15886.72
-28011.7875
-15890.5783
3645
-25769.8545
-8589.21948
-37403.0305
-25548.473
3649
-14770.4467
-17673.4233
-20264.3833
-28121.2698
3653
-14306.4261
-10478.8351
-40681.5606
-38879.3486
3657
-59886.9395
-35509.7303
-23884.5824
-27071.5379
3661
-18366.2652
-18425.7103
-13584.5179
-16916.5419
3665
-27744.0078
-54309.6035
-24420.4347
-20862.5145

4145
-18620.4199
-207358.116
-15918.9346
-28159.3657
4149
-19323.3249
-26658.159
-79465.2834
-41238.4785
4153
-13573.9036
-20201.2175
-22400.9343
-38105.843
4157
-38442.7406
-14980.8432
-14834.5108
-26865.2655
4161
-32950.905
-32943.2395
-69176.2498
-17340.3811
4165
-53026.2276
-23180.4618
-161827.198
-36598.3661
4169
-20835.794
-16425.8622
-97901.3566
-13477.0504

2717
-56064.2725
-16666.071
-25383.5733
-40817.8982
2721
-74027.5171
-41340.4807
-16968.8083
-12961.4353
2725
-14908.1371
-46771.372
-69367.9088
-16067.8264
2729
-21569.3365
-43355.6432
-40140.18
-17190.543
2733
-27741.3827
-13103.5102
-25399.1189
-32200.4919
2737
-38318.0411
-28999.8534
-26609.0103
-19245.8785
2741
-31873.3597
-30994.2343
-23355.0406
-19054.9367

4173
-104483.991
-30515.4114
-27189.8499
-30952.6148
4177
-69187.7616
-32317.2136
-46177.3631
-34904.2045
4181
-108290.292
-57229.0352
-96195.0992
-24663.619
4185
-31214.2855
-28365.5517
-119047.662
-14961.9298
4189
-43179.4911
-54351.1696
-49574.8403
-77228.416
4193
-16683.647
-72674.3663
-16351.1807
-37861.0773
4197
-99921.301
-12334.0783
-27205.102
-50904.1422

4229
-53513.2972
-21950.8824
-18454.8962
-22343.9428
4233
-79442.7146
-21693.5914
-50551.1162
-15803.3657
4237
-28240.741
-80395.9461
-184133.806
-29325.2987
4241
-15039.756
-67195.974
-20204.2711
-118770.5
4245
-31861.9641
-74927.7768
-27258.7311
-162007.407
4249
-13054.1248
-33556.3948
-18818.8875
-8577.05493
4253
-13561.8199
-30965.8906
-18459.1625
-30480.9145

4201
-30481.6292
-70349.8014
-41429.6452
-33037.2539
4205
-29202.9879
-31471.2335
-90019.8583
-31972.2756
4209
-12723.9753
-11782.6606
-39115.9145
-18237.0164
4213
-57903.7278
-19663.2022
-30109.3593
-18807.5214
4217
-30194.8714
-47590.036
-20022.6348
-80309.4792
4221
-24748.4135
-38981.2925
-24823.2221
-40375.3052
4225
-39257.3995
-59021.1348
-26746.2981
-20180.9086

4117
-14588.9083
-21858.4021
-65971.6174
-37547.4525
4121
-11861.163
-31155.2529
-39632.1394
-28223.9065
4125
-69346.4244
-18688.9233
-37060.9779
-205996.113
4129
-13855.0792
-31486.97
-25156.5574
-42672.1269
4133
-57043.7461
-38822.0987
-15347.762
-15301.8837
4137
-11881.0408
-37366.9966
-31706.8957
-39093.909
4141
-25761.8542
-16391.5937
-25068.804
-168289.77

2353
-24412.7542
-28794.615
-57534.9348
-26882.4414
2357
-29400.1079
-15329.317
-19352.0082
-25744.8691
2361
-132181.84
-42133.0468
-29605.2597
-28148.7534
2365
-15095.4532
-106206.403
-19222.0425
-5635.91358
2369
-27037.8349
-13729.7779
-24823.6178
-87135.4625
2373
-27631.6891
-9183.88698
-74363.1541
-31351.101
2377
-37820.165
-51156.7115
-51606.0836
-51259.9407

4061
-51236.1612
-105899.357
-16022.0688
-16484.7183
4065
-23601.4372
-33741.0471
-49603.6883
-31219.7925
4069
-17825.9791
-21562.8855
-72336.0595
-13134.2143
4073
-31477.5621
-39940.8181
-118618.352
-31270.6311
4077
-23922.4977
-17302.9156
-23183.4695
-37093.289
4081
-85143.8961
-88898.0091
-102707.754
-40450.3177
4085
-33930.7802
-42054.571
-14707.5041
-31432.723

2801
-27273.1522
-20012.3142
-12557.0351
-34266.5268
2805
-15227.7215
-71883.7914
-35839.3634
-24304.5308
2809
-34918.0991
-44970.7209
-34910.5254
-8239.00464
2813
-20352.2082
-144138.44
-26109.3423
-16807.9548
2817
-15379.5863
-35097.134
-64849.7189
-37472.0276
2821
-42230.5903
-11356.9443
-116437.676
-17255.1142
2825
-60519.3351
-109838.627
-1725.52293
-32477.2173

3473
-28268.9647
-33161.7094
-47679.3147
-18372.3889
3477
-73157.3728
-21772.6079
-60132.5763
-25534.2609
3481
-9923.78119
-14280.6865
-35302.3968
-4291.51321
3485
-27809.7975
-55478.5063
-33827.2077
-26691.8858
3489
-17050.7132
-23289.0832
-14622.2552
-31634.3481
3493
-35563.1187
-16176.794
-29961.3714
-18137.0006
3497
-16653.5219
-28688.9021
-29528.9139
-40119.6869

2913
-83269.0493
-74951.3853
-25289.518
-15773.6313
2917
-40039.1607
-26761.9987
-38952.7929
-61627.8231
2921
-36995.7392
-63102.3959
-5542.81633
-27105.1671
2925
-28110.0385
-37631.9324
-74065.5947
-18085.3272
2929
-27972.6955
-22680.3837
-46653.7605
-13063.2271
2933
-10864.063
-54446.2901
-17656.647
-42996.2965
2937
-41528.1557
-12752.5723
-17475.1194
-21022.5774

3865
-29023.0148
-18173.7332
-66489.5249
-35259.4255
3869
-30059.6817
-26970.2252
-29709.762
-30813.0135
3873
-42349.7724
-22269.5337
-6495.80699
-32312.0957
3877
-45708.2609
-66254.5208
-124423.766
-41324.1231
3881
-85696.1739
-16863.6686
-60563.7104
-20058.0314
3885
-30552.8906
-18115.031
-12439.047
-33352.9324
3889
-54142.1861
-19735.9779
-29315.3311
-38835.9197

3529
-33061.24
-44447.3364
-195468.703
-53282.5098
3533
-37965.3643
-19052.5205
-81445.8258
-99817.7707
3537
-23588.8552
-30944.9084
-92577.942
-14699.9519
3541
-11066.5065
-47124.2809
-46053.0171
-37112.7889
3545
-31499.415
-24664.4804
-37376.0624
-30854.6793
3549
-27673.7934
-32353.0689
-22499.0692
-19488.1213
3553
-15383.1452
-12942.9724
-21515.0957
-18639.8632

3445
-12107.3822
-16812.5739
-15130.0272
-26400.6867
3449
-26354.2755
-43532.8282
-15903.5368
-59161.283
3453
-13692.765
-23894.5998
-17385.7497
-31802.6875
3457
-17920.0818
-30391.9667
-18517.1925
-14612.9084
3461
-21744.1356
-26654.0144
-94392.7717
-63980.8389
3465
-13318.0282
-44665.1639
-58636.2176
-34232.8891
3469
-16031.6357
-2196.02131
-20800.8584
-115207.595

3417
-16334.3387
-31223.865
-63084.4893
-53084.1366
3421
-33277.0708
-20521.8417
-21451.286
-68217.7059
3425
-24008.8479
-20385.5221
-24097.3596
-2845.63902
3429
-21303.0469
-22490.8454
-35049.3047
-41825.9352
3433
-32882.6539
-22063.7162
-50824.5413
-22642.2095
3437
-32185.4826
-33346.8954
-39393.2598
-30424.8647
3441
-25277.7115
-34930.3724
-111438.808
-37731.1709

3893
-60159.4362
-124411.522
-21491.0036
-30428.9843
3897
-45963.8312
-24047.9273
-20043.5956
-38863.1644
3901
-21160.9536
-23912.6692
-55274.8975
-26927.2846
3905
-15029.5337
-40802.4471
-55150.8104
-17072.1659
3909
-46938.7319
-4878.21547
-36123.3175
-36799.3799
3913
-15250.691
-19715.3566
-16995.7385
-39265.1844
3917
-14457.1577
-22531.2569
-28388.3902
-105230.825

3949
-43406.3816
-30183.2499
-60790.5332
-10910.3732
3953
-15867.9103
-18036.5769
-68781.3032
-16077.8536
3957
-59058.9137
-39831.8008
-22479.9812
-28048.0398
3961
-38697.7674
-49224.3082
-33534.2524
-49715.1721
3965
-19580.4316
-58148.6694
-18195.765
-35416.6356
3969
-15289.4819
-31483.649
-53539.3721
-35735.5209
3973
-23637.2466
-33358.6003
-20903.4565
-112213.415

2773
-17045.5496
-151544.6
-35209.2635
-88585.7628
2777
-53835.2678
-53964.4242
-90508.4139
-32681.4074
2781
-70309.5258
-27068.4808
-24335.7469
-15716.3917
2785
-13485.0987
-19781.3186
-65961.9786
-26040.4
2789
-22649.8237
-16448.3239
-25195.8066
-20550.9823
2793
-54323.3889
-25888.4522
-21239.2751
-38425.7173
2797
-24377.0728
-65510.9466
-21331.4238
-31045.0579

3585
-2241.33211
-18545.8417
-15370.9576
-23486.7148
3589
-22469.4999
-27694.7919
-18376.6958
-15548.7423
3593
-20653.4551
-21679.0451
-123016.854
-34361.4485
3597
-23026.9405
-11223.8347
-24260.4818
-38867.5302
3601
-67012.2818
-21439.8023
-47488.6012
-27797.6332
3605
-36019.2943
-76534.6291
-15469.1777
-20318.5649
3609
-27753.4513
-30799.8027
-36553.156
-65268.5478

3389
-55467.141
-36994.6543
-21420.4076
-18007.4502
3393
-14993.1075
-15680.8995
-13472.8151
-65881.6074
3397
-31838.4592
-18165.3196
-44381.8228
-16239.0713
3401
-46888.0145
-97556.0558
-30908.6648
-12117.5107
3405
-24629.2274
-21382.9902
-21943.2002
-40765.6609
3409
-67851.5786
-20797.4042
-20252.3202
-29174.6737
3413
-36167.0693
-16231.8382
-14479.897
-61904.3476

3977
-18433.3201
-33305.3796
-42225.3635
-104584.268
3981
-37585.3777
-47183.932
-34577.892
-55939.3638
3985
-22490.2859
-25160.5577
-15736.3697
-11983.902
3989
-54379.6706
-23623.667
-28709.0368
-25738.8502
3993
-38234.744
-18609.7434
-18563.4722
-26136.4256
3997
-58538.6557
-24718.3818
-41383.4539
-14963.1402
4001
-39613.9633
-38146.1062
-24548.9326
-41176.8182

3613
-167807.36
-38344.3966
-39913.9851
-68756.5806
3617
-24036.4537
-40878.0997
-83816.3192
-22045.6525
3621
-15766.9118
-58136.6339
-18372.2215
-33686.6361
3625
-36577.7814
-22133.9865
-85996.4093
-21330.8266
3629
-24650.6822
-28862.9756
-94062.6648
-23291.4514
3633
-67408.219
-13227.8686
-39082.1471
-53457.9233
3637
-25530.1364
-26322.7485
-30126.7683
-47981.6565

4005
-20497.3677
-29276.1491
-83855.5564
-32606.8255
4009
-37614.692
-47369.1679
-22877.153
-27922.8238
4013
-48863.9195
-94614.4825
-50293.1781
-20441.4246
4017
-41490.407
-60077.727
-25374.9679
-33566.7866
4021
-93331.1421
-28658.9098
-76181.8596
-22764.8166
4025
-21664.4863
-24405.6275
-80190.8721
-27409.2146
4029
-105893.774
-16449.338
-13312.116
-55930.8407

3921
-19734.2847
-62641.4633
-15201.0166
-39465.3097
3925
-64310.773
-60427.2679
-75951.5139
-64762.9568
3929
-32097.2349
-35678.453
-78060.6195
-50301.4448
3933
-16416.9991
-49733.8728
-23571.2092
-28207.5999
3937
-73493.6745
-67921.2417
-12278.9942
-36936.4146
3941
-13811.1878
-47033.3678
-49241.0759
-23204.0494
3945
-22261.8452
-36212.8952
-25515.4054
-23719.1195

3361
-51142.3194
-136283.698
-16839.6459
-20439.983
3365
-35020.3195
-19641.1502
-90460.9997
-155159.676
3369
-39290.9559
-39660.1036
-5363.92919
-23436.6102
3373
-13998.7556
-23448.1145
-11295.3256
-52366.986
3377
-36848.6292
-14002.8491
-35914.7899
-12768.5453
3381
-18252.7041
-31373.0602
-44389.0457
-22854.6093
3385
-20633.2137
-32919.1682
-65141.5548
-44906.2316

4033
-35829.6318
-43004.9948
-10764.2289
-19361.248
4037
-35548.6073
-24949.7381
-86168.8411
-40666.7028
4041
-28908.1948
-29401.0963
-18599.1863
-22341.1831
4045
-54375.9255
-16373.0246
-60251.8274
-28646.1823
4049
-28609.6243
-12900.2652
-17148.1913
-14772.8379
4053
-61444.8043
-15160.7257
-134765.194
-29097.1545
4057
-19863.0507
-52063.6325
-24297.9049
-30531.0197

2857
-18284.4751
-57370.535
-36601.7956
-26633.4174
2861
-19975.9146
-16872.6669
-83349.0762
-25571.222
2865
-6346.90936
-22944.0335
-24370.8881
-50720.9882
2869
-18332.0138
-19039.3745
-39353.7508
-34525.4494
2873
-16676.7281
-20687.02
-34807.864
-18452.2252
2877
-17036.5588
-41958.8497
-4732.28925
-126466.122
2881
-49170.0975
-35643.7548
-30120.4927
-14769.5935

2885
-23224.2827
-56974.0485
-34502.043
-18644.0881
2889
-22655.7039
-35837.1458
-14569.4792
-30173.7418
2893
-43527.24
-30182.9414
-26227.1064
-51390.2091
2897
-43551.0523
-30310.4871
-25017.3212
-13883.7892
2901
-262328.217
-97140.5904
-22293.9719
-19689.0082
2905
-55843.3009
-23982.7105
-23967.9406
-26142.0617
2909
-30501.6026
-8147.64928
-51965.428
-108511.651

3753
-70981.1293
-15312.1541
-105819.265
-17487.9724
3757
-29541.9169
-72293.4576
-31943.299
-19439.342
3761
-27153.7352
-38503.8601
-16027.0903
-49138.5526
3765
-34658.0706
-24309.9388
-37286.9758
-22510.8802
3769
-93601.2556
-16071.9595
-41421.5726
-23538.5001
3773
-42627.8348
-15878.3338
-140623.669
-113584.81
3777
-27169.6133
-24557.5228
-14362.5171
-15089.6764

2269
-14711.9584
-50097.6461
-21284.2125
-27618.5506
2273
-49136.9971
-13114.8732
-16768.7541
-34157.62
2277
-20020.102
-15262.8514
-94197.8257
-19709.8092
2281
-43364.5057
-21418.4679
-43385.3999
-61006.4895
2285
-13763.0328
-37427.6169
-21917.2418
-87575.6
2289
-42681.978
-15366.5633
-21366.7747
-41672.6852
2293
-27351.7583
-13737.0761
-46114.6054
-15753.956

3249
-29949.2279
-27543.6865
-14135.534
-16539.7805
3253
-47557.2449
-22174.1764
-67630.1144
-16166.0795
3257
-30004.064
-23856.8117
-22930.3796
-53001.7248
3261
-39897.794
-20138.8175
-23620.9858
-27605.0185
3265
-50076.2159
-26609.5792
-11604.3317
-26815.4177
3269
-37463.6207
-16865.6895
-16215.2587
-23152.1292
3273
-26570.104
-28258.2309
-21847.6544
-26001.5457

3781
-53281.9501
-12573.8192
-17720.1279
-61780.905
3785
-16481.5058
-18643.8959
-44375.7055
-20940.2806
3789
-32648.7205
-69712.844
-23139.4745
-86119.2362
3793
-28094.6329
-22340.1283
-70696.4552
-74555.0057
3797
-68019.932
-31398.7262
-76673.276
-16577.4717
3801
-16797.3523
-19576.0471
-29373.2815
-21969.9692
3805
-21889.1627
-67851.0103
-40365.1822
-22824.0381

3277
-13337.5646
-20975.7039
-26984.6621
-19954.3611
3281
-24711.3261
-71207.5932
-26304.1199
-25865.783
3285
-56120.3776
-24776.6361
-31816.7239
-29775.6322
3289
-8196.5559
-15969.4753
-94837.7666
-29662.8175
3293
-15613.015
-21635.9516
-17197.2587
-15876.7966
3297
-45928.3451
-92490.4391
-20432.4372
-33898.9584
3301
-31220.8569
-35183.8404
-158831.077
-55874.6588

3669
-25590.8331
-64564.0294
-19880.8776
-22588.3586
3673
-34607.6077
-111729.735
-164585.708
-28109.9544
3677
-73131.9739
-34867.8524
-19397.5321
-13117.0969
3681
-17670.4517
-32719.6476
-19866.4309
-24168.8056
3685
-31115.9788
-44785.2652
-18109.5432
-47599.4694
3689
-26406.9378
-23946.484
-21935.3107
-29103.2123
3693
-40781.0568
-10557.52
-7882.86394
-14277.1822

3697
-26876.0792
-46811.7576
-38891.6973
-21282.7153
3701
-18187.6764
-37736.572
-15589.157
-15446.9401
3705
-24337.9597
-13745.0864
-23609.2759
-48972.8425
3709
-20862.627
-34304.0323
-21134.7513
-19962.21
3713
-219298.113
-14241.0601
-11232.524
-18648.1097
3717
-52392.1252
-43400.1176
-30091.8031
-28932.9248
3721
-25778.203
-25436.7481
-35051.3772
-44448.0927

3725
-22329.6102
-88069.6187
-85831.4296
-23120.7899
3729
-53948.5385
-101259.195
-20946.8698
-14057.5985
3733
-20389.7469
-21264.1693
-22354.7799
-39775.4606
3737
-18430.8956
-25496.0253
-24196.8979
-12013.2238
3741
-31330.1196
-30928.0927
-18328.3688
-15368.1271
3745
-62574.0736
-18323.5972
-13272.4362
-50827.5205
3749
-39351.7231
-58166.6929
-15272.9701
-25872.4384

2829
-17079.4045
-19512.0705
-26814.1654
-20003.4495
2833
-18764.4379
-18572.278
-35517.4416
-20531.4395
2837
-14634.3252
-14265.3621
-36550.9709
-34698.4076
2841
-21990.7391
-42995.7063
-40651.435
-26484.8851
2845
-20839.8552
-15602.0273
-23508.1252
-32361.7465
2849
-20870.2349
-23832.6316
-44678.5175
-44139.2848
2853
-38838.3687
-19954.3951
-52554.4265
-28560.4288

2185
-28167.2601
-14173.3696
-47377.7069
-153563.452
2189
-37494.3194
-43666.8963
-55972.0584
-70679.5785
2193
-202158.102
-51476.4507
-20371.4347
-27893.2684
2197
-22747.0036
-9039.29672
-14561.0431
-26997.4856
2201
-20202.6967
-33584.4986
-30101.3737
-126890.92
2205
-17485.7601
-70933.1154
-36703.3764
-21283.098
2209
-18270.2638
-20679.0394
-32055.8041
-32138.4842

4621
-61554.9564
-17478.003
-43997.9005
-17139.2087
4625
-22053.3931
-26525.4913
-19455.4007
-18081.5324
4629
-71467.6574
-21928.126
-21062.3215
-78459.3625
4633
-16579.8446
-33004.6916
-20925.9042
-8320.61151
4637
-24097.0168
-29753.4369
-31183.5737
-23948.6181
4641
-38037.2483
-10653.2923
-19302.7765
-4623.90371
4645
-55719.5732
-31200.497
-15341.5495
-51043.1447

4733
-14407.0833
-15122.3678
-14866.1795
-15385.1591
4737
-29427.9342
-16093.6044
-29157.5301
-32933.0494
4741
-28644.5907
-13116.1429
-22195.3499
-32505.4891
4745
-17510.0767
-82403.9426
-92822.0188
-40585.697
4749
-64482.1472
-83584.7054
-41289.5312
-30162.6463
4753
-47116.3035
-16103.6912
-14080.8211
-16771.9473
4757
-18590.9536
-19286.9254
-31072.0309
-50382.3936

589
-28800.7195
-18547.6957
-26646.1442
-15182.1714
593
-23047.1762
-15644.4385
-29894.9342
-21146.2899
597
-41445.5578
-21133.9548
-22845.7255
-35963.5446
601
-16542.8292
-75072.9959
-41336.5643
-16185.8608
605
-26143.2755
-45643.5837
-70268.087
-25190.4545
609
-14075.5803
-41892.3681
-33141.4563
-95833.7598
613
-18271.2446
-40509.2877
-48702.9142
-69523.5351

4705
-21509.9186
-57891.5101
-21012.6898
-28609.8133
4709
-48565.2314
-133164.893
-17689.0607
-40912.6449
4713
-83890.3833
-29664.6705
-26674.5335
-42191.9303
4717
-10358.8422
-129571.794
-44101.9287
-26659.3915
4721
-2132.23166
-22430.3588
-14087.3071
-31186.7699
4725
-19171.2051
-10505.1282
-94011.2963
-34787.1005
4729
-21291.8288
-18690.3268
-16365.6112
-47791.9569

4789
-19338.7329
-52542.2085
-30169.906
-14290.3229
4793
-58783.0615
-28033.5822
-2574.22436
-24990.9809
4797
-16276.4597
-17655.0464
-15664.7711
-36088.8772
4801
-21656.0894
-40930.5087
-43614.35
-45731.5359
4805
-47300.272
-42702.1228
-20919.0273
-16775.2703
4809
-16753.0124
-34232.2774
-53093.6127
-26240.6194
4813
-16659.8071
-12052.0904
-20860.4739
-17485.2317

4817
-15525.9343
-11499.1278
-16223.0441
-45410.8433
4821
-39280.4032
-17486.9925
-49817.0795
-52981.2374
4825
-21301.942
-33932.7126
-20157.9969
-20425.646
4829
-19404.7137
-18751.3331
-28439.3487
-16307.7388
4833
-27137.1243
-27430.2993
-54732.6283
-80969.1434
4837
-33740.1909
-36936.0734
-125078.388
-35662.1993
4841
-14602.619
-22941.5641
-26112.7995
-30957.2449

4845
-29077.5001
-50476.0922
-39766.7186
-23675.0458
4849
-29752.6137
-24459.9028
-40115.505
-10818.4136
4853
-86606.178
-22230.0853
-26336.2337
-20569.5839
4857
-31156.9025
-24730.6768
-21584.626
-25811.5244
4861
-102983.289
-6943.50348
-86616.453
-50069.6261
4865
-12626.0402
-48695.7328
-52920.0103
-24298.5105
4869
-35041.2921
-13511.6452
-21503.8341
-23904.5489

4509
-23156.1025
-27176.1259
-17571.5194
-28878.9017
4513
-30497.3418
-89023.6923
-64329.6401
-24671.0363
4517
-15816.8821
-5480.1737
-18345.1025
-16331.3747
4521
-63100.1446
-17251.9731
-42676.3897
-35729.4836
4525
-71310.3965
-102088.722
-25714.4407
-81287.3226
4529
-19066.0707
-25430.0824
-74742.9207
-72996.2388
4533
-51394.8029
-71213.9441
-98701.6296
-44487.977

4873
-34007.372
-32665.2162
-21211.028
-13207.3507
4877
-26395.448
-28211.877
-100129.259
-77716.5884
4881
-50959.7246
-100456.259
-24166.1887
-27331.9459
4885
-8778.82122
-78879.398
-24303.4663
-70688.9033
4889
-21912.5715
-34467.7093
-65643.4062
-54111.7047
4893
-51912.627
-19376.2434
-53898.6994
-40863.4421
4897
-28296.8859
-36538.7662
-20391.2929
-17943.0461

4537
-14335.1489
-18504.092
-56721.6492
-82034.8587
4541
-11424.6713
-46663.7156
-30359.9095
-16917.0433
4545
-38861.847
-28540.1703
-32885.1131
-31128.8376
4549
-35870.4646
-19970.6376
-89926.3397
-59004.7601
4553
-60832.3151
-72813.3488
-20139.2021
-19691.9135
4557
-21696.0805
-82038.5348
-41329.1043
-18720.9524
4561
-115975.492
-17255.877
-25070.4831
-48185.9434

4761
-51921.846
-15917.0575
-42832.1064
-18850.8481
4765
-74788.8344
-4463.94108
-24790.5679
-23849.9569
4769
-67450.0156
-32132.5239
-65317.5031
-135752.25
4773
-15042.0552
-32534.739
-115501.4
-88839.1378
4777
-21492.6911
-16543.8755
-34207.8372
-36181.5133
4781
-23689.5945
-16673.4277
-62674.482
-58087.2326
4785
-29256.6284
-22668.47
-29842.6644
-56657.291

5209
-61355.311
-37912.9823
-65872.5304
-40827.1083
5213
-39707.1824
-47859.1207
-11848.5185
-32123.159
5217
-40361.5521
-26030.9114
-22778.8595
-37021.4716
5221
-15546.9992
-101229.573
-33210.9723
-26696.7212
5225
-57142.0003
-24877.643
-22956.459
-13656.6192
5229
-35561.8338
-47920.0246
-21460.0209
-12844.4631
5233
-23593.751
-19916.5587
-24206.1722
-2578.82691

5545
-63386.8412
-23817.2014
-22927.7064
-34839.3234
5549
-14130.4791
-45254.3761
-76982.1016
-15763.8448
5553
-34768.34
-3538.16274
-20762.2817
-17657.122
5557
-15270.7455
-57269.7198
-28304.7616
-30404.3092
5561
-59439.5049
-43674.6493
-22803.4428
-14822.1034
5565
-43547.65
-25721.4531
-48846.5541
-79640.0884
5569
-21463.6594
-24822.4567
-18711.9767
-18998.5962

5237
-108753.569
-21385.2357
-10132.2833
-19064.3273
5241
-25556.8962
-54135.5748
-18445.6562
-25361.4975
5245
-82369.9399
-27365.536
-66362.9754
-39719.6556
5249
-20456.9593
-24496.5577
-57116.2243
-87161.3481
5253
-42500.4232
-18846.1168
-27543.7794
-25600.8215
5257
-23595.9317
-37080.2835
-6532.91584
-57157.4803
5261
-34718.2338
-48234.984
-15480.5716
-17115.2837

5265
-66039.7995
-18033.881
-29376.051
-107646.027
5269
-22784.9231
-29666.3419
-22060.2054
-47379.6836
5273
-23028.3745
-88841.8199
-13837.4415
-137049.301
5277
-52080.3747
-21992.1179
-29672.7984
-37878.4329
5281
-35128.5015
-34154.6709
-17876.2143
-41965.0135
5285
-16646.3264
-17417.0409
-24227.6852
-19810.9715
5289
-24526.6728
-32414.2096
-73125.7587
-46277.8625

5293
-28788.8605
-16670.0733
-14270.3831
-29470.11
5297
-137164.32
-103181.918
-66407.592
-33275.2747
5301
-27023.3632
-26458.0586
-25104.1105
-28030.4752
5305
-12051.6204
-31724.3755
-21845.5036
-18976.2517
5309
-54776.6295
-38747.2501
-52285.1999
-22572.5732
5313
-36165.4937
-19849.2706
-53254.2076
-26523.1879
5317
-37867.5406
-57485.7621
-18675.586
-21597.9908

5629
-79613.2853
-14632.3327
-14672.4833
-19317.1877
5633
-17484.0514
-43287.4607
-32747.598
-64719.5361
5637
-44876.0976
-16116.9818
-31705.4299
-19391.2182
5641
-38939.3739
-26692.7868
-34739.8352
-18586.0923
5645
-28506.2087
-15922.49
-110788.212
-27645.3149
5649
-38194.4005
-43902.9601
-29327.803
-17831.9131
5653
-16635.9761
-12679.5196
-29169.1583
-16432.3282

5937
-24438.018
-39902.6314
-17940.9791
-248672.819
5941
-95719.7703
-18740.0011
-70681.3024
-102321.249
5945
-27632.8089
-21820.0415
-34106.3025
-102509.6
5949
-21707.7312
-15371.2392
-18373.7862
-33979.64
5953
-15441.7834
-42235.1504
-22335.2676
-21670.5678
5957
-50535.4918
-38493.4905
-17058.8885
-47914.6698
5961
-19232.2142
-22132.2817
-19411.9588
-18296.9273

869
-27823.2094
-34324.0873
-30015.7033
-29121.2562
873
-52924.9846
-71395.6829
-31836.6208
-35964.8127
877
-33650.654
-25347.9317
-20754.2062
-123106.744
881
-122806.699
-37612.5017
-60008.1217
-15454.159
885
-10772.969
-22477.1213
-16428.3236
-20110.9275
889
-15495.4475
-178991.737
-24063.185
-15166.9974
893
-36921.0713
-33370.7103
-17980.0221
-3315.95012

5181
-32880.2781
-17594.6443
-38305.0772
-24007.5622
5185
-30946.8407
-46243.9064
-35433.6395
-12190.5455
5189
-90831.7716
-16543.5016
-44402.1041
-18287.5533
5193
-84899.6993
-19007.8187
-61070.7395
-35204.3166
5197
-30454.4526
-12067.3772
-13639.4005
-14950.4912
5201
-56971.0788
-80437.8817
-108253.474
-198425.907
5205
-30013.0966
-4542.66336
-66250.7935
-24051.7792

841
-26051.8979
-16572.7065
-36803.098
-20367.0699
845
-27076.3065
-11305.4289
-20770.161
-15871.4106
849
-25570.8956
-84597.3391
-12552.3
-17269.2114
853
-37166.7002
-28808.7799
-33538.1623
-15869.3591
857
-26678.2731
-48436.7868
-52489.7895
-49093.2961
861
-14385.4238
-14053.2221
-25858.4804
-72272.3837
865
-14317.247
-56769.2305
-21588.2459
-21891.7788

897
-25253.5947
-26673.8898
-60141.9765
-22760.0962
901
-56784.1348
-4695.45835
-15004.6581
-135253.293
905
-24273.1364
-93144.8866
-21479.258
-29430.62
909
-20288.9203
-22757.4796
-24799.3869
-51487.168
913
-124871.342
-29008.3696
-32059.1556
-36209.855
917
-16418.005
-29122.0827
-24476.0315
-25202.6852
921
-22261.837
-16659.1845
-22085.1929
-100408.469

5517
-15836.0702
-91051.9562
-14496.8179
-52273.9659
5521
-18430.6876
-62571.4524
-13787.8247
-25162.6561
5525
-21646.0633
-17600.9944
-116176.824
-15352.9079
5529
-56194.8233
-86096.972
-4708.49396
-13671.5239
5533
-23418.5271
-22023.1492
-44122.7845
-58390.2919
5537
-16329.3751
-14074.8736
-19286.5987
-26787.1567
5541
-33863.1643
-31947.0324
-33625.9414
-36211.1233

925
-21916.5171
-18785.2247
-17781.0727
-27882.6838
929
-59479.6371
-106694.817
-53351.0768
-94894.2164
933
-23416.2959
-18199.1346
-114804.063
-26902.609
937
-17037.7621
-14443.3801
-28421.1887
-24972.8495
941
-28737.2184
-29027.4294
-27805.2997
-24387.8415
945
-60937.907
-13710.1988
-24605.771
-56253.0197
949
-27564.4867
-13954.5785
-62696.3387
-33080.0512

6077
-32268.0683
-30618.6632
-36932.8268
-40506.1037
6081
-40823.1202
-17590.6527
-16980.4663
-64525.9743
6085
-8480.61525
-35642.3279
-33009.3388
-127007.366
6089
-54519.0701
-10114.9324
-92812.9842
-41134.6754
6093
-25137.5936
-40840.2323
-29130.9111
-28722.8947
6097
-14236.1847
-28186.1594
-25933.9903
-21219.7884
6101
-16894.8944
-69397.8379
-23243.0158
-19490.1631

5769
-16770.7123
-40906.6835
-28125.3537
-16220.0272
5773
-43909.6181
-14523.9714
-16336.2009
-49539.7729
5777
-19051.0224
-21868.3393
-31932.8288
-36764.5543
5781
-25032.8008
-25607.7422
-29030.6107
-56843.2754
5785
-36937.409
-17017.4068
-151296.068
-21465.3446
5789
-33502.9141
-24907.1969
-25785.7226
-16863.198
5793
-56581.7351
-40901.0305
-17373.6644
-27682.3665

5041
-19511.9706
-33639.5464
-49493.0351
-55445.5882
5045
-44732.2231
-29967.616
-17246.886
-139921.771
5049
-100261.21
-17336.909
-53981.8623
-19655.8571
5053
-15779.878
-57789.5232
-49833.221
-17516.5914
5057
-33614.9948
-48728.7335
-29073.5302
-46791.4701
5061
-41532.6209
-18932.3758
-122618.723
-95210.0981
5065
-45170.8847
-46658.9613
-82507.52
-8766.5438

5797
-32502.4595
-15573.2019
-24947.9283
-40983.1672
5801
-31113.8699
-4455.38976
-37963.4395
-29955.678
5805
-19203.1455
-20137.8839
-56186.7172
-65165.6826
5809
-18850.8655
-36567.8493
-37145.3077
-17024.772
5813
-89850.2156
-60416.1812
-149814.879
-90361.8033
5817
-77823.6461
-18264.7682
-17132.4749
-33304.6617
5821
-24363.6977
-28307.7046
-126260.823
-26202.0859

5573
-19176.194
-19317.4002
-29163.0291
-46599.3713
5577
-11783.7479
-31479.8764
-25472.4471
-14613.301
5581
-74933.2466
-31492.5108
-22768.4931
-111130.989
5585
-19969.279
-85079.3917
-38236.1659
-32741.7996
5589
-27630.1879
-20469.1062
-25106.3745
-53507.8575
5593
-15143.4511
-11503.424
-27350.251
-37547.5859
5597
-21577.4205
-53264.777
-20703.4242
-19346.0333

6105
-27455.0569
-27238.5608
-42964.4092
-18911.2739
6109
-19917.6936
-35932.9334
-68099.2317
-34829.7416
6113
-39269.2232
-37902.3325
-25784.2191
-25116.8836
6117
-5379.5194
-37840.8315
-20225.8526
-24669.4684
6121
-18574.0816
-31674.4545
-18605.1906
-29380.5178
6125
-43866.26
-42833.2542
-18385.384
-15535.659
6129
-71469.4632
-29775.3728
-44673.7261
-7420.04301

5601
-22436.1767
-16202.9447
-21857.9823
-17799.7997
5605
-35432.0781
-24991.4434
-57648.3002
-16942.9697
5609
-31120.907
-109673.542
-43873.3857
-34183.5689
5613
-21330.7057
-78513.6238
-53397.8269
-12920.767
5617
-5539.63298
-30162.866
-20438.2721
-41426.628
5621
-45859.9278
-29464.4381
-19504.7774
-76478.5946
5625
-20742.2941
-15833.6014
-36590.2443
-16094.7589

5741
-4855.11354
-40862.7046
-13047.1859
-46331.5099
5745
-23608.8456
-13376.6198
-29805.4041
-47983.2044
5749
-24249.8334
-20865.8936
-22170.26
-21843.4403
5753
-26866.6084
-36367.1389
-18539.8029
-16644.341
5757
-15240.4966
-58496.4216
-31406.2038
-32959.4248
5761
-72756.8801
-18407.1493
-83159.7959
-114552.745
5765
-116287.928
-13404.9808
-76200.5481
-14649.9016

4985
-70895.9218
-25498.1652
-8963.9026
-45567.1404
4989
-21471.1819
-28387.2156
-17066.0074
-23956.5935
4993
-42225.8688
-65125.1257
-32374.0197
-18072.3824
4997
-16197.967
-21537.2031
-31253.8503
-44544.8203
5001
-61090.5923
-71238.5587
-52038.0105
-69697.8215
5005
-17809.0062
-95630.3213
-117463.496
-29253.4764
5009
-35574.4729
-31658.181
-40779.1672
-57165.1597

953
-11151.2253
-13607.2357
-44119.6622
-88513.5846
957
-35563.6706
-34744.8867
-45460.7879
-24784.533
961
-26547.2786
-22869.9115
-34383.812
-24671.9987
965
-49502.7937
-25357.6147
-23760.5625
-55541.5322
969
-54310.8242
-18551.4716
-18809.3537
-56874.6286
973
-112741.648
-62124.4082
-55935.501
-128603.405
977
-18740.4831
-44820.2602
-47608.8738
-35482.8304

1205
-16858.5978
-24149.8367
-24666.9154
-108323.955
1209
-129782.522
-24259.9937
-41872.0113
-74479.1273
1213
-17367.6259
-24632.5672
-16820.9457
-26034.5479
1217
-34202.6003
-20882.1888
-4161.92738
-34157.034
1221
-42825.8311
-23630.6904
-29941.9365
-220790.499
1225
-69655.5593
-52392.9422
-224685.479
-40771.8503
1229
-39433.7178
-28799.5992
-17404.1723
-27172.044

3081
-47520.6276
-105878.669
-40476.7076
-38000.2686
3085
-171322.606
-26845.3145
-78825.2535
-43454.5966
3089
-29315.0945
-23007.0769
-22229.924
-25586.987
3093
-51034.4745
-32644.8742
-26330.8593
-32043.5754
3097
-31329.5267
-22456.56
-14510.7336
-20504.251
3101
-15420.8016
-25622.3532
-41647.2511
-5745.91627
3105
-18340.6288
-19521.056
-29415.1438
-60083.5946

3053
-45267.84
-22127.512
-28516.1472
-21357.823
3057
-29210.0748
-81256.2391
-76816.3551
-29682.7698
3061
-19436.4771
-34917.1738
-29992.6903
-29504.247
3065
-34926.8694
-59123.2324
-18578.5105
-41425.1465
3069
-9852.35738
-48389.245
-15710.2724
-23520.5295
3073
-27850.6285
-167111.813
-47741.9328
-24088.8231
3077
-72733.3743
-25002.0216
-35894.1583
-30477.6108

2969
-13935.4068
-12081.7922
-39479.9461
-48826.6896
2973
-23124.5142
-48520.6354
-133235.022
-22204.0152
2977
-5209.96635
-15962.229
-24166.3319
-16587.3865
2981
-60426.0319
-39997.7935
-17077.7637
-36337.0172
2985
-15031.0578
-23101.2272
-26543.9636
-19903.0753
2989
-45710.3789
-36017.3846
-16929.2413
-54659.1295
2993
-77750.9594
-69505.0536
-66524.739
-20336.7164

2437
-34566.9652
-57010.4205
-32112.0034
-28242.0133
2441
-17308.6844
-29565.3844
-25074.8984
-16859.891
2445
-46416.1592
-29848.4757
-69800.7401
-34972.2732
2449
-17138.7087
-24530.0667
-15601.8521
-34933.7676
2453
-17553.8521
-21615.8247
-20644.2561
-36993.7505
2457
-13264.7776
-129431.863
-14834.9342
-26764.2145
2461
-22641.7427
-80815.4337
-64987.0574
-27924.4086

2521
-32939.9159
-80355.779
-67634.6642
-16562.4532
2525
-139379.839
-11400.1541
-55624.9015
-36819.8397
2529
-57599.9492
-19686.7089
-20822.5036
-30310.5177
2533
-14871.7482
-12676.9613
-19360.1109
-24947.5887
2537
-64757.4611
-18503.0367
-61569.2539
-13191.8833
2541
-40436.1838
-40137.3883
-50554.8847
-24713.6681
2545
-15659.4612
-16599.9722
-57511.3954
-122236.036

1289
-22443.2898
-23498.8233
-29512.2523
-35392.9578
1293
-8443.24266
-21000.0745
-13184.983
-34224.4185
1297
-11150.2208
-15469.6767
-62190.2578
-43155.8669
1301
-117077.979
-26665.4186
-21014.1827
-20695.6131
1305
-31392.8349
-16655.8239
-19561.926
-62775.5152
1309
-28958.1037
-35114.6971
-46733.5005
-30150.9103
1313
-38626.9116
-18022.9206
-14014.0039
-46960.7851

2605
-36936.8665
-39046.9441
-48862.5602
-35680.0469
2609
-50047.491
-24172.2207
-216581.476
-112669.421
2613
-17315.6871
-17191.5278
-23642.2049
-19585.11
2617
-18507.5882
-20748.3291
-31426.9236
-16727.9299
2621
-43035.8671
-13949.8396
-43069.6346
-25939.0587
2625
-34290.9468
-3462.01389
-55831.5136
-15865.9602
2629
-12649.9653
-22025.2013
-15232.0938
-23891.418

2941
-11998.2669
-11935.207
-17896.9524
-53113.4999
2945
-81396.4389
-34870.1826
-65626.8226
-29258.9269
2949
-33249.8324
-289000.6
-18304.5351
-17057.8761
2953
-16314.0237
-20006.6244
-26196.1547
-61869.4342
2957
-34013.0544
-64897.9752
-143129.164
-30407.0143
2961
-217964.613
-36051.6608
-84719.2666
-28113.3197
2965
-18322.5998
-6075.79937
-49683.1963
-22864.566

2549
-34691.7277
-38221.8142
-35476.6749
-53799.3415
2553
-15572.3078
-23308.5441
-21490.9592
-19686.8585
2557
-50179.8148
-52220.4975
-18871.9701
-17415.8758
2561
-48291.0179
-13206.0635
-26102.3115
-72548.1014
2565
-25879.0274
-20313.2227
-18650.8613
-18747.7744
2569
-17040.3647
-22602.9359
-36278.9356
-27176.2217
2573
-124006.028
-79880.6484
-39902.9705
-45287.1026

2997
-31472.4725
-22834.4246
-54017.4555
-14087.8841
3001
-28680.2633
-38682.5677
-31922.0638
-32834.9302
3005
-17194.2292
-7045.95809
-22426.7374
-30306.6449
3009
-18721.0547
-32038.8595
-15456.0033
-19248.4936
3013
-13580.3765
-14282.7898
-19362.7788
-25824.8043
3017
-32075.8773
-36975.8922
-15842.8373
-59077.8643
3021
-20135.9718
-44273.5044
-24482.2232
-18194.9116

2465
-28011.3241
-22558.0692
-25308.0351
-34422.7056
2469
-70439.0436
-37107.353
-21553.5702
-14340.8454
2473
-30639.5239
-17158.3556
-107729.23
-24013.9327
2477
-14985.1319
-23945.0615
-41720.5306
-54920.7268
2481
-43877.1473
-20536.1709
-34128.9068
-14582.6363
2485
-29255.7983
-47147.4854
-11609.3499
-97401.534
2489
-30858.1875
-34655.9563
-24035.5904
-17471.1752

2213
-22052.5491
-17741.737
-79950.2962
-21176.8408
2217
-15520.1988
-57921.131
-16552.3807
-26825.4349
2221
-37706.2254
-17234.7561
-36607.9861
-62877.9444
2225
-81833.7359
-3028.43073
-17154.2435
-52264.6197
2229
-99196.7705
-18280.2462
-88497.2608
-28447.4165
2233
-173975.3
-18812.4604
-39127.9474
-22184.6245
2237
-27852.2476
-57825.4234
-22938.4416
-25297.9905

1233
-82098.6353
-108896.779
-42693.4371
-19929.2509
1237
-24708.0852
-38428.1591
-18345.7825
-88233.0883
1241
-52469.5897
-22209.3729
-17928.0983
-24620.8133
1245
-50893.0672
-63381.2001
-57963.6085
-27269.0508
1249
-11746.0398
-29310.5999
-33099.5355
-17193.7308
1253
-28097.4547
-19828.0128
-26110.6836
-60226.1151
1257
-46824.3514
-74201.8372
-16608.7519
-36190.3647

1261
-19156.4801
-23825.9237
-38055.0519
-21082.7475
1265
-117170.445
-17291.3227
-19910.0073
-23414.8493
1269
-16494.6605
-50267.1003
-27997.6793
-27334.1971
1273
-34938.87
-18119.0844
-46529.2809
-27810.8911
1277
-15136.0879
-36697.8855
-20963.2374
-94176.5419
1281
-15803.6642
-17857.2484
-22416.4489
-39191.9351
1285
-19683.9738
-52227.9274
-54969.6481
-124869.37

2493
-19011.4876
-31131.7831
-46623.141
-49255.968
2497
-25228.6613
-17129.7307
-17711.045
-39081.8709
2501
-37561.6167
-1913.98761
-46279.5791
-38925.7945
2505
-8398.80907
-83000.3542
-37177.5824
-32366.2213
2509
-30003.246
-46799.5232
-18790.4048
-25830.4455
2513
-53121.205
-25816.1015
-19513.1567
-40967.0942
2517
-24979.071
-22844.8849
-29628.9753
-22486.5384

4369
-23933.3498
-34580.6064
-49522.7837
-41497.6476
4373
-30084.8579
-21370.7489
-23961.8238
-18259.282
4377
-25222.6407
-44483.771
-14331.531
-19529.4644
4381
-61537.0531
-8739.37678
-17712.7681
-23843.5481
4385
-38589.9153
-113236.497
-19672.2562
-68254.4127
4389
-27287.4281
-22154.5044
-35108.5208
-21132.6812
4393
-21260.4402
-20126.415
-121973.53
-21558.1283

4313
-22331.1551
-42380.003
-33969.285
-20738.1557
4317
-20813.8758
-17709.8942
-29654.4297
-103089.358
4321
-35917.913
-17601.9048
-26491.1552
-27184.5885
4325
-14547.5068
-13452.5053
-23662.9104
-39439.292
4329
-39306.0822
-17465.7299
-20170.3245
-28064.0623
4333
-60186.649
-18464.8689
-14589.3642
-22562.4314
4337
-49742.1687
-26079.7073
-14556.1614
-26006.4898

729
-23044.0769
-15514.7738
-16249.0921
-55112.2618
733
-27335.5483
-15672.2165
-31696.7647
-29622.8012
737
-79072.0562
-12647.5342
-37352.7685
-35139.4551
741
-41989.836
-50538.5928
-32354.4051
-45719.0522
745
-47553.3617
-68460.8423
-30724.1749
-37143.9915
749
-12133.6957
-23440.6853
-22062.6751
-58531.1245
753
-19461.997
-121958.904
-25376.4183
-29152.5125

3025
-15861.0189
-42051.4098
-22220.1515
-16894.6098
3029
-18801.4892
-19514.8027
-20062.9223
-28568.4989
3033
-18687.4144
-60664.6878
-17136.2217
-12388.7918
3037
-15972.7351
-2564.9602
-54846.0762
-83081.308
3041
-22458.4207
-40128.5676
-37546.4882
-53925.2218
3045
-38967.4172
-27928.8759
-79138.4793
-5917.53532
3049
-64367.2992
-17766.1265
-23481.0808
-48140.5931

4089
-8190.90485
-19697.9615
-25256.1102
-20475.0077
4093
-24100.4476
-40531.7739
-52964.1262
-20176.762
4097
-13512.275
-5112.25068
-59434.5901
-17740.2869
4101
-45264.7264
-19467.6198
-36289.5139
-17318.1884
4105
-124995.337
-40085.6153
-14665.1522
-16607.477
4109
-23958.6157
-23515.0276
-12060.5464
-25681.154
4113
-30956.8276
-56750.9068
-15518.3491
-50321.5444

4425
-38961.8576
-36291.183
-16327.8276
-33103.1353
4429
-15212.2099
-116073.608
-28833.5249
-37001.5976
4433
-31729.8387
-30313.2082
-40815.6566
-32498.0785
4437
-78834.9089
-38624.8223
-17842.0643
-48225.836
4441
-23484.1811
-102792.99
-16967.0926
-26434.4682
4445
-88352.5034
-77278.7689
-37651.4143
-115108.79
4449
-32188.477
-38777.4056
-15046.1057
-26051.4915

4453
-119838.433
-49708.7541
-72464.4896
-60805.0196
4457
-59830.29
-109206.227
-51446.2479
-13686.556
4461
-48367.6742
-46720.0625
-26769.4928
-15180.2723
4465
-16283.8655
-74541.4045
-9687.22635
-13686.3924
4469
-28890.6915
-17895.977
-18752.8021
-20719.0345
4473
-1823.89148
-33881.8063
-35729.6802
-31463.0509
4477
-24438.3713
-21046.6807
-43706.1709
-20516.9348

4957
-45011.4535
-46764.4163
-24766.5286
-31491.4925
4961
-19545.7135
-28777.7361
-33780.5378
-32119.5793
4965
-40091.3589
-169393.545
-23692.9987
-26656.9433
4969
-32517.0417
-17014.9911
-19194.8591
-17688.5369
4973
-32727.7853
-26859.4321
-40394.0465
-24310.1055
4977
-11201.3803
-26513.9937
-28230.6712
-35492.1034
4981
-90465.3018
-75605.7104
-117170.439
-57836.5695

5349
-17880.244
-40458.085
-23220.0561
-34394.2738
5353
-45005.5958
-38139.5254
-25902.8461
-26265.9589
5357
-14249.4841
-152019.641
-21623.5248
-33349.624
5361
-32420.2979
-132168.24
-35862.1164
-22272.5827
5365
-196229.866
-29279.083
-31753.5506
-16541.2881
5369
-51411.2927
-15956.7871
-40450.0069
-17448.9943
5373
-23859.9539
-23002.7475
-6238.60901
-13151.2921

5321
-36514.0098
-36196.5316
-14517.5416
-43934.7777
5325
-48082.225
-20906.9468
-49699.1641
-74021.2873
5329
-48925.4484
-22582.2765
-13730.1615
-32569.316
5333
-19375.4803
-36258.4497
-42806.3949
-23248.0366
5337
-32984.966
-16516.4506
-17082.8116
-60715.9003
5341
-19280.7755
-30193.1977
-49603.0448
-36735.9854
5345
-58176.152
-46519.2764
-13643.785
-15323.6582

5993
-27325.7772
-28514.2541
-52752.4221
-92862.8952
5997
-14764.4652
-115960.445
-25905.7287
-23158.4688
6001
-44344.902
-13137.0047
-22812.5908
-14338.4117
6005
-26925.0533
-56127.2552
-15027.2308
-2256.13824
6009
-64374.3463
-92487.4732
-74357.0196
-45259.9579
6013
-36191.9537
-29984.3873
-23966.7635
-17133.8384
6017
-73933.7943
-20025.5995
-37791.1248
-20449.8148

4929
-63888.7527
-21589.4562
-36304.279
-43816.5353
4933
-13859.5985
-14600.6754
-58101.8968
-41093.105
4937
-26300.3307
-12506.4497
-33913.6127
-15412.2299
4941
-59483.7202
-16029.3343
-33563.7597
-82101.1458
4945
-29983.6912
-32951.3291
-14779.7286
-57306.4109
4949
-81979.2741
-22739.8071
-18591.5554
-20811.0036
4953
-13547.2019
-62882.1038
-15252.8583
-19009.4742

6021
-17445.4967
-67256.5533
-64114.4628
-22107.5211
6025
-21051.8689
-58047.2136
-22826.0432
-25473.3752
6029
-21543.275
-150691.109
-113019.85
-55337.5098
6033
-62748.9692
-12923.7258
-16809.3589
-60754.8491
6037
-25126.8674
-20377.8678
-137249.729
-24965.1879
6041
-23598.8916
-23422.6657
-179331.478
-30231.3318
6045
-15691.2332
-21091.1841
-15041.9256
-9885.28611

5965
-55413.6452
-18888.5112
-13739.638
-21576.0362
5969
-20482.1922
-178444.189
-55127.9894
-32017.4213
5973
-64921.8731
-34324.9315
-16494.2882
-19923.6573
5977
-12602.5313
-17220.1807
-19514.6017
-14839.271
5981
-38178.9375
-92728.1661
-30479.9144
-51398.4651
5985
-73630.6067
-27907.9112
-56169.6217
-37783.5674
5989
-42165.7659
-19079.3964
-138133.018
-42374.6995

6049
-66872.9493
-20498.8905
-15820.0829
-56649.2489
6053
-39754.8722
-55824.6721
-20261.803
-30456.8538
6057
-13808.3552
-27056.9688
-16671.5749
-78354.2054
6061
-78774.4028
-66713.6327
-20942.8032
-39365.6209
6065
-23790.4763
-20645.6412
-45453.6292
-36538.6254
6069
-56038.0037
-27512.6513
-29701.6019
-33581.9093
6073
-23845.2049
-13538.5594
-22961.511
-21991.7288

4565
-59926.4147
-29957.2401
-36444.4372
-15908.0315
4569
-16436.9564
-26332.9668
-37516.0186
-27748.9121
4573
-25773.0839
-28093.5807
-26423.2612
-15108.4377
4577
-17772.1494
-35384.62
-18602.7938
-49568.1977
4581
-74421.1578
-35887.7497
-79901.5269
-21887.0796
4585
-65011.3664
-29592.1284
-18805.2571
-41047.485
4589
-20200.2238
-28624.4686
-28599.527
-23802.9321

4593
-19585.481
-66872.546
-18453.9666
-41672.4651
4597
-34668.1585
-70808.3162
-27385.0664
-24754.2238
4601
-22085.0721
-43200.754
-23551.0173
-83879.3924
4605
-29849.9302
-17052.0079
-141074.195
-16726.0989
4609
-62880.9785
-30115.7568
-74515.6874
-15390.1022
4613
-162123.371
-23186.1194
-38172.0313
-151066.507
4617
-59624.9909
-21630.8857
-19630.9519
-48336.8541

5377
-15279.0949
-36365.5563
-12717.2822
-76998.3102
5381
-49763.1973
-37424.8049
-44630.4902
-39464.3911
5385
-41126.7881
-22169.4665
-20611.1825
-17147.836
5389
-21448.0783
-24917.9397
-28056.4546
-32466.6967
5393
-48367.2381
-27602.0644
-25340.7443
-24434.7766
5397
-18701.0988
-25893.4494
-7995.19196
-41209.6707
5401
-20464.5223
-34773.6155
-28593.4648
-28523.8134

4677
-19175.4595
-23310.1164
-50688.652
-51930.665
4681
-18920.152
-47200.0708
-40949.8078
-124974.737
4685
-25541.5613
-28454.8435
-5657.18606
-15996.5888
4689
-29491.6771
-106505.217
-17948.507
-80198.1806
4693
-18720.417
-21192.7903
-21305.8423
-39792.0739
4697
-23836.8761
-15597.9958
-52745.5226
-26389.3947
4701
-32204.0091
-23861.6943
-45593.5813
-21923.6222

4257
-77505.2687
-47522.3307
-37927.0988
-32142.9766
4261
-56830.1026
-42038.1388
-22771.9455
-25870.5776
4265
-33867.6969
-45323.3017
-25536.6808
-32668.5655
4269
-53002.8036
-36343.1182
-50532.5204
-56337.6002
4273
-27574.3695
-22413.2441
-98167.815
-27270.2855
4277
-18321.901
-24885.9888
-36217.1658
-20667.0943
4281
-57588.924
-34248.339
-19688.6463
-44779.9835

2633
-93110.5674
-52555.5471
-22541.8522
-173377.246
2637
-56470.91
-28672.2471
-52806.4373
-4843.67608
2641
-12077.2023
-16614.3722
-15326.0166
-33073.0501
2645
-37325.3506
-24663.1358
-85510.4378
-17646.8874
2649
-9606.36239
-26325.8228
-19627.1512
-25315.1241
2653
-37538.4036
-55975.6513
-13813.2255
-18739.9495
2657
-22262.2452
-23202.2781
-16955.0012
-38653.3474

4901
-21926.11
-30829.113
-21214.9142
-18739.7063
4905
-71737.9187
-30959.3819
-28684.0508
-9090.77558
4909
-43433.5992
-15678.7661
-67665.0557
-33668.8069
4913
-45566.6559
-37017.3206
-70422.2923
-67921.8614
4917
-83732.7849
-51162.1309
-18906.4882
-17147.7422
4921
-53936.8104
-25668.8404
-34991.6523
-14836.089
4925
-27260.3242
-38664.3051
-37684.1094
-24356.267

3109
-82171.2441
-25995.6188
-14408.5097
-91185.2197
3113
-20587.1047
-210424.531
-27666.8072
-24093.7529
3117
-14712.0752
-26368.5792
-40830.4961
-51067.752
3121
-19163.4813
-17135.5245
-33470.0154
-58154.1521
3125
-23585.5264
-31263.0274
-32215.5528
-27476.4198
3129
-24064.0356
-14695.4394
-15358.7018
-22568.7613
3133
-26478.6199
-72661.8575
-120714.307
-40159.0791

505
-23177.3067
-83312.5874
-39308.2837
-26356.2913
509
-119355.222
-27681.6019
-17020.818
-28827.3665
513
-24229.0342
-16972.5844
-38582.6718
-13933.9802
517
-103647.386
-38876.409
-6773.81846
-26901.9425
521
-16628.5346
-20013.9241
-24349.4381
-29071.3463
525
-23044.7509
-38485.4189
-16321.401
-47339.6729
529
-25548.9843
-31921.0715
-34840.2998
-20625.9815

5713
-20473.8903
-25154.4681
-28871.8815
-20513.6276
5717
-67450.5231
-227677.063
-128063.988
-21788.4967
5721
-16526.4432
-2916.24109
-48855.8089
-23126.9235
5725
-30121.7999
-24153.8313
-21285.4698
-40554.2285
5729
-5881.2202
-68115.1933
-10396.5209
-42602.5822
5733
-28435.5321
-74246.0372
-14540.5302
-28888.1296
5737
-17815.8381
-3254.8607
-22346.5843
-30091.44

5881
-23958.4011
-16914.9306
-21955.0604
-23785.4811
5885
-35296.7582
-18931.2246
-35039.941
-18968.5842
5889
-17384.5496
-20387.2221
-30270.9537
-39510.8289
5893
-52565.4147
-69401.1196
-20990.6092
-3874.09664
5897
-73322.2726
-50009.6645
-22688.4796
-58584.9716
5901
-20545.3569
-28484.4079
-31027.3878
-23866.3933
5905
-15123.2688
-69911.4855
-19954.5489
-18395.8804

5825
-29889.536
-77808.3522
-27582.6444
-22127.0113
5829
-28299.4999
-28322.1314
-38350.8487
-34529.2252
5833
-12594.3244
-27572.1249
-19212.5344
-39750.0549
5837
-175230.344
-176027.029
-27615.611
-118357.56
5841
-32288.5487
-46285.7373
-27364.3525
-20238.5241
5845
-80608.7794
-52440.2643
-36679.2341
-76271.8444
5849
-25462.6397
-17653.7009
-42213.9878
-13596.9505

5433
-17309.5927
-14427.0404
-30136.8231
-18517.7112
5437
-19236.8705
-43010.9538
-27758.0866
-33112.4065
5441
-18294.6392
-36315.3205
-39207.121
-38081.7732
5445
-15553.1938
-36898.1421
-16261.6906
-25482.0513
5449
-118564.702
-63624.9937
-27275.2757
-152532.859
5453
-52858.2259
-89174.3557
-35948.4831
-17708.094
5457
-20043.9248
-21660.9613
-22892.2848
-50317.6964

5657
-111255.313
-21875.1469
-36403.7919
-33335.6625
5661
-31733.4624
-20709.1005
-16797.8819
-16861.1804
5665
-15459.5801
-14170.5638
-34305.7704
-21914.2408
5669
-27594.9734
-15297.5207
-46327.7991
-19459.2431
5673
-57851.1819
-25143.9245
-33248.5284
-17719.8323
5677
-66299.0032
-27392.9768
-18662.094
-20379.8924
5681
-55928.3535
-79310.1192
-64586.1891
-28391.9583

4481
-27848.7868
-50335.8391
-12105.5491
-35313.3129
4485
-74570.0008
-17742.7101
-19126.3527
-9735.97069
4489
-114139.776
-24407.3267
-16162.3574
-88053.9687
4493
-31313.0634
-40371.7673
-20031.7993
-25880.5529
4497
-25335.6172
-29966.5901
-9949.29035
-26055.2546
4501
-31549.646
-27782.5502
-48615.9982
-19947.7199
4505
-46349.3187
-60932.0995
-23427.9346
-56141.5251

5685
-33562.4298
-30009.1417
-54806.4163
-25932.9454
5689
-36249.8437
-28766.1063
-25644.3917
-21666.8623
5693
-18901.9246
-16933.8677
-120796.517
-53275.167
5697
-34706.8075
-1931.65548
-32988.5871
-72481.0314
5701
-53646.7753
-19962.7018
-20698.3973
-51402.5159
5705
-36491.7397
-35121.3597
-23169.2016
-38105.8803
5709
-42737.2596
-28086.0255
-41750.4358
-25442.0758

5853
-17655.5662
-29712.5296
-38731.4191
-57504.157
5857
-56534.538
-16029.3985
-15624.6892
-35459.266
5861
-24409.4347
-19964.8959
-65642.7235
-27084.6924
5865
-63500.746
-16297.5655
-34073.6343
-35536.3936
5869
-13055.3031
-19517.3938
-28416.9765
-27508.7392
5873
-16515.0005
-19886.0192
-30262.2422
-49765.1977
5877
-41860.7154
-11563.6759
-40511.0216
-21124.2567

5125
-40052.3694
-16109.4296
-94214.7079
-76252.5742
5129
-26932.6469
-38040.3633
-16723.138
-18569.591
5133
-78595.2352
-18673.7608
-132065.754
-20170.2067
5137
-18758.7982
-150699.383
-27306.7145
-49526.7833
5141
-53031.1359
-27494.1525
-18077.5794
-21841.2169
5145
-226078.352
-49466.2809
-18925.3175
-10649.8979
5149
-54975.2578
-20200.2015
-20740.8886
-97401.8183

785
-41300.7862
-54337.6957
-15643.6669
-11220.0215
789
-56479.6865
-81658.5382
-23822.5489
-16229.597
793
-51152.9884
-12627.0681
-20139.2763
-65099.55
797
-48059.7865
-48665.3384
-85481.9187
-35091.017
801
-41277.509
-19014.7121
-28641.6157
-45256.7172
805
-40443.377
-14315.7315
-21134.2676
-38287.4639
809
-26387.3219
-22983.2924
-14221.7206
-40803.2312

5489
-19826.338
-108836.159
-106930.813
-28262.1514
5493
-22513.9
-18199.2022
-21924.5121
-18899.8738
5497
-29084.5852
-28688
-16227.5214
-17940.9388
5501
-3608.99247
-19437.3825
-20867.4709
-34174.9799
5505
-21222.6269
-5152.19887
-74100.4775
-24082.8305
5509
-16549.4343
-21544.1252
-42241.8809
-57453.7959
5513
-39675.9926
-39979.4643
-27844.6425
-49565.7043

757
-31103.7264
-36617.8276
-111649.696
-16797.4257
761
-16349.0898
-49557.0574
-89924.3254
-17644.8217
765
-27483.0092
-43614.7634
-22653.5322
-20163.8425
769
-37170.2162
-16509.2257
-30721.7185
-30910.3261
773
-55093.2544
-28403.0843
-71196.6985
-20293.6535
777
-35161.1062
-36206.4457
-13453.834
-29355.0391
781
-24361.1407
-44302.7903
-45342.3183
-32289.4438

1793
-28081.7885
-29692.6179
-36305.7847
-60131.1856
1797
-33605.9432
-29824.5758
-45619.5866
-16652.2566
1801
-34681.5319
-49412.7896
-57711.753
-108113.275
1805
-33956.4052
-27351.1539
-39831.0288
-17704.0942
1809
-27565.1508
-19313.6634
-36332.2294
-53138.9383
1813
-156451.445
-22062.8654
-41682.4528
-33097.8382
1817
-26030.4025
-7590.94244
-51268.8965
-23669.1851

5153
-16116.7215
-55479.6384
-17230.6412
-42525.5145
5157
-175487.575
-28161.4598
-46590.9834
-23597.2737
5161
-60234.6248
-128119.218
-34370.0135
-31171.8472
5165
-22447.805
-22266.7584
-70957.353
-5115.45752
5169
-53171.4163
-61818.2885
-24000.2761
-13297.8482
5173
-16637.5535
-41807.4284
-12335.8934
-46150.3754
5177
-40742.0161
-69561.465
-130319.202
-46156.4691

5909
-31123.4272
-27084.5576
-25130.7562
-32313.7994
5913
-42483.4152
-19275.079
-34926.719
-19616.5534
5917
-12753.1556
-22290.7367
-14805.6497
-9882.37921
5921
-37306.0457
-41409.5301
-27304.5899
-15268.8046
5925
-14433.0757
-31271.3733
-19204.6684
-41428.7482
5929
-21279.5444
-22193.4909
-17410.2474
-31948.2647
5933
-18738.0398
-17608.0843
-15681.6212
-76676.1962

5013
-104635.284
-16465.4402
-34855.4576
-24325.3498
5017
-28814.165
-36641.1864
-44434.7157
-5896.96117
5021
-68945.9447
-28436.5874
-18427.772
-61954.4373
5025
-32726.951
-25181.1791
-29723.2148
-18578.0935
5029
-115389.885
-27169.5429
-34790.8658
-26817.5264
5033
-26520.3516
-18741.8532
-18452.279
-15220.341
5037
-14514.2684
-90417.1308
-21024.6033
-39805.1373

5069
-16639.4187
-25206.9669
-17965.4311
-19001.7516
5073
-43503.167
-157333.308
-109574.265
-26825.693
5077
-49467.1341
-16165.0808
-18619.837
-55054.1493
5081
-22787.9555
-19102.7487
-30833.8351
-19203.9389
5085
-21996.5075
-84561.8271
-14553.3812
-32558.8539
5089
-78976.4771
-119765.532
-14310.2757
-48453.866
5093
-35838.8072
-15292.9922
-23236.6514
-31256.7589

701
-16758.1177
-14770.0205
-26435.7369
-15555.6123
705
-21550.6615
-61434.366
-68512.5921
-46328.1133
709
-35975.0621
-20257.0898
-47486.3526
-15582.2824
713
-23814.4305
-18710.0909
-14497.3316
-49820.4241
717
-8286.46685
-34084.8281
-54467.2756
-81613.7963
721
-26539.5921
-19987.8656
-16510.1813
-35590.7796
725
-46833.15
-25757.7322
-35115.2525
-13005.568

477
-84280.7535
-26260.1594
-16573.1715
-20504.9386
481
-9772.25535
-88652.0029
-21687.6847
-52708.9839
485
-27697.5665
-31684.0434
-26968.376
-49582.1381
489
-89994.1798
-21971.1073
-71008.9743
-16485.8037
493
-38634.2314
-37479.7372
-96575.7281
-28415.7558
497
-95323.7233
-33464.1309
-33549.686
-36486.8314
501
-35218.3207
-26465.5053
-21978.5064
-49670.0104

197
-116975.486
-15161.2939
-79879.705
-24768.5813
201
-62189.0954
-36133.8846
-17609.6386
-27271.1651
205
-107953.679
-35472.4133
-24238.7679
-14741.1881
209
-18424.8019
-16902.096
-51280.8517
-16890.3482
213
-15052.3504
-18763.4883
-18283.3939
-84285.7388
217
-50321.8894
-29144.6001
-47654.464
-4844.19057
221
-21439.1748
-15735.0692
-17488.8518
-39628.9413

3193
-18849.0968
-22582.721
-14659.4827
-22703.4523
3197
-61899.3593
-25165.7872
-18238.3349
-55490.8381
3201
-102794.854
-68007.302
-5973.34192
-76331.2672
3205
-19270.5961
-30738.6918
-103000.588
-11856.384
3209
-20293.2114
-39459.0763
-17100.2384
-23575.0703
3213
-17146.6655
-36213.0604
-31776.3897
-15541.4428
3217
-19420.2982
-42953.2489
-27578.3772
-15943.0243

4285
-36418.7073
-25431.0408
-19294.1815
-18100.4567
4289
-17367.9332
-25543.8262
-25217.132
-42466.3862
4293
-51122.7742
-33655.4841
-51239.7154
-18982.0998
4297
-48834.118
-52598.211
-23165.2719
-54780.6453
4301
-88775.8424
-56519.6708
-50645.3854
-33379.4927
4305
-23859.93
-25430.6107
-40832.4433
-19214.936
4309
-75525.7091
-19655.0432
-44580.8588
-10853.111

1317
-26558.1771
-29016.0561
-18694.0835
-12572.9356
1321
-29854.6807
-23308.799
-19555.5075
-17066.6668
1325
-63005.4151
-14162.1316
-27315.5147
-14526.9821
1329
-56190.1361
-50221.2441
-186455.417
-63070.5156
1333
-16870.6047
-32170.9908
-27806.7761
-24314.5358
1337
-21381.4635
-30857.3146
-13861.2032
-52335.3136
1341
-12866.8298
-20263.6982
-51026.5733
-14883.5166

3165
-15356.0303
-17565.9203
-15289.1655
-18941.5707
3169
-40543.3817
-92314.3114
-66659.274
-45660.0735
3173
-9378.14648
-24374.1369
-25833.801
-25955.8451
3177
-12649.915
-41717.242
-91591.034
-24573.1293
3181
-19057.1032
-28991.9522
-21868.0589
-18488.0242
3185
-21665.458
-24407.4558
-19526.333
-21812.5293
3189
-31286.6767
-34822.6359
-30153.5499
-14947.9619

3221
-104490.106
-17101.9699
-40545.21
-38550.7645
3225
-47448.4922
-64253.3631
-15660.8725
-12498.4247
3229
-18829.5526
-16109.4133
-20542.1743
-19362.7073
3233
-64748.4284
-23476.6678
-19992.4803
-32939.7547
3237
-27495.885
-16025.3853
-28795.1985
-36118.7902
3241
-62273.8206
-24567.0619
-25490.4256
-73217.7941
3245
-16882.6969
-19575.2184
-13896.9784
-17089.2678

4341
-16274.9934
-22515.7723
-53644.9871
-53343.8064
4345
-33587.2763
-20786.5608
-25302.6481
-24538.268
4349
-26641.9818
-15233.3665
-28414.7334
-28924.0266
4353
-18256.2472
-32209.5757
-15825.7577
-18621.0948
4357
-45741.8271
-26287.1572
-117877.57
-35763.4228
4361
-102958.54
-13887.3037
-26456.9193
-25643.8523
4365
-47527.3178
-40367.4742
-24050.0362
-88264.5044

5097
-68781.8921
-40121.5848
-26605.535
-21950.7593
5101
-53314.1101
-13501.0261
-38433.4804
-18408.9937
5105
-52145.6558
-23347.5609
-59722.2877
-29616.365
5109
-14808.8696
-19359.1479
-61420.1508
-9526.4133
5113
-47781.385
-19623.4847
-13991.2539
-39662.8226
5117
-33514.8287
-32020.0993
-32357.7126
-14773.2834
5121
-21208.7731
-16764.1151
-38274.1948
-26747.6316

309
-13253.4402
-48559.7762
-80885.2921
-39334.0272
313
-61249.6207
-64394.3568
-24205.2461
-12847.5386
317
-18928.3585
-14634.3168
-18233.1627
-112278.424
321
-52317.9733
-83935.2523
-65520.6893
-18898.3908
325
-13038.2939
-82774.5755
-42318.4073
-39941.0088
329
-31304.5036
-24161.3217
-72469.5429
-18460.506
333
-20131.343
-26462.072
-27077.4507
-49813.5814

4397
-21314.5196
-11403.3215
-13050.1569
-10515.4358
4401
-24181.494
-39825.0382
-55160.855
-17208.9041
4405
-22038.0996
-63070.1843
-29677.191
-23309.7643
4409
-21106.7596
-27570.9563
-15314.6438
-28121.633
4413
-28291.4651
-10106.7013
-15203.3849
-28841.9324
4417
-49197.8095
-62370.3875
-39602.1031
-42346.2774
4421
-59706.3503
-62035.1889
-39227.0951
-47029.4236

813
-10552.1218
-36940.0813
-13608.9562
-40440.7569
817
-52971.9338
-65015.6105
-15339.6739
-44766.5758
821
-98239.9806
-69992.293
-24269.7438
-42783.6472
825
-20320.6564
-42731.5096
-32442.0695
-14721.911
829
-25266.2791
-31570.2474
-21503.5742
-28100.0198
833
-39865.2798
-56374.572
-19480.6882
-43453.1091
837
-16468.5832
-67346.0135
-18328.8126
-23322.3391

5405
-19779.8406
-22580.0592
-90116.9012
-69930.084
5409
-18583.6153
-33304.8128
-113411.738
-38342.4956
5413
-17132.9803
-31206.8972
-26615.0666
-19564.2086
5417
-13206.4594
-30000.8307
-4061.29409
-28549.0513
5421
-57282.4258
-10510.2324
-46346.9642
-22153.7417
5425
-87277.7915
-23022.8725
-46061.4603
-20510.7702
5429
-21352.3506
-15868.7592
-19907.1941
-71989.1025

4649
-32641.4794
-34670.678
-22711.5225
-79809.403
4653
-51712.8069
-33755.4283
-27778.8105
-20890.9533
4657
-20311.7615
-22494.9518
-38644.9005
-12474.9528
4661
-15599.3934
-66336.2525
-5867.3185
-14732.1995
4665
-22926.5889
-22959.9703
-115237.647
-34255.6854
4669
-27671.8565
-86003.8764
-110974.466
-2448.13858
4673
-45126.3108
-21291.5219
-41109.4096
-19239.5098

2297
-33954.2145
-28140.1059
-28054.1562
-54975.3564
2301
-62106.0938
-26667.1244
-34909.5018
-22402.728
2305
-31070.1516
-37544.0465
-18622.4214
-17424.1647
2309
-25255.3402
-57451.4249
-32656.5146
-16933.2257
2313
-23090.6509
-42872.6405
-27805.2431
-128501.316
2317
-12994.5449
-40657.2116
-69394.2347
-18781.8982
2321
-27528.0424
-24055.4068
-23834.3989
-35779.1662

5461
-76843.5507
-34834.189
-22221.3262
-18947.1668
5465
-20550.1379
-20224.8258
-37947.7108
-14176.8161
5469
-39335.1759
-197216.485
-22185.3404
-37490.2835
5473
-70275.905
-31581.2276
-26090.273
-20188.7217
5477
-24928.599
-34986.2827
-34552.0522
-31051.1955
5481
-69567.1302
-28124.176
-17220.1916
-20557.9558
5485
-74375.7161
-40902.8516
-29837.3906
-12044.5946

2241
-47276.4971
-60169.6345
-24584.2807
-24350.3417
2245
-26234.8801
-16416.5415
-39308.9707
-30000.2076
2249
-18838.4185
-14817.3908
-13491.081
-16215.0216
2253
-23143.7849
-18173.1727
-26493.78
-23236.1815
2257
-20206.4971
-48135.2945
-14831.7553
-18186.6051
2261
-34037.0249
-42822.8807
-32132.305
-142961.604
2265
-33602.7951
-44017.8819
-23454.721
-19862.7923
