-1
-1
-1
-1
-1
4.5343e+05
6.0211e+05
-1
5.8335e+05
-1
4.8241e+05
-1
-1
-1
5.7916e+05
-1
-1
5.6069e+05
-1
5.2014e+05
-1
-1
-1
-1
-1
5.0797e+05
-1
4.5189e+05
-1
-1
-1
-1
-1
-1
-1
-1
5.4937e+05
-1
-1
5.0853e+05
-1
-1
-1
-1
-1
-1
5.9703e+05
-1
-1
-1
-1
5.8948e+05
-1
5.5861e+05
5.9805e+05
-1
-1
-1
-1
-1
-1
-1
-1
-1
-1
-1
5.1843e+05
-1
-1
-1
-1
6.1372e+05
-1
-1
-1
-1
-1
-1
6.0736e+05
5.6046e+05
5.3795e+05
-1
-1
-1
-1
-1
4.919e+05
-1
-1
-1
-1
-1
5.2776e+05
5.2907e+05
-1
-1
5.9699e+05
-1
-1
5.4046e+05
-1
-1
-1
-1
-1
-1
-1
-1
-1
5.5759e+05
-1
-1
5.8363e+05
-1
-1
-1
-1
-1
-1
-1
-1
-1
4.9915e+05
-1
4.9419e+05
-1
-1
5.3111e+05
-1
5.8388e+05
-1
5.5111e+05
-1
-1
-1
-1
-1
-1
-1
-1
5.3393e+05
-1
-1
5.5652e+05
4.4948e+05
-1
-1
-1
-1
-1
-1
4.8115e+05
5.15e+05
-1
-1
-1
-1
-1
-1
4.4837e+05
-1
5.4645e+05
5.0867e+05
6.052e+05
-1
-1
-1
-1
-1
-1
-1
4.8963e+05
5.0472e+05
-1
-1
-1
6.1236e+05
5.3698e+05
-1
4.5612e+05
-1
-1
-1
-1
-1
4.7625e+05
-1
5.5039e+05
-1
-1
5.4353e+05
-1
5.5102e+05
-1
-1
-1
-1
-1
7.4754e+05
-1
-1
-1
-1
5.0252e+05
4.8594e+05
-1
-1
-1
-1
-1
5.5941e+05
-1
-1
-1
5.6325e+05
-1
-1
-1
-1
4.5856e+05
-1
-1
-1
-1
-1
5.7165e+05
5.2454e+05
-1
-1
5.4209e+05
-1
-1
-1
-1
5.9985e+05
5.1351e+05
-1
-1
-1
-1
-1
-1
-1
4.42e+05
-1
-1
4.5116e+05
-1
-1
-1
-1
4.6526e+05
-1
-1
-1
4.6284e+05
-1
-1
-1
5.5206e+05
-1
4.9168e+05
-1
4.9038e+05
-1
4.478e+05
-1
-1
-1
-1
-1
4.9966e+05
5.3906e+05
-1
5.2766e+05
-1
-1
-1
4.973e+05
-1
-1
5.5459e+05
-1
-1
5.1358e+05
5.6919e+05
-1
5.4372e+05
-1
-1
-1
-1
-1
-1
-1
-1
-1
5.3701e+05
-1
-1
5.3594e+05
-1
6.6017e+05
-1
-1
-1
-1
-1
-1
-1
4.7665e+05
-1
-1
-1
-1
-1
-1
-1
-1
5.3136e+05
5.8254e+05
4.6485e+05
-1
5.0688e+05
-1
5.7598e+05
-1
-1
-1
-1
5.9664e+05
4.8311e+05
-1
5.6649e+05
-1
-1
-1
-1
-1
-1
-1
-1
5.2981e+05
-1
5.4568e+05
-1
5.7086e+05
5.308e+05
-1
-1
-1
-1
5.2226e+05
-1
5.9058e+05
-1
5.2847e+05
-1
4.3056e+05
-1
-1
-1
-1
-1
-1
-1
-1
-1
5.4668e+05
-1
-1
-1
6.0452e+05
-1
-1
-1
-1
5.6046e+05
-1
5.0895e+05
-1
5.0117e+05
-1
5.5952e+05
-1
-1
-1
-1
5.4631e+05
-1
-1
5.3454e+05
5.7491e+05
5.5091e+05
-1
-1
-1
-1
-1
-1
-1
-1
-1
-1
4.5961e+05
-1
-1
-1
5.7358e+05
-1
5.966e+05
5.277e+05
-1
-1
5.9279e+05
-1
-1
-1
-1
6.2442e+05
-1
-1
5.0544e+05
4.5632e+05
5.7616e+05
-1
-1
-1
-1
-1
6.2407e+05
-1
-1
-1
-1
5.8394e+05
5.5855e+05
-1
-1
4.563e+05
-1
-1
-1
-1
-1
-1
-1
-1
-1
5.2736e+05
-1
-1
-1
-1
-1
-1
-1
-1
-1
-1
-1
-1
5.4912e+05
-1
-1
-1
-1
-1
-1
5.21e+05
-1
-1
-1
-1
4.8684e+05
-1
-1
-1
4.4998e+05
6.7319e+05
-1
-1
-1
-1
-1
5.0935e+05
5.2374e+05
-1
-1
-1
-1
5.1516e+05
5.0688e+05
5.1383e+05
-1
-1
5.9713e+05
4.4509e+05
-1
-1
5.5746e+05
-1
-1
-1
5.4662e+05
-1
5.2256e+05
5.173e+05
-1
-1
-1
-1
-1
5.7862e+05
-1
-1
5.3405e+05
-1
-1
-1
-1
-1
-1
-1
-1
-1
-1
-1
-1
-1
-1
-1
-1
-1
-1
-1
-1
5.2898e+05
-1
6.3644e+05
5.9605e+05
-1
-1
-1
-1
5.9574e+05
-1
-1
-1
5.279e+05
-1
-1
-1
-1
-1
-1
5.1205e+05
-1
-1
-1
-1
-1
4.6088e+05
-1
-1
-1
-1
-1
-1
-1
5.6995e+05
-1
-1
5.7438e+05
5.0603e+05
-1
-1
-1
-1
-1
5.1142e+05
5.4877e+05
-1
-1
4.8908e+05
-1
-1
4.7903e+05
5.6139e+05
-1
-1
-1
5.6314e+05
-1
5.7447e+05
-1
6.7358e+05
-1
4.608e+05
-1
-1
-1
-1
-1
-1
4.9997e+05
-1
6.0619e+05
-1
-1
-1
-1
-1
-1
-1
4.7783e+05
-1
-1
-1
-1
-1
5.7967e+05
-1
-1
-1
-1
5.809e+05
-1
-1
-1
-1
5.275e+05
-1
5.8694e+05
-1
-1
5.5519e+05
-1
5.2703e+05
5.9175e+05
-1
-1
6.1907e+05
5.6098e+05
-1
5.7425e+05
-1
-1
-1
5.3993e+05
5.67e+05
-1
-1
-1
-1
-1
4.8057e+05
-1
-1
5.7947e+05
5.0915e+05
-1
-1
-1
-1
-1
-1
-1
-1
-1
-1
-1
-1
5.6382e+05
-1
5.4084e+05
-1
5.1435e+05
-1
-1
-1
-1
-1
-1
-1
5.9174e+05
-1
-1
-1
-1
-1
-1
-1
-1
-1
-1
-1
4.83e+05
-1
-1
-1
5.2381e+05
-1
-1
-1
-1
-1
-1
-1
-1
-1
-1
-1
4.8285e+05
6.2593e+05
5.2966e+05
-1
-1
-1
-1
-1
-1
-1
5.653e+05
-1
-1
-1
-1
-1
-1
5.5157e+05
-1
-1
-1
5.972e+05
-1
-1
-1
-1
5.2408e+05
-1
-1
-1
-1
-1
-1
-1
4.8034e+05
-1
5.5726e+05
-1
5.6113e+05
-1
-1
5.7091e+05
-1
-1
-1
5.3157e+05
-1
-1
6.0158e+05
-1
4.6415e+05
-1
-1
-1
-1
5.1542e+05
-1
-1
-1
-1
-1
-1
-1
-1
4.931e+05
-1
-1
-1
-1
-1
-1
-1
-1
6.5645e+05
-1
5.9118e+05
-1
-1
-1
-1
-1
-1
5.7952e+05
-1
-1
4.9099e+05
-1
-1
5.2668e+05
-1
5.9805e+05
-1
-1
5.8348e+05
-1
-1
-1
-1
-1
5.3845e+05
-1
-1
-1
-1
5.3495e+05
-1
-1
-1
5.3205e+05
-1
-1
5.9073e+05
4.2876e+05
5.8092e+05
-1
-1
-1
-1
-1
5.3144e+05
6.2209e+05
-1
-1
-1
-1
-1
-1
5.2094e+05
-1
6.3644e+05
-1
-1
5.6992e+05
-1
-1
-1
-1
-1
-1
4.8319e+05
5.0725e+05
-1
-1
5.1172e+05
-1
-1
-1
-1
5.0159e+05
5.565e+05
4.4807e+05
-1
-1
-1
5.0393e+05
-1
-1
-1
5.3246e+05
-1
-1
-1
-1
-1
5.0857e+05
-1
4.2008e+05
-1
-1
-1
-1
-1
4.5793e+05
5.7387e+05
-1
4.6412e+05
-1
-1
-1
-1
-1
5.1834e+05
5.3526e+05
-1
-1
-1
-1
-1
-1
4.9624e+05
5.0346e+05
-1
5.4212e+05
-1
-1
-1
7.2168e+05
4.5663e+05
-1
4.6782e+05
-1
5.2608e+05
-1
-1
5.4065e+05
-1
-1
4.8459e+05
6.258e+05
-1
-1
-1
-1
-1
-1
-1
-1
-1
-1
-1
-1
-1
-1
-1
-1
-1
-1
5.0977e+05
-1
-1
-1
5.5824e+05
-1
-1
-1
-1
-1
-1
-1
5.044e+05
-1
-1
-1
-1
-1
-1
-1
-1
-1
-1
-1
4.7628e+05
-1
5.7689e+05
-1
-1
4.8835e+05
-1
-1
-1
5.3358e+05
-1
-1
5.4259e+05
-1
-1
5.8379e+05
-1
-1
4.7293e+05
-1
4.0552e+05
5.2251e+05
-1
5.1312e+05
-1
-1
-1
-1
-1
-1
-1
-1
5.5702e+05
-1
-1
-1
