
953
-44916.0123
-18844.9794
-78062.3562
-16641.1536
957
-51959.0787
-26000.8866
-50386.1294
-12683.5022
961
-60239.2194
-31788.8914
-29232.7179
-75849.5108
965
-65132.3104
-65294.487
-46007.3118
-31679.6832
969
-43682.2356
-88694.3314
-43244.9303
-65065.34
973
-43747.5878
-20642.2239
-24723.4779
-26220.813
977
-70479.1669
-18782.4679
-18434.1239
-56219.3345

813
-32316.1124
-73014.8094
-69776.8893
-18505.7419
817
-45116.5912
-129068.223
-57322.3801
-43829.2507
821
-25816.7389
-26128.7817
-67789.0169
-59579.5685
825
-123350.711
-18797.9045
-37478.1055
-57073.7878
829
-29328.292
-19579.3285
-22082.862
-25261.2963
833
-225650.826
-19460.6505
-58130.4696
-17272.8529
837
-30624.8115
-80471.1008
-65348.6968
-23292.4486

533
-32646.4764
-117574.554
-117167.328
-33649.5803
537
-54925.5146
-108681.895
-33196.4172
-20138.3119
541
-29172.7269
-8792.77423
-41973.0451
-29709.7533
545
-30524.9662
-39022.7319
-41444.8766
-57429.7024
549
-21605.099
-77477.0841
-38949.812
-28688.4357
553
-95850.4024
-67671.4012
-14753.9251
-31021.2105
557
-17615.7408
-26488.2668
-20865.6312
-33081.6086

449
-83601.6067
-176819.031
-29023.5719
-16816.5794
453
-51279.0173
-27422.7454
-40374.2591
-54046.2737
457
-34360.4899
-26721.2071
-27653.6326
-52481.1874
461
-52736.1275
-26066.48
-57523.2351
-59144.6259
465
-61745.8051
-60558.5969
-97670.5559
-94503.6924
469
-50782.2489
-67913.9236
-16720.5353
-49563.0619
473
-32062.5856
-101767.178
-64830.6146
-49614.8809

869
-32709.8568
-28137.9418
-40232.0008
-24326.7165
873
-38557.0188
-29460.0265
-21402.2854
-26100.2163
877
-137291.118
-66910.3273
-15259.7566
-21496.9772
881
-51796.0957
-23450.2983
-77932.2538
-47888.5414
885
-78788.6804
-30421.7317
-21217.5459
-17534.1125
889
-46548.7789
-39404.3793
-31873.6905
-68592.5912
893
-26503.4534
-36388.8244
-31217.7933
-37763.7735

2185
-29518.1633
-66526.188
-38700.7922
-41007.1302
2189
-47118.9163
-75208.4747
-20960.1576
-29656.2272
2193
-19604.4926
-21973.653
-19318.9632
-36651.9172
2197
-15147.0308
-38517.2079
-19777.0268
-27074.5684
2201
-38767.2241
-17344.287
-25830.1536
-45266.7415
2205
-17630.4058
-28007.6076
-17219.0996
-116853.734
2209
-41795.6821
-26933.9969
-81201.3811
-27001.3975

1037
-16823.2547
-59881.7898
-71361.7757
-99033.0697
1041
-34335.7976
-27154.1184
-91929.9406
-21139.307
1045
-28574.5532
-44579.7959
-26902.4779
-28505.9088
1049
-23801.0257
-26145.0758
-39518.8984
-45102.0092
1053
-50220.4951
-11433.7883
-61177.3223
-33743.1218
1057
-27921.0344
-52118.9442
-14760.7012
-16075.5769
1061
-34549.4013
-68408.6223
-27549.6549
-55619.0208

141
-28900.6415
-39535.582
-67508.9452
-38753.5828
145
-16938.8391
-17564.5639
-16722.6119
-25924.0329
149
-27809.685
-61743.39
-85663.742
-41601.0802
153
-42773.4393
-37527.9048
-32806.1792
-21844.2969
157
-53141.3225
-26627.8416
-17913.4362
-18497.3528
161
-61519.567
-38225.6209
-31269.8175
-63039.6767
165
-52255.5653
-35335.9463
-57498.2271
-18019.9003

1653
-97908.8457
-76000.2524
-83512.2726
-89593.4718
1657
-32978.8071
-27753.1918
-71767.9431
-37362.4605
1661
-62450.9601
-54601.4733
-64544.6739
-15294.9508
1665
-41390.9655
-20618.366
-37588.9271
-16210.5002
1669
-90210.4191
-13292.7411
-22927.036
-57313.0325
1673
-50429.9974
-62067.3032
-18354.6281
-31280.9334
1677
-28066.6212
-32494.6696
-31094.7766
-17813.26

309
-2659.43046
-16688.7963
-20371.5729
-28550.2923
313
-29042.9265
-34467.3139
-53298.1317
-174449.61
317
-16929.2493
-34105.6657
-25126.7302
-20207.7155
321
-50194.2702
-26859.8215
-36585.3974
-132636.871
325
-70737.188
-32501.8973
-32274.2016
-44676.3577
329
-65526.8379
-22415.8001
-29878.26
-15578.9823
333
-16684.3656
-37613.8096
-47260.5886
-19900.3502

1177
-65453.9461
-69764.4607
-110381.748
-32459.6401
1181
-7843.3674
-33048.8649
-41597.8121
-26632.5253
1185
-19342.9826
-43079.7581
-17750.5304
-66127.456
1189
-22533.1806
-46414.3136
-122176.259
-89030.1172
1193
-19262.5913
-27166.5127
-19093.277
-123946.434
1197
-20998.0654
-77937.0154
-16870.022
-90866.4701
1201
-114836.885
-41172.8078
-16981.1671
-19723.9837

925
-14171.1746
-34613.2025
-113561.868
-31166.667
929
-148018.99
-36116.6164
-31134.7724
-82920.7743
933
-28096.4596
-45316.8771
-24257.6601
-84360.6463
937
-38745.0987
-50269.1015
-39540.9955
-32841.2611
941
-16271.8168
-19750.3294
-42747.2779
-15952.9184
945
-39880.3817
-73704.9285
-19817.7175
-26853.3411
949
-39379.9694
-46878.7303
-33920.3258
-32905.6579

337
-85253.9514
-47206.2008
-5636.13847
-44010.4083
341
-47964.7432
-83116.9637
-17092.0794
-61718.197
345
-26126.3076
-88727.3717
-61771.6129
-37128.868
349
-11816.2581
-42838.529
-42566.3212
-106875.216
353
-26659.7137
-33199.8241
-104455.182
-41630.6507
357
-32789.5041
-30591.5535
-46117.5562
-37889.3516
361
-60761.6331
-35531.4857
-46493.2251
-61388.0715

1401
-42891.2156
-29750.0348
-331319.063
-26433.0143
1405
-47887.455
-68561.9247
-19233.8423
-96468.1241
1409
-18124.3872
-25152.7687
-17127.8062
-53517.8433
1413
-90503.4339
-37370.6783
-17750.9221
-93302.3212
1417
-24200.3565
-87113.9733
-54056.5723
-37127.2258
1421
-50071.3443
-38460.9482
-80380.5562
-34471.4339
1425
-106735.651
-68631.6379
-47087.3197
-41094.4382

757
-22957.0738
-20331.2423
-87276.4501
-24705.7397
761
-54380.7135
-24127.3266
-21884.7662
-21739.4805
765
-26220.7484
-33476.9817
-49883.4006
-41346.2382
769
-27141.6219
-135733.935
-13930.7826
-49127.3953
773
-49766.8374
-28278.6749
-107176.769
-77538.7328
777
-62315.6017
-15184.4172
-30370.9251
-105632.151
781
-148025.381
-57551.9831
-24684.7324
-23105.4348

617
-39895.2177
-180463.509
-39690.3051
-36112.5717
621
-28580.9249
-28574.4805
-14050.3448
-83353.9957
625
-23514.6218
-108189.755
-42548.9935
-32609.1261
629
-157459.841
-20794.0816
-26477.1079
-93677.3352
633
-36951.9319
-21533.6065
-110177.575
-28357.5456
637
-41335.5217
-39444.863
-70388.4654
-30821.5318
641
-24102.0339
-127343.93
-33809.0226
-25492.5341

1541
-18078.5082
-47609.3498
-55895.5012
-45826.5902
1545
-58448.2605
-45806.4613
-24053.1371
-51531.1153
1549
-16462.9462
-78059.9683
-18591.3602
-19542.4545
1553
-51519.228
-38113.7219
-60425.2551
-17730.4648
1557
-97280.1282
-56866.9936
-108754.668
-36929.882
1561
-34094.3865
-16393.9076
-29987.8587
-43179.7354
1565
-16594.1457
-27922.6925
-118778.036
-101302.5

197
-32250.6368
-87576.6327
-18969.5819
-45875.8035
201
-22021.1836
-53750.1354
-48252.769
-12261.4397
205
-25739.0275
-197746.793
-40206.5238
-37795.2202
209
-21668.1388
-50444.7357
-22249.8231
-41860.8733
213
-25273.237
-45086.8545
-27228.4665
-31480.0608
217
-50844.1495
-84850.8675
-18220.5343
-72268.3755
221
-33115.6373
-140364.23
-16225.4431
-84655.0083

1289
-59017.6876
-36997.8628
-35505.9032
-57800.3559
1293
-28932.1125
-33180.0986
-23146.6827
-89147.2421
1297
-43417.4116
-32861.2097
-113332.134
-50219.1544
1301
-105097.508
-36273.9343
-98415.2487
-8427.75164
1305
-41203.7754
-55356.3855
-22453.1573
-26931.4203
1309
-27978.2994
-66218.2908
-23005.968
-85069.2766
1313
-19821.1984
-25694.5221
-57530.7677
-146295.936

1233
-57387.3186
-15714.0815
-80961.1725
-59343.2143
1237
-40357.8691
-16507.1101
-27134.9133
-25253.1235
1241
-14918.2639
-26024.2607
-25871.6059
-17739.8775
1245
-21103.4394
-31325.8
-26923.598
-33593.4942
1249
-152042.6
-21228.9918
-30006.5962
-23035.7959
1253
-25711.9813
-19495.2971
-45812.4873
-129953.532
1257
-225075.558
-26114.3894
-27784.0944
-40746.7797

1513
-57120.2969
-13925.7914
-96203.4496
-61786.8269
1517
-197339.161
-64446.799
-35398.0514
-35115.5249
1521
-35945.246
-24555.4533
-43393.7738
-43678.5768
1525
-17399.6391
-42725.8573
-17607.0396
-43148.3838
1529
-52466.9118
-62544.5877
-45637.6128
-48480.4489
1533
-16029.4234
-60840.4103
-60654.3715
-41099.4789
1537
-25481.1688
-46082.5526
-30800.3006
-38652.5935

225
-37161.8739
-33335.0663
-25647.6926
-111831.253
229
-24493.1545
-44992.9762
-150384.728
-76225.0623
233
-42303.154
-35377.0535
-42058.562
-14683.1703
237
-27191.0861
-37943.8273
-38531.2697
-29301.6839
241
-29599.4471
-38781.6853
-37665.3705
-236913.268
245
-61923.3618
-37004.4538
-59178.6877
-36979.9582
249
-44642.5153
-61748.6226
-215414.606
-90404.1919

785
-24479.6641
-51897.0265
-19898.7386
-20332.1038
789
-15362.868
-45515.8757
-25434.8383
-24331.2823
793
-40311.1708
-28989.4532
-18478.5744
-64376.1872
797
-20378.8889
-41350.172
-36117.4494
-61222.4928
801
-20698.8816
-22650.9653
-34746.2266
-15258.0258
805
-49908.6494
-55189.8066
-66148.6861
-105798.284
809
-28178.566
-94750.1344
-35416.4557
-21526.2537

1597
-27162.5313
-45026.22
-22535.8224
-33920.3018
1601
-55797.0403
-28670.415
-105947.27
-23057.199
1605
-80385.9645
-41092.9827
-19266.9535
-35440.6334
1609
-67079.2147
-51430.9856
-71384.6554
-68810.7225
1613
-60650.684
-78151.491
-15329.0707
-64176.8869
1617
-51114.8075
-71622.2158
-35193.6335
-53946.4717
1621
-18620.1595
-14980.7867
-65721.6202
-95540.9352

1569
-14056.7125
-60602.0951
-25919.3829
-90775.8705
1573
-19318.7134
-26234.0859
-26772.536
-72600.0949
1577
-42701.6014
-28923.4532
-25774.4848
-25923.5402
1581
-32260.0308
-16282.7289
-35188.7115
-72890.9851
1585
-38001.1312
-92159.2034
-45512.5181
-84265.4598
1589
-52507.6931
-56869.2377
-32052.1778
-62376.7226
1593
-19154.8786
-38517.9224
-91409.1136
-40833.299

1149
-81151.2713
-51327.0929
-37104.68
-57304.3616
1153
-170885.743
-51828.6967
-17481.7848
-29590.8165
1157
-89898.016
-47860.3771
-23243.5835
-27812.3533
1161
-40839.193
-27307.839
-49895.2595
-71992.9733
1165
-11647.1767
-28958.4054
-29477.6215
-134883.377
1169
-24949.3415
-47337.3781
-35749.8898
-63980.558
1173
-18012.2591
-18803.3561
-57320.5824
-16088.9909

981
-30472.818
-70555.5592
-20890.8091
-48920.6644
985
-25766.13
-32379.7503
-100375.79
-88698.5346
989
-49814.4374
-55397.7485
-103262.942
-68551.5223
993
-27210.7894
-39679.6449
-95920.3075
-70598.3905
997
-24052.4625
-25579.9494
-138507.08
-25113.8707
1001
-99359.0981
-30039.4756
-16580.2454
-18850.5474
1005
-60720.2185
-30728.9922
-19087.418
-13364.6925

2101
-34943.6581
-90578.4096
-25333.1431
-36190.5257
2105
-17947.3591
-100329.427
-45965.1995
-20607.9959
2109
-23221.0518
-121773.28
-18947.8666
-79508.8894
2113
-21851.7212
-48888.6497
-19989.5107
-17124.9727
2117
-28739.4125
-32006.4891
-34669.0002
-41250.9672
2121
-24739.2024
-66283.8012
-32802.1528
-23704.1187
2125
-95009.7522
-14988.4461
-27120.4248
-22845.729

1205
-24806.9609
-37344.5662
-14918.3146
-115047.645
1209
-14817.5783
-18687.8661
-24971.3413
-22863.1971
1213
-49486.0391
-31067.0271
-33139.0801
-57680.4596
1217
-55083.693
-51793.2312
-73199.2175
-20747.1291
1221
-67585.9886
-11044.4685
-23050.6178
-32804.0989
1225
-28605.8905
-40768.5876
-15157.5364
-44063.5298
1229
-15836.548
-21646.4085
-42788.7788
-47601.2498

701
-45840.7557
-22362.5388
-134893.485
-40328.691
705
-33760.4548
-40053.6437
-64310.2533
-54547.0257
709
-41424.6431
-2145.08715
-51549.3502
-38837.4315
713
-78416.7062
-151101.339
-23855.5867
-41480.7304
717
-24387.7006
-42774.7843
-38121.1924
-31330.3836
721
-49491.6579
-50168.662
-24788.3504
-37101.9316
725
-17304.7588
-11572.7323
-37790.2148
-34526.4592

2129
-52790.4011
-22072.1093
-38875.309
-35705.1016
2133
-81790.5873
-120664.301
-49770.5915
-25376.6393
2137
-102460.252
-16604.9079
-29286.8168
-16338.3001
2141
-55870.1516
-79333.9455
-41937.2976
-23837.101
2145
-28929
-19691.8489
-63145.003
-23407.9571
2149
-104695.88
-13066.8372
-50453.455
-57932.0047
2153
-46809.3102
-47025.7912
-33718.9849
-37954.4492

1261
-33360.8546
-59783.6438
-34829.7671
-18067.6729
1265
-30201.0293
-33782.9211
-96487.0902
-53147.479
1269
-46168.7348
-36679.7207
-53030.279
-19514.5185
1273
-32440.2949
-74975.1598
-34885.0708
-128643.401
1277
-36510.6191
-51245.9017
-49414.7916
-55618.6478
1281
-25315.3369
-37352.6713
-54320.4281
-151892.915
1285
-132478.5
-121646.673
-47878.2186
-27950.4847

645
-19514.1469
-42077.8462
-30997.9033
-61239.9902
649
-20757.6379
-82117.0309
-30728.8001
-15675.1127
653
-88086.5779
-45425.3953
-32754.5551
-76561.0756
657
-38166.7685
-63117.8796
-74579.9586
-79467.575
661
-39899.8547
-37861.2473
-41481.1391
-48969.1158
665
-44769.6219
-132345.19
-46621.3695
-55449.3884
669
-21193.5112
-60602.5049
-49026.5049
-71641.2391

1429
-35446.4127
-40955.7334
-10468.5977
-39541.9815
1433
-27741.0586
-29416.6855
-19412.1584
-41213.4012
1437
-43280.0122
-26006.879
-37773.3547
-14245.0619
1441
-15738.2218
-51803.2531
-38817.4413
-22492.0064
1445
-40432.3266
-31254.9299
-96942.6989
-31350.2922
1449
-22375.8036
-18849.7518
-30727.7463
-154709.496
1453
-38657.9213
-46903.0622
-20563.4843
-79802.5829

1065
-27912.9091
-56017.3175
-110380.54
-37483.306
1069
-61248.4955
-23437.3533
-28549.2692
-27006.6984
1073
-18342.756
-37639.5713
-56219.7982
-39037.5358
1077
-25024.6577
-19982.6379
-54582.3038
-43098.555
1081
-75705.4103
-84387.4187
-125492.309
-26870.1569
1085
-90654.0337
-38984.6015
-35725.7835
-24253.4491
1089
-64554.4315
-68249.7117
-82129.9216
-66281.1539

2157
-60463.0503
-23598.44
-18097.0579
-60016.4007
2161
-57137.4665
-24624.0102
-32463.9875
-61923.4665
2165
-87083.4327
-79577.305
-6417.72089
-10998.5732
2169
-52558.7051
-61421.6085
-34406.3214
-33366.6776
2173
-45120.6119
-44705.2534
-113233.355
-20744.4561
2177
-31791.9011
-28835.7846
-25308.6261
-17818.8972
2181
-61388.5678
-27393.2482
-22530.752
-49978.617

1121
-83743.1743
-112527.129
-9218.27409
-24789.6907
1125
-23170.5642
-185882.899
-13628.8372
-22155.8368
1129
-27681.1913
-70005.6742
-25752.041
-39781.9967
1133
-53894.4124
-21661.6447
-48702.5198
-54577.33
1137
-45067.0272
-44727.7772
-42509.2548
-16679.5829
1141
-27597.8928
-25978.2639
-78004.679
-28491.3199
1145
-21001.8855
-25715.8653
-21922.6272
-25555.5618

1485
-100160.377
-22875.4068
-24303.9824
-30804.9403
1489
-37470.3441
-26453.2259
-35832.9649
-55409.3328
1493
-32482.3884
-166917.222
-94577.4925
-23955.2415
1497
-94187.1104
-26199.954
-22899.6091
-28241.3008
1501
-78569.2191
-38095.8592
-17905.4366
-12337.6245
1505
-16123.1942
-17713.0033
-30987.1354
-12503.5496
1509
-92736.9268
-102694.806
-61843.0896
-39564.4051

897
-34852.9171
-19224.9998
-18469.4939
-30388.3723
901
-16226.3805
-35865.6945
-15779.9109
-118571.846
905
-107865.649
-45762.3061
-22003.5174
-58012.2494
909
-113559.205
-248779.443
-69837.3365
-19391.0267
913
-31160.7975
-47261.0348
-70631.653
-35959.7518
917
-62184.6151
-161386.133
-41940.3807
-35229.4963
921
-23525.233
-15710.5241
-64290.4957
-29863.4891

477
-55934.4394
-31545.6752
-78469.0472
-172762.579
481
-15291.6106
-39391.521
-39603.3055
-64867.0191
485
-45163.7732
-38670.0734
-52296.7825
-58541.7194
489
-70508.2436
-36594.2907
-75669.8072
-31315.7432
493
-137427.327
-59306.8159
-29315.1401
-27899.145
497
-104508.455
-103189.83
-34306.0332
-39126.0301
501
-45073.5294
-28289.052
-42905.0893
-18388.6602

841
-25340.2444
-64590.4352
-29139.3717
-23058.008
845
-23497.3046
-13199.347
-59329.3326
-40667.0618
849
-17233.8776
-23882.3054
-7773.25712
-52025.848
853
-24346.0058
-101164.406
-44406.4437
-128559.472
857
-41193.2334
-23009.3873
-45829.8932
-24320.5964
861
-24455.2657
-31164.6065
-97498.4842
-93770.4411
865
-17167.9481
-40656.6346
-89672.2697
-3438.13778

505
-59688.1499
-92331.8582
-26049.9129
-21910.5337
509
-17630.6702
-33537.7049
-27315.9766
-37535.0634
513
-23284.4938
-44109.3873
-23372.4948
-163379.568
517
-26466.884
-23939.0016
-21376.2466
-26195.4147
521
-8952.32649
-75871.2489
-13564.4342
-110362.677
525
-15459.1097
-35903.8796
-51568.2937
-39792.0633
529
-26502.5446
-15006.9854
-20574.5209
-18088.7542

729
-41068.1531
-99395.9638
-38516.1833
-15514.6851
733
-29560.5105
-9433.11336
-90528.1565
-92170.93
737
-20930.418
-32024.542
-84873.9885
-93309.6341
741
-45594.7057
-13420.6223
-27190.579
-16775.663
745
-46964.2589
-218750.188
-199792.548
-27326.0422
749
-17157.5111
-36093.3006
-26889.8394
-48372.3576
753
-67430.7452
-19675.3129
-73944.523
-37907.3753

673
-28828.1142
-63272.3336
-27718.9699
-34417.7768
677
-27274.487
-41584.162
-117749.667
-22393.7926
681
-17951.2212
-52224.7628
-27393.4481
-76237.8512
685
-19707.6663
-27653.5477
-33964.9582
-72207.0084
689
-142559.024
-68582.0481
-43832.494
-40903.4833
693
-75507.053
-61575.3933
-51152.9531
-32487.8117
697
-2784.73376
-92960.6366
-44760.4964
-38539.742

2213
-38241.8434
-27453.6588
-54485.3466
-142705.604
2217
-53532.3007
-54366.9371
-48871.1168
-22377.8342
2221
-45700.4067
-80344.3682
-69251.1643
-39755.6823
2225
-18123.1849
-61133.4738
-37599.1534
-19260.2339
2229
-36969.516
-78989.6563
-78877.487
-12663.8255
2233
-63288.383
-25950.5264
-14721.6128
-46055.6941
2237
-83777.9807
-40098.6925
-35993.5582
-21500.7734

1625
-36001.2166
-38220.0507
-91529.4189
-79782.0599
1629
-110840.704
-17838.0523
-50110.503
-48151.5456
1633
-198056.977
-26319.8159
-32545.3891
-165711.078
1637
-21964.2234
-66789.2026
-15324.262
-48750.9897
1641
-22495.2558
-20331.1122
-17000.2361
-22268.427
1645
-115214.021
-43274.31
-49417.8338
-31473.0781
1649
-30694.2456
-81702.9593
-66918.3293
-25988.6755

1457
-27554.2034
-46645.2029
-12376.131
-40653.8824
1461
-28526.6647
-16654.7187
-28691.3583
-53553.1644
1465
-35846.7995
-34279.8623
-44304.7771
-20319.9428
1469
-59735.5417
-41085.4567
-68535.8441
-52408.4054
1473
-93939.4845
-34281.8498
-15915.8643
-60122.1738
1477
-36555.6004
-45163.546
-45644.4862
-64784.8401
1481
-83560.6799
-36427.5878
-26879.5035
-66050.5389

169
-8612.35981
-33180.6769
-34656.4124
-21768.8024
173
-150457.5
-17132.2248
-29574.6382
-16940.2427
177
-23890.5979
-52183.7419
-41928.1869
-21414.3469
181
-82007.7602
-20392.8312
-34550.1507
-26992.948
185
-22848.9702
-92688.6635
-45451.0474
-97309.9273
189
-37179.8507
-70144.7552
-37273.5149
-72822.3367
193
-64560.3908
-27346.8652
-15002.1667
-30263.9296

2045
-85914.6542
-21108.0948
-19501.6937
-30847.9294
2049
-19201.9535
-85018.7257
-83097.3022
-127056.183
2053
-76498.1882
-26607.1556
-33419.7479
-27987.8878
2057
-15467.6023
-34451.7613
-18683.6589
-64257.3453
2061
-28218.0891
-44964.5873
-89556.1276
-31644.0263
2065
-86330.0366
-48451.0636
-43582.2395
-32230.4823
2069
-13311.5029
-14683.8029
-54515.1205
-54296.964

1009
-28731.841
-20569.5274
-44179.576
-79712.6335
1013
-45280.2338
-21956.9627
-124858.042
-38622.7646
1017
-277627.916
-166715.644
-80786.5928
-67432.9046
1021
-19383.9713
-74486.0856
-123327.04
-72175.3826
1025
-24225.9891
-42494.5135
-53879.8922
-50419.4694
1029
-56038.1743
-40561.4312
-46243.2542
-61203.7608
1033
-46904.8883
-23928.2312
-19352.7013
-41602.7884

2073
-83288.8283
-78848.462
-41258.2275
-36152.5795
2077
-38202.7663
-38972.7365
-24794.8334
-23280.8125
2081
-25563.4198
-9933.5323
-80866.0598
-34508.9825
2085
-41991.4546
-53013.9174
-53976.1207
-26265.0904
2089
-56816.3205
-35219.5947
-78343.6198
-14605.1922
2093
-123098.397
-16544.5696
-50339.6747
-28218.2783
2097
-126465.385
-105869.375
-73553.8655
-19494.8702

365
-27126.9984
-16442.2059
-55360.1431
-42044.7595
369
-26736.8652
-26309.7601
-26234.1761
-24630.8099
373
-140046.876
-68232.5182
-131591.273
-15727.8614
377
-32536.2746
-88332.5369
-22244.9611
-20120.0863
381
-31533.0063
-81561.6917
-28355.7559
-58013.9709
385
-66801.5096
-64660.5196
-75425.6223
-31276.6858
389
-46843.0656
-13727.5055
-20346.3519
-99425.9381

1681
-17992.3953
-144446.055
-5702.22275
-46494.524
1685
-37787.3331
-73081.1052
-50092.0303
-49925.7507
1689
-35438.482
-52143.7906
-27715.3995
-67489.0689
1693
-75832.0132
-34323.2657
-28084.4724
-15156.2185
1697
-56220.3553
-40942.0686
-19629.3825
-90400.7988
1701
-130269.666
-78797.4849
-28307.8338
-32599.1869
1705
-39942.3123
-72438.8897
-27499.3475
-22603.7706

4033
-39977.5261
-13914.5514
-21463.4698
-29917.013
4037
-20008.2044
-29450.2756
-26413.1397
-38390.8667
4041
-19165.1891
-45828.8899
-26503.9313
-90946.1908
4045
-130976.683
-42823.6428
-88385.3995
-65847.2739
4049
-22052.7152
-35732.6403
-56303.8849
-36872.4052
4053
-41415.8719
-153734.419
-32120.4397
-20608.2712
4057
-14714.3164
-28702.6636
-163896.055
-86189.8619

3977
-35880.1318
-38500.1927
-38802.651
-26143.5903
3981
-42477.717
-68404.6826
-31294.7537
-39911.7218
3985
-20356.6044
-44812.9312
-72034.4058
-79274.2303
3989
-61576.152
-20798.8086
-49783.7493
-16675.2883
3993
-31481.9634
-76661.9387
-17452.821
-106997.924
3997
-25611.156
-44880.8454
-22895.4178
-27238.4169
4001
-30089.1274
-24766.0623
-89860.0021
-21688.5275

4117
-54181.3873
-52941.5438
-34330.8921
-87026.3952
4121
-16785.6681
-24203.1742
-51001.6596
-134090.814
4125
-30689.3305
-26996.8011
-26217.8772
-43796.677
4129
-29312.3486
-151154.915
-17229.9614
-63462.9944
4133
-72538.4682
-28234.3265
-31628.8172
-15926.9653
4137
-77466.722
-58541.9467
-20918.624
-24699.4773
4141
-36869.587
-42694.5024
-21728.7001
-18823.259

4089
-34652.592
-105802.192
-43969.5769
-25556.3332
4093
-40505.6058
-36770.2329
-82192.6643
-36652.2591
4097
-60365.1518
-17850.0422
-32550.6598
-45627.2913
4101
-76295.2976
-147062.273
-22754.3371
-38888.9777
4105
-26428.1351
-21454.919
-20641.0957
-63107.5225
4109
-29660.0297
-54511.8643
-65545.0894
-78095.8673
4113
-26700.6802
-34807.0721
-69287.9262
-127913.132

4005
-29618.6951
-41626.6861
-19521.4827
-29828.2467
4009
-39858.7844
-9226.34441
-88955.537
-28618.9493
4013
-74234.9651
-81130.0691
-37286.542
-68117.1147
4017
-8028.24222
-25443.8462
-32982.2757
-46800.4217
4021
-14527.0997
-31153.8336
-39214.6902
-51306.8767
4025
-27716.3219
-39809.6136
-63760.3517
-14855.5205
4029
-13977.3976
-31194.7382
-62027.0153
-26316.106

3921
-38260.6575
-29692.8997
-34274.606
-28741.9202
3925
-23700.4711
-47797.099
-31477.2958
-38432.1987
3929
-53826.9398
-47013.4905
-13711.5158
-23395.7309
3933
-21073.201
-43809.9201
-29575.5441
-27350.1256
3937
-19631.5664
-48209.0546
-44074.4042
-81451.2958
3941
-30154.3011
-40803.2557
-34828.8225
-30317.4056
3945
-23760.0773
-30408.5483
-26047.6534
-51317.3647

4173
-40831.5903
-7676.76867
-36714.2557
-65394.3546
4177
-22053.936
-42503.6334
-41814.751
-33247.9553
4181
-42659.6337
-205382.716
-47536.1389
-71138.6251
4185
-48518.8219
-30443.6609
-17997.8792
-51288.2725
4189
-36533.1919
-67808.186
-65929.8382
-63285.0036
4193
-33789.03
-65886.9681
-168120.266
-78663.0895
4197
-32099.8102
-29228.1603
-72785.8528
-63839.3461

3949
-52790.3015
-70954.0057
-203403.362
-43140.1159
3953
-73186.3573
-49380.031
-90375.8098
-67356.953
3957
-51634.3135
-125574.481
-37542.9607
-84168.8872
3961
-19035.6091
-44575.1103
-28269.3675
-20299.5984
3965
-43750.0448
-38725.8808
-33138.6001
-29300.9715
3969
-30631.0735
-24317.1562
-36146.2499
-111670.749
3973
-20668.7756
-111611.198
-19361.0744
-45604.3605

4145
-27575.3939
-48185.5615
-35598.5357
-109447.721
4149
-46279.8758
-44276.3812
-44354.2378
-55111.8788
4153
-64243.5287
-53600.0264
-57064.0783
-28603.9094
4157
-25438.0595
-24802.3464
-49779.0451
-59640.6786
4161
-29276.094
-14275.1582
-19927.8533
-155832.361
4165
-38062.7985
-23808.4606
-31599.9598
-48929.2221
4169
-28108.1188
-80696.7427
-23627.722
-25421.3006

4061
-35057.2394
-64265.5125
-86168.1375
-25779.6804
4065
-28918.9715
-49728.5022
-75419.9685
-12937.8575
4069
-29096.501
-22521.872
-70262.6821
-60765.1011
4073
-14109.521
-14231.1252
-17142.3005
-32293.1322
4077
-45492.8813
-52465.8674
-25276.6039
-53374.1783
4081
-79473.4483
-28033.8125
-2215.99449
-72110.9797
4085
-45838.6805
-37167.9914
-29307.7745
-43432.8162

3725
-46693.002
-74084.4583
-52749.4539
-26652.812
3729
-59568.1973
-45303.4347
-40605.1069
-57022.9907
3733
-134104.575
-38704.0489
-19566.4335
-28209.1025
3737
-27807.2636
-26243.8732
-31372.2255
-47598.9467
3741
-51441.0974
-7260.0831
-74191.3129
-91253.9881
3745
-33790.3076
-36429.2961
-26277.391
-59065.4338
3749
-25703.2896
-54305.0548
-19132.4721
-36464.2871

3697
-30299.9695
-35855.7182
-20565.5073
-27799.7301
3701
-36088.5648
-49490.7651
-31036.4942
-49662.6238
3705
-13397.5133
-130154.755
-4873.00135
-47612.8309
3709
-138334.224
-30661.2501
-23777.4589
-33066.1537
3713
-32246.2179
-164812.343
-91104.7625
-181218.852
3717
-116982.366
-69468.8728
-16518.9212
-107616.872
3721
-104809.537
-102642.289
-36958.5033
-40478.8172

3893
-17450.2281
-51290.294
-20697.8512
-102367.676
3897
-31719.9718
-41570.3889
-122115.774
-13577.3827
3901
-26040.7246
-53606.977
-125469.359
-140668.998
3905
-53652.5695
-17408.3196
-55155.0108
-9935.20418
3909
-26047.8704
-18776.5333
-35116.9586
-39164.303
3913
-74972.4342
-15606.2934
-44943.5263
-20832.7824
3917
-20564.3895
-29674.3516
-32231.7491
-23719.0919

2941
-97195.3701
-34957.916
-88366.999
-64430.677
2945
-48435.1531
-24457.7206
-19623.2041
-215438.057
2949
-17279.9475
-86771.0421
-40745.7152
-35102.6998
2953
-58271.0729
-27040.3628
-51100.8348
-17029.6967
2957
-32410.6201
-40321.18
-98940.1798
-16377.3431
2961
-31167.4163
-67497.8924
-51338.6391
-5188.20655
2965
-75541.8147
-29362.0624
-20942.9271
-58505.2031

2913
-12362.9358
-42111.5964
-46344.5749
-21005.4902
2917
-26178.5054
-42719.075
-31316.1092
-36696.3354
2921
-64900.7453
-89804.53
-65325.3168
-136327.748
2925
-16875.6868
-35210.9948
-58197.4613
-21726.1993
2929
-39131.9053
-36272.0121
-31080.607
-31975.7749
2933
-18185.9319
-173918.89
-71374.5891
-67426.0743
2937
-55702.2701
-28833.1753
-34565.2495
-65464.6279

3109
-38879.9121
-20342.8502
-46951.7186
-31530.7467
3113
-73158.9913
-65752.4132
-79815.9427
-63565.8735
3117
-33967.6908
-33949.2066
-25485.1304
-92463.184
3121
-19323.4504
-24436.4256
-16226.5017
-32930.8141
3125
-97504.7395
-66148.1086
-39846.782
-25166.102
3129
-10159.8629
-43605.1171
-29448.8254
-43395.4518
3133
-42354.7645
-42105.4189
-23766.0003
-39523.465

2997
-29872.7472
-28883.6626
-25122.4903
-67812.6971
3001
-37116.8984
-53713.4116
-51956.638
-106395.869
3005
-18718.4108
-25833.362
-46458.0239
-53741.7685
3009
-41795.296
-36727.0196
-35085.4085
-84359.6544
3013
-141358.893
-64013.1919
-89861.4888
-73125.7048
3017
-140098.576
-23081.5396
-26697.0073
-70433.5248
3021
-57823.4441
-179343.238
-37545.2433
-27810.974

3165
-71295.3673
-102157.459
-25376.6522
-36255.2959
3169
-114215.614
-80366.8811
-28597.9758
-43840.363
3173
-24057.2847
-23090.0363
-41396.85
-119172.99
3177
-66552.77
-226681.618
-26617.7975
-10125.6577
3181
-45282.3782
-34836.8963
-37519.7203
-61589.6807
3185
-36882.2529
-47828.4855
-64647.2711
-38089.2351
3189
-33810.487
-21546.0969
-27601.7596
-60101.8553

3053
-166480.5
-26189.1197
-68990.0996
-63262.9843
3057
-37028.6217
-69150.8537
-57731.9721
-18670.9507
3061
-71214.1737
-18700.7013
-6316.83788
-28436.7181
3065
-311831.516
-20389.4059
-128726.13
-18445.8852
3069
-112944.807
-43125.7868
-30806.0784
-49878.1313
3073
-67787.3835
-57832.4387
-66216.8589
-52859.7378
3077
-157269.281
-40775.5075
-28549.596
-19946.9109

3137
-88088.9186
-12984.0918
-20996.1168
-100344.206
3141
-69183.6332
-17672.2241
-48125.1784
-76699.6262
3145
-36893.6626
-57293.2173
-20327.5698
-44777.2002
3149
-37947.8128
-138599.748
-39715.2852
-14102.8857
3153
-25629.6691
-36106.7816
-14621.4971
-18038.2977
3157
-29840.8994
-39455.7934
-168195.777
-41508.4468
3161
-37096.3152
-25196.5158
-46620.636
-49713.5367

2885
-64364.45
-41029.3606
-97997.5839
-26658.069
2889
-79618.9686
-190149.955
-52717.6105
-40667.4517
2893
-50915.556
-47238.6483
-15457.6311
-28675.7898
2897
-36163.4031
-42831.0646
-58431.3314
-34295.4978
2901
-28141.0283
-40432.5194
-79297.6972
-37963.3675
2905
-43273.9209
-20891.1288
-174270.265
-36035.3385
2909
-23511.3085
-22098.446
-21656.9226
-27721.2454

3081
-27900.8634
-36530.985
-40397.4047
-54234.4284
3085
-41951.8188
-38303.8908
-62147.7576
-17844.9343
3089
-44734.4309
-22494.6612
-33004.316
-33232.7175
3093
-35277.1279
-19894.7509
-42157.1335
-22094.0665
3097
-29989.2446
-41248.0667
-51312.5981
-140351.358
3101
-24973.2858
-36693.8315
-85433.546
-81732.0144
3105
-29844.5675
-21245.7099
-38341.0691
-27140.8084

3025
-15959.4035
-84426.6277
-50608.5221
-27320.4708
3029
-39539.7085
-20744.4645
-125711.797
-14596.271
3033
-20479.5717
-56709.9585
-18102.5752
-23182.8483
3037
-78136.1691
-32207.5003
-32883.1118
-32339.7551
3041
-45935.8108
-24838.1147
-17905.6303
-42223.7232
3045
-13003.3463
-38268.9571
-27038.2205
-77774.4965
3049
-21153.5642
-27171.9784
-32693.9671
-194352.815

3193
-31433.895
-65267.3113
-89171.7933
-18447.4796
3197
-40054.553
-15203.9694
-33966.3386
-29191.4807
3201
-61995.2377
-42253.8005
-25562.7373
-94809.6242
3205
-63877.0881
-39086.1423
-64351.6832
-46171.0885
3209
-65159.258
-50297.2156
-89616.6957
-49475.3056
3213
-63522.8522
-64099.7794
-55011.2598
-29694.4325
3217
-57356.8227
-35959.5795
-21719.9412
-66259.696

3837
-25771.6023
-38576.4961
-26243.298
-22073.1462
3841
-38019.9764
-101714.635
-43513.1807
-11241.9586
3845
-56369.6645
-96226.4754
-108782.72
-17398.7022
3849
-22505.6366
-21171.9335
-58052.6094
-4800.10321
3853
-47278.2813
-58872.702
-31644.5257
-22323.2573
3857
-29186.5358
-69894.1891
-35267.8228
-46654.2817
3861
-19062.084
-59301.6656
-83332.9351
-24558.1873

3809
-40718.5927
-108316.397
-53497.7216
-52643.1987
3813
-134287.831
-105810.87
-11954.2096
-77422.7928
3817
-42463.0481
-109159.234
-15117.7294
-104384.539
3821
-28789.0444
-17024.0505
-37623.5539
-239057.554
3825
-19812.0247
-63213.9268
-27590.227
-45208.1128
3829
-24877.8129
-20003.282
-52092.7595
-37865.1601
3833
-46463.9669
-95945.2847
-18515.024
-26133.9872

3781
-50356.1188
-64637.5777
-27148.5344
-10512.1117
3785
-16481.4538
-45470.7023
-32870.4277
-29347.1078
3789
-47573.3165
-79068.5958
-98089.2368
-21514.8031
3793
-26562.0379
-20446.091
-19983.4007
-30680.106
3797
-32798.8099
-44208.029
-32229.7075
-35928.5832
3801
-81314.8123
-183774.403
-61994.4502
-31644.721
3805
-19503.8414
-37310.5317
-57897.9511
-63063.8849

3753
-85534.2244
-65581.8065
-15526.058
-80113.5274
3757
-33762.4663
-208712.942
-93528.7982
-5681.72838
3761
-20774.7874
-84426.5073
-19943.4263
-61929.0862
3765
-25087.8884
-67558.6821
-29022.492
-15617.6964
3769
-43193.4679
-36485.8758
-44193.9566
-14231.8115
3773
-13349.2525
-45747.0085
-41552.6898
-49223.8082
3777
-77562.4166
-17453.7247
-34760.0581
-69226.7522

3865
-45738.8167
-71105.0648
-36027.6005
-109985.301
3869
-24460.901
-68096.3692
-37975.2255
-87455.4245
3873
-34320.7849
-42412.8277
-24356.8608
-21004.1366
3877
-20295.1689
-15832.604
-51268.454
-23075.57
3881
-23087.2467
-99542.7419
-15862.9301
-145486.331
3885
-16659.5451
-22709.8148
-43301.9148
-30594.4708
3889
-20593.592
-49636.7638
-15615.7258
-74966.9253

4285
-58643.9687
-33508.0377
-24961.2182
-33097.3247
4289
-70238.0237
-37346.5237
-54147.6831
-25646.3111
4293
-90002.5074
-21753.9534
-39585.1569
-96175.3602
4297
-119053.64
-74736.2178
-39896.733
-62802.7896
4301
-77078.8451
-20979.6489
-36669.8237
-123410.115
4305
-18628.049
-57586.1889
-23065.5972
-38839.7896
4309
-28488.2482
-24022.7688
-36874.1908
-32399.6472

4201
-42523.1785
-34552.093
-28847.3685
-37897.7897
4205
-200395.255
-37441.3377
-32856.29
-26983.1645
4209
-45105.2732
-54283.5801
-104166.682
-31715.5573
4213
-18583.6218
-14306.6167
-5827.84684
-42976.0561
4217
-18351.5295
-13180.7591
-33913.7347
-21887.1682
4221
-48784.4103
-66859.5221
-72577.333
-29379.4882
4225
-66598.5507
-29086.7603
-19257.0202
-32347.7098

4229
-25787.0583
-19269.6109
-14259.585
-56031.2288
4233
-47617.3952
-54786.8809
-24039.9739
-62053.5824
4237
-19834.1312
-80468.6753
-88945.5751
-25271.5484
4241
-63683.7898
-26521.7866
-34460.7726
-14732.1846
4245
-73771.5793
-152933.948
-26590.3284
-93342.0275
4249
-34351.1539
-71126.72
-33468.5855
-46484.3188
4253
-21154.4316
-25942.8119
-39777.2209
-46465.415

421
-53983.2926
-45575.5287
-33502.6383
-46953.7073
425
-53350.4605
-81384.1686
-25416.7771
-14724.4023
429
-48894.4985
-75735.1913
-19993.3433
-35239.5879
433
-31504.4803
-38295.4231
-26899.9908
-62292.3311
437
-46092.643
-12618.0972
-42914.9594
-27616.1032
441
-122977.341
-38825.6021
-28225.9159
-27315.6709
445
-21570.3252
-26654.7568
-36710.4493
-80294.5356

1989
-24137.553
-23407.1049
-38900.933
-74032.1939
1993
-51664.911
-12074.2713
-19618.4043
-27391.7996
1997
-66191.0806
-94810.8073
-18183.1658
-51930.3133
2001
-29410.1929
-19250.4923
-42901.9866
-41269.9229
2005
-100512.248
-50807.9151
-28867.969
-174383.475
2009
-14894.3744
-21197.0595
-30888.3266
-46577.5148
2013
-55050.1728
-45230.195
-26996.1517
-22588.2418

1961
-40707.0401
-40423.1626
-136768.835
-74213.2555
1965
-10631.3225
-51814.3636
-43670.821
-26972.8583
1969
-40503.6861
-56012.4974
-41533.4544
-26653.5722
1973
-25978.921
-39057.9203
-54370.5015
-269407.255
1977
-26450.0474
-76187.4205
-52464.8857
-39554.6962
1981
-24051.4959
-170168.913
-53930.5628
-45654.3273
1985
-33575.678
-29936.4121
-53120.056
-32664.966

3277
-23891.8278
-31620.679
-31768.0791
-71897.5607
3281
-76031.0728
-135746.452
-40507.6784
-29483.3593
3285
-45893.134
-97681.0541
-56832.9763
-26729.7647
3289
-29070.1594
-40684.2114
-87970.6277
-71997.719
3293
-34929.504
-45181.1173
-34113.3399
-85699.8695
3297
-128706.976
-46553.0209
-75723.8858
-20488.1092
3301
-47982.3543
-59414.8078
-16942.9333
-38749.1709

2017
-21708.3264
-76255.6724
-101691.524
-46648.626
2021
-27875.1266
-61656.0924
-47960.5268
-19000.0701
2025
-22524.9702
-18718.5001
-76238.6327
-22931.1913
2029
-50937.121
-74598.4729
-24410.6758
-33285.5555
2033
-38408.5567
-22723.1256
-64902.4201
-20805.4215
2037
-42401.6569
-31437.6815
-34403.2509
-48693.2862
2041
-99472.3105
-27860.0764
-40364.8635
-87107.7132

4509
-62387.0715
-32708.3514
-39092.0573
-115882.774
4513
-42882.6209
-182024.654
-38989.7105
-29575.9025
4517
-270265.539
-24704.4802
-65040.0141
-52846.6788
4521
-50444.3943
-85397.2223
-19034.7838
-94568.7926
4525
-60474.1626
-37138.2115
-51706.0659
-38281.9597
4529
-50046.9407
-69917.4019
-20559.6317
-51047.8125
4533
-78194.1923
-33516.7582
-27059.316
-34760.4424

1933
-13018.9448
-31057.798
-40507.6838
-41408.1869
1937
-68289.7191
-48430.8646
-12384.1326
-57354.755
1941
-101567.519
-34053.9071
-19513.3446
-174632.749
1945
-31299.9723
-44522.2854
-22382.4595
-40782.3424
1949
-22430.3371
-30525.0886
-40083.8163
-37507.6481
1953
-57499.9628
-40887.3862
-35930.9469
-26050.5766
1957
-53396.1837
-27786.2786
-32402.1641
-39111.1085

4313
-14676.8812
-45703.0804
-27167.8286
-19858.9139
4317
-86134.277
-30565.2617
-18596.8805
-50852.2237
4321
-37273.598
-77026.2676
-33452.5988
-48910.0305
4325
-53901.559
-115796.262
-23528.2651
-58166.17
4329
-33607.2564
-31318.0859
-78587.9132
-14469.1072
4333
-53209.1561
-16583.0022
-34286.4903
-141696.314
4337
-39798.7769
-23155.3236
-41223.9242
-36112.6733

4481
-18056.8073
-51531.7638
-23427.0202
-66320.6811
4485
-25307.7659
-44243.2172
-31740.543
-19404.4798
4489
-86075.7651
-39861.5612
-25712.8905
-38840.0678
4493
-24619.3351
-18220.2718
-72154.174
-49820.5793
4497
-33600.2672
-19807.1105
-36467.9159
-25450.9233
4501
-93328.6918
-54945.0952
-103906.19
-40686.0244
4505
-53416.7071
-42823.3668
-19881.5403
-31411.9335

2969
-30971.8588
-28471.8131
-64000.7117
-40487.532
2973
-80869.7947
-56060.0524
-9635.45917
-157940.825
2977
-25407.873
-80381.3484
-22521.386
-19997.6477
2981
-12800.854
-74090.7044
-102418.509
-15881.8888
2985
-108605.122
-42067.372
-25247.9425
-36872.4605
2989
-25969.9
-44280.667
-57315.9446
-30009.7348
2993
-66272.5314
-26398.0327
-36231.3377
-40603.3115

4565
-45505.5081
-33307.6483
-35640.7907
-39854.0959
4569
-32981.965
-18979.403
-125868.092
-73491.7699
4573
-133021.926
-31076.7943
-41217.4594
-51389.8559
4577
-23597.8747
-35456.6447
-43469.9281
-61681.9236
4581
-81016.2653
-47726.5066
-26176.0096
-31274.5657
4585
-48023.5144
-71916.907
-101859.004
-30311.7552
4589
-26118.3621
-79445.7425
-26074.1688
-109374.58

5097
-38222.3417
-90842.6822
-29609.0244
-21481.2795
5101
-22249.9281
-27053.3015
-36206.9512
-35073.372
5105
-53279.9657
-75853.0496
-40777.0788
-25333.4148
5109
-29800.6163
-160021.014
-18103.1596
-30044.3649
5113
-16601.7272
-57461.294
-98892.2122
-40088.6559
5117
-15828.9579
-17332.4657
-55991.5954
-16411.328
5121
-3553.10423
-16782.9207
-27070.7136
-71572.3699

4537
-49599.6501
-41638.0948
-40591.4615
-35948.8336
4541
-262523.011
-22974.1092
-25997.9078
-61856.4059
4545
-33485.9794
-36845.9932
-47322.2914
-21801.3286
4549
-24791.1155
-44920.4823
-35426.8032
-35895.3804
4553
-24952.6481
-24672.3397
-60710.0841
-50187.6033
4557
-20309.2572
-62889.0551
-30030.272
-84699.0964
4561
-32027.952
-53697.8771
-44530.9671
-41574.5125

4593
-35652.1059
-32777.4671
-38963.513
-15846.0703
4597
-27782.1568
-26569.0521
-21204.1303
-108568.024
4601
-21203.5968
-34348.7498
-18287.6856
-71647.1473
4605
-45997.7804
-12861.3735
-33726.1785
-47800.7212
4609
-39719.5098
-11336.9289
-13059.5274
-40369.0099
4613
-155267.323
-62123.6582
-12401.326
-47285.7558
4617
-16054.047
-30388.7564
-36590.7268
-17369.3869

4649
-55287.5962
-20886.0676
-167816.331
-26492.525
4653
-35406.6946
-31512.9449
-90143.5872
-24796.6499
4657
-99495.3916
-28301.9951
-44210.9706
-15576.7029
4661
-65310.841
-31560.8269
-21867.3749
-23397.4039
4665
-15320.7467
-31236.7917
-52559.9353
-18852.4215
4669
-35046.1073
-21655.8978
-30881.0793
-83548.1058
4673
-101469.384
-25640.0728
-72514.3818
-45924.8132

4789
-66880.0659
-20031.0066
-23645.0783
-62055.1404
4793
-48742.0069
-66919.7416
-62505.4403
-43239.1775
4797
-15019.967
-23597.5607
-22798.2641
-24137.7465
4801
-42317.8244
-62688.9732
-18296.11
-34091.543
4805
-113485.437
-20571.787
-152165.251
-51023.0485
4809
-15309.84
-42219.5694
-25301.706
-19927.145
4813
-17409.2052
-23135.4696
-139488.462
-34357.5927

4817
-77794.6417
-109151.964
-38560.1351
-36722.0467
4821
-85536.8507
-21362.2094
-8009.9318
-35507.5533
4825
-34386.6687
-14231.1554
-53571.661
-24533.8828
4829
-64215.7806
-125236.646
-100250.842
-37905.5143
4833
-24205.1983
-41807.0816
-39407.1502
-38707.45
4837
-66658.6037
-149810.282
-38996.1555
-23118.6027
4841
-16427.7334
-49498.8981
-18970.2005
-104698.605

5013
-13394.5579
-9377.16278
-30682.604
-34490.2707
5017
-124630.101
-47268.1028
-53506.6064
-47450.3156
5021
-224891.315
-24486.3917
-49230.8834
-18385.9362
5025
-32630.0181
-70657.4652
-29765.2735
-85153.4181
5029
-47541.9261
-20832.364
-37166.3681
-34724.8391
5033
-149470.329
-73526.6153
-24716.2368
-146869.369
5037
-6426.65388
-33436.7096
-61273.5159
-38422.0825

5041
-82714.8252
-40030.5788
-78066.1823
-64481.5718
5045
-22755.5049
-82157.428
-45950.1371
-15244.2979
5049
-16152.0438
-16308.0101
-23292.127
-37910.1302
5053
-25065.7071
-27358.7595
-60501.1704
-37901.3517
5057
-60696.997
-28269.1485
-72406.467
-78429.042
5061
-62308.9804
-29209.9459
-250224.307
-49964.7496
5065
-25327.3155
-49852.179
-24898.3272
-36176.0543

5125
-26935.6102
-6505.67954
-29161.7395
-30372.113
5129
-137512.382
-63031.1221
-44661.8416
-53387.5921
5133
-43203.4233
-40647.498
-27461.6972
-18544.3559
5137
-56283.9298
-47235.6641
-13061.5285
-26527.4252
5141
-65817.0929
-71018.3726
-49500.6648
-31388.379
5145
-42389.54
-32295.022
-35254.0059
-37391.0601
5149
-147625.133
-90681.4098
-34341.1753
-29016.4426

4761
-29982.5657
-116732.489
-46854.9268
-47112.6465
4765
-15122.5828
-121575.342
-127118.53
-22632.2448
4769
-19310.4836
-17240.2207
-40899.6813
-36448.6467
4773
-35015.9782
-43819.0884
-96800.1517
-15652.1193
4777
-34082.5609
-29677.4176
-19107.7877
-59510.0486
4781
-18373.3503
-159486.175
-23417.41
-13417.0357
4785
-16299.8708
-11167.075
-25885.7942
-79378.0235

5237
-16879.0431
-28749.9234
-16020.2385
-43566.9066
5241
-138188.433
-63038.425
-34936.6387
-87687.259
5245
-15780.9871
-71108.6535
-108677.102
-21479.5561
5249
-49847.0104
-38600.6733
-63765.6322
-62647.2786
5253
-28314.7671
-44461.2994
-71349.9042
-32916.0057
5257
-21897.1256
-28364.7384
-20848.9354
-13295.1814
5261
-65466.764
-39454.3438
-23101.6354
-105995.475

6077
-81399.1793
-53619.836
-31086.5957
-20547.5456
6081
-67327.4355
-15324.2061
-54968.3514
-30194.0864
6085
-60497.7311
-37931.39
-56106.1966
-48273.1541
6089
-16231.2456
-45248.8224
-32794.5893
-99875.1704
6093
-14045.0351
-60279.1672
-22678.6081
-18708.5736
6097
-18265.0704
-18976.803
-19224.8193
-135647.357
6101
-34955.8233
-14157.6183
-15621.5755
-45392.4609

5377
-24915.469
-36924.7304
-41936.4092
-30212.0017
5381
-13292.7697
-38094.6903
-22378.9609
-34021.0436
5385
-105376.279
-36801.9111
-56407.5493
-98465.058
5389
-26025.0872
-134694.378
-35808.6898
-95356.0399
5393
-83222.5838
-50595.0438
-26303.6141
-88679.4842
5397
-92938.9386
-80384.139
-39182.1617
-28184.7228
5401
-19770.1532
-14674.1019
-177068.559
-38548.2353

6105
-24994.3861
-48335.9542
-65360.7269
-86935.1201
6109
-49405.9693
-41589.8281
-47107.2509
-72685.9442
6113
-22918.6699
-88670.1959
-37322.6768
-30597.2293
6117
-123482.202
-21079.8699
-45649.0418
-17095.0494
6121
-77545.6236
-39421.4406
-82316.0986
-25066.8358
6125
-37093.5253
-69034.7355
-22035.8177
-33372.7654
6129
-149284.583
-48345.0119
-33810.6051
-62138.5035

5181
-66664.2835
-52452.9116
-48337.2109
-45327.1267
5185
-14975.3503
-40525.5347
-51875.6499
-119924.085
5189
-23113.9549
-72234.6697
-52370.2689
-74994.6448
5193
-62932.0286
-31778.4187
-196702.501
-40312.0388
5197
-27113.6881
-22272.5586
-68333.6486
-94823.9513
5201
-28462.4419
-35680.206
-34355.4501
-91654.8471
5205
-41268.6561
-31995.296
-26467.7534
-30054.9714

6049
-86269.9048
-86805.5841
-54166.8803
-34359.8361
6053
-25838.3025
-29167.737
-40938.2746
-57829.2901
6057
-60443.0863
-48382.5588
-114802.13
-42223.5986
6061
-42316.9802
-2466.70059
-34821.1799
-27224.1133
6065
-23583.2072
-37650.4106
-17453.5878
-48531.0646
6069
-45667.3378
-26882.5293
-5137.99673
-40444.9389
6073
-44345.9808
-39502.7186
-162884.597
-40861.4131

5853
-44878.0893
-86617.778
-40483.8783
-51385.8486
5857
-56198.5034
-17091.9031
-47531.4484
-25433.9455
5861
-44131.0606
-49797.3733
-63185.6056
-72711.0654
5865
-32931.9542
-29180.5492
-46407.5567
-17009.6223
5869
-33154.6976
-25749.7379
-38700.2594
-86218.2267
5873
-105217.409
-68991.0676
-37300.7835
-46457.9052
5877
-16420.5438
-28789.6335
-53531.5106
-59470.8279

5769
-93204.581
-47326.1586
-22397.5854
-30373.803
5773
-49245.7109
-30982.4695
-10815.5292
-49082.3826
5777
-25543.3599
-29818.247
-128633.765
-15890.4741
5781
-87812.5836
-70397.7537
-61577.5695
-16764.3528
5785
-16871.6179
-14010.6876
-28533.5108
-45399.0709
5789
-16138.4157
-174403.735
-12978.9972
-118323.187
5793
-59597.725
-16951.698
-119502.472
-54654.6053

5825
-49914.167
-22334.833
-66089.6887
-33281.6772
5829
-54677.5611
-62654.0367
-19514.7687
-42944.4056
5833
-41221.7498
-21409.5161
-46530.3761
-28519.4488
5837
-129825.81
-55416.4142
-83279.7053
-63116.0553
5841
-14747.8349
-21723.4904
-60055.5296
-43414.699
5845
-25051.0529
-21674.4248
-20813.5685
-21421.0598
5849
-40780.4941
-32617.6723
-32492.9226
-50468.752

5685
-39719.5822
-52799.9723
-78800.6734
-25579.556
5689
-52739.8279
-104853.315
-31061.2662
-32030.6613
5693
-17670.8378
-41693.724
-59102.518
-34740.2569
5697
-46953.6949
-30003.8469
-47307.6391
-71603.4742
5701
-18939.3162
-75967.5167
-35989.0327
-71933.5033
5705
-30500.2198
-22020.6204
-81541.2615
-19680.4927
5709
-59059.4414
-40041.1842
-44274.8525
-14814.7548

5601
-51262.2729
-59519.8564
-42821.9762
-11936.5397
5605
-20432.7724
-45695.3866
-16079.5693
-70600.24
5609
-15893.5944
-111050.95
-53014.3503
-45876.2037
5613
-23466.5089
-82699.4561
-50253.9316
-45924.4868
5617
-22328.827
-44821.8517
-88585.7373
-109300.744
5621
-25681.2813
-69406.5334
-50834.3682
-110180.431
5625
-26072.2286
-75048.0134
-84214.4728
-49694.0584

5657
-100778.247
-18491.6599
-77844.3633
-31631.6619
5661
-28516.3588
-32087.9309
-35206.7517
-25527.833
5665
-29293.7283
-50340.6231
-51433.3168
-41833.6121
5669
-22447.6094
-76168.4038
-61786.0526
-32712.8329
5673
-20720.5072
-41010.02
-56847.5693
-25654.7089
5677
-41691.4859
-36146.9234
-47988.7337
-29997.4606
5681
-49871.4713
-33785.8275
-37684.8326
-48418.0577

5965
-52333.8236
-41668.3295
-31017.7066
-45790.2504
5969
-17345.3609
-38318.4742
-46625.194
-39353.4258
5973
-42911.4647
-37789.427
-107363.399
-26699.3004
5977
-100328.133
-79020.5632
-76875.0575
-53199.6278
5981
-28304.352
-19862.3926
-18878.5739
-85703.1459
5985
-31849.7872
-35840.295
-24959.9661
-61877.8521
5989
-15241.9426
-44960.3663
-79146.0783
-69584.8564

5909
-19399.3497
-39500.116
-104119.177
-137860.515
5913
-19126.9857
-25361.113
-27887.1201
-27656.1145
5917
-74038.2606
-18837.6466
-20134.8746
-30135.5489
5921
-47958.7318
-42139.6833
-7180.03867
-77816.4207
5925
-9862.43995
-71667.6162
-55172.1186
-20979.8846
5929
-64520.855
-63378.5187
-99222.6818
-35467.4563
5933
-91443.1633
-41944.4338
-27521.0617
-34773.6406

6021
-39217.6382
-17773.2856
-5688.51322
-15262.8063
6025
-59063.7239
-44333.765
-19743.55
-45497.5313
6029
-32757.5853
-67475.1066
-22667.5739
-32151.32
6033
-27132.0022
-19593.982
-26331.5209
-126302.025
6037
-18341.9189
-38291.9787
-74972.2534
-25502.3582
6041
-43786.5289
-41701.9156
-27394.7532
-26519.5417
6045
-28599.1964
-32504.0468
-44203.1873
-36203.6187

5489
-81555.9921
-20947.3609
-26185.9359
-21488.3331
5493
-44514.5074
-54582.1729
-31976.1358
-56081.3813
5497
-29274.0348
-55481.577
-64486.0933
-50923.5441
5501
-98477.4798
-28465.727
-69509.0942
-28298.9049
5505
-93735.398
-168496.365
-13577.0587
-26259.0633
5509
-43236.5614
-20375.63
-31234.6481
-17905.535
5513
-24060.7639
-29521.9639
-26620.026
-29088.8546

5629
-72802.94
-31879.5967
-41312.634
-57929.1596
5633
-82661.7568
-69192.5687
-23312.8308
-25923.4903
5637
-48492.0703
-19158.5542
-68786.1589
-39942.2596
5641
-41812.7194
-42186.6496
-12797.0186
-20800.8376
5645
-44122.0512
-83059.0657
-43817.3769
-33140.6043
5649
-44312.054
-80126.5827
-18774.4103
-28612.8564
5653
-23156.2031
-19306.9158
-17647.2331
-30276.0846

5517
-154159.439
-58966.826
-22102.8153
-40377.9667
5521
-63841.7614
-128524.065
-43142.571
-23772.1198
5525
-38156.2194
-21200.2581
-61262.1006
-84075.1673
5529
-16134.5138
-38536.8979
-19744.2787
-38700.2204
5533
-19809.7615
-25208.7035
-22212.4746
-61091.1172
5537
-30402.1134
-45130.9124
-27298.8019
-20009.7747
5541
-23876.4688
-114280.844
-42991.7473
-36395.2304

5937
-52839.9559
-18268.7347
-49208.1829
-24378.8026
5941
-73729.3739
-58618.1858
-29148.76
-27741.8613
5945
-29130.0668
-27145.0685
-41083.1545
-87593.278
5949
-48276.41
-23886.8112
-26465.01
-36525.6769
5953
-42372.7548
-23876.8734
-60316.4779
-39533.2092
5957
-74167.1829
-33318.6146
-23473.3699
-63759.1875
5961
-377933.553
-29709.3935
-31503.2108
-15791.4614

5573
-38877.5435
-48848.8483
-24199.4307
-96242.0571
5577
-71442.2504
-33586.996
-27789.7932
-43606.9016
5581
-23769.5502
-53610.1105
-35149.3944
-160128.871
5585
-83512.6522
-37584.6627
-64033.0257
-40931.9257
5589
-50641.3533
-52329.1544
-30495.846
-29623.8687
5593
-31754.7364
-19937.9513
-87559.3006
-50685.2204
5597
-15337.6715
-163312.049
-37777.9132
-32668.452

5741
-50583.8449
-83224.8266
-53920.9442
-50025.9197
5745
-20948.9146
-18641.0033
-40580.943
-23513.5028
5749
-40966.4708
-22572.6876
-39699.4231
-57307.6425
5753
-25311.4288
-61098.7671
-37230.7285
-22810.9229
5757
-21637.6905
-32347.07
-21383.404
-87525.1578
5761
-35685.4739
-52000.5999
-28914.3566
-63013.9112
5765
-124475.364
-17869.6556
-34047.9061
-42586.7012

5405
-12104.2086
-28355.8604
-130791.164
-28982.1606
5409
-42731.7686
-15157.6639
-13542.9186
-38166.2719
5413
-55111.9904
-34333.5682
-68757.7238
-40174.3477
5417
-35537.1907
-48135.0356
-23329.8967
-33254.7479
5421
-33369.4866
-41229.9318
-146639.737
-37812.6424
5425
-57397.0747
-36117.6671
-133424.905
-22058.2367
5429
-58666.5534
-69758.206
-20907.2669
-40480.9296

5713
-50171.2288
-18446.0444
-33546.2338
-19302.6264
5717
-21583.8524
-43760.8588
-65422.5343
-28093.3795
5721
-47379.184
-16082.3138
-27902.2821
-18290.6062
5725
-69620.8478
-46527.317
-21114.6583
-39461.9912
5729
-31148.0812
-62400.4428
-48086.3451
-33346.369
5733
-25466.5186
-59257.513
-65008.5532
-27667.4022
5737
-24721.1741
-39443.1439
-40510.5669
-14218.526

4705
-35308.1612
-30529.266
-28210.6901
-57297.0091
4709
-93376.7054
-36355.6439
-41733.4875
-83691.9106
4713
-39121.7147
-19089.8486
-35834.1749
-100057.269
4717
-56815.8585
-57286.2161
-75291.4074
-16275.5685
4721
-75498.5167
-26741.3697
-32506.5087
-34805.9996
4725
-35560.8732
-20731.4139
-56311.4519
-20211.599
4729
-40565.0661
-120765.584
-71062.704
-113130.666

3613
-28593.6503
-42811.612
-60776.1327
-39355.4187
3617
-54205.4768
-42049.3935
-20980.6466
-18060.0942
3621
-33961.7161
-46494.7686
-24132.8847
-20956.7409
3625
-28471.4701
-26238.6102
-20432.7199
-31148.646
3629
-103450.663
-26745.7469
-32944.2143
-29934.7604
3633
-44113.0266
-35868.9699
-19820.2098
-42676.1155
3637
-85139.7823
-51573.5599
-34329.7532
-21451.8774

5433
-43900.5444
-150297.07
-16117.6503
-36418.0887
5437
-58398.7861
-32528.0609
-66495.9085
-51368.1685
5441
-26853.0558
-25256.0905
-20568.8252
-12875.1476
5445
-20469.5184
-70182.4713
-12150.206
-46243.3406
5449
-51620.4
-20861.9217
-51308.8909
-41456.2908
5453
-22007.9957
-33435.3263
-36289.7488
-39824.3896
5457
-20656.9718
-96892.0522
-41044.1616
-33163.4758

5993
-65148.1244
-18094.9734
-36373.1281
-20937.3057
5997
-34509.8729
-35088.5094
-53989.5165
-56643.864
6001
-93012.6534
-61398.1027
-69372.2692
-72642.0893
6005
-71446.8234
-22676.0664
-28530.0863
-108006.262
6009
-70511.5107
-22848.6725
-98633.3285
-39034.3168
6013
-14367.8166
-64674.1993
-136377.001
-126844.543
6017
-66002.7842
-17813.85
-42008.9745
-52435.8887

5153
-56618.7921
-76323.5428
-47021.5381
-63023.1183
5157
-32327.6106
-60226.4351
-85661.0047
-38098.6428
5161
-31038.5346
-59301.3645
-72260.2141
-103581.351
5165
-23465.3016
-23859.7184
-18898.8183
-73936.0615
5169
-3534.53891
-71809.6754
-31684.5407
-20045.4259
5173
-22710.3563
-33813.1422
-65992.4674
-23914.7081
5177
-25523.5912
-141220.089
-17111.6158
-115933.171

5797
-29402.3399
-46440.0474
-22723.5577
-29745.0873
5801
-19370.1276
-27965.1465
-14945.5738
-93518.1047
5805
-85360.6012
-52538.2819
-40759.7733
-45736.0632
5809
-31981.7278
-45427.3729
-21774.0771
-20054.7474
5813
-78797.0129
-72399.9064
-82287.1234
-14532.0298
5817
-29788.4119
-19319.8931
-34285.4458
-50560.8903
5821
-66738.94
-36857.5137
-30943.5518
-20286.286

5545
-159480.75
-33597.831
-37897.4584
-96266.0121
5549
-35442.5021
-42560.259
-28258.773
-37711.0962
5553
-39196.2665
-27698.2953
-41479.7649
-24444.2193
5557
-33452.4656
-32773.4741
-44511.4832
-20311.0157
5561
-46925.2336
-28629.8991
-80708.7123
-30631.8385
5565
-89693.461
-25859.3791
-15091.5045
-35686.2233
5569
-290254.321
-31007.9217
-37983.7842
-92513.7421

4677
-27035.1761
-273499.281
-17383.7664
-47881.3359
4681
-83719.1338
-78457.1508
-36768.2722
-27434.8416
4685
-26800.9773
-31164.9704
-39278.6828
-18572.7022
4689
-17601.4401
-104253.589
-55002.1474
-8785.60034
4693
-34891.2847
-27701.9206
-62505.5923
-24442.7988
4697
-26324.8339
-40653.3123
-19959.3372
-113071.565
4701
-41282.8611
-199222.104
-39785.4012
-33919.7475

4733
-18448.9264
-39246.2291
-60469.5134
-103188.811
4737
-12666.5926
-38703.2527
-78047.2658
-37867.5426
4741
-6582.27186
-38605.3914
-34979.6903
-35023.6308
4745
-125383.296
-61134.9424
-13746.0518
-25681.4126
4749
-58167.6187
-5298.68981
-34397.6298
-14598.9199
4753
-40181.089
-58974.5627
-16433.2409
-62374.8407
4757
-20580.8975
-62558.9266
-34098.0884
-65884.9097

3445
-52128.9779
-41581.941
-21531.8495
-28741.9183
3449
-16092.6893
-25530.454
-16188.3946
-66080.3353
3453
-14671.8276
-58614.2157
-240596.446
-23113.826
3457
-35110.7466
-34633.4865
-32359.4325
-108006.566
3461
-17510.372
-16722.7799
-48918.4304
-138673.474
3465
-90678.6381
-47482.1748
-45567.2207
-23201.7445
3469
-23249.1104
-54920.4133
-15652.3771
-16233.932

3389
-40600.5036
-28937.1055
-38119.7512
-37844.9877
3393
-144435.327
-47945.2057
-78726.7375
-51917.6459
3397
-97428.2237
-41296.4074
-68460.3657
-48826.5699
3401
-46591.6714
-46921.6166
-25003.8314
-75709.1645
3405
-34863.9407
-23678.9839
-55551.2047
-52338.6519
3409
-45266.0747
-52195.7616
-37947.7209
-34206.6848
3413
-142426.719
-18027.2419
-57181.6861
-18748.9273

5209
-256840.672
-50470.5439
-36263.7489
-24808.7351
5213
-70441.7928
-114624.151
-19504.104
-42310.335
5217
-38982.0908
-114285.972
-105723.968
-20680.9285
5221
-113911.448
-27446.3945
-32392.5342
-48701.6345
5225
-49310.4954
-85100.3946
-42636.081
-25215.7246
5229
-92824.895
-78302.7914
-86923.9091
-40647.2936
5233
-24323.0875
-22050.6467
-299444.912
-43986.7307

5881
-96668.7473
-31893.353
-34426.175
-40439.0915
5885
-23011.7365
-24149.6306
-69829.0248
-52075.2837
5889
-29882.8138
-43673.6108
-33881.3985
-18051.4376
5893
-57487.3253
-82200.322
-16416.1907
-35043.2458
5897
-17339.0206
-25946.132
-52090.6965
-20859.4358
5901
-35632.6619
-12023.1976
-17949.8743
-33371.1651
5905
-35137.4415
-32496.1863
-130759.946
-84029.8911

3361
-25282.9976
-30560.0516
-117398.947
-19401.0535
3365
-29221.1569
-17786.9138
-31680.0828
-34549.7346
3369
-2368.37456
-25848.1512
-83589.932
-62819.2277
3373
-35597.9992
-17069.8607
-25884.3154
-53285.3591
3377
-118870.309
-38104.1433
-43960.5464
-10002.0776
3381
-34688.4881
-24339.8356
-36458.5519
-21210.4923
3385
-44111.9998
-79874.357
-25171.0683
-105611.567

3417
-19875.5205
-58780.3715
-30885.0346
-61916.6034
3421
-43518.331
-43391.0159
-72141.8183
-111766.455
3425
-22940.6328
-28415.9697
-73182.3786
-66705.3628
3429
-95284.36
-41354.6819
-18048.1432
-51882.5478
3433
-46965.3722
-144386.184
-60985.3957
-16849.1097
3437
-39657.7732
-30417.2133
-32176.4023
-50785.778
3441
-33934.3905
-34087.8991
-70965.5222
-62212.6944

3557
-42113.7414
-17872.8174
-104545.173
-29216.3805
3561
-35932.9872
-47180.8115
-106760.885
-52892.8637
3565
-107798.656
-94813.7901
-45686.8251
-49279.0662
3569
-91314.3399
-37642.0265
-39349.8053
-66366.374
3573
-45884.0463
-27093.5324
-87367.4605
-48719.5889
3577
-76467.4232
-71814.4283
-40641.8324
-42281.5967
3581
-24479.5708
-14527.157
-67220.4356
-44035.4061

3501
-79762.4627
-21351.2227
-21154.8933
-26010.0773
3505
-22520.0396
-61354.4492
-66165.8003
-34826.4524
3509
-74435.0828
-16486.3264
-54608.7917
-46767.9434
3513
-20070.6529
-47731.1277
-37122.0437
-87595.2637
3517
-15635.4731
-5916.32866
-57728.655
-17274.939
3521
-101471.429
-24511.4888
-52473.9427
-32252.2966
3525
-63249.2255
-28054.1979
-83322.2513
-47083.3937

3641
-125129.51
-37290.1381
-34110.5616
-66675.3142
3645
-123704.516
-72586.9784
-21547.0638
-111778.205
3649
-114834.918
-90419.4236
-30974.0829
-16169.582
3653
-107282.795
-44875.9584
-29555.3854
-108533.246
3657
-31852.8593
-41675.5699
-53384.9504
-88035.1154
3661
-32107.8153
-17459.5501
-44011.0489
-77880.0596
3665
-157395.685
-93070.3693
-40356.0785
-54959.059

3529
-32917.9676
-70949.1403
-14045.4996
-117264.161
3533
-88442.5142
-98401.6538
-26075.8728
-21411.3843
3537
-68317.0468
-47338.541
-30242.6354
-246240.533
3541
-26101.4963
-36556.9822
-19609.2556
-34669.4325
3545
-47950.9695
-54980.5276
-44480.5831
-48218.6629
3549
-28779.0148
-83120.6355
-14417.5457
-73522.5143
3553
-33700.778
-38372.8427
-61383.9604
-25786.722

4257
-39010.9332
-49630.8593
-23676.367
-27643.4834
4261
-89738.4687
-49146.7581
-16026.2969
-59434.5413
4265
-50207.0223
-29061.1367
-23591.1756
-48496.9365
4269
-87207.1116
-42489.793
-101101.875
-39217.371
4273
-41070.9405
-41578.3245
-22027.1184
-56593.7906
4277
-40033.6328
-16038.8855
-37533.6497
-34738.6093
4281
-123377.648
-46292.9506
-75013.882
-26648.1682

3669
-27893.8818
-17406.6766
-62425.5973
-169422.366
3673
-38550.6078
-26158.843
-23774.1892
-14939.2749
3677
-46561.0496
-20370.4532
-30159.4133
-22211.8587
3681
-42123.4029
-106687.082
-55860.381
-32677.4294
3685
-11992.6761
-63580.4735
-34437.3055
-33979.2778
3689
-24335.4676
-84045.9773
-30151.176
-28522.6104
3693
-48837.5651
-57501.7665
-22538.2727
-37380.9695

29
-24198.0703
-25151.6713
-26795.5225
-103174.35
33
-28408.0446
-21656.1661
-16267.7582
-26252.0172
37
-126861.597
-59743.8346
-94770.7405
-56734.1279
41
-63899.3695
-74830.038
-35179.1217
-56289.4543
45
-57191.6469
-63371.5922
-95266.3103
-20656.9129
49
-43834.3301
-62430.2091
-91615.8354
-22452.511
53
-66026.2425
-170867.124
-20656.4087
-28636.8709

253
-44708.6408
-61032.7722
-34365.5882
-41494.0898
257
-36083.5694
-18418.5195
-17562.1804
-46165.2243
261
-27016.1487
-34388.5616
-47653.4518
-50481.5413
265
-16625.8422
-161965.989
-20160.9633
-15649.3871
269
-39094.3099
-61371.2439
-148645.238
-38092.6259
273
-32690.1595
-57394.5699
-29438.6225
-50112.7792
277
-34458.0135
-42747.8749
-46938.0436
-39534.4702

281
-11050.4684
-26469.0275
-31709.7162
-22343.6738
285
-82358.6893
-93210.4107
-54024.1526
-241921.342
289
-90015.0727
-56564.2413
-18529.7865
-22638.0867
293
-37750.0784
-72292.4102
-35242.6688
-45180.9316
297
-17578.7684
-46362.3821
-20088.235
-20211.7141
301
-70920.2466
-18941.0221
-23327.8808
-50669.6093
305
-34854.6519
-22990.1667
-66144.4965
-104892.423

561
-53982.3224
-19696.6424
-56581.6786
-106882.263
565
-39248.856
-33039.8708
-32269.9656
-17615.8387
569
-98409.0966
-24485.7742
-64497.2676
-60245.0701
573
-20536.5358
-26205.7726
-17758.9293
-132431.387
577
-37944.0041
-37775.5761
-164396.376
-29201.6034
581
-15337.1439
-49235.9317
-65031.387
-69253.0827
585
-238658.86
-87767.1598
-6155.95699
-160026.751

393
-44459.0294
-55983.0722
-47615.4937
-27517.0818
397
-41203.8572
-41397.3476
-25704.0151
-33480.1146
401
-19061.5321
-23419.6723
-19486.6807
-26939.5817
405
-38928.7228
-37233.7985
-28190.0973
-29091.4043
409
-24496.3757
-60182.9823
-33009.6737
-131512.995
413
-33379.195
-43232.7956
-79411.9907
-14908.7922
417
-32801.6234
-105218.667
-18199.2679
-32683.6725

3333
-48441.0245
-40115.1621
-15833.2708
-52791.2563
3337
-31303.799
-62436.9973
-106628.749
-108067.356
3341
-22537.8442
-53382.899
-65204.8626
-28126.6028
3345
-6457.35966
-34114.5432
-103028.787
-19786.1714
3349
-32936.4935
-15455.0337
-20355.5554
-31971.1181
3353
-40783.3012
-33317.7565
-22153.9983
-17083.6243
3357
-4649.32629
-35253.9504
-23758.657
-21123.0414

2857
-23128.7009
-18128.3677
-103320.727
-22335.1415
2861
-104243.833
-18253.8217
-58912.5838
-20592.9638
2865
-15929.6997
-58507.4039
-20313.7343
-175676.629
2869
-20837.738
-23891.2366
-59863.4162
-23095.0324
2873
-92093.1634
-16800.4018
-19034.23
-34400.7116
2877
-20209.0907
-47391.6714
-7903.09987
-109994.174
2881
-39275.6566
-179716.804
-19643.1446
-24983.8045

2633
-35927.507
-158871.369
-56581.6425
-19156.3818
2637
-98258.5571
-64242.6402
-31234.7524
-110239.988
2641
-76521.4475
-123478.546
-19436.7755
-19854.1336
2645
-64894.6731
-51542.9235
-32326.5713
-54621.8355
2649
-29476.2162
-75864.935
-67218.6048
-46624.2825
2653
-57779.604
-54140.6069
-25113.5326
-59963.1732
2657
-20563.9179
-40548.7462
-86232.7836
-185974.327

85
-83314.8382
-27605.6357
-143058.581
-42598.1522
89
-106520.6
-45338.804
-17991.1851
-43202.9587
93
-21806.9383
-28428.4371
-67040.3309
-21539.3088
97
-20853.657
-51489.3093
-182709.735
-42581.3374
101
-15993.9855
-51604.6842
-33010.3849
-32654.8061
105
-40042.8838
-36126.5265
-16299.646
-109738.137
109
-49446.9488
-47311.6232
-23405.5739
-2664.87225

2605
-68580.3242
-42443.8314
-38247.5647
-62535.3387
2609
-23218.8517
-57169.1449
-44438.8504
-74774.2281
2613
-26559.936
-17396.6736
-28300.651
-41093.235
2617
-45480.5231
-25290.4093
-40154.0421
-26965.3446
2621
-39481.6983
-72277.5913
-73292.5524
-30245.3823
2625
-63004.9422
-28982.1841
-11988.5506
-59407.2639
2629
-20966.8868
-44304.5449
-43141.677
-35607.5712

1373
-29794.292
-13843.2735
-15877.2787
-31156.9051
1377
-24019.7494
-28019.4443
-59249.921
-84260.1753
1381
-14524.9337
-56168.2953
-75364.7127
-27823.6837
1385
-22112.6004
-28325.0473
-19902.0037
-37632.8254
1389
-43176.1363
-69989.1665
-46379.7464
-27719.8701
1393
-49246.2123
-32372.0544
-20135.9988
-41240.6568
1397
-16316.7088
-82154.5326
-15706.4697
-22349.0843

1
-29538.2357
-22161.8109
-31418.1039
-37814.1118
5
-88719.478
-10192.4537
-71392.4159
-29269.2757
9
-40967.3029
-66193.9566
-53214.8019
-57909.7322
13
-86275.1632
-17549.5675
-19948.8532
-42897.9879
17
-60912.5235
-41111.5564
-73661.1514
-150421.023
21
-17761.2299
-136490.108
-45735.8472
-57426.4345
25
-60393.0583
-51186.4581
-77726.1665
-24784.0206

2269
-55346.7914
-25176.9829
-14251.3019
-36943.5667
2273
-38996.1062
-47698.2396
-43640.0012
-37149.5106
2277
-68726.9739
-79848.4786
-17091.4578
-35017.8873
2281
-19886.8903
-28996.511
-27082.3791
-46174.3413
2285
-41629.5805
-30270.2346
-84755.9752
-51669.9997
2289
-18869.0919
-28517.2613
-19443.2892
-34617.1248
2293
-45006.5098
-58576.1742
-23457.1978
-98510.8508

2241
-30080.1888
-27542.7528
-46664.0413
-80707.3571
2245
-19389.3086
-32848.5773
-56411.1555
-28963.6792
2249
-39640.2726
-24455.0523
-47900.0163
-18633.5041
2253
-53665.4501
-46111.198
-20094.261
-43587.1438
2257
-24041.6533
-31633.0041
-14419.2829
-64569.433
2261
-35680.9685
-38919.8545
-25410.9745
-19388.3633
2265
-72059.5746
-40715.799
-22264.3754
-38927.331

113
-14523.8226
-155704.174
-66946.5473
-83426.9413
117
-86031.1657
-194469.157
-17283.6482
-162151.975
121
-12947.3836
-35968.1068
-68184.9165
-260046.169
125
-52350.703
-32754.4768
-139090.472
-18466.049
129
-110846.242
-26849.9202
-29531.8906
-39046.7319
133
-79279.4528
-34108.7064
-18028.9489
-60714.2097
137
-37359.806
-36824.1136
-48453.8701
-56487.0811

2661
-65621.1911
-38540.2328
-65966.1185
-65912.9007
2665
-33780.9237
-60847.1796
-55822.4565
-20078.8765
2669
-18191.3143
-40439.6777
-91787.9425
-15939.8338
2673
-206639.361
-28557.9183
-71055.2445
-61728.8305
2677
-60375.3996
-40349.3078
-55590.4949
-21916.4987
2681
-48993.4184
-99824.5013
-56496.3599
-91678.7702
2685
-125907.42
-67186.1771
-18776.7631
-82069.9835

1345
-63452.9787
-35314.4264
-84689.315
-44170.6164
1349
-21899.9416
-38054.3935
-19226.0748
-12118.4917
1353
-18688.9492
-126161.294
-40667.7851
-13944.267
1357
-22473.1339
-17279.7968
-53734.4733
-24777.9863
1361
-20724.5366
-37573.5439
-49479.5398
-39933.0954
1365
-85344.2806
-177238.949
-31001.6004
-24268.964
1369
-78054.33
-80501.4729
-46749.4877
-81078.4139

1317
-78325.6398
-69031.1497
-22080.5048
-35675.3003
1321
-20172.2085
-110591.544
-28274.4637
-70649.464
1325
-71949.7352
-17245.4823
-16596.4482
-109955.247
1329
-34398.5642
-149978.6
-32892.48
-36554.7549
1333
-50075.2954
-87482.7656
-84363.8497
-46022.8025
1337
-25354.2311
-20580.7458
-26979.8746
-98134.3578
1341
-17580.0478
-36144.4942
-68545.47
-61099.7559

2801
-66636.1579
-58078.3859
-43056.8051
-25626.4248
2805
-30029.6803
-29006.722
-13639.9676
-56511.436
2809
-38962.5546
-80772.3348
-52721.263
-34591.4444
2813
-83344.0563
-44509.238
-50128.2152
-38054.8887
2817
-22483.4418
-57171.5458
-28886.1312
-24306.2251
2821
-45887.0763
-30863.4735
-101246.238
-26327.5775
2825
-23701.7846
-29011.0465
-45240.6055
-134094.235

2829
-21434.4702
-53485.8037
-64638.742
-51825.8727
2833
-24986.2966
-12371.3406
-35286.4135
-54320.0964
2837
-121228.648
-101564.932
-86699.8638
-56389.3688
2841
-24673.3358
-37059.8706
-99934.7838
-45192.265
2845
-29282.4213
-32989.8403
-21087.3977
-33048.5428
2849
-26182.2678
-18866.7471
-44116.8476
-14072.0984
2853
-19981.3689
-15054.3358
-39945.5845
-58189.1728

2773
-33484.5158
-55561.244
-20267.1946
-30244.2799
2777
-68753.6436
-20123.6615
-30647.7217
-22789.9802
2781
-41293.2025
-18608.5865
-18502.4373
-166801.097
2785
-49220.1272
-18446.3019
-17102.6868
-77393.1466
2789
-40995.3268
-113039.049
-28951.2834
-26479.6628
2793
-15838.5613
-46264.7888
-43059.2439
-72770.281
2797
-54511.6967
-36648.8925
-54555.7312
-23313.8435

2689
-47926.6627
-22150.8201
-34419.7987
-40736.9614
2693
-33604.1757
-47169.5311
-43264.8747
-38331.411
2697
-71533.7823
-20628.0014
-14797.8618
-14433.3493
2701
-35191.8841
-4003.33522
-27256.8685
-48920.9043
2705
-146773.776
-27021.3873
-47260.838
-26780.1062
2709
-104495.505
-16109.8486
-54240.0764
-78284.3034
2713
-55139.9986
-40559.4006
-48617.3
-41795.8225

2745
-36805.9814
-23337.8443
-14358.0055
-27225.3879
2749
-26535.2604
-23542.3842
-76435.9064
-16301.8844
2753
-22205.6888
-41858.6853
-20713.0731
-30190.9392
2757
-73452.7717
-30875.5837
-37193.8325
-107614.544
2761
-53793.2254
-46824.1803
-44226.7707
-24784.4639
2765
-88703.5659
-25698.7039
-19360.6137
-82938.6963
2769
-19773.9377
-145670.121
-36366.1897
-56548.8199

4341
-18386.9851
-66458.2141
-159899.725
-29124.7789
4345
-32287.8944
-32972.8993
-51518.6764
-101700.701
4349
-50657.9167
-51092.4191
-81577.6615
-43053.0244
4353
-22304.1862
-47322.6817
-23456.1907
-64531.2043
4357
-34798.6464
-17641.3276
-144775.694
-40026.888
4361
-135528.554
-38847.8538
-48622.7182
-23556.3116
4365
-26064.0886
-42856.1008
-36853.7883
-72796.9608

4369
-70173.5082
-46136.0922
-36162.3733
-12109.4189
4373
-33209.0519
-13616.6761
-67043.0399
-29031.9955
4377
-76362.3979
-85201.2322
-161776.858
-64220.7869
4381
-17230.6077
-13364.5708
-28957.7603
-18236.6273
4385
-17261.9089
-48142.3626
-18269.7318
-13608.6551
4389
-32738.2351
-50371.0449
-130322.589
-35485.8901
4393
-19168.657
-21560.5703
-18901.4228
-34688.1699

4901
-18743.8606
-30146.799
-40870.7705
-20961.3554
4905
-63113.4025
-87146.5811
-26995.0211
-132311.596
4909
-51974.692
-88307.682
-16028.5783
-25073.6168
4913
-38431.4662
-203932.793
-54755.8855
-32003.7188
4917
-39446.8425
-47011.7096
-33623.0387
-44740.6597
4921
-83950.5588
-44131.2596
-34529.4068
-21672.8628
4925
-63492.1786
-361425.01
-23821.4773
-29308.6314

2549
-53169.9826
-20801.2024
-32084.9242
-19776.7864
2553
-43513.9807
-40255.8224
-22413.0546
-42734.1154
2557
-8263.03009
-30748.7751
-72461.9493
-105656.598
2561
-43966.0469
-23480.3718
-24501.2396
-77098.4197
2565
-77970.8834
-26645.8027
-26149.4422
-75635.1694
2569
-43147.8556
-18696.3505
-50187.7159
-18240.0525
2573
-45359.8971
-30001.389
-32550.1367
-26411.5181

2577
-16294.8616
-47673.0448
-58767.6839
-23866.2814
2581
-46916.4936
-24267.6212
-130747.002
-42438.5128
2585
-24704.1919
-42099.3987
-28563.9027
-65184.1742
2589
-46297.5582
-29605.5978
-23557.0156
-53520.7823
2593
-18537.7592
-50878.2784
-62196.3541
-142854.206
2597
-19514.5293
-22048.9356
-20815.4843
-31287.1039
2601
-13849.5309
-23935.879
-56140.0542
-49648.0709

3249
-17926.4829
-70128.4131
-27148.1541
-21762.8077
3253
-22066.6657
-44670.9037
-55596.9239
-41186.7516
3257
-64945.7679
-20380.5113
-21517.2158
-125984.288
3261
-41762.3758
-20435.0485
-110112.745
-24542.7298
3265
-79981.4705
-51126.2679
-21656.4026
-80616.0579
3269
-32266.008
-46483.5994
-62079.0976
-45477.1439
3273
-42252.4207
-60217.1253
-44325.8071
-78447.5729

3221
-22166.6185
-41348.6838
-37055.6993
-47656.6916
3225
-17998.6373
-12828.2635
-25463.9871
-31526.4239
3229
-58429.9671
-64422.2927
-18072.2039
-37093.974
3233
-92021.3294
-31078.2609
-37191.4482
-40367.0796
3237
-42323.8289
-38612.7219
-30442.5555
-34447.0874
3241
-11836.0534
-80193.3571
-82905.1217
-38530.0871
3245
-58089.82
-58697.2703
-17991.448
-29371.8607

1093
-55321.679
-38199.1065
-66128.9207
-82044.9559
1097
-76923.5212
-30824.0781
-46015.4307
-16051.0557
1101
-35777.8435
-28502.2765
-80695.3387
-34261.6102
1105
-32904.7277
-70775.9037
-10856.9517
-84489.6416
1109
-18228.7828
-100958.053
-11608.8656
-63774.9324
1113
-24120.4812
-18096.1738
-27371.4784
-27368.5615
1117
-31345.0808
-68068.5981
-17635.1573
-31748.4315

4985
-86760.3332
-31439.4413
-87303.5027
-53977.3417
4989
-29712.192
-17394.5881
-35926.7244
-100573.539
4993
-46319.8601
-20443.0956
-59846.6602
-63149.4962
4997
-113333.706
-26308.4042
-28169.8123
-41861.5297
5001
-37586.2055
-25185.7118
-36297.6953
-30272.7482
5005
-15370.0517
-42820.9457
-19066.2344
-8416.21314
5009
-43484.5642
-75406.5562
-32741.9206
-23733.1274

1821
-143162.547
-67601.2679
-56273.4651
-29184.9557
1825
-52256.328
-45720.5496
-13531.1647
-115799.377
1829
-29426.9924
-22332.8991
-177416.681
-38350.9357
1833
-18923.284
-36194.4013
-32937.3036
-33982.0208
1837
-29732.1579
-18462.9498
-25808.466
-34427.6309
1841
-31828.3975
-86227.3719
-42788.3989
-33594.6788
1845
-55367.5487
-22950.5666
-44894.802
-46847.612

2521
-44105.7845
-53624.6669
-37861.9392
-30362.3679
2525
-15870.0262
-21908.4421
-312839.598
-135042.704
2529
-13432.0641
-32500.1185
-39463.336
-29965.6936
2533
-55575.4564
-22032.1467
-122147.574
-16618.2912
2537
-32772.0043
-38666.6808
-37219.4317
-90097.6337
2541
-43750.5817
-55805.5662
-176194.772
-31608.5351
2545
-32119.3076
-44703.124
-20334.4822
-161418.252

1905
-134044.795
-37001.0873
-24131.6074
-30420.9592
1909
-107520.082
-19514.1548
-46381.8333
-25706.7476
1913
-34721.6771
-35698.2308
-71040.7534
-23164.7885
1917
-67698.2218
-25215.983
-56050.9492
-45737.1511
1921
-31689.5193
-31314.6299
-59166.2191
-39499.1033
1925
-18906.4448
-27571.7388
-33069.0615
-18740.9945
1929
-18696.3215
-33966.0019
-21125.377
-25171.6561

2353
-51441.6273
-13139.101
-18047.7792
-47727.3005
2357
-70751.0899
-35875.232
-14509.1192
-24126.3946
2361
-16145.4136
-43886.5737
-31198.3528
-26696.4243
2365
-36388.2385
-107842.245
-19940.2963
-13290.4378
2369
-94382.1132
-145292.132
-18636.6313
-40569.6698
2373
-29402.7115
-55156.0609
-37498.6423
-100219.202
2377
-34003.9725
-112633.061
-29837.8038
-31722.7437

1709
-60221.5472
-88007.8758
-32853.0435
-33373.5277
1713
-25359.2699
-104957.326
-109619.548
-37588.3782
1717
-28361.9846
-66736.5629
-51497.9083
-28446.1778
1721
-3493.03489
-22811.0276
-34059.4226
-14525.3113
1725
-44685.4771
-42194.0269
-58464.2985
-24935.7688
1729
-18554.9293
-21787.3511
-40394.8574
-29356.1572
1733
-54086.7625
-23201.9606
-22764.3838
-23837.1316

1877
-70330.2635
-27047.459
-136899.616
-54085.7855
1881
-21369.3143
-50783.006
-36175.3059
-16476.8669
1885
-27939.6363
-15469.1352
-17643.2094
-57694.958
1889
-62116.4933
-48144.0057
-57321.0648
-16619.8652
1893
-75649.7314
-73957.849
-61638.0255
-32149.2958
1897
-70860.5892
-22558.805
-155930.036
-102639.763
1901
-39491.9957
-31725.8378
-40120.5335
-61366.4116

1793
-69084.1942
-41666.6372
-117424.723
-96659.9999
1797
-107368.145
-31988.2049
-67096.5078
-32686.3924
1801
-46383.233
-22119.5019
-33802.9645
-40072.4569
1805
-18134.9383
-29572.9224
-27305.988
-105680.804
1809
-21016.3347
-139137.817
-28420.7454
-28941.3172
1813
-51014.9743
-40929.8276
-101370.007
-34445.4203
1817
-103409.906
-26323.4932
-31370.3029
-111820.952

1849
-36209.7516
-222256.535
-33390.5522
-48676.8344
1853
-63039.6819
-29767.747
-112651.685
-72339.9344
1857
-19339.0698
-47727.2962
-58277.428
-36367.461
1861
-42931.6511
-148700.667
-36254.1904
-20225.6498
1865
-67472.0504
-121289.867
-14943.5409
-22174.9518
1869
-130236.022
-14590.2128
-31677.6457
-65284.3848
1873
-56698.9251
-53317.1723
-136270.876
-177196.87

2325
-16037.841
-29945.2585
-154737.588
-22011.405
2329
-19158.0175
-19543.2962
-29570.7037
-60748.4748
2333
-34409.6525
-26742.1249
-25886.5523
-68543.9504
2337
-70094.1236
-80493.36
-80975.7392
-103901.351
2341
-108784.788
-46027.703
-49444.3589
-86551.2435
2345
-53258.9174
-123474.836
-23017.5513
-32167.3196
2349
-15693.9777
-60607.5948
-15198.5795
-71688.9095

1737
-82213.4216
-35797.918
-22173.9405
-192639.351
1741
-30969.9141
-22343.2605
-40490.1635
-134655.805
1745
-18297.4566
-58604.912
-59489.7778
-103774.386
1749
-27291.7923
-88469.6921
-22790.1459
-32614.0089
1753
-32275.0418
-76907.4206
-28245.6556
-15304.6925
1757
-82422.128
-69234.5401
-33620.9626
-22554.5288
1761
-38646.1571
-21822.403
-25682.8936
-42644.0301

4425
-169354.297
-78888.1988
-31858.8469
-27126.4293
4429
-30132.6877
-34123.3328
-93859.192
-72959.9588
4433
-58875.0993
-44470.8754
-50329.5777
-47933.6422
4437
-23582.6295
-86917.3497
-30449.4507
-74528.3576
4441
-25747.7945
-16733.942
-88541.4474
-29110.3645
4445
-31136.5692
-28709.9538
-54712.0557
-64025.1258
4449
-17716.4378
-26479.9099
-109591.165
-42255.4056

2297
-24646.5316
-29644.2353
-94571.013
-76235.7251
2301
-28026.5287
-69504.4217
-23149.8933
-92780.9864
2305
-24387.8756
-30990.0633
-52114.3646
-50983.9366
2309
-27944.0776
-29329.921
-20138.996
-75651.861
2313
-102812.554
-71554.359
-55429.0067
-42329.4373
2317
-37507.7949
-30921.4537
-40387.83
-91459.1525
2321
-51594.8338
-34375.7431
-103281.942
-28319.8742

4453
-23677.229
-38452.3949
-11638.6842
-44542.2687
4457
-21106.6438
-58530.4474
-34150.7207
-117737.483
4461
-16891.2617
-26009.6268
-18949.1146
-18485.7205
4465
-41167.3448
-24750.7134
-49467.1041
-44112.6763
4469
-109878.456
-26420.3057
-23785.1656
-66452.7936
4473
-28766.1242
-28066.5129
-58571.0849
-27762.01
4477
-41801.2323
-68664.4492
-29094.6307
-64717.929

2493
-22730.1463
-59306.4458
-61724.0892
-75373.7012
2497
-15072.3232
-35634.3428
-13246.9478
-26949.9294
2501
-54539.3184
-54847.4065
-69648.1342
-46516.8707
2505
-47700.2426
-42825.032
-111338.636
-73011.8909
2509
-64717.0405
-30930.4686
-49373.5291
-144434.806
2513
-52043.6942
-7263.56314
-23930.1255
-125876.055
2517
-34084.9087
-26466.1374
-41832.7111
-22607.8691

1765
-44506.4208
-26539.4048
-86883.4712
-32559.6775
1769
-69211.2894
-34540.7988
-22528.3447
-63642.8738
1773
-45963.4896
-53707.1302
-136565.813
-38752.306
1777
-119286.487
-61927.8029
-36584.0272
-105827.496
1781
-24020.9927
-104196.628
-21091.2837
-123249.381
1785
-16055.3365
-36875.1631
-64629.2782
-55699.1375
1789
-34727.1739
-30526.9525
-164169.618
-77382.9111

4397
-17586.1538
-55815.5565
-20431.849
-37411.1282
4401
-44426.8662
-46118.878
-25133.9262
-39458.4177
4405
-32232.6302
-64649.5352
-40070.1527
-21917.9007
4409
-38970.3897
-95197.5127
-45564.9635
-101673.065
4413
-21817.6094
-26156.6212
-77331.9652
-26490.8639
4417
-78193.0131
-14322.3943
-70729.4916
-27430.4261
4421
-31072.0826
-106750.28
-32430.8963
-112627.05

57
-63568.0945
-21001.5576
-22855.1766
-25972.586
61
-59530.3628
-23567.6219
-110075.045
-62905.1237
65
-45005.4592
-36214.7871
-87373.4894
-30384.0122
69
-31570.8662
-35485.1
-32898.9828
-38042.3363
73
-104300.54
-44886.4561
-62629.7888
-45494.1545
77
-17597.1531
-35239.1086
-25789.4446
-31486.1303
81
-42602.8193
-20251.7771
-28252.595
-18943.2371

2465
-36941.23
-33603.5067
-13757.7689
-34772.3361
2469
-92997.1479
-178923.218
-24991.0423
-22537.0472
2473
-37087.7051
-28283.6782
-67181.9205
-36873.4814
2477
-37647.1748
-11061.3797
-31348.0439
-32520.9584
2481
-26442.7833
-37647.0811
-41432.4313
-16557.0661
2485
-49559.7999
-68967.0233
-44009.5138
-45970.8223
2489
-37037.0469
-41822.455
-96585.32
-48723.6665

2381
-36411.2535
-48262.2349
-70492.3544
-59858.668
2385
-47649.0582
-20231.3175
-42105.405
-112018.845
2389
-159592.725
-27778.6982
-44053.0308
-73785.785
2393
-89671.7234
-46534.6723
-31093.6097
-36834.9227
2397
-6068.93621
-12857.1258
-17114.5497
-39805.9493
2401
-10511.8688
-209376.679
-18124.1793
-28160.7203
2405
-53832.2714
-91754.5634
-29663.8767
-268984.92

2409
-78354.8989
-90406.1618
-106892.409
-37040.3725
2413
-19818.6544
-28700.735
-29212.5886
-48364.4066
2417
-178945.007
-120700.137
-16155.1574
-36007.8197
2421
-34744.2232
-21406.3862
-17178.658
-20030.2107
2425
-37273.9168
-90060.8671
-34955.7026
-31986.0578
2429
-33979.406
-38333.4021
-24721.1603
-45687.7008
2433
-37428.6049
-34068.6608
-34678.8152
-38127.8601

2437
-34679.8969
-42043.0722
-18003.4849
-78997.806
2441
-31131.4431
-95966.763
-27638.749
-48101.6688
2445
-45726.7659
-95219.8655
-46091.5303
-67894.6683
2449
-20050.9501
-17788.893
-80058.2278
-60019.839
2453
-35174.4023
-109450.412
-51543.0743
-52666.0651
2457
-77174.8937
-36643.7765
-18209.0894
-72322.4664
2461
-80854.67
-25744.1248
-70909.8615
-55545.761

4929
-51676.8366
-25149.2545
-38318.3167
-217149.87
4933
-25639.637
-20246.1121
-101354.818
-29533.3566
4937
-28182.3454
-17694.4456
-39937.5894
-75540.3903
4941
-23595.3043
-53669.1031
-43301.0214
-97790.9043
4945
-121413.724
-31333.2836
-34574.7792
-47269.1045
4949
-22871.0312
-36793.8944
-23124.8365
-49994.2102
4953
-31041.3346
-38231.2613
-14857.6531
-20245.924

4957
-32209.611
-24058.4691
-36078.0869
-85353.4257
4961
-18130.572
-55588.2457
-35059.7073
-43568.2221
4965
-36101.9132
-16087.8153
-57613.8126
-12683.6311
4969
-130015.148
-44650.2096
-102014.451
-31977.4953
4973
-28136.4237
-18372.3042
-42520.4392
-69570.7619
4977
-21925.7349
-28937.1522
-31726.1502
-65403.5248
4981
-27131.6882
-34247.7081
-7519.80287
-65172.331

3473
-29078.8712
-88657.4702
-30740.9669
-29407.8925
3477
-36576.8502
-46299.9481
-56824.3041
-51339.9348
3481
-27477.9191
-65573.6593
-56382.6254
-63418.6783
3485
-42400.7814
-24740.6762
-46605.0818
-24915.5995
3489
-33156.228
-58236.2839
-78267.5158
-108839.321
3493
-142625.634
-116921.553
-46701.3789
-80741.366
3497
-148322.779
-38757.2882
-26319.9921
-205644.115

589
-55227.6096
-25752.395
-22874.7328
-23895.0607
593
-28265.0768
-29588.4125
-80382.9648
-41130.2641
597
-13506.2051
-44979.3214
-55041.7593
-60178.9398
601
-17712.0399
-143893.491
-53833.3864
-27737.5019
605
-46744.4016
-32133.3107
-31537.4554
-17494.3317
609
-15776.9842
-21142.7562
-72091.5445
-63025.0362
613
-35278.5301
-13608.6388
-62912.0144
-6866.34133

2717
-19008.4595
-86455.4162
-19034.0081
-47898.4054
2721
-39884.9258
-29485.3762
-24207.0145
-107072.345
2725
-49545.0264
-25994.3037
-111649.096
-51869.2439
2729
-76855.2889
-25678.715
-27612.0709
-175253.436
2733
-31271.0505
-152058.186
-86556.9457
-44115.9983
2737
-39025.1556
-97554.9685
-45110.9569
-40722.9337
2741
-53635.481
-26342.6249
-42155.0891
-21076.6729

3585
-49203.171
-34199.5511
-74864.0921
-27030.8821
3589
-30051.5292
-32817.011
-23909.1597
-24878.0052
3593
-81121.345
-30362.1962
-34262.1838
-33370.7318
3597
-36962.4117
-37326.0953
-22672.619
-13305.4166
3601
-27329.1262
-92019.3496
-31128.8555
-22915.8047
3605
-28720.3186
-16642.0595
-22531.672
-45929.1016
3609
-29549.5319
-27973.5118
-32521.907
-103375.803

3305
-10938.1342
-18130.6791
-159966.564
-31536.7243
3309
-28048.4865
-18606.841
-45065.2295
-21877.1182
3313
-51982.46
-29532.83
-30520.3486
-12948.126
3317
-41518.6535
-45323.9138
-47598.3675
-87199.5412
3321
-26105.6924
-20784.5788
-55416.2728
-155066.361
3325
-45331.6025
-44023.6113
-88170.5749
-68096.6502
3329
-25386.9287
-74057.6906
-23223.2217
-7348.37645

4621
-44780.3186
-55285.6451
-26409.9799
-30537.2669
4625
-49216.8919
-36931.3462
-12918.632
-51967.0154
4629
-42364.198
-24138.2961
-24595.9699
-49091.8987
4633
-27005.6554
-23536.8308
-25376.2061
-32527.0924
4637
-37746.3555
-59387.0459
-42270.6992
-43781.2375
4641
-21815.1985
-52398.9769
-40186.1213
-174203.356
4645
-64157.4637
-70994.4657
-32985.7896
-21643.3644

4845
-40040.561
-71053.0267
-65907.4835
-28575.66
4849
-22238.9523
-21215.4307
-20701.8316
-50309.6296
4853
-21298.37
-42741.3602
-35723.0779
-28480.9003
4857
-43744.2392
-28522.0971
-1598.66202
-30900.4702
4861
-15408.3029
-21909.8848
-41240.8241
-6481.2547
4865
-27356.9434
-31654.6618
-19167.3421
-47538.847
4869
-18691.6095
-27523.0234
-35537.3707
-24597.6015

4873
-40881.24
-238804.385
-43900.2414
-40707.9325
4877
-122284.936
-21905.3379
-99375.6749
-24825.4162
4881
-40873.3958
-119338.975
-47258.831
-59129.8027
4885
-44110.1282
-247722.868
-58934.3183
-28044.7871
4889
-38772.1278
-134096.818
-56113.1312
-23965.9433
4893
-28991.2709
-50416.4852
-17020.5526
-26411.4581
4897
-40448.8124
-64484.1689
-14463.3901
-43537.0906

5069
-82426.0962
-24985.0395
-61195.2845
-51960.4615
5073
-65355.4817
-26200.9886
-13652.5232
-88571.8117
5077
-64755.1933
-24479.381
-70645.0149
-26912.8049
5081
-24754.0231
-31521.4519
-23237.9944
-34319.5995
5085
-21898.8807
-72724.4536
-37773.9381
-55560.0632
5089
-12150.5538
-69447.1514
-29903.3983
-33726.8569
5093
-63898.533
-96386.753
-30556.9083
-99773.8689

5265
-38073.6912
-65386.6057
-35890.2837
-52526.1776
5269
-86183.5205
-93394.4052
-39167.8211
-35510.4775
5273
-16261.8292
-31321.2662
-60257.8074
-22204.7761
5277
-42676.5122
-45923.2321
-78600.7019
-52049.6821
5281
-21219.2056
-110131.151
-90252.5753
-53252.7018
5285
-33264.0603
-45893.0414
-71270.7851
-17995.5944
5289
-15956.0178
-29351.7752
-88782.3379
-106874.648

5293
-40638.3029
-68259.4588
-20507.5788
-80539.5151
5297
-37298.38
-27942.1406
-22604.135
-84745.9986
5301
-37253.1035
-20514.6222
-34207.4615
-44162.0668
5305
-89911.5336
-55917.3377
-24717.9251
-55856.8521
5309
-43316.6988
-16529.2823
-36809.1226
-24651.7953
5313
-22927.58
-39754.4104
-85287.2221
-62062.5862
5317
-28463.8328
-17717.7313
-46728.0469
-54054.3653

5461
-33566.6476
-30457.2131
-43983.7772
-82011.8922
5465
-176850.97
-30934.9191
-33882.974
-34124.6119
5469
-42936.6147
-74954.7263
-45841.8608
-30514.2667
5473
-22985.6474
-20307.3718
-29983.4995
-182748.929
5477
-54046.2366
-26539.2253
-20177.2474
-21049.0321
5481
-38058.4694
-33034.5402
-46611.396
-54197.2936
5485
-113164.189
-36978.4411
-37881.4281
-54307.1899

5321
-13607.7016
-53728.4959
-32370.8364
-26988.5286
5325
-34930.2645
-25622.6846
-18483.1456
-61709.383
5329
-117144.544
-161316.263
-45274.9967
-25321.5301
5333
-19337.1853
-46090.8901
-96638.901
-16269.2929
5337
-17825.4871
-28481.3769
-87550.1746
-23129.7407
5341
-35868.4242
-24048.4403
-39791.0725
-23291.5564
5345
-20558.49
-55418.0825
-21815.9812
-61788.1142

5349
-22859.2537
-92853.9634
-25014.4773
-64536.1413
5353
-28990.0133
-33032.7038
-52886.2529
-34526.3687
5357
-44739.4953
-14561.7767
-25851.8241
-16396.1628
5361
-18008.3815
-46213.889
-44302.7336
-80722.0936
5365
-21201.2837
-51122.8102
-17286.0884
-44720.1147
5369
-56266.1661
-19403.0742
-102210.311
-27866.8111
5373
-34568.9747
-100176.646
-17456.3601
-26312.6294
