
65
1.0784e+06
1.1011e+06
1.2106e+06
1.0904e+06
8.3995e+05
8.8983e+05
1.1247e+06
1.1808e+06
9.6744e+05
1.1474e+06
1.1993e+06
1.0395e+06
1.0059e+06
9.8085e+05
1.1534e+06
1.0204e+06

193
1.1195e+06
1.1427e+06
9.978e+05
9.4647e+05
1.0465e+06
1.1936e+06
1.1262e+06
1.1738e+06
1.0569e+06
9.8313e+05
1.1211e+06
1.2064e+06
1.0535e+06
1.1628e+06
1.2507e+06
1.2299e+06

81
1.1539e+06
1.2548e+06
7.9201e+05
1.2576e+06
1.2335e+06
1.1687e+06
1.191e+06
9.7411e+05
1.0812e+06
8.2084e+05
7.2187e+05
1.0328e+06
1.014e+06
1.0288e+06
1.2617e+06
1.0518e+06

17
1.0529e+06
1.1752e+06
1.2732e+06
1.1988e+06
1.2217e+06
9.3592e+05
9.4318e+05
9.4623e+05
1.2685e+06
1.0278e+06
1.1762e+06
9.3226e+05
1.076e+06
1.0928e+06
1.0989e+06
8.7166e+05

49
6.4747e+05
1.1496e+06
9.5868e+05
9.9364e+05
9.7795e+05
1.0109e+06
1.212e+06
1.1494e+06
1.1488e+06
1.0206e+06
1.0533e+06
1.1221e+06
1.2318e+06
1.025e+06
1.0257e+06
1.0078e+06

113
1.0817e+06
9.524e+05
1.1495e+06
1.0931e+06
1.229e+06
9.0301e+05
1.1516e+06
1.1965e+06
1.0415e+06
1.1209e+06
7.6235e+05
1.2297e+06
1.0111e+06
1.0351e+06
9.2755e+05
1.1656e+06

161
9.431e+05
1.0778e+06
1.0713e+06
1.0533e+06
1.1089e+06
1.1148e+06
1.1032e+06
1.1046e+06
9.5629e+05
1.0269e+06
1.1661e+06
1.0756e+06
1.1585e+06
8.6171e+05
1.0639e+06
1.0476e+06

1
1.1772e+06
1.0712e+06
1.155e+06
1.054e+06
1.1484e+06
1.1232e+06
9.6243e+05
1.1263e+06
1.0307e+06
1.2073e+06
8.4126e+05
1.1548e+06
1.2595e+06
1.1117e+06
1.158e+06
5.6863e+05

145
9.5552e+05
9.8863e+05
1.1159e+06
1.0733e+06
9.6238e+05
1.2186e+06
1.2267e+06
8.1537e+05
1.111e+06
1.2156e+06
1.2013e+06
1.0479e+06
9.8269e+05
1.1004e+06
1.2123e+06
9.6338e+05

273
1.1897e+06
1.2048e+06
1.0745e+06
8.9621e+05
1.1955e+06
1.1668e+06
1.1967e+06
1.2171e+06
8.547e+05
1.2142e+06
1.1876e+06
9.907e+05
1.0224e+06
1.1881e+06
8.4995e+05
1.1081e+06

257
1.1121e+06
1.1368e+06
1.1906e+06
1.2042e+06
9.561e+05
1.1516e+06
1.1693e+06
1.1652e+06
9.8293e+05
1.1588e+06
8.901e+05
8.1133e+05
9.1245e+05
1.2934e+06
9.1276e+05
1.1836e+06

289
1.1012e+06
1.233e+06
1.0173e+06
1.0818e+06
1.2476e+06
8.6641e+05
1.1797e+06
1.0523e+06
1.1869e+06
1.2244e+06
1.2272e+06
1.2075e+06
8.9241e+05
1.2105e+06
1.0511e+06
9.9242e+05

209
1.108e+06
1.1966e+06
1.0233e+06
1.1134e+06
1.0538e+06
1.0055e+06
1.272e+06
9.4606e+05
1.1255e+06
9.8753e+05
1.2039e+06
1.135e+06
8.4079e+05
9.3889e+05
1.05e+06
1.0317e+06

65
1.0784e+06
1.1011e+06
1.2106e+06
1.0904e+06
8.3995e+05
8.8983e+05
1.1247e+06
1.1808e+06
9.6744e+05
1.1474e+06
1.1993e+06
1.0395e+06
1.0059e+06
9.8085e+05
1.1534e+06
1.0204e+06

145
9.5552e+05
9.8863e+05
1.1159e+06
1.0733e+06
9.6238e+05
1.2186e+06
1.2267e+06
8.1537e+05
1.111e+06
1.2156e+06
1.2013e+06
1.0479e+06
9.8269e+05
1.1004e+06
1.2123e+06
9.6338e+05

161
9.431e+05
1.0778e+06
1.0713e+06
1.0533e+06
1.1089e+06
1.1148e+06
1.1032e+06
1.1046e+06
9.5629e+05
1.0269e+06
1.1661e+06
1.0756e+06
1.1585e+06
8.6171e+05
1.0639e+06
1.0476e+06

129
1.1106e+06
1.1963e+06
1.0415e+06
1.1338e+06
1.1042e+06
9.4786e+05
9.6412e+05
1.0047e+06
1.2959e+06
7.9353e+05
1.2421e+06
9.7642e+05
1.1795e+06
1.1666e+06
1.057e+06
1.0334e+06

17
1.0529e+06
1.1752e+06
1.2732e+06
1.1988e+06
1.2217e+06
9.3592e+05
9.4318e+05
9.4623e+05
1.2685e+06
1.0278e+06
1.1762e+06
9.3226e+05
1.076e+06
1.0928e+06
1.0989e+06
8.7166e+05

33
1.1896e+06
9.7114e+05
1.1495e+06
1.0745e+06
1.2489e+06
1.0818e+06
1.1065e+06
8.924e+05
1.1023e+06
9.959e+05
1.0798e+06
1.1033e+06
1.1895e+06
1.1979e+06
1.0942e+06
1.1774e+06

113
1.0817e+06
9.524e+05
1.1495e+06
1.0931e+06
1.229e+06
9.0301e+05
1.1516e+06
1.1965e+06
1.0415e+06
1.1209e+06
7.6235e+05
1.2297e+06
1.0111e+06
1.0351e+06
9.2755e+05
1.1656e+06

193
1.1195e+06
1.1427e+06
9.978e+05
9.4647e+05
1.0465e+06
1.1936e+06
1.1262e+06
1.1738e+06
1.0569e+06
9.8313e+05
1.1211e+06
1.2064e+06
1.0535e+06
1.1628e+06
1.2507e+06
1.2299e+06

49
6.4747e+05
1.1496e+06
9.5868e+05
9.9364e+05
9.7795e+05
1.0109e+06
1.212e+06
1.1494e+06
1.1488e+06
1.0206e+06
1.0533e+06
1.1221e+06
1.2318e+06
1.025e+06
1.0257e+06
1.0078e+06

1
1.1772e+06
1.0712e+06
1.155e+06
1.054e+06
1.1484e+06
1.1232e+06
9.6243e+05
1.1263e+06
1.0307e+06
1.2073e+06
8.4126e+05
1.1548e+06
1.2595e+06
1.1117e+06
1.158e+06
5.6863e+05

81
1.1539e+06
1.2548e+06
7.9201e+05
1.2576e+06
1.2335e+06
1.1687e+06
1.191e+06
9.7411e+05
1.0812e+06
8.2084e+05
7.2187e+05
1.0328e+06
1.014e+06
1.0288e+06
1.2617e+06
1.0518e+06

97
1.1618e+06
1.1115e+06
8.587e+05
1.1701e+06
1.09e+06
1.1522e+06
8.8942e+05
1.1411e+06
9.7895e+05
1.1783e+06
1.0398e+06
1.229e+06
1.1502e+06
1.0689e+06
1.1027e+06
8.5102e+05

209
1.108e+06
1.1966e+06
1.0233e+06
1.1134e+06
1.0538e+06
1.0055e+06
1.272e+06
9.4606e+05
1.1255e+06
9.8753e+05
1.2039e+06
1.135e+06
8.4079e+05
9.3889e+05
1.05e+06
1.0317e+06

321
1.1926e+06
1.1803e+06
1.2374e+06
1.2334e+06
1.0062e+06
1.0668e+06
1.1874e+06
9.5264e+05
8.4734e+05
1.0812e+06
1.1253e+06
1.082e+06
8.4137e+05
1.1526e+06
1.1139e+06
1.0928e+06

289
1.1012e+06
1.233e+06
1.0173e+06
1.0818e+06
1.2476e+06
8.6641e+05
1.1797e+06
1.0523e+06
1.1869e+06
1.2244e+06
1.2272e+06
1.2075e+06
8.9241e+05
1.2105e+06
1.0511e+06
9.9242e+05

369
8.9307e+05
1.09e+06
1.0667e+06
1.1231e+06
7.5678e+05
1.0195e+06
1.0458e+06
9.3054e+05
1.0298e+06
1.1981e+06
1.1494e+06
1.2484e+06
1.161e+06
9.1455e+05
9.7616e+05
1.1795e+06

337
1.1335e+06
1.1242e+06
1.0879e+06
1.0657e+06
1.0983e+06
1.1127e+06
1.0115e+06
1.1965e+06
1.0251e+06
9.7905e+05
1.0511e+06
9.1319e+05
1.2362e+06
1.1641e+06
1.1337e+06
1.2394e+06

257
1.1121e+06
1.1368e+06
1.1906e+06
1.2042e+06
9.561e+05
1.1516e+06
1.1693e+06
1.1652e+06
9.8293e+05
1.1588e+06
8.901e+05
8.1133e+05
9.1245e+05
1.2934e+06
9.1276e+05
1.1836e+06

273
1.1897e+06
1.2048e+06
1.0745e+06
8.9621e+05
1.1955e+06
1.1668e+06
1.1967e+06
1.2171e+06
8.547e+05
1.2142e+06
1.1876e+06
9.907e+05
1.0224e+06
1.1881e+06
8.4995e+05
1.1081e+06

353
1.0506e+06
1.105e+06
1.0853e+06
1.1253e+06
1.1029e+06
1.0977e+06
1.0234e+06
1.0343e+06
9.0294e+05
1.043e+06
1.254e+06
1.1925e+06
9.2234e+05
9.589e+05
7.65e+05
1.1016e+06

305
1.1786e+06
1.0338e+06
1.2196e+06
1.0898e+06
1.0863e+06
1.1439e+06
1.0168e+06
1.1738e+06
1.0331e+06
1.1204e+06
1.2033e+06
1.0789e+06
1.2194e+06
1.1767e+06
9.9922e+05
9.7066e+05

401
1.2029e+06
9.5204e+05
1.016e+06
1.2192e+06
1.1319e+06
1.1771e+06
1.2587e+06
9.2149e+05
6.6415e+05
1.1983e+06
1.112e+06
1.1555e+06
9.7343e+05
9.9318e+05
1.1226e+06
1.1835e+06

385
1.2063e+06
1.1764e+06
7.4989e+05
1.2117e+06
1.0501e+06
9.993e+05
1.0742e+06
1.2117e+06
1.0779e+06
1.1046e+06
1.13e+06
1.0145e+06
1.2288e+06
1.0512e+06
9.5923e+05
1.1048e+06

417
1.1242e+06
1.0763e+06
1.0034e+06
1.1561e+06
1.2216e+06
1.1695e+06
9.2562e+05
1.0074e+06
1.1616e+06
1.0736e+06
1.1959e+06
1.1081e+06
1.0868e+06
1.2435e+06
1.1085e+06
1.2007e+06

433
1.177e+06
1.1537e+06
1.0197e+06
9.0738e+05
1.1236e+06
1.0787e+06
1.209e+06
8.7622e+05
1.0192e+06
1.1455e+06
1.0765e+06
1.058e+06
1.1089e+06
1.1273e+06
1.2445e+06
7.5788e+05

449
9.8044e+05
8.9643e+05
1.024e+06
9.4978e+05
1.1875e+06
1.0704e+06
1.1193e+06
1.0443e+06
9.7356e+05
1.1549e+06
7.7399e+05
9.7387e+05
9.2244e+05
1.0553e+06
7.3943e+05
1.0625e+06

545
1.0208e+06
9.7369e+05
1.1172e+06
1.2136e+06
1.1503e+06
1.2095e+06
1.2316e+06
9.3423e+05
9.3826e+05
1.1728e+06
1.0515e+06
8.9289e+05
1.2007e+06
1.1382e+06
1.1842e+06
9.7323e+05

497
1.2084e+06
8.9307e+05
1.1495e+06
1.1417e+06
1.0531e+06
1.2612e+06
1.0402e+06
1.0999e+06
1.1588e+06
8.6163e+05
9.4802e+05
1.1497e+06
1.1917e+06
1.1542e+06
1.0768e+06
1.1728e+06

593
1.0605e+06
1.1363e+06
9.4683e+05
1.04e+06
1.1251e+06
7.9724e+05
1.162e+06
1.0708e+06
1.0923e+06
1.1209e+06
1.2221e+06
1.0385e+06
9.5746e+05
1.1554e+06
1.1831e+06
1.167e+06

577
1.0723e+06
1.0907e+06
7.9474e+05
1.0359e+06
9.3243e+05
9.8284e+05
1.1604e+06
9.3478e+05
1.104e+06
1.2367e+06
1.1523e+06
1.197e+06
1.0245e+06
1.0386e+06
1.1554e+06
1.0934e+06

561
1.1353e+06
1.1218e+06
1.1953e+06
1.1818e+06
1.2613e+06
1.1794e+06
1.2389e+06
1.0305e+06
1.0714e+06
9.9493e+05
1.1795e+06
1.2302e+06
1.1625e+06
1.0344e+06
1.1775e+06
1.2225e+06

609
7.1834e+05
1.1396e+06
1.1175e+06
1.1785e+06
9.5938e+05
1.2431e+06
1.1638e+06
1.1847e+06
1.2121e+06
1.148e+06
1.0061e+06
7.5521e+05
1.2082e+06
1.1531e+06
1.0192e+06
1.0942e+06

529
1.0195e+06
1.0033e+06
1.1125e+06
9.4786e+05
6.4758e+05
1.1016e+06
1.2481e+06
9.7569e+05
1.1524e+06
1.1932e+06
1.0116e+06
1.1889e+06
1.0144e+06
1.0153e+06
1.0846e+06
8.52e+05

625
8.9424e+05
1.1776e+06
1.0254e+06
1.0932e+06
7.6092e+05
1.0519e+06
8.9351e+05
1.2004e+06
1.2156e+06
1.1377e+06
9.8223e+05
9.0932e+05
1.1706e+06
1.0252e+06
1.0906e+06
9.5193e+05

641
9.003e+05
1.2595e+06
8.012e+05
9.2381e+05
1.185e+06
1.0754e+06
9.483e+05
9.8751e+05
8.1895e+05
1.1231e+06
9.6381e+05
1.1294e+06
1.0026e+06
1.1269e+06
1.0465e+06
1.2304e+06

673
1.0204e+06
1.0747e+06
9.4111e+05
1.2493e+06
1.2037e+06
8.1969e+05
1.0769e+06
1.1164e+06
1.1939e+06
8.7805e+05
1.2176e+06
1.1469e+06
1.125e+06
1.1227e+06
1.0376e+06
1.2604e+06

513
8.7151e+05
1.0185e+06
1.0869e+06
1.2212e+06
8.2575e+05
1.0151e+06
9.8279e+05
1.0907e+06
7.9707e+05
1.1683e+06
1.133e+06
1.1872e+06
1.2037e+06
9.3508e+05
1.2399e+06
1.2496e+06

657
1.1019e+06
1.0052e+06
1.0473e+06
1.2288e+06
9.8139e+05
1.1028e+06
1.111e+06
9.8881e+05
1.2017e+06
1.0314e+06
1.1017e+06
1.1335e+06
1.0646e+06
1.0765e+06
1.0718e+06
9.1673e+05

689
1.1294e+06
1.0126e+06
1.0773e+06
8.7021e+05
1.2006e+06
1.1954e+06
9.217e+05
1.1032e+06
1.1024e+06
1.0671e+06
5.6431e+05
9.8744e+05
1.0474e+06
1.1994e+06
1.0942e+06
9.151e+05

737
1.2439e+06
1.1698e+06
1.1856e+06
1.0265e+06
1.2794e+06
8.0894e+05
1.0836e+06
9.1073e+05
1.0682e+06
9.7911e+05
1.2324e+06
1.061e+06
1.0405e+06
1.147e+06
8.9318e+05
1.1078e+06

769
1.0501e+06
1.1137e+06
1.2083e+06
8.4077e+05
1.0267e+06
7.4285e+05
1.03e+06
1.1846e+06
1.0412e+06
1.0567e+06
8.2562e+05
1.0246e+06
1.1375e+06
1.2198e+06
9.5068e+05
9.8168e+05

785
1.1699e+06
1.1758e+06
1.2075e+06
1.1749e+06
1.0144e+06
1.0254e+06
1.2155e+06
1.0547e+06
1.0248e+06
1.0987e+06
1.2567e+06
8.5517e+05
9.8666e+05
1.0817e+06
1.0436e+06
1.1924e+06

849
1.0114e+06
1.1958e+06
1.0845e+06
9.7187e+05
1.0924e+06
8.5785e+05
1.2071e+06
1.1728e+06
9.2761e+05
1.2022e+06
1.1698e+06
9.882e+05
1.153e+06
1.0332e+06
1.2743e+06
1.0385e+06

817
1.1903e+06
1.056e+06
1.0746e+06
1.2731e+06
1.1663e+06
9.6029e+05
9.7268e+05
8.8325e+05
1.1066e+06
1.0693e+06
1.0855e+06
8.9664e+05
1.1218e+06
1.2797e+06
1.1998e+06
1.0865e+06

801
1.19e+06
8.9826e+05
1.146e+06
1.1847e+06
9.4926e+05
1.2216e+06
1.0791e+06
1.1244e+06
1.1317e+06
1.1106e+06
1.144e+06
9.3739e+05
1.2269e+06
1.1614e+06
1.0385e+06
1.0522e+06

865
8.1553e+05
1.1978e+06
1.1234e+06
8.9718e+05
9.4905e+05
9.923e+05
1.1408e+06
9.9632e+05
1.0588e+06
9.223e+05
9.765e+05
1.2028e+06
1.0429e+06
1.2323e+06
8.9601e+05
1.174e+06

753
1.059e+06
1.173e+06
1.0857e+06
8.5596e+05
1.0717e+06
6.9836e+05
1.0442e+06
1.1451e+06
1.2103e+06
1.177e+06
1.0856e+06
1.1562e+06
1.083e+06
1.1298e+06
1.1131e+06
1.1555e+06

833
8.969e+05
9.0217e+05
1.1554e+06
9.1227e+05
8.3776e+05
1.1374e+06
9.9958e+05
1.1836e+06
7.2303e+05
1.1111e+06
1.1006e+06
1.2294e+06
1.1674e+06
1.1713e+06
1.006e+06
1.1017e+06

881
8.6588e+05
1.1127e+06
1.1132e+06
9.3259e+05
1.1503e+06
9.9145e+05
9.4524e+05
1.1698e+06
1.1295e+06
1.1017e+06
1.0747e+06
8.4677e+05
1.1319e+06
1.069e+06
1.2046e+06
1.2105e+06

897
1.1919e+06
1.1754e+06
1.2107e+06
1.1668e+06
1.1653e+06
1.0434e+06
9.6223e+05
1.142e+06
9.7898e+05
1.1497e+06
9.6013e+05
1.2417e+06
1.0088e+06
1.0168e+06
9.0001e+05
1.1732e+06

913
8.8899e+05
1.1105e+06
1.0598e+06
9.6546e+05
1.0913e+06
1.2519e+06
1.2708e+06
1.1834e+06
1.0995e+06
1.1377e+06
1.1754e+06
8.3634e+05
9.3756e+05
1.1565e+06
9.6603e+05
9.1644e+05

945
1.2257e+06
1.1971e+06
1.1073e+06
1.0926e+06
1.2408e+06
8.8996e+05
1.1343e+06
1.2092e+06
1.2122e+06
7.0889e+05
9.4692e+05
1.0484e+06
1.0222e+06
1.1589e+06
1.1854e+06
8.4387e+05

977
1.2156e+06
1.2381e+06
1.0688e+06
1.1066e+06
1.0739e+06
6.8578e+05
9.1273e+05
1.1766e+06
1.2244e+06
9.1776e+05
1.1331e+06
1.1321e+06
1.1097e+06
1.2333e+06
1.1971e+06
1.1772e+06
