
169
-19941.2203
-17897.3818
-19150.9091
-16993.5529
173
-38025.7178
-85710.637
-19548.447
-32116.9939
177
-36426.8732
-22793.5119
-46406.4261
-22206.3091
181
-46559.612
-18024.4249
-75723.9717
-15728.835
185
-18507.7349
-17853.677
-22687.2134
-19194.9496
189
-30538.3075
-36257.0019
-42061.4199
-24200.6976
193
-7046.7129
-29907.3381
-8461.43356
-50560.9125

29
-27144.6835
-2501.85256
-21504.3931
-64847.1338
33
-15622.3735
-25133.5833
-113447.535
-11914.127
37
-74626.0289
-18470.2012
-25830.3831
-31698.5817
41
-22104.576
-63092.4386
-93590.1005
-19632.7503
45
-22627.9252
-18408.8235
-31054.4434
-38450.2047
49
-23503.2386
-30707.7775
-33537.7661
-37736.0571
53
-103762.339
-3131.41718
-26160.6025
-24340.4092

1
-37230.3596
-42733.1542
-14760.8023
-37981.3708
5
-27000.2
-7336.99414
-25402.641
-9098.54436
9
-22177.2665
-28208.7289
-23396.406
-33417.1806
13
-38741.7544
-43762.7016
-41126.2739
-55986.4062
17
-22474.6569
-13596.0996
-37575.1331
-114829.893
21
-26347.8214
-9044.73746
-72330.6645
-23464.2055
25
-9620.55576
-25415.6951
-119004.895
-52191.7599

85
-15360.6865
-26342.5407
-67919.407
-57109.8726
89
-17173.115
-38990.3269
-19583.0768
-4534.23393
93
-19754.9051
-18747.5225
-20793.8807
-32586.2876
97
-16076.1106
-21067.444
-1484.92604
-56071.5681
101
-103742.252
-23260.9988
-21577.2026
-20635.4466
105
-42236.7648
-18837.0744
-13948.7426
-27447.4044
109
-27158.2539
-42341.1411
-55323.3757
-9875.69964

57
-17861.3929
-35117.0606
-31558.637
-38233.0472
61
-18115.6106
-20514.2954
-38743.6629
-33462.3546
65
-67385.4247
-22225.9569
-33150.7768
-36612.0323
69
-13168.5844
-10592.9241
-41629.23
-42891.1664
73
-12456.9201
-43279.355
-2569.65053
-27180.9785
77
-15836.3715
-19940.2784
-18354.6018
-34961.2458
81
-31715.1575
-34479.5782
-22539.045
-19442.3408

197
-18305.4695
-73965.8744
-23572.7124
-24866.2083
201
-22930.5654
-3005.68055
-9806.41376
-23028.1347
205
-39032.6903
-137788.631
-34135.8121
-19986.6184
209
-22130.0097
-16271.3326
-5391.03288
-44496.5414
213
-19934.0962
-28835.725
-48962.1518
-52373.3925
217
-14851.8313
-28817.8277
-33518.415
-67716.0876
221
-62705.5846
-18167.1916
-17256.6493
-23462.0213

113
-22032.5971
-24309.3131
-28727.9978
-40293.2628
117
-23266.5661
-36057.1005
-13282.5913
-36195.6894
121
-18751.9002
-40896.4241
-47964.6028
-37385.4169
125
-1844.20723
-33942.085
-44502.7125
-19803.1636
129
-22676.95
-20382.0732
-40959.5061
-53625.7692
133
-17087.9024
-22885.4324
-28645.6475
-24327.6512
137
-21210.4231
-44639.3827
-22932.3658
-72036.8375

141
-17669.7959
-36214.0786
-20247.1256
-24031.0036
145
-27338.3919
-31658.6067
-18805.4804
-17653.3529
149
-37527.4129
-18985.8915
-38443.6633
-26043.8474
153
-59651.0508
-59803.8057
-39158.2574
-97764.9075
157
-24123.3929
-38335.1746
-21465.2953
-12255.4594
161
-75283.0828
-22454.8465
-35755.6195
-19589.6799
165
-37455.8939
-29219.6897
-50087.7993
-31033.1232

253
-13445.8545
-17462.5966
-13625.0436
-25233.8443
257
-36232.3791
-16769.2708
-47487.0384
-31296.1217
261
-18076.0703
-7223.83161
-41001.8365
-1287.71796
265
-17652.7548
-25338.7201
-28670.9848
-76294.5498
269
-25402.0109
-29475.3779
-35632.2061
-23258.9352
273
-12677.0106
-17259.1427
-120322.13
-39541.5446
277
-24261.1763
-41340.1147
-58950.7784
-30922.1424

309
-9493.84344
-78495.1617
-50066.2227
-18454.7967
313
-31622.7751
-16053.3734
-8764.77952
-22320.454
317
-14013.5074
-21035.6137
-8301.26102
-26476.2068
321
-40864.7077
-39715.9587
-12333.5173
-24852.5992
325
-21615.2824
-17814.0872
-18984.8093
-31810.917
329
-45322.7302
-33138.0349
-24393.4106
-21482.8377
333
-23524.0473
-47966.5653
-22581.6105
-21325.7574

225
-55302.0706
-22366.2648
-13561.4884
-35938.4659
229
-28929.5946
-35038.2235
-35272.4587
-18215.4008
233
-10216.5846
-17097.5864
-32074.3597
-39724.6555
237
-4294.43331
-49406.3981
-65677.0114
-20109.7475
241
-15938.4722
-41604.0482
-26509.8721
-20803.8138
245
-38721.0139
-34603.2703
-33381.1247
-9966.53447
249
-9297.06288
-44197.5116
-27600.8359
-27007.0541

281
-41782.6877
-20574.4936
-35325.7446
-24951.693
285
-26538.1954
-40950.2381
-26395.9885
-17840.2646
289
-19181.2084
-34275.7894
-10097.149
-12610.4768
293
-52499.1862
-26482.6381
-43311.099
-41977.0156
297
-30130.1184
-14834.6529
-24003.9039
-23071.8675
301
-30643.7503
-42833.9469
-23983.754
-131922.75
305
-45503.1413
-30295.97
-14051.9159
-115947.109

337
-20806.8568
-13314.3497
-44605.3798
-19542.5954
341
-21398.9106
-61359.6007
-19296.253
-18412.2739
345
-13516.7922
-28229.509
-30796.7287
-23046.9645
349
-40412.3924
-55165.0748
-36169.9929
-36221.7895
353
-36810.7402
-31777.165
-28729.7931
-30756.12
357
-38760.7139
-15094.9466
-56319.7393
-17816.2008
361
-17288.7057
-33723.9254
-116722.662
-26179.3988

1065
-39300.831
-24193.0953
-32250.0457
-95327.463
1069
-48043.8301
-8171.13085
-27425.5081
-30159.921
1073
-28740.3667
-20910.5678
-22675.4785
-19206.0315
1077
-39271.4726
-29376.4397
-47003.8223
-23707.0515
1081
-51503.1349
-36379.4178
-21111.0762
-32509.0774
1085
-8215.12584
-43303.6857
-34979.0235
-27358.8633
1089
-22292.6486
-63075.6443
-17679.5545
-58601.6717

533
-56336.6547
-29078.6094
-1985.84914
-41762.7458
537
-17570.1819
-29180.6703
-59069.784
-84753.4322
541
-41622.9287
-33151.8171
-108196.257
-17708.0651
545
-15334.2621
-57124.5601
-17650.6934
-18818.7556
549
-25309.8615
-18659.7235
-24079.6227
-30202.2362
553
-85929.737
-54855.0346
-38399.7117
-12674.3132
557
-35113.3062
-32603.3542
-52339.8313
-20222.4271

589
-92817.1957
-11620.3287
-18755.7903
-13806.3827
593
-55225.0501
-21878.1817
-109543.414
-21103.7409
597
-20424.1049
-24409.7593
-28687.321
-10832.7787
601
-21227.9751
-34587.567
-19025.3825
-21833.2777
605
-8252.9268
-36306.8102
-19100.3269
-19650.2878
609
-16733.2084
-55291.1995
-35966.2771
-19647.3278
613
-14626.0963
-39297.3813
-120206.075
-12225.8946

1205
-153661.732
-16380.6541
-17501.6322
-43161.2278
1209
-34416.965
-19841.4377
-38171.6477
-29403.9691
1213
-31909.9892
-19752.4851
-22060.006
-24400.5578
1217
-61315.5649
-21652.2705
-27941.5553
-19010.8283
1221
-20194.8071
-39078.1943
-15434.7087
-23499.9296
1225
-21303.9983
-55664.9392
-16473.1146
-30437.8309
1229
-18012.4602
-69346.2215
-31918.5077
-16512.0031

421
-31576.0582
-64915.1762
-28519.0262
-16018.7781
425
-12657.9777
-40069.4082
-15043.3493
-15959.696
429
-51391.3963
-21678.2013
-28681.1686
-20090.3585
433
-42061.0977
-28529.2127
-8495.56235
-39849.9686
437
-36496.0934
-31805.872
-24703.9483
-41117.2666
441
-24920.3256
-13094.1834
-40407.8154
-42392.2497
445
-18729.9299
-28582.979
-20055.7605
-13670.18

869
-27165.8138
-13859.0758
-74335.6859
-46048.1046
873
-28872.5759
-52417.4882
-54928.7959
-33189.4266
877
-34123.1744
-20770.6525
-32416.0752
-18066.3461
881
-13098.0779
-20421.4248
-32721.2066
-31682.5046
885
-18823.7778
-85371.3353
-42456.9697
-15080.241
889
-46225.6293
-34443.8851
-20199.7241
-44997.5769
893
-8797.9936
-13139.2345
-16071.5076
-49316.7111

981
-21140.4732
-19719.6539
-23071.2326
-15956.7101
985
-1884.47842
-33884.3523
-21353.3083
-24735.2061
989
-22303.7763
-28640.2592
-15842.4904
-9885.04859
993
-59932.058
-33470.0782
-19979.651
-21176.7372
997
-124268.142
-32228.7733
-17353.9165
-40554.3158
1001
-58452.1134
-30669.9928
-24496.5459
-38284.9178
1005
-35381.616
-22721.968
-33236.1302
-19064.4436

393
-27786.2334
-20707.8572
-29324.7569
-24268.4938
397
-23976.9304
-20227.7595
-21686.5969
-42821.7059
401
-23925.5017
-13286.8995
-27785.2394
-26602.7559
405
-21762.0635
-7042.89952
-59458.8981
-7330.98723
409
-30078.0212
-9110.55697
-67911.3819
-1144.14074
413
-16615.2998
-27133.0035
-20147.6363
-13802.3362
417
-15678.2818
-29414.7636
-14292.5627
-15543.9839

561
-28297.9709
-7180.17466
-18801.8708
-8788.41044
565
-42391.6482
-19559.1937
-21126.2172
-15367.5863
569
-26686.6438
-23448.7022
-25848.4379
-54755.672
573
-24413.48
-32452.9816
-36002.4451
-27604.0859
577
-69005.6318
-13344.1765
-15482.2986
-54401.7847
581
-53098.4601
-34859.9926
-25657.095
-30686.4029
585
-63821.543
-27108.1049
-23499.5533
-22737.349

785
-23289.0154
-26836.1628
-20008.9642
-23229.5373
789
-19725.7251
-13717.0775
-74356.1897
-28888.3395
793
-129316.114
-14258.284
-28914.6197
-13934.1022
797
-33650.4615
-23014.1166
-39651.8401
-28336.7466
801
-63174.1904
-20407.4867
-25040.9525
-19759.6364
805
-7769.29207
-27926.9662
-90478.7139
-30909.6482
809
-73352.0664
-13744.1813
-26297.2256
-21918.3049

645
-15210.4013
-28682.6296
-18609.8409
-33718.2644
649
-16523.7321
-30940.0624
-20628.1675
-14112.6941
653
-54080.2781
-29933.5996
-12906.1408
-17759.5678
657
-2358.96932
-52592.5547
-29546.6284
-1400.71561
661
-18243.7052
-34584.9494
-28114.2425
-20067.3089
665
-35459.701
-45755.9855
-36955.269
-13086.6942
669
-32211.2777
-19689.0697
-23812.0147
-15422.1315

1233
-36001.0358
-27148.7175
-30162.756
-36890.7328
1237
-82519.3011
-20517.471
-35202.7668
-12951.8659
1241
-13944.5656
-25820.0533
-72059.6664
-27794.9908
1245
-44408.86
-36878.2482
-25830.2913
-15995.541
1249
-5589.47705
-59994.254
-15336.226
-33301.3081
1253
-2406.3851
-36826.6414
-16877.6026
-26904.3965
1257
-23056.5657
-32364.0278
-41924.2005
-16088.1971

757
-13635.3405
-54148.4207
-32737.0765
-43492.363
761
-13944.5909
-20551.8599
-49695.4591
-28157.7146
765
-14970.8582
-35572.3089
-24951.0905
-7833.52717
769
-33125.7494
-33060.9305
-16334.3546
-19234.7281
773
-58652.1106
-21964.8212
-21536.3732
-20843.3929
777
-16676.095
-56491.6412
-5239.61727
-23119.1058
781
-13816.9584
-41657.8542
-21918.0929
-65773.9331

617
-34142.2998
-26416.9499
-25133.3547
-32776.5069
621
-33943.1253
-76508.3704
-56960.2116
-27254.4926
625
-25756.1512
-32997.0514
-19868.2101
-26681.6608
629
-16222.9258
-15148.9589
-35114.5501
-169414.577
633
-28480.1512
-15439.3669
-18871.84
-47429.877
637
-17621.4314
-35374.9356
-24823.923
-14552.8371
641
-51238.7235
-31361.0563
-18510.2671
-20970.9964

673
-896.801744
-18307.0201
-25759.1525
-15642.1099
677
-27171.8336
-12471.9219
-17231.3361
-18083.3075
681
-20643.616
-21495.5329
-106600.509
-35314.1222
685
-24349.4171
-23621.3285
-24664.7075
-21500.7499
689
-42603.622
-23791.5237
-30143.1296
-18736.8573
693
-21171.0955
-43248.6692
-23374.9048
-29253.1345
697
-36500.2727
-27082.9938
-26321.0805
-69271.9089

953
-13947.5423
-21637.2375
-13737.3406
-44808.1991
957
-65349.2387
-20017.7661
-21764.2385
-63061.9898
961
-32588.8805
-78443.2448
-55942.0379
-16615.2783
965
-25270.4638
-40280.6393
-24870.476
-19968.4806
969
-24906.9972
-26263.7622
-13760.7518
-31775.5167
973
-15352.871
-31383.351
-20092.2273
-23906.3409
977
-22980.5409
-26825.4098
-29558.8791
-34150.0156

1009
-30230.2848
-17543.2505
-29887.7024
-31392.2214
1013
-16875.7734
-21246.9127
-40797.7851
-25646.0128
1017
-39652.5972
-43143.4168
-62203.1316
-54818.5619
1021
-39215.8854
-14982.4368
-21166.5266
-19527.5655
1025
-28800.9545
-147111.032
-19644.8936
-78430.7527
1029
-22849.9453
-23313.9257
-26842.5205
-30285.7143
1033
-19136.6731
-14798.5444
-28116.0851
-35700.2729

1037
-32164.4423
-49341.2129
-28790.4676
-16467.3083
1041
-41346.9047
-43111.2746
-6644.14893
-13548.8007
1045
-28085.346
-24608.087
-39361.9592
-42196.1984
1049
-33149.4112
-52529.9591
-56458.5468
-45260.7293
1053
-17707.6206
-22339.7944
-23400.7004
-30053.3297
1057
-32778.5875
-13707.3723
-16158.6822
-22100.6767
1061
-42688.1663
-21712.9096
-39802.8932
-6725.55937

1261
-118003.237
-16745.383
-22275.6952
-25531.6996
1265
-11785.6856
-47283.4795
-20960.217
-49149.4607
1269
-12784.9812
-16116.2853
-89241.564
-60329.067
1273
-28955.7575
-34614.2956
-19768.0255
-15899.05
1277
-13078.8519
-13420.8665
-27700.7243
-44125.4964
1281
-25235.5038
-53411.4662
-24173.9336
-31826.8071
1285
-18682.7944
-31151.1556
-16772.3827
-47530.8159

925
-27335.1186
-17988.4938
-33539.2128
-18928.5573
929
-27889.3298
-18387.6654
-4190.39002
-22262.8212
933
-29018.6196
-36369.7008
-24455.1091
-33244.668
937
-24081.5278
-22151.7585
-53504.2747
-17074.9572
941
-9851.17569
-11192.3374
-18763.4176
-25269.1836
945
-43543.4814
-29724.2742
-38647.4112
-29185.6895
949
-5891.1153
-36790.8987
-18259.5068
-13816.5429

701
-73382.0544
-30953.8518
-32183.9092
-22917.6144
705
-18868.5954
-26075.1014
-44085.0405
-28524.9501
709
-34553.5134
-18294.0021
-34157.7951
-23057.4485
713
-18632.5737
-24862.6418
-25142.1552
-30709.1304
717
-19039.6147
-3354.58256
-81482.7297
-49835.6296
721
-25263.1477
-17905.6742
-36218.4383
-30330.3677
725
-13701.8162
-121600.462
-14619.6407
-28202.6638

897
-38580.812
-21588.2688
-47696.3635
-33790.7512
901
-32017.4017
-30081.7821
-8860.76549
-35396.6145
905
-22939.3938
-29924.1291
-26166.1793
-25137.4541
909
-25631.3965
-14348.5154
-78385.2843
-19041.1369
913
-29045.1333
-15527.4544
-40519.4522
-19974.3537
917
-28649.7977
-22679.5752
-18320.4985
-23728.2101
921
-11422.3333
-42566.4054
-23507.5869
-59368.3259

1149
-22344.0259
-12386.0412
-30880.8649
-47957.9523
1153
-62945.3404
-18641.5334
-28585.189
-22667.9615
1157
-32998.0613
-33195.8975
-22012.625
-21294.1146
1161
-15314.1307
-30487.4728
-27583.1372
-18287.2026
1165
-39743.0653
-24219.6723
-20613.1921
-28191.4829
1169
-18521.0476
-45094.5896
-19928.2419
-100564.271
1173
-13604.0559
-27868.8759
-54433.5258
-23582.2644

1121
-28113.7207
-28230.1408
-9506.59061
-20359.095
1125
-15306.6049
-63875.1419
-13893.7827
-18251.0735
1129
-21762.4099
-131298.848
-25201.9689
-20441.7732
1133
-17643.6782
-32094.3336
-2845.25737
-41047.5929
1137
-21013.2782
-7900.97552
-20327.5188
-30410.8874
1141
-25618.3688
-34595.9882
-62027.234
-12610.9496
1145
-16044.2233
-50502.9665
-29536.8606
-22142.4714

1093
-19314.9777
-51468.6133
-104052.595
-41023.3655
1097
-21013.9634
-17503.3478
-23597.7686
-54208.3661
1101
-20133.0206
-62518.7525
-44319.7821
-49198.2282
1105
-29651.5275
-31960.9122
-49298.5299
-25155.1088
1109
-16753.8902
-25253.1017
-21928.4008
-21460.5248
1113
-19431.6264
-17590.9383
-17065.9224
-28714.58
1117
-32561.0579
-17842.5527
-19960.3076
-26610.8632

729
-26774.5048
-41981.3871
-25798.9633
-43230.6143
733
-52889.8952
-45183.9412
-29505.6509
-25157.6004
737
-13996.5671
-14179.6895
-11142.8603
-17713.095
741
-31248.4033
-23753.6685
-22351.3628
-24238.5015
745
-114680.655
-24181.7471
-40750.6047
-60220.88
749
-31234.2618
-17853.9334
-36238.1161
-24300.0046
753
-14242.6537
-16113.1697
-34035.9819
-12663.2986

449
-27269.8655
-26924.5445
-39008.578
-41719.461
453
-83697.632
-27321.8158
-47343.3111
-16053.3167
457
-32843.4632
-34805.135
-26565.8125
-38492.6737
461
-23656.4506
-20917.2208
-18585.4146
-20578.6441
465
-21248.9288
-38531.9071
-12907.5677
-20759.9649
469
-82040.0216
-14806.8118
-11543.8503
-14088.7777
473
-84564.8605
-18989.1404
-23725.1658
-26238.4466

505
-37101.5624
-27423.1498
-59702.7076
-49336.7997
509
-18089.8947
-17608.9395
-9066.55196
-10926.1024
513
-34200.352
-26523.9939
-19850.9473
-17310.354
517
-25346.8633
-5452.18096
-28770.3624
-37665.1973
521
-25783.935
-63045.0169
-26061.2688
-33731.6979
525
-20195.3997
-30636.4183
-52745.8478
-26062.8569
529
-12053.0247
-20419.5752
-19839.6202
-52086.954

1289
-29909.8099
-13996.8576
-24316.4224
-30623.3059
1293
-36500.448
-26962.4293
-32809.4566
-16126.8316
1297
-62846.3256
-29574.015
-22565.5108
-11331.3215
1301
-30076.3787
-22993.6717
-107529.184
-15314.0194
1305
-13095.3621
-15542.1208
-40313.8039
-40560.5744
1309
-32743.228
-18232.4322
-23307.1701
-57281.3717
1313
-22503.0902
-45758.1767
-18753.613
-94134.9832

477
-30811.272
-15302.8903
-33980.5039
-30417.5479
481
-18574.8918
-28556.4906
-37591.8071
-38366.1625
485
-24483.3777
-18873.9441
-6243.60766
-22426.5603
489
-8678.4169
-21960.9619
-34731.0138
-33866.6033
493
-22593.3816
-31984.7387
-18307.6488
-30796.5629
497
-30466.592
-21607.7352
-39867.1924
-18108.3802
501
-53459.9291
-34271.9282
-37391.1639
-25561.7746

813
-37153.8499
-56809.1952
-20922.5755
-30790.671
817
-22236.007
-33294.6826
-25141.2229
-20397.5001
821
-46266.2804
-26280.1049
-41776.6683
-50238.6283
825
-44292.6947
-16725.7909
-58063.9625
-18955.2954
829
-20628.4884
-53121.4739
-32257.6934
-18157.0342
833
-8870.44339
-21658.4108
-21670.9944
-16821.0737
837
-24484.5839
-51620.1542
-17990.9655
-17430.7012

841
-13135.6007
-28710.3914
-12686.7388
-17995.841
845
-29412.1536
-41944.5086
-35647.8637
-15415.8332
849
-12755.4891
-41396.232
-45297.8324
-55256.0407
853
-20362.2529
-27047.9658
-16435.1047
-28942.2175
857
-15675.249
-27429.4925
-29532.1102
-120922.803
861
-31240.6948
-21405.7729
-64331.329
-28393.4763
865
-127933.723
-2989.11373
-19869.9207
-7459.66938

1177
-43467.5633
-35774.7003
-81571.9335
-2219.37151
1181
-37313.9113
-20536.4894
-22501.8055
-82466.0584
1185
-6005.21114
-43711.4835
-108753.975
-29908.8302
1189
-60885.9328
-42095.2837
-15629.076
-12379.3178
1193
-21186.0355
-20806.454
-16813.9237
-53474.5883
1197
-54659.1947
-78674.2754
-48103.017
-21592.3476
1201
-37719.8077
-14863.6183
-201473.7
-30363.9555

365
-48339.2754
-17972.2996
-25673.3086
-24309.229
369
-25295.3957
-28215.9768
-39922.7956
-27143.9092
373
-14180.2666
-21638.5463
-26282.2837
-16054.4345
377
-17356.0881
-52636.7896
-30977.4007
-19456.6663
381
-14110.4619
-21548.7905
-21832.6038
-19795.2872
385
-24321.8622
-30858.3199
-6643.60785
-22221.648
389
-17140.7067
-15843.82
-3571.96212
-22598.1741

1345
-30028.3847
-27732.9618
-67164.4439
-47335.7141
1349
-19562.5087
-22536.829
-26996.2973
-74049.2733
1353
-36891.8451
-16849.687
-23408.736
-49143.9645
1357
-102630.839
-51171.9372
-29492.7053
-5450.14483
1361
-42417.8245
-3913.24026
-34731.952
-16560.8598
1365
-19802.6715
-23132.7254
-22140.7389
-52633.3935
1369
-87768.0908
-41050.8158
-39865.4356
-21475.6319

1429
-30224.0829
-23203.0365
-39333.8562
-31817.9222
1433
-29535.2764
-32809.2163
-15390.2846
-30356.4685
1437
-36295.5662
-12717.5755
-87.5868585
-82457.5594
1441
-19803.209
-32231.1726
-15654.1729
-24727.0172
1445
-29438.0503
-33497.2268
-17078.0741
-45277.9314
1449
-19818.177
-31421.7354
-20771.0659
-30755.3221
1453
-15570.2774
-15721.2965
-17089.0448
-58385.644

1317
-32785.902
-28174.347
-25627.7552
-129773.216
1321
-21362.3891
-46087.2828
-10831.1474
-37553.5549
1325
-37228.3798
-40498.9288
-32580.7439
-23738.7599
1329
-29692.4644
-22517.008
-25802.5686
-25586.695
1333
-36346.6711
-20958.7512
-14211.4525
-24375.5742
1337
-28595.2934
-41969.9997
-30877.1965
-23492.3177
1341
-26097.6846
-20561.1352
-56161.9039
-57339.512

1373
-771.224122
-31698.2591
-28543.9878
-40837.3222
1377
-32649.8775
-26432.0697
-40613.3781
-25309.2095
1381
-50027.6654
-68893.3985
-40007.0817
-42092.4439
1385
-19470.0638
-19787.6563
-18232.4499
-65763.906
1389
-96157.8196
-42617.1723
-17770.3197
-9724.09702
1393
-59268.2237
-24312.4301
-33441.7137
-21376.2156
1397
-13992.7365
-24495.0485
-30909.1327
-27256.6987

1401
-1585.24869
-19295.6701
-32581.3072
-73240.1979
1405
-32711.7936
-18770.3056
-38511.1792
-25980.2524
1409
-60811.954
-34042.6316
-15216.4043
-29655.8817
1413
-47508.8802
-44226.5253
-37520.6822
-21233.2609
1417
-12870.9743
-20810.8753
-25539.3684
-31029.4106
1421
-33340.9474
-54729.711
-25892.3356
-15616.2286
1425
-29701.846
-25048.1886
-162070.066
-69081.1341

1457
-28426.609
-19442.9134
-65844.006
-42970.5512
1461
-22476.0744
-33306.6325
-20551.5025
-21048.7337
1465
-67615.6871
-11475.6341
-34335.3319
-38105.4656
1469
-58343.0309
-18251.9168
-45592.6172
-60575.8897
1473
-45206.2893
-442.287433
-16476.6398
-28279.2515
1477
-18504.2699
-21300.5656
-52457.9607
-46736.2307
1481
-38420.1025
-23283.7385
-15694.2032
-34288.8471

2157
-39215.449
-20863.3038
-10224.7264
-20692.704
2161
-29102.352
-28583.875
-14293.1948
-45449.1649
2165
-23242.6654
-17385.4858
-69329.3803
-44765.817
2169
-24807.8028
-30384.8675
-21896.0605
-19523.1776
2173
-54111.6699
-53381.7205
-7052.61325
-53702.1
2177
-16842.4339
-23991.7888
-36417.1707
-25670.3331
2181
-44732.4698
-43396.0103
-34710.8313
-92200.257

1681
-22517.4474
-40904.5485
-48616.4665
-49901.6201
1685
-34374.6066
-16467.4846
-59275.4205
-10195.7741
1689
-18176.6982
-44619.9633
-32045.1051
-29892.8492
1693
-26266.253
-46576.7035
-29017.05
-31573.118
1697
-25847.8762
-22462.6055
-15324.8157
-14882.3685
1701
-18637.6173
-17277.4659
-49789.7841
-33787.6336
1705
-29164.4114
-22396.2202
-28686.2718
-16574.9616

1485
-2228.17243
-33995.4224
-83061.0862
-15382.9139
1489
-36795.934
-17430.8296
-21000.2529
-28321.5917
1493
-36995.1798
-38361.2388
-16426.35
-20237.0172
1497
-66262.5098
-18652.0007
-26586.737
-27202.7373
1501
-14671.1673
-8262.38292
-4333.37216
-17424.9552
1505
-16913.7384
-17287.8319
-19433.015
-49153.1221
1509
-24536.5564
-59831.8833
-74093.894
-72997.8882

1961
-16656.9325
-30910.2024
-23204.6398
-48929.8226
1965
-16875.4823
-23514.5693
-25730.2364
-19641.5488
1969
-70141.0556
-30269.2357
-5593.11736
-21312.5669
1973
-19405.6775
-81531.0254
-19168.2346
-42168.0894
1977
-15882.6296
-22586.7617
-10567.471
-18859.5964
1981
-29791.0522
-58870.4068
-26286.0581
-34566.9724
1985
-18304.1111
-27147.0033
-58789.8604
-28578.3721

2409
-28682.9357
-27435.9133
-14404.42
-14756.4838
2413
-31190.4882
-13328.8104
-46745.8512
-12374.1195
2417
-29946.3905
-17949.9134
-9582.38679
-24378.7931
2421
-19688.342
-28912.3142
-16109.5996
-27985.5985
2425
-20355.4584
-39888.5241
-18563.4575
-59575.6028
2429
-62118.0009
-20366.7895
-164998.774
-38930.2671
2433
-19762.8966
-57473.2883
-21710.1395
-24760.9003

2241
-56811.5785
-41381.4046
-50083.0548
-21379.2614
2245
-51436.9907
-37160.0644
-40467.9082
-41096.0374
2249
-79511.2959
-30631.4478
-75158.8413
-48286.2111
2253
-32563.9467
-23290.8101
-24656.989
-15428.4144
2257
-141932.723
-20792.9635
-29092.8121
-20009.3729
2261
-16009.5286
-72689.0759
-24763.8949
-26480.2586
2265
-35331.1203
-36427.0968
-135909.508
-15340.0208

1933
-44549.4151
-39744.6195
-21121.7951
-25157.8555
1937
-36715.4489
-19738.4119
-77997.8535
-39498.9665
1941
-40354.6551
-27011.9464
-18710.6187
-37488.7207
1945
-19867.1441
-34697.4861
-55266.6884
-18677.3169
1949
-36943.6188
-26161.6188
-40293.8774
-21564.8653
1953
-20427.7323
-36107.2459
-38337.5853
-60288.8606
1957
-47942.7138
-34605.0051
-27608.229
-22386.0632

1541
-39924.6292
-35798.4602
-35739.203
-23511.9813
1545
-60974.4127
-26724.1051
-22522.5365
-20106.5756
1549
-24048.8586
-45829.927
-59863.8151
-22228.6348
1553
-27990.352
-40292.2957
-24834.7173
-24641.1385
1557
-41100.2131
-41245.1231
-61114.6633
-16343.4542
1561
-43179.9048
-28363.1928
-7781.24054
-31616.0811
1565
-41737.3725
-61996.2113
-9566.33142
-29386.6592

1653
-20383.1218
-20891.7969
-24999.8432
-19609.4821
1657
-2963.25226
-20461.067
-20914.1035
-33280.339
1661
-13977.9087
-26235.3683
-21245.7533
-83857.0084
1665
-16150.7015
-31465.8902
-27363.0392
-43644.0402
1669
-44029.0742
-14191.4617
-19311.6659
-20111.1201
1673
-23870.6818
-28025.3495
-21588.5406
-26526.6275
1677
-2992.08632
-40325.7471
-36671.8274
-22456.0072

1765
-27762.8293
-36670.2439
-40626.8111
-9185.29157
1769
-23246.9518
-13530.9788
-134039.758
-35261.6602
1773
-27383.9932
-27717.9244
-17063.2069
-29290.8021
1777
-48401.2037
-15610.9427
-21536.8648
-25659.2627
1781
-17839.072
-27672.4192
-52630.1757
-16838.8645
1785
-26329.3381
-19300.5222
-36049.8024
-29511.1203
1789
-31752.6235
-22110.6582
-47075.9156
-28981.4156

2325
-16166.0284
-21770.6038
-22781.5739
-35862.3998
2329
-20059.4569
-56941.4747
-33948.6326
-29246.4236
2333
-22131.6391
-33792.4086
-76572.606
-27315.5963
2337
-18281.6782
-35597.0774
-30382.9202
-34276.4979
2341
-108941.72
-29753.7097
-29233.0033
-31058.9945
2345
-23565.531
-16219.0029
-46097.123
-29148.9125
2349
-23230.5519
-33438.6758
-15753.4951
-33073.6951

2521
-40231.7489
-19357.7069
-24186.1323
-20501.3818
2525
-49531.0586
-43704.5456
-14902.067
-47724.5744
2529
-23895.9759
-48821.8286
-16625.8257
-39253.2727
2533
-10233.9936
-57179.5837
-9666.54386
-18154.1022
2537
-38137.7116
-35876.2542
-38548.0495
-38148.4426
2541
-20616.113
-14059.2392
-24798.9053
-45520.6497
2545
-27352.3839
-17375.0589
-15394.5188
-22991.8168

2073
-26332.3085
-49766.7734
-49961.4021
-62802.6167
2077
-29131.614
-26421.2877
-124401.027
-28019.8447
2081
-29773.5609
-20345.7879
-28129.3746
-28518.8591
2085
-33452.0507
-16674.7976
-64426.651
-53843.2991
2089
-48378.0839
-12225.0202
-18969.4118
-38169.6311
2093
-29049.9379
-21141.8151
-19044.2512
-36824.4952
2097
-31338.0203
-24733.5377
-21658.6661
-18176.5548

1793
-33163.6418
-17542.8947
-21331.8859
-25754.1818
1797
-33244.2315
-23830.6031
-70520.8017
-16636.8934
1801
-22791.6191
-17088.7578
-32297.6941
-29719.6556
1805
-14254.5576
-17916.1444
-23492.4108
-23422.7006
1809
-16574.6499
-30705.5149
-25794.589
-8299.80629
1813
-28798.9908
-39884.0951
-38471.7936
-23747.9511
1817
-66562.3592
-42343.9452
-29080.0495
-32877.3276

1597
-22475.4101
-25624.3758
-42114.6831
-34469.4912
1601
-23730.4259
-29969.6365
-72552.5765
-53031.6525
1605
-15193.9044
-23422.1118
-57857.6627
-23093.1238
1609
-21520.882
-19286.4705
-23882.406
-23258.0798
1613
-71726.1373
-20683.7696
-41714.4045
-19932.2347
1617
-15117.5695
-34169.2717
-25624.5951
-38876.8743
1621
-18251.9146
-29405.3218
-11631.6722
-55731.0142

2213
-21802.9084
-31394.9271
-25298.9893
-33774.5799
2217
-31111.2609
-19055.8106
-29709.2807
-21294.0687
2221
-51575.2505
-47739.2242
-20883.6115
-8587.38089
2225
-41080.1146
-25931.1219
-27976.7634
-46554.9094
2229
-19828.2737
-33913.1384
-18971.1575
-23347.8666
2233
-36729.0903
-27698.771
-30926.5043
-16226.022
2237
-20546.2155
-17876.6986
-28067.1883
-102019.785

2437
-10507.2345
-27572.5366
-12517.4554
-34069.5882
2441
-7666.14221
-4280.9817
-21801.3247
-22729.0659
2445
-27739.8296
-33705.4776
-21506.361
-39495.0554
2449
-15314.4652
-16698.0231
-47800.5416
-20752.5887
2453
-55427.9238
-18117.5681
-22502.3961
-22717.9632
2457
-22925.55
-22398.9925
-102059.371
-32917.7391
2461
-42409.1231
-15823.4469
-76606.0531
-16813.6229

1625
-13855.9704
-20406.0343
-21688.7656
-47286.9479
1629
-27955.7117
-23826.341
-17545.1669
-25032.1125
1633
-31865.559
-29061.4878
-31893.7747
-14173.688
1637
-28364.5871
-62152.2933
-35901.8204
-29188.8982
1641
-17577.3165
-12595.5698
-28671.8499
-19420.6523
1645
-21137.184
-54598.5272
-18630.3093
-72128.8023
1649
-29015.687
-28040.6256
-42706.7204
-24584.7597

1513
-28249.1547
-16494.8758
-24442.8997
-31097.1653
1517
-17408.4309
-10047.0725
-27540.1949
-57738.1452
1521
-47797.4769
-19016.8508
-34017.7113
-30904.3586
1525
-111595.973
-30329.2027
-26024.159
-19594.8351
1529
-31587.2336
-20541.2612
-46728.1983
-53079.1883
1533
-35585.3956
-3416.19907
-26523.1265
-26973.2032
1537
-22784.6888
-31327.9756
-15422.5896
-25305.9278

1877
-13777.3668
-13863.8058
-35562.1648
-47385.5571
1881
-17669.7532
-40552.9436
-51628.6948
-38446.3296
1885
-12944.7593
-15869.7692
-42448.1406
-28072.9954
1889
-49938.8274
-32070.2654
-21346.5306
-31768.4914
1893
-31892.2982
-24666.2058
-41467.408
-18051.3903
1897
-29980.1198
-18241.0861
-10936.2764
-32354.4062
1901
-23440.3047
-71840.5355
-13709.0923
-30334.03

1989
-48302.2001
-70290.3024
-41258.6479
-18414.7784
1993
-39021.0776
-18142.9963
-29601.4464
-114137.526
1997
-14532.6238
-48757.1227
-35061.1697
-13237.4729
2001
-41114.8355
-36518.3585
-17639.1535
-32800.0518
2005
-16695.6203
-16102.037
-16533.8668
-31863.5718
2009
-30849.4398
-23889.6872
-21724.0127
-45767.8626
2013
-20398.5712
-64787.6893
-28643.9277
-28189.9942

2493
-50625.8076
-20422.732
-34824.1592
-41380.4196
2497
-29744.9981
-8698.05026
-54780.3308
-15821.9611
2501
-17687.2562
-17478.834
-35918.6957
-16513.5176
2505
-21316.7587
-22264.1722
-27310.3096
-35011.6797
2509
-18607.4892
-15969.4482
-27394.6491
-38114.6422
2513
-20249.2236
-20611.6686
-21410.8034
-22235.6171
2517
-13648.0533
-29569.0035
-95915.3906
-19066.1213

1709
-24509.3461
-13665.2867
-20695.0131
-18295.2202
1713
-20492.0401
-12800.3259
-27805.9392
-25197.0417
1717
-37734.3057
-20624.407
-23603.2724
-104199.484
1721
-29111.2517
-27496.8472
-36197.4295
-29974.0594
1725
-69603.1001
-18157.3456
-37356.4135
-48802.1951
1729
-19364.2288
-46231.8013
-27044.7282
-29224.4567
1733
-29915.7203
-44656.6395
-42252.8987
-21724.0025

2717
-28055.7999
-25616.4179
-20523.4258
-27080.986
2721
-16598.1273
-12439.5762
-19862.1011
-23376.873
2725
-48684.5477
-32107.5862
-29815.3469
-21570.2459
2729
-23181.2387
-23549.0148
-26161.2458
-73513.6154
2733
-20171.8773
-22362.3294
-29942.2681
-60335.2271
2737
-38328.4158
-49362.8804
-17449.0406
-37899.0063
2741
-20581.1115
-15268.8358
-33192.4588
-15680.3577

2297
-40431.8851
-1091.07106
-91667.3306
-48319.8917
2301
-20767.5598
-57318.9986
-14952.8932
-31459.4147
2305
-39912.8424
-18398.7082
-126734.924
-31606.8692
2309
-33930.1707
-25402.3465
-45529.2861
-17165.9676
2313
-32380.8628
-35967.2924
-31594.6628
-17538.0524
2317
-12539.2533
-22472.5788
-117422.044
-31088.064
2321
-38172.5951
-24825.3516
-17194.453
-33819.1724

2017
-58405.5492
-41376.7805
-48640.1775
-46265.7574
2021
-17198.8136
-30490.482
-16723.742
-34491.2607
2025
-20220.2754
-18466.4947
-37240.0227
-37737.5139
2029
-24666.5795
-23971.114
-28750.204
-15875.5674
2033
-33798.7013
-33255.167
-40917.1095
-21175.1664
2037
-21707.2096
-22642.1832
-25643.7423
-31702.0444
2041
-59359.0295
-45805.8684
-32388.0105
-32579.8255

2185
-25349.4321
-16591.4026
-20849.5195
-26728.9472
2189
-54963.1584
-37228.9352
-50611.2246
-3344.32758
2193
-26623.1859
-11232.0297
-54747.0205
-24966.0498
2197
-14840.283
-49862.5531
-34116.0435
-18566.658
2201
-24148.3193
-48532.9784
-18577.7258
-28311.362
2205
-14943.5241
-27631.8761
-25842.1082
-32595.5579
2209
-12773.9458
-30075.4272
-10153.6227
-15970.6316

1849
-22833.4251
-10208.6481
-22532.9326
-19993.7612
1853
-12441.417
-20370.2589
-21255.6973
-50681.6252
1857
-24846.5042
-30857.5913
-68276.2783
-26181.3196
1861
-26628.2324
-23194.7835
-26840
-68306.2866
1865
-46129.9693
-31109.9201
-84927.6537
-23172.7102
1869
-3978.83543
-29125.3666
-41777.7335
-29932.0304
1873
-19107.3088
-40608.0486
-26953.8031
-114900.518

2269
-79587.4836
-8760.48192
-64873.0886
-29371.6543
2273
-12401.2081
-14247.855
-24067.6124
-21035.1807
2277
-19093.0084
-47864.7765
-26838.8872
-32825.8673
2281
-25958.4256
-53960.091
-21261.0812
-23359.9824
2285
-59634.9397
-37995.5447
-35680.2525
-41109.5552
2289
-26641.6909
-22492.7521
-51111.8731
-20319.4335
2293
-42675.1364
-5046.81085
-24835.0402
-25083.9887

2129
-9167.19789
-21603.9146
-16612.3107
-18005.8048
2133
-12203.3968
-20741.7924
-5591.11331
-23448.0588
2137
-23596.6646
-24323.0422
-48451.4071
-26048.1085
2141
-21899.5766
-35657.3042
-44535.7572
-24525.489
2145
-61592.7816
-31189.2483
-63840.549
-28350.7299
2149
-32609.686
-28726.1571
-23570.2331
-92457.8673
2153
-13925.7443
-20285.8968
-21305.9193
-12771.3059

1905
-173699.171
-32561.0095
-28069.5865
-21901.698
1909
-21194.2371
-19747.3869
-74874.5651
-26063.5318
1913
-77700.7206
-30070.2545
-19198.0299
-19597.468
1917
-24857.3265
-36072.6575
-37514.9824
-17753.679
1921
-42690.4909
-7456.48195
-26945.8558
-19933.8414
1925
-60275.109
-26409.1994
-16311.5847
-19751.4731
1929
-21903.2177
-14978.6836
-28834.2196
-16724.2779

1821
-35829.8405
-42215.9067
-19217.43
-17984.2187
1825
-24993.4603
-37877.2403
-32248.5423
-36756.2487
1829
-35723.3946
-26591.8671
-18591.7136
-27490.4623
1833
-94236.5247
-34796.4811
-24807.3392
-19092.2926
1837
-31653.0715
-15990.6408
-39577.9119
-82564.0678
1841
-38466.558
-46847.3232
-23437.3114
-26853.4336
1845
-16477.5669
-17495.6741
-31183.6595
-17181.2018

2353
-29640.8066
-28699.7621
-56251.7208
-26199.8411
2357
-29781.3818
-27380.9906
-44751.6894
-34963.4266
2361
-5741.42661
-18221.6119
-24801.3623
-3747.10055
2365
-27546.7648
-20173.7076
-20493.4878
-11956.9401
2369
-2365.95473
-47723.0793
-16711.4177
-19330.889
2373
-10413.9933
-27929.2975
-33309.4973
-22075.92
2377
-17561.3718
-6223.94286
-33917.8031
-16528.985

2465
-40237.6293
-14653.5893
-11375.7094
-9934.96452
2469
-34450.5254
-15558.9671
-13675.1459
-20930.3578
2473
-43347.4776
-23408.1278
-23266.2941
-32267.6851
2477
-16561.402
-17693.5583
-12717.2741
-17723.947
2481
-15541.5448
-35016.4229
-18837.3755
-49707.3824
2485
-34341.0729
-27769.4441
-25623.1676
-26046.506
2489
-31592.8278
-25140.8386
-21481.3684
-18222.3199

2381
-16195.7568
-67338.8397
-87800.1264
-29498.7319
2385
-22913.6662
-78846.3493
-32692.5129
-27528.1702
2389
-16241.8553
-35713.0506
-10559.472
-29065.5165
2393
-136950.588
-65991.2913
-38275.6575
-41366.2945
2397
-5586.17221
-1616.89914
-28948.6661
-23542.1433
2401
-27901.0007
-23971.0752
-29820.994
-25436.7997
2405
-23245.434
-26911.9417
-15930.2081
-49108.7601

2045
-19617.7486
-24816.1863
-12257.8283
-29069.9754
2049
-9357.20729
-10045.0563
-31180.3494
-17369.9471
2053
-22144.5629
-57196.6192
-22404.877
-22841.0479
2057
-12870.4918
-15707.6378
-21863.792
-4412.5762
2061
-12128.0502
-27670.4065
-71325.1817
-33802.9662
2065
-28874.1976
-14517.3113
-2218.94664
-19548.6686
2069
-22358.2478
-27014.7752
-24123.2991
-4439.32122

1569
-44300.7978
-43033.9526
-65265.7732
-5702.13306
1573
-15453.8094
-22891.5134
-31689.5502
-29872.8213
1577
-34196.3008
-17399.0028
-123368.041
-118098.48
1581
-24837.7677
-35993.2955
-42035.1435
-14863.2869
1585
-33608.618
-37592.3708
-23939.881
-42252.0234
1589
-19724.7275
-64576.9847
-35568.5502
-26675.0417
1593
-33638.1703
-33468.0972
-22513.8027
-41086.2183

1737
-39238.7582
-89179.6539
-26317.2438
-43697.4901
1741
-16874.6492
-26927.0351
-22425.0342
-50578.1157
1745
-59213.5388
-29757.0355
-19500.5494
-19702.7084
1749
-17975.7575
-29161.2906
-26988.5867
-29139.4544
1753
-18357.4837
-30747.3719
-32772.1511
-11855.6272
1757
-55705.1545
-39876.3047
-35034.9589
-39981.2004
1761
-47193.9253
-14207.163
-24719.8751
-30700.7081

2101
-36555.0256
-704.767121
-47416.7278
-15836.9514
2105
-16897.073
-15812.1702
-20514.3616
-129405.381
2109
-39340.7216
-27374.9704
-36748.5212
-22938.6284
2113
-18378.8419
-113151.909
-26036.8051
-16086.4539
2117
-25069.6866
-44658.9542
-25568.9411
-44273.7578
2121
-32840.1995
-42332.1859
-45294.545
-70037.491
2125
-34086.8203
-83311.9659
-25689.5325
-26127.0836

2549
-17785.4475
-7405.68187
-23953.9079
-15910.5101
2553
-138692.514
-44074.8387
-20262.6592
-17663.5171
2557
-29801.9324
-39196.552
-13664.6294
-19617.5834
2561
-26522.8788
-17198.9738
-42256.537
-23834.9859
2565
-54495.6869
-34627.6238
-41451.9132
-18245.035
2569
-29372.1236
-18214.7474
-16780.3362
-36507.9203
2573
-34097.7609
-30264.5911
-36898.9607
-27346.1221

2605
-22398.9773
-11252.0686
-39594.2447
-27719.7427
2609
-26223.6362
-18265.2714
-8434.77654
-54605.1419
2613
-34351.7492
-20838.7599
-29110.9145
-30840.6534
2617
-38992.8998
-16807.782
-24185.6235
-29795.321
2621
-20804.3959
-37646.4231
-45853.5396
-53605.3963
2625
-23715.5853
-7759.94642
-14599.4482
-36576.8177
2629
-26100.8464
-17382.6129
-51666.5642
-7389.32789

2633
-49659.6974
-19474.2653
-18701.8222
-37296.616
2637
-30606.8699
-23111.9618
-39395.1053
-35622.8408
2641
-27183.8133
-34970.3139
-38196.5161
-24577.0941
2645
-31683.8958
-998.014222
-80978.5745
-19648.4182
2649
-15157.0921
-32131.8435
-44647.5793
-19524.2047
2653
-20258.8005
-34816.7014
-15025.9886
-46270.5733
2657
-25962.8202
-3176.17242
-12959.3205
-28038.2802

2689
-27838.5995
-37994.1647
-28368.7197
-31850.5811
2693
-21410.8973
-14639.9488
-26825.4642
-29685.2062
2697
-4867.61844
-19267.0866
-27504.1029
-23474.9286
2701
-43969.7039
-25308.3875
-12745.4979
-49380.5522
2705
-22472.2253
-34681.686
-32018.0937
-27279.606
2709
-45385.6868
-11421.9623
-10005.0261
-29826.7289
2713
-42365.021
-33976.4915
-25987.5265
-27628.2497

2801
-32943.4011
-17319.0084
-17640.3623
-21457.7062
2805
-31148.1948
-3230.8732
-21188.1401
-37111.9823
2809
-56706.8769
-25978.3937
-33578.8108
-2234.1322
2813
-18611.2488
-28759.8502
-30887.2801
-29111.3297
2817
-19171.9489
-25428.5908
-1764.00691
-27696.4782
2821
-42554.3295
-44655.301
-11716.8153
-18218.7938
2825
-24848.9995
-35072.5454
-20997.5559
-16119.0458

2745
-6387.14201
-34651.2922
-24578.9884
-13094.1942
2749
-18414.8285
-45636.4387
-20869.4974
-18256.0626
2753
-26423.2881
-51224.3856
-38137.7003
-47807.4996
2757
-11995.6919
-14243.049
-27615.7372
-26315.8899
2761
-27245.5389
-2946.23438
-59664.289
-16640.8516
2765
-64451.266
-36432.4976
-30434.7226
-21269.1472
2769
-11019.1354
-3313.0727
-23508.7099
-1857.70175

3781
-14476.0517
-28707.9946
-17040.2174
-18088.6323
3785
-21830.0199
-19624.4906
-33574.4715
-28397.5061
3789
-18417.4503
-19777.9573
-17560.6241
-37860.2046
3793
-17898.7792
-18278.2481
-39904.7598
-22793.9502
3797
-20231.4298
-28685.9519
-36442.9742
-20378.836
3801
-22645.7725
-21315.3554
-18994.5196
-14124.9462
3805
-29954.5117
-16716.0145
-27878.3203
-37323.6397

3977
-30159.6196
-20951.4275
-26269.2444
-19991.3321
3981
-6433.20455
-10564.9749
-12803.7941
-19395.9161
3985
-46986.8111
-35053.6061
-51180.8132
-22804.5371
3989
-25255.2419
-27489.0366
-26309.9443
-89298.4948
3993
-18346.7328
-26119.5686
-18709.9615
-15136.4469
3997
-15480.7631
-4740.41343
-37770.5441
-21604.2857
4001
-41533.5447
-23602.5899
-18109.6255
-25224.3079

2773
-19504.6001
-19543.2748
-40849.2341
-16006.8522
2777
-53771.4083
-39079.7347
-13227.259
-19400.776
2781
-36256.4353
-11196.4333
-29972.0797
-15495.5089
2785
-29133.771
-22170.0157
-48737.5521
-30591.047
2789
-40091.5142
-42824.9545
-9429.5458
-19808.521
2793
-32559.4473
-5201.94242
-25071.7922
-28271.4794
2797
-29551.2417
-40128.78
-20825.9471
-20422.7277

2577
-14571.273
-21687.1977
-43995.0832
-57868.944
2581
-36492.3678
-68873.8693
-137104.798
-27410.6749
2585
-66896.4544
-37592.8709
-28429.4899
-21763.6683
2589
-31050.0719
-45565.9723
-22031.0338
-5108.43477
2593
-14608.3415
-32276.1254
-88404.2702
-22442.7505
2597
-39565.32
-24977.5177
-21734.4128
-18935.0844
2601
-17630.2041
-40630.7669
-21052.6221
-44661.8963

2661
-23362.6647
-38671.9206
-1914.5272
-53351.3349
2665
-23908.1519
-33324.4013
-16734.2578
-21862.6123
2669
-16303.4666
-25757.5577
-16331.0001
-33526.8421
2673
-35356.3818
-15095.8777
-31689.428
-13976.4021
2677
-14317.2624
-14327.8108
-28771.8524
-24989.1901
2681
-71254.3242
-31607.4086
-11526.8471
-79006.7772
2685
-13844.5684
-27590.9611
-28623.5449
-21876.3994

2885
-76049.4923
-44107.7871
-18313.4684
-32345.8454
2889
-40005.4001
-19079.7667
-21776.1375
-31037.5592
2893
-20997.8536
-24511.2267
-47292.6619
-24248.2791
2897
-27780.9694
-19243.0803
-2588.87676
-28864.858
2901
-35535.7394
-42302.0052
-13576.0611
-59324.675
2905
-32685.488
-18299.3007
-33303.7173
-21578.1785
2909
-21253.4296
-22214.8996
-58132.1332
-31445.4141

2829
-22354.2908
-24731.977
-25249.5005
-27759.0327
2833
-36286.9279
-23042.9222
-25944.9309
-30182.5477
2837
-11277.6656
-20353.1508
-21461.5968
-28191.3958
2841
-26233.3903
-18372.8351
-22212.1359
-6232.71804
2845
-30644.2878
-45951.2291
-18890.2887
-62142.9635
2849
-36396.0028
-24932.2973
-110323.589
-75201.2078
2853
-42065.8059
-34013.3039
-36952.767
-48279.7695

3445
-15277.3961
-51433.9147
-20887.6358
-38305.3835
3449
-46457.8337
-26504.3541
-33985.4263
-15443.1444
3453
-53155.4
-1656.3703
-27101.1588
-45004.9307
3457
-31292.7065
-13432.0171
-28668.75
-14097.411
3461
-9117.93174
-39862.4715
-24906.6336
-41032.671
3465
-17988.9141
-74445.4387
-44833.3686
-42911.9579
3469
-15949.9062
-68194.0561
-22214.8352
-23159.3805

3473
-72947.6176
-27166.5798
-52797.066
-33625.9285
3477
-16680.6474
-15060.4002
-30248.7798
-34835.7019
3481
-19483.3493
-27353.3201
-21413.3811
-27771.3172
3485
-31863.5524
-16771.4531
-10180.8536
-18467.2764
3489
-32904.4714
-30196.7066
-16096.9966
-46093.6726
3493
-19005.7472
-14847.9796
-52537.8756
-108677.023
3497
-23972.3918
-13179.3321
-8542.57082
-22211.2029

3417
-49349.9946
-6266.24324
-21105.0201
-29745.588
3421
-48599.4099
-13429.7148
-21016.6047
-45267.356
3425
-9162.86533
-35799.2729
-20641.5504
-46293.513
3429
-22661.6791
-51289.1211
-29619.5114
-44215.0873
3433
-34676.662
-20636.7835
-40717.3199
-8190.65065
3437
-15559.4814
-45456.1821
-20641.3249
-92023.3723
3441
-23877.9508
-32726.3032
-38373.1566
-56626.9107

3725
-24469.4453
-20210.1465
-29660.455
-40653.3088
3729
-20458.634
-16735.6123
-15758.8118
-61822.9877
3733
-17589.8882
-38418.6418
-22971.2061
-35599.0488
3737
-26221.8093
-14532.3306
-21447.5698
-30408.5647
3741
-31314.0565
-17990.6248
-70806.8584
-80630.6116
3745
-17886.0593
-14041.1729
-24057.0789
-16903.7691
3749
-36340.9259
-21226.0159
-174256.161
-19538.1362

3137
-34416.0895
-6922.79383
-18558.4295
-31983.7092
3141
-20585.8272
-22147.5291
-22765.6064
-30975.2858
3145
-29612.7843
-22332.0629
-81122.3349
-22394.7675
3149
-30649.198
-67194.5521
-30332.3333
-4358.75638
3153
-28133.8499
-37224.9966
-37052.477
-17098.4439
3157
-49394.5337
-19377.2379
-13669.0332
-20264.4386
3161
-24319.2177
-30532.7508
-19553.4791
-53404.8172

3949
-57400.7413
-28031.8543
-20725.0452
-20401.5298
3953
-17017.31
-41443.6984
-21258.4149
-17459.6447
3957
-20668.2371
-33658.038
-55448.8384
-31734.8503
3961
-70105.2382
-73789.7856
-32245.634
-35400.5023
3965
-68758.2949
-26216.816
-23020.3805
-25193.2693
3969
-30426.2735
-40448.3102
-24054.5476
-29521.5107
3973
-16632.6072
-17727.712
-255661.771
-38126.197

3669
-17897.6098
-39933.7384
-29252.7733
-28021.3667
3673
-7942.88943
-12111.2487
-25953.8799
-18515.1779
3677
-20918.9855
-14835.8093
-18942.7562
-17177.3602
3681
-53347.4791
-30647.5362
-21804.4726
-43415.654
3685
-31926.03
-56920.167
-19256.8831
-34831.9966
3689
-30636.3762
-13808.2332
-18761.4477
-65299.9682
3693
-19500.256
-4022.42839
-23047.1919
-30637.9772

3585
-2636.1681
-23829.1073
-54670.0898
-74615.0258
3589
-13188.8591
-35444.0457
-21866.6506
-71633.0171
3593
-33191.3234
-19564.3643
-25264.7998
-37696.0263
3597
-83884.3978
-5005.33365
-46287.5711
-113382.123
3601
-35722.5817
-27119.9822
-21006.0438
-19098.0299
3605
-32565.4086
-33891.9542
-2629.68922
-22773.942
3609
-14597.8812
-63321.1536
-16033.6684
-30582.9645

3389
-12415.254
-30835.9128
-70295.2065
-20272.8733
3393
-59922.6807
-32705.1222
-40470.0003
-24031.3841
3397
-4947.18933
-22897.3311
-23642.5505
-26757.2618
3401
-11922.3231
-18787.7341
-24948.231
-38261.3057
3405
-18182.2087
-20319.0692
-60662.5796
-40326.2346
3409
-23293.9267
-24133.1591
-24123.5559
-31788.2635
3413
-18476.3547
-21321.3265
-2763.59851
-17529.9132

3025
-3317.91039
-34317.6892
-36724.2801
-25063.6141
3029
-39214.8193
-25383.7267
-16151.5781
-29568.0043
3033
-34835.8044
-20760.5939
-35369.8569
-24126.8491
3037
-59071.8902
-37283.1151
-27019.4474
-15620.8899
3041
-12800.6647
-51558.0646
-50341.9197
-64477.1754
3045
-54823.5473
-35872.5858
-30751.1097
-50830.8237
3049
-3555.20361
-14129.1326
-23070.0192
-12954.6005

3893
-13881.9186
-42544.984
-41353.4467
-14989.8722
3897
-20035.9131
-14496.4508
-25331.4605
-13960.4572
3901
-43459.879
-34702.4796
-19253.9546
-25355.9106
3905
-24650.1796
-22807.5494
-25977.915
-23327.2875
3909
-22696.5537
-3511.93944
-45480.4445
-37197.146
3913
-31200.5242
-19954.8227
-83004.2967
-19261.3556
3917
-22502.0217
-26199.3799
-37176.9159
-31776.5968

3557
-38410.1787
-47094.5194
-41209.3963
-19981.4736
3561
-27779.1271
-29595.6494
-56324.7712
-23811.6358
3565
-19236.4918
-57368.7234
-15783.6415
-13081.5491
3569
-39145.4592
-36845.4467
-25853.8617
-2958.66428
3573
-32527.4532
-38293.5067
-9095.99016
-17511.4921
3577
-32861.0744
-28833.3045
-41254.0152
-45616.5873
3581
-4223.35292
-105870.471
-28297.7996
-14942.4718

3641
-44479.2514
-37150.8679
-9583.13416
-37509.1445
3645
-10262.9713
-52356.0055
-30016.1084
-51726.5025
3649
-65332.1427
-37481.5764
-23359.211
-26920.0575
3653
-24108.1857
-16827.5499
-33114.535
-24158.5949
3657
-39249.9499
-52977.2834
-16304.1703
-27950.7893
3661
-23591.2608
-21499.63
-24065.6473
-27744.3396
3665
-13988.6772
-27657.3083
-23949.9195
-31474.1589

3333
-18357.9898
-23894.3663
-7738.09881
-26431.2616
3337
-16768.6601
-17350.577
-24760.5922
-90050.6074
3341
-23071.5135
-31286.4949
-32838.1587
-13075.6294
3345
-20438.0301
-28010.5734
-17593.4565
-20754.5961
3349
-22254.7472
-19690.0566
-25553.6279
-1545.78499
3353
-40786.3802
-33224.5021
-38205.9574
-52780.9914
3357
-31217.0261
-19467.629
-20101.9732
-22311.7391

3501
-24317.6906
-20299.2636
-16185.925
-33236.6295
3505
-130556.831
-46147.0448
-32130.5515
-27201.2571
3509
-24387.45
-8606.43418
-48087.1251
-28042.4992
3513
-19855.6964
-24300.0277
-18157.0663
-29686.6438
3517
-28203.6296
-7300.45078
-16525.9089
-29012.8987
3521
-38362.7478
-20873.17
-45928.6094
-70928.9203
3525
-78234.679
-25328.4924
-17681.9606
-30400.2251

3277
-27537.8674
-19492.9881
-22630.89
-19465.6454
3281
-24315.8272
-35293.6378
-2532.01589
-6171.85381
3285
-21431.2595
-6376.4983
-14937.3865
-47207.4087
3289
-74314.2189
-46050.1109
-36498.9842
-25708.4424
3293
-84543.1058
-26874.5888
-35539.5694
-19644.3189
3297
-44932.8127
-88882.976
-23218.8366
-11644.9521
3301
-19294.6975
-16335.3312
-161274.162
-25472.6878

3165
-30987.3065
-26750.3577
-31964.4005
-43542.7086
3169
-55992.3575
-53447.1429
-27668.2622
-49015.5475
3173
-28307.2973
-15708.4259
-44801.412
-11380.1032
3177
-10788.6156
-34797.9009
-28728.8988
-30433.0409
3181
-42119.5959
-56024.2636
-53329.5869
-57508.2125
3185
-24183.1886
-30803.9668
-24253.0231
-31325.9099
3189
-34054.6687
-30476.4746
-15626.4308
-30925.0625

3865
-34104.4079
-27996.0565
-22369.4558
-31800.012
3869
-55743.1527
-32410.8324
-21152.9092
-19570.3546
3873
-17019.3434
-137576.635
-32333.1407
-18943.9092
3877
-24513.5133
-24676.6359
-23988.9055
-13998.8405
3881
-4054.94294
-21461.7311
-15931.4346
-43670.9293
3885
-20965.2526
-15936.7679
-21199.9968
-36881.3385
3889
-58877.819
-101795.586
-48364.7195
-21843.3925

3361
-20381.7497
-17424.5004
-25588.2264
-12207.5004
3365
-62572.3936
-7687.79693
-41649.6944
-101491.107
3369
-18858.4051
-19210.5131
-16098.9004
-18217.6953
3373
-46030.4666
-20295.8513
-49668.8523
-63465.7302
3377
-34319.245
-18019.7165
-10238.5812
-21823.4136
3381
-20969.3264
-14642.85
-29207.4452
-67835.283
3385
-41072.684
-35143.5224
-48125.7419
-17803.5536

2941
-16269.796
-9376.53858
-22928.8471
-25758.6731
2945
-30634.6352
-24225.563
-57279.3196
-8206.6381
2949
-20891.5896
-28645.1502
-39335.1108
-35589.8224
2953
-41122.7102
-2277.48779
-28951.3688
-28091.7884
2957
-59836.7879
-21942.7989
-22005.891
-34101.8265
2961
-30425.8456
-19395.7087
-22888.7397
-46404.8178
2965
-35957.6186
-18123.5864
-41915.8212
-23085.6134

3221
-33291.2836
-32251.8011
-21515.9014
-24356.4171
3225
-40721.1637
-21724.38
-18696.7779
-46951.9543
3229
-33823.8651
-35220.4486
-27395.8195
-39936.2938
3233
-14659.8715
-31404.0494
-29336.0666
-10059.8777
3237
-31909.5223
-50171.5576
-29813.6634
-11031.204
3241
-18391.4139
-13367.8068
-41316.6581
-18418.6348
3245
-24413.9709
-61934.1564
-25145.937
-22971.4791

3697
-24766.1887
-12891.4015
-50143.9858
-24356.235
3701
-37100.1432
-24042.2616
-47891.5395
-18931.2773
3705
-15501.1185
-23561.0088
-53073.0816
-19381.4622
3709
-21360.1797
-40385.9875
-43233.3943
-22350.6193
3713
-2441.34683
-27941.3042
-2375.01741
-31570.0938
3717
-103221.216
-20186.6703
-22449.6155
-30789.6193
3721
-21856.4471
-27278.7281
-13785.0288
-16754.487

3753
-4816.11115
-29797.983
-56242.0905
-44315.4809
3757
-32295.616
-27009.2804
-15907.1046
-13975.2637
3761
-21631.372
-32407.3587
-15817.8495
-39407.6047
3765
-17300.0066
-43273.2495
-26169.3819
-16326.6207
3769
-24725.2774
-18142.2921
-26636.6937
-42435.6321
3773
-35825.419
-27934.5659
-53215.217
-42462.6017
3777
-24477.9677
-28074.9308
-18544.3587
-37555.9247

4033
-20293.1291
-39407.9578
-15643.7691
-22062.2107
4037
-29056.1687
-17690.9821
-16255.3015
-23603.0848
4041
-18098.0094
-22269.6952
-30379.4181
-37356.4265
4045
-6332.00562
-7578.81811
-29430.0267
-30488.8973
4049
-30521.1841
-14031.6452
-22216.0995
-11557.5354
4053
-58053.5762
-16805.7123
-31953.9198
-50444.1953
4057
-12647.9249
-13811.3858
-21513.4886
-40794.9416

3921
-23804.1688
-15535.6669
-40492.228
-22919.0603
3925
-16854.0171
-34437.6439
-14661.5952
-15739.693
3929
-19486.1897
-18034.3526
-21003.2634
-22274.1099
3933
-26497.3314
-14922.0552
-37033.7964
-18512.7674
3937
-24844.7257
-18003.8854
-35526.2291
-18670.714
3941
-25516.6519
-59948.5807
-84802.9166
-43507.3789
3945
-37362.6459
-41898.5359
-6316.23045
-21964.0201

3193
-22415.4921
-23521.4288
-18488.1533
-80611.0266
3197
-21615.4777
-14164.7411
-43759.7864
-34527.5541
3201
-22180.5895
-40918.7968
-38536.82
-29289.0413
3205
-53299.4944
-33508.6482
-61069.416
-27266.6229
3209
-21217.7421
-27682.7162
-27755.7178
-51117.9658
3213
-20888.0302
-33089.3446
-22944.345
-32262.6195
3217
-31713.3266
-51632.4317
-37323.4334
-14646.8139

3053
-19893.1854
-33987.0164
-41197.9112
-14351.6177
3057
-30247.1798
-51574.6206
-74359.2684
-42415.6074
3061
-15376.9917
-54270.4809
-66216.8777
-12901.7343
3065
-27421.8792
-19539.2955
-50778.6504
-8024.61605
3069
-16514.7217
-17364.7227
-27232.5835
-32136.9942
3073
-18679.5003
-19134.9785
-22682.1227
-25207.8263
3077
-42216.2686
-42943.4917
-66358.5282
-120356.52

3249
-73988.4804
-35398.2853
-112648.45
-17477.8048
3253
-2985.36203
-19696.9598
-41008.9084
-18145.4599
3257
-28986.3051
-30441.3955
-92230.1136
-12693.9517
3261
-32218.7426
-4878.71384
-42947.1725
-39588.7743
3265
-13930.6825
-85939.3483
-45163.2405
-29143.0594
3269
-60827.4365
-26325.4425
-46082.1016
-29945.3794
3273
-15439.1348
-83568.6324
-22789.5173
-16187.9721

3529
-29000.3107
-42375.645
-35997.7213
-29970.1652
3533
-25290.7437
-15145.6855
-65355.1495
-16490.8094
3537
-18469.4983
-25201.3367
-23632.2076
-20532.2361
3541
-45673.744
-21750.5638
-29999.1271
-103010.772
3545
-88295.5383
-30060.3041
-21353.7784
-2648.60277
3549
-20809.3411
-28370.2572
-41419.2085
-28024.2057
3553
-17665.3139
-30123.5455
-31813.9421
-17794.243

3809
-25023.7471
-29294.2238
-67860.0831
-38678.3697
3813
-21940.0017
-29694.5291
-39678.5587
-19590.4856
3817
-24412.3203
-19612.3576
-35272.835
-19722.497
3821
-14004.5818
-25758.9606
-21527.4576
-143889.156
3825
-47055.4892
-10579.551
-37031.0036
-12726.0841
3829
-36309.6412
-14136.4674
-31427.9499
-16126.9599
3833
-34926.5626
-38900.9876
-15362.8649
-25582.6747

2913
-16967.1182
-22992.2381
-23790.8204
-20645.7823
2917
-30235.4147
-19872.6747
-14451.771
-18020.4032
2921
-18147.6542
-15543.0517
-6439.74458
-30965.3366
2925
-17918.0568
-43320.0991
-19658.3341
-2417.55578
2929
-24083.7017
-22733.0701
-19902.9542
-34117.2555
2933
-33369.5867
-17395.9061
-26173.557
-32011.0628
2937
-22759.5339
-42422.1829
-18618.0149
-45161.8604

2969
-1703.76963
-41271.2231
-60981.3744
-25407.4791
2973
-12045.993
-36762.6246
-24891.3568
-22853.3072
2977
-85234.7658
-113716.236
-46651.6
-35432.6715
2981
-22863.8273
-39037.9678
-14780.2041
-25432.9732
2985
-14669.3053
-23560.458
-38153.7867
-51275.4912
2989
-30322.3741
-24777.712
-62072.9332
-22605.6689
2993
-7522.4978
-23812.0161
-22020.6789
-26927.9627

4061
-51169.6206
-16934.4422
-21346.4095
-57104.3772
4065
-37200.7154
-65960.4812
-30860.0422
-20003.1598
4069
-34682.7062
-27349.1629
-34736.1843
-71107.402
4073
-30599.8783
-19193.0155
-40011.8786
-75242.5992
4077
-87710.2435
-25519.5154
-15910.2426
-28643.2987
4081
-88240.6875
-14737.0591
-18967.013
-22114.5133
4085
-25832.7129
-39779.8866
-26607.3723
-60946.3186

3081
-57895.6151
-25415.6636
-23706.6852
-22851.6363
3085
-17136.3341
-59538.939
-62717.2542
-13468.5626
3089
-29033.442
-32060.4598
-46862.6354
-30071.1062
3093
-18765.3906
-17536.949
-54100.5448
-18074.2754
3097
-26023.0721
-31066.369
-35175.1938
-57657.356
3101
-43073.8753
-30561.4506
-7387.6572
-25886.7541
3105
-46004.0329
-23124.4764
-25829.9894
-10007.4713

3305
-75349.4231
-50902.8547
-32521.5157
-17339.6981
3309
-15513.3617
-23919.7705
-21177.4144
-19246.8178
3313
-37749.4389
-22498.0424
-67366.5471
-13355.0793
3317
-35957.2852
-57293.2732
-29702.845
-24624.2372
3321
-27029.9409
-29028.1449
-46681.3215
-99979.7001
3325
-17133.1036
-10220.78
-27114.5143
-24416.0799
3329
-13512.2025
-7351.28367
-28478.298
-76186.5564

3109
-40612.0685
-22551.1559
-28362.3357
-70889.0865
3113
-22378.095
-31686.7981
-31446.638
-36893.2368
3117
-29750.2906
-14076.0599
-35987.8058
-33738.4178
3121
-21837.0125
-2392.09976
-13275.0268
-51221.0726
3125
-18698.9384
-28812.0032
-37228.2982
-19625.3784
3129
-16595.718
-30854.8047
-46255.7929
-9426.41446
3133
-47080.5533
-11463.3268
-19610.1343
-15171.5511

2997
-22879.1791
-34740.3545
-22147.4784
-17104.8691
3001
-16644.2381
-52963.9348
-40756.9299
-100026.229
3005
-25663.0954
-23468.3117
-4616.50167
-50426.0592
3009
-60841.2399
-30118.6147
-59722.759
-38590.4592
3013
-45210.8272
-7514.23489
-12780.8775
-60270.2326
3017
-30318.4187
-17879.1932
-20951.0764
-17286.7704
3021
-42002.1477
-39044.2628
-16898.4184
-24536.5393

4005
-7180.11699
-21453.9673
-36279.7007
-55200.9832
4009
-20377.2715
-766.566879
-12288.8118
-13260.0599
4013
-31151.1574
-19597.1729
-20117.4602
-12042.9945
4017
-21298.1063
-29351.5413
-26972.7288
-98384.4956
4021
-41612.0321
-17190.4201
-21829.6125
-26667.9975
4025
-19078.1466
-70818.0079
-44395.1001
-30218.1609
4029
-16887.0607
-34415.2991
-46205.6378
-33917.5756

4089
-9204.90916
-92542.1123
-14240.7775
-54390.3424
4093
-21983.589
-21387.8299
-19544.0106
-21385.0137
4097
-21952.3503
-10835.4858
-21807.8066
-17568.9474
4101
-44151.7708
-36190.187
-28595.2154
-16160.3949
4105
-102037.53
-39170.9098
-47904.6674
-30982.6255
4109
-94407.1666
-17383.607
-36135.9078
-31911.3124
4113
-27491.327
-31968.5188
-41730.333
-44093.9142

3837
-36844.0087
-65798.0557
-5089.25575
-18835.1497
3841
-1066.61027
-18996.6889
-51096.5673
-20265.4039
3845
-27696.3665
-53770.9333
-2557.94553
-29918.5122
3849
-21253.5205
-31908.9153
-28611.1448
-19575.8541
3853
-56251.9123
-24822.9243
-19267.7167
-14797.1012
3857
-18417.7321
-17972.1665
-12096.7194
-41821.1889
3861
-23380.8997
-29863.6528
-27120.0511
-36300.6037

2857
-18671.3525
-26564.1749
-45954.5747
-30684.3536
2861
-70194.7079
-37808.3146
-43585.5757
-27714.0766
2865
-22598.7067
-26215.0625
-4286.65855
-27509.2691
2869
-18010.3138
-16196.3908
-13896.7066
-29047.3837
2873
-54961.7515
-22762.1951
-31252.472
-20052.4165
2877
-60800.0531
-23308.2872
-23333.8681
-21767.9115
2881
-182620.211
-22900.5321
-10758.2314
-15315.4336

4173
-25106.8957
-21583.1623
-12419.5446
-20966.3131
4177
-44989.9644
-54624.7831
-37575.178
-18924.2009
4181
-21479.8115
-24259.2509
-28509.981
-36918.0757
4185
-21052.1106
-56395.6781
-22921.6456
-27949.5459
4189
-16847.8172
-13584.7198
-47234.1161
-30395.1798
4193
-15732.5383
-52756.0984
-39170.4508
-31397.358
4197
-31396.025
-60289.3631
-6035.91423
-27687.6371

4201
-50734.1386
-11477.4224
-7428.37287
-8217.1545
4205
-13227.6682
-18867.8428
-27479.8111
-15321.0463
4209
-14155.1582
-27898.0347
-31892.8168
-2809.19635
4213
-39765.3497
-34665.7299
-17224.5392
-35348.0997
4217
-19855.7371
-20916.6443
-18834.929
-53195.4305
4221
-45949.2181
-40379.2078
-27737.758
-18352.4762
4225
-22888.0423
-31222.063
-20399.519
-32418.2335

4257
-10319.0227
-78437.013
-25743.6444
-13976.4973
4261
-14470.5824
-17721.7799
-30608.1492
-34094.9987
4265
-138641.257
-21632.2148
-24761.105
-40433.0873
4269
-50294.0728
-12364.6781
-43184.3537
-43090.5357
4273
-60305.6882
-25888.8078
-38786.097
-30588.8907
4277
-30604.3483
-19701.3678
-72511.117
-104665.251
4281
-20095.1734
-56335.0613
-127370.91
-38479.6327

4369
-18222.669
-21558.5229
-50135.9891
-64752.754
4373
-33175.5543
-17003.4088
-18193.3551
-53940.6646
4377
-23529.1503
-48754.3708
-23938.8608
-29199.7071
4381
-16187.7726
-21602.0849
-5815.01373
-28728.6289
4385
-32903.3288
-99687.5283
-59534.1196
-28792.3308
4389
-26023.9834
-13477.7848
-2072.22392
-28207.0145
4393
-13535.9336
-13671.8173
-94245.7807
-21951.3845

4145
-19900.4548
-27628.8653
-19738.4534
-14182.5088
4149
-32231.5126
-15389.4445
-17337.6684
-52352.0627
4153
-24691.808
-18462.327
-53385.802
-53034.0535
4157
-35523.0692
-26759.3878
-26602.809
-21994.6761
4161
-24890.5614
-24599.611
-17720.813
-20681.1674
4165
-12772.2037
-18091.6767
-51493.3342
-10235.6465
4169
-47189.3199
-18742.6245
-5685.34316
-15621.4677

4117
-48447.1707
-14272.8901
-20708.7024
-24508.2999
4121
-25800.898
-2096.34271
-26101.7108
-76583.6902
4125
-28036.63
-54357.0385
-36387.0446
-21384.5301
4129
-13808.1812
-42054.2173
-49864.7375
-22827.2751
4133
-15680.4328
-26436.0785
-18834.4845
-26348.9238
4137
-33621.0899
-17905.5573
-22780.4688
-20699.2055
4141
-29487.8077
-23070.351
-48920.0011
-18611.0229

4313
-15873.5149
-27308.7988
-25841.9421
-41489.9582
4317
-86825.1058
-25336.7573
-1956.22008
-28635.9569
4321
-24892.0576
-17143.3828
-48119.0718
-41491.1347
4325
-3831.1631
-37082.6006
-18758.1258
-15520.1871
4329
-31052.0171
-20085.2664
-8803.32668
-4981.34228
4333
-38540.883
-31216.3529
-42850.6774
-23517.9504
4337
-18262.3171
-37789.6168
-39923.3618
-39434.5956

4341
-18321.9644
-20673.1319
-14729.7028
-30279.2435
4345
-28817.2146
-103541.489
-7363.92787
-39668.2888
4349
-29361.9939
-83769.1201
-36420.715
-16392.1794
4353
-31180.2735
-23644.5414
-30188.9178
-31172.2352
4357
-20970.8383
-24846.7135
-17975.439
-25157.4407
4361
-34289.9489
-12308.322
-48573.8596
-18247.0392
4365
-28391.7615
-23398.0178
-47972.5763
-36319.0167

4285
-43762.8485
-25626.3504
-15810.6012
-34632.3968
4289
-21086.7155
-39220.7423
-52968.1651
-43218.0223
4293
-14758.9964
-32547.8574
-39063.8733
-103773.78
4297
-30058.7251
-29252.0506
-21080.6571
-47147.1316
4301
-24551.4617
-34876.6581
-18839.1047
-39736.6818
4305
-33167.0389
-20966.6602
-28266.1992
-31971.4395
4309
-85333.2675
-29812.4151
-857.403927
-6309.48507

4453
-29785.7115
-8522.00425
-16648.4775
-35088.6808
4457
-48848.6973
-22242.3692
-23633.6631
-19614.3166
4461
-27896.2956
-41984.9812
-37376.9331
-36037.7136
4465
-45306.5483
-21972.0458
-64007.1175
-111777.016
4469
-23478.1122
-27153.4067
-52262.1171
-27449.7172
4473
-24439.6998
-32271.4438
-12366.4992
-51378.3756
4477
-20182.317
-18641.6672
-16146.1227
-32193.483

4229
-25409.9838
-38171.0661
-26723.9245
-66373.3184
4233
-38272.7026
-85199.0353
-17017.015
-22730.449
4237
-52480.6194
-17781.1386
-54272.0089
-19778.0958
4241
-58867.9954
-34505.2415
-27563.7151
-21943.0279
4245
-13378.5863
-18965.9085
-22885.374
-29248.3846
4249
-218181.954
-29034.0467
-34232.9539
-22014.7573
4253
-16909.9852
-25523.0436
-58968.0272
-24048.3096

4481
-14743.7087
-19128.1735
-61124.684
-23301.2823
4485
-31957.7628
-58978.7516
-21916.5605
-1407.33073
4489
-26310.7176
-19227.8681
-49492.8905
-21155.7681
4493
-54704.2838
-46194.8931
-21123.149
-105893.77
4497
-33576.2326
-40974.6011
-17279.5185
-70181.2837
4501
-33093.9636
-75538.5015
-46300.1309
-16151.9181
4505
-15880.9232
-76822.2903
-34010.4693
-21413.251

4593
-22862.0989
-36852.0926
-17219.3732
-37082.4257
4597
-17047.041
-57094.4192
-48732.3567
-47104.3527
4601
-21107.4375
-22716.6113
-37293.2026
-41474.7133
4605
-39626.726
-42627.8696
-11736.1337
-23972.901
4609
-44811.3193
-34053.0458
-25828.7308
-28692.3381
4613
-50137.3561
-42370.8726
-17751.4879
-26927.9224
4617
-10203.3621
-120722.612
-25017.6005
-30150.2303

4565
-35625.4925
-58121.5589
-25025.1714
-10660.006
4569
-37728.9456
-22184.3062
-24002.9752
-58804.6185
4573
-39772.0238
-17896.4967
-65844.5699
-29091.9202
4577
-8796.63528
-46611.612
-15287.7509
-68707.693
4581
-19116.3794
-30155.4478
-10884.3402
-37856.3413
4585
-39280.3272
-20216.7493
-20581.7954
-29379.9377
4589
-10545.8575
-21837.8428
-754.87164
-37760.2955

4509
-25348.2021
-60682.4421
-31389.5393
-23880.728
4513
-15236.4745
-17437.1065
-34641.6631
-13600.1373
4517
-81561.4938
-68715.9057
-33192.1546
-39415.5592
4521
-26960.5132
-25335.8236
-12797.0922
-44600.3532
4525
-4849.68939
-29978.1043
-25549.6033
-17760.6308
4529
-25711.707
-28747.0836
-24147.6759
-12163.134
4533
-35012.7893
-15567.4473
-18323.1614
-31938.4279

4537
-95155.0751
-29347.6813
-21593.0949
-4037.12863
4541
-18072.4567
-24423.7062
-23042.9954
-53075.1557
4545
-67571.2614
-26341.5715
-33090.5844
-25974.3016
4549
-45143.712
-47245.6311
-100893.186
-18742.8857
4553
-35734.8887
-29402.8288
-6621.80403
-19369.5079
4557
-17110.788
-18996.1674
-27048.0112
-42044.409
4561
-12598.4072
-19294.6405
-19599.9785
-18834.1358

5937
-14180.7674
-32923.7198
-56905.7266
-16441.4908
5941
-24105.614
-14798.4677
-105300.061
-48368.0804
5945
-69845.5202
-22081.8522
-35243.1166
-465.542617
5949
-17221.5195
-26792.1499
-29944.6885
-45359.9614
5953
-52741.855
-16735.4129
-62289.5556
-18238.3051
5957
-29607.2585
-30145.4071
-39327.3975
-20263.448
5961
-18379.1133
-40735.5915
-20976.0769
-38168.3292

4621
-38553.2488
-25136.5535
-35386.4056
-97994.9508
4625
-27446.4324
-29333.9514
-20552.6001
-82633.6109
4629
-34162.519
-44218.7521
-23240.0883
-28599.4166
4633
-21925.7706
-14757.8007
-11513.1688
-23095.3043
4637
-54464.3172
-21625.1973
-101183.914
-21601.5502
4641
-17841.7381
-42518.8766
-76199.6702
-45115.0306
4645
-33109.8224
-8983.09485
-17415.5024
-18839.8518

5489
-15505.8025
-18568.9396
-21082.4609
-31846.901
5493
-34753.5495
-31163.8122
-41003.7618
-29816.9436
5497
-46867.4637
-26074.4758
-21682.2003
-37752.8255
5501
-26161.733
-36874.6282
-44677.5666
-106957.421
5505
-31734.9888
-33912.0568
-20906.9883
-28543.4224
5509
-18542.0912
-11795.8607
-41235.9818
-29126.1397
5513
-25126.0416
-18002.597
-59479.8117
-22890.6772

5825
-38991.7761
-20378.3209
-32170.1901
-17253.6485
5829
-39851.2206
-21558.3412
-46844.6565
-1416.83543
5833
-20801.5723
-38301.7732
-22054.775
-25215.1777
5837
-12237.8344
-46773.6105
-14438.7869
-22774.7418
5841
-19986.5706
-21477.9656
-31877.2984
-20364.212
5845
-33602.2448
-16552.7768
-15347.1201
-40926.3592
5849
-22054.8768
-31056.298
-19186.4922
-6071.14988

4649
-20084.0147
-35497.2626
-39301.6235
-76761.2209
4653
-63573.2158
-30437.7063
-45029.3328
-23888.0863
4657
-21216.8596
-28367.6035
-4004.37832
-30096.0018
4661
-21284.3933
-49220.9036
-22956.343
-21665.653
4665
-16236.0933
-26929.857
-24520.2114
-34598.8078
4669
-24552.1116
-24025.1157
-20972.938
-24183.9115
4673
-27857.9066
-44179.9957
-20886.1136
-18122.8252

4705
-20618.2445
-72306.1998
-22265.4751
-26773.4785
4709
-46187.0169
-25620.747
-24134.0699
-15522.3865
4713
-20675.7625
-100376.381
-27519.6196
-71502.3787
4717
-22031.6554
-6605.37109
-56443.0981
-42601.1205
4721
-111580.504
-33449.4732
-32653.1261
-35912.9004
4725
-66306.3264
-32663.4333
-26314.884
-26183.5605
4729
-26025.9944
-35995.6623
-93283.4886
-17165.0414

4733
-16455.0096
-14153.8332
-13228.0558
-42332.3813
4737
-24236.0753
-25255.8401
-38691.0219
-17983.1018
4741
-29132.7676
-65276.45
-23685.1608
-146332.888
4745
-22749.6476
-19892.5227
-14619.6191
-41140.2016
4749
-28730.885
-22808.4143
-27422.6337
-50070.52
4753
-28083.0937
-25675.9445
-7467.00195
-20549.2496
4757
-12617.6751
-90726.8044
-29355.4433
-35606.205

4873
-20303.3995
-41530.0562
-53393.3555
-53108.7854
4877
-10166.499
-23191.1903
-40685.4769
-22586.3124
4881
-43192.5528
-17259.1154
-30978.5497
-23374.9765
4885
-33510.7647
-1636.28613
-46037.8273
-24342.869
4889
-39290.4914
-50937.4827
-25392.9327
-17097.2344
4893
-31506.8197
-49679.2904
-24659.0797
-21258.0762
4897
-27219.8059
-29531.5573
-28858.9662
-24042.1389

4789
-16511.6816
-20363.6581
-11041.4232
-39413.3072
4793
-28014.7228
-26466.7505
-17701.757
-26244.0126
4797
-55868.7948
-19207.188
-6811.52697
-21823.8019
4801
-39296.1986
-57386.1523
-143746.571
-55570.3981
4805
-25445.6806
-13802.9914
-26445.4182
-18598.9069
4809
-42896.9798
-32705.0713
-27214.5787
-24932.7976
4813
-18565.3233
-35841.6012
-18697.34
-16193.8644

4845
-21730.2527
-76385.1221
-10957.0184
-2307.49517
4849
-31734.6979
-40820.4843
-26874.9021
-20145.2134
4853
-22661.5194
-37258.0617
-22595.2026
-31183.0664
4857
-55187.1795
-15313.6401
-40218.2233
-36206.4546
4861
-34416.505
-27492.6671
-18145.5019
-37894.1944
4865
-25503.7977
-12317.5742
-32469.9634
-50830.6364
4869
-20949.7457
-22473.4998
-71490.673
-45992.6676

4817
-25543.9609
-20652.2163
-20773.8702
-24885.5862
4821
-14965.6136
-22965.1862
-26581.254
-62067.4769
4825
-27361.6593
-48030.6047
-34586.0699
-126611.184
4829
-140648.847
-19217.1433
-34292.4983
-18304.218
4833
-29804.8964
-80254.4636
-21150.1801
-27336.439
4837
-23865.7717
-19690.913
-4387.47166
-62996.7351
4841
-45582.8451
-32943.7778
-44530.754
-18381.258

4677
-38907.7677
-28516.928
-21409.9356
-22502.7276
4681
-33002.649
-15064.0297
-65037.3539
-38693.2863
4685
-76655.0915
-41141.626
-20484.6376
-39553.7772
4689
-16313.3984
-20771.7365
-36975.2942
-30276.8857
4693
-42824.4409
-29580.5136
-31357.592
-17314.6622
4697
-10555.2766
-13881.0346
-21231.9604
-21060.0489
4701
-54675.9042
-24579.7511
-44627.9525
-42467.3079

4761
-61461.1778
-36791.1259
-28239.7914
-8269.17164
4765
-27194.8818
-22172.5832
-23201.488
-52566.8033
4769
-17632.5775
-150781.122
-35686.5165
-20692.8502
4773
-16483.1589
-50822.9821
-38735.4876
-35781.993
4777
-40076.2054
-39653.8923
-30765.7528
-16878.7055
4781
-20415.4097
-17174.4409
-32250.035
-15440.0458
4785
-66519.3788
-44119.9268
-18726.6034
-7275.85516

5041
-43328.6403
-29962.5696
-21025.0415
-21527.9834
5045
-68642.3169
-23371.7636
-47340.7995
-17329.0494
5049
-16881.049
-54539.5428
-68334.6673
-37131.4207
5053
-35826.2193
-23259.6511
-62612.1485
-19074.2566
5057
-35163.8776
-28671.5543
-26582.2266
-33499.2157
5061
-22370.4412
-47357.2617
-21852.2478
-20919.7527
5065
-24955.68
-3521.08147
-13080.6682
-44188.2825

4929
-17570.3967
-31136.888
-17850.6257
-31452.2951
4933
-32882.067
-14612.664
-5033.57061
-16433.3498
4937
-13091.1548
-37196.2783
-51362.2432
-30633.2765
4941
-2104.14426
-93734.2595
-21647.7429
-33769.0439
4945
-23609.8531
-41258.5144
-20294.5916
-22991.5077
4949
-143571.43
-29068.1106
-2081.15492
-21549.2916
4953
-17463.9537
-14910.1489
-43356.0787
-31722.565

4957
-19199.7045
-36570.9067
-27271.7408
-16857.5197
4961
-18629.8905
-16300.3495
-59418.6958
-17236.6516
4965
-40020.0282
-9361.36385
-33567.2826
-33769.0593
4969
-26125.8481
-45456.6387
-24569.5793
-52676.7593
4973
-31798.3347
-24911.4793
-24413.9879
-21966.767
4977
-105341.202
-20680.0301
-1595.29726
-25844.5056
4981
-37523.3773
-18367.0789
-28880.1946
-12027.2959

4901
-17687.025
-26631.3416
-11409.6972
-20796.1684
4905
-109472.741
-16977.4104
-76022.8726
-18859.7058
4909
-44228.5657
-81970.8068
-28688.8382
-37559.0708
4913
-44880.3456
-28639.532
-42721.7245
-132628.571
4917
-37077.5896
-14425.835
-15712.3309
-14828.6678
4921
-45765.1714
-32926.1702
-23902.3084
-37565.5927
4925
-14548.3358
-21861.4551
-20283.2337
-27145.451

5377
-12524.8171
-29772.152
-23462.4224
-12572.9765
5381
-38677.3512
-28866.5893
-29029.4762
-1441.09232
5385
-22083.3481
-39436.8121
-8612.22913
-21230.2711
5389
-20251.8449
-19052.003
-26280.9947
-46617.507
5393
-25276.2384
-15287.6412
-93535.3026
-26629.6259
5397
-33060.3878
-38928.9078
-30049.5242
-45182.1078
5401
-37537.4198
-24313.001
-35538.0892
-12874.2665

5769
-23394.7886
-28783.2772
-32063.3245
-18693.0312
5773
-26648.9233
-30156.2021
-11852.3731
-25386.9097
5777
-41638.2821
-20925.8668
-35607.7029
-26276.1864
5781
-20091.382
-13493.7275
-9332.21213
-23385.0276
5785
-14758.5307
-25940.2477
-31592.4731
-29919.6071
5789
-36749.6749
-10842.2709
-65168.0274
-23645.3051
5793
-28543.788
-18044.9078
-13856.1374
-58779.704

5853
-22331.1739
-35036.5331
-35091.4695
-21797.7934
5857
-52721.2024
-34657.5083
-24937.6015
-37440.2923
5861
-2314.92706
-15511.3451
-31568.8737
-20292.0931
5865
-5581.09818
-5058.05966
-18646.283
-18491.6559
5869
-9946.48369
-42121.282
-9511.39953
-31424.7522
5873
-15833.3708
-35870.0817
-161904.257
-23044.9622
5877
-58095.5661
-12388.5551
-18518.0079
-28317.9368

5349
-39638.7023
-108549.208
-54071.4625
-37391.6799
5353
-24578.4494
-18342.686
-16966.4985
-38214.2933
5357
-26404.7463
-20127.8184
-13042.5295
-47407.3856
5361
-17249.4411
-23313.9386
-14212.2125
-28209.0128
5365
-20333.0825
-30724.0139
-17086.0088
-18499.1691
5369
-10348.2779
-27538.1223
-25251.6872
-22807.6844
5373
-39914.7113
-32801.0412
-89626.7809
-21965.5766

5965
-47907.329
-39860.231
-49545.1932
-14199.8516
5969
-21720.5634
-25217.182
-34866.1445
-31190.2895
5973
-97005.5634
-6152.67602
-32077.7417
-19582.4916
5977
-20202.5154
-7387.45003
-26690.5005
-23801.134
5981
-19750.2794
-33241.8258
-20609.6585
-15964.3242
5985
-26516.1284
-16831.5521
-20739.8365
-1579.14045
5989
-34349.8837
-49623.7816
-35610.968
-28967.6565

5601
-29859.1523
-17556.2443
-122747.524
-26142.8992
5605
-97133.4634
-13402.1614
-85424.9292
-5081.73014
5609
-1444.8999
-12953.1465
-20049.6418
-21021.4228
5613
-31155.8366
-20024.4725
-9832.61409
-84541.7935
5617
-49837.142
-39356.6485
-19269.3088
-40596.4743
5621
-21285.6055
-46593.2286
-16614.0615
-19309.7287
5625
-26770.1844
-60605.9034
-6201.63397
-23203.8524

6021
-8134.2946
-43598.8627
-29363.5838
-36106.7572
6025
-12975.5745
-78609.5679
-21266.7372
-29910.216
6029
-39668.6031
-35300.9453
-25022.4361
-3248.63678
6033
-22186.2228
-16152.9988
-70320.0077
-17087.7213
6037
-40092.7366
-13929.4513
-19303.7788
-69941.476
6041
-25485.6486
-37168.9308
-6314.95569
-99689.1537
6045
-22784.8811
-28595.5858
-37658.5711
-33233.7297

5909
-46881.9967
-16765.8241
-27107.3697
-40203.5164
5913
-22758.9395
-15753.5734
-29363.7127
-21976.447
5917
-12853.5953
-44024.0933
-41147.9116
-58247.0607
5921
-23436.1539
-1959.12575
-23279.054
-58860.0503
5925
-24763.1972
-24979.0751
-45951.6194
-38844.8004
5929
-21320.9179
-82106.576
-63956.5654
-15818.2055
5933
-40422.8012
-4141.98506
-22673.6245
-36741.5406

5237
-30416.8855
-3520.26038
-24804.1251
-18825.3656
5241
-16166.8644
-45654.3775
-31801.3358
-29709.9987
5245
-58076.4755
-29689.2629
-32482.5006
-31264.8491
5249
-102221.085
-45201.1897
-21603.4225
-32854.1118
5253
-7271.04696
-30764.3457
-27254.8138
-5674.14176
5257
-39304.6866
-25558.0007
-69669.4137
-19290.0753
5261
-18102.768
-31061.4514
-30843.7112
-23215.0197

5685
-36132.5494
-28438.3313
-21831.0835
-35571.6663
5689
-9729.48792
-20971.7831
-49674.6701
-41836.8671
5693
-20443.4715
-51818.092
-1080.73654
-40959.0025
5697
-38105.7652
-18324.5988
-23023.9948
-20302.2052
5701
-24622.8142
-17659.5447
-28678.5003
-8218.50822
5705
-24327.4668
-18440.3814
-39809.6338
-13543.7801
5709
-7871.83045
-34874.4107
-43897.4006
-15646.375

5405
-26906.858
-39834.6841
-17513.0552
-32142.962
5409
-21726.0101
-62772.3531
-31488.5142
-21583.2492
5413
-17981.7573
-47922.3052
-41021.2447
-35087.2932
5417
-16319.9947
-53940.9628
-48558.9103
-17712.9864
5421
-48040.6121
-62001.5303
-47227.3967
-55108.1622
5425
-379.237024
-23673.9679
-42863.4982
-20878.396
5429
-19896.2327
-26471.5354
-55145.8422
-48976.121

5993
-88162.4293
-48658.7813
-58558.1851
-16735.0575
5997
-59402.6669
-34656.2905
-16153.1216
-17692.9452
6001
-22474.8919
-8148.90109
-26994.5873
-20553.5041
6005
-29244.2241
-17025.6876
-3227.34391
-13380.478
6009
-24112.8899
-17905.2504
-29881.0992
-19035.931
6013
-110599.926
-9417.40643
-34127.8464
-14478.4564
6017
-34434.3605
-23645.6574
-50128.1224
-50939.8272

5713
-17669.0316
-31662.1442
-39977.5747
-13866.8803
5717
-60387.4338
-13515.0365
-41651.3958
-20262.3664
5721
-36723.3119
-32662.0846
-21830.863
-22458.4686
5725
-39833.2203
-36261.2374
-13382.0604
-7285.48547
5729
-4815.14375
-69649.2194
-21290.4736
-12060.4771
5733
-32353.0992
-63624.2223
-53257.6108
-22068.4585
5737
-24274.5347
-22622.2959
-15955.8713
-20261.8438

5657
-19661.3694
-36628.1088
-65103.0647
-15922.2553
5661
-22515.27
-32169.4194
-10651.9819
-47934.1697
5665
-23798.0244
-31067.5166
-20650.7613
-10414.1001
5669
-44519.6535
-23209.8888
-22500.2866
-29077.8412
5673
-19323.5045
-27219.4443
-27644.4746
-6534.29132
5677
-23405.1716
-34883.1675
-46986.3893
-28424.7709
5681
-22402.7952
-25689.0029
-23506.445
-30831.0967

5573
-17866.7363
-10691.0883
-22771.7131
-33525.12
5577
-71019.5154
-42328.0677
-16373.2269
-27222.0165
5581
-47954.0319
-51455.4939
-28419.1708
-15231.2581
5585
-73430.9175
-20574.7482
-18189.1683
-28433.0475
5589
-11670.202
-15852.5013
-23061.1572
-19702.8712
5593
-35932.4073
-24725.0784
-17933.7917
-61413.6708
5597
-2080.55704
-71517.164
-2608.1996
-21895.11

5881
-161574.632
-37560.3881
-23667.3387
-16436.4197
5885
-28420.2525
-19045.3082
-64618.247
-46880.1835
5889
-21152.8681
-41284.7024
-25855.8837
-174213.091
5893
-16389.9548
-12633.4263
-17930.1397
-25556.1822
5897
-25550.0971
-26988.6318
-45191.4016
-91111.9364
5901
-17227.6548
-27222.1935
-37809.9343
-21761.3424
5905
-29953.1178
-17993.8451
-33794.4119
-18438.3066

6049
-15932.953
-11757.2123
-59142.8242
-17274.5235
6053
-27358.0025
-31043.8763
-27683.3046
-37304.6214
6057
-26332.8794
-20425.4186
-31334.2862
-12186.4537
6061
-43813.904
-28584.2297
-11915.2082
-16951.6318
6065
-17240.28
-15830.5606
-56260.2154
-26973.5092
6069
-41007.7645
-21240.476
-32561.9601
-59327.4276
6073
-30373.1817
-27980.8877
-28003.7125
-45632.1276

6077
-26496.501
-25615.3451
-43852.4189
-21732.4492
6081
-47400.934
-49534.4642
-89149.1208
-50885.1263
6085
-18843.529
-67679.3107
-28410.9573
-45092.5259
6089
-90415.7829
-25291.893
-36713.771
-30404.1114
6093
-20928.6593
-30091.8863
-17945.0839
-21897.4635
6097
-23235.4185
-22477.0719
-46546.7151
-38406.5478
6101
-19106.9924
-8152.7499
-27474.0847
-19278.7542

5461
-20401.9743
-154028.337
-13501.6093
-14558.5111
5465
-29771.8369
-18038.8424
-35092.1052
-28644.1299
5469
-46211.5461
-22804.645
-44176.0136
-59277.2062
5473
-10380.2701
-32418.2984
-38519.195
-33864.1752
5477
-31153.9467
-34286.9727
-25976.2542
-26695.1225
5481
-26397.7771
-32944.9715
-13852.2406
-27588.1169
5485
-22313.4593
-14367.1464
-27362.5165
-78125.7172

5517
-13230.4197
-30469.1097
-18486.5584
-24653.2402
5521
-24541.2144
-20313.1149
-66569.1049
-3212.04873
5525
-20713.461
-26355.4395
-19062.9586
-25132.0019
5529
-30431.9599
-33803.4201
-18948.3939
-14729.104
5533
-43153.9472
-19335.4645
-37601.6912
-39573.6743
5537
-41734.6974
-29979.574
-61762.289
-18830.7782
5541
-51500.141
-21840.4043
-21822.1053
-32917.9403

5293
-18521.8398
-35001.1017
-11956.4454
-43652.2334
5297
-28886.8134
-35841.9807
-36130.7815
-51313.4361
5301
-19106.288
-15540.6964
-13237.8672
-37519.8063
5305
-3033.71226
-34900.4621
-55933.3208
-43960.7722
5309
-69157.4687
-2600.57167
-28618.7085
-17922.7057
5313
-30263.9831
-38797.0878
-37715.6405
-28523.3387
5317
-40788.3626
-32077.1153
-23735.9655
-28230.3134

5321
-27516.3571
-10592.441
-44644.8707
-22368.0028
5325
-23882.3796
-8276.08035
-20852.0312
-25246.5389
5329
-37947.2266
-38588.9131
-11857.3215
-14774.2241
5333
-15758.5941
-34736.8085
-16922.9934
-21485.2513
5337
-32816.0841
-7374.32451
-34111.0376
-18977.3882
5341
-16340.5426
-1990.20563
-28376.758
-12790.4453
5345
-18469.5027
-32459.5957
-17935.7016
-21135.8842

5797
-1581.96617
-43362.4328
-6847.83146
-21761.9967
5801
-27231.7049
-17831.6484
-806.104084
-17200.8896
5805
-14753.4084
-15140.5023
-15258.0178
-17409.3805
5809
-27044.8493
-34147.3831
-9751.54689
-33254.638
5813
-20199.534
-28393.3445
-32579.4752
-13363.8085
5817
-52364.1655
-27425.1703
-3377.69876
-16153.4338
5821
-22567.6511
-16790.3784
-12733.5831
-36077.8734

5433
-20526.7857
-63069.4187
-65116.1779
-33778.9925
5437
-15809.3217
-18741.1775
-40767.8193
-21319.286
5441
-51354.7906
-20822.2143
-15013.3962
-20703.4878
5445
-73739.6586
-25960.2048
-29117.2977
-10023.2136
5449
-47344.1282
-22110.3961
-21399.792
-39614.3283
5453
-20560.3241
-34082.2444
-29867.6189
-57902.544
5457
-24653.8418
-20613.5505
-26946.7159
-24776.6146

5265
-24553.7581
-24425.9648
-62795.1254
-50301.6302
5269
-27469.8669
-16722.1454
-37968.9557
-100739.715
5273
-20922.2117
-15981.2831
-19112.5323
-36857.1928
5277
-29106.4083
-31878.4583
-41822.6236
-31600.3404
5281
-41394.4338
-10302.7474
-19997.7847
-43392.2563
5285
-49028.0345
-27866.4402
-16084.3332
-6281.8385
5289
-23681.6894
-25206.3144
-30654.7303
-19297.9406

5545
-20397.8034
-25105.4741
-14707.015
-81948.3812
5549
-33468.4405
-47555.6109
-171753.546
-24374.101
5553
-22526.425
-49454.9044
-24568.5173
-17230.6834
5557
-34673.9178
-27682.2015
-18019.0229
-25692.0789
5561
-20406.7016
-34155.9069
-44688.3576
-28119.4635
5565
-24499.777
-19808.2425
-28611.6377
-12706.9748
5569
-76619.4471
-49402.6629
-7293.84244
-13778.5612

5741
-57123.0183
-65221.5228
-50983.0137
-25481.4956
5745
-34400.1319
-50243.4712
-8979.12712
-37166.8179
5749
-25344.3048
-57816.5646
-38708.9737
-19016.553
5753
-41620.0499
-24869.5685
-48592.1478
-16687.9674
5757
-27017.3267
-13810.1579
-40841.9067
-17502.8366
5761
-30189.7318
-21517.839
-56852.1887
-33618.8467
5765
-19204.8472
-60947.9695
-9181.3932
-15370.8994

5153
-28024.0392
-13084.2491
-11285.4247
-53168.2174
5157
-21465.4276
-67835.9748
-40068.9338
-22033.1322
5161
-20044.7333
-52534.1081
-19919.638
-27497.3524
5165
-23652.142
-21490.8108
-25883.8022
-56237.4338
5169
-25998.4395
-15761.3264
-25601.7343
-17484.679
5173
-50029.8582
-17769.1902
-58090.8206
-40777.429
5177
-30127.2099
-30058.067
-24308.3524
-51860.8712

4397
-15296.4583
-37994.3632
-17240.1914
-26754.2931
4401
-37721.406
-80839.9786
-58055.3071
-22420.2856
4405
-20219.8634
-12595.7922
-41696.6593
-65073.172
4409
-40178.6675
-82632.7011
-14415.193
-26421.3354
4413
-25801.6359
-5825.46404
-32733.2485
-95912.0455
4417
-34498.8814
-43965.628
-29456.6809
-17710.4294
4421
-50394.6842
-27736.1737
-20965.1254
-14726.9717

5181
-18299.2144
-24879.0287
-17101.2922
-33964.4807
5185
-29868.9041
-45787.4352
-38445.5912
-21050.6888
5189
-63732.4415
-28486.0651
-30597.318
-24659.4652
5193
-24513.1912
-17677.5148
-21259.0324
-21669.2441
5197
-23007.5594
-22157.6837
-26930.1669
-34868.0979
5201
-34963.1354
-46907.4675
-11284.8503
-24570.3538
5205
-45755.9219
-35604.8895
-13709.9478
-7317.22865

5013
-28852.7048
-6301.33057
-16302.4344
-23455.5932
5017
-134518.2
-37928.2825
-13271.593
-23327.9224
5021
-36767.7533
-34178.7471
-31623.22
-50225.6099
5025
-56549.1168
-23787.9591
-20786.6248
-52859.1897
5029
-20372.5314
-34926.1957
-19072.1859
-32576.2069
5033
-28403.7051
-21636.6511
-19363.9228
-18798.962
5037
-17096.9642
-1538.08352
-19201.2669
-19709.0427

5097
-23954.7296
-57263.2585
-22989.3698
-26689.7644
5101
-36759.9445
-50860.5566
-77592.3065
-14856.7706
5105
-41432.0323
-60273.0932
-30047.6707
-42912.5843
5109
-33690.0485
-31613.0303
-44539.4553
-37169.6964
5113
-38304.8881
-34969.8458
-99411.5791
-14510.6623
5117
-38233.9437
-33943.1454
-29226.1359
-3205.08796
5121
-15782.7353
-26032.0409
-28374.4786
-22838.6624

5629
-15747.242
-28769.5921
-20886.6133
-28001.374
5633
-145068.663
-29302.3276
-34474.414
-27368.9164
5637
-27187.2299
-19333.2367
-28399.8689
-41119.3876
5641
-18864.1593
-30185.6414
-31982.4004
-26949.337
5645
-25929.2139
-8811.08566
-32584.9253
-15219.3487
5649
-23948.0174
-16480.4631
-27257.9536
-31174.966
5653
-31544.8456
-19037.0316
-26329.6782
-33001.3488

5125
-34381.7716
-23401.7823
-18827.4497
-58565.6667
5129
-29500.3938
-58016.7686
-27515.1749
-36603.319
5133
-31552.0012
-35289.3048
-46406.3419
-74969.3644
5137
-10172.9925
-22601.0312
-55299.0787
-23500.6513
5141
-23106.3071
-38740.4088
-66364.7992
-28128.8304
5145
-88139.3818
-21962.8994
-28115.7932
-20495.3125
5149
-72530.1489
-13066.4868
-21437.8747
-17216.0443

4985
-19539.3951
-21086.75
-16499.0401
-21248.7723
4989
-15846.8361
-17879.3021
-27033.5388
-38213.2885
4993
-30884.0255
-23808.7611
-29315.8738
-23241.8142
4997
-40048.4186
-1715.6138
-33308.2255
-46062.9761
5001
-28308.2749
-54034.9094
-17680.6113
-37559.0687
5005
-24265.0326
-15683.9002
-14497.8572
-47694.4702
5009
-32747.714
-13493.9076
-14605.9179
-57046.7592

5069
-25154.3183
-31022.8387
-19892.2606
-21369.0505
5073
-14553.5309
-46312.3848
-29062.263
-9267.57079
5077
-34781.4876
-29593.556
-13315.3575
-38334.0154
5081
-27328.2859
-41949.8917
-118233.961
-27857.5982
5085
-2276.45786
-17164.0224
-64678.7044
-15771.9739
5089
-28047.0204
-37921.8536
-17717.1862
-18744.2681
5093
-14312.3082
-20878.4632
-28647.4432
-24784.6677

5209
-28496.3371
-35333.443
-32922.9518
-29486.3292
5213
-14573.1995
-40572.6888
-41308.4536
-32128.4672
5217
-26436.7189
-14931.7672
-14499.2194
-43870.0703
5221
-24077.8078
-31618.5607
-26479.9998
-16137.557
5225
-21621.7768
-42700.3453
-39134.3322
-11585.3356
5229
-16128.7426
-22673.0736
-11353.4247
-19066.2762
5233
-13903.976
-17886.0331
-30004.9351
-19468.8066

3613
-22422.2263
-13590.574
-13856.9834
-23575.5909
3617
-26263.1564
-24554.8268
-44516.5048
-16633.2731
3621
-29255.4729
-27971.7371
-19175.5963
-14441.7984
3625
-29486.2463
-24891.2157
-13866.0853
-30956.9586
3629
-20428.7012
-29674.2958
-23076.2244
-15689.3858
3633
-6579.06809
-23523.8946
-36327.4099
-18579.2139
3637
-7957.41358
-29992.9193
-48353.9388
-30752.7725

4425
-9670.05902
-69853.9411
-21093.0933
-24522.2563
4429
-32388.0784
-21501.006
-24847.9249
-87696.4809
4433
-40494.3189
-21934.1719
-77960.1602
-49625.2928
4437
-30072.5863
-18486.7405
-26483.5045
-30399.813
4441
-29900.3188
-52351.9727
-67257.6309
-53266.3562
4445
-8222.85808
-61790.0388
-92009.3778
-2681.77993
4449
-23170.2418
-21563.8974
-4579.79333
-22633.8456

6105
-15124.7209
-22731.9184
-45984.3323
-39013.8097
6109
-16647.0473
-22772.2781
-34202.7611
-20515.3915
6113
-23906.6384
-21175.7344
-43519.552
-37259.4677
6117
-69754.2294
-29462.3056
-45649.5985
-36742.3172
6121
-56920.2474
-29571.5006
-17737.805
-53755.2431
6125
-21111.0417
-44241.1673
-57164.9035
-31366.3099
6129
-7055.57963
-36189.1837
-29376.2464
-30150.9095
