1,-1.4878e+05
2,-1.4885e+05
3,-1.4891e+05
4,-1.4958e+05
5,-1.4971e+05
6,-1.5059e+05
7,-1.5122e+05
8,-1.5135e+05
9,-1.5145e+05
10,-1.5179e+05
11,-1.522e+05
12,-1.5228e+05
13,-1.5231e+05
14,-1.5275e+05
15,-1.5392e+05
16,-1.5424e+05
17,-1.544e+05
18,-1.5475e+05
19,-1.5477e+05
20,-1.5492e+05
21,-1.5495e+05
22,-1.5499e+05
23,-1.553e+05
24,-1.553e+05
25,-1.5541e+05
26,-1.5549e+05
4042,-1.5551e+05
27,-1.5553e+05
28,-1.5553e+05
29,-1.5566e+05
30,-1.5567e+05
31,-1.5575e+05
32,-1.5575e+05
33,-1.5576e+05
3983,-1.558e+05
34,-1.5581e+05
35,-1.5586e+05
36,-1.5586e+05
37,-1.5587e+05
3682,-1.5589e+05
38,-1.559e+05
39,-1.559e+05
40,-1.5592e+05
41,-1.5595e+05
42,-1.5596e+05
43,-1.5597e+05
44,-1.5597e+05
45,-1.5597e+05
4122,-1.56e+05
3977,-1.5602e+05
46,-1.5603e+05
47,-1.5606e+05
48,-1.5608e+05
49,-1.5608e+05
50,-1.5609e+05
4442,-1.5609e+05
51,-1.5612e+05
52,-1.5612e+05
53,-1.5616e+05
4470,-1.5618e+05
54,-1.5619e+05
55,-1.5619e+05
56,-1.5619e+05
57,-1.5625e+05
58,-1.5626e+05
59,-1.5626e+05
60,-1.5627e+05
61,-1.5628e+05
62,-1.5628e+05
63,-1.5628e+05
64,-1.5629e+05
65,-1.563e+05
66,-1.5631e+05
67,-1.5631e+05
68,-1.5631e+05
69,-1.5633e+05
70,-1.5634e+05
71,-1.5634e+05
72,-1.5636e+05
73,-1.5636e+05
74,-1.5636e+05
75,-1.5637e+05
76,-1.5638e+05
77,-1.5639e+05
78,-1.564e+05
79,-1.564e+05
80,-1.5641e+05
4511,-1.5641e+05
81,-1.5642e+05
82,-1.5642e+05
83,-1.5643e+05
84,-1.5643e+05
85,-1.5644e+05
86,-1.5645e+05
87,-1.5645e+05
3958,-1.5645e+05
88,-1.5646e+05
89,-1.5646e+05
90,-1.5648e+05
91,-1.5649e+05
4618,-1.565e+05
92,-1.5651e+05
93,-1.5651e+05
94,-1.5651e+05
4640,-1.5651e+05
95,-1.5652e+05
96,-1.5652e+05
97,-1.5652e+05
98,-1.5654e+05
4347,-1.5654e+05
99,-1.5655e+05
100,-1.5655e+05
3840,-1.5656e+05
101,-1.5659e+05
102,-1.5659e+05
3164,-1.5661e+05
103,-1.5662e+05
3584,-1.5663e+05
104,-1.5664e+05
4456,-1.5665e+05
105,-1.5666e+05
3864,-1.5666e+05
106,-1.5667e+05
4783,-1.5667e+05
107,-1.5668e+05
108,-1.5668e+05
4228,-1.5668e+05
109,-1.5669e+05
110,-1.5669e+05
111,-1.5669e+05
112,-1.5669e+05
3034,-1.5669e+05
3372,-1.5669e+05
113,-1.567e+05
114,-1.567e+05
115,-1.5671e+05
116,-1.5671e+05
117,-1.5672e+05
4493,-1.5672e+05
118,-1.5673e+05
119,-1.5674e+05
120,-1.5674e+05
121,-1.5674e+05
122,-1.5674e+05
123,-1.5674e+05
124,-1.5675e+05
125,-1.5675e+05
126,-1.5676e+05
127,-1.5676e+05
128,-1.5677e+05
129,-1.5677e+05
130,-1.5677e+05
131,-1.5678e+05
132,-1.5678e+05
133,-1.5678e+05
134,-1.5679e+05
135,-1.568e+05
136,-1.5681e+05
137,-1.5681e+05
138,-1.5681e+05
139,-1.5681e+05
140,-1.5682e+05
141,-1.5682e+05
142,-1.5682e+05
143,-1.5683e+05
144,-1.5683e+05
145,-1.5683e+05
146,-1.5683e+05
147,-1.5683e+05
148,-1.5684e+05
4246,-1.5684e+05
149,-1.5685e+05
3204,-1.5685e+05
150,-1.5686e+05
151,-1.5686e+05
152,-1.5686e+05
153,-1.5686e+05
154,-1.5686e+05
155,-1.5686e+05
3875,-1.5686e+05
156,-1.5687e+05
4567,-1.5687e+05
157,-1.5689e+05
158,-1.5689e+05
3248,-1.5689e+05
159,-1.5691e+05
160,-1.5691e+05
161,-1.5692e+05
162,-1.5692e+05
163,-1.5692e+05
164,-1.5692e+05
165,-1.5692e+05
166,-1.5693e+05
167,-1.5693e+05
168,-1.5694e+05
169,-1.5694e+05
170,-1.5694e+05
171,-1.5694e+05
172,-1.5695e+05
173,-1.5695e+05
174,-1.5695e+05
175,-1.5695e+05
176,-1.5696e+05
177,-1.5696e+05
178,-1.5697e+05
179,-1.5698e+05
180,-1.5698e+05
181,-1.5698e+05
182,-1.5698e+05
183,-1.5698e+05
184,-1.5699e+05
185,-1.5699e+05
186,-1.57e+05
187,-1.5701e+05
188,-1.5702e+05
4231,-1.5702e+05
189,-1.5703e+05
190,-1.5703e+05
191,-1.5703e+05
3218,-1.5704e+05
192,-1.5706e+05
3810,-1.5706e+05
193,-1.5707e+05
194,-1.5708e+05
195,-1.5708e+05
196,-1.5708e+05
197,-1.5708e+05
198,-1.5708e+05
199,-1.5709e+05
200,-1.571e+05
201,-1.571e+05
202,-1.571e+05
4079,-1.571e+05
203,-1.5711e+05
204,-1.5711e+05
205,-1.5712e+05
206,-1.5712e+05
207,-1.5712e+05
208,-1.5712e+05
209,-1.5714e+05
210,-1.5715e+05
211,-1.5715e+05
212,-1.5715e+05
4761,-1.5715e+05
213,-1.5716e+05
214,-1.5716e+05
215,-1.5717e+05
216,-1.5717e+05
217,-1.5718e+05
218,-1.5719e+05
219,-1.5719e+05
220,-1.572e+05
221,-1.572e+05
222,-1.5721e+05
223,-1.5721e+05
224,-1.5721e+05
225,-1.5722e+05
4678,-1.5722e+05
226,-1.5723e+05
227,-1.5723e+05
228,-1.5723e+05
229,-1.5723e+05
4024,-1.5723e+05
4157,-1.5723e+05
230,-1.5724e+05
231,-1.5724e+05
232,-1.5724e+05
233,-1.5724e+05
234,-1.5724e+05
235,-1.5726e+05
236,-1.5726e+05
237,-1.5727e+05
238,-1.5728e+05
239,-1.5728e+05
240,-1.5729e+05
241,-1.5729e+05
242,-1.573e+05
243,-1.5731e+05
244,-1.5732e+05
245,-1.5735e+05
246,-1.5735e+05
247,-1.5735e+05
248,-1.5736e+05
249,-1.5736e+05
250,-1.5736e+05
251,-1.5736e+05
252,-1.5737e+05
253,-1.5737e+05
254,-1.5737e+05
255,-1.5737e+05
256,-1.5739e+05
257,-1.5739e+05
4403,-1.5739e+05
258,-1.574e+05
259,-1.5742e+05
260,-1.5742e+05
261,-1.5742e+05
262,-1.5743e+05
263,-1.5743e+05
264,-1.5743e+05
3323,-1.5743e+05
265,-1.5744e+05
266,-1.5744e+05
267,-1.5744e+05
268,-1.5744e+05
2883,-1.5744e+05
269,-1.5745e+05
270,-1.5746e+05
271,-1.5747e+05
3551,-1.5747e+05
272,-1.5749e+05
273,-1.5749e+05
274,-1.5749e+05
275,-1.5749e+05
3180,-1.5749e+05
276,-1.575e+05
277,-1.575e+05
278,-1.575e+05
279,-1.5751e+05
280,-1.5751e+05
281,-1.5751e+05
4299,-1.5751e+05
3825,-1.5752e+05
282,-1.5753e+05
283,-1.5753e+05
284,-1.5754e+05
285,-1.5755e+05
286,-1.5755e+05
287,-1.5756e+05
288,-1.5756e+05
289,-1.5757e+05
290,-1.5759e+05
4681,-1.5759e+05
291,-1.576e+05
292,-1.5763e+05
293,-1.5764e+05
294,-1.5765e+05
295,-1.5765e+05
296,-1.5766e+05
297,-1.5766e+05
298,-1.5766e+05
299,-1.5766e+05
300,-1.5766e+05
3303,-1.5766e+05
301,-1.5767e+05
302,-1.5767e+05
303,-1.5768e+05
304,-1.5768e+05
305,-1.5769e+05
306,-1.5769e+05
307,-1.5769e+05
308,-1.5769e+05
309,-1.5769e+05
310,-1.577e+05
311,-1.5771e+05
312,-1.5771e+05
313,-1.5772e+05
314,-1.5772e+05
315,-1.5772e+05
316,-1.5772e+05
317,-1.5772e+05
318,-1.5772e+05
319,-1.5772e+05
2915,-1.5772e+05
320,-1.5773e+05
321,-1.5774e+05
322,-1.5774e+05
323,-1.5774e+05
324,-1.5775e+05
325,-1.5775e+05
326,-1.5777e+05
327,-1.5777e+05
4148,-1.5777e+05
328,-1.5778e+05
3262,-1.5778e+05
329,-1.5779e+05
330,-1.5779e+05
331,-1.578e+05
332,-1.578e+05
333,-1.5782e+05
334,-1.5782e+05
335,-1.5782e+05
336,-1.5782e+05
337,-1.5782e+05
338,-1.5782e+05
339,-1.5782e+05
340,-1.5783e+05
341,-1.5783e+05
342,-1.5784e+05
343,-1.5784e+05
344,-1.5784e+05
345,-1.5784e+05
346,-1.5785e+05
347,-1.5785e+05
348,-1.5785e+05
349,-1.5786e+05
350,-1.5786e+05
351,-1.5787e+05
352,-1.5787e+05
353,-1.5789e+05
354,-1.579e+05
355,-1.579e+05
356,-1.579e+05
357,-1.5791e+05
358,-1.5791e+05
359,-1.5792e+05
360,-1.5792e+05
361,-1.5794e+05
362,-1.5795e+05
363,-1.5795e+05
4307,-1.5795e+05
364,-1.5796e+05
365,-1.5796e+05
366,-1.5797e+05
367,-1.5797e+05
368,-1.5797e+05
4005,-1.5797e+05
369,-1.5798e+05
370,-1.5798e+05
371,-1.5799e+05
372,-1.5799e+05
373,-1.5799e+05
374,-1.58e+05
375,-1.5801e+05
376,-1.5803e+05
377,-1.5803e+05
378,-1.5804e+05
379,-1.5804e+05
4488,-1.5806e+05
380,-1.5807e+05
381,-1.5809e+05
382,-1.5809e+05
383,-1.5809e+05
384,-1.581e+05
385,-1.581e+05
386,-1.581e+05
387,-1.5811e+05
388,-1.5811e+05
389,-1.5811e+05
390,-1.5811e+05
3202,-1.5811e+05
391,-1.5813e+05
392,-1.5813e+05
393,-1.5814e+05
3472,-1.5814e+05
394,-1.5815e+05
395,-1.5815e+05
396,-1.5815e+05
397,-1.5817e+05
398,-1.5817e+05
399,-1.5817e+05
400,-1.5818e+05
401,-1.5819e+05
402,-1.582e+05
403,-1.582e+05
404,-1.582e+05
405,-1.582e+05
3031,-1.582e+05
406,-1.5821e+05
407,-1.5821e+05
408,-1.5822e+05
409,-1.5822e+05
410,-1.5823e+05
411,-1.5823e+05
412,-1.5824e+05
413,-1.5824e+05
414,-1.5825e+05
415,-1.5826e+05
416,-1.5826e+05
417,-1.5826e+05
418,-1.5826e+05
419,-1.5827e+05
420,-1.5827e+05
421,-1.5827e+05
422,-1.5828e+05
423,-1.5828e+05
424,-1.5828e+05
425,-1.5828e+05
426,-1.5828e+05
427,-1.5831e+05
428,-1.5831e+05
429,-1.5831e+05
430,-1.5831e+05
4481,-1.5831e+05
431,-1.5832e+05
4540,-1.5832e+05
432,-1.5833e+05
433,-1.5834e+05
434,-1.5835e+05
435,-1.5835e+05
436,-1.5835e+05
437,-1.5836e+05
438,-1.5836e+05
439,-1.5837e+05
440,-1.5837e+05
441,-1.5837e+05
3734,-1.5837e+05
442,-1.5838e+05
443,-1.5838e+05
444,-1.5839e+05
445,-1.5839e+05
446,-1.584e+05
447,-1.584e+05
448,-1.584e+05
449,-1.584e+05
3130,-1.584e+05
450,-1.5841e+05
3545,-1.5841e+05
4199,-1.5841e+05
451,-1.5842e+05
452,-1.5842e+05
3954,-1.5842e+05
453,-1.5843e+05
454,-1.5843e+05
455,-1.5844e+05
456,-1.5844e+05
457,-1.5844e+05
458,-1.5845e+05
459,-1.5845e+05
460,-1.5846e+05
461,-1.5846e+05
462,-1.5846e+05
463,-1.5846e+05
464,-1.5846e+05
465,-1.5847e+05
466,-1.5847e+05
467,-1.5847e+05
468,-1.5849e+05
469,-1.5849e+05
3755,-1.5849e+05
470,-1.5852e+05
471,-1.5852e+05
472,-1.5854e+05
473,-1.5854e+05
474,-1.5854e+05
475,-1.5855e+05
476,-1.5855e+05
477,-1.5856e+05
478,-1.5857e+05
479,-1.5858e+05
4784,-1.5858e+05
480,-1.5859e+05
481,-1.5859e+05
482,-1.5859e+05
483,-1.586e+05
484,-1.5861e+05
485,-1.5861e+05
486,-1.5862e+05
487,-1.5862e+05
488,-1.5862e+05
489,-1.5862e+05
490,-1.5863e+05
491,-1.5863e+05
492,-1.5863e+05
3808,-1.5863e+05
493,-1.5864e+05
494,-1.5865e+05
495,-1.5865e+05
3721,-1.5865e+05
496,-1.5866e+05
497,-1.5866e+05
498,-1.5866e+05
499,-1.5867e+05
500,-1.5868e+05
501,-1.5868e+05
502,-1.5868e+05
503,-1.5869e+05
504,-1.5869e+05
505,-1.587e+05
506,-1.587e+05
3533,-1.5871e+05
507,-1.5872e+05
508,-1.5872e+05
509,-1.5873e+05
510,-1.5873e+05
511,-1.5873e+05
512,-1.5874e+05
513,-1.5875e+05
514,-1.5875e+05
515,-1.5875e+05
516,-1.5876e+05
517,-1.5876e+05
518,-1.5877e+05
519,-1.5877e+05
520,-1.5877e+05
521,-1.5878e+05
522,-1.5878e+05
523,-1.5878e+05
524,-1.5878e+05
525,-1.5879e+05
3942,-1.588e+05
526,-1.5881e+05
527,-1.5881e+05
528,-1.5882e+05
529,-1.5883e+05
530,-1.5883e+05
531,-1.5883e+05
532,-1.5883e+05
533,-1.5884e+05
534,-1.5884e+05
4464,-1.5884e+05
535,-1.5885e+05
536,-1.5885e+05
537,-1.5885e+05
538,-1.5886e+05
539,-1.5886e+05
540,-1.5886e+05
541,-1.5886e+05
542,-1.5888e+05
543,-1.5888e+05
544,-1.5888e+05
3132,-1.5888e+05
4668,-1.5888e+05
545,-1.5889e+05
546,-1.589e+05
547,-1.589e+05
548,-1.589e+05
4251,-1.5892e+05
549,-1.5893e+05
550,-1.5893e+05
551,-1.5894e+05
552,-1.5894e+05
553,-1.5895e+05
554,-1.5896e+05
555,-1.5896e+05
556,-1.5897e+05
557,-1.5897e+05
558,-1.5897e+05
559,-1.5897e+05
560,-1.5898e+05
561,-1.5898e+05
562,-1.5898e+05
563,-1.5898e+05
564,-1.5898e+05
3576,-1.5898e+05
4146,-1.5898e+05
565,-1.5899e+05
566,-1.5899e+05
567,-1.5899e+05
568,-1.5899e+05
569,-1.5899e+05
570,-1.5899e+05
571,-1.59e+05
572,-1.59e+05
573,-1.59e+05
574,-1.5901e+05
575,-1.5901e+05
576,-1.5901e+05
577,-1.5902e+05
3019,-1.5902e+05
3182,-1.5902e+05
578,-1.5903e+05
579,-1.5904e+05
580,-1.5904e+05
4344,-1.5904e+05
581,-1.5905e+05
582,-1.5905e+05
583,-1.5906e+05
584,-1.5906e+05
585,-1.5907e+05
586,-1.5908e+05
587,-1.5908e+05
588,-1.5909e+05
589,-1.5909e+05
590,-1.5909e+05
591,-1.5909e+05
4372,-1.5909e+05
592,-1.591e+05
593,-1.591e+05
594,-1.5911e+05
595,-1.5911e+05
596,-1.5912e+05
597,-1.5913e+05
598,-1.5913e+05
599,-1.5913e+05
600,-1.5913e+05
601,-1.5913e+05
602,-1.5913e+05
603,-1.5914e+05
604,-1.5915e+05
605,-1.5917e+05
606,-1.5917e+05
607,-1.5918e+05
608,-1.5918e+05
609,-1.5919e+05
610,-1.5919e+05
611,-1.5919e+05
612,-1.5919e+05
3301,-1.5921e+05
613,-1.5922e+05
614,-1.5922e+05
615,-1.5923e+05
616,-1.5923e+05
617,-1.5923e+05
618,-1.5924e+05
3655,-1.5924e+05
619,-1.5925e+05
620,-1.5926e+05
621,-1.5926e+05
622,-1.5927e+05
623,-1.5927e+05
624,-1.5927e+05
625,-1.5927e+05
626,-1.5928e+05
627,-1.5929e+05
628,-1.5929e+05
3065,-1.5929e+05
629,-1.593e+05
630,-1.593e+05
4628,-1.593e+05
631,-1.5931e+05
632,-1.5931e+05
633,-1.5932e+05
634,-1.5932e+05
635,-1.5933e+05
3763,-1.5933e+05
636,-1.5934e+05
2932,-1.5934e+05
3266,-1.5934e+05
637,-1.5935e+05
638,-1.5935e+05
639,-1.5936e+05
640,-1.5936e+05
4329,-1.5936e+05
4517,-1.5936e+05
641,-1.5937e+05
642,-1.5937e+05
643,-1.5937e+05
644,-1.5937e+05
645,-1.5938e+05
646,-1.5938e+05
647,-1.5938e+05
3451,-1.5938e+05
648,-1.5939e+05
649,-1.5939e+05
650,-1.5939e+05
651,-1.5939e+05
652,-1.5939e+05
3382,-1.5939e+05
653,-1.594e+05
654,-1.594e+05
655,-1.594e+05
656,-1.594e+05
657,-1.5941e+05
658,-1.5941e+05
659,-1.5942e+05
660,-1.5943e+05
661,-1.5943e+05
4175,-1.5943e+05
662,-1.5945e+05
663,-1.5945e+05
664,-1.5946e+05
665,-1.5946e+05
666,-1.5946e+05
667,-1.5946e+05
668,-1.5946e+05
669,-1.5946e+05
670,-1.5947e+05
671,-1.5948e+05
3814,-1.5948e+05
672,-1.5949e+05
673,-1.5949e+05
3239,-1.595e+05
674,-1.5951e+05
675,-1.5951e+05
676,-1.5952e+05
677,-1.5954e+05
4610,-1.5954e+05
678,-1.5955e+05
679,-1.5955e+05
4091,-1.5955e+05
4447,-1.5955e+05
4642,-1.5955e+05
680,-1.5956e+05
4059,-1.5956e+05
4298,-1.5956e+05
681,-1.5958e+05
682,-1.5958e+05
683,-1.5958e+05
684,-1.5959e+05
685,-1.596e+05
686,-1.596e+05
687,-1.5961e+05
688,-1.5961e+05
689,-1.5961e+05
690,-1.5962e+05
691,-1.5962e+05
692,-1.5962e+05
3205,-1.5962e+05
693,-1.5964e+05
694,-1.5964e+05
3782,-1.5964e+05
695,-1.5965e+05
696,-1.5965e+05
697,-1.5965e+05
698,-1.5966e+05
699,-1.5966e+05
700,-1.5967e+05
3572,-1.5967e+05
4151,-1.5967e+05
701,-1.5968e+05
702,-1.5969e+05
703,-1.5969e+05
704,-1.5969e+05
2996,-1.5969e+05
705,-1.597e+05
706,-1.597e+05
707,-1.5971e+05
3448,-1.5971e+05
708,-1.5972e+05
709,-1.5972e+05
710,-1.5972e+05
711,-1.5973e+05
712,-1.5975e+05
713,-1.5975e+05
3324,-1.5976e+05
714,-1.5977e+05
4385,-1.5977e+05
715,-1.5978e+05
716,-1.5979e+05
717,-1.5979e+05
718,-1.5979e+05
719,-1.598e+05
720,-1.5981e+05
721,-1.5982e+05
722,-1.5984e+05
723,-1.5984e+05
3535,-1.5984e+05
724,-1.5985e+05
725,-1.5985e+05
726,-1.5985e+05
727,-1.5986e+05
728,-1.5986e+05
729,-1.5986e+05
730,-1.5986e+05
731,-1.5988e+05
732,-1.5988e+05
733,-1.5988e+05
4393,-1.5988e+05
734,-1.5989e+05
735,-1.5989e+05
736,-1.5989e+05
737,-1.599e+05
738,-1.5991e+05
739,-1.5991e+05
740,-1.5991e+05
741,-1.5991e+05
742,-1.5992e+05
743,-1.5993e+05
744,-1.5994e+05
745,-1.5995e+05
746,-1.5995e+05
747,-1.5995e+05
748,-1.5996e+05
749,-1.5996e+05
750,-1.5996e+05
3167,-1.5996e+05
751,-1.5997e+05
752,-1.5997e+05
753,-1.5997e+05
754,-1.5998e+05
755,-1.5999e+05
756,-1.5999e+05
757,-1.6e+05
758,-1.6001e+05
759,-1.6001e+05
760,-1.6001e+05
761,-1.6001e+05
762,-1.6001e+05
763,-1.6002e+05
764,-1.6002e+05
765,-1.6002e+05
766,-1.6003e+05
767,-1.6003e+05
3801,-1.6003e+05
768,-1.6004e+05
769,-1.6004e+05
770,-1.6004e+05
771,-1.6005e+05
3884,-1.6005e+05
772,-1.6006e+05
773,-1.6008e+05
774,-1.6008e+05
775,-1.6009e+05
776,-1.6009e+05
2941,-1.6009e+05
4271,-1.6009e+05
777,-1.601e+05
778,-1.601e+05
779,-1.6011e+05
780,-1.6011e+05
781,-1.6011e+05
782,-1.6012e+05
783,-1.6012e+05
3273,-1.6012e+05
784,-1.6013e+05
3133,-1.6013e+05
785,-1.6014e+05
786,-1.6014e+05
787,-1.6015e+05
788,-1.6015e+05
789,-1.6016e+05
790,-1.6017e+05
791,-1.6018e+05
792,-1.6019e+05
793,-1.6019e+05
794,-1.6021e+05
795,-1.6021e+05
796,-1.6021e+05
4080,-1.6021e+05
797,-1.6022e+05
798,-1.6022e+05
799,-1.6022e+05
800,-1.6022e+05
801,-1.6023e+05
802,-1.6023e+05
803,-1.6024e+05
804,-1.6024e+05
805,-1.6025e+05
806,-1.6026e+05
807,-1.6026e+05
808,-1.6027e+05
809,-1.6027e+05
3948,-1.6027e+05
810,-1.6028e+05
811,-1.6028e+05
3414,-1.6028e+05
3495,-1.6028e+05
812,-1.6029e+05
813,-1.603e+05
814,-1.603e+05
815,-1.6031e+05
816,-1.6031e+05
817,-1.6031e+05
4536,-1.6031e+05
818,-1.6032e+05
819,-1.6032e+05
820,-1.6032e+05
821,-1.6034e+05
2958,-1.6035e+05
822,-1.6036e+05
823,-1.6037e+05
824,-1.6037e+05
825,-1.6037e+05
4552,-1.6037e+05
826,-1.6038e+05
827,-1.6038e+05
828,-1.6038e+05
829,-1.6038e+05
830,-1.6039e+05
831,-1.6039e+05
832,-1.604e+05
3933,-1.604e+05
833,-1.6041e+05
4499,-1.6041e+05
834,-1.6042e+05
835,-1.6042e+05
836,-1.6043e+05
4564,-1.6043e+05
837,-1.6044e+05
838,-1.6044e+05
839,-1.6045e+05
840,-1.6046e+05
841,-1.6046e+05
842,-1.6046e+05
843,-1.6048e+05
844,-1.6049e+05
3966,-1.605e+05
845,-1.6051e+05
846,-1.6051e+05
847,-1.6052e+05
848,-1.6052e+05
849,-1.6052e+05
850,-1.6052e+05
851,-1.6053e+05
852,-1.6054e+05
853,-1.6054e+05
854,-1.6055e+05
855,-1.6055e+05
856,-1.6055e+05
857,-1.6057e+05
858,-1.6057e+05
859,-1.6058e+05
860,-1.6058e+05
861,-1.6059e+05
862,-1.6059e+05
863,-1.6059e+05
864,-1.606e+05
865,-1.606e+05
866,-1.6061e+05
867,-1.6061e+05
868,-1.6062e+05
3284,-1.6062e+05
3964,-1.6062e+05
869,-1.6063e+05
870,-1.6063e+05
871,-1.6064e+05
872,-1.6064e+05
3696,-1.6064e+05
873,-1.6065e+05
874,-1.6066e+05
875,-1.6066e+05
876,-1.6067e+05
877,-1.6067e+05
878,-1.6067e+05
879,-1.6068e+05
880,-1.6068e+05
4578,-1.6068e+05
881,-1.6069e+05
882,-1.607e+05
883,-1.607e+05
884,-1.607e+05
885,-1.607e+05
886,-1.6071e+05
887,-1.6071e+05
888,-1.6071e+05
889,-1.6071e+05
890,-1.6072e+05
891,-1.6072e+05
892,-1.6074e+05
893,-1.6074e+05
894,-1.6075e+05
895,-1.6075e+05
896,-1.6076e+05
897,-1.6076e+05
898,-1.6077e+05
899,-1.6078e+05
900,-1.6078e+05
901,-1.6078e+05
902,-1.6079e+05
903,-1.6081e+05
904,-1.6082e+05
905,-1.6082e+05
3947,-1.6082e+05
906,-1.6083e+05
907,-1.6084e+05
908,-1.6084e+05
909,-1.6085e+05
910,-1.6087e+05
911,-1.6087e+05
912,-1.6087e+05
4038,-1.6087e+05
913,-1.6088e+05
914,-1.6089e+05
915,-1.6089e+05
916,-1.6091e+05
4492,-1.6091e+05
917,-1.6093e+05
918,-1.6093e+05
919,-1.6093e+05
920,-1.6094e+05
4392,-1.6095e+05
921,-1.6096e+05
922,-1.6097e+05
923,-1.6098e+05
924,-1.6098e+05
925,-1.6099e+05
926,-1.6099e+05
927,-1.6101e+05
928,-1.6101e+05
929,-1.6102e+05
930,-1.6102e+05
931,-1.6103e+05
932,-1.6103e+05
933,-1.6104e+05
934,-1.6107e+05
935,-1.6107e+05
936,-1.6108e+05
937,-1.6109e+05
938,-1.6109e+05
939,-1.6109e+05
940,-1.6109e+05
941,-1.611e+05
942,-1.611e+05
943,-1.6111e+05
3620,-1.6112e+05
944,-1.6114e+05
945,-1.6115e+05
946,-1.6116e+05
947,-1.6116e+05
948,-1.6116e+05
949,-1.6117e+05
950,-1.6118e+05
951,-1.6118e+05
3887,-1.6118e+05
952,-1.6119e+05
953,-1.6119e+05
4185,-1.6121e+05
954,-1.6122e+05
955,-1.6122e+05
956,-1.6122e+05
957,-1.6123e+05
958,-1.6123e+05
2976,-1.6123e+05
959,-1.6124e+05
960,-1.6124e+05
961,-1.6125e+05
962,-1.6125e+05
963,-1.6126e+05
964,-1.6126e+05
965,-1.6127e+05
966,-1.6127e+05
967,-1.6127e+05
968,-1.6128e+05
4369,-1.6128e+05
969,-1.6129e+05
970,-1.6131e+05
3751,-1.6132e+05
971,-1.6133e+05
972,-1.6133e+05
973,-1.6133e+05
974,-1.6134e+05
975,-1.6135e+05
976,-1.6136e+05
977,-1.6137e+05
978,-1.6138e+05
979,-1.6138e+05
980,-1.6139e+05
981,-1.6139e+05
982,-1.6142e+05
983,-1.6142e+05
984,-1.6142e+05
985,-1.6142e+05
986,-1.6143e+05
987,-1.6143e+05
988,-1.6144e+05
989,-1.6144e+05
990,-1.6147e+05
991,-1.6149e+05
992,-1.615e+05
993,-1.6152e+05
994,-1.6152e+05
995,-1.6152e+05
996,-1.6153e+05
997,-1.6153e+05
4110,-1.6153e+05
998,-1.6154e+05
999,-1.6154e+05
1000,-1.6154e+05
1001,-1.6154e+05
1002,-1.6154e+05
1003,-1.6155e+05
1004,-1.6156e+05
1005,-1.6157e+05
1006,-1.6157e+05
4330,-1.6157e+05
1007,-1.6158e+05
1008,-1.6159e+05
3145,-1.6159e+05
1009,-1.616e+05
1010,-1.616e+05
1011,-1.6161e+05
1012,-1.6162e+05
1013,-1.6162e+05
1014,-1.6162e+05
3430,-1.6162e+05
1015,-1.6163e+05
1016,-1.6163e+05
1017,-1.6163e+05
1018,-1.6164e+05
1019,-1.6165e+05
1020,-1.6165e+05
1021,-1.6166e+05
1022,-1.6167e+05
1023,-1.6167e+05
1024,-1.6168e+05
1025,-1.617e+05
1026,-1.617e+05
1027,-1.6172e+05
1028,-1.6174e+05
1029,-1.6174e+05
1030,-1.6175e+05
1031,-1.6175e+05
1032,-1.6175e+05
1033,-1.6176e+05
1034,-1.6176e+05
1035,-1.6177e+05
1036,-1.618e+05
1037,-1.618e+05
1038,-1.6181e+05
1039,-1.6182e+05
1040,-1.6183e+05
1041,-1.6183e+05
1042,-1.6183e+05
4265,-1.6185e+05
1043,-1.6186e+05
1044,-1.6187e+05
1045,-1.6187e+05
1046,-1.6188e+05
1047,-1.6188e+05
1048,-1.619e+05
1049,-1.619e+05
1050,-1.619e+05
1051,-1.619e+05
1052,-1.6191e+05
3274,-1.6191e+05
1053,-1.6192e+05
1054,-1.6194e+05
1055,-1.6195e+05
3203,-1.6195e+05
1056,-1.6196e+05
1057,-1.6198e+05
1058,-1.6198e+05
1059,-1.6199e+05
1060,-1.6199e+05
1061,-1.62e+05
1062,-1.6201e+05
1063,-1.6202e+05
1064,-1.6202e+05
1065,-1.6202e+05
1066,-1.6203e+05
1067,-1.6203e+05
1068,-1.6204e+05
1069,-1.6207e+05
3592,-1.6208e+05
1070,-1.6209e+05
1071,-1.621e+05
1072,-1.6211e+05
1073,-1.6211e+05
1074,-1.6212e+05
1075,-1.6212e+05
1076,-1.6213e+05
1077,-1.6213e+05
1078,-1.6214e+05
1079,-1.6215e+05
1080,-1.6216e+05
1081,-1.6217e+05
1082,-1.6217e+05
1083,-1.6217e+05
1084,-1.6218e+05
1085,-1.6218e+05
4288,-1.6218e+05
1086,-1.6219e+05
1087,-1.6219e+05
1088,-1.622e+05
1089,-1.6221e+05
1090,-1.6221e+05
1091,-1.6222e+05
1092,-1.6222e+05
1093,-1.6222e+05
1094,-1.6222e+05
3148,-1.6222e+05
4174,-1.6223e+05
1095,-1.6224e+05
1096,-1.6225e+05
1097,-1.6226e+05
1098,-1.6226e+05
3773,-1.6226e+05
1099,-1.6227e+05
1100,-1.6228e+05
4132,-1.6228e+05
1101,-1.6229e+05
1102,-1.6229e+05
1103,-1.623e+05
1104,-1.623e+05
1105,-1.6231e+05
1106,-1.6231e+05
1107,-1.6231e+05
1108,-1.6231e+05
1109,-1.6231e+05
1110,-1.6234e+05
1111,-1.6235e+05
1112,-1.6235e+05
1113,-1.6235e+05
1114,-1.6236e+05
3477,-1.6236e+05
1115,-1.6238e+05
4579,-1.6238e+05
1116,-1.6239e+05
4482,-1.6239e+05
1117,-1.6241e+05
1118,-1.6241e+05
1119,-1.6243e+05
1120,-1.6244e+05
1121,-1.6244e+05
1122,-1.6244e+05
1123,-1.6246e+05
1124,-1.6246e+05
1125,-1.6247e+05
1126,-1.6248e+05
1127,-1.625e+05
1128,-1.6252e+05
1129,-1.6254e+05
1130,-1.6255e+05
1131,-1.6255e+05
1132,-1.6255e+05
3906,-1.6256e+05
1133,-1.6258e+05
4589,-1.6258e+05
1134,-1.626e+05
1135,-1.6261e+05
1136,-1.6263e+05
1137,-1.6263e+05
1138,-1.6264e+05
1139,-1.6264e+05
1140,-1.6264e+05
1141,-1.6264e+05
1142,-1.6265e+05
4735,-1.6265e+05
1143,-1.6266e+05
1144,-1.6267e+05
1145,-1.6269e+05
1146,-1.6269e+05
1147,-1.6269e+05
1148,-1.627e+05
1149,-1.6271e+05
4667,-1.6271e+05
1150,-1.6273e+05
1151,-1.6273e+05
1152,-1.6274e+05
1153,-1.6276e+05
1154,-1.6276e+05
1155,-1.6277e+05
1156,-1.6278e+05
1157,-1.6281e+05
1158,-1.6281e+05
1159,-1.6281e+05
3124,-1.6282e+05
4139,-1.6282e+05
1160,-1.6285e+05
1161,-1.6285e+05
1162,-1.6285e+05
1163,-1.6289e+05
4061,-1.6289e+05
1164,-1.629e+05
1165,-1.629e+05
1166,-1.6293e+05
1167,-1.6295e+05
1168,-1.6295e+05
1169,-1.6298e+05
1170,-1.6298e+05
1171,-1.6299e+05
1172,-1.6299e+05
1173,-1.6299e+05
3175,-1.63e+05
1174,-1.6301e+05
1175,-1.6301e+05
1176,-1.6302e+05
1177,-1.6304e+05
1178,-1.6306e+05
1179,-1.6306e+05
1180,-1.6306e+05
1181,-1.6307e+05
1182,-1.6307e+05
1183,-1.6308e+05
1184,-1.631e+05
1185,-1.6311e+05
1186,-1.6311e+05
1187,-1.6311e+05
1188,-1.6313e+05
3087,-1.6313e+05
3697,-1.6313e+05
1189,-1.6315e+05
1190,-1.6315e+05
1191,-1.6316e+05
1192,-1.6316e+05
1193,-1.6317e+05
1194,-1.6317e+05
1195,-1.6318e+05
1196,-1.6319e+05
1197,-1.632e+05
1198,-1.632e+05
1199,-1.632e+05
1200,-1.632e+05
1201,-1.6321e+05
1202,-1.6322e+05
1203,-1.6323e+05
1204,-1.6324e+05
4652,-1.6325e+05
1205,-1.6326e+05
1206,-1.6326e+05
1207,-1.6327e+05
1208,-1.6327e+05
4223,-1.6327e+05
1209,-1.6329e+05
4111,-1.6329e+05
1210,-1.633e+05
1211,-1.633e+05
1212,-1.633e+05
1213,-1.6333e+05
1214,-1.6333e+05
1215,-1.6335e+05
1216,-1.6337e+05
1217,-1.6337e+05
1218,-1.6337e+05
1219,-1.6339e+05
1220,-1.6339e+05
1221,-1.634e+05
1222,-1.6341e+05
3311,-1.6342e+05
3041,-1.6344e+05
1223,-1.6345e+05
1224,-1.6346e+05
1225,-1.6346e+05
1226,-1.6347e+05
1227,-1.6347e+05
1228,-1.6347e+05
1229,-1.6348e+05
1230,-1.6348e+05
1231,-1.635e+05
1232,-1.635e+05
4181,-1.635e+05
1233,-1.6351e+05
1234,-1.6352e+05
1235,-1.6352e+05
3404,-1.6352e+05
4636,-1.6352e+05
1236,-1.6353e+05
1237,-1.6353e+05
1238,-1.6353e+05
1239,-1.6354e+05
1240,-1.6357e+05
1241,-1.6357e+05
1242,-1.6358e+05
4469,-1.6358e+05
1243,-1.6359e+05
1244,-1.6362e+05
1245,-1.6365e+05
1246,-1.6366e+05
1247,-1.6368e+05
1248,-1.637e+05
1249,-1.637e+05
1250,-1.637e+05
1251,-1.6371e+05
1252,-1.6373e+05
1253,-1.6374e+05
1254,-1.6374e+05
1255,-1.6375e+05
1256,-1.6376e+05
1257,-1.6378e+05
1258,-1.638e+05
1259,-1.6381e+05
1260,-1.6381e+05
4162,-1.6381e+05
1261,-1.6382e+05
1262,-1.6385e+05
1263,-1.6385e+05
1264,-1.6386e+05
1265,-1.6388e+05
1266,-1.6388e+05
1267,-1.6388e+05
1268,-1.639e+05
3963,-1.639e+05
1269,-1.6391e+05
1270,-1.6392e+05
1271,-1.6392e+05
1272,-1.6392e+05
1273,-1.6393e+05
1274,-1.6393e+05
1275,-1.6393e+05
4551,-1.6394e+05
1276,-1.6395e+05
1277,-1.6395e+05
1278,-1.6396e+05
1279,-1.6397e+05
1280,-1.6397e+05
3756,-1.6397e+05
1281,-1.6399e+05
3188,-1.6399e+05
1282,-1.64e+05
3178,-1.64e+05
1283,-1.6401e+05
1284,-1.6401e+05
4416,-1.6401e+05
1285,-1.6402e+05
1286,-1.6402e+05
1287,-1.6402e+05
3505,-1.6402e+05
1288,-1.6405e+05
1289,-1.6406e+05
1290,-1.6406e+05
1291,-1.6408e+05
1292,-1.641e+05
1293,-1.6411e+05
1294,-1.6416e+05
1295,-1.6418e+05
1296,-1.6422e+05
1297,-1.6423e+05
1298,-1.6427e+05
1299,-1.6429e+05
3883,-1.6429e+05
4363,-1.6429e+05
1300,-1.6432e+05
1301,-1.6432e+05
4035,-1.6434e+05
1302,-1.6435e+05
1303,-1.6435e+05
1304,-1.6436e+05
1305,-1.6436e+05
1306,-1.6437e+05
1307,-1.6439e+05
1308,-1.6439e+05
2908,-1.6439e+05
1309,-1.644e+05
1310,-1.6441e+05
1311,-1.6441e+05
1312,-1.6442e+05
1313,-1.6443e+05
1314,-1.6443e+05
1315,-1.6446e+05
1316,-1.6449e+05
1317,-1.6449e+05
1318,-1.6449e+05
3250,-1.6449e+05
1319,-1.645e+05
3142,-1.645e+05
3719,-1.645e+05
1320,-1.6451e+05
1321,-1.6451e+05
1322,-1.6453e+05
1323,-1.6454e+05
1324,-1.6454e+05
1325,-1.6454e+05
4190,-1.6455e+05
1326,-1.6456e+05
1327,-1.6458e+05
1328,-1.6459e+05
1329,-1.6459e+05
1330,-1.6459e+05
1331,-1.6459e+05
1332,-1.6462e+05
1333,-1.6462e+05
1334,-1.6462e+05
1335,-1.6463e+05
1336,-1.6463e+05
1337,-1.6463e+05
3278,-1.6464e+05
4776,-1.6464e+05
1338,-1.6465e+05
1339,-1.6465e+05
4255,-1.6465e+05
1340,-1.6466e+05
1341,-1.6467e+05
1342,-1.6467e+05
4695,-1.6467e+05
1343,-1.6469e+05
1344,-1.647e+05
3059,-1.647e+05
1345,-1.6471e+05
1346,-1.6471e+05
1347,-1.6471e+05
1348,-1.6471e+05
1349,-1.6472e+05
1350,-1.6473e+05
1351,-1.6475e+05
1352,-1.6476e+05
3431,-1.648e+05
1353,-1.6482e+05
1354,-1.6483e+05
1355,-1.6483e+05
1356,-1.6484e+05
1357,-1.6486e+05
1358,-1.6486e+05
1359,-1.6486e+05
1360,-1.6487e+05
4476,-1.6487e+05
1361,-1.6489e+05
1362,-1.649e+05
1363,-1.6491e+05
1364,-1.6491e+05
1365,-1.6492e+05
1366,-1.6493e+05
3523,-1.6493e+05
3844,-1.6493e+05
1367,-1.6496e+05
1368,-1.6497e+05
1369,-1.6499e+05
1370,-1.65e+05
1371,-1.6501e+05
1372,-1.6502e+05
1373,-1.6502e+05
1374,-1.6502e+05
1375,-1.6503e+05
1376,-1.6503e+05
1377,-1.6504e+05
1378,-1.6504e+05
1379,-1.6504e+05
1380,-1.6505e+05
1381,-1.6505e+05
1382,-1.6506e+05
1383,-1.6507e+05
1384,-1.6508e+05
1385,-1.6508e+05
1386,-1.6509e+05
1387,-1.6512e+05
1388,-1.6513e+05
1389,-1.6516e+05
1390,-1.6516e+05
1391,-1.6516e+05
1392,-1.6518e+05
1393,-1.6518e+05
1394,-1.6519e+05
1395,-1.6519e+05
1396,-1.652e+05
1397,-1.6521e+05
1398,-1.6522e+05
1399,-1.6522e+05
1400,-1.6523e+05
4404,-1.6523e+05
1401,-1.6525e+05
1402,-1.6526e+05
4010,-1.6527e+05
1403,-1.6529e+05
1404,-1.6531e+05
1405,-1.6532e+05
1406,-1.6532e+05
1407,-1.6534e+05
1408,-1.6537e+05
4341,-1.6537e+05
1409,-1.6538e+05
3804,-1.6538e+05
1410,-1.6539e+05
1411,-1.654e+05
1412,-1.6541e+05
1413,-1.6542e+05
1414,-1.6543e+05
1415,-1.6543e+05
1416,-1.6544e+05
1417,-1.6545e+05
1418,-1.6545e+05
1419,-1.6545e+05
1420,-1.6545e+05
1421,-1.6546e+05
1422,-1.6547e+05
1423,-1.6547e+05
1424,-1.6547e+05
1425,-1.6548e+05
1426,-1.6551e+05
1427,-1.6553e+05
1428,-1.6553e+05
1429,-1.6554e+05
1430,-1.6554e+05
1431,-1.6555e+05
1432,-1.6555e+05
1433,-1.6557e+05
1434,-1.6558e+05
1435,-1.6558e+05
1436,-1.6558e+05
1437,-1.656e+05
1438,-1.656e+05
1439,-1.6561e+05
1440,-1.6561e+05
1441,-1.6562e+05
1442,-1.6565e+05
4768,-1.6565e+05
1443,-1.6568e+05
1444,-1.6568e+05
2930,-1.6569e+05
1445,-1.657e+05
3919,-1.6573e+05
1446,-1.6574e+05
4513,-1.6574e+05
3035,-1.6575e+05
1447,-1.6577e+05
1448,-1.6577e+05
1449,-1.6578e+05
1450,-1.6579e+05
1451,-1.6581e+05
1452,-1.6581e+05
1453,-1.6581e+05
1454,-1.6581e+05
1455,-1.6582e+05
1456,-1.6583e+05
1457,-1.6586e+05
1458,-1.6587e+05
1459,-1.6588e+05
1460,-1.6593e+05
1461,-1.6593e+05
1462,-1.6597e+05
1463,-1.6597e+05
2920,-1.6597e+05
1464,-1.6601e+05
1465,-1.6602e+05
1466,-1.6602e+05
4007,-1.6602e+05
1467,-1.6603e+05
1468,-1.6608e+05
4716,-1.6608e+05
1469,-1.6609e+05
1470,-1.6609e+05
1471,-1.6609e+05
3190,-1.661e+05
1472,-1.6611e+05
1473,-1.6612e+05
1474,-1.6613e+05
1475,-1.6618e+05
1476,-1.6621e+05
1477,-1.6622e+05
1478,-1.6623e+05
1479,-1.6624e+05
1480,-1.6625e+05
1481,-1.6628e+05
1482,-1.6628e+05
1483,-1.6629e+05
1484,-1.663e+05
1485,-1.6632e+05
1486,-1.6632e+05
1487,-1.6635e+05
1488,-1.6635e+05
4726,-1.6637e+05
1489,-1.6638e+05
1490,-1.6638e+05
1491,-1.6639e+05
1492,-1.6639e+05
1493,-1.6641e+05
1494,-1.6643e+05
1495,-1.6643e+05
1496,-1.6644e+05
1497,-1.6645e+05
3413,-1.6646e+05
1498,-1.6649e+05
1499,-1.6649e+05
1500,-1.6651e+05
1501,-1.6652e+05
3767,-1.6652e+05
4191,-1.6655e+05
4763,-1.6655e+05
1502,-1.6656e+05
1503,-1.6657e+05
1504,-1.6658e+05
1505,-1.6661e+05
1506,-1.6661e+05
1507,-1.6661e+05
1508,-1.6662e+05
1509,-1.6663e+05
1510,-1.6663e+05
4557,-1.6664e+05
1511,-1.6665e+05
1512,-1.6665e+05
1513,-1.6665e+05
1514,-1.6665e+05
1515,-1.6667e+05
1516,-1.6668e+05
1517,-1.6668e+05
1518,-1.6668e+05
1519,-1.667e+05
1520,-1.6673e+05
1521,-1.6674e+05
1522,-1.6674e+05
1523,-1.6674e+05
1524,-1.6674e+05
1525,-1.6674e+05
1526,-1.6676e+05
1527,-1.6676e+05
1528,-1.6677e+05
1529,-1.6677e+05
1530,-1.6677e+05
1531,-1.6679e+05
1532,-1.6682e+05
1533,-1.6683e+05
1534,-1.6684e+05
1535,-1.6686e+05
1536,-1.6687e+05
1537,-1.6687e+05
1538,-1.6688e+05
1539,-1.6689e+05
1540,-1.6689e+05
1541,-1.669e+05
1542,-1.669e+05
1543,-1.669e+05
4284,-1.669e+05
1544,-1.6695e+05
1545,-1.6699e+05
3502,-1.6699e+05
1546,-1.6702e+05
1547,-1.6703e+05
3270,-1.6703e+05
1548,-1.6705e+05
1549,-1.6706e+05
3807,-1.6706e+05
1550,-1.6708e+05
3730,-1.6708e+05
1551,-1.671e+05
2987,-1.671e+05
1552,-1.6712e+05
1553,-1.6712e+05
1554,-1.6712e+05
1555,-1.6713e+05
1556,-1.6715e+05
1557,-1.6716e+05
3213,-1.6716e+05
1558,-1.6717e+05
1559,-1.6719e+05
4238,-1.6719e+05
1560,-1.672e+05
1561,-1.6724e+05
1562,-1.6724e+05
1563,-1.6726e+05
1564,-1.6727e+05
1565,-1.6727e+05
1566,-1.6728e+05
1567,-1.6729e+05
1568,-1.673e+05
1569,-1.6731e+05
1570,-1.6733e+05
1571,-1.6735e+05
1572,-1.6735e+05
1573,-1.6735e+05
1574,-1.6736e+05
1575,-1.6739e+05
1576,-1.6739e+05
1577,-1.6742e+05
1578,-1.6742e+05
1579,-1.6742e+05
1580,-1.6745e+05
2913,-1.6745e+05
1581,-1.6746e+05
1582,-1.6749e+05
3288,-1.675e+05
3039,-1.6751e+05
1583,-1.6752e+05
1584,-1.6754e+05
1585,-1.6755e+05
1586,-1.6758e+05
1587,-1.6759e+05
1588,-1.676e+05
3876,-1.6764e+05
1589,-1.6765e+05
1590,-1.6767e+05
4718,-1.6767e+05
1591,-1.6768e+05
1592,-1.6769e+05
1593,-1.677e+05
2950,-1.6772e+05
3471,-1.6773e+05
1594,-1.6775e+05
1595,-1.6775e+05
1596,-1.6776e+05
1597,-1.6777e+05
1598,-1.6777e+05
1599,-1.6778e+05
1600,-1.6782e+05
1601,-1.6783e+05
1602,-1.6783e+05
4213,-1.6789e+05
1603,-1.6791e+05
1604,-1.6793e+05
1605,-1.6797e+05
1606,-1.6798e+05
1607,-1.6798e+05
1608,-1.6799e+05
2881,-1.6799e+05
3186,-1.68e+05
1609,-1.6803e+05
1610,-1.6803e+05
1611,-1.6805e+05
4413,-1.6806e+05
1612,-1.6807e+05
1613,-1.6808e+05
4584,-1.6809e+05
1614,-1.681e+05
1615,-1.681e+05
1616,-1.6813e+05
3694,-1.6813e+05
4414,-1.6813e+05
1617,-1.6817e+05
1618,-1.6818e+05
3027,-1.6818e+05
1619,-1.6819e+05
1620,-1.6819e+05
1621,-1.6821e+05
1622,-1.6822e+05
1623,-1.6822e+05
3091,-1.6823e+05
1624,-1.6825e+05
1625,-1.6825e+05
1626,-1.6825e+05
1627,-1.6828e+05
1628,-1.683e+05
3747,-1.6831e+05
1629,-1.6832e+05
1630,-1.6833e+05
1631,-1.6835e+05
1632,-1.6836e+05
1633,-1.6836e+05
4131,-1.6838e+05
1634,-1.6839e+05
1635,-1.684e+05
4184,-1.684e+05
1636,-1.6842e+05
1637,-1.6842e+05
1638,-1.6845e+05
1639,-1.6846e+05
1640,-1.6847e+05
1641,-1.6848e+05
1642,-1.6853e+05
1643,-1.6855e+05
1644,-1.6858e+05
1645,-1.6858e+05
1646,-1.6858e+05
1647,-1.686e+05
1648,-1.686e+05
1649,-1.686e+05
1650,-1.6861e+05
1651,-1.6863e+05
1652,-1.6863e+05
1653,-1.6865e+05
1654,-1.6869e+05
3166,-1.687e+05
1655,-1.6871e+05
4069,-1.6872e+05
1656,-1.6874e+05
1657,-1.6875e+05
1658,-1.6876e+05
1659,-1.6879e+05
1660,-1.6881e+05
1661,-1.6882e+05
1662,-1.6883e+05
1663,-1.6884e+05
1664,-1.6885e+05
1665,-1.6886e+05
1666,-1.6886e+05
4454,-1.6886e+05
1667,-1.6888e+05
4391,-1.6889e+05
1668,-1.689e+05
1669,-1.6891e+05
1670,-1.6894e+05
1671,-1.6896e+05
1672,-1.6898e+05
3813,-1.6899e+05
1673,-1.69e+05
1674,-1.6907e+05
3851,-1.6909e+05
1675,-1.691e+05
4017,-1.691e+05
1676,-1.6911e+05
1677,-1.6912e+05
1678,-1.6912e+05
1679,-1.6913e+05
1680,-1.6914e+05
1681,-1.6918e+05
1682,-1.6918e+05
1683,-1.6918e+05
4312,-1.6918e+05
1684,-1.6919e+05
1685,-1.6919e+05
1686,-1.6919e+05
3845,-1.692e+05
1687,-1.6921e+05
1688,-1.6923e+05
1689,-1.6925e+05
1690,-1.6927e+05
1691,-1.6928e+05
1692,-1.6929e+05
1693,-1.693e+05
1694,-1.6931e+05
1695,-1.6932e+05
1696,-1.6932e+05
1697,-1.6933e+05
1698,-1.6933e+05
1699,-1.6934e+05
1700,-1.6934e+05
1701,-1.6934e+05
3835,-1.6934e+05
1702,-1.6935e+05
1703,-1.6936e+05
1704,-1.6936e+05
3486,-1.6936e+05
3637,-1.6938e+05
1705,-1.6939e+05
1706,-1.694e+05
1707,-1.6943e+05
1708,-1.6943e+05
1709,-1.6943e+05
1710,-1.6944e+05
1711,-1.6945e+05
1712,-1.6946e+05
1713,-1.6948e+05
1714,-1.6949e+05
1715,-1.6949e+05
1716,-1.6952e+05
1717,-1.6954e+05
1718,-1.6954e+05
1719,-1.6955e+05
1720,-1.6956e+05
1721,-1.6958e+05
1722,-1.6958e+05
1723,-1.6961e+05
1724,-1.6963e+05
1725,-1.6964e+05
1726,-1.6967e+05
1727,-1.697e+05
1728,-1.697e+05
1729,-1.697e+05
1730,-1.6973e+05
3411,-1.6973e+05
1731,-1.6974e+05
1732,-1.6976e+05
1733,-1.6977e+05
1734,-1.6979e+05
1735,-1.6979e+05
1736,-1.698e+05
1737,-1.6981e+05
1738,-1.6983e+05
1739,-1.6986e+05
3475,-1.6987e+05
1740,-1.699e+05
3189,-1.6992e+05
1741,-1.6995e+05
1742,-1.6995e+05
3362,-1.6996e+05
1743,-1.6997e+05
1744,-1.6997e+05
1745,-1.6999e+05
1746,-1.7e+05
1747,-1.7002e+05
1748,-1.7003e+05
1749,-1.7006e+05
1750,-1.7007e+05
1751,-1.7009e+05
1752,-1.7009e+05
1753,-1.7013e+05
1754,-1.7013e+05
1755,-1.7014e+05
1756,-1.7014e+05
1757,-1.7016e+05
1758,-1.7018e+05
1759,-1.7022e+05
4541,-1.7024e+05
1760,-1.7026e+05
4650,-1.7027e+05
1761,-1.7029e+05
1762,-1.703e+05
1763,-1.703e+05
1764,-1.703e+05
1765,-1.7034e+05
1766,-1.7036e+05
1767,-1.7037e+05
1768,-1.7038e+05
1769,-1.7038e+05
1770,-1.704e+05
1771,-1.704e+05
4502,-1.704e+05
1772,-1.7045e+05
1773,-1.7045e+05
1774,-1.7048e+05
1775,-1.7049e+05
1776,-1.7051e+05
1777,-1.7052e+05
1778,-1.7053e+05
1779,-1.7053e+05
1780,-1.7053e+05
1781,-1.7053e+05
1782,-1.7055e+05
1783,-1.7056e+05
1784,-1.7058e+05
1785,-1.7059e+05
1786,-1.7062e+05
1787,-1.7062e+05
1788,-1.7066e+05
4569,-1.7066e+05
1789,-1.7067e+05
3943,-1.7067e+05
1790,-1.7069e+05
1791,-1.7071e+05
1792,-1.7071e+05
3298,-1.7071e+05
1793,-1.7072e+05
4724,-1.7072e+05
1794,-1.7074e+05
1795,-1.7074e+05
2939,-1.7075e+05
1796,-1.7076e+05
1797,-1.7076e+05
1798,-1.7078e+05
3879,-1.7078e+05
1799,-1.708e+05
1800,-1.7085e+05
1801,-1.709e+05
1802,-1.709e+05
3485,-1.709e+05
1803,-1.7091e+05
1804,-1.7093e+05
1805,-1.7094e+05
1806,-1.7097e+05
1807,-1.71e+05
1808,-1.7102e+05
1809,-1.7102e+05
2948,-1.7108e+05
1810,-1.7109e+05
1811,-1.7111e+05
1812,-1.7112e+05
1813,-1.7112e+05
1814,-1.7113e+05
1815,-1.7113e+05
1816,-1.7114e+05
1817,-1.7118e+05
1818,-1.7119e+05
1819,-1.712e+05
1820,-1.7123e+05
1821,-1.7123e+05
1822,-1.7123e+05
3153,-1.7123e+05
4538,-1.7123e+05
1823,-1.7124e+05
1824,-1.7125e+05
4014,-1.7125e+05
1825,-1.713e+05
1826,-1.7131e+05
1827,-1.7132e+05
1828,-1.7133e+05
1829,-1.7136e+05
1830,-1.7137e+05
1831,-1.7137e+05
1832,-1.7137e+05
1833,-1.7138e+05
1834,-1.7138e+05
1835,-1.7138e+05
1836,-1.7138e+05
1837,-1.714e+05
4582,-1.714e+05
1838,-1.7143e+05
1839,-1.7145e+05
1840,-1.7146e+05
3587,-1.7146e+05
1841,-1.7147e+05
1842,-1.7147e+05
1843,-1.7148e+05
1844,-1.7148e+05
1845,-1.7149e+05
1846,-1.715e+05
1847,-1.7151e+05
1848,-1.7152e+05
1849,-1.7153e+05
1850,-1.7153e+05
1851,-1.7157e+05
2925,-1.7157e+05
1852,-1.7159e+05
1853,-1.7161e+05
1854,-1.7162e+05
1855,-1.7163e+05
1856,-1.7163e+05
1857,-1.7166e+05
1858,-1.7168e+05
1859,-1.717e+05
1860,-1.7172e+05
1861,-1.7173e+05
1862,-1.7178e+05
1863,-1.7178e+05
4166,-1.7178e+05
1864,-1.718e+05
1865,-1.7188e+05
3676,-1.7189e+05
3226,-1.7193e+05
1866,-1.7194e+05
1867,-1.7195e+05
1868,-1.7195e+05
1869,-1.7196e+05
1870,-1.7197e+05
1871,-1.7197e+05
1872,-1.7198e+05
1873,-1.7199e+05
1874,-1.7201e+05
1875,-1.7205e+05
1876,-1.7205e+05
1877,-1.7207e+05
1878,-1.7209e+05
1879,-1.7211e+05
1880,-1.7212e+05
3657,-1.7212e+05
1881,-1.7213e+05
1882,-1.7213e+05
3135,-1.7214e+05
1883,-1.7218e+05
1884,-1.7223e+05
1885,-1.7223e+05
1886,-1.7225e+05
1887,-1.7225e+05
1888,-1.7227e+05
1889,-1.7229e+05
1890,-1.723e+05
1891,-1.7231e+05
1892,-1.7231e+05
1893,-1.7231e+05
3437,-1.7232e+05
1894,-1.7233e+05
1895,-1.7236e+05
1896,-1.7236e+05
3195,-1.7237e+05
1897,-1.7238e+05
4729,-1.7238e+05
1898,-1.7241e+05
3465,-1.7241e+05
1899,-1.7244e+05
1900,-1.7246e+05
1901,-1.7247e+05
1902,-1.7247e+05
1903,-1.7252e+05
1904,-1.7252e+05
4475,-1.7252e+05
1905,-1.7255e+05
1906,-1.7257e+05
1907,-1.7257e+05
1908,-1.7258e+05
4457,-1.726e+05
1909,-1.7262e+05
1910,-1.7262e+05
1911,-1.7263e+05
1912,-1.7265e+05
4063,-1.7269e+05
1913,-1.727e+05
3506,-1.7273e+05
1914,-1.7274e+05
1915,-1.7275e+05
4563,-1.7275e+05
3501,-1.7278e+05
1916,-1.728e+05
1917,-1.728e+05
1918,-1.7281e+05
1919,-1.7282e+05
1920,-1.7283e+05
1921,-1.7285e+05
1922,-1.7285e+05
1923,-1.7287e+05
1924,-1.7288e+05
1925,-1.7288e+05
1926,-1.7288e+05
1927,-1.7291e+05
1928,-1.7293e+05
1929,-1.7294e+05
1930,-1.7295e+05
1931,-1.7296e+05
1932,-1.7297e+05
1933,-1.7297e+05
1934,-1.7297e+05
4432,-1.7298e+05
3568,-1.7299e+05
3118,-1.73e+05
1935,-1.7301e+05
1936,-1.7302e+05
1937,-1.7305e+05
4067,-1.7305e+05
1938,-1.7307e+05
1939,-1.7307e+05
1940,-1.7308e+05
1941,-1.7311e+05
1942,-1.7311e+05
1943,-1.7312e+05
1944,-1.7314e+05
3053,-1.7314e+05
3432,-1.7315e+05
1945,-1.7317e+05
1946,-1.7317e+05
4090,-1.7317e+05
1947,-1.7318e+05
1948,-1.7321e+05
1949,-1.7323e+05
1950,-1.7327e+05
1951,-1.7329e+05
1952,-1.733e+05
1953,-1.7331e+05
1954,-1.7333e+05
1955,-1.7335e+05
1956,-1.7337e+05
1957,-1.7339e+05
3312,-1.734e+05
1958,-1.7341e+05
1959,-1.7343e+05
1960,-1.7345e+05
4525,-1.7345e+05
1961,-1.7346e+05
1962,-1.7347e+05
3968,-1.7348e+05
1963,-1.735e+05
1964,-1.735e+05
1965,-1.7351e+05
2978,-1.7356e+05
1966,-1.7358e+05
1967,-1.7358e+05
1968,-1.7358e+05
1969,-1.7359e+05
4272,-1.736e+05
1970,-1.7361e+05
1971,-1.7365e+05
1972,-1.7366e+05
1973,-1.7366e+05
1974,-1.7369e+05
1975,-1.7372e+05
1976,-1.7375e+05
1977,-1.7376e+05
1978,-1.7377e+05
1979,-1.7377e+05
1980,-1.7378e+05
1981,-1.738e+05
1982,-1.7384e+05
1983,-1.7385e+05
1984,-1.7386e+05
1985,-1.7388e+05
1986,-1.7388e+05
1987,-1.7389e+05
1988,-1.739e+05
1989,-1.7392e+05
1990,-1.7392e+05
1991,-1.7393e+05
1992,-1.7398e+05
1993,-1.7401e+05
1994,-1.7402e+05
1995,-1.7402e+05
1996,-1.7402e+05
4099,-1.7404e+05
1997,-1.7406e+05
1998,-1.7407e+05
1999,-1.7408e+05
2000,-1.7409e+05
2001,-1.7412e+05
2002,-1.7413e+05
2003,-1.7413e+05
2004,-1.7413e+05
2005,-1.7415e+05
2006,-1.7415e+05
2007,-1.7415e+05
2008,-1.7416e+05
2009,-1.7416e+05
2010,-1.7417e+05
4621,-1.7418e+05
2011,-1.7421e+05
2012,-1.7424e+05
2013,-1.7424e+05
2014,-1.7426e+05
2015,-1.7428e+05
2016,-1.7429e+05
2017,-1.7432e+05
2018,-1.7434e+05
2019,-1.7435e+05
2020,-1.7437e+05
2021,-1.744e+05
2022,-1.7441e+05
2023,-1.7442e+05
2024,-1.7442e+05
2025,-1.7443e+05
2026,-1.7445e+05
2027,-1.7446e+05
3161,-1.7446e+05
4280,-1.7448e+05
2028,-1.7451e+05
2029,-1.7453e+05
2030,-1.7454e+05
3390,-1.7458e+05
4591,-1.7459e+05
2031,-1.7461e+05
2032,-1.7462e+05
2033,-1.7462e+05
3512,-1.7466e+05
2034,-1.7467e+05
3549,-1.7469e+05
2035,-1.7471e+05
2036,-1.7472e+05
2037,-1.7474e+05
2038,-1.7475e+05
2039,-1.748e+05
2040,-1.7482e+05
2041,-1.7482e+05
3056,-1.7483e+05
2042,-1.7485e+05
2043,-1.7486e+05
2044,-1.7486e+05
2045,-1.7486e+05
2046,-1.7487e+05
2047,-1.7488e+05
2048,-1.749e+05
2049,-1.7491e+05
4739,-1.7491e+05
2050,-1.7492e+05
2051,-1.7492e+05
2052,-1.7495e+05
2053,-1.7496e+05
2054,-1.7496e+05
2055,-1.75e+05
2056,-1.75e+05
2057,-1.7502e+05
3553,-1.7503e+05
2058,-1.7505e+05
2059,-1.7506e+05
2060,-1.7507e+05
2061,-1.7507e+05
2062,-1.7507e+05
3339,-1.7507e+05
2063,-1.7511e+05
2064,-1.7513e+05
3588,-1.7516e+05
2065,-1.7517e+05
2066,-1.7528e+05
2067,-1.7528e+05
2068,-1.7531e+05
2069,-1.7531e+05
2070,-1.7534e+05
3136,-1.7534e+05
2071,-1.7535e+05
2072,-1.7536e+05
2073,-1.7537e+05
2074,-1.7541e+05
2075,-1.7542e+05
2076,-1.7544e+05
3797,-1.7544e+05
2077,-1.7547e+05
2078,-1.755e+05
2079,-1.755e+05
3859,-1.755e+05
4041,-1.755e+05
2080,-1.7551e+05
2081,-1.7552e+05
2082,-1.7555e+05
2083,-1.7555e+05
2084,-1.7555e+05
2085,-1.7558e+05
2086,-1.7558e+05
4518,-1.7559e+05
2087,-1.756e+05
2088,-1.756e+05
2089,-1.756e+05
2090,-1.7564e+05
2091,-1.7568e+05
2092,-1.7572e+05
2093,-1.7574e+05
2094,-1.7574e+05
4225,-1.7575e+05
2095,-1.7576e+05
2096,-1.7578e+05
2097,-1.7578e+05
2098,-1.7582e+05
2099,-1.7582e+05
2100,-1.7584e+05
2101,-1.7586e+05
4359,-1.7586e+05
2102,-1.7588e+05
2103,-1.7588e+05
2104,-1.759e+05
4295,-1.7591e+05
2105,-1.7592e+05
2106,-1.7594e+05
2107,-1.7594e+05
2108,-1.7598e+05
2109,-1.76e+05
2110,-1.7601e+05
2111,-1.7602e+05
2112,-1.7603e+05
2113,-1.7605e+05
2114,-1.7606e+05
2115,-1.7608e+05
2116,-1.761e+05
2117,-1.761e+05
2118,-1.7618e+05
2119,-1.7622e+05
2120,-1.7623e+05
4638,-1.7623e+05
2121,-1.7625e+05
2122,-1.7625e+05
2123,-1.7626e+05
2124,-1.7626e+05
2125,-1.7627e+05
2126,-1.763e+05
2127,-1.763e+05
4047,-1.7632e+05
2128,-1.7633e+05
2129,-1.7633e+05
4261,-1.764e+05
2130,-1.7642e+05
2131,-1.7643e+05
2132,-1.7648e+05
2133,-1.7654e+05
4085,-1.7654e+05
4676,-1.7655e+05
2134,-1.766e+05
2135,-1.766e+05
2136,-1.7662e+05
2137,-1.7662e+05
2138,-1.7662e+05
2139,-1.7664e+05
2140,-1.7665e+05
2141,-1.7667e+05
2142,-1.7668e+05
2143,-1.7668e+05
2144,-1.767e+05
3532,-1.767e+05
2145,-1.7673e+05
2146,-1.7674e+05
2147,-1.7679e+05
2148,-1.7683e+05
2149,-1.7684e+05
2150,-1.7685e+05
2151,-1.7687e+05
2152,-1.7688e+05
2153,-1.769e+05
2154,-1.769e+05
2155,-1.7691e+05
2156,-1.7692e+05
2157,-1.7694e+05
2158,-1.7697e+05
2159,-1.77e+05
2160,-1.77e+05
2161,-1.7702e+05
2162,-1.7705e+05
4616,-1.7706e+05
2163,-1.7708e+05
3581,-1.7708e+05
3503,-1.7709e+05
2164,-1.771e+05
2165,-1.7711e+05
2166,-1.7711e+05
2167,-1.7711e+05
2168,-1.7712e+05
3861,-1.7714e+05
2169,-1.7718e+05
2170,-1.7718e+05
2171,-1.7718e+05
2172,-1.772e+05
2173,-1.7721e+05
3435,-1.7723e+05
4759,-1.7723e+05
2174,-1.7724e+05
2175,-1.7731e+05
4537,-1.7731e+05
4138,-1.7733e+05
2176,-1.7734e+05
2177,-1.7734e+05
4338,-1.7735e+05
2178,-1.7736e+05
4291,-1.7738e+05
2179,-1.774e+05
2180,-1.774e+05
2181,-1.7741e+05
2182,-1.7746e+05
2183,-1.7746e+05
2184,-1.7747e+05
2185,-1.7749e+05
2186,-1.775e+05
2187,-1.7751e+05
2188,-1.7752e+05
2189,-1.7754e+05
2190,-1.7756e+05
2191,-1.7757e+05
3014,-1.7757e+05
2192,-1.7758e+05
2193,-1.7758e+05
3599,-1.7758e+05
2194,-1.7762e+05
2195,-1.7763e+05
2196,-1.7765e+05
2197,-1.7768e+05
2198,-1.7769e+05
2199,-1.777e+05
2200,-1.7771e+05
2201,-1.7774e+05
2202,-1.7776e+05
2203,-1.7776e+05
2204,-1.7776e+05
2205,-1.778e+05
2206,-1.778e+05
2207,-1.7784e+05
3758,-1.7784e+05
2208,-1.7786e+05
3708,-1.7786e+05
2209,-1.7787e+05
2210,-1.7787e+05
2211,-1.7789e+05
2212,-1.779e+05
2213,-1.7792e+05
2214,-1.7793e+05
2215,-1.7797e+05
2216,-1.7797e+05
2217,-1.7798e+05
2218,-1.7798e+05
2219,-1.7799e+05
2220,-1.7803e+05
2221,-1.7803e+05
2222,-1.7804e+05
2223,-1.7805e+05
4655,-1.7806e+05
2224,-1.7808e+05
2225,-1.781e+05
2226,-1.7811e+05
2227,-1.7812e+05
2228,-1.7815e+05
2229,-1.7816e+05
2230,-1.7821e+05
2231,-1.7822e+05
2232,-1.7826e+05
4713,-1.7827e+05
2233,-1.7829e+05
2234,-1.7829e+05
3783,-1.7829e+05
2235,-1.7836e+05
2236,-1.7837e+05
2237,-1.7837e+05
2238,-1.7837e+05
2239,-1.7842e+05
3082,-1.7843e+05
2240,-1.7844e+05
2241,-1.7845e+05
2242,-1.7845e+05
3862,-1.7845e+05
2243,-1.7846e+05
2244,-1.7848e+05
4054,-1.7849e+05
2245,-1.785e+05
2246,-1.7851e+05
2247,-1.7854e+05
2248,-1.7854e+05
2249,-1.7857e+05
2250,-1.786e+05
2251,-1.7862e+05
2252,-1.7863e+05
2253,-1.7865e+05
2254,-1.7865e+05
2255,-1.7867e+05
4224,-1.7868e+05
2256,-1.787e+05
4002,-1.787e+05
2257,-1.7871e+05
2258,-1.7875e+05
2259,-1.7877e+05
2260,-1.7878e+05
2261,-1.7878e+05
2262,-1.7881e+05
2263,-1.7882e+05
2264,-1.7888e+05
2265,-1.7891e+05
4714,-1.7891e+05
2266,-1.7892e+05
2267,-1.7893e+05
2268,-1.7897e+05
2269,-1.79e+05
2270,-1.79e+05
2271,-1.79e+05
2272,-1.7902e+05
2273,-1.7902e+05
2274,-1.7902e+05
2275,-1.7903e+05
3074,-1.7903e+05
2276,-1.7904e+05
4645,-1.7904e+05
2277,-1.7905e+05
2278,-1.7905e+05
2279,-1.7906e+05
2280,-1.7906e+05
4149,-1.7906e+05
2281,-1.7907e+05
2282,-1.791e+05
3446,-1.7911e+05
2283,-1.7915e+05
2284,-1.7919e+05
2285,-1.7919e+05
2286,-1.7921e+05
3394,-1.7921e+05
2287,-1.7922e+05
2288,-1.7922e+05
2289,-1.7926e+05
3967,-1.7926e+05
2290,-1.7927e+05
3991,-1.7928e+05
2291,-1.793e+05
2292,-1.7931e+05
2293,-1.7933e+05
2294,-1.7934e+05
3540,-1.7934e+05
4731,-1.7936e+05
2295,-1.7937e+05
2296,-1.7938e+05
2297,-1.7939e+05
2298,-1.794e+05
4129,-1.794e+05
2299,-1.7942e+05
2300,-1.7942e+05
2301,-1.7943e+05
2302,-1.7943e+05
2303,-1.7943e+05
3231,-1.7943e+05
2304,-1.7951e+05
2305,-1.7953e+05
2306,-1.7953e+05
2307,-1.7956e+05
4283,-1.7956e+05
2308,-1.7958e+05
2309,-1.7959e+05
2310,-1.7963e+05
2311,-1.7964e+05
2312,-1.7964e+05
2313,-1.7965e+05
2314,-1.7965e+05
2315,-1.7967e+05
2316,-1.7968e+05
3458,-1.7968e+05
2317,-1.7969e+05
2318,-1.797e+05
2319,-1.7973e+05
2320,-1.7973e+05
2321,-1.7976e+05
2322,-1.7977e+05
2323,-1.7978e+05
2324,-1.7979e+05
2325,-1.798e+05
2326,-1.7981e+05
2327,-1.7983e+05
2328,-1.7986e+05
4422,-1.7986e+05
2329,-1.7988e+05
2330,-1.7988e+05
3818,-1.7988e+05
2331,-1.7991e+05
4297,-1.7993e+05
2332,-1.7997e+05
2333,-1.7999e+05
2334,-1.8e+05
2335,-1.8e+05
2336,-1.8002e+05
4529,-1.8002e+05
2337,-1.8003e+05
2338,-1.8003e+05
2339,-1.8006e+05
2340,-1.8006e+05
2341,-1.8008e+05
2342,-1.8008e+05
2343,-1.801e+05
2344,-1.8012e+05
2345,-1.8015e+05
2346,-1.8015e+05
3492,-1.8016e+05
2347,-1.8017e+05
2348,-1.8018e+05
4732,-1.8018e+05
2349,-1.8022e+05
3393,-1.8022e+05
2350,-1.8024e+05
2351,-1.803e+05
2352,-1.8031e+05
2353,-1.8032e+05
2354,-1.8034e+05
2355,-1.8035e+05
2356,-1.8036e+05
2357,-1.8038e+05
2358,-1.804e+05
2359,-1.8042e+05
3653,-1.8042e+05
2360,-1.8044e+05
2361,-1.8045e+05
2362,-1.8045e+05
2363,-1.8048e+05
2364,-1.8049e+05
2365,-1.805e+05
2366,-1.8051e+05
2367,-1.8053e+05
2368,-1.8053e+05
2369,-1.8056e+05
2370,-1.8056e+05
2371,-1.8061e+05
2372,-1.8064e+05
2373,-1.8066e+05
2374,-1.8068e+05
2375,-1.8068e+05
4269,-1.8069e+05
2376,-1.807e+05
2377,-1.807e+05
2378,-1.8071e+05
4744,-1.8072e+05
2379,-1.8076e+05
2380,-1.8076e+05
2381,-1.8079e+05
2382,-1.8079e+05
2383,-1.808e+05
2384,-1.8084e+05
2385,-1.8085e+05
2386,-1.8087e+05
2387,-1.809e+05
2388,-1.8092e+05
2389,-1.8095e+05
2390,-1.8096e+05
2391,-1.8098e+05
2392,-1.8098e+05
2393,-1.8098e+05
2394,-1.8103e+05
2395,-1.8103e+05
2396,-1.8103e+05
2397,-1.8104e+05
4112,-1.8104e+05
2398,-1.8105e+05
2399,-1.8106e+05
2400,-1.8107e+05
2401,-1.8108e+05
2402,-1.8108e+05
2403,-1.8109e+05
2404,-1.8111e+05
2405,-1.8114e+05
3463,-1.8114e+05
4720,-1.8114e+05
2406,-1.8116e+05
2407,-1.8117e+05
2408,-1.8121e+05
3561,-1.8122e+05
2409,-1.8123e+05
3556,-1.8124e+05
2410,-1.8131e+05
2411,-1.8132e+05
2412,-1.8132e+05
2413,-1.8134e+05
2414,-1.8137e+05
2415,-1.814e+05
2416,-1.814e+05
2417,-1.814e+05
2418,-1.8142e+05
2419,-1.8143e+05
2420,-1.8144e+05
4424,-1.8144e+05
2421,-1.8147e+05
2422,-1.8153e+05
2423,-1.8154e+05
2890,-1.8155e+05
2424,-1.8157e+05
2425,-1.8158e+05
2426,-1.816e+05
2427,-1.8161e+05
2428,-1.8165e+05
3032,-1.8165e+05
2429,-1.8166e+05
2430,-1.8167e+05
2431,-1.8168e+05
2432,-1.8169e+05
2433,-1.8172e+05
2434,-1.8172e+05
2435,-1.8174e+05
2436,-1.8175e+05
2437,-1.8175e+05
2438,-1.8175e+05
2439,-1.8176e+05
2440,-1.8176e+05
2441,-1.8178e+05
2442,-1.818e+05
3158,-1.8181e+05
2443,-1.8182e+05
2444,-1.8184e+05
2445,-1.8184e+05
2446,-1.8185e+05
2447,-1.8186e+05
2448,-1.8186e+05
2449,-1.8187e+05
2450,-1.8189e+05
2451,-1.8191e+05
2452,-1.8194e+05
2453,-1.8195e+05
2454,-1.8197e+05
2455,-1.8201e+05
2456,-1.8202e+05
2457,-1.8203e+05
2458,-1.8204e+05
2459,-1.8206e+05
2460,-1.8208e+05
2461,-1.8209e+05
2462,-1.8211e+05
2463,-1.8213e+05
2464,-1.8214e+05
3670,-1.8216e+05
2465,-1.8217e+05
2466,-1.8219e+05
2467,-1.822e+05
3179,-1.822e+05
2468,-1.8224e+05
3957,-1.8225e+05
2469,-1.8228e+05
2470,-1.8229e+05
2471,-1.823e+05
2472,-1.823e+05
2473,-1.8231e+05
2474,-1.8233e+05
2475,-1.8234e+05
2476,-1.8235e+05
2477,-1.8235e+05
2478,-1.8236e+05
3785,-1.8238e+05
2479,-1.8244e+05
2480,-1.8245e+05
2481,-1.8245e+05
2482,-1.8245e+05
2483,-1.8246e+05
2484,-1.8246e+05
4081,-1.8246e+05
2485,-1.8248e+05
2486,-1.8248e+05
2487,-1.8248e+05
3922,-1.8248e+05
2488,-1.8249e+05
2489,-1.8252e+05
2490,-1.8252e+05
2491,-1.8254e+05
2492,-1.8254e+05
2493,-1.8257e+05
2494,-1.8259e+05
2495,-1.826e+05
2496,-1.8261e+05
3110,-1.8261e+05
2497,-1.8262e+05
2498,-1.8264e+05
2499,-1.8266e+05
2500,-1.8266e+05
3069,-1.8267e+05
2501,-1.8268e+05
2502,-1.8268e+05
2503,-1.8274e+05
2504,-1.8276e+05
2505,-1.8277e+05
2506,-1.8279e+05
2507,-1.8284e+05
2508,-1.8284e+05
2509,-1.8287e+05
2510,-1.8289e+05
2511,-1.8294e+05
2512,-1.8303e+05
2513,-1.8303e+05
2514,-1.8303e+05
2515,-1.8304e+05
2516,-1.8306e+05
2517,-1.8306e+05
2518,-1.8306e+05
2519,-1.8309e+05
2520,-1.8309e+05
2981,-1.831e+05
3011,-1.831e+05
2521,-1.8312e+05
2522,-1.8314e+05
2523,-1.8317e+05
2524,-1.8319e+05
2525,-1.8321e+05
2526,-1.8325e+05
2527,-1.833e+05
2528,-1.833e+05
3652,-1.833e+05
2529,-1.8331e+05
2530,-1.8333e+05
2531,-1.8333e+05
2532,-1.8333e+05
3070,-1.8333e+05
3275,-1.8334e+05
3444,-1.8334e+05
2533,-1.8337e+05
2534,-1.8337e+05
2535,-1.8339e+05
4045,-1.8339e+05
2536,-1.8341e+05
2537,-1.8342e+05
2538,-1.8345e+05
2539,-1.8346e+05
2540,-1.835e+05
2541,-1.8351e+05
2542,-1.8352e+05
2543,-1.8362e+05
2544,-1.8362e+05
2545,-1.8364e+05
3749,-1.8365e+05
2546,-1.8367e+05
2547,-1.8369e+05
2548,-1.8369e+05
2549,-1.8372e+05
2550,-1.8375e+05
2551,-1.8378e+05
2552,-1.8379e+05
2553,-1.8383e+05
2554,-1.8383e+05
2555,-1.8384e+05
3944,-1.8388e+05
2556,-1.839e+05
2557,-1.8392e+05
2558,-1.8392e+05
2559,-1.8393e+05
2560,-1.8393e+05
2561,-1.8395e+05
2562,-1.8398e+05
2563,-1.8398e+05
2564,-1.8401e+05
2565,-1.8406e+05
2566,-1.8406e+05
2567,-1.8407e+05
2568,-1.8409e+05
2569,-1.8411e+05
4352,-1.8412e+05
2570,-1.8413e+05
2571,-1.8414e+05
2572,-1.8415e+05
2573,-1.8417e+05
2574,-1.8417e+05
2575,-1.8418e+05
4429,-1.8418e+05
2576,-1.842e+05
2577,-1.842e+05
2578,-1.842e+05
2579,-1.8423e+05
2580,-1.8424e+05
3648,-1.8426e+05
2581,-1.843e+05
2582,-1.8431e+05
2583,-1.8431e+05
2584,-1.8432e+05
2585,-1.8432e+05
2586,-1.8434e+05
3361,-1.8434e+05
3770,-1.8436e+05
2587,-1.844e+05
2588,-1.8441e+05
2589,-1.8445e+05
2590,-1.8448e+05
2591,-1.8448e+05
2592,-1.8451e+05
2593,-1.8453e+05
2594,-1.8456e+05
2595,-1.846e+05
2910,-1.8461e+05
4236,-1.8462e+05
2596,-1.8463e+05
2597,-1.8463e+05
2598,-1.8465e+05
2599,-1.8465e+05
2600,-1.8468e+05
2601,-1.8469e+05
2602,-1.8473e+05
2603,-1.8477e+05
2604,-1.8479e+05
2605,-1.8479e+05
2606,-1.848e+05
2607,-1.8481e+05
2608,-1.8489e+05
2609,-1.8489e+05
2610,-1.849e+05
2611,-1.8491e+05
2612,-1.8492e+05
2613,-1.8492e+05
2614,-1.8492e+05
2615,-1.8492e+05
2616,-1.8493e+05
2617,-1.8504e+05
2618,-1.8504e+05
2619,-1.8504e+05
2620,-1.8509e+05
2621,-1.851e+05
3168,-1.851e+05
2622,-1.8513e+05
2623,-1.8514e+05
2624,-1.8517e+05
3185,-1.8517e+05
4435,-1.8521e+05
2625,-1.8522e+05
2626,-1.8522e+05
2627,-1.8523e+05
2628,-1.8525e+05
4418,-1.8526e+05
2629,-1.8527e+05
2630,-1.8527e+05
2631,-1.8533e+05
2632,-1.8533e+05
2633,-1.8533e+05
2634,-1.8534e+05
3546,-1.8534e+05
2635,-1.8535e+05
2636,-1.8535e+05
2637,-1.8537e+05
2638,-1.8539e+05
2639,-1.8543e+05
2640,-1.8544e+05
2641,-1.8544e+05
2642,-1.8545e+05
2643,-1.8546e+05
2644,-1.8546e+05
2645,-1.8547e+05
2646,-1.8549e+05
2647,-1.855e+05
2648,-1.8551e+05
2649,-1.8555e+05
3181,-1.8556e+05
2650,-1.8559e+05
3869,-1.8561e+05
2651,-1.8562e+05
2652,-1.8562e+05
2653,-1.8563e+05
2654,-1.8568e+05
2655,-1.8569e+05
2656,-1.8571e+05
2657,-1.8573e+05
2658,-1.8573e+05
2659,-1.8574e+05
2660,-1.8575e+05
2661,-1.8576e+05
2662,-1.8577e+05
2663,-1.8577e+05
2664,-1.8578e+05
2665,-1.8578e+05
3868,-1.8579e+05
2666,-1.8581e+05
2667,-1.8582e+05
2668,-1.8585e+05
2669,-1.8587e+05
2670,-1.8588e+05
2671,-1.859e+05
2672,-1.8595e+05
2673,-1.8595e+05
2674,-1.8601e+05
2675,-1.8602e+05
2676,-1.8604e+05
2677,-1.8604e+05
2678,-1.8604e+05
2679,-1.8605e+05
2680,-1.861e+05
2681,-1.8613e+05
2682,-1.8613e+05
2683,-1.8614e+05
3479,-1.8615e+05
2684,-1.8616e+05
2685,-1.8616e+05
3765,-1.8617e+05
2686,-1.8618e+05
3355,-1.8618e+05
2687,-1.8619e+05
2688,-1.8619e+05
2689,-1.8621e+05
2690,-1.8621e+05
2691,-1.8621e+05
2692,-1.8624e+05
2693,-1.8625e+05
2694,-1.8625e+05
2695,-1.8628e+05
2696,-1.8631e+05
2697,-1.8632e+05
2698,-1.8633e+05
2699,-1.8635e+05
2700,-1.8639e+05
2701,-1.864e+05
3508,-1.8646e+05
2702,-1.8647e+05
2703,-1.8648e+05
2704,-1.8651e+05
2705,-1.8653e+05
2706,-1.8654e+05
2707,-1.8655e+05
2708,-1.8657e+05
2709,-1.8657e+05
2710,-1.8658e+05
3598,-1.8658e+05
2711,-1.8659e+05
2712,-1.866e+05
2713,-1.8662e+05
2714,-1.8663e+05
2715,-1.8665e+05
4096,-1.8665e+05
2716,-1.8668e+05
2717,-1.867e+05
2718,-1.8674e+05
2719,-1.8674e+05
2720,-1.8674e+05
2721,-1.868e+05
2722,-1.868e+05
2723,-1.8682e+05
2724,-1.8683e+05
2725,-1.8686e+05
2726,-1.8686e+05
2727,-1.8686e+05
4386,-1.8686e+05
2728,-1.8689e+05
2729,-1.8689e+05
2730,-1.869e+05
2731,-1.8694e+05
2732,-1.8695e+05
2733,-1.8695e+05
2734,-1.8697e+05
2735,-1.8699e+05
2736,-1.8699e+05
2737,-1.8702e+05
2738,-1.8703e+05
2739,-1.8704e+05
2740,-1.8706e+05
2741,-1.8707e+05
2742,-1.8707e+05
2743,-1.8707e+05
2744,-1.8708e+05
2745,-1.8716e+05
4568,-1.8717e+05
2746,-1.8719e+05
2747,-1.8721e+05
2748,-1.8722e+05
2749,-1.8725e+05
4740,-1.8728e+05
2750,-1.8729e+05
2751,-1.8731e+05
2752,-1.8731e+05
4658,-1.8732e+05
2753,-1.8734e+05
2754,-1.8734e+05
2755,-1.8734e+05
2756,-1.8735e+05
2757,-1.8736e+05
2758,-1.8738e+05
2759,-1.8739e+05
2760,-1.8741e+05
2761,-1.8741e+05
2762,-1.8741e+05
2763,-1.8743e+05
2764,-1.8745e+05
2765,-1.8745e+05
3691,-1.8746e+05
2766,-1.8751e+05
2767,-1.8753e+05
2768,-1.8757e+05
2769,-1.8759e+05
2770,-1.8768e+05
2771,-1.8769e+05
2772,-1.8775e+05
2773,-1.8776e+05
2774,-1.8779e+05
2775,-1.8779e+05
2776,-1.8781e+05
2777,-1.8785e+05
2778,-1.8785e+05
2779,-1.8786e+05
2780,-1.8787e+05
2781,-1.8787e+05
2782,-1.8788e+05
2783,-1.879e+05
2784,-1.879e+05
3047,-1.8792e+05
2785,-1.8794e+05
2786,-1.8799e+05
2787,-1.8801e+05
2788,-1.8801e+05
2789,-1.8802e+05
4672,-1.8802e+05
2790,-1.8803e+05
2791,-1.8803e+05
2792,-1.8804e+05
2793,-1.8804e+05
2794,-1.8805e+05
2795,-1.881e+05
2796,-1.8811e+05
2797,-1.8811e+05
2798,-1.8812e+05
2799,-1.8814e+05
2800,-1.8816e+05
3507,-1.8817e+05
2801,-1.8819e+05
2802,-1.8819e+05
2803,-1.882e+05
4508,-1.8821e+05
2804,-1.8823e+05
2805,-1.8828e+05
3737,-1.8831e+05
3897,-1.8834e+05
2806,-1.8835e+05
2807,-1.8835e+05
2808,-1.8837e+05
4609,-1.8837e+05
2809,-1.8839e+05
2810,-1.8841e+05
2811,-1.8841e+05
2812,-1.8842e+05
3410,-1.8845e+05
2813,-1.8847e+05
2814,-1.8849e+05
2815,-1.8849e+05
2816,-1.8853e+05
2817,-1.8856e+05
4693,-1.8856e+05
2818,-1.8858e+05
2819,-1.886e+05
2820,-1.8861e+05
2821,-1.8865e+05
2822,-1.8866e+05
2823,-1.8869e+05
2824,-1.8869e+05
2825,-1.887e+05
2826,-1.8871e+05
2827,-1.8873e+05
2828,-1.8874e+05
2829,-1.8874e+05
2830,-1.8875e+05
2831,-1.8877e+05
2832,-1.8877e+05
2833,-1.8879e+05
4778,-1.8879e+05
2834,-1.888e+05
2835,-1.8885e+05
2836,-1.8885e+05
2837,-1.8887e+05
2838,-1.8887e+05
2839,-1.8889e+05
2840,-1.8893e+05
4105,-1.8893e+05
2841,-1.8898e+05
2842,-1.89e+05
2843,-1.8901e+05
2844,-1.8903e+05
2845,-1.8908e+05
2846,-1.8909e+05
2847,-1.8911e+05
2848,-1.8915e+05
2849,-1.8916e+05
2850,-1.8917e+05
2851,-1.8921e+05
2852,-1.8923e+05
2853,-1.8923e+05
2854,-1.8923e+05
2855,-1.8924e+05
2856,-1.8925e+05
2857,-1.8925e+05
2858,-1.8926e+05
2859,-1.8927e+05
2860,-1.8929e+05
2861,-1.893e+05
2862,-1.893e+05
2863,-1.8937e+05
2864,-1.8939e+05
2865,-1.8942e+05
2866,-1.8943e+05
2867,-1.8944e+05
3591,-1.8946e+05
2868,-1.8949e+05
2869,-1.8949e+05
2870,-1.8953e+05
2871,-1.8955e+05
2872,-1.8958e+05
2873,-1.8964e+05
2874,-1.8964e+05
2945,-1.8964e+05
2875,-1.8965e+05
2876,-1.8967e+05
3015,-1.8968e+05
2877,-1.897e+05
2878,-1.8971e+05
2879,-1.8982e+05
2880,-1.8985e+05
2917,-1.9009e+05
4201,-1.9019e+05
4562,-1.9025e+05
3057,-1.9029e+05
4177,-1.904e+05
3937,-1.905e+05
3416,-1.9058e+05
4311,-1.9065e+05
3981,-1.9095e+05
2977,-1.9108e+05
3228,-1.9134e+05
4730,-1.9142e+05
3704,-1.9149e+05
4588,-1.9154e+05
3083,-1.9163e+05
4539,-1.9178e+05
4604,-1.9188e+05
4366,-1.9216e+05
3634,-1.922e+05
2974,-1.9238e+05
4699,-1.9284e+05
3055,-1.9291e+05
4226,-1.9294e+05
3891,-1.9297e+05
3746,-1.932e+05
3570,-1.9344e+05
3198,-1.9345e+05
4353,-1.9346e+05
4365,-1.9389e+05
4160,-1.9395e+05
2916,-1.9403e+05
4103,-1.9473e+05
3559,-1.9542e+05
3626,-1.9563e+05
3442,-1.9569e+05
3025,-1.9571e+05
3049,-1.9575e+05
2906,-1.9581e+05
4095,-1.9616e+05
3219,-1.9624e+05
4593,-1.9628e+05
4066,-1.9644e+05
4666,-1.9652e+05
4705,-1.9664e+05
3725,-1.9695e+05
4692,-1.9741e+05
4446,-1.9802e+05
3690,-1.9804e+05
3534,-1.9832e+05
3194,-1.9861e+05
3815,-1.9867e+05
3285,-1.9883e+05
3021,-1.9885e+05
3978,-1.9885e+05
4625,-1.9888e+05
4669,-1.991e+05
2900,-1.9916e+05
3618,-1.9934e+05
3058,-1.9975e+05
3013,-1.9998e+05
3787,-2.0021e+05
3889,-2.0039e+05
3222,-2.0085e+05
3522,-2.0106e+05
3916,-2.0125e+05
3051,-2.0132e+05
3054,-2.0161e+05
3356,-2.0168e+05
3762,-2.0171e+05
4123,-2.018e+05
3585,-2.0207e+05
4380,-2.0236e+05
3703,-2.024e+05
3778,-2.0257e+05
3371,-2.0284e+05
2912,-2.0297e+05
4697,-2.0298e+05
3427,-2.03e+05
4023,-2.0344e+05
3695,-2.0363e+05
3482,-2.0381e+05
3674,-2.0384e+05
2923,-2.0468e+05
2889,-2.0477e+05
3908,-2.0496e+05
3089,-2.0526e+05
3038,-2.0537e+05
3280,-2.0545e+05
4406,-2.0571e+05
4141,-2.0578e+05
3539,-2.0581e+05
3128,-2.0594e+05
4686,-2.0603e+05
3206,-2.0657e+05
3244,-2.0674e+05
3441,-2.069e+05
4253,-2.0784e+05
3567,-2.0793e+05
3927,-2.0799e+05
4615,-2.0807e+05
2953,-2.0815e+05
3915,-2.083e+05
3094,-2.0831e+05
3300,-2.0855e+05
3478,-2.0883e+05
4448,-2.0896e+05
4614,-2.0897e+05
3370,-2.0936e+05
4195,-2.094e+05
3527,-2.0962e+05
4057,-2.0973e+05
4631,-2.0975e+05
4262,-2.0985e+05
3147,-2.0991e+05
4167,-2.0992e+05
3612,-2.1012e+05
4375,-2.1018e+05
3140,-2.1034e+05
4357,-2.1058e+05
3894,-2.1068e+05
2984,-2.111e+05
4200,-2.1204e+05
3001,-2.1242e+05
3115,-2.1245e+05
4348,-2.1261e+05
4573,-2.1279e+05
3268,-2.1296e+05
3720,-2.1311e+05
4409,-2.1315e+05
4617,-2.133e+05
3917,-2.1342e+05
3358,-2.1363e+05
3992,-2.1387e+05
3096,-2.1406e+05
3397,-2.1421e+05
4549,-2.1479e+05
3401,-2.1489e+05
3126,-2.149e+05
3092,-2.1508e+05
3865,-2.1511e+05
3003,-2.1541e+05
4287,-2.1574e+05
3838,-2.1585e+05
4013,-2.1596e+05
2969,-2.1613e+05
3766,-2.162e+05
4620,-2.1628e+05
4459,-2.1666e+05
3210,-2.1671e+05
4296,-2.1688e+05
4356,-2.172e+05
4674,-2.1728e+05
3121,-2.1735e+05
3328,-2.1745e+05
3305,-2.177e+05
3018,-2.1796e+05
4710,-2.1803e+05
4489,-2.1806e+05
4326,-2.1843e+05
3029,-2.1859e+05
3899,-2.1894e+05
3395,-2.1923e+05
3343,-2.1927e+05
4742,-2.1933e+05
2975,-2.197e+05
3172,-2.1995e+05
3672,-2.2055e+05
3436,-2.2082e+05
3247,-2.2086e+05
3026,-2.2095e+05
3497,-2.2109e+05
3565,-2.2113e+05
3327,-2.214e+05
3578,-2.2142e+05
3101,-2.2165e+05
4025,-2.2167e+05
3854,-2.2175e+05
3234,-2.218e+05
3046,-2.2203e+05
3940,-2.2208e+05
3357,-2.2252e+05
3332,-2.2301e+05
4711,-2.2318e+05
2903,-2.2322e+05
3809,-2.2329e+05
4172,-2.2333e+05
4444,-2.2338e+05
4423,-2.2342e+05
3460,-2.2355e+05
4430,-2.2361e+05
3183,-2.2372e+05
2954,-2.24e+05
3488,-2.2407e+05
4244,-2.2428e+05
4202,-2.2501e+05
4171,-2.2503e+05
4237,-2.2507e+05
3636,-2.2549e+05
3754,-2.2568e+05
4463,-2.2577e+05
3424,-2.2584e+05
3315,-2.2619e+05
3665,-2.2665e+05
4682,-2.2704e+05
4084,-2.271e+05
3521,-2.2732e+05
3832,-2.2791e+05
3131,-2.2817e+05
3932,-2.2824e+05
3571,-2.2854e+05
4183,-2.2859e+05
4654,-2.2894e+05
2914,-2.2929e+05
3786,-2.2953e+05
4698,-2.3012e+05
3796,-2.3022e+05
3398,-2.3027e+05
3499,-2.3041e+05
3440,-2.3053e+05
4533,-2.3077e+05
3080,-2.3078e+05
3420,-2.3081e+05
3798,-2.3087e+05
4709,-2.3088e+05
4758,-2.3092e+05
3048,-2.3118e+05
4503,-2.3127e+05
3628,-2.3133e+05
4506,-2.3173e+05
3759,-2.3194e+05
3828,-2.3205e+05
3896,-2.3231e+05
3784,-2.3232e+05
4053,-2.3237e+05
4753,-2.3323e+05
3445,-2.3357e+05
4342,-2.3357e+05
3125,-2.3374e+05
3842,-2.3379e+05
3711,-2.3425e+05
2928,-2.3437e+05
3680,-2.3442e+05
4331,-2.3445e+05
4679,-2.3462e+05
4383,-2.3472e+05
4234,-2.35e+05
4334,-2.3516e+05
3744,-2.3519e+05
3113,-2.354e+05
4547,-2.3541e+05
3336,-2.3543e+05
4049,-2.3553e+05
2884,-2.3559e+05
4632,-2.3569e+05
4786,-2.3569e+05
2898,-2.3581e+05
4116,-2.367e+05
4306,-2.3693e+05
4248,-2.3694e+05
4294,-2.3715e+05
3050,-2.3739e+05
3671,-2.376e+05
2892,-2.3774e+05
3834,-2.3801e+05
3117,-2.3803e+05
3699,-2.3837e+05
2926,-2.3847e+05
3716,-2.3849e+05
3748,-2.3871e+05
3418,-2.3895e+05
3987,-2.3899e+05
4581,-2.3917e+05
2993,-2.3961e+05
4479,-2.3965e+05
3236,-2.4027e+05
3489,-2.4031e+05
4159,-2.4044e+05
3979,-2.4054e+05
4707,-2.406e+05
2909,-2.4064e+05
4592,-2.4109e+05
3837,-2.4116e+05
4212,-2.4131e+05
4528,-2.4159e+05
4750,-2.4166e+05
3253,-2.4191e+05
3464,-2.4191e+05
3709,-2.4205e+05
3994,-2.4205e+05
3209,-2.4208e+05
4553,-2.4257e+05
3547,-2.4289e+05
3970,-2.4333e+05
3924,-2.4339e+05
4019,-2.4401e+05
3678,-2.4427e+05
4211,-2.4464e+05
3956,-2.4523e+05
4599,-2.4591e+05
3033,-2.4594e+05
4571,-2.4633e+05
4466,-2.4642e+05
3073,-2.4661e+05
4314,-2.469e+05
2973,-2.4733e+05
4000,-2.4734e+05
4209,-2.4739e+05
4397,-2.4766e+05
3929,-2.4804e+05
3249,-2.4831e+05
3064,-2.4839e+05
3084,-2.485e+05
3998,-2.4869e+05
4596,-2.4871e+05
3111,-2.4884e+05
4281,-2.4896e+05
3215,-2.491e+05
3187,-2.4927e+05
4130,-2.4928e+05
3208,-2.4932e+05
3597,-2.4941e+05
2946,-2.4955e+05
3141,-2.4998e+05
4241,-2.5004e+05
3498,-2.5018e+05
3685,-2.5048e+05
4093,-2.5064e+05
4373,-2.5064e+05
2897,-2.5082e+05
3761,-2.5097e+05
4741,-2.511e+05
4723,-2.5123e+05
4434,-2.5125e+05
4285,-2.5131e+05
3724,-2.5159e+05
3290,-2.5197e+05
3450,-2.5218e+05
3412,-2.5247e+05
3739,-2.5247e+05
3122,-2.5251e+05
3467,-2.5269e+05
3322,-2.5274e+05
2899,-2.53e+05
4445,-2.5316e+05
4648,-2.535e+05
3524,-2.5391e+05
4205,-2.5465e+05
3569,-2.5473e+05
4754,-2.5505e+05
3462,-2.5527e+05
3715,-2.5562e+05
4396,-2.5584e+05
3965,-2.5585e+05
4015,-2.5598e+05
4076,-2.5602e+05
2965,-2.5605e+05
4164,-2.5608e+05
3863,-2.5652e+05
3406,-2.5661e+05
3745,-2.5676e+05
4399,-2.5706e+05
3959,-2.573e+05
4321,-2.5737e+05
4756,-2.574e+05
3002,-2.58e+05
4320,-2.5804e+05
3388,-2.5828e+05
2979,-2.585e+05
3656,-2.5856e+05
3951,-2.586e+05
3184,-2.5872e+05
3317,-2.5878e+05
3827,-2.5883e+05
4317,-2.592e+05
4094,-2.5923e+05
3052,-2.5927e+05
4662,-2.5971e+05
4008,-2.5996e+05
3409,-2.5998e+05
3650,-2.6019e+05
3609,-2.6029e+05
4637,-2.6065e+05
4335,-2.6067e+05
3627,-2.6108e+05
3846,-2.6151e+05
3260,-2.6161e+05
3177,-2.618e+05
4060,-2.6181e+05
4534,-2.6193e+05
3344,-2.6214e+05
3403,-2.6259e+05
4608,-2.626e+05
4289,-2.6316e+05
3536,-2.6323e+05
4420,-2.6476e+05
4727,-2.6499e+05
3659,-2.6505e+05
3986,-2.6508e+05
4425,-2.6509e+05
3642,-2.6539e+05
4605,-2.6543e+05
4441,-2.6619e+05
3020,-2.6635e+05
4239,-2.6643e+05
3898,-2.6702e+05
3295,-2.6731e+05
3791,-2.6763e+05
4428,-2.6792e+05
3391,-2.6809e+05
4182,-2.6831e+05
3119,-2.6835e+05
2929,-2.6842e+05
4252,-2.6854e+05
4520,-2.6873e+05
4587,-2.6961e+05
3223,-2.6965e+05
4701,-2.6991e+05
4775,-2.6996e+05
3857,-2.7001e+05
3723,-2.7006e+05
4601,-2.7029e+05
3017,-2.705e+05
3664,-2.7079e+05
3098,-2.7117e+05
3030,-2.7143e+05
4468,-2.7144e+05
3710,-2.7167e+05
4387,-2.7171e+05
2921,-2.7189e+05
4336,-2.7197e+05
3272,-2.7213e+05
4071,-2.7226e+05
3384,-2.7281e+05
3289,-2.7291e+05
4680,-2.7306e+05
3238,-2.7315e+05
4142,-2.7354e+05
3367,-2.7371e+05
3066,-2.7372e+05
4034,-2.7379e+05
3856,-2.7425e+05
4580,-2.7442e+05
3681,-2.7467e+05
4527,-2.747e+05
4653,-2.7486e+05
3752,-2.7487e+05
3380,-2.7501e+05
2893,-2.752e+05
3639,-2.7553e+05
4227,-2.757e+05
3028,-2.7574e+05
3072,-2.7597e+05
4675,-2.7612e+05
3632,-2.7642e+05
2922,-2.7643e+05
3971,-2.7723e+05
4206,-2.7735e+05
4772,-2.7735e+05
4766,-2.7759e+05
3901,-2.779e+05
4350,-2.7793e+05
4603,-2.7806e+05
2961,-2.7829e+05
4496,-2.7877e+05
4602,-2.7889e+05
3439,-2.7896e+05
3700,-2.7904e+05
4800,-2.7939e+05
4011,-2.7942e+05
3429,-2.8002e+05
3129,-2.8019e+05
2891,-2.8037e+05
3375,-2.8045e+05
2882,-2.8086e+05
3422,-2.8087e+05
2895,-2.8099e+05
4613,-2.8103e+05
4136,-2.8151e+05
3909,-2.8181e+05
3258,-2.8189e+05
3658,-2.8219e+05
4400,-2.8235e+05
3727,-2.8269e+05
3364,-2.8271e+05
4570,-2.8272e+05
3573,-2.8274e+05
4523,-2.8287e+05
3698,-2.8295e+05
3334,-2.8327e+05
4388,-2.8344e+05
3848,-2.835e+05
3233,-2.8362e+05
3760,-2.8392e+05
4597,-2.8419e+05
3483,-2.8423e+05
3550,-2.8423e+05
3826,-2.8433e+05
4189,-2.8441e+05
3173,-2.8599e+05
4453,-2.8601e+05
3781,-2.8608e+05
4207,-2.8617e+05
3309,-2.8622e+05
3165,-2.8646e+05
3679,-2.8691e+05
3995,-2.8727e+05
4764,-2.8727e+05
3718,-2.8735e+05
4088,-2.8749e+05
3010,-2.8775e+05
4586,-2.8831e+05
4259,-2.8865e+05
3516,-2.893e+05
3575,-2.8939e+05
3351,-2.8956e+05
4355,-2.897e+05
3890,-2.8988e+05
3340,-2.902e+05
3647,-2.9048e+05
3242,-2.9063e+05
4229,-2.9072e+05
3433,-2.9073e+05
4133,-2.9074e+05
4118,-2.9203e+05
2936,-2.9252e+05
3453,-2.9254e+05
4634,-2.9285e+05
3138,-2.9288e+05
4535,-2.9326e+05
3376,-2.9341e+05
3705,-2.9345e+05
3007,-2.9358e+05
4497,-2.9388e+05
3907,-2.9475e+05
3127,-2.9501e+05
4113,-2.9501e+05
3931,-2.956e+05
3822,-2.9566e+05
3961,-2.9617e+05
4779,-2.9632e+05
2942,-2.9633e+05
4512,-2.9655e+05
4004,-2.9692e+05
4193,-2.9727e+05
4556,-2.9727e+05
3217,-2.9728e+05
3491,-2.9765e+05
3514,-2.9788e+05
3660,-2.9943e+05
4378,-2.9967e+05
3520,-2.9987e+05
3120,-3.0053e+05
3075,-3.0083e+05
3449,-3.0116e+05
3579,-3.0127e+05
3107,-3.015e+05
4254,-3.0178e+05
3910,-3.0199e+05
4194,-3.0225e+05
3722,-3.0353e+05
3771,-3.0401e+05
4381,-3.0411e+05
3742,-3.0429e+05
2938,-3.0464e+05
3221,-3.0488e+05
3580,-3.054e+05
4395,-3.0542e+05
3973,-3.0612e+05
4389,-3.0616e+05
2991,-3.0627e+05
3428,-3.0686e+05
4733,-3.0689e+05
3342,-3.0708e+05
4092,-3.0719e+05
4646,-3.0731e+05
2924,-3.0738e+05
3607,-3.0795e+05
3277,-3.0845e+05
3338,-3.0891e+05
3872,-3.0916e+05
4125,-3.1002e+05
3999,-3.1022e+05
4519,-3.1041e+05
4043,-3.1054e+05
4670,-3.1087e+05
3677,-3.1094e+05
4415,-3.1125e+05
4665,-3.1136e+05
4135,-3.1137e+05
4154,-3.1152e+05
3537,-3.1158e+05
4639,-3.116e+05
2988,-3.1166e+05
4349,-3.1175e+05
4455,-3.1205e+05
4458,-3.1261e+05
3740,-3.1287e+05
4490,-3.1303e+05
4232,-3.1311e+05
4449,-3.1313e+05
3871,-3.1351e+05
3962,-3.1361e+05
3123,-3.1369e+05
2888,-3.139e+05
3154,-3.1408e+05
4790,-3.1411e+05
4290,-3.1423e+05
3282,-3.1434e+05
4673,-3.1496e+05
4796,-3.1497e+05
4137,-3.1521e+05
3480,-3.1538e+05
4027,-3.1545e+05
3099,-3.1571e+05
4235,-3.1585e+05
3554,-3.1614e+05
3525,-3.1641e+05
4086,-3.1675e+05
3407,-3.1696e+05
4440,-3.172e+05
3821,-3.174e+05
4230,-3.1753e+05
4793,-3.1758e+05
2964,-3.1759e+05
3925,-3.1786e+05
4394,-3.1831e+05
3649,-3.1835e+05
3374,-3.188e+05
3245,-3.1884e+05
4719,-3.1906e+05
4769,-3.1932e+05
2943,-3.1944e+05
3631,-3.1967e+05
4407,-3.1969e+05
4258,-3.2032e+05
4016,-3.2069e+05
4485,-3.2081e+05
4210,-3.2101e+05
4276,-3.2118e+05
3769,-3.2144e+05
4292,-3.2148e+05
3593,-3.2151e+05
3360,-3.2161e+05
4471,-3.2163e+05
3214,-3.2243e+05
4087,-3.2267e+05
4082,-3.2296e+05
3735,-3.2327e+05
3337,-3.2412e+05
3849,-3.2445e+05
3996,-3.245e+05
3470,-3.2454e+05
3331,-3.247e+05
4770,-3.2534e+05
3611,-3.2549e+05
3306,-3.2562e+05
3461,-3.2583e+05
4102,-3.2583e+05
3009,-3.2601e+05
4436,-3.2618e+05
3104,-3.2647e+05
3651,-3.2669e+05
3193,-3.2673e+05
3005,-3.268e+05
3731,-3.2702e+05
4325,-3.2724e+05
4590,-3.2731e+05
3946,-3.2782e+05
3852,-3.2788e+05
3400,-3.285e+05
3669,-3.2876e+05
4219,-3.2876e+05
4178,-3.2889e+05
3455,-3.3045e+05
3493,-3.306e+05
3988,-3.313e+05
4075,-3.316e+05
3706,-3.3185e+05
4192,-3.3236e+05
3399,-3.3256e+05
3134,-3.3258e+05
3775,-3.3288e+05
3600,-3.3379e+05
3757,-3.3436e+05
4543,-3.3489e+05
3792,-3.3508e+05
3780,-3.3521e+05
4465,-3.3616e+05
3042,-3.3634e+05
4117,-3.3642e+05
3302,-3.3719e+05
4757,-3.3791e+05
3211,-3.38e+05
4419,-3.3815e+05
4472,-3.3817e+05
3256,-3.3918e+05
3616,-3.3948e+05
4433,-3.3996e+05
3307,-3.4002e+05
4106,-3.4013e+05
4022,-3.4023e+05
4612,-3.4038e+05
3687,-3.4044e+05
4737,-3.4067e+05
4039,-3.4084e+05
4575,-3.4132e+05
3267,-3.4147e+05
4048,-3.4157e+05
3144,-3.4176e+05
3935,-3.4186e+05
3152,-3.4191e+05
4515,-3.4195e+05
4367,-3.4273e+05
4127,-3.43e+05
3515,-3.4301e+05
4282,-3.4321e+05
4450,-3.4323e+05
4243,-3.4405e+05
3509,-3.4433e+05
3563,-3.4436e+05
4546,-3.4499e+05
4036,-3.457e+05
3736,-3.463e+05
4683,-3.4654e+05
4509,-3.4656e+05
3176,-3.4685e+05
2951,-3.4691e+05
4346,-3.4697e+05
4158,-3.4722e+05
3601,-3.4799e+05
4301,-3.4807e+05
4263,-3.4838e+05
4671,-3.4841e+05
3738,-3.4843e+05
4561,-3.4845e+05
3490,-3.4882e+05
3714,-3.4914e+05
4264,-3.4992e+05
4576,-3.5058e+05
3405,-3.5068e+05
3105,-3.5097e+05
3157,-3.5115e+05
3955,-3.5131e+05
3474,-3.5251e+05
2985,-3.5266e+05
3819,-3.5285e+05
3921,-3.5321e+05
3805,-3.5368e+05
3867,-3.5401e+05
3079,-3.546e+05
3149,-3.5469e+05
3880,-3.5479e+05
3419,-3.5539e+05
4303,-3.5616e+05
4315,-3.5628e+05
4031,-3.5631e+05
4649,-3.5643e+05
4544,-3.5685e+05
3062,-3.5712e+05
4781,-3.5713e+05
4161,-3.5733e+05
4661,-3.5747e+05
4293,-3.5789e+05
3594,-3.5791e+05
4684,-3.5817e+05
3197,-3.5827e+05
2886,-3.5848e+05
3654,-3.5864e+05
3261,-3.5871e+05
3068,-3.5961e+05
4319,-3.5991e+05
3646,-3.6038e+05
4797,-3.6042e+05
2919,-3.6056e+05
2907,-3.608e+05
4545,-3.609e+05
3320,-3.6163e+05
4179,-3.6175e+05
4795,-3.6201e+05
4410,-3.6205e+05
4215,-3.6228e+05
3496,-3.6231e+05
3008,-3.6246e+05
4706,-3.6279e+05
4156,-3.628e+05
3383,-3.6297e+05
4018,-3.6314e+05
3359,-3.64e+05
3314,-3.6415e+05
3972,-3.6477e+05
4286,-3.6481e+05
2896,-3.6503e+05
3363,-3.6515e+05
3683,-3.6518e+05
4467,-3.6646e+05
4755,-3.6653e+05
4491,-3.671e+05
3541,-3.6721e+05
3732,-3.6727e+05
3385,-3.6731e+05
4780,-3.6735e+05
4595,-3.6754e+05
3985,-3.6758e+05
4598,-3.6765e+05
3434,-3.6773e+05
3866,-3.6773e+05
3974,-3.6809e+05
3313,-3.6818e+05
4641,-3.6845e+05
2956,-3.6872e+05
4627,-3.69e+05
4421,-3.6921e+05
3037,-3.6946e+05
4267,-3.6954e+05
3830,-3.6976e+05
4585,-3.7081e+05
4322,-3.7121e+05
3558,-3.7126e+05
4208,-3.7126e+05
2959,-3.7187e+05
4417,-3.7211e+05
3174,-3.7228e+05
3347,-3.7275e+05
4694,-3.7286e+05
3086,-3.7346e+05
4792,-3.7356e+05
4046,-3.7439e+05
3297,-3.7461e+05
3081,-3.7489e+05
3839,-3.753e+05
3774,-3.7535e+05
4083,-3.7539e+05
4439,-3.7555e+05
4412,-3.7602e+05
4478,-3.7695e+05
4717,-3.7704e+05
4217,-3.7745e+05
4651,-3.7768e+05
4266,-3.78e+05
3713,-3.7808e+05
3583,-3.7811e+05
4437,-3.7831e+05
3456,-3.7851e+05
4150,-3.7944e+05
3881,-3.7977e+05
4169,-3.7989e+05
3090,-3.8014e+05
4220,-3.8024e+05
3614,-3.8043e+05
3150,-3.8048e+05
3097,-3.8055e+05
4516,-3.8074e+05
3885,-3.8096e+05
3793,-3.8111e+05
3291,-3.8117e+05
3006,-3.8119e+05
4062,-3.8151e+05
3230,-3.8173e+05
4026,-3.819e+05
3855,-3.8193e+05
3294,-3.8211e+05
4749,-3.8231e+05
3310,-3.8304e+05
2937,-3.8327e+05
4216,-3.8343e+05
3004,-3.8369e+05
4247,-3.8383e+05
4187,-3.8414e+05
3468,-3.8423e+05
4789,-3.8433e+05
4028,-3.8439e+05
4070,-3.8474e+05
2933,-3.8475e+05
3823,-3.8483e+05
3457,-3.8526e+05
3408,-3.8553e+05
3877,-3.8554e+05
3803,-3.8557e+05
4507,-3.8646e+05
4688,-3.867e+05
4791,-3.8689e+05
3960,-3.8712e+05
4006,-3.8774e+05
3975,-3.878e+05
4114,-3.8783e+05
3892,-3.884e+05
4257,-3.8849e+05
3582,-3.8851e+05
2887,-3.8917e+05
4055,-3.8927e+05
4270,-3.8982e+05
3108,-3.9059e+05
4044,-3.9081e+05
3329,-3.917e+05
3443,-3.919e+05
4656,-3.919e+05
4542,-3.9206e+05
3777,-3.9223e+05
4153,-3.9274e+05
3386,-3.9278e+05
3023,-3.9283e+05
4401,-3.9294e+05
3335,-3.9313e+05
3949,-3.9325e+05
4505,-3.9352e+05
3333,-3.9372e+05
4128,-3.9383e+05
3286,-3.9386e+05
4377,-3.9407e+05
3624,-3.9439e+05
3663,-3.9444e+05
4134,-3.9449e+05
3953,-3.9478e+05
3812,-3.9483e+05
3137,-3.957e+05
3466,-3.957e+05
4559,-3.9585e+05
4728,-3.9616e+05
3103,-3.9692e+05
2935,-3.971e+05
2934,-3.9717e+05
3941,-3.9731e+05
3836,-3.9757e+05
3645,-3.9793e+05
4431,-3.9816e+05
3469,-3.9829e+05
3216,-3.988e+05
3201,-3.9946e+05
4324,-3.9988e+05
3635,-4.0004e+05
3519,-4.0046e+05
4176,-4.0074e+05
3619,-4.0109e+05
4504,-4.0147e+05
3095,-4.0253e+05
3531,-4.0266e+05
3269,-4.0305e+05
4798,-4.0325e+05
3326,-4.0326e+05
3622,-4.0347e+05
4278,-4.0365e+05
3595,-4.0397e+05
2999,-4.0456e+05
3913,-4.0462e+05
3526,-4.0486e+05
3078,-4.0524e+05
3673,-4.0577e+05
4089,-4.0643e+05
4473,-4.069e+05
3904,-4.0764e+05
4340,-4.0797e+05
4725,-4.0811e+05
3511,-4.0812e+05
4308,-4.0878e+05
3717,-4.0941e+05
3036,-4.096e+05
4426,-4.0961e+05
4483,-4.0964e+05
3799,-4.1008e+05
3934,-4.1013e+05
4032,-4.1045e+05
3255,-4.1079e+05
3259,-4.1081e+05
4145,-4.1096e+05
4374,-4.1115e+05
3510,-4.1189e+05
3577,-4.1189e+05
4323,-4.1233e+05
3893,-4.1238e+05
3318,-4.1251e+05
3354,-4.1255e+05
4532,-4.1264e+05
3369,-4.127e+05
3743,-4.1311e+05
3684,-4.1316e+05
4040,-4.1317e+05
4030,-4.1341e+05
3666,-4.1348e+05
4743,-4.1445e+05
4462,-4.1494e+05
3701,-4.1508e+05
4222,-4.1515e+05
4218,-4.1521e+05
3308,-4.1522e+05
4402,-4.1545e+05
4572,-4.1575e+05
4657,-4.1586e+05
4438,-4.1588e+05
4354,-4.1596e+05
3381,-4.1618e+05
3071,-4.1621e+05
3494,-4.1654e+05
3980,-4.1667e+05
3712,-4.167e+05
4398,-4.1695e+05
3668,-4.1719e+05
4460,-4.1723e+05
3928,-4.1731e+05
2963,-4.1782e+05
3235,-4.1869e+05
3850,-4.1881e+05
4168,-4.1929e+05
4037,-4.1978e+05
4443,-4.2013e+05
4073,-4.2031e+05
4747,-4.2053e+05
4643,-4.2068e+05
4313,-4.2073e+05
3606,-4.2087e+05
2905,-4.2105e+05
4197,-4.2124e+05
4360,-4.2129e+05
4495,-4.2136e+05
4762,-4.223e+05
4577,-4.2242e+05
3366,-4.2352e+05
4382,-4.2358e+05
4702,-4.2367e+05
3279,-4.238e+05
2911,-4.2388e+05
4051,-4.2447e+05
3330,-4.2472e+05
3911,-4.2534e+05
3240,-4.2539e+05
3199,-4.2542e+05
3171,-4.2558e+05
3630,-4.2592e+05
4700,-4.2613e+05
3237,-4.2614e+05
2944,-4.2615e+05
3562,-4.2638e+05
4163,-4.2664e+05
4738,-4.2781e+05
4510,-4.2846e+05
3644,-4.2847e+05
2972,-4.2906e+05
4574,-4.2914e+05
3085,-4.2948e+05
3936,-4.3022e+05
3299,-4.3092e+05
2980,-4.3128e+05
3421,-4.3129e+05
3824,-4.3161e+05
3220,-4.319e+05
4452,-4.3201e+05
2902,-4.3298e+05
4751,-4.3315e+05
3016,-4.3321e+05
3292,-4.3351e+05
4765,-4.3354e+05
4785,-4.3363e+05
3076,-4.3371e+05
4647,-4.3428e+05
4250,-4.3449e+05
3348,-4.3518e+05
2949,-4.3552e+05
4411,-4.3708e+05
2966,-4.3761e+05
2986,-4.3761e+05
3817,-4.3768e+05
4029,-4.3774e+05
4773,-4.3824e+05
3686,-4.3846e+05
4607,-4.3866e+05
3452,-4.3906e+05
4677,-4.3926e+05
3538,-4.3947e+05
4689,-4.4076e+05
3833,-4.4115e+05
4221,-4.4124e+05
4337,-4.4158e+05
4623,-4.4161e+05
4522,-4.4183e+05
4659,-4.4213e+05
3454,-4.4258e+05
3560,-4.4309e+05
4606,-4.4321e+05
3692,-4.435e+05
3552,-4.4384e+05
3040,-4.4388e+05
4379,-4.4398e+05
2994,-4.4403e+05
3661,-4.4406e+05
4624,-4.442e+05
3162,-4.4431e+05
4703,-4.4496e+05
3878,-4.4502e+05
3353,-4.4511e+05
3227,-4.4565e+05
3643,-4.4603e+05
3325,-4.4628e+05
4108,-4.4639e+05
4268,-4.493e+05
2968,-4.496e+05
3192,-4.4986e+05
3753,-4.502e+05
2992,-4.5037e+05
4663,-4.5054e+05
3500,-4.5068e+05
3662,-4.5072e+05
3542,-4.5107e+05
4020,-4.5162e+05
3346,-4.5189e+05
4626,-4.5216e+05
4405,-4.5296e+05
4077,-4.5298e+05
3610,-4.5299e+05
3293,-4.5371e+05
3321,-4.542e+05
4155,-4.5477e+05
4530,-4.5486e+05
3402,-4.5536e+05
3623,-4.5557e+05
4078,-4.5566e+05
3613,-4.5638e+05
4003,-4.564e+05
2947,-4.5659e+05
3982,-4.5709e+05
4124,-4.5808e+05
3243,-4.5811e+05
3772,-4.5939e+05
4474,-4.5952e+05
3870,-4.597e+05
3160,-4.6008e+05
4327,-4.6028e+05
3459,-4.6033e+05
4690,-4.6046e+05
3640,-4.6077e+05
3517,-4.6167e+05
3378,-4.6189e+05
3779,-4.6203e+05
3726,-4.6307e+05
4760,-4.6379e+05
3750,-4.6389e+05
3159,-4.639e+05
3224,-4.6552e+05
3882,-4.6568e+05
4501,-4.6589e+05
4147,-4.662e+05
4104,-4.6623e+05
4696,-4.6642e+05
3667,-4.6691e+05
4555,-4.67e+05
3912,-4.6748e+05
3990,-4.6769e+05
3106,-4.692e+05
4068,-4.6929e+05
3858,-4.6968e+05
3853,-4.701e+05
4368,-4.7084e+05
3109,-4.7112e+05
3604,-4.7222e+05
3200,-4.7251e+05
3625,-4.7342e+05
3788,-4.7393e+05
3316,-4.7439e+05
4260,-4.7472e+05
3473,-4.7488e+05
3638,-4.753e+05
3060,-4.7547e+05
3617,-4.7672e+05
3945,-4.7729e+05
3088,-4.7764e+05
4498,-4.7803e+05
3790,-4.7845e+05
4594,-4.7856e+05
4799,-4.7879e+05
4173,-4.7907e+05
4771,-4.7912e+05
3920,-4.7922e+05
3102,-4.7952e+05
4318,-4.7973e+05
4333,-4.8006e+05
4427,-4.8031e+05
3768,-4.8043e+05
4558,-4.8174e+05
4170,-4.8259e+05
4361,-4.8475e+05
3438,-4.8487e+05
3423,-4.8524e+05
4120,-4.8586e+05
4273,-4.8599e+05
3116,-4.86e+05
4100,-4.8711e+05
3392,-4.8732e+05
3229,-4.8788e+05
3602,-4.8823e+05
3246,-4.8866e+05
2998,-4.8897e+05
3257,-4.8924e+05
3900,-4.8945e+05
4704,-4.897e+05
2967,-4.9007e+05
3345,-4.9064e+05
4691,-4.9067e+05
4560,-4.9112e+05
4736,-4.9212e+05
4364,-4.9281e+05
4339,-4.9297e+05
2918,-4.9363e+05
3843,-4.9407e+05
4554,-4.9466e+05
3063,-4.96e+05
3341,-4.9617e+05
4524,-4.9636e+05
3417,-4.9672e+05
3155,-4.9698e+05
3729,-4.9759e+05
4109,-4.9763e+05
3733,-4.9808e+05
3022,-4.9821e+05
3271,-4.9841e+05
4451,-4.9843e+05
3061,-4.9918e+05
3319,-4.9931e+05
4721,-4.9937e+05
4214,-5.0044e+05
4119,-5.0078e+05
2927,-5.0089e+05
3847,-5.013e+05
3481,-5.0219e+05
3707,-5.0309e+05
3139,-5.0317e+05
4144,-5.0414e+05
3504,-5.0443e+05
4687,-5.0481e+05
2960,-5.0589e+05
4774,-5.0626e+05
4619,-5.0735e+05
3950,-5.0756e+05
3487,-5.081e+05
3728,-5.0814e+05
3425,-5.0933e+05
3590,-5.0933e+05
4390,-5.0969e+05
4058,-5.1068e+05
4477,-5.1123e+05
4583,-5.1167e+05
4629,-5.1177e+05
3939,-5.1305e+05
3044,-5.1354e+05
3283,-5.139e+05
4622,-5.1407e+05
2901,-5.1479e+05
4101,-5.148e+05
2983,-5.1499e+05
2904,-5.152e+05
4279,-5.1526e+05
3895,-5.161e+05
4107,-5.1659e+05
3143,-5.1696e+05
3621,-5.1708e+05
2997,-5.1802e+05
3151,-5.186e+05
4098,-5.1873e+05
4745,-5.1935e+05
4521,-5.197e+05
3156,-5.1987e+05
3806,-5.2019e+05
3276,-5.207e+05
2955,-5.2144e+05
3589,-5.219e+05
3067,-5.2242e+05
3263,-5.2309e+05
3265,-5.2321e+05
4376,-5.2353e+05
3564,-5.2399e+05
3287,-5.2404e+05
3387,-5.243e+05
4343,-5.2496e+05
3350,-5.2573e+05
4204,-5.2628e+05
4630,-5.2678e+05
4165,-5.2695e+05
4767,-5.2815e+05
2931,-5.2843e+05
2957,-5.2849e+05
2970,-5.3042e+05
3112,-5.3134e+05
4180,-5.3159e+05
3484,-5.3183e+05
3811,-5.3321e+05
4074,-5.3324e+05
4316,-5.3385e+05
3741,-5.3411e+05
4500,-5.3466e+05
4056,-5.347e+05
2952,-5.3629e+05
3146,-5.3645e+05
4072,-5.3658e+05
3902,-5.3663e+05
4249,-5.3665e+05
3566,-5.3695e+05
4309,-5.3729e+05
3000,-5.3753e+05
3926,-5.3796e+05
4633,-5.3833e+05
4565,-5.3843e+05
3605,-5.3857e+05
4351,-5.4105e+05
3976,-5.4109e+05
4644,-5.4118e+05
4050,-5.4261e+05
3905,-5.4292e+05
4196,-5.4311e+05
4065,-5.4356e+05
4245,-5.4364e+05
3365,-5.4368e+05
4782,-5.4386e+05
4514,-5.439e+05
3114,-5.4436e+05
3077,-5.4453e+05
4274,-5.4638e+05
4064,-5.4727e+05
4052,-5.4789e+05
3518,-5.4823e+05
4788,-5.4925e+05
4384,-5.4998e+05
4358,-5.5012e+05
3012,-5.5033e+05
3100,-5.5038e+05
3530,-5.5249e+05
4256,-5.5296e+05
4787,-5.5434e+05
4480,-5.5435e+05
4097,-5.5441e+05
3373,-5.5446e+05
2894,-5.5469e+05
3993,-5.548e+05
3447,-5.568e+05
4734,-5.5705e+05
4121,-5.5711e+05
3379,-5.5793e+05
4001,-5.5843e+05
4487,-5.5923e+05
3543,-5.5946e+05
3997,-5.6036e+05
2989,-5.6057e+05
3513,-5.6166e+05
4186,-5.6168e+05
3689,-5.6225e+05
4611,-5.6228e+05
4203,-5.6274e+05
4275,-5.6296e+05
3548,-5.6402e+05
3544,-5.6403e+05
3938,-5.6427e+05
3163,-5.6592e+05
4712,-5.6637e+05
3264,-5.686e+05
3169,-5.6874e+05
4550,-5.6874e+05
4332,-5.6961e+05
3831,-5.7024e+05
3596,-5.7036e+05
4715,-5.7111e+05
4461,-5.7159e+05
3841,-5.7194e+05
4794,-5.7235e+05
3829,-5.7281e+05
3252,-5.7384e+05
3608,-5.7445e+05
3776,-5.7456e+05
2990,-5.7569e+05
3820,-5.7572e+05
3045,-5.7606e+05
2971,-5.7656e+05
3984,-5.7736e+05
3426,-5.7751e+05
3888,-5.7864e+05
3615,-5.8017e+05
4746,-5.8131e+05
3093,-5.8188e+05
2982,-5.8207e+05
3860,-5.8389e+05
2995,-5.8408e+05
3914,-5.8543e+05
3024,-5.8582e+05
3241,-5.8588e+05
3873,-5.8611e+05
4152,-5.8711e+05
3304,-5.8874e+05
3043,-5.8956e+05
4302,-5.8968e+05
3574,-5.8978e+05
4300,-5.8984e+05
4566,-5.9019e+05
3930,-5.9035e+05
4305,-5.9087e+05
4494,-5.9131e+05
3212,-5.9179e+05
3528,-5.9386e+05
3923,-5.9418e+05
3389,-5.9455e+05
3251,-5.9674e+05
3603,-5.9707e+05
3352,-5.98e+05
3555,-5.999e+05
3633,-6.0424e+05
3969,-6.0571e+05
2962,-6.0636e+05
4033,-6.0663e+05
3764,-6.0794e+05
3629,-6.0844e+05
4362,-6.0968e+05
3802,-6.098e+05
3396,-6.1015e+05
3196,-6.1082e+05
4635,-6.1147e+05
3688,-6.1191e+05
3349,-6.1292e+05
3207,-6.1344e+05
4143,-6.1366e+05
4242,-6.1424e+05
4304,-6.1425e+05
4240,-6.1451e+05
2940,-6.1452e+05
4660,-6.1476e+05
4722,-6.1668e+05
4600,-6.1703e+05
4233,-6.1912e+05
3232,-6.1946e+05
4370,-6.1968e+05
3281,-6.2009e+05
3989,-6.2039e+05
4009,-6.2073e+05
3800,-6.2076e+05
4021,-6.211e+05
3918,-6.2191e+05
3816,-6.2327e+05
4484,-6.2349e+05
4752,-6.2519e+05
3795,-6.281e+05
3641,-6.2832e+05
3368,-6.2836e+05
4408,-6.2935e+05
3476,-6.311e+05
3952,-6.3274e+05
4685,-6.3339e+05
3415,-6.3351e+05
4748,-6.3609e+05
3886,-6.3697e+05
4328,-6.3807e+05
3377,-6.387e+05
2885,-6.3882e+05
3586,-6.4024e+05
4777,-6.4176e+05
4115,-6.4197e+05
3225,-6.4294e+05
3296,-6.4346e+05
4531,-6.4889e+05
4310,-6.5353e+05
3191,-6.5616e+05
4277,-6.5909e+05
4664,-6.6135e+05
3170,-6.6393e+05
4548,-6.6468e+05
4486,-6.6533e+05
3789,-6.6805e+05
4526,-6.7047e+05
3903,-6.7069e+05
3874,-6.7151e+05
4198,-6.7183e+05
3794,-6.7275e+05
4371,-6.7342e+05
3529,-6.7706e+05
3693,-6.7735e+05
3254,-6.862e+05
4012,-6.8631e+05
3675,-6.8725e+05
3702,-6.8795e+05
4188,-6.8842e+05
4140,-6.8887e+05
4708,-6.9028e+05
4126,-6.9182e+05
4345,-7.0126e+05
3557,-7.077e+05
