1,-1.4878e+05
2,-1.4885e+05
3,-1.4891e+05
4,-1.4958e+05
5,-1.4971e+05
6,-1.5059e+05
7,-1.5079e+05
4628,-1.5091e+05
8,-1.5122e+05
9,-1.5135e+05
10,-1.5145e+05
11,-1.5157e+05
12,-1.5179e+05
13,-1.5187e+05
14,-1.522e+05
4295,-1.5227e+05
15,-1.5228e+05
16,-1.5231e+05
17,-1.5275e+05
18,-1.5348e+05
19,-1.5356e+05
3327,-1.5356e+05
20,-1.5363e+05
21,-1.5375e+05
22,-1.5382e+05
23,-1.5392e+05
24,-1.5424e+05
25,-1.544e+05
26,-1.5448e+05
27,-1.5452e+05
28,-1.5474e+05
29,-1.5475e+05
30,-1.5477e+05
31,-1.5492e+05
32,-1.5495e+05
33,-1.5499e+05
4687,-1.5517e+05
34,-1.5518e+05
35,-1.553e+05
36,-1.553e+05
37,-1.5541e+05
38,-1.5542e+05
39,-1.5549e+05
40,-1.5551e+05
41,-1.5553e+05
42,-1.5553e+05
43,-1.5557e+05
44,-1.5566e+05
45,-1.5567e+05
46,-1.5567e+05
4006,-1.5571e+05
47,-1.5575e+05
48,-1.5575e+05
49,-1.5576e+05
4047,-1.5578e+05
50,-1.558e+05
51,-1.5581e+05
52,-1.5583e+05
3773,-1.5583e+05
53,-1.5586e+05
54,-1.5586e+05
55,-1.5587e+05
56,-1.5587e+05
57,-1.5589e+05
58,-1.559e+05
59,-1.559e+05
60,-1.559e+05
61,-1.5591e+05
62,-1.5592e+05
63,-1.5592e+05
64,-1.5593e+05
65,-1.5593e+05
66,-1.5594e+05
67,-1.5595e+05
68,-1.5596e+05
69,-1.5597e+05
70,-1.5597e+05
71,-1.5597e+05
72,-1.5599e+05
73,-1.56e+05
74,-1.5602e+05
75,-1.5603e+05
76,-1.5606e+05
77,-1.5607e+05
78,-1.5607e+05
79,-1.5608e+05
80,-1.5608e+05
81,-1.5608e+05
82,-1.5609e+05
83,-1.5609e+05
84,-1.5609e+05
85,-1.5612e+05
86,-1.5612e+05
87,-1.5614e+05
88,-1.5615e+05
89,-1.5616e+05
90,-1.5617e+05
91,-1.5618e+05
92,-1.5619e+05
93,-1.5619e+05
94,-1.5619e+05
95,-1.562e+05
96,-1.5621e+05
3519,-1.5621e+05
97,-1.5622e+05
98,-1.5625e+05
99,-1.5625e+05
100,-1.5626e+05
101,-1.5626e+05
102,-1.5627e+05
103,-1.5627e+05
104,-1.5628e+05
105,-1.5628e+05
106,-1.5628e+05
107,-1.5629e+05
108,-1.5629e+05
109,-1.563e+05
110,-1.5631e+05
111,-1.5631e+05
112,-1.5631e+05
3851,-1.5632e+05
113,-1.5633e+05
114,-1.5634e+05
115,-1.5634e+05
3351,-1.5634e+05
116,-1.5636e+05
117,-1.5636e+05
118,-1.5636e+05
119,-1.5637e+05
120,-1.5637e+05
121,-1.5638e+05
122,-1.5638e+05
123,-1.5638e+05
124,-1.5639e+05
125,-1.5639e+05
126,-1.564e+05
127,-1.564e+05
128,-1.564e+05
129,-1.564e+05
130,-1.5641e+05
131,-1.5641e+05
132,-1.5642e+05
133,-1.5642e+05
134,-1.5643e+05
135,-1.5643e+05
136,-1.5643e+05
137,-1.5643e+05
138,-1.5644e+05
139,-1.5644e+05
140,-1.5645e+05
141,-1.5645e+05
142,-1.5645e+05
143,-1.5645e+05
144,-1.5645e+05
2978,-1.5645e+05
145,-1.5646e+05
146,-1.5646e+05
147,-1.5646e+05
148,-1.5647e+05
149,-1.5648e+05
150,-1.5648e+05
151,-1.5649e+05
152,-1.5649e+05
153,-1.565e+05
154,-1.565e+05
155,-1.565e+05
4164,-1.565e+05
156,-1.5651e+05
157,-1.5651e+05
158,-1.5651e+05
159,-1.5651e+05
160,-1.5651e+05
161,-1.5651e+05
162,-1.5652e+05
163,-1.5652e+05
164,-1.5652e+05
165,-1.5653e+05
166,-1.5653e+05
3063,-1.5653e+05
4078,-1.5653e+05
167,-1.5654e+05
168,-1.5654e+05
169,-1.5655e+05
170,-1.5655e+05
171,-1.5656e+05
172,-1.5656e+05
173,-1.5659e+05
174,-1.5659e+05
175,-1.566e+05
176,-1.5661e+05
177,-1.5661e+05
178,-1.5662e+05
179,-1.5662e+05
180,-1.5663e+05
181,-1.5663e+05
182,-1.5664e+05
183,-1.5665e+05
184,-1.5666e+05
185,-1.5666e+05
186,-1.5666e+05
187,-1.5666e+05
188,-1.5667e+05
189,-1.5667e+05
190,-1.5667e+05
191,-1.5667e+05
192,-1.5668e+05
193,-1.5668e+05
194,-1.5668e+05
195,-1.5668e+05
4125,-1.5668e+05
196,-1.5669e+05
197,-1.5669e+05
198,-1.5669e+05
199,-1.5669e+05
200,-1.5669e+05
201,-1.5669e+05
202,-1.5669e+05
203,-1.567e+05
204,-1.567e+05
205,-1.567e+05
206,-1.567e+05
207,-1.567e+05
208,-1.5671e+05
209,-1.5671e+05
210,-1.5671e+05
211,-1.5672e+05
212,-1.5672e+05
213,-1.5673e+05
214,-1.5674e+05
215,-1.5674e+05
216,-1.5674e+05
217,-1.5674e+05
218,-1.5674e+05
219,-1.5674e+05
3893,-1.5674e+05
220,-1.5675e+05
221,-1.5675e+05
222,-1.5676e+05
223,-1.5676e+05
224,-1.5676e+05
225,-1.5676e+05
4056,-1.5676e+05
226,-1.5677e+05
227,-1.5677e+05
228,-1.5677e+05
229,-1.5677e+05
230,-1.5677e+05
2907,-1.5677e+05
3939,-1.5677e+05
231,-1.5678e+05
232,-1.5678e+05
233,-1.5678e+05
234,-1.5678e+05
235,-1.5679e+05
236,-1.568e+05
237,-1.5681e+05
238,-1.5681e+05
239,-1.5681e+05
240,-1.5681e+05
241,-1.5681e+05
242,-1.5682e+05
243,-1.5682e+05
244,-1.5682e+05
245,-1.5682e+05
246,-1.5683e+05
247,-1.5683e+05
248,-1.5683e+05
249,-1.5683e+05
250,-1.5683e+05
251,-1.5684e+05
252,-1.5684e+05
253,-1.5685e+05
254,-1.5685e+05
255,-1.5685e+05
256,-1.5686e+05
257,-1.5686e+05
258,-1.5686e+05
259,-1.5686e+05
260,-1.5686e+05
261,-1.5686e+05
262,-1.5686e+05
263,-1.5687e+05
264,-1.5687e+05
265,-1.5687e+05
266,-1.5688e+05
267,-1.5688e+05
268,-1.5688e+05
4611,-1.5688e+05
269,-1.5689e+05
270,-1.5689e+05
271,-1.5689e+05
272,-1.5689e+05
273,-1.5689e+05
274,-1.569e+05
275,-1.569e+05
276,-1.5691e+05
277,-1.5691e+05
278,-1.5691e+05
279,-1.5692e+05
280,-1.5692e+05
281,-1.5692e+05
282,-1.5692e+05
283,-1.5692e+05
284,-1.5692e+05
285,-1.5692e+05
286,-1.5693e+05
287,-1.5693e+05
288,-1.5694e+05
289,-1.5694e+05
290,-1.5694e+05
291,-1.5694e+05
292,-1.5694e+05
293,-1.5694e+05
294,-1.5694e+05
295,-1.5695e+05
296,-1.5695e+05
297,-1.5695e+05
298,-1.5695e+05
3615,-1.5695e+05
299,-1.5696e+05
300,-1.5696e+05
301,-1.5696e+05
302,-1.5696e+05
303,-1.5697e+05
304,-1.5697e+05
305,-1.5698e+05
306,-1.5698e+05
307,-1.5698e+05
308,-1.5698e+05
309,-1.5698e+05
310,-1.5699e+05
311,-1.5699e+05
312,-1.57e+05
313,-1.57e+05
314,-1.57e+05
315,-1.57e+05
316,-1.5701e+05
317,-1.5701e+05
318,-1.5702e+05
319,-1.5702e+05
320,-1.5702e+05
321,-1.5702e+05
322,-1.5703e+05
323,-1.5703e+05
324,-1.5703e+05
325,-1.5703e+05
326,-1.5704e+05
4449,-1.5705e+05
327,-1.5706e+05
328,-1.5706e+05
329,-1.5706e+05
3769,-1.5706e+05
330,-1.5707e+05
331,-1.5707e+05
332,-1.5708e+05
333,-1.5708e+05
334,-1.5708e+05
335,-1.5708e+05
336,-1.5708e+05
337,-1.5708e+05
338,-1.5708e+05
339,-1.5708e+05
340,-1.5708e+05
341,-1.5709e+05
342,-1.5709e+05
343,-1.571e+05
344,-1.571e+05
345,-1.571e+05
346,-1.571e+05
347,-1.5711e+05
348,-1.5711e+05
349,-1.5711e+05
350,-1.5712e+05
351,-1.5712e+05
352,-1.5712e+05
353,-1.5712e+05
354,-1.5712e+05
4293,-1.5712e+05
355,-1.5713e+05
356,-1.5713e+05
357,-1.5713e+05
358,-1.5714e+05
359,-1.5714e+05
360,-1.5715e+05
361,-1.5715e+05
362,-1.5715e+05
363,-1.5715e+05
364,-1.5715e+05
365,-1.5716e+05
366,-1.5716e+05
367,-1.5716e+05
368,-1.5716e+05
369,-1.5717e+05
370,-1.5717e+05
371,-1.5717e+05
372,-1.5717e+05
373,-1.5717e+05
374,-1.5718e+05
375,-1.5719e+05
376,-1.5719e+05
4737,-1.5719e+05
377,-1.572e+05
378,-1.572e+05
379,-1.572e+05
380,-1.5721e+05
381,-1.5721e+05
382,-1.5721e+05
383,-1.5722e+05
384,-1.5722e+05
385,-1.5722e+05
386,-1.5723e+05
387,-1.5723e+05
388,-1.5723e+05
389,-1.5723e+05
390,-1.5723e+05
391,-1.5723e+05
4095,-1.5723e+05
392,-1.5724e+05
393,-1.5724e+05
394,-1.5724e+05
395,-1.5724e+05
396,-1.5724e+05
397,-1.5724e+05
4390,-1.5724e+05
398,-1.5725e+05
399,-1.5726e+05
400,-1.5726e+05
401,-1.5726e+05
402,-1.5727e+05
403,-1.5728e+05
404,-1.5728e+05
405,-1.5729e+05
406,-1.5729e+05
407,-1.5729e+05
408,-1.5729e+05
409,-1.5729e+05
410,-1.5729e+05
411,-1.573e+05
412,-1.573e+05
413,-1.573e+05
414,-1.573e+05
415,-1.5731e+05
416,-1.5731e+05
417,-1.5732e+05
418,-1.5732e+05
419,-1.5735e+05
420,-1.5735e+05
421,-1.5735e+05
422,-1.5735e+05
423,-1.5735e+05
424,-1.5736e+05
425,-1.5736e+05
426,-1.5736e+05
427,-1.5736e+05
428,-1.5736e+05
429,-1.5736e+05
430,-1.5737e+05
431,-1.5737e+05
432,-1.5737e+05
433,-1.5737e+05
434,-1.5738e+05
3600,-1.5738e+05
435,-1.5739e+05
436,-1.5739e+05
437,-1.5739e+05
438,-1.5739e+05
439,-1.5739e+05
440,-1.574e+05
441,-1.574e+05
442,-1.5741e+05
443,-1.5741e+05
444,-1.5742e+05
445,-1.5742e+05
446,-1.5742e+05
447,-1.5742e+05
448,-1.5742e+05
2897,-1.5742e+05
449,-1.5743e+05
450,-1.5743e+05
451,-1.5743e+05
452,-1.5743e+05
453,-1.5744e+05
454,-1.5744e+05
455,-1.5744e+05
456,-1.5744e+05
457,-1.5744e+05
458,-1.5745e+05
459,-1.5745e+05
460,-1.5745e+05
461,-1.5745e+05
462,-1.5746e+05
463,-1.5746e+05
464,-1.5747e+05
465,-1.5747e+05
466,-1.5747e+05
467,-1.5749e+05
468,-1.5749e+05
469,-1.5749e+05
470,-1.5749e+05
471,-1.5749e+05
472,-1.5749e+05
473,-1.575e+05
474,-1.575e+05
475,-1.575e+05
476,-1.575e+05
477,-1.575e+05
478,-1.5751e+05
479,-1.5751e+05
480,-1.5751e+05
481,-1.5751e+05
482,-1.5751e+05
483,-1.5751e+05
484,-1.5751e+05
485,-1.5751e+05
486,-1.5751e+05
487,-1.5752e+05
488,-1.5753e+05
489,-1.5753e+05
490,-1.5753e+05
491,-1.5753e+05
492,-1.5754e+05
493,-1.5754e+05
494,-1.5754e+05
495,-1.5754e+05
3239,-1.5754e+05
496,-1.5755e+05
497,-1.5755e+05
498,-1.5755e+05
499,-1.5755e+05
500,-1.5756e+05
501,-1.5756e+05
3955,-1.5756e+05
502,-1.5757e+05
503,-1.5757e+05
504,-1.5759e+05
505,-1.5759e+05
506,-1.5759e+05
507,-1.5759e+05
508,-1.5759e+05
509,-1.5759e+05
510,-1.576e+05
3665,-1.576e+05
511,-1.5761e+05
3323,-1.5762e+05
512,-1.5763e+05
513,-1.5763e+05
3007,-1.5763e+05
514,-1.5764e+05
515,-1.5764e+05
516,-1.5764e+05
517,-1.5764e+05
518,-1.5764e+05
519,-1.5765e+05
520,-1.5765e+05
521,-1.5765e+05
522,-1.5765e+05
523,-1.5766e+05
524,-1.5766e+05
525,-1.5766e+05
526,-1.5766e+05
527,-1.5766e+05
528,-1.5766e+05
529,-1.5766e+05
3515,-1.5766e+05
530,-1.5767e+05
531,-1.5767e+05
532,-1.5767e+05
533,-1.5767e+05
534,-1.5768e+05
535,-1.5768e+05
536,-1.5768e+05
537,-1.5769e+05
538,-1.5769e+05
539,-1.5769e+05
540,-1.5769e+05
541,-1.5769e+05
542,-1.5769e+05
543,-1.577e+05
544,-1.577e+05
545,-1.577e+05
546,-1.5771e+05
547,-1.5771e+05
548,-1.5772e+05
549,-1.5772e+05
550,-1.5772e+05
551,-1.5772e+05
552,-1.5772e+05
553,-1.5772e+05
554,-1.5772e+05
555,-1.5772e+05
556,-1.5772e+05
557,-1.5772e+05
558,-1.5773e+05
559,-1.5774e+05
560,-1.5774e+05
561,-1.5774e+05
562,-1.5774e+05
563,-1.5774e+05
564,-1.5775e+05
565,-1.5775e+05
566,-1.5775e+05
567,-1.5776e+05
568,-1.5776e+05
4108,-1.5776e+05
569,-1.5777e+05
570,-1.5777e+05
571,-1.5777e+05
572,-1.5778e+05
573,-1.5778e+05
574,-1.5778e+05
575,-1.5779e+05
576,-1.5779e+05
577,-1.5779e+05
578,-1.5779e+05
579,-1.5779e+05
580,-1.578e+05
581,-1.578e+05
582,-1.578e+05
583,-1.578e+05
584,-1.578e+05
585,-1.5781e+05
586,-1.5782e+05
587,-1.5782e+05
588,-1.5782e+05
589,-1.5782e+05
590,-1.5782e+05
591,-1.5782e+05
592,-1.5782e+05
593,-1.5782e+05
594,-1.5783e+05
595,-1.5783e+05
596,-1.5783e+05
597,-1.5783e+05
598,-1.5784e+05
599,-1.5784e+05
600,-1.5784e+05
601,-1.5784e+05
602,-1.5784e+05
603,-1.5784e+05
604,-1.5784e+05
4706,-1.5784e+05
605,-1.5785e+05
606,-1.5785e+05
607,-1.5785e+05
608,-1.5785e+05
609,-1.5785e+05
610,-1.5785e+05
611,-1.5785e+05
3539,-1.5785e+05
612,-1.5786e+05
613,-1.5786e+05
614,-1.5786e+05
615,-1.5787e+05
616,-1.5787e+05
617,-1.5787e+05
618,-1.5787e+05
619,-1.5788e+05
620,-1.5788e+05
621,-1.5788e+05
3948,-1.5788e+05
622,-1.5789e+05
623,-1.5789e+05
624,-1.5789e+05
625,-1.5789e+05
626,-1.579e+05
627,-1.579e+05
628,-1.579e+05
629,-1.579e+05
630,-1.579e+05
631,-1.5791e+05
632,-1.5791e+05
633,-1.5791e+05
634,-1.5792e+05
635,-1.5792e+05
636,-1.5792e+05
637,-1.5793e+05
3701,-1.5793e+05
4383,-1.5793e+05
638,-1.5794e+05
639,-1.5794e+05
640,-1.5795e+05
641,-1.5795e+05
642,-1.5795e+05
643,-1.5795e+05
644,-1.5795e+05
645,-1.5795e+05
646,-1.5796e+05
647,-1.5796e+05
648,-1.5797e+05
649,-1.5797e+05
650,-1.5797e+05
651,-1.5797e+05
652,-1.5797e+05
653,-1.5797e+05
654,-1.5798e+05
655,-1.5798e+05
656,-1.5798e+05
657,-1.5798e+05
658,-1.5798e+05
659,-1.5798e+05
4710,-1.5798e+05
660,-1.5799e+05
661,-1.5799e+05
662,-1.5799e+05
663,-1.5799e+05
664,-1.5799e+05
665,-1.58e+05
666,-1.58e+05
3296,-1.58e+05
667,-1.5801e+05
3869,-1.5801e+05
3464,-1.5802e+05
668,-1.5803e+05
669,-1.5803e+05
670,-1.5803e+05
671,-1.5804e+05
672,-1.5804e+05
673,-1.5804e+05
674,-1.5805e+05
675,-1.5806e+05
3021,-1.5806e+05
676,-1.5807e+05
677,-1.5809e+05
678,-1.5809e+05
679,-1.5809e+05
680,-1.5809e+05
681,-1.5809e+05
3978,-1.5809e+05
682,-1.581e+05
683,-1.581e+05
684,-1.581e+05
685,-1.581e+05
686,-1.581e+05
687,-1.5811e+05
688,-1.5811e+05
689,-1.5811e+05
690,-1.5811e+05
691,-1.5811e+05
692,-1.5811e+05
4684,-1.5812e+05
693,-1.5813e+05
694,-1.5813e+05
695,-1.5813e+05
696,-1.5814e+05
697,-1.5814e+05
698,-1.5814e+05
699,-1.5814e+05
3041,-1.5814e+05
700,-1.5815e+05
701,-1.5815e+05
702,-1.5815e+05
703,-1.5815e+05
704,-1.5817e+05
705,-1.5817e+05
706,-1.5817e+05
707,-1.5818e+05
708,-1.5818e+05
709,-1.5819e+05
710,-1.5819e+05
4175,-1.5819e+05
711,-1.582e+05
712,-1.582e+05
713,-1.582e+05
714,-1.582e+05
715,-1.582e+05
716,-1.582e+05
717,-1.582e+05
718,-1.5821e+05
719,-1.5821e+05
720,-1.5821e+05
721,-1.5822e+05
722,-1.5822e+05
723,-1.5822e+05
724,-1.5822e+05
725,-1.5822e+05
726,-1.5823e+05
727,-1.5823e+05
728,-1.5823e+05
729,-1.5824e+05
730,-1.5824e+05
731,-1.5824e+05
732,-1.5824e+05
733,-1.5824e+05
734,-1.5825e+05
735,-1.5825e+05
736,-1.5825e+05
737,-1.5825e+05
738,-1.5826e+05
739,-1.5826e+05
740,-1.5826e+05
741,-1.5826e+05
742,-1.5826e+05
743,-1.5827e+05
744,-1.5827e+05
745,-1.5827e+05
3448,-1.5827e+05
746,-1.5828e+05
747,-1.5828e+05
748,-1.5828e+05
749,-1.5828e+05
750,-1.5828e+05
751,-1.5828e+05
752,-1.5828e+05
753,-1.5828e+05
754,-1.5828e+05
755,-1.5829e+05
756,-1.5829e+05
757,-1.5829e+05
758,-1.583e+05
759,-1.583e+05
760,-1.583e+05
3373,-1.583e+05
761,-1.5831e+05
762,-1.5831e+05
763,-1.5831e+05
764,-1.5831e+05
765,-1.5831e+05
766,-1.5832e+05
767,-1.5832e+05
768,-1.5832e+05
769,-1.5833e+05
770,-1.5833e+05
771,-1.5833e+05
772,-1.5834e+05
773,-1.5835e+05
774,-1.5835e+05
775,-1.5835e+05
776,-1.5835e+05
777,-1.5836e+05
778,-1.5836e+05
779,-1.5836e+05
780,-1.5836e+05
781,-1.5836e+05
782,-1.5837e+05
783,-1.5837e+05
784,-1.5837e+05
785,-1.5837e+05
786,-1.5837e+05
787,-1.5837e+05
788,-1.5838e+05
789,-1.5838e+05
790,-1.5839e+05
791,-1.5839e+05
792,-1.5839e+05
4118,-1.5839e+05
793,-1.584e+05
794,-1.584e+05
795,-1.584e+05
796,-1.584e+05
797,-1.584e+05
798,-1.584e+05
799,-1.584e+05
3627,-1.584e+05
800,-1.5841e+05
801,-1.5841e+05
802,-1.5841e+05
803,-1.5841e+05
4528,-1.5841e+05
804,-1.5842e+05
805,-1.5842e+05
806,-1.5842e+05
807,-1.5842e+05
808,-1.5843e+05
809,-1.5843e+05
810,-1.5843e+05
811,-1.5843e+05
812,-1.5844e+05
813,-1.5844e+05
814,-1.5844e+05
815,-1.5844e+05
816,-1.5844e+05
817,-1.5844e+05
818,-1.5845e+05
819,-1.5845e+05
3324,-1.5845e+05
820,-1.5846e+05
821,-1.5846e+05
822,-1.5846e+05
823,-1.5846e+05
824,-1.5846e+05
825,-1.5846e+05
826,-1.5847e+05
827,-1.5847e+05
828,-1.5847e+05
829,-1.5847e+05
830,-1.5847e+05
831,-1.5848e+05
832,-1.5849e+05
833,-1.5849e+05
834,-1.5849e+05
835,-1.5849e+05
836,-1.585e+05
837,-1.585e+05
838,-1.585e+05
839,-1.5851e+05
840,-1.5851e+05
841,-1.5852e+05
842,-1.5852e+05
843,-1.5852e+05
844,-1.5852e+05
845,-1.5852e+05
846,-1.5852e+05
4629,-1.5852e+05
847,-1.5854e+05
848,-1.5854e+05
849,-1.5854e+05
850,-1.5855e+05
851,-1.5855e+05
852,-1.5855e+05
853,-1.5855e+05
854,-1.5856e+05
855,-1.5856e+05
856,-1.5857e+05
857,-1.5858e+05
858,-1.5858e+05
859,-1.5858e+05
860,-1.5858e+05
861,-1.5859e+05
862,-1.5859e+05
863,-1.5859e+05
864,-1.5859e+05
865,-1.586e+05
866,-1.586e+05
867,-1.5861e+05
868,-1.5861e+05
869,-1.5861e+05
3559,-1.5861e+05
870,-1.5862e+05
871,-1.5862e+05
872,-1.5862e+05
873,-1.5862e+05
874,-1.5862e+05
875,-1.5863e+05
876,-1.5863e+05
877,-1.5863e+05
878,-1.5863e+05
879,-1.5864e+05
880,-1.5864e+05
881,-1.5865e+05
882,-1.5865e+05
883,-1.5865e+05
884,-1.5865e+05
4791,-1.5865e+05
885,-1.5866e+05
886,-1.5866e+05
887,-1.5866e+05
888,-1.5866e+05
889,-1.5866e+05
890,-1.5867e+05
891,-1.5868e+05
892,-1.5868e+05
893,-1.5868e+05
894,-1.5868e+05
895,-1.5868e+05
896,-1.5868e+05
897,-1.5869e+05
898,-1.5869e+05
899,-1.5869e+05
900,-1.5869e+05
901,-1.5869e+05
902,-1.587e+05
903,-1.587e+05
4262,-1.587e+05
904,-1.5871e+05
905,-1.5871e+05
906,-1.5872e+05
907,-1.5872e+05
908,-1.5872e+05
3620,-1.5872e+05
4227,-1.5872e+05
909,-1.5873e+05
910,-1.5873e+05
911,-1.5873e+05
912,-1.5873e+05
913,-1.5874e+05
914,-1.5875e+05
915,-1.5875e+05
916,-1.5875e+05
917,-1.5875e+05
918,-1.5876e+05
919,-1.5876e+05
920,-1.5876e+05
921,-1.5876e+05
922,-1.5876e+05
923,-1.5876e+05
924,-1.5876e+05
925,-1.5877e+05
926,-1.5877e+05
927,-1.5877e+05
928,-1.5877e+05
3364,-1.5877e+05
929,-1.5878e+05
930,-1.5878e+05
931,-1.5878e+05
932,-1.5878e+05
933,-1.5878e+05
934,-1.5878e+05
935,-1.5879e+05
936,-1.5879e+05
4586,-1.5879e+05
937,-1.588e+05
938,-1.588e+05
939,-1.588e+05
940,-1.588e+05
941,-1.5881e+05
942,-1.5881e+05
943,-1.5881e+05
3622,-1.5881e+05
944,-1.5882e+05
945,-1.5882e+05
946,-1.5882e+05
947,-1.5882e+05
948,-1.5882e+05
949,-1.5883e+05
950,-1.5883e+05
951,-1.5883e+05
952,-1.5883e+05
953,-1.5884e+05
954,-1.5884e+05
955,-1.5884e+05
956,-1.5884e+05
957,-1.5885e+05
958,-1.5885e+05
959,-1.5885e+05
960,-1.5885e+05
3195,-1.5885e+05
961,-1.5886e+05
962,-1.5886e+05
963,-1.5886e+05
964,-1.5886e+05
965,-1.5886e+05
966,-1.5887e+05
967,-1.5887e+05
968,-1.5888e+05
969,-1.5888e+05
970,-1.5888e+05
971,-1.5888e+05
972,-1.5888e+05
973,-1.5889e+05
974,-1.5889e+05
975,-1.5889e+05
976,-1.5889e+05
977,-1.589e+05
978,-1.589e+05
979,-1.589e+05
980,-1.589e+05
981,-1.5892e+05
982,-1.5893e+05
983,-1.5893e+05
984,-1.5893e+05
3499,-1.5893e+05
985,-1.5894e+05
986,-1.5894e+05
987,-1.5894e+05
3895,-1.5894e+05
988,-1.5895e+05
989,-1.5895e+05
990,-1.5895e+05
991,-1.5896e+05
992,-1.5896e+05
993,-1.5896e+05
994,-1.5896e+05
995,-1.5896e+05
4016,-1.5896e+05
996,-1.5897e+05
997,-1.5897e+05
998,-1.5897e+05
999,-1.5897e+05
1000,-1.5897e+05
1001,-1.5897e+05
1002,-1.5898e+05
1003,-1.5898e+05
1004,-1.5898e+05
1005,-1.5898e+05
1006,-1.5898e+05
1007,-1.5898e+05
1008,-1.5898e+05
1009,-1.5899e+05
1010,-1.5899e+05
1011,-1.5899e+05
1012,-1.5899e+05
1013,-1.5899e+05
1014,-1.5899e+05
1015,-1.59e+05
1016,-1.59e+05
1017,-1.59e+05
1018,-1.59e+05
3488,-1.59e+05
1019,-1.5901e+05
1020,-1.5901e+05
1021,-1.5901e+05
1022,-1.5902e+05
1023,-1.5902e+05
1024,-1.5902e+05
1025,-1.5903e+05
1026,-1.5904e+05
1027,-1.5904e+05
1028,-1.5904e+05
3694,-1.5904e+05
1029,-1.5905e+05
1030,-1.5905e+05
1031,-1.5905e+05
1032,-1.5905e+05
1033,-1.5906e+05
1034,-1.5906e+05
1035,-1.5906e+05
1036,-1.5906e+05
1037,-1.5906e+05
1038,-1.5907e+05
1039,-1.5907e+05
1040,-1.5908e+05
1041,-1.5908e+05
1042,-1.5908e+05
1043,-1.5908e+05
1044,-1.5909e+05
1045,-1.5909e+05
1046,-1.5909e+05
1047,-1.5909e+05
1048,-1.5909e+05
1049,-1.5909e+05
1050,-1.5909e+05
1051,-1.5909e+05
1052,-1.5909e+05
1053,-1.5909e+05
3225,-1.5909e+05
1054,-1.591e+05
1055,-1.591e+05
1056,-1.591e+05
1057,-1.591e+05
1058,-1.591e+05
3099,-1.591e+05
1059,-1.5911e+05
1060,-1.5911e+05
1061,-1.5911e+05
1062,-1.5911e+05
1063,-1.5911e+05
1064,-1.5912e+05
1065,-1.5913e+05
1066,-1.5913e+05
1067,-1.5913e+05
1068,-1.5913e+05
1069,-1.5913e+05
1070,-1.5913e+05
1071,-1.5913e+05
1072,-1.5913e+05
1073,-1.5913e+05
1074,-1.5914e+05
1075,-1.5915e+05
1076,-1.5915e+05
1077,-1.5916e+05
1078,-1.5917e+05
1079,-1.5917e+05
1080,-1.5918e+05
1081,-1.5918e+05
1082,-1.5918e+05
1083,-1.5918e+05
1084,-1.5918e+05
1085,-1.5919e+05
1086,-1.5919e+05
1087,-1.5919e+05
1088,-1.5919e+05
1089,-1.5921e+05
1090,-1.5921e+05
1091,-1.5922e+05
1092,-1.5922e+05
1093,-1.5922e+05
1094,-1.5922e+05
4068,-1.5922e+05
1095,-1.5923e+05
1096,-1.5923e+05
1097,-1.5923e+05
1098,-1.5923e+05
1099,-1.5923e+05
1100,-1.5924e+05
1101,-1.5924e+05
1102,-1.5924e+05
3124,-1.5924e+05
1103,-1.5925e+05
1104,-1.5926e+05
1105,-1.5926e+05
1106,-1.5926e+05
3738,-1.5926e+05
1107,-1.5927e+05
1108,-1.5927e+05
1109,-1.5927e+05
1110,-1.5927e+05
1111,-1.5927e+05
1112,-1.5927e+05
1113,-1.5928e+05
1114,-1.5928e+05
1115,-1.5928e+05
1116,-1.5929e+05
1117,-1.5929e+05
1118,-1.5929e+05
1119,-1.5929e+05
4317,-1.5929e+05
1120,-1.593e+05
1121,-1.593e+05
1122,-1.593e+05
1123,-1.593e+05
1124,-1.5931e+05
1125,-1.5931e+05
1126,-1.5931e+05
1127,-1.5931e+05
1128,-1.5932e+05
1129,-1.5932e+05
1130,-1.5932e+05
1131,-1.5932e+05
1132,-1.5932e+05
3835,-1.5932e+05
1133,-1.5933e+05
1134,-1.5933e+05
1135,-1.5933e+05
1136,-1.5933e+05
1137,-1.5933e+05
1138,-1.5934e+05
1139,-1.5934e+05
1140,-1.5934e+05
1141,-1.5934e+05
1142,-1.5935e+05
1143,-1.5935e+05
1144,-1.5935e+05
1145,-1.5936e+05
1146,-1.5936e+05
1147,-1.5936e+05
1148,-1.5936e+05
1149,-1.5936e+05
1150,-1.5936e+05
1151,-1.5936e+05
4291,-1.5936e+05
1152,-1.5937e+05
1153,-1.5937e+05
1154,-1.5937e+05
1155,-1.5937e+05
1156,-1.5937e+05
1157,-1.5937e+05
1158,-1.5938e+05
1159,-1.5938e+05
1160,-1.5938e+05
1161,-1.5938e+05
1162,-1.5938e+05
1163,-1.5939e+05
1164,-1.5939e+05
1165,-1.5939e+05
1166,-1.5939e+05
1167,-1.5939e+05
1168,-1.5939e+05
1169,-1.594e+05
1170,-1.594e+05
1171,-1.594e+05
1172,-1.594e+05
1173,-1.594e+05
1174,-1.594e+05
1175,-1.594e+05
3523,-1.594e+05
1176,-1.5941e+05
1177,-1.5941e+05
1178,-1.5942e+05
1179,-1.5942e+05
1180,-1.5943e+05
1181,-1.5943e+05
1182,-1.5943e+05
1183,-1.5943e+05
1184,-1.5944e+05
1185,-1.5944e+05
1186,-1.5945e+05
1187,-1.5945e+05
1188,-1.5946e+05
1189,-1.5946e+05
1190,-1.5946e+05
1191,-1.5946e+05
1192,-1.5946e+05
1193,-1.5946e+05
1194,-1.5946e+05
1195,-1.5947e+05
1196,-1.5947e+05
1197,-1.5948e+05
1198,-1.5948e+05
4403,-1.5948e+05
1199,-1.5949e+05
1200,-1.5949e+05
1201,-1.595e+05
1202,-1.5951e+05
1203,-1.5951e+05
1204,-1.5952e+05
1205,-1.5952e+05
1206,-1.5952e+05
1207,-1.5953e+05
1208,-1.5954e+05
1209,-1.5954e+05
1210,-1.5954e+05
4743,-1.5954e+05
4777,-1.5954e+05
1211,-1.5955e+05
1212,-1.5955e+05
1213,-1.5955e+05
1214,-1.5955e+05
1215,-1.5955e+05
3557,-1.5955e+05
1216,-1.5956e+05
1217,-1.5956e+05
1218,-1.5956e+05
1219,-1.5956e+05
1220,-1.5956e+05
1221,-1.5956e+05
1222,-1.5958e+05
1223,-1.5958e+05
1224,-1.5958e+05
1225,-1.5959e+05
4315,-1.5959e+05
1226,-1.596e+05
1227,-1.596e+05
1228,-1.596e+05
1229,-1.596e+05
1230,-1.596e+05
1231,-1.5961e+05
1232,-1.5961e+05
1233,-1.5961e+05
1234,-1.5962e+05
1235,-1.5962e+05
1236,-1.5962e+05
1237,-1.5962e+05
1238,-1.5962e+05
1239,-1.5962e+05
1240,-1.5962e+05
1241,-1.5962e+05
1242,-1.5963e+05
1243,-1.5963e+05
1244,-1.5964e+05
1245,-1.5964e+05
1246,-1.5964e+05
1247,-1.5964e+05
4065,-1.5964e+05
1248,-1.5965e+05
1249,-1.5965e+05
1250,-1.5965e+05
1251,-1.5965e+05
1252,-1.5965e+05
1253,-1.5966e+05
1254,-1.5966e+05
1255,-1.5966e+05
1256,-1.5967e+05
1257,-1.5967e+05
1258,-1.5967e+05
1259,-1.5967e+05
1260,-1.5967e+05
1261,-1.5968e+05
1262,-1.5968e+05
1263,-1.5969e+05
1264,-1.5969e+05
1265,-1.5969e+05
1266,-1.5969e+05
1267,-1.597e+05
1268,-1.597e+05
1269,-1.597e+05
4412,-1.597e+05
1270,-1.5971e+05
1271,-1.5971e+05
1272,-1.5971e+05
1273,-1.5972e+05
1274,-1.5972e+05
1275,-1.5972e+05
1276,-1.5972e+05
1277,-1.5972e+05
1278,-1.5973e+05
1279,-1.5973e+05
1280,-1.5974e+05
1281,-1.5974e+05
1282,-1.5975e+05
1283,-1.5975e+05
1284,-1.5976e+05
1285,-1.5976e+05
1286,-1.5976e+05
1287,-1.5977e+05
1288,-1.5977e+05
1289,-1.5977e+05
1290,-1.5977e+05
1291,-1.5978e+05
4368,-1.5978e+05
1292,-1.5979e+05
1293,-1.5979e+05
1294,-1.5979e+05
1295,-1.598e+05
1296,-1.598e+05
1297,-1.5981e+05
1298,-1.5981e+05
1299,-1.5982e+05
1300,-1.5982e+05
3619,-1.5982e+05
2956,-1.5983e+05
1301,-1.5984e+05
1302,-1.5984e+05
1303,-1.5984e+05
1304,-1.5984e+05
1305,-1.5984e+05
1306,-1.5985e+05
1307,-1.5985e+05
1308,-1.5985e+05
1309,-1.5986e+05
1310,-1.5986e+05
1311,-1.5986e+05
1312,-1.5986e+05
1313,-1.5986e+05
3941,-1.5986e+05
1314,-1.5987e+05
1315,-1.5987e+05
1316,-1.5988e+05
1317,-1.5988e+05
1318,-1.5988e+05
1319,-1.5988e+05
1320,-1.5988e+05
1321,-1.5989e+05
1322,-1.5989e+05
1323,-1.5989e+05
1324,-1.599e+05
1325,-1.5991e+05
1326,-1.5991e+05
1327,-1.5991e+05
1328,-1.5991e+05
1329,-1.5991e+05
1330,-1.5992e+05
1331,-1.5992e+05
1332,-1.5993e+05
1333,-1.5994e+05
1334,-1.5994e+05
1335,-1.5994e+05
1336,-1.5995e+05
1337,-1.5995e+05
1338,-1.5995e+05
1339,-1.5995e+05
1340,-1.5996e+05
1341,-1.5996e+05
1342,-1.5996e+05
1343,-1.5996e+05
1344,-1.5996e+05
1345,-1.5997e+05
1346,-1.5997e+05
1347,-1.5997e+05
1348,-1.5997e+05
1349,-1.5998e+05
1350,-1.5998e+05
1351,-1.5999e+05
1352,-1.5999e+05
1353,-1.6e+05
1354,-1.6e+05
1355,-1.6001e+05
1356,-1.6001e+05
1357,-1.6001e+05
1358,-1.6001e+05
1359,-1.6001e+05
1360,-1.6001e+05
1361,-1.6002e+05
1362,-1.6002e+05
1363,-1.6002e+05
1364,-1.6003e+05
1365,-1.6003e+05
1366,-1.6003e+05
1367,-1.6003e+05
4058,-1.6003e+05
1368,-1.6004e+05
1369,-1.6004e+05
1370,-1.6004e+05
1371,-1.6004e+05
1372,-1.6005e+05
1373,-1.6005e+05
1374,-1.6005e+05
1375,-1.6005e+05
1376,-1.6005e+05
3295,-1.6005e+05
1377,-1.6006e+05
1378,-1.6007e+05
1379,-1.6008e+05
1380,-1.6008e+05
1381,-1.6008e+05
1382,-1.6008e+05
1383,-1.6008e+05
1384,-1.6009e+05
1385,-1.6009e+05
1386,-1.6009e+05
1387,-1.6009e+05
1388,-1.6009e+05
4479,-1.6009e+05
1389,-1.601e+05
1390,-1.601e+05
1391,-1.601e+05
1392,-1.601e+05
1393,-1.6011e+05
1394,-1.6011e+05
1395,-1.6011e+05
1396,-1.6011e+05
4414,-1.6011e+05
4634,-1.6011e+05
1397,-1.6012e+05
1398,-1.6012e+05
1399,-1.6012e+05
1400,-1.6012e+05
1401,-1.6012e+05
2972,-1.6012e+05
1402,-1.6013e+05
1403,-1.6013e+05
1404,-1.6013e+05
1405,-1.6014e+05
1406,-1.6014e+05
1407,-1.6014e+05
1408,-1.6014e+05
1409,-1.6015e+05
1410,-1.6015e+05
1411,-1.6015e+05
1412,-1.6016e+05
1413,-1.6016e+05
1414,-1.6017e+05
1415,-1.6017e+05
1416,-1.6018e+05
1417,-1.6019e+05
1418,-1.6019e+05
1419,-1.6019e+05
1420,-1.6019e+05
1421,-1.6021e+05
1422,-1.6021e+05
1423,-1.6021e+05
1424,-1.6021e+05
1425,-1.6021e+05
1426,-1.6021e+05
1427,-1.6021e+05
1428,-1.6022e+05
1429,-1.6022e+05
1430,-1.6022e+05
1431,-1.6022e+05
1432,-1.6023e+05
1433,-1.6023e+05
1434,-1.6023e+05
1435,-1.6023e+05
1436,-1.6024e+05
1437,-1.6024e+05
1438,-1.6024e+05
1439,-1.6024e+05
1440,-1.6025e+05
1441,-1.6025e+05
1442,-1.6026e+05
1443,-1.6026e+05
1444,-1.6026e+05
1445,-1.6027e+05
1446,-1.6027e+05
1447,-1.6027e+05
1448,-1.6027e+05
1449,-1.6028e+05
1450,-1.6028e+05
1451,-1.6028e+05
1452,-1.6028e+05
1453,-1.6028e+05
1454,-1.6028e+05
3365,-1.6028e+05
1455,-1.6029e+05
1456,-1.603e+05
1457,-1.603e+05
1458,-1.603e+05
1459,-1.603e+05
1460,-1.603e+05
1461,-1.603e+05
4233,-1.603e+05
1462,-1.6031e+05
1463,-1.6031e+05
1464,-1.6031e+05
1465,-1.6031e+05
1466,-1.6032e+05
1467,-1.6032e+05
1468,-1.6032e+05
1469,-1.6033e+05
1470,-1.6034e+05
1471,-1.6034e+05
1472,-1.6035e+05
4443,-1.6035e+05
1473,-1.6036e+05
1474,-1.6036e+05
1475,-1.6037e+05
1476,-1.6037e+05
1477,-1.6037e+05
1478,-1.6037e+05
3002,-1.6037e+05
1479,-1.6038e+05
1480,-1.6038e+05
1481,-1.6038e+05
1482,-1.6038e+05
1483,-1.6038e+05
3762,-1.6038e+05
1484,-1.6039e+05
1485,-1.6039e+05
1486,-1.6039e+05
1487,-1.604e+05
1488,-1.604e+05
1489,-1.6041e+05
1490,-1.6041e+05
1491,-1.6042e+05
1492,-1.6042e+05
1493,-1.6042e+05
1494,-1.6043e+05
1495,-1.6043e+05
1496,-1.6043e+05
1497,-1.6044e+05
1498,-1.6044e+05
1499,-1.6044e+05
1500,-1.6045e+05
1501,-1.6045e+05
1502,-1.6046e+05
1503,-1.6046e+05
1504,-1.6046e+05
1505,-1.6046e+05
1506,-1.6046e+05
1507,-1.6046e+05
1508,-1.6047e+05
1509,-1.6048e+05
1510,-1.6049e+05
1511,-1.605e+05
1512,-1.605e+05
1513,-1.6051e+05
1514,-1.6051e+05
1515,-1.6052e+05
1516,-1.6052e+05
1517,-1.6052e+05
1518,-1.6052e+05
1519,-1.6052e+05
1520,-1.6052e+05
1521,-1.6053e+05
3433,-1.6053e+05
1522,-1.6054e+05
1523,-1.6054e+05
1524,-1.6054e+05
1525,-1.6055e+05
1526,-1.6055e+05
1527,-1.6055e+05
1528,-1.6055e+05
1529,-1.6055e+05
1530,-1.6055e+05
4590,-1.6055e+05
1531,-1.6056e+05
1532,-1.6057e+05
1533,-1.6057e+05
1534,-1.6058e+05
1535,-1.6058e+05
1536,-1.6058e+05
1537,-1.6059e+05
1538,-1.6059e+05
1539,-1.6059e+05
1540,-1.6059e+05
1541,-1.606e+05
1542,-1.606e+05
1543,-1.6061e+05
1544,-1.6061e+05
1545,-1.6061e+05
1546,-1.6062e+05
1547,-1.6062e+05
1548,-1.6062e+05
1549,-1.6063e+05
1550,-1.6063e+05
1551,-1.6064e+05
1552,-1.6064e+05
1553,-1.6064e+05
1554,-1.6064e+05
1555,-1.6065e+05
1556,-1.6065e+05
1557,-1.6066e+05
1558,-1.6066e+05
1559,-1.6067e+05
1560,-1.6067e+05
1561,-1.6067e+05
1562,-1.6067e+05
1563,-1.6067e+05
1564,-1.6067e+05
1565,-1.6068e+05
1566,-1.6068e+05
1567,-1.6068e+05
1568,-1.6069e+05
1569,-1.6069e+05
4665,-1.6069e+05
1570,-1.607e+05
1571,-1.607e+05
1572,-1.607e+05
1573,-1.607e+05
1574,-1.607e+05
1575,-1.607e+05
1576,-1.6071e+05
1577,-1.6071e+05
1578,-1.6071e+05
1579,-1.6071e+05
1580,-1.6072e+05
1581,-1.6072e+05
1582,-1.6073e+05
1583,-1.6074e+05
1584,-1.6074e+05
1585,-1.6074e+05
1586,-1.6075e+05
1587,-1.6075e+05
1588,-1.6076e+05
1589,-1.6076e+05
1590,-1.6077e+05
1591,-1.6078e+05
1592,-1.6078e+05
1593,-1.6078e+05
3977,-1.6078e+05
4613,-1.6078e+05
1594,-1.6079e+05
1595,-1.6081e+05
1596,-1.6082e+05
1597,-1.6082e+05
1598,-1.6082e+05
1599,-1.6082e+05
1600,-1.6082e+05
1601,-1.6082e+05
1602,-1.6083e+05
1603,-1.6083e+05
1604,-1.6084e+05
1605,-1.6084e+05
1606,-1.6084e+05
1607,-1.6084e+05
1608,-1.6085e+05
1609,-1.6085e+05
1610,-1.6086e+05
1611,-1.6087e+05
1612,-1.6087e+05
1613,-1.6087e+05
1614,-1.6087e+05
1615,-1.6087e+05
1616,-1.6087e+05
1617,-1.6088e+05
1618,-1.6088e+05
1619,-1.6089e+05
1620,-1.6089e+05
1621,-1.6089e+05
1622,-1.6089e+05
1623,-1.609e+05
1624,-1.6091e+05
1625,-1.6091e+05
1626,-1.6091e+05
3192,-1.6092e+05
1627,-1.6093e+05
1628,-1.6093e+05
1629,-1.6093e+05
1630,-1.6093e+05
1631,-1.6093e+05
4493,-1.6093e+05
1632,-1.6094e+05
4404,-1.6094e+05
1633,-1.6095e+05
1634,-1.6095e+05
1635,-1.6095e+05
1636,-1.6096e+05
1637,-1.6096e+05
3159,-1.6096e+05
1638,-1.6097e+05
1639,-1.6097e+05
1640,-1.6097e+05
1641,-1.6097e+05
1642,-1.6098e+05
1643,-1.6098e+05
1644,-1.6098e+05
4592,-1.6098e+05
1645,-1.6099e+05
1646,-1.6099e+05
1647,-1.6101e+05
1648,-1.6101e+05
1649,-1.6101e+05
1650,-1.6101e+05
1651,-1.6102e+05
1652,-1.6102e+05
1653,-1.6102e+05
4526,-1.6102e+05
1654,-1.6103e+05
1655,-1.6103e+05
1656,-1.6104e+05
1657,-1.6105e+05
1658,-1.6107e+05
1659,-1.6107e+05
1660,-1.6108e+05
1661,-1.6108e+05
1662,-1.6108e+05
1663,-1.6108e+05
1664,-1.6109e+05
1665,-1.6109e+05
1666,-1.6109e+05
1667,-1.6109e+05
1668,-1.611e+05
1669,-1.611e+05
1670,-1.611e+05
1671,-1.611e+05
1672,-1.611e+05
1673,-1.6111e+05
1674,-1.6112e+05
1675,-1.6114e+05
1676,-1.6114e+05
3636,-1.6114e+05
1677,-1.6115e+05
4299,-1.6115e+05
1678,-1.6116e+05
1679,-1.6116e+05
1680,-1.6116e+05
1681,-1.6116e+05
1682,-1.6117e+05
1683,-1.6117e+05
1684,-1.6118e+05
1685,-1.6118e+05
1686,-1.6118e+05
1687,-1.6119e+05
1688,-1.6119e+05
1689,-1.6119e+05
1690,-1.612e+05
1691,-1.612e+05
1692,-1.6121e+05
1693,-1.6122e+05
1694,-1.6122e+05
1695,-1.6122e+05
1696,-1.6122e+05
1697,-1.6123e+05
1698,-1.6123e+05
1699,-1.6123e+05
1700,-1.6124e+05
1701,-1.6124e+05
1702,-1.6124e+05
3829,-1.6124e+05
1703,-1.6125e+05
1704,-1.6125e+05
1705,-1.6126e+05
1706,-1.6126e+05
1707,-1.6127e+05
1708,-1.6127e+05
1709,-1.6127e+05
1710,-1.6128e+05
1711,-1.6128e+05
1712,-1.6129e+05
1713,-1.6129e+05
1714,-1.6129e+05
1715,-1.613e+05
1716,-1.613e+05
1717,-1.6131e+05
1718,-1.6131e+05
1719,-1.6132e+05
1720,-1.6133e+05
1721,-1.6133e+05
1722,-1.6133e+05
1723,-1.6133e+05
3182,-1.6133e+05
1724,-1.6134e+05
1725,-1.6134e+05
1726,-1.6134e+05
3026,-1.6134e+05
1727,-1.6135e+05
1728,-1.6136e+05
1729,-1.6137e+05
1730,-1.6137e+05
1731,-1.6137e+05
1732,-1.6138e+05
1733,-1.6138e+05
1734,-1.6138e+05
3614,-1.6138e+05
1735,-1.6139e+05
1736,-1.6139e+05
1737,-1.614e+05
1738,-1.614e+05
1739,-1.6142e+05
1740,-1.6142e+05
1741,-1.6142e+05
1742,-1.6142e+05
1743,-1.6142e+05
1744,-1.6143e+05
1745,-1.6143e+05
1746,-1.6143e+05
1747,-1.6143e+05
1748,-1.6144e+05
1749,-1.6144e+05
1750,-1.6144e+05
1751,-1.6144e+05
1752,-1.6144e+05
3169,-1.6144e+05
4548,-1.6144e+05
1753,-1.6145e+05
1754,-1.6145e+05
1755,-1.6145e+05
1756,-1.6147e+05
1757,-1.6149e+05
1758,-1.6149e+05
1759,-1.6149e+05
1760,-1.615e+05
1761,-1.615e+05
1762,-1.615e+05
1763,-1.6151e+05
2892,-1.6151e+05
1764,-1.6152e+05
1765,-1.6152e+05
1766,-1.6152e+05
1767,-1.6152e+05
1768,-1.6153e+05
1769,-1.6153e+05
1770,-1.6153e+05
1771,-1.6153e+05
1772,-1.6153e+05
1773,-1.6154e+05
1774,-1.6154e+05
1775,-1.6154e+05
1776,-1.6154e+05
1777,-1.6154e+05
1778,-1.6154e+05
1779,-1.6154e+05
1780,-1.6154e+05
1781,-1.6155e+05
1782,-1.6156e+05
3863,-1.6156e+05
1783,-1.6157e+05
1784,-1.6157e+05
1785,-1.6157e+05
1786,-1.6158e+05
3726,-1.6158e+05
1787,-1.6159e+05
1788,-1.6159e+05
1789,-1.616e+05
1790,-1.616e+05
1791,-1.616e+05
1792,-1.6161e+05
1793,-1.6161e+05
1794,-1.6162e+05
1795,-1.6162e+05
1796,-1.6162e+05
1797,-1.6162e+05
1798,-1.6162e+05
1799,-1.6163e+05
1800,-1.6163e+05
1801,-1.6163e+05
3358,-1.6163e+05
1802,-1.6164e+05
1803,-1.6165e+05
1804,-1.6165e+05
1805,-1.6166e+05
1806,-1.6166e+05
1807,-1.6166e+05
1808,-1.6167e+05
1809,-1.6167e+05
1810,-1.6167e+05
4074,-1.6167e+05
1811,-1.6168e+05
1812,-1.6169e+05
1813,-1.617e+05
1814,-1.617e+05
1815,-1.6172e+05
1816,-1.6172e+05
1817,-1.6173e+05
1818,-1.6174e+05
1819,-1.6174e+05
1820,-1.6175e+05
1821,-1.6175e+05
1822,-1.6175e+05
1823,-1.6175e+05
1824,-1.6176e+05
1825,-1.6176e+05
1826,-1.6176e+05
1827,-1.6176e+05
1828,-1.6176e+05
1829,-1.6177e+05
1830,-1.6177e+05
1831,-1.618e+05
1832,-1.618e+05
1833,-1.618e+05
1834,-1.618e+05
1835,-1.618e+05
1836,-1.6181e+05
1837,-1.6182e+05
1838,-1.6183e+05
1839,-1.6183e+05
1840,-1.6183e+05
1841,-1.6183e+05
1842,-1.6185e+05
1843,-1.6185e+05
1844,-1.6186e+05
1845,-1.6186e+05
1846,-1.6186e+05
1847,-1.6187e+05
1848,-1.6187e+05
1849,-1.6188e+05
1850,-1.6188e+05
1851,-1.6188e+05
1852,-1.6188e+05
1853,-1.6189e+05
1854,-1.6189e+05
1855,-1.6189e+05
1856,-1.6189e+05
1857,-1.6189e+05
1858,-1.619e+05
1859,-1.619e+05
1860,-1.619e+05
1861,-1.619e+05
1862,-1.6191e+05
1863,-1.6191e+05
1864,-1.6192e+05
1865,-1.6192e+05
1866,-1.6194e+05
4507,-1.6194e+05
1867,-1.6195e+05
1868,-1.6195e+05
1869,-1.6195e+05
1870,-1.6196e+05
1871,-1.6196e+05
4061,-1.6196e+05
1872,-1.6198e+05
1873,-1.6198e+05
1874,-1.6198e+05
1875,-1.6199e+05
1876,-1.6199e+05
1877,-1.6199e+05
1878,-1.6199e+05
1879,-1.62e+05
1880,-1.62e+05
1881,-1.6201e+05
1882,-1.6201e+05
1883,-1.6201e+05
1884,-1.6202e+05
1885,-1.6202e+05
1886,-1.6202e+05
1887,-1.6203e+05
1888,-1.6203e+05
1889,-1.6203e+05
1890,-1.6204e+05
1891,-1.6204e+05
1892,-1.6205e+05
1893,-1.6206e+05
1894,-1.6207e+05
1895,-1.6208e+05
1896,-1.6208e+05
1897,-1.6209e+05
1898,-1.621e+05
1899,-1.621e+05
1900,-1.6211e+05
1901,-1.6211e+05
1902,-1.6212e+05
1903,-1.6212e+05
1904,-1.6212e+05
1905,-1.6212e+05
1906,-1.6213e+05
1907,-1.6213e+05
1908,-1.6213e+05
1909,-1.6213e+05
1910,-1.6213e+05
1911,-1.6214e+05
1912,-1.6215e+05
1913,-1.6215e+05
1914,-1.6216e+05
1915,-1.6216e+05
1916,-1.6216e+05
1917,-1.6217e+05
1918,-1.6217e+05
1919,-1.6217e+05
1920,-1.6218e+05
1921,-1.6218e+05
1922,-1.6218e+05
1923,-1.6218e+05
1924,-1.6218e+05
1925,-1.6219e+05
1926,-1.6219e+05
1927,-1.6219e+05
1928,-1.622e+05
1929,-1.622e+05
1930,-1.6221e+05
1931,-1.6221e+05
3306,-1.6221e+05
1932,-1.6222e+05
1933,-1.6222e+05
1934,-1.6222e+05
1935,-1.6222e+05
1936,-1.6222e+05
1937,-1.6222e+05
1938,-1.6223e+05
1939,-1.6224e+05
1940,-1.6225e+05
1941,-1.6225e+05
1942,-1.6225e+05
1943,-1.6226e+05
1944,-1.6226e+05
1945,-1.6226e+05
1946,-1.6227e+05
1947,-1.6227e+05
1948,-1.6228e+05
1949,-1.6228e+05
1950,-1.6228e+05
1951,-1.6229e+05
1952,-1.6229e+05
1953,-1.6229e+05
1954,-1.623e+05
1955,-1.623e+05
1956,-1.6231e+05
1957,-1.6231e+05
1958,-1.6231e+05
1959,-1.6231e+05
1960,-1.6231e+05
1961,-1.6233e+05
1962,-1.6234e+05
1963,-1.6235e+05
1964,-1.6235e+05
1965,-1.6235e+05
2916,-1.6235e+05
1966,-1.6236e+05
1967,-1.6236e+05
1968,-1.6236e+05
1969,-1.6236e+05
1970,-1.6238e+05
1971,-1.6238e+05
1972,-1.6238e+05
1973,-1.6239e+05
1974,-1.6239e+05
1975,-1.6239e+05
1976,-1.624e+05
1977,-1.624e+05
1978,-1.6241e+05
1979,-1.6241e+05
1980,-1.6242e+05
1981,-1.6243e+05
1982,-1.6244e+05
1983,-1.6244e+05
1984,-1.6244e+05
1985,-1.6245e+05
1986,-1.6245e+05
1987,-1.6246e+05
1988,-1.6246e+05
1989,-1.6246e+05
1990,-1.6246e+05
1991,-1.6247e+05
1992,-1.6248e+05
1993,-1.6248e+05
1994,-1.6248e+05
1995,-1.6248e+05
4361,-1.6248e+05
1996,-1.6249e+05
1997,-1.625e+05
4091,-1.625e+05
1998,-1.6252e+05
1999,-1.6252e+05
2000,-1.6252e+05
2001,-1.6252e+05
2002,-1.6253e+05
2003,-1.6254e+05
2004,-1.6254e+05
3899,-1.6254e+05
2005,-1.6255e+05
2006,-1.6255e+05
2007,-1.6255e+05
2008,-1.6255e+05
2009,-1.6256e+05
4688,-1.6256e+05
2010,-1.6257e+05
2011,-1.6258e+05
2012,-1.6258e+05
2013,-1.6258e+05
2014,-1.6258e+05
2015,-1.6258e+05
2016,-1.6258e+05
2017,-1.6259e+05
2018,-1.6259e+05
2019,-1.626e+05
2020,-1.626e+05
2021,-1.6261e+05
2022,-1.6261e+05
4676,-1.6261e+05
2023,-1.6263e+05
2024,-1.6263e+05
2025,-1.6264e+05
2026,-1.6264e+05
2027,-1.6264e+05
2028,-1.6264e+05
2029,-1.6264e+05
2030,-1.6265e+05
2031,-1.6265e+05
2032,-1.6266e+05
2033,-1.6267e+05
2034,-1.6267e+05
2035,-1.6269e+05
2036,-1.6269e+05
2037,-1.6269e+05
2038,-1.6269e+05
3454,-1.6269e+05
2039,-1.627e+05
4394,-1.627e+05
2040,-1.6271e+05
2041,-1.6271e+05
2042,-1.6272e+05
2043,-1.6272e+05
2901,-1.6272e+05
2044,-1.6273e+05
2045,-1.6273e+05
2046,-1.6274e+05
2047,-1.6276e+05
2048,-1.6276e+05
2049,-1.6276e+05
2050,-1.6277e+05
2051,-1.6278e+05
2052,-1.6278e+05
2053,-1.6278e+05
2054,-1.6278e+05
2055,-1.6279e+05
2056,-1.6279e+05
2057,-1.6281e+05
2058,-1.6281e+05
2059,-1.6281e+05
2060,-1.6281e+05
2061,-1.6282e+05
2062,-1.6282e+05
2063,-1.6284e+05
2064,-1.6285e+05
2065,-1.6285e+05
2066,-1.6285e+05
2067,-1.6285e+05
3852,-1.6285e+05
2068,-1.6287e+05
2069,-1.6287e+05
2070,-1.6289e+05
2071,-1.6289e+05
2072,-1.6289e+05
2073,-1.629e+05
2074,-1.629e+05
2075,-1.6292e+05
2076,-1.6293e+05
2077,-1.6295e+05
2078,-1.6295e+05
2079,-1.6295e+05
2080,-1.6296e+05
2081,-1.6297e+05
2082,-1.6298e+05
2083,-1.6298e+05
4334,-1.6298e+05
2084,-1.6299e+05
2085,-1.6299e+05
2086,-1.6299e+05
2087,-1.6299e+05
2088,-1.6299e+05
2089,-1.63e+05
3865,-1.63e+05
2090,-1.6301e+05
2091,-1.6301e+05
2955,-1.6301e+05
4285,-1.6301e+05
2092,-1.6302e+05
2093,-1.6302e+05
2094,-1.6302e+05
2095,-1.6303e+05
2096,-1.6304e+05
2097,-1.6306e+05
2098,-1.6306e+05
2099,-1.6306e+05
2100,-1.6307e+05
2101,-1.6307e+05
2102,-1.6307e+05
2103,-1.6308e+05
2104,-1.6308e+05
4736,-1.6308e+05
4789,-1.6308e+05
2105,-1.6309e+05
2903,-1.6309e+05
2106,-1.631e+05
2107,-1.631e+05
2108,-1.631e+05
2109,-1.6311e+05
2110,-1.6311e+05
2111,-1.6311e+05
2112,-1.6312e+05
2113,-1.6312e+05
2114,-1.6313e+05
2115,-1.6313e+05
2116,-1.6313e+05
4756,-1.6313e+05
2117,-1.6314e+05
2118,-1.6314e+05
2119,-1.6315e+05
2120,-1.6315e+05
2121,-1.6316e+05
2122,-1.6316e+05
2123,-1.6316e+05
2124,-1.6317e+05
2125,-1.6317e+05
4038,-1.6317e+05
2126,-1.6318e+05
2127,-1.6319e+05
2128,-1.632e+05
2129,-1.632e+05
2130,-1.632e+05
2131,-1.632e+05
2132,-1.6321e+05
2133,-1.6321e+05
2134,-1.6322e+05
2135,-1.6322e+05
2136,-1.6323e+05
2137,-1.6323e+05
2138,-1.6324e+05
2139,-1.6325e+05
2140,-1.6326e+05
2141,-1.6326e+05
2142,-1.6327e+05
2143,-1.6327e+05
2144,-1.6327e+05
2145,-1.6327e+05
4049,-1.6327e+05
2146,-1.6329e+05
2147,-1.6329e+05
2148,-1.633e+05
2149,-1.633e+05
2150,-1.633e+05
2151,-1.633e+05
3336,-1.633e+05
2152,-1.6332e+05
2153,-1.6333e+05
2154,-1.6333e+05
2155,-1.6334e+05
2156,-1.6334e+05
2157,-1.6334e+05
2158,-1.6335e+05
2159,-1.6336e+05
2160,-1.6337e+05
2161,-1.6337e+05
2162,-1.6337e+05
2163,-1.6339e+05
2164,-1.6339e+05
2165,-1.634e+05
2166,-1.6341e+05
2167,-1.6342e+05
2168,-1.6342e+05
2169,-1.6343e+05
2170,-1.6343e+05
2171,-1.6344e+05
2172,-1.6345e+05
4154,-1.6345e+05
2173,-1.6346e+05
2174,-1.6346e+05
2175,-1.6346e+05
2176,-1.6347e+05
2177,-1.6347e+05
2178,-1.6347e+05
2179,-1.6347e+05
4442,-1.6347e+05
2180,-1.6348e+05
2181,-1.6348e+05
2182,-1.6349e+05
2183,-1.635e+05
2184,-1.635e+05
2185,-1.635e+05
2186,-1.6351e+05
2187,-1.6351e+05
2188,-1.6352e+05
2189,-1.6352e+05
2190,-1.6352e+05
2191,-1.6352e+05
2192,-1.6353e+05
2193,-1.6353e+05
2194,-1.6353e+05
2195,-1.6354e+05
2196,-1.6354e+05
2197,-1.6355e+05
3834,-1.6355e+05
4769,-1.6355e+05
2198,-1.6357e+05
2199,-1.6357e+05
2200,-1.6357e+05
2201,-1.6358e+05
2202,-1.6358e+05
2203,-1.6359e+05
2204,-1.6359e+05
2205,-1.6361e+05
2206,-1.6362e+05
2207,-1.6364e+05
2208,-1.6365e+05
2209,-1.6365e+05
2210,-1.6366e+05
2211,-1.6368e+05
2212,-1.6368e+05
3201,-1.6368e+05
2213,-1.637e+05
2214,-1.637e+05
2215,-1.637e+05
2216,-1.637e+05
2217,-1.637e+05
2218,-1.6371e+05
2219,-1.6371e+05
2220,-1.6372e+05
2221,-1.6373e+05
2222,-1.6373e+05
2223,-1.6374e+05
2224,-1.6374e+05
2225,-1.6374e+05
2226,-1.6375e+05
2227,-1.6375e+05
2228,-1.6376e+05
2229,-1.6377e+05
2230,-1.6378e+05
2231,-1.6378e+05
2232,-1.6379e+05
2233,-1.638e+05
2234,-1.638e+05
2235,-1.6381e+05
2236,-1.6381e+05
2237,-1.6381e+05
2238,-1.6381e+05
2239,-1.6382e+05
2240,-1.6382e+05
2241,-1.6383e+05
2242,-1.6383e+05
2243,-1.6384e+05
2244,-1.6384e+05
3757,-1.6384e+05
2245,-1.6385e+05
2246,-1.6385e+05
2247,-1.6385e+05
2248,-1.6385e+05
2249,-1.6386e+05
4391,-1.6387e+05
2250,-1.6388e+05
2251,-1.6388e+05
2252,-1.6388e+05
2253,-1.6388e+05
2254,-1.639e+05
2255,-1.639e+05
2256,-1.6391e+05
2257,-1.6392e+05
2258,-1.6392e+05
2259,-1.6392e+05
2260,-1.6393e+05
2261,-1.6393e+05
2262,-1.6393e+05
2263,-1.6393e+05
2264,-1.6394e+05
2265,-1.6394e+05
2266,-1.6395e+05
2267,-1.6395e+05
2268,-1.6395e+05
2269,-1.6396e+05
2270,-1.6397e+05
2271,-1.6397e+05
2272,-1.6397e+05
2273,-1.6399e+05
2274,-1.6399e+05
2275,-1.6399e+05
2276,-1.64e+05
2277,-1.64e+05
2278,-1.64e+05
2279,-1.6401e+05
2280,-1.6401e+05
2281,-1.6401e+05
2282,-1.6402e+05
2283,-1.6402e+05
2284,-1.6402e+05
2285,-1.6402e+05
2286,-1.6403e+05
2287,-1.6404e+05
2288,-1.6404e+05
2289,-1.6405e+05
2290,-1.6406e+05
2291,-1.6406e+05
2292,-1.6408e+05
2293,-1.6408e+05
2294,-1.6409e+05
2295,-1.641e+05
2296,-1.6411e+05
2297,-1.6411e+05
2298,-1.6416e+05
2299,-1.6417e+05
2300,-1.6418e+05
2301,-1.6419e+05
2302,-1.6421e+05
2303,-1.6422e+05
2304,-1.6422e+05
2305,-1.6423e+05
2306,-1.6425e+05
2307,-1.6427e+05
2308,-1.6427e+05
2309,-1.6427e+05
2310,-1.6427e+05
3435,-1.6427e+05
2311,-1.6428e+05
2312,-1.6429e+05
2313,-1.6429e+05
2314,-1.6429e+05
2315,-1.6429e+05
2316,-1.643e+05
2317,-1.643e+05
2318,-1.6432e+05
2319,-1.6432e+05
2320,-1.6432e+05
2321,-1.6433e+05
2322,-1.6434e+05
2323,-1.6434e+05
2324,-1.6434e+05
2325,-1.6435e+05
2326,-1.6435e+05
2327,-1.6436e+05
2328,-1.6436e+05
2329,-1.6437e+05
2330,-1.6437e+05
2331,-1.6439e+05
2332,-1.6439e+05
2333,-1.6439e+05
2334,-1.644e+05
2335,-1.644e+05
2336,-1.6441e+05
2337,-1.6441e+05
2338,-1.6441e+05
2339,-1.6442e+05
2340,-1.6442e+05
2341,-1.6443e+05
2342,-1.6443e+05
3947,-1.6445e+05
2343,-1.6446e+05
2344,-1.6447e+05
4066,-1.6447e+05
2345,-1.6448e+05
2346,-1.6449e+05
2347,-1.6449e+05
2348,-1.6449e+05
2349,-1.6449e+05
2350,-1.645e+05
2351,-1.645e+05
2352,-1.645e+05
4672,-1.645e+05
2353,-1.6451e+05
2354,-1.6451e+05
2355,-1.6451e+05
2356,-1.6451e+05
3484,-1.6451e+05
2357,-1.6453e+05
2358,-1.6453e+05
2359,-1.6454e+05
2360,-1.6454e+05
2361,-1.6454e+05
2362,-1.6454e+05
2363,-1.6455e+05
2364,-1.6455e+05
2970,-1.6455e+05
3715,-1.6455e+05
2365,-1.6456e+05
2366,-1.6456e+05
2367,-1.6456e+05
2368,-1.6456e+05
2369,-1.6458e+05
2370,-1.6459e+05
2371,-1.6459e+05
2372,-1.6459e+05
2373,-1.6459e+05
2374,-1.646e+05
2375,-1.6461e+05
2376,-1.6462e+05
2377,-1.6462e+05
2378,-1.6462e+05
2379,-1.6462e+05
2380,-1.6463e+05
2381,-1.6463e+05
2382,-1.6463e+05
2383,-1.6463e+05
2384,-1.6464e+05
2385,-1.6464e+05
2386,-1.6464e+05
2387,-1.6464e+05
2388,-1.6465e+05
2389,-1.6465e+05
2390,-1.6465e+05
2391,-1.6466e+05
2392,-1.6466e+05
4174,-1.6466e+05
2393,-1.6467e+05
2394,-1.6467e+05
2395,-1.6467e+05
2396,-1.6467e+05
2397,-1.6469e+05
2398,-1.647e+05
2399,-1.647e+05
2400,-1.647e+05
2401,-1.6471e+05
2402,-1.6471e+05
2403,-1.6471e+05
2404,-1.6471e+05
2405,-1.6472e+05
2406,-1.6472e+05
2407,-1.6473e+05
2408,-1.6473e+05
2409,-1.6473e+05
2410,-1.6475e+05
2411,-1.6475e+05
2412,-1.6476e+05
2413,-1.6477e+05
2414,-1.6478e+05
3713,-1.6479e+05
2415,-1.648e+05
2416,-1.6481e+05
2417,-1.6481e+05
2418,-1.6482e+05
4591,-1.6482e+05
2419,-1.6483e+05
2420,-1.6483e+05
2421,-1.6483e+05
2422,-1.6484e+05
2423,-1.6484e+05
2424,-1.6486e+05
2425,-1.6486e+05
2426,-1.6486e+05
2427,-1.6487e+05
2428,-1.6487e+05
2429,-1.6487e+05
2430,-1.6488e+05
2431,-1.6489e+05
2432,-1.649e+05
2433,-1.649e+05
2434,-1.649e+05
2435,-1.6491e+05
2436,-1.6491e+05
2437,-1.6492e+05
2438,-1.6492e+05
2439,-1.6492e+05
2440,-1.6493e+05
2441,-1.6493e+05
2442,-1.6493e+05
2443,-1.6493e+05
2444,-1.6496e+05
2445,-1.6496e+05
2446,-1.6497e+05
2447,-1.6498e+05
2448,-1.6499e+05
2449,-1.6499e+05
2450,-1.65e+05
2451,-1.6501e+05
2452,-1.6502e+05
2453,-1.6502e+05
2454,-1.6502e+05
2455,-1.6502e+05
2456,-1.6502e+05
2457,-1.6503e+05
2458,-1.6503e+05
2459,-1.6504e+05
2460,-1.6504e+05
2461,-1.6504e+05
2462,-1.6505e+05
2463,-1.6505e+05
2464,-1.6505e+05
4112,-1.6505e+05
2465,-1.6506e+05
2466,-1.6506e+05
2467,-1.6506e+05
2468,-1.6507e+05
2469,-1.6507e+05
2470,-1.6508e+05
2471,-1.6508e+05
2472,-1.6509e+05
2473,-1.6509e+05
2474,-1.6512e+05
2475,-1.6513e+05
2476,-1.6514e+05
2477,-1.6514e+05
2478,-1.6515e+05
2479,-1.6516e+05
2480,-1.6516e+05
2481,-1.6516e+05
4045,-1.6517e+05
2482,-1.6518e+05
2483,-1.6518e+05
2484,-1.6519e+05
2485,-1.6519e+05
4633,-1.6519e+05
2486,-1.652e+05
2487,-1.6521e+05
2488,-1.6521e+05
2489,-1.6522e+05
2490,-1.6522e+05
2491,-1.6523e+05
2492,-1.6523e+05
3526,-1.6523e+05
2493,-1.6524e+05
2494,-1.6524e+05
2495,-1.6525e+05
2496,-1.6525e+05
2497,-1.6526e+05
2498,-1.6527e+05
2499,-1.6527e+05
2500,-1.6527e+05
2501,-1.6529e+05
2502,-1.6531e+05
2503,-1.6532e+05
2504,-1.6532e+05
2505,-1.6534e+05
2506,-1.6534e+05
2507,-1.6534e+05
2508,-1.6537e+05
2509,-1.6537e+05
2510,-1.6537e+05
2511,-1.6538e+05
2512,-1.6538e+05
2513,-1.6538e+05
2514,-1.6538e+05
2515,-1.6538e+05
2516,-1.6539e+05
2517,-1.6539e+05
2518,-1.6539e+05
2960,-1.6539e+05
2519,-1.654e+05
2520,-1.6541e+05
2521,-1.6541e+05
2522,-1.6542e+05
3525,-1.6542e+05
2523,-1.6543e+05
2524,-1.6543e+05
2525,-1.6543e+05
2526,-1.6544e+05
2527,-1.6545e+05
2528,-1.6545e+05
2529,-1.6545e+05
2530,-1.6545e+05
2531,-1.6545e+05
2532,-1.6546e+05
2533,-1.6547e+05
2534,-1.6547e+05
2535,-1.6547e+05
4070,-1.6547e+05
2536,-1.6548e+05
2537,-1.6549e+05
2538,-1.655e+05
2539,-1.6551e+05
3885,-1.6552e+05
2540,-1.6553e+05
2541,-1.6553e+05
2542,-1.6554e+05
2543,-1.6554e+05
2544,-1.6555e+05
2545,-1.6555e+05
2546,-1.6555e+05
2547,-1.6555e+05
2548,-1.6557e+05
2549,-1.6558e+05
2550,-1.6558e+05
2551,-1.6558e+05
2552,-1.6559e+05
3801,-1.6559e+05
2553,-1.656e+05
2554,-1.656e+05
2555,-1.6561e+05
2556,-1.6561e+05
2557,-1.6562e+05
2558,-1.6565e+05
2559,-1.6565e+05
3289,-1.6565e+05
2560,-1.6568e+05
2561,-1.6568e+05
2562,-1.6569e+05
2563,-1.657e+05
2564,-1.6571e+05
3150,-1.6571e+05
2565,-1.6573e+05
2566,-1.6573e+05
2567,-1.6574e+05
2568,-1.6574e+05
2569,-1.6574e+05
2570,-1.6574e+05
2571,-1.6575e+05
4593,-1.6575e+05
2572,-1.6576e+05
2573,-1.6576e+05
2574,-1.6577e+05
2575,-1.6577e+05
2576,-1.6578e+05
2577,-1.6578e+05
2578,-1.6579e+05
2579,-1.6579e+05
4183,-1.658e+05
2580,-1.6581e+05
2581,-1.6581e+05
2582,-1.6581e+05
2583,-1.6581e+05
2584,-1.6581e+05
2585,-1.6582e+05
2586,-1.6583e+05
3930,-1.6583e+05
2587,-1.6584e+05
2911,-1.6584e+05
2588,-1.6586e+05
2589,-1.6586e+05
2590,-1.6587e+05
2591,-1.6588e+05
2592,-1.6589e+05
2593,-1.6589e+05
2594,-1.6593e+05
2595,-1.6593e+05
2596,-1.6595e+05
2597,-1.6595e+05
2598,-1.6596e+05
2599,-1.6597e+05
2600,-1.6597e+05
2601,-1.6597e+05
2602,-1.6601e+05
2603,-1.6602e+05
2604,-1.6602e+05
2605,-1.6602e+05
2606,-1.6603e+05
3735,-1.6603e+05
2607,-1.6608e+05
2608,-1.6608e+05
2609,-1.6608e+05
2610,-1.6609e+05
2611,-1.6609e+05
2612,-1.6609e+05
2613,-1.6609e+05
2614,-1.661e+05
2615,-1.661e+05
2616,-1.6611e+05
2617,-1.6611e+05
2618,-1.6612e+05
2619,-1.6612e+05
2620,-1.6613e+05
2621,-1.6615e+05
4259,-1.6616e+05
3595,-1.6617e+05
2622,-1.6618e+05
2623,-1.6618e+05
2624,-1.6618e+05
2625,-1.6619e+05
2626,-1.6621e+05
2627,-1.6621e+05
2628,-1.6622e+05
2629,-1.6623e+05
2630,-1.6624e+05
2631,-1.6625e+05
3005,-1.6625e+05
2632,-1.6627e+05
2633,-1.6628e+05
2634,-1.6628e+05
2635,-1.6628e+05
2636,-1.6629e+05
2637,-1.663e+05
2638,-1.6632e+05
2639,-1.6632e+05
2640,-1.6632e+05
2641,-1.6632e+05
2642,-1.6633e+05
2643,-1.6634e+05
2644,-1.6635e+05
2645,-1.6635e+05
2646,-1.6637e+05
2647,-1.6638e+05
2648,-1.6638e+05
4685,-1.6638e+05
2649,-1.6639e+05
2650,-1.6639e+05
2651,-1.6639e+05
2652,-1.6639e+05
2653,-1.6641e+05
2654,-1.6641e+05
2655,-1.6641e+05
2656,-1.6641e+05
2657,-1.6643e+05
2658,-1.6643e+05
2659,-1.6644e+05
2660,-1.6644e+05
2661,-1.6645e+05
2662,-1.6646e+05
2663,-1.6648e+05
2664,-1.6649e+05
2665,-1.6649e+05
3065,-1.6649e+05
2666,-1.6651e+05
2667,-1.6652e+05
2668,-1.6652e+05
2669,-1.6653e+05
3617,-1.6653e+05
2670,-1.6655e+05
2671,-1.6655e+05
2672,-1.6656e+05
2673,-1.6657e+05
2674,-1.6658e+05
2675,-1.6658e+05
2676,-1.6658e+05
2677,-1.6659e+05
2678,-1.6661e+05
2679,-1.6661e+05
2680,-1.6661e+05
2681,-1.6662e+05
2682,-1.6663e+05
2683,-1.6663e+05
2684,-1.6663e+05
2685,-1.6664e+05
2686,-1.6664e+05
2687,-1.6665e+05
2688,-1.6665e+05
2689,-1.6665e+05
2690,-1.6665e+05
2691,-1.6665e+05
2692,-1.6667e+05
2693,-1.6668e+05
2694,-1.6668e+05
2695,-1.6668e+05
2696,-1.667e+05
2697,-1.6673e+05
2698,-1.6673e+05
3770,-1.6673e+05
2699,-1.6674e+05
2700,-1.6674e+05
2701,-1.6674e+05
2702,-1.6674e+05
2703,-1.6674e+05
2704,-1.6676e+05
2705,-1.6676e+05
2706,-1.6677e+05
2707,-1.6677e+05
2708,-1.6677e+05
2709,-1.6677e+05
2710,-1.6679e+05
2711,-1.6682e+05
2712,-1.6682e+05
2713,-1.6683e+05
2714,-1.6683e+05
2715,-1.6684e+05
3513,-1.6685e+05
2716,-1.6686e+05
2717,-1.6687e+05
2718,-1.6687e+05
2719,-1.6687e+05
4008,-1.6687e+05
4331,-1.6687e+05
2720,-1.6688e+05
2721,-1.6688e+05
2722,-1.6689e+05
2723,-1.6689e+05
3752,-1.6689e+05
2724,-1.669e+05
2725,-1.669e+05
2726,-1.669e+05
2727,-1.669e+05
2728,-1.6692e+05
2729,-1.6695e+05
2730,-1.6695e+05
2731,-1.6696e+05
2732,-1.6698e+05
2733,-1.6699e+05
2734,-1.6699e+05
2735,-1.67e+05
2736,-1.6701e+05
2737,-1.6702e+05
2738,-1.6703e+05
2739,-1.6703e+05
2740,-1.6705e+05
2741,-1.6705e+05
2742,-1.6706e+05
2743,-1.6706e+05
2744,-1.6708e+05
2745,-1.6708e+05
2746,-1.671e+05
2747,-1.671e+05
2748,-1.671e+05
2749,-1.6712e+05
2750,-1.6712e+05
2751,-1.6712e+05
2752,-1.6713e+05
2753,-1.6715e+05
2754,-1.6716e+05
2755,-1.6716e+05
3251,-1.6716e+05
2756,-1.6717e+05
2757,-1.6718e+05
2758,-1.6719e+05
2759,-1.6719e+05
2760,-1.6719e+05
2761,-1.672e+05
2762,-1.6724e+05
2763,-1.6724e+05
2764,-1.6724e+05
2765,-1.6724e+05
3982,-1.6725e+05
2766,-1.6726e+05
2767,-1.6726e+05
2768,-1.6726e+05
2769,-1.6727e+05
2770,-1.6727e+05
2771,-1.6728e+05
2772,-1.6729e+05
2773,-1.6729e+05
2774,-1.673e+05
2775,-1.6731e+05
2776,-1.6731e+05
2777,-1.6731e+05
2778,-1.6732e+05
3722,-1.6732e+05
2779,-1.6733e+05
2780,-1.6733e+05
3901,-1.6733e+05
2781,-1.6735e+05
2782,-1.6735e+05
2783,-1.6735e+05
2784,-1.6736e+05
2785,-1.6738e+05
4786,-1.6738e+05
2786,-1.6739e+05
2787,-1.6739e+05
2788,-1.6742e+05
2789,-1.6742e+05
2790,-1.6742e+05
2791,-1.6745e+05
2792,-1.6745e+05
2793,-1.6746e+05
2794,-1.6747e+05
2795,-1.6747e+05
2796,-1.6748e+05
2797,-1.6749e+05
2798,-1.675e+05
2799,-1.675e+05
2800,-1.6751e+05
2801,-1.6751e+05
2802,-1.6751e+05
2803,-1.6751e+05
2804,-1.6752e+05
3616,-1.6752e+05
2805,-1.6753e+05
2806,-1.6754e+05
2807,-1.6755e+05
2808,-1.6755e+05
2809,-1.6756e+05
2810,-1.6758e+05
2811,-1.6759e+05
2812,-1.676e+05
3059,-1.676e+05
2813,-1.6761e+05
2814,-1.6764e+05
2815,-1.6765e+05
2816,-1.6765e+05
2817,-1.6765e+05
4239,-1.6765e+05
3025,-1.6766e+05
2818,-1.6767e+05
2819,-1.6767e+05
2820,-1.6768e+05
2821,-1.6769e+05
2822,-1.6769e+05
2823,-1.677e+05
2824,-1.6772e+05
2825,-1.6773e+05
4601,-1.6773e+05
2826,-1.6774e+05
2827,-1.6775e+05
2828,-1.6775e+05
2829,-1.6776e+05
2830,-1.6776e+05
4311,-1.6776e+05
2831,-1.6777e+05
2832,-1.6777e+05
2833,-1.6777e+05
2834,-1.6778e+05
4031,-1.6778e+05
2835,-1.6779e+05
2951,-1.678e+05
2836,-1.6782e+05
2837,-1.6782e+05
2838,-1.6783e+05
2839,-1.6783e+05
2840,-1.6783e+05
2841,-1.6783e+05
2842,-1.6785e+05
2843,-1.6786e+05
2844,-1.6787e+05
2845,-1.6789e+05
2846,-1.6791e+05
2847,-1.6791e+05
2848,-1.6793e+05
2849,-1.6795e+05
3961,-1.6795e+05
2850,-1.6797e+05
2851,-1.6798e+05
2852,-1.6798e+05
2853,-1.6798e+05
2854,-1.6799e+05
2855,-1.6799e+05
2856,-1.68e+05
2857,-1.6802e+05
2858,-1.6802e+05
3189,-1.6802e+05
2859,-1.6803e+05
2860,-1.6803e+05
2861,-1.6805e+05
2862,-1.6806e+05
2863,-1.6806e+05
4469,-1.6806e+05
2864,-1.6807e+05
2865,-1.6808e+05
2866,-1.6808e+05
2867,-1.6808e+05
2868,-1.6809e+05
2869,-1.681e+05
2870,-1.681e+05
2871,-1.681e+05
2872,-1.6811e+05
2873,-1.6813e+05
2874,-1.6813e+05
2875,-1.6813e+05
2876,-1.6813e+05
2877,-1.6813e+05
2878,-1.6813e+05
2879,-1.6814e+05
2880,-1.6816e+05
4740,-1.6818e+05
3473,-1.6819e+05
3921,-1.683e+05
3047,-1.6831e+05
3269,-1.6832e+05
4242,-1.6837e+05
4243,-1.6856e+05
4260,-1.6857e+05
3747,-1.6862e+05
3287,-1.6868e+05
4190,-1.6872e+05
4771,-1.6879e+05
3240,-1.688e+05
3637,-1.6894e+05
3193,-1.69e+05
4475,-1.6907e+05
2928,-1.6911e+05
3310,-1.6924e+05
3784,-1.6929e+05
3950,-1.6933e+05
3302,-1.6938e+05
4216,-1.6939e+05
3432,-1.6942e+05
3541,-1.6959e+05
4496,-1.6972e+05
3307,-1.6975e+05
4730,-1.6977e+05
4069,-1.6979e+05
4474,-1.698e+05
4531,-1.6982e+05
2933,-1.6987e+05
2948,-1.6998e+05
3632,-1.7029e+05
4511,-1.7034e+05
3717,-1.705e+05
3914,-1.7053e+05
4790,-1.7053e+05
2910,-1.7057e+05
3113,-1.708e+05
3111,-1.7099e+05
3482,-1.7099e+05
4398,-1.71e+05
3144,-1.7102e+05
4410,-1.7115e+05
2895,-1.7146e+05
3399,-1.7153e+05
3756,-1.7164e+05
3677,-1.7166e+05
3211,-1.7172e+05
4019,-1.7185e+05
3043,-1.7186e+05
4754,-1.7201e+05
4084,-1.7217e+05
4705,-1.7217e+05
4036,-1.7218e+05
4427,-1.7222e+05
3550,-1.7227e+05
4461,-1.7227e+05
4307,-1.7244e+05
4087,-1.7247e+05
2893,-1.7249e+05
2968,-1.7254e+05
4457,-1.7256e+05
3414,-1.7259e+05
3394,-1.7277e+05
4348,-1.7278e+05
3338,-1.7288e+05
3055,-1.7317e+05
4399,-1.7324e+05
3057,-1.7333e+05
3101,-1.736e+05
3140,-1.7363e+05
4632,-1.738e+05
4674,-1.739e+05
3278,-1.7397e+05
3377,-1.7398e+05
3274,-1.7412e+05
3871,-1.7432e+05
3417,-1.7449e+05
3504,-1.7464e+05
4161,-1.7469e+05
2941,-1.7471e+05
3671,-1.7513e+05
3004,-1.7526e+05
3126,-1.7527e+05
2962,-1.7536e+05
4552,-1.7548e+05
4723,-1.7555e+05
3208,-1.7566e+05
3892,-1.7577e+05
3817,-1.7588e+05
2899,-1.7599e+05
3205,-1.7627e+05
4641,-1.7638e+05
3521,-1.7648e+05
4795,-1.7662e+05
4471,-1.7666e+05
4588,-1.7671e+05
3426,-1.7704e+05
4429,-1.7705e+05
4367,-1.7711e+05
4711,-1.7716e+05
3104,-1.7741e+05
4320,-1.7746e+05
4517,-1.7756e+05
4323,-1.7778e+05
3918,-1.7781e+05
4055,-1.7791e+05
3651,-1.7807e+05
4466,-1.7832e+05
3934,-1.7835e+05
3069,-1.7842e+05
4313,-1.7847e+05
4294,-1.7855e+05
3080,-1.7861e+05
3304,-1.7862e+05
4724,-1.7872e+05
3374,-1.7874e+05
4002,-1.791e+05
4018,-1.7936e+05
3203,-1.796e+05
4715,-1.7984e+05
3212,-1.7994e+05
3517,-1.8e+05
4107,-1.8012e+05
4697,-1.8022e+05
4197,-1.8025e+05
3647,-1.8049e+05
4470,-1.8052e+05
2973,-1.8068e+05
4240,-1.8068e+05
4244,-1.8075e+05
3745,-1.8082e+05
4032,-1.8087e+05
4192,-1.8091e+05
2923,-1.8118e+05
3881,-1.8119e+05
3461,-1.8124e+05
3268,-1.8136e+05
3361,-1.8163e+05
4677,-1.8184e+05
3768,-1.8202e+05
3748,-1.8263e+05
3187,-1.8276e+05
3452,-1.8296e+05
4400,-1.8313e+05
3727,-1.8318e+05
3133,-1.8335e+05
3820,-1.835e+05
3266,-1.8353e+05
4343,-1.8353e+05
3969,-1.8361e+05
4578,-1.8374e+05
3842,-1.8379e+05
4146,-1.8382e+05
4778,-1.8394e+05
4529,-1.8412e+05
3445,-1.8414e+05
4249,-1.8425e+05
3485,-1.8457e+05
3174,-1.8496e+05
3028,-1.85e+05
3457,-1.8511e+05
4762,-1.8554e+05
3736,-1.8573e+05
4436,-1.8585e+05
3112,-1.8594e+05
3703,-1.8594e+05
4180,-1.8595e+05
2940,-1.8598e+05
3466,-1.8608e+05
3938,-1.8609e+05
4165,-1.8612e+05
3570,-1.862e+05
3319,-1.865e+05
3783,-1.8651e+05
4608,-1.8661e+05
4182,-1.8676e+05
3233,-1.8683e+05
3154,-1.8723e+05
3425,-1.8728e+05
3566,-1.8739e+05
4653,-1.8745e+05
3040,-1.8753e+05
3467,-1.8757e+05
3313,-1.876e+05
3672,-1.8839e+05
3909,-1.8856e+05
4473,-1.888e+05
3568,-1.8884e+05
3308,-1.8895e+05
4612,-1.8896e+05
4076,-1.8901e+05
4344,-1.8903e+05
4012,-1.8942e+05
4167,-1.8979e+05
4077,-1.8984e+05
4162,-1.8984e+05
2924,-1.8999e+05
3884,-1.904e+05
4594,-1.904e+05
3789,-1.9061e+05
4149,-1.9069e+05
2983,-1.9091e+05
4354,-1.91e+05
3641,-1.912e+05
4525,-1.9201e+05
3439,-1.9215e+05
3808,-1.9218e+05
4301,-1.923e+05
4768,-1.9273e+05
4275,-1.9281e+05
3998,-1.9326e+05
3886,-1.9327e+05
3572,-1.9328e+05
3256,-1.937e+05
4647,-1.9379e+05
3031,-1.9386e+05
3928,-1.9405e+05
4121,-1.9405e+05
3222,-1.9412e+05
3594,-1.9414e+05
3976,-1.9417e+05
3598,-1.9418e+05
4158,-1.9432e+05
4098,-1.9434e+05
3325,-1.9436e+05
4134,-1.9436e+05
3000,-1.9469e+05
3680,-1.9499e+05
4796,-1.9499e+05
3542,-1.9502e+05
3581,-1.9516e+05
4596,-1.9517e+05
3476,-1.9529e+05
3532,-1.953e+05
4626,-1.9541e+05
4458,-1.9543e+05
3755,-1.955e+05
4333,-1.9565e+05
3388,-1.9577e+05
4694,-1.9589e+05
3263,-1.9627e+05
3823,-1.9659e+05
4537,-1.9673e+05
3744,-1.9679e+05
3383,-1.9683e+05
3759,-1.9683e+05
3575,-1.9687e+05
3794,-1.9701e+05
3500,-1.9702e+05
4536,-1.9705e+05
2930,-1.9721e+05
3019,-1.9725e+05
4542,-1.9733e+05
4420,-1.9735e+05
4481,-1.9796e+05
2929,-1.9852e+05
4300,-1.9857e+05
4122,-1.9875e+05
3966,-1.988e+05
4663,-1.9919e+05
3472,-1.9949e+05
4238,-1.9997e+05
4039,-2.0015e+05
4075,-2.0043e+05
3520,-2.0049e+05
3929,-2.0058e+05
4258,-2.0089e+05
4229,-2.0146e+05
4722,-2.0172e+05
4030,-2.0184e+05
3501,-2.02e+05
4136,-2.0227e+05
4135,-2.0257e+05
4696,-2.026e+05
4434,-2.0262e+05
2947,-2.0293e+05
3148,-2.0305e+05
4402,-2.0308e+05
3404,-2.0332e+05
4222,-2.0336e+05
3563,-2.0361e+05
3094,-2.0373e+05
3840,-2.0389e+05
4616,-2.0389e+05
3864,-2.0421e+05
4668,-2.0423e+05
3915,-2.0424e+05
4788,-2.0454e+05
2918,-2.0468e+05
4296,-2.0471e+05
4151,-2.0477e+05
3925,-2.0505e+05
4102,-2.0505e+05
3177,-2.0515e+05
4062,-2.0533e+05
4106,-2.0548e+05
4042,-2.056e+05
3067,-2.0568e+05
3649,-2.0574e+05
3588,-2.0595e+05
3230,-2.0599e+05
2939,-2.0618e+05
3683,-2.0671e+05
3442,-2.068e+05
3894,-2.069e+05
4319,-2.0733e+05
4782,-2.0762e+05
4387,-2.0765e+05
4638,-2.0816e+05
3411,-2.0825e+05
4004,-2.0843e+05
3732,-2.0861e+05
4533,-2.0879e+05
3076,-2.0889e+05
3826,-2.0896e+05
3951,-2.0925e+05
3714,-2.1016e+05
4673,-2.1024e+05
4489,-2.1034e+05
3705,-2.1043e+05
3173,-2.1048e+05
4524,-2.1061e+05
4067,-2.1096e+05
3305,-2.1142e+05
3660,-2.1149e+05
3837,-2.1165e+05
3544,-2.1185e+05
3398,-2.1198e+05
3708,-2.1198e+05
3790,-2.1202e+05
3390,-2.1232e+05
4279,-2.1253e+05
4671,-2.1289e+05
3447,-2.1298e+05
4346,-2.1305e+05
3780,-2.1325e+05
3298,-2.1335e+05
3983,-2.1349e+05
3303,-2.1369e+05
2993,-2.1402e+05
4163,-2.146e+05
3035,-2.1471e+05
3384,-2.1471e+05
4595,-2.1473e+05
4184,-2.1484e+05
3228,-2.1488e+05
4048,-2.1507e+05
3518,-2.1535e+05
4026,-2.1558e+05
3224,-2.1571e+05
4718,-2.1605e+05
3857,-2.1607e+05
4278,-2.161e+05
3420,-2.1622e+05
3290,-2.1635e+05
4760,-2.1656e+05
4395,-2.1659e+05
4297,-2.1665e+05
4583,-2.167e+05
4763,-2.1677e+05
3866,-2.1689e+05
4022,-2.1699e+05
3265,-2.1746e+05
4350,-2.1752e+05
3782,-2.1762e+05
3032,-2.1804e+05
4609,-2.1825e+05
3030,-2.1865e+05
3275,-2.1884e+05
3397,-2.1901e+05
3143,-2.1903e+05
3814,-2.1909e+05
4010,-2.1938e+05
4460,-2.1953e+05
4659,-2.1977e+05
2966,-2.2026e+05
3395,-2.2131e+05
4140,-2.2167e+05
4721,-2.2187e+05
3176,-2.2193e+05
4787,-2.2193e+05
4546,-2.2212e+05
3853,-2.224e+05
4251,-2.2253e+05
2945,-2.2254e+05
4662,-2.2294e+05
4003,-2.2309e+05
3721,-2.2314e+05
3366,-2.2316e+05
3376,-2.2336e+05
3818,-2.2339e+05
3906,-2.2352e+05
4073,-2.2389e+05
3438,-2.2407e+05
3690,-2.2444e+05
3897,-2.2452e+05
3511,-2.248e+05
2887,-2.25e+05
4622,-2.254e+05
3734,-2.2567e+05
2932,-2.2621e+05
3326,-2.263e+05
4374,-2.2705e+05
3873,-2.2713e+05
4575,-2.2741e+05
4753,-2.275e+05
4749,-2.2752e+05
3659,-2.2773e+05
3311,-2.2785e+05
3071,-2.2821e+05
3455,-2.2826e+05
4147,-2.2847e+05
3847,-2.285e+05
3800,-2.2855e+05
4784,-2.289e+05
2946,-2.2904e+05
3650,-2.2905e+05
4139,-2.292e+05
4345,-2.2948e+05
3129,-2.2958e+05
3122,-2.297e+05
3564,-2.2986e+05
4015,-2.2999e+05
4539,-2.3059e+05
4667,-2.3064e+05
3042,-2.3082e+05
3483,-2.3094e+05
3011,-2.3133e+05
3698,-2.3156e+05
3046,-2.3168e+05
3646,-2.3172e+05
3573,-2.3186e+05
3606,-2.3202e+05
4579,-2.3251e+05
4555,-2.3273e+05
3405,-2.3279e+05
4541,-2.3301e+05
3075,-2.3321e+05
4766,-2.3372e+05
3387,-2.3388e+05
3091,-2.3415e+05
4535,-2.3425e+05
3990,-2.3437e+05
4490,-2.3483e+05
3317,-2.3492e+05
3608,-2.3494e+05
4143,-2.3522e+05
2952,-2.3539e+05
4338,-2.3573e+05
3163,-2.3576e+05
4109,-2.3577e+05
3107,-2.3583e+05
4101,-2.3604e+05
4303,-2.3655e+05
4235,-2.3659e+05
3555,-2.368e+05
4349,-2.3699e+05
4014,-2.3713e+05
3322,-2.3764e+05
4425,-2.3765e+05
4114,-2.3771e+05
4538,-2.3787e+05
4253,-2.3788e+05
4234,-2.3793e+05
3891,-2.3802e+05
3558,-2.3811e+05
3754,-2.3819e+05
3105,-2.3844e+05
3184,-2.3846e+05
4110,-2.3849e+05
4170,-2.3879e+05
3610,-2.3896e+05
3957,-2.3935e+05
3272,-2.4005e+05
3510,-2.4018e+05
3593,-2.4027e+05
4549,-2.4067e+05
4750,-2.4069e+05
4215,-2.4096e+05
3138,-2.4106e+05
3321,-2.4124e+05
4388,-2.4134e+05
3048,-2.417e+05
3356,-2.4174e+05
2949,-2.4247e+05
3507,-2.4294e+05
3707,-2.4316e+05
4491,-2.4328e+05
4169,-2.4351e+05
4459,-2.4381e+05
3410,-2.4393e+05
4358,-2.4408e+05
3249,-2.4409e+05
4207,-2.4443e+05
4614,-2.4444e+05
3001,-2.4475e+05
4194,-2.4509e+05
3728,-2.4519e+05
3785,-2.4553e+05
4375,-2.4554e+05
4557,-2.4554e+05
4041,-2.4555e+05
3920,-2.4614e+05
2975,-2.4673e+05
3039,-2.4678e+05
4574,-2.4685e+05
3967,-2.4687e+05
4381,-2.4787e+05
3986,-2.4794e+05
2959,-2.4803e+05
4748,-2.481e+05
3012,-2.4829e+05
2908,-2.4872e+05
3809,-2.4906e+05
4660,-2.4909e+05
4099,-2.4967e+05
2919,-2.4989e+05
4166,-2.4991e+05
3667,-2.5003e+05
3270,-2.5008e+05
4029,-2.503e+05
3440,-2.5052e+05
3843,-2.5067e+05
4155,-2.5075e+05
4081,-2.5109e+05
3415,-2.514e+05
3772,-2.5155e+05
4494,-2.5172e+05
3444,-2.5195e+05
4342,-2.52e+05
3132,-2.5251e+05
2891,-2.5256e+05
3621,-2.5263e+05
3737,-2.5345e+05
4709,-2.5345e+05
3083,-2.5354e+05
3798,-2.538e+05
3565,-2.5438e+05
3053,-2.5462e+05
2896,-2.5468e+05
3149,-2.5588e+05
3916,-2.5599e+05
2934,-2.561e+05
3965,-2.5617e+05
3451,-2.5625e+05
4649,-2.5629e+05
3160,-2.5675e+05
3427,-2.568e+05
3673,-2.5701e+05
3343,-2.5732e+05
3481,-2.5733e+05
4550,-2.5742e+05
3214,-2.5786e+05
4369,-2.5833e+05
3662,-2.5897e+05
4034,-2.5905e+05
3015,-2.591e+05
4113,-2.5936e+05
3087,-2.5937e+05
4689,-2.5954e+05
3086,-2.5984e+05
3246,-2.6027e+05
3723,-2.603e+05
3686,-2.6032e+05
3495,-2.6033e+05
4606,-2.6045e+05
4304,-2.6053e+05
4519,-2.6082e+05
3242,-2.6088e+05
4379,-2.6095e+05
3027,-2.6121e+05
4384,-2.6179e+05
3687,-2.6273e+05
2943,-2.6311e+05
3183,-2.6325e+05
3294,-2.6326e+05
3062,-2.6335e+05
2938,-2.6346e+05
3371,-2.6359e+05
4783,-2.6361e+05
4793,-2.6391e+05
4424,-2.6466e+05
3716,-2.6499e+05
4160,-2.6535e+05
4318,-2.6542e+05
3190,-2.6549e+05
3634,-2.6563e+05
4704,-2.6572e+05
4585,-2.6574e+05
3342,-2.6622e+05
4655,-2.6629e+05
4456,-2.6637e+05
3503,-2.67e+05
4464,-2.6705e+05
4646,-2.6752e+05
4623,-2.6768e+05
3391,-2.6779e+05
4562,-2.678e+05
4563,-2.6793e+05
4581,-2.6804e+05
4438,-2.6867e+05
4523,-2.6916e+05
4732,-2.6928e+05
3889,-2.6955e+05
4179,-2.696e+05
4477,-2.696e+05
4543,-2.696e+05
4690,-2.701e+05
3543,-2.7041e+05
4292,-2.7088e+05
3936,-2.715e+05
3868,-2.7183e+05
4680,-2.7192e+05
3876,-2.7239e+05
4445,-2.7242e+05
3038,-2.7247e+05
3578,-2.7251e+05
3655,-2.7323e+05
4205,-2.7335e+05
3973,-2.7339e+05
3378,-2.7376e+05
3250,-2.739e+05
4206,-2.7398e+05
3407,-2.7431e+05
4417,-2.7475e+05
3033,-2.7504e+05
3841,-2.7537e+05
3850,-2.7551e+05
3453,-2.7556e+05
4005,-2.7557e+05
3134,-2.76e+05
3582,-2.7614e+05
2900,-2.7642e+05
3924,-2.7662e+05
3689,-2.7668e+05
4250,-2.7678e+05
3763,-2.7728e+05
4210,-2.7775e+05
3968,-2.7788e+05
3088,-2.7792e+05
3802,-2.7806e+05
3297,-2.7845e+05
3688,-2.7864e+05
3171,-2.7895e+05
4302,-2.7902e+05
3068,-2.7936e+05
2915,-2.801e+05
3642,-2.8016e+05
4089,-2.8025e+05
3964,-2.8033e+05
4603,-2.8103e+05
4037,-2.8106e+05
3551,-2.812e+05
4780,-2.8126e+05
3545,-2.8184e+05
4716,-2.8191e+05
3142,-2.8199e+05
4755,-2.8199e+05
4264,-2.8208e+05
4472,-2.821e+05
3386,-2.8224e+05
3223,-2.8244e+05
2979,-2.8259e+05
3797,-2.8263e+05
4159,-2.8278e+05
3412,-2.8292e+05
3554,-2.8338e+05
4396,-2.8338e+05
4656,-2.8392e+05
3579,-2.8396e+05
4011,-2.8443e+05
3006,-2.8463e+05
4643,-2.8465e+05
3931,-2.8531e+05
3490,-2.8563e+05
2961,-2.8567e+05
4057,-2.8582e+05
3136,-2.8587e+05
4219,-2.8603e+05
4516,-2.8616e+05
4719,-2.8622e+05
3209,-2.8638e+05
3114,-2.864e+05
4221,-2.8646e+05
4024,-2.8696e+05
3767,-2.8723e+05
3861,-2.8739e+05
3580,-2.874e+05
3419,-2.8741e+05
4226,-2.882e+05
4241,-2.8838e+05
3943,-2.8879e+05
3020,-2.8905e+05
3724,-2.8911e+05
2927,-2.893e+05
3831,-2.8948e+05
3533,-2.8951e+05
3441,-2.8953e+05
3779,-2.8987e+05
3489,-2.8989e+05
4213,-2.899e+05
3589,-2.8991e+05
4419,-2.9009e+05
4204,-2.9102e+05
4017,-2.9104e+05
4376,-2.919e+05
3089,-2.9205e+05
3064,-2.9235e+05
2964,-2.925e+05
3255,-2.9313e+05
3910,-2.9322e+05
3989,-2.9322e+05
4046,-2.9376e+05
3229,-2.9399e+05
4261,-2.9412e+05
3341,-2.9435e+05
2991,-2.9439e+05
4393,-2.9447e+05
3613,-2.9473e+05
4800,-2.9474e+05
3874,-2.9483e+05
3166,-2.9515e+05
3400,-2.953e+05
2965,-2.9532e+05
3806,-2.9533e+05
3165,-2.9554e+05
3085,-2.9578e+05
4485,-2.9631e+05
2994,-2.9649e+05
3279,-2.9657e+05
3428,-2.9677e+05
3668,-2.9693e+05
4413,-2.9716e+05
3900,-2.9801e+05
4670,-2.9802e+05
4282,-2.981e+05
4287,-2.9839e+05
3576,-2.9895e+05
3706,-2.9896e+05
4119,-2.9915e+05
3702,-2.9954e+05
3245,-3.0038e+05
3991,-3.0053e+05
4433,-3.0224e+05
3198,-3.0234e+05
3181,-3.0255e+05
3633,-3.0286e+05
3711,-3.0296e+05
3777,-3.0298e+05
2884,-3.0322e+05
4203,-3.0328e+05
4627,-3.0361e+05
4270,-3.0382e+05
4130,-3.0418e+05
3498,-3.0423e+05
3103,-3.0473e+05
3764,-3.0521e+05
3147,-3.0532e+05
4779,-3.0587e+05
4502,-3.0588e+05
3854,-3.0605e+05
3945,-3.0641e+05
3880,-3.0645e+05
4336,-3.0669e+05
4071,-3.0739e+05
3418,-3.0761e+05
3179,-3.0797e+05
2957,-3.0805e+05
3145,-3.0827e+05
3221,-3.0887e+05
4153,-3.0948e+05
4092,-3.0951e+05
3460,-3.0956e+05
3883,-3.1032e+05
3778,-3.104e+05
3288,-3.1056e+05
3093,-3.1071e+05
3422,-3.1087e+05
3210,-3.1104e+05
4096,-3.1118e+05
3878,-3.113e+05
4080,-3.1159e+05
3601,-3.1172e+05
4503,-3.1221e+05
4713,-3.1236e+05
4745,-3.1239e+05
4127,-3.1249e+05
4487,-3.1314e+05
4576,-3.1314e+05
4247,-3.1341e+05
2954,-3.1354e+05
4681,-3.1386e+05
3751,-3.1396e+05
4211,-3.1465e+05
3664,-3.147e+05
3917,-3.1483e+05
3682,-3.1519e+05
3098,-3.1536e+05
2944,-3.1537e+05
4657,-3.1595e+05
3999,-3.1605e+05
3890,-3.1607e+05
3516,-3.1608e+05
2988,-3.1662e+05
4664,-3.1682e+05
3106,-3.1704e+05
3527,-3.1753e+05
4702,-3.1763e+05
3017,-3.177e+05
3787,-3.1783e+05
4327,-3.1795e+05
3115,-3.183e+05
3675,-3.185e+05
3993,-3.1859e+05
3856,-3.1883e+05
4747,-3.1902e+05
4415,-3.196e+05
3346,-3.1976e+05
4082,-3.1984e+05
3291,-3.2e+05
3628,-3.2004e+05
3648,-3.205e+05
4765,-3.2071e+05
2935,-3.2095e+05
3328,-3.2101e+05
3561,-3.2229e+05
3653,-3.2238e+05
4406,-3.225e+05
4115,-3.2318e+05
3804,-3.2365e+05
4128,-3.2383e+05
3161,-3.247e+05
4072,-3.2486e+05
4561,-3.2496e+05
3639,-3.2556e+05
2914,-3.2612e+05
3691,-3.2678e+05
3923,-3.2682e+05
3429,-3.2689e+05
4486,-3.2721e+05
4378,-3.2787e+05
4411,-3.2793e+05
4468,-3.2817e+05
3058,-3.2838e+05
4255,-3.2884e+05
3202,-3.2899e+05
3508,-3.2967e+05
4580,-3.2977e+05
3253,-3.298e+05
3486,-3.2983e+05
3121,-3.3031e+05
3267,-3.3041e+05
3972,-3.3051e+05
4340,-3.3077e+05
3758,-3.3082e+05
3010,-3.3112e+05
3379,-3.3135e+05
3348,-3.3153e+05
4637,-3.3159e+05
4178,-3.3161e+05
4463,-3.3235e+05
4173,-3.3269e+05
4669,-3.3287e+05
3609,-3.3291e+05
4093,-3.3361e+05
2980,-3.3366e+05
4186,-3.3369e+05
3629,-3.3413e+05
4198,-3.3432e+05
4636,-3.3432e+05
3280,-3.3448e+05
3360,-3.3452e+05
3529,-3.363e+05
4435,-3.3646e+05
4083,-3.3692e+05
4271,-3.3693e+05
3204,-3.3706e+05
3139,-3.3717e+05
4028,-3.3721e+05
4148,-3.3722e+05
3153,-3.3725e+05
3330,-3.3734e+05
4572,-3.3736e+05
4382,-3.375e+05
3284,-3.3787e+05
4088,-3.3827e+05
3730,-3.3841e+05
3430,-3.3868e+05
4428,-3.3884e+05
3626,-3.3912e+05
4103,-3.3942e+05
4137,-3.3955e+05
3766,-3.3973e+05
3231,-3.403e+05
4757,-3.406e+05
4567,-3.4153e+05
4527,-3.4181e+05
3586,-3.4236e+05
4111,-3.4244e+05
4335,-3.4262e+05
3795,-3.4278e+05
2922,-3.4339e+05
4720,-3.4352e+05
4738,-3.437e+05
3232,-3.4375e+05
4397,-3.4382e+05
3463,-3.4398e+05
4746,-3.443e+05
3137,-3.4434e+05
3097,-3.4445e+05
4512,-3.4462e+05
4274,-3.4463e+05
3946,-3.4487e+05
4371,-3.4492e+05
3494,-3.4496e+05
4214,-3.455e+05
4157,-3.4579e+05
4686,-3.4659e+05
2885,-3.4664e+05
4401,-3.4679e+05
4510,-3.4686e+05
3803,-3.4701e+05
3016,-3.4734e+05
4621,-3.4763e+05
4277,-3.4806e+05
4171,-3.4852e+05
3739,-3.4867e+05
4651,-3.4881e+05
4652,-3.4883e+05
4508,-3.4912e+05
3157,-3.4919e+05
4661,-3.4948e+05
4195,-3.4956e+05
4168,-3.4978e+05
4044,-3.5006e+05
3219,-3.5032e+05
3446,-3.5044e+05
4256,-3.5065e+05
4478,-3.5123e+05
4231,-3.5139e+05
3151,-3.5144e+05
2999,-3.5187e+05
4679,-3.5192e+05
4692,-3.52e+05
4758,-3.5203e+05
4513,-3.522e+05
3816,-3.5259e+05
3084,-3.5268e+05
3654,-3.5303e+05
2981,-3.5339e+05
2925,-3.537e+05
3152,-3.5407e+05
4554,-3.5432e+05
3695,-3.5437e+05
4273,-3.5439e+05
3547,-3.5441e+05
3846,-3.5467e+05
4284,-3.5475e+05
4714,-3.551e+05
4556,-3.552e+05
4701,-3.5526e+05
4640,-3.5544e+05
3252,-3.5546e+05
4021,-3.5556e+05
3775,-3.5566e+05
4587,-3.5573e+05
3562,-3.5577e+05
3332,-3.5583e+05
3528,-3.5587e+05
4462,-3.5604e+05
4797,-3.5605e+05
3264,-3.5644e+05
3912,-3.5684e+05
4360,-3.571e+05
3060,-3.5712e+05
3903,-3.5736e+05
4312,-3.5774e+05
4521,-3.587e+05
4559,-3.5909e+05
3984,-3.5914e+05
4181,-3.5917e+05
3423,-3.5937e+05
4079,-3.5953e+05
3314,-3.5967e+05
3056,-3.5969e+05
3259,-3.5973e+05
3749,-3.5995e+05
3299,-3.6024e+05
4269,-3.6032e+05
3359,-3.6154e+05
4437,-3.6206e+05
3375,-3.6209e+05
3919,-3.6212e+05
4156,-3.6218e+05
4232,-3.6226e+05
4799,-3.6233e+05
2881,-3.6258e+05
3199,-3.6278e+05
2998,-3.6287e+05
3887,-3.6333e+05
3704,-3.6363e+05
3110,-3.6367e+05
3729,-3.6403e+05
4176,-3.6403e+05
4418,-3.6403e+05
4717,-3.6448e+05
3522,-3.6469e+05
4380,-3.6481e+05
3956,-3.6507e+05
4356,-3.6526e+05
4309,-3.653e+05
4267,-3.6589e+05
4620,-3.6616e+05
4785,-3.6629e+05
4432,-3.6636e+05
3102,-3.6718e+05
4051,-3.6729e+05
3679,-3.674e+05
3109,-3.6746e+05
3623,-3.6751e+05
4452,-3.6767e+05
4117,-3.6773e+05
3674,-3.6855e+05
3216,-3.6858e+05
4053,-3.689e+05
4484,-3.6977e+05
3514,-3.6985e+05
3191,-3.7001e+05
3631,-3.7088e+05
4624,-3.7097e+05
3980,-3.7114e+05
2898,-3.7118e+05
4532,-3.7129e+05
4604,-3.7163e+05
4553,-3.7185e+05
3462,-3.7186e+05
3811,-3.7277e+05
2982,-3.7316e+05
3349,-3.7332e+05
4000,-3.7334e+05
2936,-3.7362e+05
3681,-3.741e+05
4500,-3.7458e+05
3776,-3.7482e+05
2992,-3.7484e+05
2894,-3.7497e+05
3215,-3.7497e+05
4675,-3.7499e+05
3753,-3.7509e+05
3281,-3.7521e+05
2888,-3.7532e+05
3497,-3.7548e+05
3676,-3.7548e+05
3285,-3.762e+05
3862,-3.7658e+05
4054,-3.7676e+05
4138,-3.768e+05
4409,-3.7748e+05
3877,-3.7772e+05
3870,-3.7796e+05
4465,-3.7829e+05
3244,-3.7833e+05
3156,-3.7891e+05
3449,-3.7987e+05
4172,-3.8036e+05
3971,-3.808e+05
4283,-3.8084e+05
4408,-3.8112e+05
4023,-3.8149e+05
2902,-3.8174e+05
3812,-3.8226e+05
3220,-3.8227e+05
3685,-3.8289e+05
2996,-3.8311e+05
4366,-3.8361e+05
4454,-3.8378e+05
3656,-3.8415e+05
4289,-3.8483e+05
4185,-3.8615e+05
3788,-3.8639e+05
4225,-3.8641e+05
4639,-3.8665e+05
3535,-3.8691e+05
3908,-3.8707e+05
4193,-3.8797e+05
3692,-3.8804e+05
4325,-3.8822e+05
4131,-3.8891e+05
3970,-3.8901e+05
3872,-3.8917e+05
3070,-3.8985e+05
3996,-3.8996e+05
4040,-3.9004e+05
3437,-3.9061e+05
3277,-3.9177e+05
3243,-3.9198e+05
3882,-3.9227e+05
4405,-3.9278e+05
4605,-3.9301e+05
3024,-3.9335e+05
4430,-3.9348e+05
4208,-3.9474e+05
3904,-3.9482e+05
3424,-3.9483e+05
3164,-3.9532e+05
3743,-3.9571e+05
4727,-3.9615e+05
3456,-3.9621e+05
4314,-3.9649e+05
3120,-3.9653e+05
3487,-3.9683e+05
3605,-3.9698e+05
3624,-3.9723e+05
3540,-3.9757e+05
4389,-3.9846e+05
4126,-3.9869e+05
4610,-3.9881e+05
4635,-3.994e+05
3036,-3.9955e+05
3596,-3.9958e+05
3309,-3.999e+05
4631,-4.001e+05
3037,-4.0035e+05
3813,-4.0046e+05
4124,-4.0056e+05
3108,-4.0072e+05
3833,-4.008e+05
2931,-4.0085e+05
4341,-4.0087e+05
3981,-4.0148e+05
4132,-4.0184e+05
4357,-4.0254e+05
4776,-4.0259e+05
3560,-4.0269e+05
4739,-4.0287e+05
4265,-4.0317e+05
4564,-4.0318e+05
4097,-4.0336e+05
4733,-4.0338e+05
3922,-4.0379e+05
3645,-4.0443e+05
4339,-4.0462e+05
4086,-4.0464e+05
4059,-4.048e+05
4152,-4.0494e+05
3537,-4.0505e+05
3684,-4.0534e+05
4332,-4.0535e+05
4246,-4.0557e+05
3029,-4.0591e+05
3459,-4.0629e+05
4703,-4.0631e+05
3585,-4.0641e+05
4426,-4.0667e+05
2958,-4.0728e+05
3855,-4.0733e+05
3932,-4.0792e+05
4228,-4.08e+05
3531,-4.1004e+05
4598,-4.102e+05
4272,-4.1047e+05
3236,-4.1054e+05
3197,-4.1058e+05
4027,-4.1084e+05
3954,-4.1095e+05
3237,-4.1096e+05
4060,-4.116e+05
3618,-4.1188e+05
3478,-4.1197e+05
4286,-4.1219e+05
3470,-4.1249e+05
2953,-4.1285e+05
3740,-4.1321e+05
3119,-4.1385e+05
3118,-4.1387e+05
3832,-4.1394e+05
3597,-4.1455e+05
4237,-4.1493e+05
3962,-4.15e+05
4347,-4.1505e+05
3849,-4.1548e+05
3369,-4.1557e+05
4252,-4.1635e+05
3072,-4.1672e+05
3431,-4.168e+05
3248,-4.1683e+05
3475,-4.1685e+05
3155,-4.1687e+05
4209,-4.1688e+05
3644,-4.1715e+05
4085,-4.1731e+05
4116,-4.1739e+05
3888,-4.1746e+05
4013,-4.1779e+05
3602,-4.1792e+05
3450,-4.1804e+05
3592,-4.1814e+05
3234,-4.1877e+05
4187,-4.1887e+05
4370,-4.1909e+05
2990,-4.1919e+05
4386,-4.2022e+05
3271,-4.2024e+05
3241,-4.2045e+05
3942,-4.2094e+05
3372,-4.2142e+05
4568,-4.219e+05
3603,-4.2234e+05
3949,-4.2263e+05
4188,-4.2279e+05
3771,-4.2291e+05
4544,-4.2341e+05
4682,-4.2341e+05
3408,-4.2344e+05
3927,-4.2368e+05
2882,-4.2426e+05
4708,-4.2442e+05
3963,-4.2487e+05
3443,-4.2509e+05
4328,-4.2524e+05
4770,-4.2569e+05
3194,-4.2633e+05
3235,-4.2688e+05
4683,-4.2725e+05
3652,-4.274e+05
3301,-4.2761e+05
3913,-4.2803e+05
3127,-4.281e+05
4063,-4.2825e+05
4577,-4.2831e+05
4316,-4.2839e+05
4726,-4.2845e+05
3505,-4.2866e+05
3805,-4.2924e+05
3746,-4.2932e+05
3828,-4.2932e+05
2977,-4.2933e+05
3331,-4.2938e+05
4752,-4.2954e+05
3130,-4.2972e+05
4678,-4.2976e+05
3312,-4.2998e+05
2974,-4.3013e+05
3167,-4.3038e+05
3553,-4.3052e+05
3034,-4.3063e+05
4505,-4.3144e+05
3898,-4.3222e+05
4497,-4.3332e+05
3611,-4.3346e+05
3587,-4.3378e+05
3638,-4.3459e+05
4248,-4.3512e+05
3402,-4.3525e+05
3300,-4.3677e+05
4455,-4.3767e+05
3643,-4.3799e+05
3009,-4.3807e+05
3474,-4.3832e+05
3830,-4.3843e+05
4392,-4.3851e+05
3170,-4.3855e+05
3712,-4.3855e+05
3401,-4.3897e+05
2920,-4.392e+05
4599,-4.3943e+05
4761,-4.3988e+05
3988,-4.4012e+05
4322,-4.4012e+05
3168,-4.4017e+05
4483,-4.4056e+05
4440,-4.4079e+05
3725,-4.4289e+05
3574,-4.4331e+05
3657,-4.4342e+05
3347,-4.4373e+05
3760,-4.4375e+05
4693,-4.4379e+05
4728,-4.4397e+05
3469,-4.4403e+05
3719,-4.4406e+05
4245,-4.4412e+05
4600,-4.4461e+05
3082,-4.447e+05
3710,-4.448e+05
3493,-4.4492e+05
3345,-4.4501e+05
4699,-4.4535e+05
3354,-4.4579e+05
4741,-4.4587e+05
4281,-4.4635e+05
4654,-4.466e+05
3125,-4.4678e+05
3994,-4.4705e+05
4218,-4.4713e+05
4735,-4.4723e+05
3640,-4.4746e+05
4625,-4.4785e+05
3054,-4.4809e+05
4547,-4.4819e+05
4751,-4.4853e+05
3434,-4.4893e+05
3761,-4.4901e+05
3821,-4.4994e+05
4767,-4.4995e+05
4009,-4.5018e+05
3018,-4.5023e+05
3663,-4.5076e+05
4025,-4.5152e+05
3217,-4.5174e+05
4744,-4.5182e+05
3066,-4.5246e+05
3362,-4.5261e+05
4133,-4.5266e+05
3261,-4.5269e+05
3848,-4.5338e+05
4597,-4.5343e+05
4448,-4.5366e+05
3538,-4.5416e+05
4480,-4.5422e+05
4540,-4.5462e+05
3700,-4.5469e+05
3335,-4.5479e+05
3074,-4.5568e+05
4364,-4.5569e+05
3128,-4.5576e+05
3480,-4.5582e+05
3049,-4.5618e+05
4691,-4.5638e+05
4144,-4.5675e+05
3355,-4.5707e+05
3822,-4.5747e+05
3607,-4.5811e+05
2995,-4.5819e+05
2889,-4.5866e+05
4666,-4.5956e+05
4191,-4.6063e+05
4200,-4.6109e+05
3052,-4.6128e+05
4105,-4.6218e+05
4772,-4.6228e+05
3666,-4.6298e+05
3502,-4.6305e+05
3696,-4.6342e+05
4584,-4.6454e+05
4499,-4.65e+05
3206,-4.6614e+05
4035,-4.6622e+05
4446,-4.6665e+05
3953,-4.6702e+05
4308,-4.6712e+05
3226,-4.6735e+05
3096,-4.6795e+05
3008,-4.6798e+05
3123,-4.6897e+05
3340,-4.6961e+05
2883,-4.7015e+05
3604,-4.7017e+05
4617,-4.708e+05
4545,-4.7089e+05
4764,-4.7108e+05
3844,-4.7123e+05
4377,-4.7148e+05
4482,-4.7164e+05
4648,-4.7205e+05
4150,-4.7365e+05
3260,-4.7433e+05
4695,-4.7436e+05
3051,-4.7451e+05
4177,-4.7469e+05
3172,-4.7475e+05
4522,-4.7548e+05
3218,-4.7576e+05
4501,-4.7642e+05
3530,-4.7682e+05
4515,-4.769e+05
3765,-4.7695e+05
4447,-4.7696e+05
4321,-4.7703e+05
3718,-4.7738e+05
3380,-4.7757e+05
4365,-4.7769e+05
2963,-4.7792e+05
3406,-4.7821e+05
4362,-4.7853e+05
3077,-4.7977e+05
3078,-4.7985e+05
3333,-4.8011e+05
3678,-4.8016e+05
3635,-4.8024e+05
3546,-4.8045e+05
4630,-4.805e+05
3315,-4.8092e+05
4305,-4.819e+05
2917,-4.8192e+05
3791,-4.831e+05
2989,-4.8376e+05
3014,-4.8411e+05
3458,-4.8431e+05
3213,-4.8462e+05
4217,-4.8554e+05
3392,-4.8637e+05
4202,-4.8717e+05
3997,-4.8718e+05
3658,-4.8759e+05
3571,-4.8782e+05
3131,-4.8811e+05
4199,-4.8812e+05
4298,-4.8845e+05
4729,-4.8847e+05
3257,-4.8848e+05
3196,-4.8861e+05
3100,-4.8891e+05
4196,-4.8897e+05
3875,-4.8955e+05
4506,-4.9027e+05
2913,-4.9034e+05
4359,-4.905e+05
3320,-4.906e+05
3524,-4.9088e+05
3960,-4.9104e+05
3975,-4.9267e+05
4619,-4.9268e+05
4007,-4.9275e+05
4615,-4.9315e+05
4569,-4.9332e+05
3079,-4.9429e+05
4488,-4.9458e+05
2986,-4.9487e+05
3536,-4.949e+05
3403,-4.9513e+05
4276,-4.9556e+05
3979,-4.9596e+05
4201,-4.9617e+05
4565,-4.9753e+05
4310,-4.9759e+05
4268,-4.9886e+05
3731,-4.9967e+05
4280,-4.9969e+05
3933,-4.997e+05
3188,-4.9971e+05
4306,-5.0006e+05
3329,-5.001e+05
4794,-5.0025e+05
3003,-5.0096e+05
3344,-5.0111e+05
3905,-5.013e+05
4330,-5.0142e+05
4734,-5.0177e+05
4742,-5.0262e+05
3992,-5.0286e+05
4644,-5.0353e+05
3471,-5.0368e+05
3023,-5.0403e+05
4453,-5.0424e+05
4495,-5.0447e+05
2969,-5.0477e+05
3258,-5.0504e+05
3786,-5.052e+05
4514,-5.0554e+05
3477,-5.0579e+05
3050,-5.0593e+05
3896,-5.0616e+05
4589,-5.063e+05
3569,-5.0695e+05
2984,-5.076e+05
3549,-5.0775e+05
3799,-5.0787e+05
3200,-5.082e+05
3940,-5.0822e+05
4407,-5.0972e+05
4573,-5.0977e+05
4145,-5.1064e+05
3238,-5.1071e+05
3860,-5.1086e+05
3286,-5.1087e+05
4324,-5.1124e+05
4476,-5.1307e+05
4530,-5.1331e+05
3022,-5.1347e+05
4650,-5.1359e+05
3421,-5.1391e+05
4142,-5.1395e+05
2950,-5.144e+05
3858,-5.1443e+05
2937,-5.1466e+05
4658,-5.1501e+05
3262,-5.1561e+05
2967,-5.1683e+05
4504,-5.1745e+05
3995,-5.1752e+05
3836,-5.1775e+05
4775,-5.1775e+05
3793,-5.1878e+05
4129,-5.1922e+05
3612,-5.1937e+05
3709,-5.1953e+05
3750,-5.2062e+05
3774,-5.2075e+05
3061,-5.2076e+05
4467,-5.2085e+05
3092,-5.2175e+05
4064,-5.2218e+05
2976,-5.2279e+05
3468,-5.2297e+05
4602,-5.2347e+05
3292,-5.2377e+05
4642,-5.2393e+05
3186,-5.2466e+05
4263,-5.2495e+05
4759,-5.2509e+05
3506,-5.2616e+05
4100,-5.2645e+05
3141,-5.2681e+05
3825,-5.2702e+05
4773,-5.2726e+05
2904,-5.2746e+05
3567,-5.2764e+05
3385,-5.2774e+05
3492,-5.2785e+05
4570,-5.2858e+05
4444,-5.2892e+05
4423,-5.2915e+05
3370,-5.2927e+05
2971,-5.2945e+05
3117,-5.3061e+05
4353,-5.3109e+05
4355,-5.3151e+05
3590,-5.3235e+05
3081,-5.3265e+05
3987,-5.3334e+05
4033,-5.3387e+05
3185,-5.3393e+05
3090,-5.3495e+05
2921,-5.3539e+05
4518,-5.3543e+05
4385,-5.3549e+05
3357,-5.3558e+05
2905,-5.36e+05
3807,-5.3613e+05
4416,-5.3636e+05
3552,-5.3695e+05
3859,-5.3724e+05
3273,-5.3787e+05
4534,-5.3814e+05
4731,-5.391e+05
4363,-5.3925e+05
3352,-5.3977e+05
3073,-5.3988e+05
3393,-5.4004e+05
3396,-5.4089e+05
2926,-5.4253e+05
4618,-5.4626e+05
4236,-5.4759e+05
4707,-5.4812e+05
4337,-5.4831e+05
4223,-5.4834e+05
2912,-5.4836e+05
3974,-5.4872e+05
3227,-5.4886e+05
3819,-5.497e+05
4020,-5.4999e+05
3162,-5.5042e+05
4050,-5.5045e+05
4645,-5.5051e+05
4607,-5.5064e+05
4441,-5.5117e+05
2997,-5.519e+05
3509,-5.519e+05
4560,-5.5334e+05
3276,-5.5342e+05
3827,-5.5359e+05
4351,-5.5363e+05
2987,-5.5366e+05
4257,-5.5446e+05
3815,-5.5504e+05
3661,-5.5557e+05
3796,-5.5581e+05
3548,-5.5675e+05
3741,-5.5732e+05
3720,-5.5748e+05
4700,-5.5905e+05
3178,-5.5941e+05
3591,-5.6014e+05
3824,-5.6017e+05
3669,-5.6049e+05
4698,-5.6179e+05
3810,-5.6298e+05
3693,-5.6314e+05
3599,-5.6369e+05
3116,-5.6425e+05
3496,-5.6461e+05
3491,-5.6566e+05
3465,-5.6595e+05
3282,-5.6771e+05
3337,-5.6776e+05
4571,-5.6805e+05
4792,-5.7005e+05
3293,-5.7023e+05
4509,-5.7028e+05
4566,-5.7147e+05
3207,-5.7188e+05
3670,-5.7254e+05
4558,-5.74e+05
4781,-5.7449e+05
3254,-5.7763e+05
4422,-5.7822e+05
4043,-5.7899e+05
3839,-5.79e+05
3479,-5.813e+05
3625,-5.8136e+05
2942,-5.827e+05
3958,-5.8345e+05
3368,-5.8435e+05
4451,-5.8486e+05
4220,-5.8537e+05
3416,-5.8609e+05
3845,-5.8646e+05
3180,-5.8654e+05
3944,-5.8709e+05
3792,-5.8808e+05
3146,-5.8834e+05
4450,-5.8841e+05
3534,-5.8935e+05
3175,-5.896e+05
4326,-5.9162e+05
3697,-5.9298e+05
3044,-5.9562e+05
4712,-5.9656e+05
4373,-5.9672e+05
3902,-5.9691e+05
4141,-5.9741e+05
4224,-5.9771e+05
3045,-5.9845e+05
4551,-6.0013e+05
3699,-6.0063e+05
4372,-6.0108e+05
4052,-6.012e+05
4498,-6.0128e+05
4120,-6.0231e+05
3584,-6.0564e+05
4001,-6.0578e+05
3867,-6.0598e+05
2985,-6.0697e+05
4492,-6.0824e+05
4266,-6.0829e+05
3879,-6.0921e+05
4352,-6.0984e+05
4123,-6.1137e+05
3247,-6.1257e+05
2890,-6.1259e+05
3382,-6.1399e+05
3935,-6.1463e+05
3318,-6.1477e+05
3907,-6.1506e+05
3334,-6.1519e+05
3630,-6.1621e+05
4189,-6.1666e+05
3363,-6.1832e+05
3389,-6.1912e+05
4421,-6.1953e+05
3350,-6.202e+05
3158,-6.2095e+05
4774,-6.2236e+05
4230,-6.2364e+05
4090,-6.2422e+05
3381,-6.2518e+05
3135,-6.277e+05
4431,-6.2774e+05
4254,-6.2936e+05
3959,-6.3079e+05
3283,-6.3276e+05
4094,-6.3303e+05
3583,-6.3352e+05
3952,-6.3484e+05
3095,-6.355e+05
2909,-6.3577e+05
3742,-6.3611e+05
2886,-6.37e+05
4212,-6.38e+05
3926,-6.405e+05
4520,-6.4112e+05
4104,-6.4208e+05
3436,-6.4234e+05
4439,-6.4564e+05
4288,-6.4706e+05
4582,-6.481e+05
3556,-6.4851e+05
3911,-6.4935e+05
4798,-6.503e+05
3937,-6.505e+05
4725,-6.5184e+05
4329,-6.5185e+05
4290,-6.5191e+05
3339,-6.5377e+05
3985,-6.5645e+05
3316,-6.5825e+05
3353,-6.5845e+05
3577,-6.6038e+05
3413,-6.6105e+05
3367,-6.6184e+05
3733,-6.6369e+05
3512,-6.6505e+05
3409,-6.6563e+05
3781,-6.6964e+05
3013,-6.753e+05
2906,-6.7733e+05
3838,-6.9895e+05
